-0.015991,-0.012238,0.355237,0.173720,0.092820,0.358925,0.174293,-0.116299,0.353128,-0.206275,0.091823,0.357346,-0.205703,-0.117295,0.351549,0.174379,0.143982,0.153582,0.163701,-0.155710,0.133629,-0.172229,0.143623,0.132292,-0.190015,-0.157088,0.148369
-0.022678,-0.018196,0.350274,0.166092,0.088529,0.354361,0.168525,-0.120524,0.346912,-0.213882,0.084132,0.353636,-0.211449,-0.124921,0.346188,0.170075,0.141563,0.143688,0.151943,-0.158898,0.142007,-0.215010,0.137120,0.142591,-0.204542,-0.162990,0.140385
-0.027534,-0.023933,0.342902,0.160012,0.084934,0.346808,0.164818,-0.124086,0.339568,-0.219887,0.076219,0.346236,-0.215081,-0.132801,0.338996,0.152294,0.137905,0.125690,0.117124,-0.163261,0.125628,-0.246966,0.128711,0.126084,-0.237859,-0.171132,0.117226
-0.031414,-0.029472,0.331727,0.154999,0.081306,0.336159,0.161957,-0.127680,0.329740,-0.224786,0.068735,0.333714,-0.217827,-0.140251,0.327295,0.115153,0.132798,0.097755,0.080342,-0.169068,0.107506,-0.276684,0.119687,0.099819,-0.273417,-0.179948,0.078211
-0.036751,-0.035027,0.315941,0.148541,0.077563,0.321572,0.157572,-0.131358,0.315649,-0.231073,0.061305,0.316233,-0.222043,-0.147616,0.310310,0.083586,0.127417,0.069322,0.063480,-0.174527,0.089589,-0.302032,0.110388,0.082053,-0.299965,-0.188903,0.042515
-0.043522,-0.040283,0.296527,0.141036,0.073510,0.302087,0.151418,-0.135359,0.296546,-0.238462,0.054793,0.296508,-0.228079,-0.154076,0.290967,0.061302,0.122023,0.039924,0.062290,-0.179171,0.065038,-0.316916,0.102586,0.063866,-0.314032,-0.196525,0.014036
-0.047482,-0.042786,0.277714,0.138890,0.068131,0.275661,0.145835,-0.140907,0.271226,-0.240798,0.055336,0.284203,-0.233853,-0.153702,0.279767,0.036072,0.115710,0.016002,0.048212,-0.184689,0.038118,-0.332214,0.102882,0.043950,-0.313085,-0.196216,0.015683
-0.046944,-0.044418,0.262250,0.139396,0.066358,0.255366,0.145988,-0.142648,0.249226,-0.239875,0.053811,0.275274,-0.233283,-0.155195,0.269133,0.034953,0.115596,0.015772,0.013959,-0.185509,0.017932,-0.351479,0.102778,0.037193,-0.313449,-0.195769,0.015669
-0.041954,-0.045517,0.254804,0.144337,0.065309,0.247439,0.150902,-0.143659,0.240109,-0.234810,0.052625,0.269498,-0.228245,-0.156343,0.262168,0.034998,0.115499,0.015820,0.012357,-0.185652,0.016047,-0.365324,0.102049,0.040757,-0.312623,-0.195848,0.015660
-0.032627,-0.045578,0.255509,0.153720,0.065233,0.249446,0.160303,-0.143726,0.241870,-0.225557,0.052570,0.269149,-0.218975,-0.156389,0.261573,0.035875,0.115490,0.015928,0.024470,-0.185328,0.016272,-0.355835,0.102245,0.040885,-0.312401,-0.195916,0.015612
-0.020031,-0.045250,0.261252,0.166325,0.065601,0.256291,0.173002,-0.143359,0.248841,-0.213064,0.052859,0.273663,-0.206387,-0.156101,0.266212,0.037295,0.115547,0.016039,0.056981,-0.184372,0.018965,-0.315370,0.103568,0.035951,-0.312709,-0.196067,0.015662
-0.006565,-0.044449,0.266370,0.179768,0.066436,0.261325,0.186497,-0.142535,0.254239,-0.199627,0.053638,0.278501,-0.192899,-0.155334,0.271414,0.040283,0.115762,0.016064,0.096555,-0.183034,0.021355,-0.252291,0.105848,0.030612,-0.312934,-0.196036,0.015945
0.006172,-0.043556,0.267395,0.192901,0.066594,0.261020,0.198830,-0.142445,0.255354,-0.186486,0.055333,0.279435,-0.180556,-0.153706,0.273769,0.066661,0.115147,0.015675,0.128661,-0.183440,0.016229,-0.189505,0.107563,0.027400,-0.302564,-0.195743,0.018857
0.019295,-0.042633,0.265800,0.206785,0.066203,0.259231,0.211261,-0.142883,0.253961,-0.172671,0.057617,0.277638,-0.168196,-0.151469,0.272368,0.086986,0.115251,0.015711,0.130048,-0.184095,0.015864,-0.143190,0.110095,0.024807,-0.281387,-0.192909,0.016108
0.032818,-0.041229,0.262555,0.221169,0.066155,0.256736,0.224060,-0.142966,0.251731,-0.158425,0.060507,0.273379,-0.155533,-0.148613,0.268373,0.104504,0.115771,0.015967,0.130928,-0.184076,0.015871,-0.119495,0.112678,0.015779,-0.262858,-0.189518,0.015733
0.046719,-0.040329,0.260297,0.235199,0.066836,0.254640,0.237876,-0.142300,0.250201,-0.144439,0.061642,0.270393,-0.141762,-0.147494,0.265954,0.122427,0.115818,0.020902,0.131921,-0.184144,0.015766,-0.118419,0.112846,0.015690,-0.242118,-0.188934,0.015872
0.061157,-0.039688,0.260958,0.249653,0.067451,0.255352,0.252319,-0.141692,0.251286,-0.130005,0.062316,0.270630,-0.127339,-0.146828,0.266564,0.158613,0.116162,0.028589,0.133174,-0.184098,0.015935,-0.117528,0.112894,0.015650,-0.217697,-0.188741,0.024776
0.076038,-0.038902,0.263556,0.264569,0.068214,0.258701,0.267242,-0.140938,0.255139,-0.115166,0.063134,0.271973,-0.112492,-0.146019,0.268411,0.203664,0.116649,0.038322,0.134646,-0.184021,0.016024,-0.116744,0.112937,0.015762,-0.181964,-0.188339,0.031860
0.090866,-0.037941,0.265980,0.279434,0.069140,0.261837,0.282100,-0.140023,0.258901,-0.100368,0.064141,0.273059,-0.097702,-0.145022,0.270122,0.252176,0.117308,0.044031,0.136176,-0.183930,0.015949,-0.116017,0.113009,0.015931,-0.136026,-0.187632,0.032502
0.105511,-0.036842,0.266431,0.294086,0.070220,0.262162,0.296751,-0.138951,0.259946,-0.085730,0.065266,0.272917,-0.083064,-0.143905,0.270700,0.299450,0.118050,0.044696,0.137666,-0.183847,0.015767,-0.115269,0.113069,0.015988,-0.084444,-0.186825,0.029719
0.119949,-0.035507,0.263662,0.308582,0.071379,0.257812,0.311069,-0.137803,0.256597,-0.071171,0.066789,0.270727,-0.068683,-0.142393,0.269512,0.338033,0.118465,0.037213,0.139022,-0.183904,0.015853,-0.114369,0.113209,0.016070,-0.032563,-0.186015,0.028090
0.134678,-0.033737,0.257793,0.323374,0.072867,0.249390,0.325583,-0.136321,0.249246,-0.056227,0.068847,0.266340,-0.054018,-0.140342,0.266196,0.359384,0.118861,0.015538,0.144963,-0.183521,0.015882,-0.112709,0.113875,0.016009,0.012904,-0.184923,0.026894
0.149555,-0.032791,0.252271,0.338386,0.073578,0.243918,0.340354,-0.135613,0.244228,-0.041244,0.070030,0.260314,-0.039275,-0.139160,0.260623,0.359710,0.118894,0.016099,0.162521,-0.183075,0.015766,-0.111370,0.114461,0.015901,0.044058,-0.184181,0.021617
0.164230,-0.032478,0.249976,0.353049,0.073924,0.241781,0.355060,-0.135266,0.242237,-0.026599,0.070309,0.257714,-0.024589,-0.138881,0.258171,0.360413,0.118954,0.015915,0.192984,-0.182771,0.015341,-0.110621,0.114427,0.015954,0.049573,-0.184148,0.015917
0.178940,-0.031418,0.250292,0.367751,0.075025,0.242460,0.369836,-0.134161,0.243677,-0.011956,0.071326,0.256906,-0.009872,-0.137860,0.258123,0.361383,0.119096,0.015933,0.216912,-0.182447,0.018740,-0.103183,0.114467,0.015725,0.050721,-0.184119,0.015928
0.193542,-0.029625,0.252196,0.382404,0.076744,0.244577,0.384452,-0.132431,0.247140,0.002633,0.073181,0.257251,0.004681,-0.135994,0.259814,0.362476,0.119202,0.015890,0.232502,-0.182082,0.026114,-0.083455,0.114834,0.015740,0.051644,-0.183978,0.015851
0.208282,-0.027153,0.255543,0.397186,0.079153,0.248084,0.399218,-0.129990,0.252514,0.017347,0.075684,0.258571,0.019379,-0.133459,0.263001,0.363702,0.119369,0.015748,0.245336,-0.181563,0.034618,-0.056590,0.115287,0.015867,0.052398,-0.183838,0.015729
0.223179,-0.024254,0.259826,0.412158,0.081944,0.252749,0.414110,-0.127143,0.259347,0.032247,0.078635,0.260304,0.034200,-0.130452,0.266902,0.365017,0.119502,0.015809,0.259868,-0.180882,0.043099,-0.024692,0.115883,0.016447,0.053052,-0.183678,0.015667
0.238182,-0.021019,0.264611,0.427235,0.085073,0.257934,0.429090,-0.123927,0.266882,0.047274,0.081889,0.262339,0.049129,-0.127111,0.271288,0.366363,0.119664,0.015910,0.278341,-0.180029,0.050351,0.007827,0.116689,0.020758,0.053585,-0.183512,0.015620
0.253178,-0.017685,0.269630,0.442312,0.088277,0.263186,0.444028,-0.120612,0.274470,0.062327,0.085242,0.264789,0.064043,-0.123647,0.276073,0.367692,0.119831,0.016036,0.301804,-0.179125,0.055512,0.039529,0.117800,0.028333,0.053973,-0.183313,0.015676
0.268005,-0.014549,0.274501,0.457187,0.091338,0.268232,0.458810,-0.117427,0.281617,0.077200,0.088329,0.267385,0.078823,-0.120436,0.280770,0.369088,0.120027,0.016025,0.330781,-0.178283,0.058348,0.071114,0.119055,0.036997,0.054251,-0.183168,0.015686
0.282536,-0.011841,0.278490,0.471772,0.093966,0.272515,0.473274,-0.114680,0.287649,0.091797,0.090999,0.269330,0.093299,-0.117648,0.284465,0.370490,0.120189,0.015834,0.364493,-0.177623,0.058960,0.102371,0.120335,0.044478,0.054595,-0.182992,0.015712
0.296623,-0.009750,0.280598,0.485967,0.095873,0.274791,0.487238,-0.112670,0.291307,0.106009,0.093170,0.269890,0.107279,-0.115373,0.286406,0.371805,0.120273,0.015980,0.401435,-0.177349,0.056932,0.132628,0.121396,0.048564,0.056264,-0.182722,0.015635
0.310219,-0.008209,0.280391,0.499765,0.097042,0.274418,0.500626,-0.111417,0.291982,0.119812,0.094999,0.268799,0.120673,-0.113461,0.286363,0.372994,0.120361,0.016057,0.440807,-0.177458,0.052454,0.163097,0.122101,0.047002,0.058494,-0.182136,0.015691
0.323589,-0.007408,0.278292,0.513220,0.097672,0.271988,0.513913,-0.110726,0.290273,0.133266,0.095910,0.266310,0.133959,-0.112488,0.284595,0.374054,0.120379,0.016070,0.482602,-0.177759,0.047474,0.195814,0.121935,0.040554,0.059147,-0.181951,0.015743
0.337082,-0.007294,0.274954,0.526701,0.097776,0.268153,0.527427,-0.110601,0.286680,0.146737,0.096013,0.263227,0.147463,-0.112363,0.281754,0.375099,0.120458,0.016009,0.522448,-0.177974,0.042326,0.228219,0.121485,0.033314,0.059749,-0.181948,0.015775
0.350887,-0.007866,0.270301,0.540496,0.097137,0.262302,0.541268,-0.111254,0.280659,0.160507,0.095523,0.259943,0.161278,-0.112869,0.278301,0.376082,0.120448,0.015889,0.550264,-0.178753,0.031981,0.255934,0.120890,0.025958,0.060342,-0.181981,0.015926
0.365051,-0.009224,0.263858,0.554593,0.095730,0.253866,0.555500,-0.112725,0.271484,0.174603,0.094277,0.256232,0.175510,-0.114178,0.273850,0.377030,0.120454,0.015854,0.560965,-0.179982,0.015106,0.275345,0.120099,0.016893,0.061172,-0.182080,0.016002
0.378300,-0.010529,0.258297,0.567900,0.094130,0.246493,0.568639,-0.114386,0.263377,0.187961,0.093329,0.253218,0.188699,-0.115187,0.270102,0.381930,0.120403,0.015941,0.561008,-0.180050,0.015899,0.276525,0.120031,0.015954,0.068862,-0.181802,0.015793
0.390656,-0.011787,0.256321,0.580309,0.092765,0.244427,0.580919,-0.115831,0.260293,0.200392,0.092256,0.252348,0.201002,-0.116340,0.268215,0.416914,0.120457,0.015515,0.561525,-0.180064,0.015835,0.277648,0.120082,0.015940,0.078741,-0.181411,0.016697
0.403477,-0.013969,0.257117,0.593216,0.090621,0.247071,0.593690,-0.118104,0.261156,0.213264,0.090165,0.253078,0.213737,-0.118560,0.267163,0.449908,0.120556,0.020439,0.562392,-0.180289,0.015741,0.278515,0.119870,0.016034,0.087263,-0.181041,0.020570
0.416557,-0.016800,0.259031,0.606397,0.087803,0.251260,0.606698,-0.121070,0.262939,0.226416,0.087471,0.255123,0.226718,-0.121403,0.266802,0.483107,0.120440,0.024020,0.563326,-0.180474,0.015782,0.279388,0.119695,0.015958,0.102616,-0.180883,0.020358
0.429829,-0.020004,0.261520,0.619744,0.084602,0.255970,0.619907,-0.124405,0.264967,0.239750,0.084396,0.258074,0.239913,-0.124610,0.267071,0.512576,0.120230,0.028751,0.564286,-0.180659,0.015944,0.280152,0.119492,0.015825,0.125046,-0.180932,0.017572
0.443348,-0.023438,0.264505,0.633305,0.081182,0.261005,0.633390,-0.127926,0.267190,0.253306,0.081051,0.261821,0.253391,-0.128057,0.268006,0.539455,0.119961,0.036078,0.565307,-0.180854,0.015982,0.280808,0.119253,0.015685,0.151453,-0.181008,0.016476
0.457130,-0.026985,0.267959,0.647128,0.077609,0.266473,0.647133,-0.131564,0.269792,0.267128,0.077594,0.266126,0.267133,-0.131580,0.269445,0.566200,0.119544,0.044742,0.566453,-0.181050,0.015943,0.281399,0.119076,0.015663,0.179807,-0.181022,0.018319
0.471062,-0.030472,0.271637,0.661058,0.074134,0.272079,0.661063,-0.135065,0.272662,0.281061,0.074121,0.270613,0.281066,-0.135078,0.271195,0.595895,0.118972,0.052697,0.567666,-0.181233,0.015792,0.281863,0.118861,0.015760,0.210131,-0.181225,0.021778
0.484966,-0.033714,0.274904,0.674950,0.070890,0.277187,0.674973,-0.138302,0.275282,0.294960,0.070873,0.274525,0.294982,-0.138318,0.272621,0.629622,0.118328,0.058517,0.568930,-0.181404,0.015936,0.282291,0.118679,0.015875,0.242747,-0.181516,0.024506
0.498714,-0.036583,0.276956,0.688691,0.067981,0.280983,0.688716,-0.141180,0.276944,0.308713,0.068014,0.276968,0.308737,-0.141147,0.272929,0.666456,0.117656,0.062495,0.570198,-0.181614,0.016040,0.282748,0.118509,0.015962,0.277305,-0.181832,0.025529
0.512295,-0.038918,0.277101,0.702251,0.065617,0.282587,0.702303,-0.143502,0.276781,0.322287,0.065667,0.277421,0.322338,-0.143452,0.271615,0.702951,0.117155,0.063965,0.571389,-0.181761,0.015988,0.283281,0.118382,0.016026,0.313495,-0.182069,0.024772
0.525814,-0.040665,0.274915,0.715755,0.063839,0.281434,0.715828,-0.145237,0.274229,0.335800,0.063908,0.275602,0.335873,-0.145168,0.268396,0.735434,0.116896,0.061681,0.572449,-0.181860,0.015878,0.283958,0.118312,0.016051,0.349968,-0.182172,0.022687
0.539246,-0.041740,0.269950,0.729106,0.062880,0.276924,0.729341,-0.146160,0.268751,0.349150,0.062679,0.271149,0.349385,-0.146361,0.262977,0.761474,0.117112,0.054139,0.573377,-0.181929,0.015765,0.286478,0.118067,0.016047,0.384313,-0.182272,0.019094
0.552731,-0.042183,0.262250,0.742559,0.062540,0.268519,0.742882,-0.146479,0.259822,0.362579,0.062113,0.264677,0.362902,-0.146906,0.255980,0.777868,0.117675,0.038042,0.574249,-0.182078,0.015877,0.289485,0.117836,0.016044,0.406812,-0.182324,0.015572
0.566513,-0.041580,0.253362,0.756454,0.063086,0.256264,0.756563,-0.145946,0.247891,0.376463,0.062786,0.258834,0.376572,-0.146247,0.250461,0.776974,0.118209,0.015956,0.575523,-0.182237,0.015960,0.293245,0.117966,0.015738,0.408145,-0.182314,0.015724
0.579918,-0.040718,0.247985,0.769826,0.064045,0.248944,0.769964,-0.145010,0.241147,0.389871,0.063573,0.254824,0.390010,-0.145481,0.247026,0.777181,0.118224,0.015898,0.594290,-0.182200,0.015720,0.301807,0.117913,0.015763,0.409282,-0.182326,0.015820
0.593624,-0.039398,0.247954,0.783533,0.065364,0.248702,0.783679,-0.143728,0.241977,0.403569,0.064931,0.253930,0.403715,-0.144160,0.247205,0.777991,0.118323,0.015827,0.616679,-0.182194,0.020463,0.315974,0.117891,0.019268,0.410175,-0.182189,0.015848
0.607986,-0.037338,0.252212,0.797883,0.067448,0.252520,0.798065,-0.141695,0.247648,0.417907,0.067018,0.256777,0.418090,-0.142125,0.251905,0.779122,0.118408,0.015831,0.636619,-0.182190,0.028359,0.339806,0.117774,0.026634,0.410727,-0.182099,0.016005
0.622952,-0.034706,0.258915,0.812841,0.070093,0.258353,0.813043,-0.139090,0.255704,0.432860,0.069678,0.262126,0.433062,-0.139505,0.259476,0.780449,0.118586,0.015925,0.654715,-0.181941,0.038131,0.372982,0.117971,0.033383,0.410980,-0.181896,0.015995
0.638187,-0.032013,0.266355,0.828075,0.072783,0.265043,0.828287,-0.136417,0.264605,0.448088,0.072391,0.268105,0.448300,-0.136809,0.267667,0.781881,0.118707,0.015928,0.676017,-0.181566,0.046821,0.409279,0.118275,0.041770,0.411054,-0.181770,0.015994
0.653191,-0.029625,0.272914,0.843084,0.075156,0.271237,0.843292,-0.134040,0.272612,0.463089,0.074790,0.273216,0.463297,-0.134405,0.274591,0.783257,0.118869,0.015918,0.703461,-0.181081,0.051866,0.443558,0.118767,0.051975,0.411397,-0.181608,0.015918
0.667503,-0.027756,0.277109,0.857652,0.076560,0.275463,0.857353,-0.132624,0.277995,0.477654,0.077113,0.276222,0.477354,-0.132071,0.278755,0.784565,0.118976,0.015962,0.736685,-0.180638,0.052263,0.473590,0.119970,0.061334,0.416944,-0.180622,0.015823
0.681141,-0.026382,0.278341,0.871868,0.076873,0.276744,0.870404,-0.132298,0.279885,0.491878,0.079533,0.276798,0.490414,-0.129638,0.279938,0.785746,0.119016,0.015886,0.773515,-0.180550,0.048468,0.500330,0.121763,0.065808,0.427787,-0.178622,0.015728
0.694771,-0.025467,0.277382,0.885747,0.077321,0.275438,0.883777,-0.131836,0.279199,0.505764,0.080902,0.275566,0.503794,-0.128255,0.279327,0.786774,0.119044,0.015830,0.813216,-0.180883,0.042726,0.527259,0.122333,0.062811,0.430450,-0.177759,0.015962
0.708603,-0.025215,0.275880,0.899580,0.077566,0.273632,0.897609,-0.131585,0.277708,0.519597,0.081155,0.274051,0.517626,-0.127996,0.278128,0.787807,0.119056,0.015908,0.856416,-0.181327,0.038165,0.559391,0.121960,0.054430,0.430898,-0.177749,0.015945
0.722588,-0.025627,0.273668,0.913552,0.077171,0.271158,0.911605,-0.131984,0.275030,0.533570,0.080730,0.272305,0.531623,-0.128425,0.276178,0.788855,0.119066,0.015960,0.896474,-0.181792,0.032587,0.596560,0.121407,0.045683,0.431351,-0.177770,0.015925
0.736855,-0.026558,0.269694,0.927808,0.076223,0.265945,0.925861,-0.132942,0.269269,0.547848,0.079826,0.270119,0.545901,-0.129339,0.273443,0.789827,0.118992,0.015953,0.921732,-0.182328,0.019673,0.631065,0.120817,0.037819,0.431842,-0.177827,0.015940
0.751163,-0.027054,0.264795,0.942016,0.075880,0.260206,0.940249,-0.133289,0.263348,0.562078,0.079181,0.266241,0.560311,-0.129988,0.269383,0.790806,0.118945,0.015921,0.922478,-0.182315,0.015745,0.655364,0.120275,0.028293,0.433309,-0.178181,0.015839
0.764706,-0.026466,0.259947,0.955504,0.076585,0.255736,0.953868,-0.132573,0.259573,0.575543,0.079641,0.260321,0.573908,-0.129518,0.264157,0.816811,0.118726,0.015731,0.923126,-0.182263,0.015818,0.662774,0.119933,0.015854,0.437427,-0.178460,0.016085
0.777645,-0.026512,0.257504,0.968504,0.076449,0.253879,0.966758,-0.132708,0.257747,0.588532,0.079683,0.257260,0.586787,-0.129474,0.261128,0.841319,0.118627,0.019034,0.923871,-0.182282,0.015846,0.663930,0.120050,0.015888,0.447077,-0.178303,0.015850
0.790504,-0.027420,0.257557,0.981360,0.075569,0.254633,0.979626,-0.133600,0.257844,0.601383,0.078760,0.257270,0.599649,-0.130409,0.260481,0.871799,0.118430,0.026396,0.924791,-0.182316,0.015875,0.664906,0.119986,0.015973,0.467483,-0.178514,0.016567
0.803856,-0.029121,0.260180,0.994727,0.073872,0.258815,0.992971,-0.135312,0.260715,0.614741,0.077069,0.259645,0.612985,-0.132115,0.261544,0.900326,0.118121,0.038885,0.925894,-0.182425,0.015913,0.665752,0.119882,0.015903,0.493896,-0.178756,0.020647
0.817638,-0.031509,0.264810,1.008514,0.071482,0.265496,1.006747,-0.137710,0.265560,0.628530,0.074692,0.264060,0.626763,-0.134501,0.264124,0.928175,0.117546,0.051177,0.927152,-0.182567,0.015925,0.666412,0.119746,0.015751,0.525742,-0.179173,0.025027
0.831596,-0.034264,0.270125,1.022450,0.068733,0.272912,1.020713,-0.140450,0.270929,0.642480,0.071923,0.269321,0.640743,-0.137260,0.267338,0.957461,0.116755,0.058990,0.928540,-0.182720,0.015814,0.666946,0.119578,0.015654,0.561561,-0.179779,0.027072
0.845535,-0.037102,0.274739,1.036354,0.065895,0.279307,1.034669,-0.143259,0.275255,0.656402,0.069055,0.274222,0.654716,-0.140099,0.270170,0.990279,0.115909,0.063430,0.929925,-0.182851,0.015965,0.667430,0.119436,0.015643,0.598726,-0.180411,0.027780
0.859344,-0.039742,0.277870,1.050118,0.063264,0.283915,1.048508,-0.145846,0.278001,0.670181,0.066363,0.277739,0.668571,-0.142747,0.271825,1.026394,0.115059,0.066728,0.931262,-0.183004,0.016052,0.667893,0.119260,0.015761,0.636064,-0.181077,0.028235
0.872990,-0.041992,0.278918,1.063712,0.061035,0.286093,1.062194,-0.148024,0.278557,0.683785,0.064039,0.279279,0.682267,-0.145019,0.271742,1.063144,0.114365,0.068467,0.932504,-0.183099,0.016039,0.668439,0.119127,0.015881,0.674257,-0.181657,0.028057
0.886543,-0.043755,0.277609,1.077242,0.059260,0.285553,1.075767,-0.149748,0.276705,0.697319,0.062239,0.278513,0.695844,-0.146769,0.269665,1.097121,0.113865,0.066962,0.933619,-0.183196,0.015902,0.669125,0.119044,0.015980,0.713067,-0.182113,0.027088
0.900040,-0.044868,0.273656,1.090734,0.058134,0.281868,1.089275,-0.150834,0.272117,0.710804,0.061097,0.275194,0.709346,-0.147871,0.265444,1.126014,0.113682,0.061253,0.934610,-0.183294,0.015771,0.670086,0.118972,0.016069,0.750691,-0.182469,0.025612
0.913570,-0.045326,0.266894,1.104316,0.057634,0.274402,1.102783,-0.151308,0.264124,0.724358,0.060655,0.269664,0.722825,-0.148286,0.259387,1.146621,0.113948,0.048375,0.935437,-0.183377,0.015915,0.671792,0.119019,0.016120,0.783014,-0.182557,0.021985
0.927429,-0.045204,0.257827,1.118299,0.057657,0.263249,1.116545,-0.151274,0.252795,0.738313,0.060866,0.262858,0.736559,-0.148065,0.252404,1.151911,0.114933,0.022424,0.937304,-0.183428,0.015962,0.673028,0.119274,0.016012,0.800802,-0.182281,0.015928
0.941113,-0.044922,0.250173,1.132077,0.057848,0.253631,1.130117,-0.151087,0.243277,0.752108,0.061243,0.257070,0.750148,-0.147692,0.246715,1.152384,0.114945,0.015944,0.945224,-0.183594,0.015969,0.675124,0.119429,0.015822,0.802082,-0.182235,0.015642
0.954456,-0.044250,0.247806,1.145406,0.058561,0.250868,1.143475,-0.150403,0.241111,0.765438,0.061902,0.254500,0.763507,-0.147062,0.244744,1.152908,0.114961,0.015957,0.971489,-0.183833,0.016609,0.682368,0.119289,0.016386,0.803191,-0.182235,0.015690
0.968220,-0.042473,0.250030,1.159134,0.060422,0.252383,1.157277,-0.148614,0.244313,0.779163,0.063669,0.255747,0.777305,-0.145367,0.247677,1.153825,0.115085,0.015900,0.997643,-0.184078,0.021475,0.698034,0.118882,0.022466,0.804009,-0.182138,0.015803
0.982536,-0.039925,0.254991,1.173418,0.063050,0.256259,1.171628,-0.146063,0.250529,0.793444,0.066214,0.259453,0.791655,-0.142900,0.253723,1.154969,0.115266,0.015781,1.014493,-0.184160,0.030564,0.724547,0.118616,0.027935,0.804574,-0.181960,0.015832
0.997284,-0.036942,0.260962,1.188140,0.066087,0.260976,1.186402,-0.143082,0.257872,0.808166,0.069199,0.264051,0.806427,-0.139970,0.260948,1.156199,0.115445,0.015937,1.029123,-0.184014,0.041010,0.756257,0.118518,0.032830,0.804965,-0.181779,0.015903
1.012241,-0.033806,0.266897,1.203087,0.069237,0.265792,1.201374,-0.139955,0.265304,0.823109,0.072343,0.268490,0.821396,-0.136849,0.268002,1.157472,0.115645,0.015925,1.047013,-0.183640,0.049650,0.787534,0.118621,0.039199,0.805258,-0.181581,0.015937
1.027092,-0.030861,0.272051,1.217947,0.072153,0.270107,1.216219,-0.137031,0.272023,0.837965,0.075309,0.272079,0.836237,-0.133875,0.273995,1.158727,0.115768,0.015912,1.070801,-0.183275,0.054519,0.816528,0.118879,0.047040,0.805471,-0.181437,0.015954
1.041630,-0.028305,0.276016,1.232502,0.074666,0.273584,1.230743,-0.134490,0.277488,0.852517,0.077880,0.274545,0.850757,-0.131276,0.278448,1.159948,0.115928,0.015974,1.100605,-0.182997,0.055597,0.843964,0.119302,0.054368,0.805718,-0.181255,0.015975
1.055832,-0.026321,0.278606,1.246734,0.076590,0.275944,1.244916,-0.132532,0.281393,0.866748,0.079889,0.275819,0.864930,-0.129232,0.281267,1.161157,0.116025,0.015904,1.135302,-0.182970,0.054030,0.870925,0.119668,0.058906,0.806174,-0.181103,0.015914
1.069721,-0.024918,0.279599,1.260632,0.077975,0.276863,1.258795,-0.131114,0.283420,0.880647,0.081279,0.275778,0.878811,-0.127810,0.282334,1.162325,0.116125,0.015767,1.173689,-0.183142,0.050595,0.898851,0.119801,0.059192,0.806714,-0.181006,0.015913
1.083282,-0.024124,0.278905,1.274210,0.078732,0.276018,1.272337,-0.130333,0.283288,0.894228,0.082085,0.274522,0.892355,-0.126980,0.281791,1.163377,0.116159,0.015892,1.214771,-0.183565,0.045526,0.929883,0.119582,0.054146,0.807141,-0.180940,0.015950
1.096676,-0.023987,0.276619,1.287608,0.078854,0.273490,1.285726,-0.130202,0.281020,0.907625,0.082229,0.272218,0.905743,-0.126827,0.279748,1.164369,0.116168,0.015962,1.256502,-0.184110,0.039776,0.964464,0.119061,0.046298,0.807603,-0.180929,0.015911
1.110214,-0.024437,0.272683,1.301151,0.078368,0.268749,1.299261,-0.130694,0.276134,0.921167,0.081820,0.269231,0.919277,-0.127241,0.276617,1.165284,0.116147,0.016000,1.289296,-0.184780,0.029978,0.998251,0.118435,0.038032,0.808098,-0.180927,0.015903
1.124275,-0.025528,0.266979,1.315189,0.077243,0.261379,1.313320,-0.131838,0.268210,0.935230,0.080782,0.265747,0.933362,-0.128298,0.272578,1.166170,0.116033,0.015975,1.302111,-0.185471,0.015473,1.024650,0.117721,0.028913,0.808691,-0.181043,0.015975
1.138100,-0.025879,0.260739,1.328934,0.077035,0.255069,1.327225,-0.132046,0.261923,0.948974,0.080288,0.259554,0.947265,-0.128793,0.266408,1.185330,0.115842,0.015859,1.302403,-0.185390,0.015744,1.036325,0.117061,0.015883,0.812992,-0.181382,0.015954
1.151058,-0.026360,0.257056,1.341950,0.076511,0.252674,1.340146,-0.132575,0.259338,0.961970,0.079856,0.254773,0.960167,-0.129230,0.261437,1.217323,0.115547,0.016920,1.303110,-0.185492,0.015806,1.037585,0.117063,0.015851,0.823635,-0.181355,0.015835
1.163929,-0.027802,0.256584,1.354821,0.075117,0.253585,1.353022,-0.134001,0.259169,0.974836,0.078397,0.254000,0.973037,-0.130720,0.259584,1.251929,0.115334,0.023797,1.303964,-0.185544,0.015846,1.038624,0.116961,0.015983,0.845229,-0.181593,0.016020
1.177357,-0.030052,0.258942,1.368291,0.072826,0.257804,1.366404,-0.136331,0.261628,0.988310,0.076226,0.256255,0.986422,-0.132930,0.260079,1.278084,0.114997,0.033402,1.305025,-0.185728,0.015898,1.039481,0.116830,0.015896,0.869800,-0.181740,0.019260
1.191166,-0.032829,0.263097,1.382119,0.070018,0.263927,1.380183,-0.139167,0.265568,1.002149,0.073508,0.260627,1.000213,-0.135676,0.262267,1.302727,0.114480,0.043893,1.306199,-0.185893,0.015944,1.040172,0.116689,0.015730,0.900884,-0.182103,0.020957
1.205154,-0.035934,0.267979,1.396100,0.066894,0.270710,1.394163,-0.142296,0.269980,1.016145,0.070427,0.265978,1.014209,-0.138763,0.265248,1.328700,0.113733,0.052087,1.307475,-0.186059,0.015876,1.040732,0.116525,0.015610,0.934944,-0.182634,0.022397
1.219185,-0.039131,0.272558,1.410109,0.063679,0.276955,1.408202,-0.145490,0.273880,1.030168,0.067227,0.271235,1.028261,-0.141942,0.268161,1.358503,0.112828,0.057800,1.308789,-0.186248,0.015883,1.041198,0.116340,0.015672,0.969590,-0.183274,0.023930
1.233120,-0.042068,0.276090,1.423995,0.060758,0.281949,1.422172,-0.148369,0.276763,1.044068,0.064232,0.275417,1.042244,-0.144895,0.270231,1.392717,0.111945,0.062233,1.310105,-0.186392,0.016032,1.041641,0.116157,0.015796,1.004202,-0.183959,0.025455
1.246872,-0.044586,0.277933,1.437728,0.058198,0.285051,1.435931,-0.150878,0.278091,1.057813,0.061706,0.277775,1.056016,-0.147371,0.270815,1.429088,0.111058,0.065521,1.311385,-0.186561,0.016055,1.042159,0.116035,0.015904,1.039545,-0.184564,0.026253
1.260468,-0.046585,0.277548,1.451291,0.056191,0.285597,1.449551,-0.152833,0.277186,1.071384,0.059663,0.277910,1.069644,-0.149361,0.269499,1.463910,0.110419,0.065789,1.312544,-0.186670,0.015968,1.042767,0.115927,0.016014,1.076310,-0.185088,0.025539
1.273975,-0.048004,0.274642,1.464789,0.054749,0.283200,1.463070,-0.154229,0.273708,1.084881,0.058220,0.275577,1.083162,-0.150757,0.266085,1.494442,0.110043,0.062190,1.313592,-0.186782,0.015803,1.043521,0.115847,0.016069,1.113032,-0.185508,0.024071
1.287457,-0.048798,0.268934,1.478277,0.053964,0.277225,1.476567,-0.154979,0.266996,1.098346,0.057384,0.270873,1.096636,-0.151559,0.260644,1.517968,0.110145,0.052527,1.314460,-0.186864,0.015869,1.045262,0.115794,0.016150,1.146573,-0.185747,0.021116
1.301102,-0.048950,0.260632,1.491985,0.053793,0.267606,1.490187,-0.155138,0.257150,1.112016,0.057237,0.264113,1.110219,-0.151693,0.253657,1.529720,0.110741,0.032538,1.315517,-0.187073,0.015963,1.047254,0.115718,0.016046,1.169725,-0.185829,0.016176
1.315186,-0.048187,0.252244,1.506131,0.054615,0.255815,1.504215,-0.154339,0.245855,1.126156,0.057965,0.258634,1.124240,-0.150989,0.248673,1.527199,0.111361,0.015898,1.323726,-0.187229,0.015953,1.048494,0.115750,0.015914,1.170997,-0.185811,0.015599
1.328804,-0.047440,0.248062,1.519713,0.055471,0.250151,1.517846,-0.153511,0.240786,1.139762,0.058632,0.255338,1.137895,-0.150350,0.245974,1.527526,0.111392,0.015972,1.347877,-0.187400,0.015622,1.053248,0.115634,0.015852,1.172204,-0.185837,0.015747
1.342815,-0.045822,0.249102,1.533707,0.057125,0.250928,1.531887,-0.151918,0.243052,1.153744,0.060274,0.255152,1.151924,-0.148770,0.247276,1.528405,0.111510,0.015910,1.368898,-0.187652,0.021931,1.066613,0.115373,0.020099,1.173098,-0.185718,0.015837
1.357399,-0.043343,0.253718,1.548254,0.059682,0.254964,1.546519,-0.149437,0.249396,1.168279,0.062752,0.258039,1.166544,-0.146367,0.252471,1.529562,0.111671,0.015850,1.387018,-0.187757,0.030645,1.091133,0.115051,0.025508,1.173693,-0.185594,0.015855
1.372490,-0.040291,0.260045,1.563340,0.062749,0.260361,1.561620,-0.146424,0.257469,1.183360,0.065842,0.262621,1.181640,-0.143331,0.259729,1.530869,0.111852,0.015937,1.403787,-0.187585,0.040698,1.123295,0.115000,0.030631,1.174062,-0.185354,0.015978
1.387760,-0.037048,0.266665,1.578599,0.066011,0.266050,1.576906,-0.143182,0.265863,1.198614,0.069085,0.267467,1.196921,-0.140108,0.267281,1.532215,0.112061,0.015922,1.423501,-0.187199,0.049399,1.157459,0.115075,0.037694,1.174284,-0.185152,0.015973
1.402855,-0.034012,0.272449,1.593706,0.069019,0.271105,1.591991,-0.140162,0.273359,1.213719,0.072139,0.271539,1.212004,-0.137042,0.273793,1.533520,0.112217,0.015937,1.448693,-0.186800,0.054496,1.190314,0.115359,0.046391,1.174448,-0.184966,0.015986
1.417507,-0.031464,0.276656,1.608413,0.071458,0.274841,1.606587,-0.137691,0.279057,1.228428,0.074764,0.274256,1.226602,-0.134385,0.278471,1.534794,0.112344,0.015977,1.479611,-0.186547,0.055656,1.220671,0.115866,0.054637,1.175451,-0.184695,0.015764
1.431580,-0.029472,0.278655,1.622654,0.073130,0.276512,1.620483,-0.135982,0.282170,1.242676,0.077037,0.275140,1.240506,-0.132075,0.280798,1.535964,0.112448,0.015908,1.514818,-0.186547,0.053296,1.248403,0.116623,0.059920,1.178380,-0.184070,0.015799
1.445343,-0.028030,0.278704,1.636512,0.074385,0.276140,1.634147,-0.134691,0.282925,1.256539,0.078630,0.274483,1.254174,-0.130446,0.281268,1.537056,0.112538,0.015773,1.553407,-0.186859,0.048603,1.275768,0.116917,0.059624,1.179559,-0.183691,0.015893
1.458939,-0.027328,0.277591,1.650118,0.075061,0.274809,1.647730,-0.133992,0.282270,1.270147,0.079335,0.272911,1.267759,-0.129718,0.280372,1.538096,0.112583,0.015894,1.595635,-0.187400,0.043481,1.307003,0.116558,0.053293,1.179966,-0.183635,0.015923
1.472473,-0.027367,0.275387,1.663644,0.075036,0.272430,1.661275,-0.134012,0.280053,1.283671,0.079279,0.270721,1.281303,-0.129769,0.278343,1.539110,0.112578,0.015965,1.638059,-0.188045,0.038373,1.342751,0.115860,0.044961,1.180389,-0.183678,0.015919
1.486179,-0.027992,0.271598,1.677345,0.074392,0.267805,1.674989,-0.134666,0.275162,1.297369,0.078681,0.268035,1.295014,-0.130376,0.275391,1.540053,0.112559,0.015999,1.669305,-0.188776,0.028109,1.377255,0.115129,0.036896,1.180867,-0.183700,0.015958
1.500340,-0.029137,0.265929,1.691498,0.073185,0.260457,1.689132,-0.135894,0.267169,1.311547,0.077621,0.264690,1.309181,-0.131458,0.271402,1.540934,0.112516,0.015965,1.677489,-0.189305,0.015918,1.402850,0.114459,0.027814,1.181544,-0.183688,0.016020
