-0.001469,-0.005540,0.347778,0.190012,0.096298,0.345514,0.186955,-0.112576,0.356774,-0.189892,0.101496,0.338782,-0.192950,-0.107378,0.350043,0.185617,0.132463,0.170773,0.179863,-0.167222,0.185592,-0.171838,0.136622,0.150865,-0.185291,-0.162591,0.172337
-0.001614,-0.008665,0.339311,0.189940,0.093000,0.335796,0.186743,-0.115758,0.349003,-0.189971,0.098428,0.329619,-0.193168,-0.110330,0.342826,0.160196,0.127797,0.158685,0.171616,-0.172216,0.172853,-0.189929,0.131834,0.137728,-0.206344,-0.167504,0.155844
-0.001848,-0.011724,0.326898,0.188823,0.091526,0.321905,0.187437,-0.117109,0.337203,-0.191134,0.093660,0.316593,-0.192519,-0.114975,0.331891,0.143055,0.124178,0.141534,0.148959,-0.175970,0.152490,-0.191152,0.124724,0.118710,-0.228878,-0.175711,0.121801
-0.002975,-0.014886,0.310594,0.186523,0.090475,0.305066,0.187489,-0.118119,0.320957,-0.193440,0.088346,0.300231,-0.192474,-0.120248,0.316123,0.138724,0.121744,0.120104,0.119906,-0.178911,0.125409,-0.181451,0.118219,0.093299,-0.240940,-0.183954,0.081164
-0.005287,-0.018162,0.290605,0.183320,0.088804,0.285438,0.186035,-0.119812,0.300820,-0.196609,0.083487,0.280389,-0.193894,-0.125129,0.295771,0.149180,0.119999,0.096402,0.094660,-0.181932,0.092587,-0.174677,0.113715,0.068336,-0.240059,-0.189828,0.044575
-0.008022,-0.021505,0.267183,0.180174,0.086227,0.263044,0.183675,-0.122460,0.277257,-0.199719,0.079450,0.257109,-0.196219,-0.129237,0.271322,0.164216,0.118432,0.070862,0.076705,-0.185071,0.053279,-0.179716,0.110513,0.039299,-0.237343,-0.192934,0.015172
-0.008924,-0.023183,0.243472,0.180121,0.082815,0.235267,0.182013,-0.125803,0.250753,-0.199862,0.079437,0.236191,-0.197970,-0.129180,0.251677,0.158506,0.112587,0.024998,0.063761,-0.189901,0.015694,-0.188278,0.108778,0.016046,-0.235810,-0.192607,0.015837
-0.004318,-0.022081,0.226414,0.184602,0.083836,0.214927,0.186711,-0.124592,0.232764,-0.195348,0.080430,0.220063,-0.193239,-0.127997,0.237900,0.155867,0.112144,0.016055,0.063251,-0.190026,0.015821,-0.187180,0.108649,0.015784,-0.234731,-0.193025,0.016017
0.004694,-0.021361,0.218720,0.193608,0.084584,0.207396,0.195747,-0.123726,0.226552,-0.186359,0.081004,0.210889,-0.184220,-0.127306,0.230045,0.156280,0.112247,0.016030,0.063560,-0.190095,0.015940,-0.186062,0.108714,0.015837,-0.233773,-0.193142,0.016001
0.016354,-0.021449,0.214624,0.205277,0.084464,0.203154,0.207396,-0.123833,0.222459,-0.174689,0.080935,0.206789,-0.172570,-0.127362,0.226094,0.157125,0.112272,0.015962,0.064452,-0.190066,0.016034,-0.184912,0.108795,0.015997,-0.232892,-0.193097,0.015969
0.028973,-0.021693,0.210914,0.217891,0.084196,0.199146,0.220014,-0.124105,0.218399,-0.162069,0.080719,0.203429,-0.159946,-0.127582,0.222683,0.158101,0.112287,0.015806,0.079529,-0.189884,0.016074,-0.186960,0.109147,0.019884,-0.232060,-0.193077,0.015892
0.041937,-0.021764,0.207630,0.230853,0.084127,0.195847,0.232981,-0.124166,0.215187,-0.149107,0.080639,0.200072,-0.146980,-0.127655,0.219412,0.159153,0.112309,0.015625,0.110568,-0.189544,0.016158,-0.183261,0.110184,0.030406,-0.231288,-0.193073,0.015759
0.055143,-0.021947,0.205441,0.244065,0.084003,0.194294,0.246192,-0.124300,0.213533,-0.135905,0.080405,0.197349,-0.133779,-0.127897,0.216588,0.160268,0.112316,0.015897,0.150016,-0.189103,0.016755,-0.165028,0.111224,0.040038,-0.230601,-0.193092,0.015639
0.068512,-0.022681,0.204282,0.257417,0.083432,0.194481,0.259586,-0.124940,0.212946,-0.122562,0.079578,0.195619,-0.120393,-0.128794,0.214084,0.161429,0.112250,0.016033,0.191254,-0.188518,0.018447,-0.133635,0.111429,0.041420,-0.229993,-0.193149,0.015663
0.082188,-0.024220,0.203724,0.271038,0.082153,0.195902,0.273312,-0.126362,0.212663,-0.108936,0.077921,0.194784,-0.106663,-0.130594,0.211546,0.162597,0.112114,0.016062,0.233303,-0.187780,0.021296,-0.091209,0.110836,0.034585,-0.229426,-0.193276,0.015687
0.096329,-0.026790,0.203341,0.285104,0.079879,0.198168,0.287509,-0.128847,0.212035,-0.094851,0.075268,0.194647,-0.092447,-0.133458,0.208514,0.163873,0.111930,0.015948,0.269157,-0.187280,0.021356,-0.039136,0.110297,0.026574,-0.228681,-0.193388,0.015733
0.110590,-0.029993,0.201782,0.299564,0.076388,0.198165,0.301585,-0.132555,0.208342,-0.080405,0.072569,0.195221,-0.078384,-0.136373,0.205398,0.165151,0.111710,0.015777,0.277819,-0.187655,0.016072,0.013798,0.110673,0.024525,-0.223737,-0.192524,0.015710
0.124008,-0.031981,0.199135,0.313094,0.074195,0.195321,0.314908,-0.134846,0.203279,-0.066891,0.070885,0.194991,-0.065078,-0.138156,0.202949,0.178025,0.111862,0.020768,0.278644,-0.187775,0.016006,0.049235,0.110806,0.022394,-0.205400,-0.191986,0.015707
0.136940,-0.032526,0.196092,0.325972,0.073721,0.191653,0.327890,-0.135337,0.199118,-0.054010,0.070285,0.193066,-0.052092,-0.138773,0.200531,0.196261,0.112352,0.033141,0.279591,-0.187802,0.015917,0.057205,0.110460,0.015870,-0.176713,-0.191996,0.015708
0.149483,-0.033592,0.194688,0.338603,0.072522,0.190879,0.340347,-0.136579,0.197071,-0.041382,0.069395,0.192305,-0.039637,-0.139707,0.198497,0.223132,0.112463,0.036621,0.280609,-0.187917,0.015765,0.058440,0.110477,0.015949,-0.141060,-0.191436,0.015715
0.162062,-0.035320,0.193463,0.351266,0.070685,0.191011,0.352846,-0.138467,0.195221,-0.028723,0.067827,0.191706,-0.027142,-0.141325,0.195916,0.247997,0.112344,0.040935,0.281641,-0.188076,0.015828,0.059654,0.110417,0.015947,-0.103139,-0.190946,0.017784
0.174812,-0.037365,0.191872,0.364068,0.068573,0.191352,0.365546,-0.140613,0.193234,-0.015921,0.065882,0.190509,-0.014444,-0.143304,0.192391,0.268961,0.112033,0.044482,0.282683,-0.188246,0.015900,0.060866,0.110306,0.015805,-0.068300,-0.190680,0.020888
0.187685,-0.039287,0.190115,0.376976,0.066581,0.191549,0.378377,-0.142614,0.191211,-0.003007,0.064041,0.189019,-0.001606,-0.145155,0.188682,0.288245,0.111670,0.047456,0.283763,-0.188416,0.015873,0.062113,0.110207,0.015657,-0.040510,-0.190603,0.025463
0.200552,-0.040786,0.188514,0.389849,0.065038,0.191533,0.391227,-0.144147,0.189415,0.009877,0.062575,0.187614,0.011255,-0.146610,0.185496,0.307556,0.111375,0.050653,0.284853,-0.188544,0.015917,0.063313,0.110119,0.015841,-0.018721,-0.190705,0.031869
0.213348,-0.041798,0.187479,0.402656,0.063964,0.191747,0.403998,-0.145205,0.188390,0.022699,0.061609,0.186569,0.024041,-0.147560,0.183212,0.330689,0.111186,0.052966,0.285957,-0.188650,0.015856,0.064478,0.110072,0.015999,0.000413,-0.190863,0.039575
0.226126,-0.042405,0.186991,0.415426,0.063324,0.192283,0.416764,-0.145831,0.188142,0.035488,0.061021,0.185840,0.036826,-0.148134,0.181699,0.360349,0.111166,0.054168,0.287089,-0.188708,0.015834,0.065599,0.110036,0.016015,0.021031,-0.191023,0.046770
0.238977,-0.042596,0.186705,0.428284,0.063083,0.192713,0.429590,-0.146065,0.188236,0.048365,0.060873,0.185173,0.049671,-0.148276,0.180697,0.394354,0.111293,0.054384,0.288240,-0.188721,0.015925,0.066694,0.110070,0.015938,0.046062,-0.190966,0.050169
0.252054,-0.042227,0.186203,0.441366,0.063430,0.192442,0.442645,-0.145725,0.188288,0.061463,0.061271,0.184119,0.062743,-0.147884,0.179965,0.427821,0.111629,0.050406,0.289411,-0.188700,0.015994,0.067900,0.110112,0.015880,0.077352,-0.190620,0.047335
0.265562,-0.040985,0.185085,0.454891,0.064672,0.190761,0.456132,-0.144505,0.187899,0.074992,0.062535,0.182272,0.076233,-0.146641,0.179409,0.456045,0.112222,0.038177,0.290612,-0.188589,0.015971,0.069148,0.110233,0.015827,0.114392,-0.189995,0.042391
0.279676,-0.038816,0.183055,0.469038,0.066879,0.186532,0.470254,-0.142317,0.186015,0.089098,0.064684,0.180095,0.090315,-0.144512,0.179578,0.471555,0.112767,0.015466,0.291883,-0.188386,0.015845,0.070426,0.110432,0.015767,0.154017,-0.189246,0.039427
0.293703,-0.037445,0.181378,0.483082,0.068266,0.182744,0.484300,-0.140928,0.183703,0.103107,0.066038,0.179053,0.104324,-0.143156,0.180012,0.472459,0.112891,0.015870,0.293552,-0.188260,0.015687,0.071575,0.110557,0.015893,0.190023,-0.188774,0.035082
0.307102,-0.037815,0.180760,0.496534,0.067803,0.182075,0.497654,-0.141394,0.182428,0.116551,0.065764,0.179091,0.117671,-0.143433,0.179444,0.473585,0.112851,0.015967,0.304745,-0.188158,0.015737,0.072762,0.110705,0.015933,0.212793,-0.188646,0.018274
0.319902,-0.038269,0.180578,0.509275,0.067455,0.181800,0.510516,-0.141741,0.181645,0.129289,0.065203,0.179511,0.130530,-0.143993,0.179356,0.474712,0.112824,0.015986,0.329853,-0.188141,0.015812,0.079932,0.110482,0.015881,0.214072,-0.188828,0.015841
0.332426,-0.037758,0.181260,0.521817,0.067937,0.182056,0.523023,-0.141260,0.182395,0.141829,0.065743,0.180125,0.143035,-0.143453,0.180464,0.475859,0.112853,0.015971,0.355037,-0.187940,0.021845,0.097180,0.110677,0.020409,0.215206,-0.188756,0.015648
0.344948,-0.036467,0.182576,0.534321,0.069262,0.183209,0.535556,-0.139927,0.184965,0.154340,0.066993,0.180188,0.155575,-0.142196,0.181943,0.477045,0.112971,0.015828,0.389897,-0.187585,0.024682,0.120042,0.110947,0.025760,0.216361,-0.188685,0.015716
0.357538,-0.034862,0.183686,0.546899,0.070891,0.184047,0.548147,-0.138277,0.187547,0.166930,0.068553,0.179826,0.168177,-0.140614,0.183325,0.478223,0.113123,0.015770,0.422976,-0.187111,0.030301,0.143798,0.111390,0.031418,0.217472,-0.188579,0.015837
0.370169,-0.033232,0.184685,0.559535,0.072510,0.184625,0.560760,-0.136620,0.189866,0.179577,0.070157,0.179503,0.180802,-0.138974,0.184744,0.479380,0.113276,0.015834,0.452365,-0.186543,0.037329,0.166204,0.111983,0.037408,0.218536,-0.188449,0.015927
0.382824,-0.031886,0.185750,0.572192,0.073854,0.185261,0.573406,-0.135237,0.191929,0.192242,0.071465,0.179571,0.193456,-0.137625,0.186240,0.480515,0.113393,0.015891,0.478374,-0.185959,0.044695,0.187943,0.112541,0.042444,0.219544,-0.188380,0.015906
0.395531,-0.030973,0.187138,0.584907,0.074750,0.186526,0.586094,-0.134309,0.194107,0.204968,0.072363,0.180169,0.206154,-0.136696,0.187751,0.481640,0.113460,0.016001,0.504131,-0.185464,0.050473,0.210769,0.112999,0.045682,0.220541,-0.188326,0.015947
0.408360,-0.030507,0.188984,0.597726,0.075236,0.188743,0.598912,-0.133811,0.196679,0.217807,0.072797,0.181290,0.218993,-0.136249,0.189226,0.482789,0.113509,0.015991,0.533346,-0.185110,0.053264,0.236451,0.113280,0.046778,0.221548,-0.188295,0.015970
0.421398,-0.030570,0.191051,0.610726,0.075240,0.191634,0.611958,-0.133815,0.199323,0.230838,0.072676,0.182779,0.232070,-0.136379,0.190468,0.483975,0.113509,0.015835,0.565078,-0.184957,0.052913,0.266731,0.113324,0.045608,0.222515,-0.188336,0.015932
0.434790,-0.031260,0.192940,0.624072,0.074619,0.194696,0.625359,-0.134468,0.201451,0.244220,0.071949,0.184429,0.245507,-0.137138,0.191184,0.485199,0.113461,0.015842,0.596867,-0.185036,0.049215,0.303264,0.113221,0.043094,0.223499,-0.188412,0.015843
0.448629,-0.032563,0.194112,0.637866,0.073375,0.196910,0.639230,-0.135756,0.202100,0.258029,0.070630,0.186124,0.259393,-0.138501,0.191314,0.486448,0.113362,0.015947,0.624016,-0.185374,0.038738,0.344573,0.113075,0.041665,0.224461,-0.188550,0.015780
0.462881,-0.034316,0.193399,0.652112,0.071645,0.195681,0.653563,-0.137527,0.198780,0.272199,0.068895,0.188018,0.273650,-0.140277,0.191118,0.487706,0.113297,0.015960,0.635843,-0.185816,0.015943,0.380951,0.112896,0.038911,0.225451,-0.188664,0.015873
0.477051,-0.035211,0.190919,0.665983,0.071297,0.192333,0.668061,-0.137877,0.194885,0.286040,0.067456,0.186953,0.288119,-0.141718,0.189504,0.502368,0.112976,0.015956,0.636839,-0.185823,0.016103,0.403622,0.112181,0.031256,0.228089,-0.189888,0.015872
0.490734,-0.034531,0.187888,0.679400,0.072450,0.189003,0.681993,-0.136703,0.192576,0.299475,0.067641,0.183200,0.302068,-0.141512,0.186772,0.526808,0.113181,0.022892,0.637996,-0.185727,0.015908,0.413774,0.111660,0.015874,0.234267,-0.190734,0.015760
0.503847,-0.034369,0.185766,0.692508,0.072618,0.187196,0.695101,-0.136535,0.190816,0.312594,0.067797,0.180716,0.315186,-0.141356,0.184336,0.561072,0.113665,0.026365,0.639126,-0.185717,0.015819,0.414998,0.111674,0.015894,0.247695,-0.190570,0.015812
0.516661,-0.035208,0.184914,0.705396,0.071633,0.187173,0.707834,-0.137539,0.189637,0.325487,0.067122,0.180191,0.327925,-0.142049,0.182656,0.593334,0.113945,0.031208,0.640239,-0.185830,0.015860,0.416270,0.111701,0.015952,0.268639,-0.190148,0.017063
0.529434,-0.036564,0.184750,0.718176,0.070229,0.188323,0.720584,-0.138955,0.189084,0.338284,0.065828,0.180416,0.340692,-0.143357,0.181177,0.620224,0.114007,0.037551,0.641373,-0.185951,0.015881,0.417478,0.111594,0.015802,0.292418,-0.189948,0.021220
0.542194,-0.037949,0.184921,0.730942,0.068777,0.189902,0.733316,-0.140407,0.188922,0.351073,0.064509,0.180919,0.353446,-0.144676,0.179940,0.642687,0.113914,0.043559,0.642485,-0.186081,0.015905,0.418666,0.111503,0.015641,0.314821,-0.189851,0.026878
0.554895,-0.039060,0.185225,0.743650,0.067592,0.191410,0.745988,-0.141581,0.189000,0.363803,0.063461,0.181450,0.366141,-0.145712,0.179040,0.663486,0.113794,0.048863,0.643590,-0.186187,0.015887,0.419853,0.111451,0.015879,0.334876,-0.189843,0.033632
0.567505,-0.039849,0.185827,0.756244,0.066769,0.193002,0.758588,-0.142390,0.189550,0.376422,0.062691,0.182104,0.378766,-0.146467,0.178652,0.687146,0.113773,0.052438,0.644705,-0.186259,0.015892,0.420977,0.111392,0.015970,0.353979,-0.189929,0.040825
0.580095,-0.040370,0.186670,0.768839,0.066174,0.194742,0.771143,-0.142971,0.190559,0.389048,0.062230,0.182782,0.391352,-0.146915,0.178598,0.716539,0.113864,0.054571,0.645831,-0.186317,0.015771,0.422064,0.111391,0.016021,0.374848,-0.189932,0.047253
0.592762,-0.040594,0.187333,0.781500,0.065908,0.196067,0.783785,-0.143229,0.191488,0.401739,0.062041,0.183178,0.404024,-0.147096,0.178599,0.749683,0.114098,0.055699,0.646962,-0.186343,0.015896,0.423158,0.111400,0.015965,0.399635,-0.189792,0.050009
0.605629,-0.040335,0.187489,0.794362,0.066156,0.196480,0.796635,-0.142985,0.192037,0.414623,0.062315,0.182941,0.416896,-0.146825,0.178497,0.782530,0.114526,0.053558,0.648123,-0.186322,0.015981,0.424314,0.111433,0.015872,0.429793,-0.189367,0.047617
0.618885,-0.039294,0.186852,0.807651,0.067174,0.195400,0.809855,-0.141986,0.191951,0.427915,0.063398,0.181754,0.430119,-0.145762,0.178305,0.810629,0.115161,0.043989,0.649309,-0.186235,0.016014,0.425517,0.111567,0.015844,0.465422,-0.188615,0.042837
0.632719,-0.037374,0.185240,0.821552,0.069102,0.192045,0.823672,-0.140083,0.190604,0.441766,0.065336,0.179877,0.443886,-0.143849,0.178436,0.828787,0.115794,0.022832,0.650527,-0.186088,0.015899,0.426775,0.111768,0.015759,0.503991,-0.187738,0.039865
0.646667,-0.035648,0.183733,0.835517,0.070905,0.188602,0.837662,-0.138284,0.189019,0.455672,0.066988,0.178446,0.457818,-0.142201,0.178863,0.830174,0.115959,0.015851,0.651787,-0.185988,0.015775,0.427991,0.111833,0.015873,0.540874,-0.187083,0.037152
0.660072,-0.035494,0.183364,0.848961,0.071016,0.187579,0.851061,-0.138173,0.187988,0.469083,0.067185,0.178740,0.471183,-0.142004,0.179148,0.831232,0.115955,0.015879,0.661151,-0.185868,0.015815,0.428999,0.111917,0.015900,0.567209,-0.186794,0.024621
0.673027,-0.036122,0.182881,0.861951,0.070313,0.187411,0.863990,-0.138876,0.186880,0.482064,0.066633,0.178882,0.484103,-0.142557,0.178351,0.832348,0.115912,0.015892,0.679281,-0.185694,0.015696,0.433124,0.112022,0.015840,0.573798,-0.186723,0.015881
0.685537,-0.035967,0.182738,0.874452,0.070488,0.187180,0.876512,-0.138701,0.186683,0.494563,0.066766,0.178793,0.496623,-0.142423,0.178296,0.833458,0.115944,0.015929,0.704108,-0.185454,0.019613,0.448520,0.112151,0.016724,0.574970,-0.186717,0.015738
0.698013,-0.034849,0.183233,0.886877,0.071709,0.187356,0.889024,-0.137479,0.188064,0.507003,0.067780,0.178402,0.509150,-0.141408,0.179110,0.834574,0.116045,0.015859,0.733908,-0.185077,0.024494,0.470672,0.112327,0.021003,0.576222,-0.186725,0.015680
0.710489,-0.033119,0.183964,0.899338,0.073482,0.187656,0.901490,-0.135691,0.190182,0.519488,0.069454,0.177746,0.521641,-0.139720,0.180272,0.835718,0.116208,0.015735,0.769868,-0.184448,0.028991,0.494584,0.112835,0.027133,0.577350,-0.186588,0.015778
0.723007,-0.031252,0.184667,0.911839,0.075398,0.187726,0.914004,-0.133743,0.192234,0.532011,0.071238,0.177100,0.534175,-0.137902,0.181607,0.836852,0.116379,0.015817,0.801172,-0.183747,0.035695,0.517353,0.113452,0.033397,0.578439,-0.186480,0.015857
0.735548,-0.029560,0.185529,0.924387,0.077096,0.187881,0.926527,-0.132000,0.194148,0.544569,0.072880,0.176911,0.546709,-0.136215,0.183177,0.837970,0.116528,0.015833,0.828350,-0.183003,0.043127,0.538732,0.114165,0.039154,0.579478,-0.186366,0.015899
0.748100,-0.028265,0.186741,0.936955,0.078372,0.188585,0.939056,-0.130681,0.196130,0.557145,0.074150,0.177353,0.559246,-0.134903,0.184898,0.839073,0.116640,0.015967,0.853718,-0.182304,0.049750,0.560489,0.114824,0.043214,0.580463,-0.186271,0.015916
0.760740,-0.027423,0.188481,0.949589,0.079227,0.190270,0.951683,-0.129798,0.198555,0.569798,0.074952,0.178408,0.571892,-0.134074,0.186692,0.840187,0.116712,0.016011,0.881276,-0.181724,0.053911,0.584330,0.115310,0.045294,0.581469,-0.186232,0.015967
0.773550,-0.027066,0.190622,0.962376,0.079616,0.192835,0.964482,-0.129403,0.201271,0.582618,0.075271,0.179973,0.584724,-0.133749,0.188409,0.841352,0.116747,0.015951,0.911832,-0.181327,0.054992,0.611855,0.115615,0.045195,0.582444,-0.186221,0.015956
0.786652,-0.027294,0.192787,0.975427,0.079457,0.195832,0.977591,-0.129582,0.203762,0.595712,0.074994,0.181811,0.597876,-0.134044,0.189742,0.842545,0.116736,0.015786,0.943526,-0.181131,0.053220,0.644868,0.115733,0.043283,0.583396,-0.186274,0.015900
0.800184,-0.028158,0.194544,0.988908,0.078650,0.198610,0.991141,-0.130429,0.205374,0.609228,0.074114,0.183714,0.611460,-0.134965,0.190478,0.843796,0.116666,0.015900,0.973010,-0.181231,0.046740,0.683717,0.115780,0.041354,0.584342,-0.186382,0.015805
0.814152,-0.029505,0.194882,1.002871,0.077302,0.199199,1.005158,-0.131823,0.204309,0.623146,0.072813,0.185455,0.625433,-0.136312,0.190565,0.845041,0.116565,0.015966,0.993270,-0.181663,0.030650,0.724543,0.115857,0.040943,0.585300,-0.186487,0.015816
0.828384,-0.030889,0.192973,1.017083,0.076005,0.195752,1.019553,-0.133154,0.199089,0.637215,0.071376,0.186857,0.639686,-0.137783,0.190194,0.851952,0.116645,0.015970,0.993549,-0.181841,0.016001,0.753211,0.115796,0.035824,0.586393,-0.186652,0.015898
0.842081,-0.030881,0.189979,1.030443,0.076632,0.191378,1.033617,-0.132510,0.195152,0.650545,0.070747,0.184806,0.653719,-0.138395,0.188581,0.874716,0.116633,0.019713,0.994568,-0.181798,0.016046,0.767736,0.115008,0.019649,0.591396,-0.187921,0.015814
0.855318,-0.030400,0.186983,1.043584,0.077285,0.187972,1.046955,-0.131850,0.191910,0.663681,0.071051,0.182055,0.667052,-0.138085,0.185994,0.902225,0.117417,0.025820,0.995498,-0.181459,0.015857,0.768957,0.115082,0.015900,0.601953,-0.187803,0.015836
0.868185,-0.031084,0.185748,1.056500,0.076512,0.187037,1.059782,-0.132642,0.189986,0.676588,0.070474,0.181510,0.679870,-0.138680,0.184459,0.934122,0.117820,0.028728,0.996596,-0.181549,0.015816,0.770178,0.115067,0.015946,0.619749,-0.187451,0.016528
0.881016,-0.032327,0.185332,1.069337,0.075238,0.187753,1.072597,-0.133932,0.189105,0.689435,0.069278,0.181560,0.692694,-0.139892,0.182911,0.963423,0.118054,0.034512,0.997723,-0.181674,0.015860,0.771354,0.114941,0.015868,0.641940,-0.187193,0.019770
0.893833,-0.033699,0.185308,1.082160,0.073816,0.189146,1.085392,-0.135359,0.188716,0.702274,0.067962,0.181901,0.705506,-0.141213,0.181470,0.987759,0.118119,0.040557,0.998854,-0.181795,0.015925,0.772540,0.114845,0.015632,0.663997,-0.186988,0.025158
0.906603,-0.034867,0.185443,1.094931,0.072592,0.190571,1.098141,-0.136574,0.188585,0.715064,0.066840,0.182300,0.718275,-0.142326,0.180314,1.009427,0.118107,0.046282,0.999959,-0.181899,0.015884,0.773731,0.114779,0.015761,0.684319,-0.186896,0.031878
0.919264,-0.035705,0.185816,1.107583,0.071714,0.191983,1.110791,-0.137437,0.188843,0.727737,0.066027,0.182790,0.730944,-0.143125,0.179650,1.032078,0.118137,0.050774,1.001068,-0.181984,0.015914,0.774865,0.114716,0.015940,0.703438,-0.186899,0.039269
0.931862,-0.036234,0.186527,1.120186,0.071117,0.193655,1.123357,-0.138022,0.189708,0.740367,0.065554,0.183347,0.743537,-0.143585,0.179399,1.059943,0.118310,0.053617,1.002186,-0.182040,0.015815,0.775970,0.114715,0.016021,0.723613,-0.186839,0.046341
0.944521,-0.036485,0.187217,1.132835,0.070828,0.195132,1.135996,-0.138301,0.190697,0.753046,0.065330,0.183737,0.756206,-0.143799,0.179302,1.092377,0.118648,0.055308,1.003323,-0.182064,0.015896,0.777037,0.114717,0.015971,0.747107,-0.186670,0.050528
0.957331,-0.036338,0.187503,1.145638,0.070955,0.195850,1.148787,-0.138174,0.191382,0.765874,0.065497,0.183623,0.769023,-0.143631,0.179156,1.125977,0.119136,0.054877,1.004471,-0.182065,0.015957,0.778154,0.114732,0.015862,0.775459,-0.186237,0.049834
0.970459,-0.035512,0.187107,1.158784,0.071761,0.195323,1.161885,-0.137382,0.191543,0.779033,0.066357,0.182672,0.782134,-0.142785,0.178891,1.156203,0.119848,0.047970,1.005658,-0.181989,0.016026,0.779338,0.114839,0.015859,0.809697,-0.185416,0.044844
0.984102,-0.033791,0.185788,1.172473,0.073486,0.192809,1.175505,-0.135682,0.190741,0.792700,0.068100,0.180835,0.795732,-0.141068,0.178767,1.178661,0.120631,0.031171,1.006845,-0.181856,0.015941,0.780594,0.115012,0.015796,0.847763,-0.184409,0.040979
0.998135,-0.031610,0.183833,1.186484,0.075847,0.188161,1.189638,-0.133329,0.188372,0.806631,0.070110,0.179294,0.809785,-0.139066,0.179506,1.181386,0.121051,0.015779,1.008110,-0.181696,0.015776,0.781893,0.115027,0.015825,0.885950,-0.183515,0.038401
1.011723,-0.030894,0.182851,1.200133,0.076507,0.185608,1.203219,-0.132668,0.186350,0.820226,0.070881,0.179353,0.823312,-0.138295,0.180095,1.182358,0.121099,0.015970,1.015273,-0.181501,0.015740,0.782975,0.115207,0.015918,0.915462,-0.182925,0.029584
1.024769,-0.031502,0.181901,1.213208,0.075835,0.185167,1.216237,-0.133343,0.184944,0.833300,0.070339,0.178857,0.836330,-0.138838,0.178634,1.183482,0.121039,0.015902,1.034982,-0.181243,0.015807,0.786941,0.115296,0.015836,0.927135,-0.182805,0.015908
1.037436,-0.031531,0.181290,1.225862,0.075813,0.185008,1.228905,-0.133364,0.184538,0.845966,0.070301,0.178042,0.849009,-0.138876,0.177573,1.184607,0.121048,0.015972,1.056980,-0.180951,0.019783,0.800659,0.115461,0.015913,0.928330,-0.182813,0.015745
1.049931,-0.030458,0.181723,1.238332,0.076935,0.185315,1.241409,-0.132241,0.185871,0.858452,0.071326,0.177575,0.861529,-0.137851,0.178131,1.185760,0.121167,0.015861,1.088308,-0.180382,0.022843,0.821161,0.115814,0.020054,0.929507,-0.182737,0.015670
1.062426,-0.028791,0.182526,1.250795,0.078667,0.185813,1.253909,-0.130498,0.188081,0.870942,0.072916,0.176971,0.874056,-0.136249,0.179239,1.186923,0.121330,0.015739,1.122447,-0.179656,0.027268,0.844520,0.116346,0.026207,0.930665,-0.182635,0.015848
1.074944,-0.026938,0.183432,1.263310,0.080540,0.186165,1.266410,-0.128595,0.190320,0.883477,0.074719,0.176544,0.886577,-0.134417,0.180699,1.188066,0.121505,0.015821,1.153539,-0.178837,0.034045,0.867336,0.117087,0.032768,0.931753,-0.182485,0.015913
1.087488,-0.025245,0.184545,1.275849,0.082258,0.186641,1.278948,-0.126837,0.192504,0.896028,0.076347,0.176586,0.899127,-0.132748,0.182449,1.189204,0.121658,0.015837,1.180820,-0.177992,0.041706,0.889044,0.117849,0.038655,0.932789,-0.182391,0.015927
1.100071,-0.023932,0.185995,1.288443,0.083559,0.187628,1.291511,-0.125498,0.194735,0.908631,0.077633,0.177255,0.911699,-0.131424,0.184362,1.190324,0.121765,0.015975,1.206207,-0.177199,0.048589,0.911075,0.118579,0.042813,0.933771,-0.182309,0.015870
1.112755,-0.023067,0.187946,1.301121,0.084435,0.189590,1.304181,-0.124597,0.197376,0.921329,0.078463,0.178516,0.924389,-0.130569,0.186302,1.191454,0.121850,0.016007,1.233766,-0.176494,0.052963,0.935185,0.119175,0.044884,0.934773,-0.182249,0.015967
1.125593,-0.022680,0.190247,1.313929,0.084867,0.192354,1.317016,-0.124160,0.200266,0.934171,0.078800,0.180227,0.937258,-0.130228,0.188139,1.192620,0.121885,0.015923,1.264282,-0.175956,0.054192,0.962872,0.119587,0.044835,0.935739,-0.182255,0.015954
1.138746,-0.022869,0.192545,1.327039,0.084733,0.195532,1.330169,-0.124313,0.202909,0.947323,0.078575,0.182182,0.950454,-0.130471,0.189559,1.193824,0.121878,0.015782,1.296026,-0.175611,0.052636,0.995939,0.119880,0.043142,0.936707,-0.182289,0.015896
1.152327,-0.023676,0.194398,1.340565,0.083987,0.198413,1.343770,-0.125097,0.204612,0.960883,0.077744,0.184184,0.964088,-0.131339,0.190384,1.195067,0.121820,0.015906,1.325582,-0.175547,0.046241,1.034880,0.120118,0.041341,0.937653,-0.182397,0.015789
1.166323,-0.024962,0.194795,1.354552,0.082707,0.199060,1.357817,-0.126418,0.203615,0.974828,0.076494,0.185974,0.978093,-0.132631,0.190529,1.196341,0.121716,0.015963,1.346019,-0.175844,0.030250,1.075814,0.120379,0.040992,0.938613,-0.182519,0.015823
1.180573,-0.026253,0.192941,1.368784,0.081498,0.195666,1.372217,-0.127654,0.198523,0.988928,0.075149,0.187359,0.992361,-0.134004,0.190215,1.203897,0.121797,0.015954,1.346516,-0.176030,0.015951,1.104762,0.120446,0.036181,0.939728,-0.182709,0.015900
1.194271,-0.026159,0.190003,1.382145,0.082204,0.191380,1.386273,-0.126929,0.194687,1.002270,0.074611,0.185319,1.006397,-0.134522,0.188627,1.228320,0.121914,0.019463,1.347536,-0.175984,0.015989,1.119483,0.119779,0.020272,0.944611,-0.183938,0.015824
1.207541,-0.025545,0.186942,1.395342,0.082949,0.187860,1.399620,-0.126178,0.191350,1.015461,0.075089,0.182533,1.019739,-0.134038,0.186023,1.255639,0.122860,0.026282,1.348508,-0.175618,0.015858,1.120725,0.119927,0.015874,0.954831,-0.183673,0.015801
1.220434,-0.025946,0.185635,1.408264,0.082497,0.186803,1.412490,-0.126642,0.189632,1.028378,0.074749,0.181638,1.032605,-0.134389,0.184467,1.285304,0.123335,0.028575,1.349615,-0.175727,0.015812,1.121921,0.119862,0.015959,0.971469,-0.183369,0.015847
1.233253,-0.026896,0.185216,1.421092,0.081517,0.187335,1.425294,-0.127636,0.188827,1.041213,0.073844,0.181606,1.045415,-0.135309,0.183097,1.313865,0.123728,0.033856,1.350745,-0.175827,0.015858,1.123093,0.119767,0.015871,0.992407,-0.183001,0.019530
1.246067,-0.028077,0.185252,1.433918,0.080284,0.188619,1.438084,-0.128875,0.188479,1.054050,0.072721,0.182025,1.058217,-0.136437,0.181885,1.338615,0.123944,0.039922,1.351874,-0.175935,0.015920,1.124273,0.119690,0.015638,1.014472,-0.182663,0.025582
1.258841,-0.029107,0.185464,1.446697,0.079202,0.189988,1.450838,-0.129951,0.188389,1.066843,0.071738,0.182539,1.070984,-0.137415,0.180939,1.360832,0.124064,0.045875,1.352985,-0.176030,0.015888,1.125453,0.119634,0.015769,1.035350,-0.182449,0.032885
1.271524,-0.029819,0.185889,1.459375,0.078455,0.191353,1.463512,-0.130687,0.188678,1.079537,0.071048,0.183099,1.083674,-0.138094,0.180424,1.383891,0.124226,0.050504,1.354098,-0.176104,0.015903,1.126593,0.119579,0.015933,1.055128,-0.182333,0.040587
1.284164,-0.030237,0.186584,1.472022,0.077980,0.192910,1.476125,-0.131152,0.189488,1.092204,0.070679,0.183680,1.096307,-0.138453,0.180258,1.411978,0.124552,0.053255,1.355221,-0.176148,0.015845,1.127689,0.119583,0.016016,1.075755,-0.182151,0.047641
1.296869,-0.030375,0.187239,1.484722,0.077804,0.194282,1.488809,-0.131320,0.190434,1.104929,0.070570,0.184043,1.109016,-0.138554,0.180195,1.444686,0.125053,0.054910,1.356361,-0.176164,0.015895,1.128757,0.119595,0.015967,1.099636,-0.181841,0.051746
1.309731,-0.030121,0.187456,1.497578,0.078043,0.194866,1.501655,-0.131082,0.191038,1.117806,0.070841,0.183874,1.121883,-0.138285,0.180046,1.478285,0.125708,0.054210,1.357513,-0.176154,0.015955,1.129886,0.119618,0.015864,1.128370,-0.181258,0.050782
1.322922,-0.029178,0.186965,1.510785,0.078972,0.194178,1.514821,-0.130166,0.191099,1.131022,0.071811,0.182830,1.135058,-0.137327,0.179751,1.508290,0.126557,0.046787,1.358704,-0.176065,0.016021,1.131086,0.119733,0.015871,1.162923,-0.180279,0.045629
1.336622,-0.027334,0.185540,1.524531,0.080816,0.191478,1.528499,-0.128343,0.190182,1.144745,0.073675,0.180898,1.148714,-0.135483,0.179602,1.530287,0.127389,0.029203,1.359888,-0.175921,0.015938,1.132334,0.119922,0.015806,1.201252,-0.179091,0.041731
1.350668,-0.025126,0.183596,1.538547,0.083185,0.186960,1.542638,-0.125973,0.187900,1.158698,0.075721,0.179292,1.162789,-0.133437,0.180233,1.532524,0.127757,0.015798,1.361158,-0.175755,0.015790,1.133615,0.119955,0.015819,1.239571,-0.178029,0.039150
1.364254,-0.024454,0.182829,1.552148,0.083864,0.184891,1.556246,-0.125291,0.186317,1.172262,0.076384,0.179341,1.176360,-0.132771,0.180767,1.533520,0.127807,0.015927,1.365539,-0.175649,0.015798,1.134624,0.119992,0.015904,1.269182,-0.177442,0.029771
1.377371,-0.025090,0.182180,1.565294,0.083165,0.184783,1.569336,-0.125996,0.185111,1.185406,0.075815,0.179249,1.189448,-0.133346,0.179578,1.534652,0.127766,0.015897,1.380750,-0.175365,0.015681,1.137458,0.120090,0.015851,1.280391,-0.177304,0.015909
1.390024,-0.025203,0.181788,1.577916,0.083094,0.184873,1.582011,-0.126066,0.184783,1.198037,0.075659,0.178793,1.202133,-0.133501,0.178703,1.535788,0.127801,0.015970,1.407053,-0.174878,0.017874,1.150492,0.120257,0.015913,1.281581,-0.177334,0.015756
1.402561,-0.024255,0.182114,1.590447,0.084056,0.185076,1.594544,-0.125102,0.185806,1.210578,0.076592,0.178423,1.214676,-0.132567,0.179153,1.536935,0.127877,0.015860,1.436262,-0.174229,0.023171,1.171239,0.120732,0.021396,1.282752,-0.177263,0.015669
1.415051,-0.022606,0.182965,1.602897,0.085780,0.185628,1.607050,-0.123365,0.187990,1.223052,0.078152,0.177941,1.227204,-0.130993,0.180302,1.538096,0.128038,0.015790,1.473124,-0.173301,0.027229,1.195149,0.121372,0.028458,1.283915,-0.177186,0.015846
1.427597,-0.020792,0.183889,1.615444,0.087604,0.186085,1.619576,-0.121514,0.190222,1.235618,0.079931,0.177556,1.239750,-0.129188,0.181693,1.539246,0.128198,0.015825,1.505844,-0.172318,0.034076,1.218638,0.122246,0.035164,1.285000,-0.177041,0.015914
1.440207,-0.019132,0.184962,1.628054,0.089273,0.186593,1.632174,-0.119808,0.192329,1.248240,0.081543,0.177595,1.252359,-0.127537,0.183332,1.540383,0.128337,0.015852,1.534149,-0.171342,0.041894,1.240989,0.123125,0.040859,1.286049,-0.176943,0.015928
1.452873,-0.017854,0.186343,1.640721,0.090557,0.187585,1.644831,-0.118490,0.194455,1.260916,0.082783,0.178232,1.265025,-0.126264,0.185102,1.541499,0.128450,0.015967,1.560243,-0.170425,0.048732,1.263595,0.123927,0.044582,1.287029,-0.176876,0.015871
