0.010139,0.000875,0.351669,0.197829,0.109453,0.356636,0.202313,-0.099126,0.341159,-0.182034,0.100876,0.362178,-0.177550,-0.107702,0.346702,0.175745,0.170037,0.148099,0.208246,-0.129138,0.133007,-0.173433,0.162221,0.152279,-0.171477,-0.138283,0.146242
0.015656,0.001610,0.345124,0.201939,0.112586,0.350015,0.209011,-0.095628,0.330998,-0.177700,0.098847,0.359251,-0.170628,-0.109366,0.340234,0.198075,0.178394,0.128039,0.169533,-0.120376,0.087302,-0.151594,0.166834,0.124567,-0.132857,-0.132499,0.107574
0.022560,0.002529,0.333648,0.207802,0.115219,0.338902,0.216746,-0.092646,0.317070,-0.171625,0.097705,0.350225,-0.162682,-0.110161,0.328393,0.206078,0.184963,0.109668,0.140741,-0.114996,0.063212,-0.152062,0.169962,0.105781,-0.121152,-0.128315,0.082741
0.030212,0.003607,0.318488,0.214852,0.117271,0.323969,0.224859,-0.090375,0.300559,-0.164434,0.097588,0.336417,-0.154427,-0.110057,0.313007,0.200959,0.189356,0.084794,0.130938,-0.111525,0.041850,-0.165278,0.171511,0.086522,-0.124312,-0.125210,0.054130
0.037888,0.004749,0.299445,0.221969,0.119300,0.305210,0.232966,-0.088163,0.280656,-0.157190,0.097662,0.318234,-0.146194,-0.109801,0.293680,0.187420,0.193429,0.050634,0.140379,-0.108113,0.020523,-0.181372,0.171638,0.069600,-0.131088,-0.122322,0.019004
0.045700,0.008110,0.281066,0.229504,0.123250,0.281245,0.240492,-0.084302,0.257457,-0.149091,0.100523,0.304675,-0.138104,-0.107030,0.280887,0.171620,0.196455,0.015494,0.145288,-0.107440,0.015659,-0.193814,0.171604,0.063534,-0.129935,-0.122032,0.015853
0.054306,0.011988,0.271088,0.237761,0.127618,0.267203,0.248953,-0.080122,0.245212,-0.140341,0.104097,0.296965,-0.129149,-0.103643,0.274974,0.170943,0.196396,0.015837,0.145511,-0.107171,0.015719,-0.189686,0.172141,0.061430,-0.128877,-0.121960,0.015782
0.063095,0.014458,0.267687,0.246525,0.130122,0.263632,0.257840,-0.077739,0.242879,-0.131650,0.106654,0.292496,-0.120335,-0.101206,0.271743,0.171341,0.196516,0.015799,0.159497,-0.106274,0.016912,-0.169589,0.173582,0.059634,-0.128147,-0.121824,0.015838
0.072884,0.016600,0.267675,0.256335,0.132239,0.263898,0.267749,-0.075734,0.244370,-0.121982,0.108934,0.290980,-0.110568,-0.099040,0.271452,0.172083,0.196642,0.015659,0.179085,-0.105119,0.018601,-0.143167,0.175135,0.060450,-0.127597,-0.121701,0.015944
0.083542,0.018526,0.268419,0.266994,0.134166,0.264696,0.278494,-0.073901,0.246232,-0.111410,0.110953,0.290606,-0.099911,-0.097113,0.272143,0.172935,0.196756,0.015746,0.198569,-0.103911,0.019670,-0.115940,0.176589,0.063088,-0.127108,-0.121588,0.016040
0.094368,0.019968,0.268245,0.277822,0.135608,0.264617,0.289375,-0.072509,0.246768,-0.100639,0.112445,0.289721,-0.089086,-0.095672,0.271872,0.173734,0.196843,0.015941,0.220500,-0.102442,0.018498,-0.088724,0.178085,0.064772,-0.126650,-0.121508,0.016099
0.105362,0.020891,0.266589,0.288809,0.136536,0.262758,0.300357,-0.071591,0.245027,-0.089634,0.113374,0.288151,-0.078085,-0.094754,0.270419,0.174525,0.196898,0.016037,0.231216,-0.101623,0.016276,-0.060367,0.179804,0.063702,-0.126050,-0.121432,0.016096
0.116074,0.021732,0.264421,0.299542,0.137344,0.260611,0.311058,-0.070789,0.242928,-0.078911,0.114254,0.285915,-0.067395,-0.093879,0.268231,0.175301,0.196928,0.016088,0.231969,-0.101560,0.015906,-0.029368,0.182180,0.056372,-0.125393,-0.121347,0.016063
0.126450,0.023266,0.261996,0.309931,0.138856,0.258153,0.321466,-0.069330,0.241119,-0.068566,0.115862,0.282872,-0.057032,-0.092324,0.265839,0.176312,0.196928,0.016108,0.232742,-0.101482,0.015804,-0.001781,0.184583,0.046382,-0.124784,-0.121307,0.015991
0.136459,0.025732,0.259038,0.319963,0.141285,0.255146,0.331548,-0.067009,0.239525,-0.058629,0.118473,0.278551,-0.047044,-0.089821,0.262931,0.180134,0.197083,0.016098,0.233497,-0.101323,0.015678,0.017954,0.186746,0.033650,-0.124137,-0.121233,0.015935
0.146164,0.029106,0.255755,0.329580,0.144832,0.253054,0.341589,-0.063599,0.239754,-0.049261,0.121811,0.271756,-0.037252,-0.086620,0.258456,0.190757,0.197572,0.016079,0.234349,-0.101102,0.015744,0.027789,0.188164,0.016369,-0.120770,-0.121562,0.015737
0.155106,0.031790,0.254425,0.338484,0.147587,0.252275,0.350691,-0.060932,0.240626,-0.040479,0.124511,0.268224,-0.028273,-0.084007,0.256575,0.216804,0.199205,0.017022,0.235013,-0.100747,0.015888,0.028663,0.188251,0.015940,-0.109785,-0.120930,0.015865
0.164452,0.033455,0.255983,0.347939,0.149081,0.253962,0.360002,-0.059498,0.243297,-0.031099,0.126408,0.268670,-0.019036,-0.082171,0.258005,0.251255,0.200717,0.026274,0.235898,-0.100639,0.016003,0.029378,0.188412,0.015970,-0.095222,-0.120465,0.029235
0.174522,0.034809,0.258871,0.358102,0.150300,0.257626,0.370081,-0.058322,0.247711,-0.021037,0.127940,0.270031,-0.009057,-0.080681,0.260116,0.277569,0.201794,0.035800,0.236982,-0.100531,0.016067,0.030047,0.188524,0.015969,-0.073934,-0.119359,0.036573
0.184799,0.036081,0.261481,0.368458,0.151452,0.261094,0.380365,-0.057204,0.251833,-0.010767,0.129366,0.271128,0.001140,-0.079289,0.261868,0.304181,0.203135,0.040669,0.238100,-0.100426,0.016049,0.030689,0.188628,0.015907,-0.046773,-0.117608,0.036918
0.195122,0.037437,0.263093,0.378830,0.152729,0.263386,0.390697,-0.055957,0.254800,-0.000454,0.130832,0.271387,0.011413,-0.077854,0.262800,0.334912,0.204894,0.042218,0.239189,-0.100306,0.015928,0.031395,0.188722,0.015789,-0.014923,-0.115525,0.034632
0.205414,0.038954,0.263273,0.389177,0.154158,0.263782,0.400970,-0.054563,0.255963,0.009857,0.132470,0.270583,0.021651,-0.076251,0.262763,0.367592,0.206858,0.040493,0.240229,-0.100201,0.015769,0.032153,0.188835,0.015650,0.020488,-0.113205,0.031466
0.215714,0.040773,0.261547,0.399573,0.155826,0.261478,0.411191,-0.052940,0.254666,0.020236,0.134487,0.268428,0.031854,-0.074279,0.261615,0.399038,0.208728,0.035092,0.241193,-0.100154,0.015883,0.032951,0.188988,0.015651,0.058473,-0.110715,0.027895
0.226158,0.042978,0.257668,0.410183,0.157750,0.255810,0.421454,-0.051071,0.250218,0.030862,0.137027,0.265118,0.042134,-0.071794,0.259527,0.425040,0.210269,0.024836,0.242069,-0.100012,0.015923,0.033782,0.189392,0.015838,0.095852,-0.108159,0.025441
0.236778,0.045120,0.252160,0.420853,0.159740,0.247684,0.431917,-0.049118,0.243158,0.041639,0.139359,0.261161,0.052704,-0.069500,0.256635,0.429381,0.210739,0.015922,0.244091,-0.099669,0.015917,0.034604,0.189824,0.015950,0.128364,-0.105938,0.022319
0.247162,0.045925,0.247828,0.431321,0.160413,0.243434,0.442238,-0.048454,0.238926,0.052086,0.140304,0.256731,0.063003,-0.068562,0.252223,0.429767,0.210764,0.015919,0.258917,-0.098743,0.015817,0.035609,0.190160,0.016016,0.143323,-0.104788,0.015966
0.257446,0.046438,0.246430,0.441626,0.160922,0.242915,0.452558,-0.047943,0.238386,0.062334,0.140819,0.254474,0.073266,-0.068046,0.249945,0.430416,0.210782,0.015834,0.282104,-0.097557,0.015599,0.036326,0.190151,0.016029,0.144245,-0.104778,0.015880
0.267693,0.047571,0.247311,0.451874,0.162071,0.244445,0.462853,-0.046802,0.240446,0.072532,0.141945,0.254176,0.083511,-0.066929,0.250177,0.431174,0.210881,0.015860,0.304259,-0.096391,0.017504,0.038721,0.190241,0.016426,0.145011,-0.104730,0.015806
0.277992,0.049450,0.249408,0.462183,0.163938,0.246649,0.473179,-0.044954,0.243810,0.082806,0.143854,0.255006,0.093802,-0.065038,0.252167,0.432014,0.211004,0.015756,0.322836,-0.095368,0.021833,0.045900,0.190625,0.019770,0.145645,-0.104613,0.015755
0.288406,0.051859,0.252339,0.472610,0.166323,0.249473,0.483611,-0.042584,0.248208,0.093202,0.146301,0.256471,0.104203,-0.062605,0.255205,0.432902,0.211161,0.015879,0.335388,-0.094574,0.028801,0.058581,0.191398,0.024294,0.146219,-0.104456,0.015669
0.298912,0.054544,0.255763,0.483131,0.168983,0.252863,0.494131,-0.039927,0.253358,0.103693,0.149016,0.258167,0.114693,-0.059894,0.258662,0.433820,0.211338,0.015870,0.346133,-0.093747,0.036569,0.074547,0.192451,0.028888,0.146687,-0.104299,0.015592
0.309517,0.057350,0.259414,0.493758,0.171753,0.256526,0.504738,-0.037146,0.258825,0.114296,0.151846,0.260004,0.125276,-0.057053,0.262303,0.434776,0.211521,0.015872,0.358355,-0.092725,0.043503,0.091834,0.193696,0.034165,0.147142,-0.104133,0.015643
0.320099,0.060148,0.263109,0.504363,0.174514,0.260216,0.515311,-0.034360,0.264273,0.124886,0.154657,0.261944,0.135835,-0.054217,0.266002,0.435693,0.211690,0.015919,0.373493,-0.091501,0.048739,0.109710,0.195074,0.040158,0.147510,-0.103988,0.015688
0.330673,0.062786,0.266668,0.514964,0.177110,0.263796,0.525866,-0.031729,0.269442,0.135480,0.157301,0.263894,0.146383,-0.051538,0.269540,0.436631,0.211850,0.015977,0.392027,-0.090121,0.052080,0.128021,0.196559,0.046317,0.147846,-0.103851,0.015718
0.341194,0.065172,0.269772,0.525503,0.179468,0.266933,0.536368,-0.029332,0.273949,0.146021,0.159676,0.265595,0.156886,-0.049123,0.272611,0.437614,0.211999,0.015965,0.413776,-0.088655,0.053501,0.146369,0.198049,0.051819,0.148151,-0.103745,0.015778
0.351685,0.067198,0.272034,0.536007,0.181473,0.269276,0.546838,-0.027290,0.277371,0.156532,0.161686,0.266696,0.167362,-0.047077,0.274791,0.438578,0.212136,0.015838,0.438647,-0.087145,0.053084,0.164750,0.199478,0.055748,0.148489,-0.103643,0.015814
0.362076,0.068792,0.273206,0.546408,0.183054,0.270507,0.557212,-0.025678,0.279385,0.166939,0.163263,0.267027,0.177744,-0.045469,0.275905,0.439487,0.212236,0.015758,0.466577,-0.085637,0.050973,0.183828,0.200773,0.057415,0.148844,-0.103579,0.015839
0.372421,0.069902,0.273268,0.556757,0.184158,0.270609,0.567548,-0.024556,0.279933,0.177295,0.164361,0.266603,0.188085,-0.044353,0.275927,0.440378,0.212316,0.015862,0.497584,-0.084118,0.047366,0.205215,0.201956,0.056092,0.149274,-0.103533,0.015870
0.382675,0.070431,0.272349,0.567012,0.184685,0.269734,0.577799,-0.024026,0.279099,0.187551,0.164888,0.265600,0.198338,-0.043824,0.274965,0.441220,0.212353,0.015961,0.531454,-0.082573,0.042981,0.230610,0.203080,0.051879,0.149763,-0.103516,0.015880
0.393021,0.070374,0.270604,0.577354,0.184631,0.267841,0.588156,-0.024097,0.276809,0.197885,0.164844,0.264398,0.208687,-0.043884,0.273366,0.442020,0.212360,0.016003,0.564782,-0.081159,0.037100,0.258962,0.204193,0.046424,0.150273,-0.103522,0.015895
0.403671,0.069702,0.267917,0.587985,0.183974,0.264545,0.598840,-0.024787,0.272634,0.208503,0.164192,0.263200,0.219357,-0.044570,0.271288,0.442793,0.212341,0.015991,0.592117,-0.080176,0.027608,0.287289,0.205220,0.040899,0.150807,-0.103575,0.015888
0.414948,0.068468,0.264192,0.599241,0.182718,0.259297,0.610131,-0.026090,0.266047,0.219764,0.163026,0.262336,0.230654,-0.045781,0.269086,0.443553,0.212267,0.015940,0.603863,-0.080042,0.015788,0.311020,0.205979,0.035232,0.151374,-0.103636,0.015896
0.426125,0.068249,0.260764,0.610382,0.182506,0.254791,0.621314,-0.026315,0.261019,0.230935,0.162812,0.260509,0.241867,-0.046009,0.266738,0.448972,0.212464,0.015911,0.604216,-0.080058,0.015768,0.328407,0.206400,0.024233,0.152002,-0.103726,0.015958
0.436562,0.069141,0.258125,0.620850,0.183360,0.252385,0.631734,-0.025454,0.258934,0.241389,0.163737,0.257316,0.252273,-0.045077,0.263865,0.465814,0.213397,0.015924,0.604750,-0.080021,0.015761,0.334695,0.206559,0.015789,0.152673,-0.103576,0.016005
0.446320,0.069458,0.257522,0.630603,0.183692,0.251916,0.641498,-0.025125,0.258329,0.251142,0.164041,0.256716,0.262036,-0.044776,0.263128,0.489210,0.214608,0.016129,0.605371,-0.079990,0.015817,0.335489,0.206579,0.015837,0.158573,-0.103297,0.015965
0.455948,0.069044,0.258331,0.640253,0.183269,0.253284,0.651110,-0.025573,0.258935,0.260785,0.163661,0.257727,0.271643,-0.045180,0.263378,0.516299,0.216029,0.019584,0.606057,-0.080021,0.015840,0.336162,0.206564,0.015867,0.169993,-0.102625,0.018259
0.465965,0.067989,0.260322,0.650288,0.182227,0.256348,0.661119,-0.026647,0.260696,0.270811,0.162626,0.259949,0.281642,-0.046249,0.264297,0.535463,0.217009,0.026469,0.606850,-0.080078,0.015862,0.336828,0.206489,0.015877,0.184490,-0.101859,0.021629
0.476204,0.066450,0.263225,0.660544,0.180698,0.260483,0.671349,-0.028206,0.263157,0.281059,0.161106,0.263294,0.291864,-0.047798,0.265968,0.550391,0.217618,0.034200,0.607684,-0.080178,0.015921,0.337398,0.206368,0.015936,0.202293,-0.101041,0.024161
0.486542,0.064672,0.266594,0.670891,0.178929,0.265130,0.681682,-0.029991,0.265950,0.291402,0.159336,0.267238,0.302193,-0.049584,0.268058,0.565815,0.218134,0.041239,0.608540,-0.080261,0.015924,0.337837,0.206259,0.015884,0.222183,-0.100175,0.026674
0.496895,0.062832,0.270012,0.681248,0.177090,0.269857,0.692033,-0.031829,0.268821,0.301756,0.157493,0.271203,0.312542,-0.051427,0.270167,0.584077,0.218690,0.047106,0.609473,-0.080348,0.015870,0.338264,0.206155,0.015832,0.242963,-0.099337,0.029741
0.507263,0.061064,0.273116,0.691608,0.175329,0.274292,0.702410,-0.033573,0.271502,0.312116,0.155700,0.274730,0.322918,-0.053202,0.271941,0.605895,0.219385,0.051638,0.610446,-0.080428,0.015780,0.338701,0.206048,0.015755,0.264472,-0.098546,0.032840
0.517548,0.059509,0.275567,0.701877,0.173779,0.278098,0.712709,-0.035095,0.273747,0.322387,0.154114,0.277386,0.333219,-0.054760,0.273035,0.631159,0.220286,0.054715,0.611343,-0.080502,0.015933,0.339105,0.205953,0.015683,0.287297,-0.097708,0.035179
0.527718,0.058319,0.277088,0.712018,0.172593,0.281062,0.722898,-0.036247,0.275425,0.332537,0.152886,0.278750,0.343417,-0.055955,0.273113,0.659458,0.221446,0.056441,0.612286,-0.080536,0.015995,0.339600,0.205885,0.015595,0.312746,-0.096684,0.036112
0.537766,0.057512,0.277457,0.722040,0.171774,0.282797,0.732958,-0.037035,0.276151,0.342573,0.152060,0.278763,0.353491,-0.056749,0.272117,0.689572,0.222803,0.056870,0.613195,-0.080554,0.016050,0.340172,0.205843,0.015679,0.341519,-0.095393,0.035931
0.547745,0.057104,0.276541,0.731989,0.171362,0.282881,0.742950,-0.037420,0.275506,0.352539,0.151629,0.277575,0.363500,-0.057154,0.270200,0.719720,0.224302,0.055183,0.614031,-0.080562,0.016003,0.340792,0.205800,0.015819,0.373685,-0.093840,0.034673
0.557739,0.057259,0.274182,0.741988,0.171476,0.281122,0.752932,-0.037295,0.273393,0.362547,0.151812,0.274972,0.373491,-0.056958,0.267243,0.748683,0.225864,0.051703,0.614814,-0.080547,0.015918,0.341542,0.205844,0.015949,0.407932,-0.092032,0.033218
0.567749,0.058062,0.270055,0.752007,0.172273,0.276834,0.762936,-0.036502,0.269201,0.372562,0.152625,0.270908,0.383491,-0.056150,0.263275,0.774175,0.227430,0.045599,0.615497,-0.080500,0.015838,0.342339,0.205904,0.016045,0.441646,-0.090182,0.031726
0.577980,0.059402,0.264035,0.762334,0.173542,0.269231,0.773112,-0.035260,0.262134,0.382848,0.154065,0.265935,0.393626,-0.054737,0.258838,0.791313,0.228625,0.032382,0.616030,-0.080531,0.015760,0.343199,0.206048,0.016072,0.469972,-0.088520,0.028999
0.588585,0.060896,0.256512,0.772976,0.175072,0.258750,0.783686,-0.033750,0.252175,0.393484,0.155542,0.260848,0.404194,-0.053280,0.254273,0.791905,0.229220,0.015949,0.616735,-0.080402,0.015779,0.344075,0.206249,0.015993,0.488475,-0.087191,0.022466
0.598984,0.061369,0.250388,0.783374,0.175559,0.251842,0.794070,-0.033257,0.245061,0.403898,0.155995,0.255714,0.414594,-0.052821,0.248933,0.791985,0.229197,0.015835,0.626406,-0.079932,0.015727,0.344956,0.206296,0.015924,0.493843,-0.086729,0.015940
0.609032,0.061838,0.247566,0.793395,0.176076,0.248685,0.804131,-0.032736,0.241818,0.413932,0.156412,0.253314,0.424669,-0.052400,0.246447,0.792373,0.229215,0.015838,0.645591,-0.078989,0.015789,0.345804,0.206252,0.015864,0.494786,-0.086746,0.015863
0.619164,0.063202,0.247837,0.803513,0.177460,0.249111,0.814287,-0.031372,0.242976,0.424040,0.157776,0.252699,0.434814,-0.051056,0.246564,0.793060,0.229304,0.015820,0.660941,-0.078274,0.020336,0.353636,0.206633,0.015804,0.495580,-0.086671,0.015786
0.629402,0.065474,0.250186,0.813735,0.179757,0.251593,0.824554,-0.029112,0.246971,0.434250,0.160059,0.253401,0.445069,-0.048809,0.248778,0.793832,0.229466,0.015790,0.673941,-0.077556,0.026474,0.370455,0.207530,0.016029,0.496214,-0.086524,0.015701
0.639877,0.068430,0.253462,0.824197,0.182734,0.254898,0.835046,-0.026169,0.252334,0.444708,0.163029,0.254591,0.455558,-0.045874,0.252027,0.794720,0.229651,0.015860,0.684538,-0.076818,0.033768,0.392726,0.208764,0.016620,0.496767,-0.086347,0.015609
0.650528,0.071787,0.256826,0.834837,0.186109,0.258214,0.845698,-0.022809,0.257964,0.455358,0.166383,0.255689,0.466219,-0.042535,0.255439,0.795630,0.229872,0.015849,0.695699,-0.075859,0.040709,0.416236,0.210145,0.018098,0.497299,-0.086144,0.015637
0.661224,0.075356,0.259891,0.845529,0.189688,0.261011,0.856380,-0.019219,0.263186,0.466068,0.169930,0.256595,0.476920,-0.038977,0.258771,0.796518,0.230102,0.015857,0.708729,-0.074663,0.046216,0.438196,0.211543,0.021055,0.497766,-0.085939,0.015696
0.671867,0.078960,0.262655,0.856185,0.193275,0.263268,0.866991,-0.015595,0.267856,0.476743,0.173516,0.257454,0.487550,-0.035354,0.262042,0.797363,0.230318,0.015827,0.724028,-0.073296,0.050154,0.458066,0.212978,0.025576,0.498188,-0.085737,0.015718
0.682419,0.082407,0.265332,0.866762,0.196681,0.265413,0.877498,-0.012131,0.272261,0.487340,0.176945,0.258403,0.498075,-0.031867,0.265251,0.798195,0.230510,0.015961,0.741878,-0.071834,0.052824,0.477070,0.214496,0.031085,0.498516,-0.085560,0.015805
0.692894,0.085579,0.268084,0.877263,0.199812,0.267759,0.887924,-0.008929,0.276603,0.497863,0.180086,0.259564,0.508525,-0.028654,0.268409,0.799055,0.230700,0.016003,0.762362,-0.070301,0.054538,0.496532,0.216131,0.036838,0.498802,-0.085404,0.015809
0.703300,0.088367,0.270740,0.887693,0.202562,0.270159,0.898281,-0.006106,0.280669,0.508320,0.182841,0.260811,0.518908,-0.025827,0.271321,0.799986,0.230876,0.015983,0.785414,-0.068750,0.055287,0.516641,0.217818,0.042181,0.499074,-0.085268,0.015812
0.713638,0.090698,0.272958,0.898041,0.204875,0.272296,0.908577,-0.003725,0.284103,0.518699,0.185122,0.261813,0.529236,-0.023479,0.273620,0.800935,0.231036,0.015836,0.811205,-0.067195,0.054931,0.537076,0.219440,0.046434,0.499329,-0.085163,0.015799
0.723885,0.092533,0.274275,0.908300,0.206688,0.273470,0.918791,-0.001858,0.286235,0.528978,0.186924,0.262314,0.539469,-0.021622,0.275080,0.801848,0.231151,0.015759,0.839521,-0.065707,0.053137,0.558008,0.220904,0.048742,0.499616,-0.085090,0.015812
0.733971,0.093805,0.274477,0.918401,0.207935,0.273517,0.928854,-0.000577,0.286865,0.539087,0.188188,0.262089,0.549540,-0.020324,0.275437,0.802707,0.231244,0.015908,0.870441,-0.064269,0.049986,0.580826,0.222175,0.048001,0.499956,-0.085028,0.015846
0.743980,0.094414,0.273689,0.928416,0.208534,0.272645,0.938860,0.000030,0.286128,0.549100,0.188797,0.261250,0.559544,-0.019707,0.274733,0.803498,0.231283,0.016005,0.904001,-0.062812,0.046506,0.606877,0.223289,0.044684,0.500353,-0.085014,0.015838
0.754128,0.094471,0.271887,0.938566,0.208582,0.270388,0.949040,0.000063,0.283611,0.559215,0.188879,0.260163,0.569689,-0.019640,0.273386,0.804273,0.231304,0.016034,0.935667,-0.061578,0.041240,0.634007,0.224286,0.040221,0.500819,-0.085030,0.015848
0.764633,0.093916,0.269098,0.949074,0.208007,0.266660,0.959608,-0.000553,0.279171,0.569658,0.188385,0.259024,0.580192,-0.020175,0.271535,0.805006,0.231285,0.016024,0.959639,-0.060960,0.032132,0.659012,0.225061,0.035196,0.501313,-0.085080,0.015950
0.775665,0.092728,0.265202,0.960102,0.206775,0.261050,0.970717,-0.001850,0.272333,0.580613,0.187306,0.258072,0.591228,-0.021320,0.269354,0.805703,0.231241,0.015978,0.971343,-0.061166,0.017676,0.678545,0.225489,0.029251,0.501795,-0.085149,0.015975
0.786629,0.091970,0.261422,0.971019,0.206070,0.256659,0.981735,-0.002596,0.267050,0.591522,0.186537,0.255793,0.602239,-0.022129,0.266184,0.806518,0.231198,0.015884,0.971703,-0.061192,0.015747,0.692015,0.225576,0.021083,0.502503,-0.085276,0.016004
0.796837,0.092169,0.258538,0.981227,0.206273,0.253870,0.991943,-0.002400,0.264139,0.601730,0.186738,0.252938,0.612447,-0.021935,0.263207,0.823312,0.232019,0.015931,0.972189,-0.061205,0.015710,0.697842,0.225570,0.015825,0.503160,-0.085276,0.016027
0.806412,0.091953,0.257580,0.990840,0.205994,0.252889,1.001489,-0.002709,0.262590,0.611335,0.186616,0.252570,0.621983,-0.022088,0.262272,0.844617,0.233075,0.015895,0.972696,-0.061209,0.015780,0.698620,0.225625,0.015877,0.507632,-0.084928,0.016000
0.815819,0.091103,0.258138,1.000277,0.205119,0.254069,1.010871,-0.003635,0.262679,0.620767,0.185840,0.253597,0.631360,-0.022914,0.262206,0.862796,0.234041,0.020132,0.973294,-0.061271,0.015804,0.699313,0.225572,0.015952,0.517556,-0.084393,0.015946
0.825279,0.089626,0.259597,1.009777,0.203611,0.256580,1.020297,-0.005207,0.263574,0.630261,0.184460,0.255620,0.640781,-0.024358,0.262613,0.882918,0.234976,0.024366,0.973971,-0.061372,0.015812,0.699933,0.225477,0.015966,0.531259,-0.083671,0.015913
0.834946,0.087685,0.261661,1.019476,0.201645,0.259980,1.029935,-0.007233,0.264977,0.639957,0.182602,0.258344,0.650416,-0.026276,0.263342,0.900276,0.235681,0.029432,0.974658,-0.061480,0.015904,0.700484,0.225354,0.015958,0.547452,-0.082872,0.015887
0.844780,0.085478,0.264096,1.029332,0.199415,0.263843,1.039748,-0.009507,0.266658,0.649812,0.180462,0.261534,0.660228,-0.028459,0.264349,0.915937,0.236191,0.035174,0.975410,-0.061603,0.015930,0.701005,0.225215,0.015899,0.565931,-0.082017,0.016030
0.854713,0.083141,0.266720,1.039271,0.197064,0.267858,1.049675,-0.011876,0.268423,0.659752,0.178159,0.265017,0.670156,-0.030782,0.265581,0.931064,0.236568,0.040293,0.976197,-0.061724,0.015919,0.701451,0.225068,0.015833,0.584490,-0.081224,0.017752
0.864769,0.080816,0.269368,1.049306,0.194750,0.271939,1.059744,-0.014184,0.270311,0.669794,0.175816,0.268424,0.680232,-0.033117,0.266796,0.948606,0.236989,0.045753,0.977053,-0.061840,0.015858,0.701896,0.224897,0.015745,0.604452,-0.080489,0.020121
0.874878,0.078554,0.271946,1.059398,0.192471,0.276017,1.069861,-0.016434,0.272272,0.679895,0.173542,0.271619,0.690358,-0.035362,0.267874,0.969173,0.237500,0.050941,0.977922,-0.061955,0.015775,0.702266,0.224765,0.015668,0.625240,-0.079759,0.023541
0.885002,0.076485,0.274259,1.069488,0.190390,0.279872,1.080003,-0.018468,0.274178,0.690002,0.171437,0.274341,0.700516,-0.037421,0.268647,0.993596,0.238222,0.055105,0.978818,-0.062046,0.015942,0.702658,0.224653,0.015595,0.647601,-0.079018,0.026888
0.895081,0.074739,0.276022,1.079528,0.188619,0.283224,1.090095,-0.020184,0.275853,0.700066,0.169663,0.276191,0.710634,-0.039140,0.268820,1.021589,0.239179,0.057892,0.979749,-0.062131,0.016006,0.703101,0.224551,0.015658,0.672496,-0.078137,0.028914
0.905014,0.073380,0.276868,1.089417,0.187224,0.285591,1.100039,-0.021522,0.276819,0.709989,0.168281,0.276916,0.720611,-0.040465,0.268145,1.051778,0.240363,0.059378,0.980671,-0.062188,0.016066,0.703585,0.224478,0.015780,0.700320,-0.077025,0.029665
0.914818,0.072445,0.276487,1.099184,0.186244,0.286486,1.109846,-0.022450,0.276599,0.719790,0.167340,0.276375,0.730451,-0.041354,0.266488,1.082230,0.241726,0.058782,0.981504,-0.062222,0.016020,0.704128,0.224441,0.015886,0.731362,-0.075625,0.029195
0.924675,0.072063,0.274748,1.109020,0.185810,0.285693,1.119695,-0.022848,0.275075,0.729655,0.166974,0.274421,0.740330,-0.041683,0.263802,1.111737,0.243187,0.056384,0.982377,-0.062254,0.015948,0.704808,0.224424,0.015975,0.764547,-0.074029,0.028345
0.934502,0.072367,0.271329,1.118847,0.186078,0.282635,1.129512,-0.022565,0.271725,0.739492,0.167299,0.270934,0.750156,-0.041344,0.260023,1.138542,0.244721,0.051909,0.983048,-0.062242,0.015836,0.705523,0.224462,0.016062,0.797938,-0.072300,0.027234
0.944435,0.073311,0.265948,1.128858,0.186971,0.276460,1.139414,-0.021686,0.265723,0.749456,0.168308,0.266172,0.760012,-0.040350,0.255435,1.159217,0.246121,0.042360,0.983581,-0.062276,0.015778,0.706361,0.224564,0.016091,0.827524,-0.070640,0.024896
0.954666,0.074709,0.258650,1.139173,0.188435,0.266683,1.149651,-0.020249,0.256401,0.759681,0.169667,0.260898,0.770159,-0.039017,0.250616,1.166243,0.247438,0.021479,0.984048,-0.062273,0.015824,0.707262,0.224661,0.016053,0.848171,-0.069269,0.019353
0.964951,0.075699,0.251692,1.149577,0.189327,0.258236,1.159859,-0.019374,0.248088,0.770042,0.170772,0.255296,0.780324,-0.037929,0.245148,1.166651,0.247516,0.015778,0.985120,-0.062252,0.015919,0.708239,0.224924,0.015955,0.853682,-0.068728,0.015932
0.974762,0.076450,0.248454,1.159369,0.190138,0.254498,1.169691,-0.018566,0.244473,0.779833,0.171467,0.252436,0.790155,-0.037238,0.242410,1.166909,0.247536,0.015793,1.005140,-0.061273,0.015712,0.709186,0.224895,0.015862,0.854585,-0.068720,0.015732
0.984718,0.078197,0.248561,1.169296,0.191941,0.254450,1.179668,-0.016809,0.245486,0.789768,0.173204,0.251637,0.800141,-0.035546,0.242673,1.167475,0.247645,0.015858,1.023589,-0.060423,0.019864,0.717071,0.225266,0.015823,0.855338,-0.068604,0.015672
0.994896,0.080830,0.250775,1.179434,0.194653,0.256353,1.189870,-0.014165,0.249240,0.799922,0.175824,0.252311,0.810358,-0.032994,0.245198,1.168201,0.247820,0.015800,1.039252,-0.059609,0.025646,0.733862,0.226110,0.015881,0.855930,-0.068429,0.015634
1.005287,0.084103,0.253899,1.189783,0.198017,0.258980,1.200280,-0.010865,0.254217,0.810294,0.179070,0.253581,0.820791,-0.029812,0.248818,1.168965,0.248034,0.015852,1.051251,-0.058823,0.032753,0.756529,0.227302,0.016122,0.856479,-0.068222,0.015692
1.015869,0.087749,0.257080,1.200332,0.201744,0.261532,1.210868,-0.007179,0.259364,0.820871,0.182678,0.254795,0.831406,-0.026245,0.252627,1.169787,0.248263,0.015910,1.062698,-0.057881,0.039653,0.780420,0.228616,0.017112,0.856984,-0.068007,0.015737
1.026489,0.091578,0.259930,1.210933,0.205630,0.263643,1.221479,-0.003304,0.264151,0.831500,0.186459,0.255709,0.842045,-0.022475,0.256217,1.170589,0.248499,0.015862,1.075308,-0.056722,0.045197,0.802280,0.229917,0.019218,0.857404,-0.067792,0.015796
1.037125,0.095438,0.262433,1.221569,0.209514,0.265264,1.232090,0.000603,0.268418,0.842159,0.190273,0.256447,0.852680,-0.018638,0.259601,1.171385,0.248735,0.015871,1.089816,-0.055385,0.049194,0.821429,0.231213,0.022685,0.857820,-0.067572,0.015859
1.047653,0.099142,0.264781,1.232113,0.213212,0.266770,1.242582,0.004350,0.272416,0.852724,0.193934,0.257147,0.863194,-0.014928,0.262793,1.172178,0.248950,0.015913,1.106550,-0.053954,0.051881,0.839314,0.232571,0.027234,0.858152,-0.067379,0.015868
1.058044,0.102551,0.267226,1.242530,0.216587,0.268562,1.252923,0.007794,0.276434,0.863166,0.197307,0.258019,0.873559,-0.011486,0.265891,1.172986,0.249142,0.015992,1.125777,-0.052471,0.053695,0.857785,0.234071,0.032391,0.858444,-0.067204,0.015859
1.068352,0.105602,0.269784,1.252862,0.219604,0.270645,1.263178,0.010887,0.280415,0.873526,0.200317,0.259152,0.883842,-0.008400,0.268923,1.173863,0.249334,0.016007,1.147476,-0.050949,0.054777,0.877555,0.235703,0.037664,0.858677,-0.067046,0.015852
1.078583,0.108198,0.272174,1.263108,0.222177,0.272718,1.273364,0.013535,0.284024,0.883802,0.202862,0.260324,0.894057,-0.005781,0.271630,1.174767,0.249493,0.015957,1.171783,-0.049442,0.054968,0.898217,0.237339,0.042522,0.858869,-0.066942,0.015852
1.088699,0.110270,0.274010,1.273238,0.224228,0.274396,1.283439,0.015647,0.286829,0.893960,0.204892,0.261190,0.904161,-0.003689,0.273623,1.175680,0.249629,0.015816,1.198875,-0.047949,0.054047,0.919544,0.238911,0.046156,0.859082,-0.066843,0.015858
1.098686,0.111811,0.274825,1.283239,0.225747,0.274971,1.293402,0.017211,0.288168,0.903971,0.206410,0.261482,0.914134,-0.002126,0.274679,1.176530,0.249736,0.015745,1.228244,-0.046531,0.051600,0.941875,0.240290,0.047183,0.859324,-0.066773,0.015844
1.108566,0.112709,0.274462,1.293132,0.226625,0.274402,1.303272,0.018110,0.287952,0.913861,0.207308,0.260972,0.924001,-0.001207,0.274522,1.177317,0.249795,0.015926,1.260267,-0.045158,0.048238,0.966825,0.241438,0.044842,0.859642,-0.066746,0.015846
1.118500,0.112968,0.273131,1.303074,0.226869,0.272843,1.313217,0.018349,0.286295,0.923782,0.207588,0.259967,0.933925,-0.000932,0.273419,1.178090,0.249818,0.016006,1.292882,-0.043840,0.044457,0.993307,0.242436,0.040911,0.860055,-0.066737,0.015906
1.128662,0.112669,0.270774,1.313248,0.226548,0.269809,1.323431,0.017997,0.282760,0.933894,0.207340,0.258788,0.944076,-0.001210,0.271739,1.178812,0.249816,0.016031,1.319575,-0.043020,0.037379,1.018751,0.243247,0.036110,0.860487,-0.066766,0.015966
1.139343,0.111773,0.267297,1.323944,0.225607,0.264946,1.334194,0.017003,0.276936,0.944492,0.206543,0.257658,0.954743,-0.002062,0.269649,1.179514,0.249782,0.016021,1.334748,-0.043022,0.025146,1.039646,0.243730,0.030311,0.860930,-0.066830,0.016006
1.150490,0.110424,0.262797,1.335115,0.224165,0.258572,1.345393,0.015490,0.269242,0.955587,0.205358,0.256351,0.965865,-0.003317,0.267021,1.180166,0.249693,0.015988,1.335892,-0.043506,0.015709,1.053732,0.243815,0.022807,0.861415,-0.066863,0.015961
1.161087,0.110064,0.258866,1.345708,0.223786,0.254026,1.356003,0.015088,0.264214,0.966171,0.205039,0.253518,0.976466,-0.003659,0.263706,1.187360,0.249913,0.015970,1.336232,-0.043578,0.015697,1.060157,0.243632,0.015833,0.862365,-0.066939,0.016014
1.170609,0.109894,0.256988,1.355272,0.223530,0.251753,1.365491,0.014804,0.261449,0.975726,0.204983,0.252526,0.985945,-0.003742,0.262222,1.207237,0.250879,0.015891,1.336627,-0.043575,0.015761,1.060973,0.243717,0.015883,0.867925,-0.066513,0.015969
1.179886,0.109043,0.257322,1.364567,0.222673,0.252619,1.374754,0.013900,0.261260,0.985018,0.204186,0.253383,0.995204,-0.004587,0.262024,1.226412,0.251856,0.020201,1.337201,-0.043634,0.015800,1.061657,0.243641,0.015947,0.880032,-0.065934,0.015949
1.189331,0.107538,0.259013,1.374035,0.221175,0.255498,1.384180,0.012339,0.262511,0.994483,0.202738,0.255514,1.004627,-0.006098,0.262528,1.247182,0.252805,0.025128,1.337880,-0.043725,0.015814,1.062258,0.243514,0.015961,0.895493,-0.065208,0.015999
1.199059,0.105560,0.261478,1.383801,0.219172,0.259516,1.393873,0.010275,0.264506,1.004244,0.200846,0.258449,1.014317,-0.008052,0.263439,1.264679,0.253472,0.030430,1.338663,-0.043842,0.015902,1.062830,0.243394,0.015946,0.913127,-0.064358,0.015971
1.208916,0.103289,0.264262,1.393683,0.216876,0.263891,1.403705,0.007935,0.266656,1.014126,0.198643,0.261869,1.024148,-0.010299,0.264634,1.280925,0.253960,0.036196,1.339467,-0.043972,0.015931,1.063361,0.243255,0.015891,0.932929,-0.063472,0.015959
