0.015087,-0.010858,0.348119,0.204147,0.095429,0.348950,0.206012,-0.113759,0.347668,-0.175838,0.092044,0.348570,-0.173973,-0.117144,0.347288,0.187751,0.142069,0.131396,0.199364,-0.157957,0.133432,-0.128477,0.139320,0.120104,-0.165645,-0.161368,0.159013
0.020832,-0.016288,0.339782,0.209769,0.090206,0.341516,0.211872,-0.118976,0.339835,-0.170208,0.086401,0.339729,-0.168105,-0.122782,0.338047,0.212194,0.137555,0.108756,0.210383,-0.162523,0.100664,-0.145774,0.134003,0.102989,-0.129813,-0.166072,0.116715
0.025707,-0.021630,0.326703,0.214166,0.085709,0.328337,0.217203,-0.123465,0.327068,-0.165789,0.080205,0.326338,-0.162752,-0.128970,0.325069,0.228807,0.132924,0.073328,0.230095,-0.167197,0.073789,-0.140780,0.127486,0.085296,-0.090396,-0.171883,0.079216
0.030972,-0.026918,0.308771,0.218428,0.082166,0.310036,0.223401,-0.126974,0.309717,-0.161458,0.073137,0.307824,-0.156485,-0.136003,0.307505,0.246854,0.128718,0.039390,0.244416,-0.171543,0.051020,-0.134560,0.119602,0.070428,-0.060549,-0.178786,0.046294
0.036842,-0.032559,0.287220,0.223154,0.078410,0.291081,0.230261,-0.130664,0.289626,-0.156576,0.065545,0.284814,-0.149469,-0.143529,0.283360,0.254024,0.126851,0.016003,0.249185,-0.173679,0.028103,-0.133424,0.113395,0.056964,-0.039354,-0.183401,0.015814
0.039948,-0.038054,0.272282,0.226323,0.072555,0.280699,0.233220,-0.136446,0.274723,-0.153325,0.060337,0.269841,-0.146428,-0.148664,0.263865,0.253314,0.126515,0.015722,0.251353,-0.173944,0.016020,-0.133433,0.112863,0.046861,-0.037797,-0.183478,0.015753
0.040936,-0.041436,0.265131,0.227384,0.068960,0.274674,0.234164,-0.139943,0.265810,-0.152293,0.057070,0.264453,-0.145513,-0.151832,0.255589,0.252905,0.126290,0.015710,0.250370,-0.174327,0.015869,-0.137187,0.112280,0.047506,-0.037275,-0.183660,0.015800
0.041100,-0.043552,0.262656,0.227609,0.066747,0.272122,0.234318,-0.142074,0.261475,-0.152119,0.054969,0.263836,-0.145409,-0.153852,0.253189,0.252724,0.126155,0.015828,0.243909,-0.174865,0.017621,-0.140007,0.111771,0.050451,-0.037128,-0.183802,0.015821
0.040962,-0.044953,0.262740,0.227517,0.065274,0.272133,0.234162,-0.143489,0.260366,-0.152238,0.053582,0.265113,-0.145593,-0.155181,0.253346,0.252738,0.126070,0.015807,0.230945,-0.175598,0.020184,-0.141803,0.111467,0.052098,-0.037157,-0.183886,0.015825
0.040649,-0.045708,0.263870,0.227228,0.064486,0.273190,0.233839,-0.144247,0.260876,-0.152540,0.052832,0.266864,-0.145930,-0.155901,0.254550,0.252827,0.126032,0.015798,0.215494,-0.176316,0.022474,-0.143680,0.111356,0.051720,-0.037241,-0.183927,0.015821
0.040226,-0.045866,0.264956,0.226809,0.064331,0.274165,0.233416,-0.144398,0.261787,-0.152964,0.052666,0.268124,-0.146357,-0.156063,0.255747,0.252913,0.126031,0.015786,0.200025,-0.176905,0.023969,-0.145596,0.111446,0.049001,-0.037315,-0.183936,0.015823
0.039692,-0.045459,0.265309,0.226263,0.064771,0.274355,0.232892,-0.143978,0.262330,-0.153508,0.053061,0.268288,-0.146879,-0.155688,0.256263,0.252866,0.126057,0.015799,0.185364,-0.177332,0.024432,-0.147119,0.111746,0.043754,-0.037408,-0.183910,0.015820
0.039089,-0.044506,0.264535,0.225634,0.065786,0.273359,0.232308,-0.143003,0.262078,-0.154129,0.053991,0.266992,-0.147456,-0.154798,0.255710,0.252738,0.126107,0.015820,0.172045,-0.177592,0.023757,-0.147748,0.112216,0.036005,-0.037428,-0.183858,0.015812
0.038380,-0.043051,0.262400,0.224887,0.067320,0.271028,0.231620,-0.141523,0.260844,-0.154861,0.055422,0.263955,-0.148128,-0.153422,0.253772,0.252477,0.126180,0.015853,0.161007,-0.177653,0.021426,-0.146698,0.112860,0.025098,-0.037392,-0.183776,0.015811
0.037533,-0.041289,0.258825,0.224008,0.069151,0.267269,0.230785,-0.139751,0.258394,-0.155719,0.057172,0.259256,-0.148942,-0.151729,0.250381,0.252081,0.126256,0.015888,0.153657,-0.177484,0.016316,-0.144038,0.113409,0.015812,-0.037312,-0.183658,0.015827
0.036999,-0.040007,0.255906,0.223489,0.070456,0.263686,0.230242,-0.138485,0.255767,-0.156245,0.058472,0.256044,-0.149492,-0.150469,0.248125,0.251738,0.126267,0.015887,0.153519,-0.177377,0.015821,-0.143839,0.113485,0.015798,-0.037329,-0.183547,0.015870
0.036842,-0.039027,0.254597,0.223358,0.071421,0.261967,0.230064,-0.137549,0.254828,-0.156379,0.059495,0.254365,-0.149673,-0.149476,0.247227,0.251512,0.126230,0.015907,0.153456,-0.177343,0.015824,-0.143736,0.113549,0.015829,-0.040553,-0.183593,0.016508
0.036816,-0.038013,0.254372,0.223354,0.072431,0.261208,0.230019,-0.136568,0.254906,-0.156388,0.060543,0.253838,-0.149723,-0.148456,0.247536,0.251461,0.126217,0.015930,0.153469,-0.177294,0.015818,-0.143682,0.113618,0.015845,-0.043650,-0.183667,0.018722
0.036762,-0.036829,0.254732,0.223317,0.073633,0.260793,0.229960,-0.135394,0.255476,-0.156436,0.061736,0.253987,-0.149792,-0.147291,0.248671,0.251388,0.126240,0.015936,0.153509,-0.177216,0.015808,-0.143675,0.113686,0.015848,-0.044088,-0.183654,0.021991
0.036709,-0.035542,0.255337,0.223279,0.074939,0.260505,0.229903,-0.134113,0.256256,-0.156485,0.063030,0.254418,-0.149861,-0.146022,0.250169,0.251311,0.126280,0.015947,0.153549,-0.177128,0.015858,-0.143697,0.113766,0.015842,-0.043012,-0.183543,0.025026
0.036678,-0.034254,0.256015,0.223261,0.076243,0.260298,0.229870,-0.132829,0.257116,-0.156513,0.064320,0.254914,-0.149905,-0.144751,0.251732,0.251262,0.126325,0.015952,0.153600,-0.177046,0.015882,-0.143717,0.113842,0.015831,-0.041900,-0.183399,0.027289
0.036655,-0.033033,0.256662,0.223246,0.077480,0.260113,0.229848,-0.131605,0.257939,-0.156537,0.065538,0.255384,-0.149935,-0.143547,0.253211,0.251201,0.126376,0.015966,0.153639,-0.176970,0.015893,-0.143738,0.113907,0.015822,-0.041325,-0.183260,0.028832
0.036652,-0.031905,0.257218,0.223250,0.078616,0.259898,0.229843,-0.130476,0.258648,-0.156540,0.066666,0.255789,-0.149947,-0.142427,0.254539,0.251178,0.126428,0.015976,0.153691,-0.176900,0.015907,-0.143743,0.113977,0.015808,-0.041183,-0.183128,0.029903
0.036629,-0.030871,0.257672,0.223231,0.079658,0.259642,0.229821,-0.129438,0.259237,-0.156564,0.067695,0.256107,-0.149974,-0.141401,0.255703,0.251129,0.126481,0.015982,0.153729,-0.176838,0.015917,-0.143758,0.114036,0.015800,-0.041259,-0.183012,0.030700
0.036629,-0.029923,0.258032,0.223236,0.080609,0.259347,0.229822,-0.128487,0.259714,-0.156564,0.068641,0.256349,-0.149978,-0.140455,0.256716,0.251099,0.126531,0.015995,0.153773,-0.176784,0.015926,-0.143754,0.114094,0.015791,-0.041324,-0.182902,0.031379
0.036625,-0.029044,0.258310,0.223233,0.081490,0.259019,0.229819,-0.127603,0.260097,-0.156570,0.069515,0.256524,-0.149984,-0.139579,0.257602,0.251063,0.126587,0.015998,0.153813,-0.176729,0.015935,-0.143752,0.114151,0.015780,-0.041296,-0.182792,0.031979
0.036613,-0.028229,0.258534,0.223224,0.082304,0.258679,0.229809,-0.126785,0.260416,-0.156582,0.070327,0.256651,-0.149997,-0.138762,0.258388,0.251018,0.126638,0.016005,0.153827,-0.176682,0.015944,-0.143761,0.114204,0.015772,-0.041195,-0.182686,0.032542
0.036606,-0.027479,0.258723,0.223218,0.083050,0.258350,0.229801,-0.126033,0.260695,-0.156590,0.071074,0.256751,-0.150007,-0.138009,0.259097,0.250987,0.126681,0.016009,0.153848,-0.176646,0.015947,-0.143757,0.114250,0.015765,-0.041035,-0.182589,0.033052
0.036572,-0.026788,0.258890,0.223185,0.083737,0.258039,0.229767,-0.125339,0.260947,-0.156624,0.071763,0.256833,-0.150042,-0.137313,0.259740,0.250943,0.126722,0.016011,0.153857,-0.176612,0.015955,-0.143769,0.114293,0.015759,-0.040866,-0.182498,0.033524
0.036556,-0.026146,0.259042,0.223168,0.084379,0.257755,0.229755,-0.124689,0.261178,-0.156643,0.072398,0.256907,-0.150055,-0.136671,0.260329,0.250927,0.126775,0.016020,0.153898,-0.176572,0.015962,-0.143748,0.114335,0.015748,-0.040663,-0.182408,0.033978
0.036518,-0.025557,0.259186,0.223126,0.084968,0.257498,0.229720,-0.124091,0.261394,-0.156684,0.072978,0.256977,-0.150090,-0.136081,0.260874,0.250909,0.126824,0.016022,0.153902,-0.176538,0.015967,-0.143753,0.114370,0.015740,-0.040485,-0.182326,0.034376
0.036472,-0.025025,0.259321,0.223075,0.085502,0.257259,0.229680,-0.123549,0.261583,-0.156735,0.073498,0.257058,-0.150130,-0.135553,0.261382,0.250889,0.126874,0.016022,0.153916,-0.176505,0.015970,-0.143760,0.114399,0.015738,-0.040371,-0.182255,0.034740
0.036419,-0.024531,0.259449,0.223019,0.085994,0.257042,0.229629,-0.123049,0.261762,-0.156791,0.073986,0.257135,-0.150181,-0.135056,0.261855,0.250867,0.126916,0.016027,0.153927,-0.176477,0.015974,-0.143766,0.114431,0.015730,-0.040265,-0.182185,0.035097
0.036366,-0.024079,0.259575,0.222962,0.086444,0.256852,0.229579,-0.122589,0.261933,-0.156848,0.074431,0.257217,-0.150231,-0.134603,0.262299,0.250847,0.126959,0.016027,0.153944,-0.176449,0.015980,-0.143768,0.114460,0.015730,-0.040132,-0.182119,0.035429
0.036316,-0.023662,0.259693,0.222908,0.086862,0.256670,0.229533,-0.122163,0.262088,-0.156901,0.074840,0.257298,-0.150276,-0.134185,0.262716,0.250826,0.126998,0.016028,0.153952,-0.176426,0.015980,-0.143772,0.114482,0.015724,-0.040007,-0.182061,0.035751
0.036282,-0.023276,0.259801,0.222867,0.087251,0.256489,0.229505,-0.121766,0.262218,-0.156942,0.075213,0.257384,-0.150304,-0.133803,0.263113,0.250820,0.127038,0.016027,0.153970,-0.176403,0.015987,-0.143769,0.114498,0.015718,-0.039869,-0.182009,0.036060
0.036236,-0.022918,0.259906,0.222820,0.087602,0.256328,0.229459,-0.121406,0.262341,-0.156988,0.075570,0.257472,-0.150348,-0.133438,0.263485,0.250813,0.127070,0.016033,0.153977,-0.176383,0.015986,-0.143770,0.114526,0.015716,-0.039746,-0.181950,0.036382
0.036198,-0.022583,0.260005,0.222776,0.087939,0.256168,0.229426,-0.121061,0.262446,-0.157031,0.075895,0.257565,-0.150380,-0.133105,0.263843,0.250809,0.127111,0.016032,0.153978,-0.176359,0.015991,-0.143784,0.114545,0.015716,-0.039597,-0.181897,0.036670
0.036121,-0.022272,0.260098,0.222695,0.088249,0.256012,0.229353,-0.120743,0.262543,-0.157111,0.076199,0.257652,-0.150452,-0.132793,0.264183,0.250770,0.127140,0.016032,0.153975,-0.176344,0.015992,-0.143802,0.114558,0.015716,-0.039504,-0.181853,0.036968
0.036068,-0.021978,0.260193,0.222637,0.088540,0.255870,0.229303,-0.120444,0.262632,-0.157167,0.076487,0.257753,-0.150501,-0.132497,0.264515,0.250766,0.127174,0.016033,0.153981,-0.176324,0.015993,-0.143806,0.114580,0.015749,-0.039365,-0.181802,0.037273
0.036011,-0.021701,0.260285,0.222578,0.088812,0.255730,0.229246,-0.120165,0.262712,-0.157225,0.076764,0.257858,-0.150557,-0.132214,0.264840,0.250764,0.127201,0.016035,0.153984,-0.176308,0.015996,-0.143806,0.114601,0.015747,-0.039251,-0.181754,0.037566
0.035942,-0.021438,0.260375,0.222506,0.089071,0.255597,0.229179,-0.119899,0.262788,-0.157295,0.077024,0.257962,-0.150622,-0.131946,0.265154,0.250737,0.127228,0.016033,0.153984,-0.176294,0.015998,-0.143817,0.114618,0.015742,-0.039190,-0.181710,0.037847
0.035877,-0.021187,0.260461,0.222436,0.089321,0.255464,0.229118,-0.119641,0.262856,-0.157364,0.077267,0.258066,-0.150681,-0.131695,0.265458,0.250718,0.127258,0.016035,0.153988,-0.176278,0.016000,-0.143823,0.114630,0.015738,-0.039143,-0.181672,0.038096
0.035812,-0.020950,0.260540,0.222368,0.089553,0.255336,0.229055,-0.119402,0.262917,-0.157430,0.077502,0.258163,-0.150743,-0.131454,0.265744,0.250702,0.127282,0.016035,0.153993,-0.176265,0.016001,-0.143830,0.114646,0.015737,-0.039135,-0.181635,0.038346
0.035736,-0.020723,0.260618,0.222288,0.089777,0.255216,0.228981,-0.119172,0.262977,-0.157508,0.077725,0.258259,-0.150816,-0.131224,0.266020,0.250669,0.127306,0.016037,0.153984,-0.176252,0.016002,-0.143849,0.114659,0.015731,-0.039125,-0.181598,0.038600
0.035660,-0.020503,0.260696,0.222210,0.089992,0.255102,0.228905,-0.118951,0.263038,-0.157586,0.077944,0.258354,-0.150890,-0.130998,0.266290,0.250645,0.127329,0.016035,0.153985,-0.176240,0.016005,-0.143856,0.114675,0.015728,-0.039102,-0.181560,0.038864
0.035576,-0.020298,0.260774,0.222121,0.090195,0.254997,0.228824,-0.118741,0.263098,-0.157672,0.078145,0.258449,-0.150970,-0.130791,0.266550,0.250606,0.127350,0.016035,0.153986,-0.176230,0.016006,-0.143867,0.114684,0.015722,-0.039075,-0.181527,0.039123
0.035503,-0.020096,0.260849,0.222043,0.090396,0.254895,0.228755,-0.118533,0.263156,-0.157748,0.078341,0.258543,-0.151037,-0.130588,0.266803,0.250571,0.127378,0.016037,0.153987,-0.176215,0.016007,-0.143874,0.114695,0.015719,-0.039060,-0.181493,0.039343
0.035408,-0.019905,0.260917,0.221945,0.090582,0.254786,0.228660,-0.118341,0.263200,-0.157844,0.078531,0.258634,-0.151129,-0.130392,0.267047,0.250553,0.127397,0.016031,0.153988,-0.176206,0.016008,-0.143885,0.114707,0.015719,-0.039100,-0.181464,0.039545
0.035332,-0.019719,0.260980,0.221864,0.090767,0.254685,0.228586,-0.118150,0.263246,-0.157923,0.078712,0.258714,-0.151201,-0.130205,0.267275,0.250546,0.127422,0.016036,0.153996,-0.176192,0.016011,-0.143883,0.114718,0.015716,-0.039114,-0.181433,0.039753
0.035244,-0.019537,0.261042,0.221774,0.090944,0.254588,0.228499,-0.117967,0.263296,-0.158011,0.078893,0.258788,-0.151286,-0.130018,0.267496,0.250520,0.127439,0.016035,0.153987,-0.176185,0.016012,-0.143900,0.114729,0.015710,-0.039117,-0.181403,0.039981
0.035164,-0.019361,0.261106,0.221690,0.091118,0.254505,0.228422,-0.117786,0.263350,-0.158094,0.079065,0.258861,-0.151362,-0.129839,0.267706,0.250501,0.127464,0.016037,0.153991,-0.176171,0.016011,-0.143902,0.114741,0.015707,-0.039075,-0.181368,0.040200
0.035076,-0.019192,0.261167,0.221599,0.091284,0.254413,0.228335,-0.117615,0.263394,-0.158183,0.079231,0.258940,-0.151446,-0.129667,0.267921,0.250476,0.127483,0.016040,0.153980,-0.176163,0.016014,-0.143922,0.114750,0.015703,-0.039054,-0.181339,0.040413
0.034977,-0.019030,0.261225,0.221496,0.091442,0.254323,0.228237,-0.117450,0.263434,-0.158284,0.079391,0.259015,-0.151542,-0.129502,0.268126,0.250458,0.127501,0.016033,0.153977,-0.176155,0.016015,-0.143931,0.114759,0.015701,-0.039051,-0.181310,0.040638
0.034885,-0.018867,0.261284,0.221399,0.091605,0.254240,0.228149,-0.117282,0.263486,-0.158378,0.079547,0.259081,-0.151629,-0.129340,0.268328,0.250438,0.127517,0.016040,0.153972,-0.176152,0.016013,-0.143945,0.114758,0.015700,-0.039032,-0.181288,0.040873
0.034809,-0.018700,0.261344,0.221323,0.091763,0.254158,0.228071,-0.117117,0.263540,-0.158453,0.079718,0.259148,-0.151705,-0.129163,0.268530,0.250437,0.127529,0.016038,0.153986,-0.176147,0.016015,-0.143942,0.114772,0.015695,-0.038985,-0.181254,0.041123
0.034725,-0.018528,0.261402,0.221239,0.091926,0.254069,0.227986,-0.116949,0.263588,-0.158536,0.079893,0.259215,-0.151788,-0.128982,0.268734,0.250418,0.127541,0.016034,0.153980,-0.176143,0.016018,-0.143956,0.114786,0.015694,-0.038945,-0.181220,0.041355
0.034622,-0.018366,0.261463,0.221135,0.092080,0.253988,0.227882,-0.116788,0.263638,-0.158638,0.080057,0.259288,-0.151891,-0.128812,0.268938,0.250399,0.127554,0.016036,0.153975,-0.176138,0.016019,-0.143968,0.114798,0.015688,-0.038965,-0.181191,0.041570
0.034538,-0.018214,0.261523,0.221045,0.092232,0.253916,0.227802,-0.116630,0.263685,-0.158725,0.080202,0.259361,-0.151969,-0.128661,0.269130,0.250373,0.127578,0.016036,0.153981,-0.176126,0.016020,-0.143972,0.114805,0.015688,-0.038984,-0.181164,0.041762
0.034466,-0.018074,0.261579,0.220971,0.092367,0.253846,0.227729,-0.116491,0.263729,-0.158798,0.080343,0.259429,-0.152040,-0.128515,0.269311,0.250368,0.127590,0.016037,0.153980,-0.176122,0.016021,-0.143971,0.114813,0.015684,-0.038985,-0.181139,0.041953
0.034389,-0.017938,0.261631,0.220890,0.092502,0.253779,0.227655,-0.116350,0.263769,-0.158876,0.080474,0.259494,-0.152111,-0.128377,0.269484,0.250345,0.127610,0.016036,0.153972,-0.176113,0.016021,-0.143991,0.114820,0.015679,-0.038988,-0.181115,0.042117
0.034306,-0.017804,0.261678,0.220803,0.092633,0.253713,0.227573,-0.116214,0.263807,-0.158962,0.080605,0.259549,-0.152192,-0.128241,0.269644,0.250338,0.127630,0.016037,0.153970,-0.176102,0.016024,-0.143996,0.114830,0.015677,-0.039012,-0.181088,0.042287
0.034225,-0.017673,0.261723,0.220720,0.092762,0.253647,0.227494,-0.116080,0.263849,-0.159043,0.080735,0.259597,-0.152269,-0.128107,0.269799,0.250328,0.127643,0.016034,0.153974,-0.176098,0.016023,-0.144003,0.114835,0.015674,-0.039024,-0.181067,0.042455
0.034142,-0.017548,0.261769,0.220631,0.092888,0.253586,0.227413,-0.115948,0.263886,-0.159130,0.080853,0.259652,-0.152348,-0.127983,0.269952,0.250300,0.127665,0.016039,0.153971,-0.176087,0.016024,-0.144010,0.114840,0.015672,-0.039025,-0.181043,0.042627
0.034058,-0.017426,0.261814,0.220547,0.093002,0.253533,0.227328,-0.115830,0.263931,-0.159213,0.080977,0.259698,-0.152431,-0.127855,0.270095,0.250281,0.127673,0.016036,0.153968,-0.176085,0.016026,-0.144018,0.114851,0.015670,-0.039011,-0.181018,0.042816
0.033978,-0.017303,0.261854,0.220462,0.093126,0.253473,0.227251,-0.115701,0.263965,-0.159296,0.081094,0.259743,-0.152507,-0.127733,0.270236,0.250275,0.127696,0.016036,0.153965,-0.176073,0.016026,-0.144028,0.114858,0.015669,-0.038990,-0.180991,0.042989
0.033909,-0.017188,0.261895,0.220391,0.093237,0.253414,0.227183,-0.115584,0.264002,-0.159365,0.081208,0.259788,-0.152573,-0.127613,0.270375,0.250274,0.127706,0.016037,0.153970,-0.176071,0.016026,-0.144027,0.114862,0.015665,-0.038987,-0.180972,0.043153
0.033829,-0.017076,0.261934,0.220308,0.093347,0.253359,0.227104,-0.115470,0.264036,-0.159446,0.081319,0.259832,-0.152651,-0.127498,0.270509,0.250245,0.127721,0.016038,0.153951,-0.176064,0.016030,-0.144052,0.114869,0.015661,-0.039000,-0.180949,0.043315
0.033737,-0.016963,0.261971,0.220212,0.093459,0.253305,0.227015,-0.115353,0.264070,-0.159540,0.081427,0.259872,-0.152738,-0.127385,0.270637,0.250230,0.127740,0.016035,0.153950,-0.176055,0.016028,-0.144055,0.114876,0.015658,-0.039016,-0.180926,0.043460
0.033649,-0.016851,0.262007,0.220121,0.093569,0.253256,0.226929,-0.115238,0.264110,-0.159630,0.081535,0.259904,-0.152823,-0.127272,0.270759,0.250219,0.127755,0.016039,0.153945,-0.176048,0.016030,-0.144064,0.114881,0.015658,-0.039040,-0.180907,0.043593
0.033585,-0.016745,0.262046,0.220056,0.093672,0.253218,0.226864,-0.115131,0.264158,-0.159694,0.081642,0.259934,-0.152886,-0.127161,0.270874,0.250223,0.127765,0.016036,0.153952,-0.176045,0.016030,-0.144060,0.114890,0.015655,-0.039040,-0.180886,0.043740
0.033512,-0.016637,0.262082,0.219980,0.093777,0.253169,0.226792,-0.115021,0.264196,-0.159768,0.081747,0.259969,-0.152956,-0.127051,0.270995,0.250204,0.127778,0.016039,0.153954,-0.176040,0.016032,-0.144066,0.114894,0.015651,-0.039042,-0.180865,0.043893
0.033440,-0.016527,0.262116,0.219904,0.093887,0.253122,0.226722,-0.114906,0.264234,-0.159843,0.081852,0.259998,-0.153025,-0.126941,0.271110,0.250179,0.127796,0.016032,0.153950,-0.176030,0.016032,-0.144073,0.114902,0.015650,-0.039049,-0.180843,0.044035
0.033367,-0.016424,0.262148,0.219830,0.093986,0.253069,0.226650,-0.114802,0.264264,-0.159916,0.081954,0.260032,-0.153095,-0.126835,0.271226,0.250161,0.127808,0.016037,0.153945,-0.176026,0.016032,-0.144080,0.114908,0.015648,-0.039065,-0.180823,0.044164
0.033298,-0.016328,0.262180,0.219758,0.094081,0.253027,0.226583,-0.114704,0.264298,-0.159986,0.082048,0.260063,-0.153161,-0.126737,0.271334,0.250153,0.127821,0.016034,0.153945,-0.176021,0.016032,-0.144089,0.114914,0.015647,-0.039062,-0.180803,0.044299
0.033230,-0.016236,0.262209,0.219687,0.094171,0.252979,0.226516,-0.114610,0.264323,-0.160056,0.082137,0.260095,-0.153227,-0.126643,0.271439,0.250159,0.127835,0.016037,0.153946,-0.176015,0.016034,-0.144087,0.114919,0.015644,-0.039055,-0.180785,0.044416
0.033161,-0.016144,0.262240,0.219615,0.094263,0.252936,0.226449,-0.114513,0.264354,-0.160126,0.082226,0.260127,-0.153292,-0.126550,0.271545,0.250146,0.127849,0.016039,0.153944,-0.176010,0.016034,-0.144099,0.114922,0.015641,-0.039072,-0.180768,0.044543
0.033096,-0.016057,0.262272,0.219546,0.094350,0.252895,0.226386,-0.114422,0.264384,-0.160194,0.082308,0.260159,-0.153353,-0.126464,0.271648,0.250137,0.127861,0.016037,0.153944,-0.176005,0.016034,-0.144099,0.114923,0.015640,-0.039068,-0.180753,0.044682
0.033024,-0.015971,0.262296,0.219471,0.094434,0.252850,0.226315,-0.114334,0.264406,-0.160267,0.082392,0.260187,-0.153423,-0.126377,0.271743,0.250124,0.127874,0.016033,0.153935,-0.175999,0.016034,-0.144113,0.114929,0.015643,-0.039063,-0.180733,0.044818
0.032951,-0.015889,0.262320,0.219399,0.094510,0.252809,0.226241,-0.114255,0.264431,-0.160338,0.082477,0.260209,-0.153496,-0.126288,0.271831,0.250112,0.127880,0.016034,0.153937,-0.175998,0.016036,-0.144114,0.114938,0.015635,-0.039048,-0.180713,0.044948
0.032887,-0.015811,0.262347,0.219330,0.094590,0.252767,0.226179,-0.114171,0.264452,-0.160406,0.082549,0.260241,-0.153557,-0.126212,0.271927,0.250095,0.127894,0.016033,0.153931,-0.175992,0.016036,-0.144123,0.114938,0.015635,-0.039059,-0.180699,0.045065
0.032833,-0.015732,0.262378,0.219276,0.094664,0.252736,0.226125,-0.114094,0.264484,-0.160458,0.082630,0.260272,-0.153610,-0.126127,0.272019,0.250100,0.127902,0.016037,0.153940,-0.175989,0.016037,-0.144118,0.114946,0.015631,-0.039073,-0.180681,0.045174
0.032780,-0.015652,0.262403,0.219217,0.094748,0.252701,0.226076,-0.114005,0.264510,-0.160516,0.082702,0.260297,-0.153658,-0.126052,0.272105,0.250092,0.127923,0.016039,0.153941,-0.175978,0.016036,-0.144123,0.114948,0.015631,-0.039093,-0.180667,0.045257
0.032719,-0.015576,0.262422,0.219156,0.094818,0.252657,0.226013,-0.113933,0.264526,-0.160576,0.082780,0.260318,-0.153719,-0.125970,0.272188,0.250073,0.127926,0.016033,0.153930,-0.175978,0.016038,-0.144131,0.114955,0.015629,-0.039121,-0.180651,0.045364
0.032646,-0.015500,0.262439,0.219081,0.094893,0.252613,0.225942,-0.113854,0.264545,-0.160650,0.082854,0.260333,-0.153789,-0.125893,0.272264,0.250052,0.127937,0.016033,0.153924,-0.175974,0.016039,-0.144142,0.114958,0.015629,-0.039128,-0.180637,0.045460
0.032578,-0.015424,0.262462,0.219010,0.094969,0.252577,0.225875,-0.113775,0.264569,-0.160720,0.082927,0.260355,-0.153855,-0.125816,0.272346,0.250045,0.127951,0.016032,0.153921,-0.175967,0.016038,-0.144146,0.114963,0.015624,-0.039149,-0.180621,0.045547
0.032509,-0.015354,0.262487,0.218938,0.095038,0.252540,0.225808,-0.113702,0.264589,-0.160790,0.082993,0.260385,-0.153920,-0.125746,0.272434,0.250033,0.127960,0.016035,0.153916,-0.175965,0.016039,-0.144153,0.114963,0.015626,-0.039190,-0.180612,0.045636
0.032455,-0.015287,0.262513,0.218885,0.095099,0.252515,0.225753,-0.113638,0.264617,-0.160842,0.083063,0.260409,-0.153974,-0.125674,0.272511,0.250028,0.127964,0.016034,0.153922,-0.175964,0.016041,-0.144158,0.114970,0.015621,-0.039190,-0.180596,0.045747
0.032410,-0.015218,0.262540,0.218837,0.095168,0.252497,0.225709,-0.113565,0.264651,-0.160889,0.083130,0.260430,-0.154018,-0.125604,0.272584,0.250024,0.127977,0.016035,0.153923,-0.175957,0.016039,-0.144155,0.114977,0.015619,-0.039163,-0.180577,0.045849
0.032352,-0.015152,0.262562,0.218777,0.095235,0.252466,0.225653,-0.113496,0.264674,-0.160948,0.083192,0.260451,-0.154072,-0.125539,0.272659,0.250015,0.127988,0.016030,0.153920,-0.175953,0.016041,-0.144166,0.114978,0.015621,-0.039170,-0.180566,0.045933
0.032303,-0.015084,0.262585,0.218727,0.095298,0.252440,0.225603,-0.113430,0.264702,-0.160997,0.083261,0.260468,-0.154122,-0.125466,0.272730,0.250007,0.127993,0.016032,0.153918,-0.175952,0.016041,-0.144170,0.114984,0.015618,-0.039181,-0.180551,0.046021
0.032272,-0.015019,0.262605,0.218694,0.095362,0.252405,0.225574,-0.113362,0.264718,-0.161029,0.083323,0.260492,-0.154149,-0.125401,0.272805,0.250003,0.128005,0.016033,0.153922,-0.175946,0.016040,-0.144167,0.114987,0.015617,-0.039175,-0.180538,0.046096
0.032223,-0.014956,0.262621,0.218641,0.095427,0.252366,0.225526,-0.113294,0.264730,-0.161081,0.083383,0.260513,-0.154196,-0.125338,0.272876,0.249993,0.128016,0.016035,0.153925,-0.175942,0.016041,-0.144162,0.114989,0.015616,-0.039184,-0.180526,0.046183
0.032169,-0.014896,0.262638,0.218588,0.095481,0.252337,0.225472,-0.113237,0.264748,-0.161133,0.083444,0.260528,-0.154249,-0.125274,0.272939,0.249976,0.128019,0.016029,0.153912,-0.175941,0.016041,-0.144180,0.114995,0.015614,-0.039182,-0.180512,0.046283
0.032116,-0.014836,0.262659,0.218532,0.095542,0.252315,0.225420,-0.113173,0.264775,-0.161188,0.083501,0.260543,-0.154300,-0.125214,0.273003,0.249964,0.128030,0.016033,0.153911,-0.175937,0.016042,-0.144181,0.114996,0.015612,-0.039174,-0.180500,0.046361
0.032063,-0.014773,0.262678,0.218476,0.095604,0.252290,0.225368,-0.113108,0.264797,-0.161243,0.083562,0.260559,-0.154351,-0.125150,0.273067,0.249953,0.128041,0.016030,0.153912,-0.175931,0.016043,-0.144186,0.115002,0.015611,-0.039192,-0.180485,0.046447
0.032013,-0.014716,0.262693,0.218425,0.095659,0.252252,0.225319,-0.113050,0.264806,-0.161293,0.083618,0.260580,-0.154399,-0.125091,0.273133,0.249943,0.128048,0.016029,0.153908,-0.175929,0.016044,-0.144189,0.115004,0.015607,-0.039221,-0.180475,0.046523
0.031994,-0.014661,0.262707,0.218403,0.095715,0.252224,0.225301,-0.112992,0.264820,-0.161314,0.083670,0.260594,-0.154415,-0.125037,0.273190,0.249959,0.128060,0.016035,0.153920,-0.175923,0.016044,-0.144178,0.115008,0.015607,-0.039222,-0.180462,0.046600
0.031963,-0.014606,0.262723,0.218372,0.095766,0.252204,0.225271,-0.112938,0.264844,-0.161344,0.083725,0.260602,-0.154446,-0.124979,0.273243,0.249941,0.128063,0.016032,0.153910,-0.175923,0.016044,-0.144192,0.115011,0.015606,-0.039214,-0.180452,0.046657
0.031925,-0.014556,0.262735,0.218332,0.095818,0.252181,0.225234,-0.112884,0.264861,-0.161384,0.083772,0.260610,-0.154481,-0.124930,0.273290,0.249937,0.128074,0.016031,0.153911,-0.175918,0.016045,-0.144193,0.115013,0.015603,-0.039221,-0.180441,0.046726
0.031872,-0.014504,0.262748,0.218278,0.095866,0.252154,0.225180,-0.112833,0.264876,-0.161437,0.083824,0.260621,-0.154535,-0.124875,0.273343,0.249927,0.128078,0.016030,0.153906,-0.175918,0.016043,-0.144197,0.115017,0.015602,-0.039244,-0.180432,0.046778
0.031826,-0.014454,0.262759,0.218229,0.095918,0.252125,0.225136,-0.112778,0.264888,-0.161484,0.083871,0.260629,-0.154577,-0.124825,0.273393,0.249924,0.128088,0.016035,0.153907,-0.175914,0.016046,-0.144201,0.115017,0.015603,-0.039285,-0.180426,0.046820
0.031799,-0.014402,0.262774,0.218199,0.095972,0.252114,0.225113,-0.112721,0.264915,-0.161514,0.083916,0.260633,-0.154601,-0.124777,0.273435,0.249927,0.128102,0.016033,0.153906,-0.175906,0.016045,-0.144202,0.115020,0.015602,-0.039300,-0.180415,0.046886
0.031750,-0.014352,0.262783,0.218151,0.096018,0.252090,0.225062,-0.112673,0.264933,-0.161562,0.083969,0.260634,-0.154651,-0.124722,0.273477,0.249918,0.128104,0.016031,0.153908,-0.175907,0.016046,-0.144207,0.115025,0.015598,-0.039304,-0.180403,0.046961
0.031708,-0.014302,0.262788,0.218106,0.096070,0.252062,0.225022,-0.112619,0.264945,-0.161607,0.084014,0.260631,-0.154690,-0.124674,0.273514,0.249918,0.128115,0.016029,0.153900,-0.175902,0.016045,-0.144212,0.115026,0.015599,-0.039303,-0.180394,0.047009
0.031666,-0.014256,0.262795,0.218064,0.096113,0.252042,0.224979,-0.112573,0.264964,-0.161648,0.084062,0.260626,-0.154733,-0.124624,0.273548,0.249922,0.128116,0.016031,0.153908,-0.175904,0.016045,-0.144206,0.115029,0.015598,-0.039312,-0.180386,0.047062
0.031616,-0.014213,0.262804,0.218012,0.096156,0.252021,0.224931,-0.112527,0.264977,-0.161699,0.084102,0.260631,-0.154780,-0.124582,0.273587,0.249914,0.128126,0.016031,0.153896,-0.175899,0.016046,-0.144218,0.115032,0.015599,-0.039321,-0.180376,0.047120
0.031570,-0.014171,0.262818,0.217966,0.096197,0.252006,0.224886,-0.112485,0.264996,-0.161745,0.084143,0.260640,-0.154825,-0.124538,0.273630,0.249904,0.128130,0.016026,0.153894,-0.175898,0.016046,-0.144225,0.115034,0.015597,-0.039326,-0.180368,0.047173
0.031525,-0.014138,0.262835,0.217920,0.096228,0.252005,0.224840,-0.112452,0.265020,-0.161790,0.084176,0.260650,-0.154871,-0.124504,0.273665,0.249905,0.128134,0.016023,0.153898,-0.175896,0.016046,-0.144222,0.115038,0.015596,-0.039353,-0.180360,0.047220
0.031479,-0.014109,0.262847,0.217872,0.096260,0.251996,0.224796,-0.112419,0.265034,-0.161838,0.084202,0.260661,-0.154914,-0.124477,0.273699,0.249899,0.128143,0.016029,0.153891,-0.175892,0.016046,-0.144227,0.115038,0.015596,-0.039391,-0.180355,0.047262
0.031433,-0.014074,0.262855,0.217826,0.096292,0.251983,0.224750,-0.112385,0.265050,-0.161884,0.084236,0.260659,-0.154960,-0.124441,0.273726,0.249905,0.128145,0.016024,0.153898,-0.175892,0.016045,-0.144220,0.115041,0.015597,-0.039413,-0.180348,0.047321
0.031376,-0.014038,0.262863,0.217767,0.096329,0.251978,0.224694,-0.112345,0.265074,-0.161942,0.084269,0.260651,-0.155015,-0.124406,0.273747,0.249885,0.128152,0.016024,0.153884,-0.175888,0.016047,-0.144240,0.115042,0.015595,-0.039420,-0.180338,0.047394
0.031357,-0.014001,0.262875,0.217748,0.096365,0.251968,0.224675,-0.112308,0.265095,-0.161961,0.084306,0.260656,-0.155034,-0.124367,0.273783,0.249892,0.128154,0.016029,0.153894,-0.175889,0.016047,-0.144231,0.115043,0.015592,-0.039410,-0.180330,0.047460
0.031303,-0.013966,0.262883,0.217692,0.096401,0.251947,0.224623,-0.112270,0.265100,-0.162016,0.084339,0.260667,-0.155085,-0.124332,0.273820,0.249886,0.128164,0.016028,0.153892,-0.175884,0.016046,-0.144230,0.115046,0.015591,-0.039448,-0.180322,0.047511
0.031273,-0.013926,0.262889,0.217661,0.096439,0.251921,0.224592,-0.112230,0.265109,-0.162047,0.084379,0.260669,-0.155115,-0.124290,0.273857,0.249876,0.128167,0.016027,0.153886,-0.175884,0.016047,-0.144241,0.115048,0.015589,-0.039463,-0.180316,0.047547
0.031242,-0.013891,0.262897,0.217631,0.096470,0.251899,0.224561,-0.112197,0.265114,-0.162077,0.084415,0.260680,-0.155146,-0.124252,0.273895,0.249884,0.128169,0.016027,0.153899,-0.175884,0.016049,-0.144230,0.115051,0.015586,-0.039487,-0.180309,0.047589
0.031223,-0.013862,0.262909,0.217609,0.096501,0.251893,0.224544,-0.112164,0.265129,-0.162097,0.084441,0.260689,-0.155163,-0.124225,0.273925,0.249878,0.128179,0.016025,0.153891,-0.175878,0.016048,-0.144239,0.115054,0.015591,-0.039495,-0.180302,0.047616
0.031162,-0.013832,0.262920,0.217548,0.096530,0.251890,0.224483,-0.112134,0.265152,-0.162158,0.084470,0.260688,-0.155224,-0.124194,0.273950,0.249865,0.128180,0.016024,0.153876,-0.175879,0.016048,-0.144252,0.115054,0.015590,-0.039536,-0.180299,0.047638
0.031113,-0.013807,0.262929,0.217495,0.096559,0.251887,0.224436,-0.112103,0.265169,-0.162211,0.084489,0.260689,-0.155270,-0.124174,0.273971,0.249856,0.128189,0.016024,0.153875,-0.175875,0.016047,-0.144255,0.115052,0.015592,-0.039560,-0.180296,0.047680
0.031082,-0.013775,0.262938,0.217466,0.096588,0.251880,0.224405,-0.112073,0.265187,-0.162240,0.084523,0.260690,-0.155301,-0.124138,0.273997,0.249860,0.128192,0.016025,0.153883,-0.175874,0.016049,-0.144246,0.115058,0.015588,-0.039537,-0.180284,0.047753
