-0.007973,-0.014565,0.350173,0.183954,0.086086,0.358830,0.180030,-0.122448,0.342609,-0.195976,0.093319,0.357737,-0.199899,-0.115215,0.341516,0.212700,0.142698,0.210240,0.178519,-0.154332,0.166714,-0.208667,0.151237,0.202386,-0.197067,-0.146802,0.160752
-0.011719,-0.021011,0.344610,0.181006,0.078155,0.352629,0.175420,-0.130345,0.336457,-0.198858,0.088322,0.352763,-0.204444,-0.120177,0.336591,0.187139,0.136804,0.182305,0.155021,-0.162412,0.168997,-0.228143,0.144523,0.226243,-0.191320,-0.150315,0.132674
-0.015198,-0.027390,0.336137,0.178204,0.070599,0.342085,0.171183,-0.137975,0.327514,-0.201578,0.083196,0.344760,-0.208599,-0.125378,0.330189,0.143307,0.130851,0.148968,0.140328,-0.171105,0.164072,-0.231780,0.139599,0.204481,-0.202557,-0.155363,0.103960
-0.019043,-0.033844,0.324980,0.174770,0.063438,0.328725,0.166844,-0.145209,0.315753,-0.204930,0.077521,0.334208,-0.212856,-0.131126,0.321236,0.102721,0.124788,0.118944,0.134048,-0.179149,0.148731,-0.224882,0.135076,0.153633,-0.219170,-0.160910,0.071181
-0.023781,-0.040215,0.310247,0.170104,0.056981,0.311975,0.161988,-0.151772,0.300974,-0.209550,0.071343,0.319520,-0.217665,-0.137410,0.308519,0.077012,0.117845,0.090008,0.137296,-0.187188,0.126941,-0.201987,0.128081,0.101578,-0.238372,-0.167924,0.038518
-0.029114,-0.045883,0.292156,0.165501,0.049856,0.291711,0.155707,-0.158846,0.281125,-0.213935,0.067080,0.303188,-0.223729,-0.141622,0.292601,0.064034,0.111925,0.060104,0.143056,-0.194580,0.099143,-0.176972,0.122908,0.066551,-0.247753,-0.171981,0.015183
-0.031685,-0.048157,0.275459,0.165086,0.042152,0.262543,0.148995,-0.166267,0.254345,-0.212365,0.069954,0.296573,-0.228456,-0.138465,0.288375,0.040249,0.106550,0.030172,0.134356,-0.203654,0.073739,-0.168967,0.121406,0.063141,-0.247697,-0.171874,0.015676
-0.032082,-0.049225,0.257572,0.165270,0.036768,0.231142,0.143828,-0.171150,0.222486,-0.207992,0.072700,0.292658,-0.229434,-0.135218,0.284002,0.036019,0.104785,0.015985,0.112085,-0.206143,0.043210,-0.144563,0.121541,0.060831,-0.270110,-0.165671,0.017817
-0.031937,-0.050598,0.239679,0.164406,0.034448,0.204215,0.141025,-0.173183,0.193873,-0.204898,0.071987,0.285485,-0.228280,-0.135645,0.275142,0.035780,0.104105,0.015934,0.095177,-0.204947,0.015856,-0.122403,0.119332,0.067828,-0.276162,-0.163140,0.016040
-0.030540,-0.051193,0.225262,0.164224,0.034561,0.183378,0.140813,-0.173012,0.171975,-0.201894,0.070625,0.278549,-0.225305,-0.136948,0.267146,0.035540,0.104078,0.015950,0.094493,-0.205013,0.015757,-0.112033,0.117434,0.075805,-0.275377,-0.163308,0.015942
-0.028358,-0.051506,0.213505,0.165287,0.034757,0.167667,0.141874,-0.172777,0.155577,-0.198591,0.069764,0.271433,-0.222004,-0.137769,0.259343,0.035586,0.104042,0.015971,0.094240,-0.205070,0.015721,-0.107971,0.116613,0.078183,-0.274560,-0.163477,0.015955
-0.025803,-0.051743,0.203308,0.167126,0.034869,0.155159,0.143707,-0.172633,0.142535,-0.195312,0.069148,0.264081,-0.218731,-0.138354,0.251456,0.035822,0.103976,0.016003,0.094243,-0.205155,0.015688,-0.107944,0.116575,0.075622,-0.273787,-0.163628,0.015852
-0.022942,-0.051994,0.194291,0.169527,0.034894,0.144819,0.146118,-0.172577,0.131683,-0.192001,0.068588,0.256900,-0.215410,-0.138883,0.243764,0.036161,0.103923,0.016042,0.094472,-0.205234,0.015677,-0.109975,0.117033,0.069400,-0.273000,-0.163775,0.015714
-0.019897,-0.052132,0.186232,0.172317,0.034926,0.136077,0.148922,-0.172526,0.122620,-0.188717,0.068262,0.249844,-0.212112,-0.139189,0.236387,0.036609,0.103848,0.016075,0.094858,-0.205323,0.015649,-0.112198,0.117711,0.061072,-0.272264,-0.163922,0.015670
-0.016716,-0.052155,0.178949,0.175459,0.034953,0.128728,0.152060,-0.172487,0.115107,-0.185492,0.068178,0.242791,-0.208891,-0.139262,0.229169,0.037048,0.103798,0.016088,0.095376,-0.205401,0.015698,-0.113741,0.118494,0.051310,-0.271555,-0.164015,0.015744
-0.013519,-0.052155,0.172157,0.178957,0.034833,0.122891,0.155516,-0.172600,0.109218,-0.182554,0.068291,0.235096,-0.205996,-0.139142,0.221423,0.037530,0.103693,0.016087,0.095950,-0.205539,0.015669,-0.114704,0.119311,0.040133,-0.270803,-0.164108,0.015894
-0.010498,-0.051888,0.165278,0.182828,0.034701,0.118710,0.159277,-0.172726,0.105147,-0.180273,0.068951,0.225409,-0.203824,-0.138476,0.211846,0.038016,0.103692,0.016088,0.096547,-0.205598,0.015771,-0.115344,0.120378,0.027197,-0.269681,-0.164031,0.015993
-0.008057,-0.051086,0.157396,0.186630,0.034877,0.115579,0.163096,-0.172601,0.102787,-0.179210,0.070428,0.212004,-0.202743,-0.137050,0.199212,0.038418,0.103652,0.016049,0.097150,-0.205589,0.015864,-0.115167,0.121092,0.015732,-0.264426,-0.164643,0.016947
-0.006149,-0.050453,0.148601,0.190011,0.034874,0.112801,0.166468,-0.172631,0.100465,-0.178767,0.071725,0.196736,-0.202310,-0.135780,0.184400,0.044895,0.102753,0.018709,0.097638,-0.205619,0.015954,-0.114595,0.121024,0.015748,-0.254143,-0.166470,0.028795
-0.004326,-0.050117,0.140131,0.193067,0.034705,0.110424,0.169532,-0.172804,0.098148,-0.178184,0.072569,0.182113,-0.201718,-0.134940,0.169837,0.061207,0.100525,0.025144,0.098169,-0.205672,0.016014,-0.114136,0.120964,0.015803,-0.240249,-0.168689,0.039649
-0.002304,-0.050026,0.132363,0.196189,0.034319,0.109399,0.172667,-0.173176,0.096861,-0.177275,0.073124,0.167865,-0.200798,-0.134371,0.155328,0.083798,0.097519,0.032690,0.098599,-0.205719,0.016032,-0.113791,0.120933,0.015888,-0.225292,-0.170851,0.046642
0.000153,-0.050156,0.125297,0.199571,0.033718,0.109855,0.176093,-0.173752,0.096837,-0.175788,0.073441,0.153758,-0.199266,-0.134030,0.140739,0.109283,0.094197,0.039216,0.099040,-0.205791,0.016028,-0.113427,0.120860,0.015947,-0.211530,-0.172792,0.050246
0.003090,-0.050392,0.118861,0.203189,0.032960,0.111503,0.179741,-0.174479,0.097932,-0.173562,0.073694,0.139789,-0.197009,-0.133744,0.126218,0.133710,0.091031,0.044528,0.099408,-0.205875,0.016012,-0.113095,0.120795,0.015983,-0.200244,-0.174320,0.051398
0.006454,-0.050667,0.113192,0.206909,0.032149,0.113981,0.183489,-0.175259,0.099908,-0.170580,0.073926,0.126476,-0.194000,-0.133482,0.112403,0.154630,0.088296,0.049113,0.099727,-0.205946,0.015923,-0.112760,0.120735,0.016010,-0.191617,-0.175417,0.050842
0.010078,-0.050934,0.108594,0.210571,0.031365,0.117001,0.187162,-0.176019,0.102558,-0.167005,0.074151,0.114629,-0.190414,-0.133233,0.100186,0.170976,0.086154,0.052792,0.100048,-0.205999,0.015904,-0.112410,0.120704,0.016023,-0.185252,-0.176144,0.049655
0.013817,-0.051323,0.105352,0.214091,0.030552,0.120451,0.190718,-0.176810,0.105631,-0.163085,0.074164,0.105073,-0.186457,-0.133198,0.090253,0.182750,0.084652,0.054478,0.100288,-0.206056,0.015888,-0.112066,0.120631,0.016020,-0.180406,-0.176743,0.048422
0.017616,-0.051781,0.103577,0.217546,0.029731,0.124194,0.194188,-0.177611,0.109089,-0.158955,0.074050,0.098064,-0.182313,-0.133292,0.082959,0.191039,0.083752,0.053134,0.100516,-0.206124,0.015868,-0.111636,0.120554,0.016016,-0.176141,-0.177222,0.046958
0.021484,-0.052292,0.103129,0.221037,0.028949,0.128027,0.197702,-0.178378,0.112669,-0.154733,0.073794,0.093589,-0.178068,-0.133532,0.078231,0.196616,0.083489,0.047965,0.100741,-0.206153,0.015843,-0.111127,0.120493,0.016020,-0.171734,-0.177648,0.045044
0.025475,-0.052795,0.103632,0.224725,0.028258,0.131392,0.201383,-0.179065,0.116007,-0.150434,0.073475,0.091258,-0.173776,-0.133849,0.075873,0.199579,0.083821,0.038816,0.101028,-0.206193,0.015818,-0.110493,0.120426,0.015978,-0.166910,-0.178023,0.042718
0.029610,-0.053154,0.104696,0.228687,0.027809,0.133922,0.205298,-0.179537,0.118918,-0.146078,0.073229,0.090474,-0.169468,-0.134117,0.075470,0.199621,0.084743,0.026156,0.101325,-0.206200,0.015769,-0.109815,0.120390,0.015903,-0.161474,-0.178282,0.039632
0.033844,-0.053246,0.106040,0.232860,0.027772,0.135533,0.209419,-0.179638,0.121522,-0.141731,0.073147,0.090557,-0.165172,-0.134263,0.076547,0.196649,0.085792,0.015839,0.101673,-0.206156,0.015723,-0.109106,0.120352,0.015799,-0.155268,-0.178426,0.035106
0.037849,-0.053734,0.108499,0.236537,0.027204,0.140332,0.213109,-0.180223,0.126549,-0.137410,0.072755,0.090450,-0.160839,-0.134672,0.076667,0.197130,0.085772,0.015758,0.101885,-0.206132,0.015685,-0.108400,0.120282,0.015726,-0.146056,-0.178689,0.024132
0.041336,-0.054573,0.111876,0.239218,0.026040,0.149101,0.215788,-0.181362,0.134948,-0.133116,0.072216,0.088805,-0.156546,-0.135186,0.074652,0.197529,0.085689,0.015809,0.101932,-0.206205,0.015675,-0.107696,0.120177,0.015698,-0.140000,-0.178878,0.015733
0.044281,-0.055161,0.116985,0.241124,0.025186,0.159862,0.217667,-0.182222,0.145862,-0.129105,0.071901,0.088108,-0.152562,-0.135508,0.074108,0.197938,0.085639,0.015784,0.101936,-0.206189,0.015679,-0.107005,0.120124,0.015824,-0.139145,-0.178929,0.015767
0.046555,-0.055702,0.124355,0.242124,0.024492,0.172962,0.218684,-0.182943,0.159319,-0.125575,0.071538,0.089392,-0.149015,-0.135896,0.075749,0.198294,0.085625,0.015697,0.103578,-0.206349,0.016031,-0.110378,0.119859,0.025519,-0.138429,-0.178990,0.015848
0.048454,-0.056419,0.133358,0.242592,0.023598,0.187663,0.219163,-0.183845,0.174132,-0.122254,0.071006,0.092584,-0.145683,-0.136437,0.079054,0.198757,0.085595,0.015779,0.110988,-0.207303,0.018375,-0.114831,0.118732,0.050733,-0.137710,-0.179058,0.015967
0.050194,-0.057175,0.143300,0.242823,0.022701,0.202923,0.219402,-0.184750,0.189499,-0.119014,0.070400,0.097100,-0.142436,-0.137051,0.083676,0.199269,0.085558,0.015837,0.125653,-0.209110,0.021234,-0.114597,0.116618,0.083450,-0.137085,-0.179112,0.016044
0.051964,-0.057968,0.153402,0.243124,0.021795,0.217719,0.219702,-0.185661,0.204388,-0.115774,0.069725,0.102417,-0.139196,-0.137732,0.089085,0.199906,0.085474,0.015937,0.144939,-0.211476,0.024238,-0.110686,0.114797,0.105304,-0.136545,-0.179171,0.016069
0.053848,-0.058830,0.162992,0.243693,0.020838,0.231206,0.220287,-0.186619,0.217848,-0.112591,0.068959,0.108136,-0.135997,-0.138498,0.094778,0.200544,0.085395,0.016001,0.166936,-0.214213,0.028084,-0.107506,0.114030,0.111035,-0.136152,-0.179242,0.016035
0.055885,-0.059647,0.171656,0.244659,0.019942,0.242867,0.221263,-0.187513,0.229463,-0.109492,0.068219,0.113848,-0.132889,-0.139236,0.100444,0.201217,0.085331,0.016021,0.190218,-0.217151,0.033018,-0.104409,0.113291,0.116753,-0.135807,-0.179284,0.016026
0.058121,-0.060326,0.179409,0.246256,0.019260,0.252294,0.222879,-0.188200,0.238940,-0.106637,0.067549,0.119877,-0.130015,-0.139911,0.106523,0.201822,0.085306,0.016031,0.214058,-0.220122,0.038291,-0.101558,0.112621,0.122776,-0.135622,-0.179284,0.016009
0.060623,-0.060936,0.186233,0.248612,0.018704,0.259436,0.225260,-0.188766,0.246193,-0.104014,0.066894,0.126273,-0.127366,-0.140576,0.113030,0.202398,0.085274,0.016009,0.237776,-0.223033,0.042997,-0.098941,0.111968,0.129152,-0.135531,-0.179293,0.016009
0.063446,-0.061485,0.192042,0.251793,0.018230,0.264236,0.228426,-0.189251,0.251193,-0.101533,0.066280,0.132891,-0.124901,-0.141201,0.119848,0.202864,0.085177,0.015935,0.260875,-0.225869,0.046571,-0.096456,0.111357,0.135721,-0.135562,-0.179298,0.015998
0.066673,-0.062004,0.196721,0.255835,0.017802,0.266650,0.232462,-0.189688,0.253748,-0.099116,0.065680,0.139694,-0.122489,-0.141810,0.126793,0.203309,0.085136,0.015882,0.282840,-0.228448,0.048868,-0.094039,0.110758,0.142503,-0.135620,-0.179264,0.015968
0.070381,-0.062500,0.200093,0.260769,0.017428,0.266464,0.237396,-0.190070,0.253693,-0.096634,0.065070,0.146492,-0.120007,-0.142428,0.133721,0.203665,0.085108,0.015844,0.302737,-0.230680,0.049421,-0.091557,0.110150,0.149269,-0.135696,-0.179238,0.016001
0.074615,-0.062904,0.202001,0.266602,0.017222,0.263338,0.243237,-0.190291,0.250793,-0.094006,0.064482,0.153209,-0.117371,-0.143030,0.140663,0.203868,0.085069,0.015817,0.319566,-0.232414,0.047504,-0.088929,0.109565,0.155932,-0.135816,-0.179235,0.015984
0.079361,-0.063232,0.202346,0.273206,0.017118,0.257200,0.249820,-0.190407,0.244907,-0.091098,0.063942,0.159784,-0.114484,-0.143582,0.147491,0.203989,0.085034,0.015801,0.332303,-0.233501,0.042021,-0.086019,0.109028,0.162460,-0.135954,-0.179190,0.015990
0.084572,-0.063599,0.201123,0.280309,0.017021,0.248328,0.256919,-0.190513,0.236200,-0.087775,0.063316,0.166046,-0.111166,-0.144219,0.153917,0.204071,0.085019,0.015790,0.340391,-0.233783,0.031684,-0.082694,0.108404,0.168681,-0.136016,-0.179173,0.016004
0.090134,-0.064171,0.198490,0.287593,0.016714,0.237331,0.264187,-0.190813,0.225108,-0.083919,0.062471,0.171872,-0.107326,-0.145056,0.159649,0.204139,0.084993,0.015762,0.343349,-0.233221,0.015663,-0.078840,0.107557,0.174543,-0.136038,-0.179174,0.016008
0.095406,-0.064743,0.195821,0.294032,0.016372,0.227586,0.270587,-0.191141,0.215214,-0.079776,0.061655,0.176428,-0.103221,-0.145858,0.164056,0.204251,0.084965,0.015740,0.342682,-0.233226,0.015953,-0.074680,0.106739,0.179108,-0.135969,-0.179154,0.016043
0.099869,-0.065292,0.194271,0.299087,0.016029,0.221474,0.275660,-0.191478,0.208962,-0.075922,0.060893,0.179580,-0.099350,-0.146614,0.167068,0.204526,0.084932,0.015715,0.342407,-0.233194,0.015904,-0.070830,0.105976,0.182292,-0.135851,-0.179208,0.016049
0.103905,-0.065842,0.193507,0.303468,0.015604,0.217634,0.280031,-0.191894,0.204984,-0.072221,0.060210,0.182030,-0.095659,-0.147287,0.169379,0.204743,0.084891,0.015674,0.342280,-0.233218,0.015875,-0.067122,0.105291,0.184761,-0.135723,-0.179236,0.016031
0.107750,-0.066376,0.193312,0.307516,0.015163,0.215363,0.284077,-0.192328,0.202596,-0.068577,0.059576,0.184028,-0.092016,-0.147914,0.171261,0.205020,0.084852,0.015684,0.342287,-0.233238,0.015863,-0.063483,0.104655,0.186799,-0.135583,-0.179266,0.016030
0.111519,-0.066902,0.193555,0.311404,0.014707,0.214223,0.287973,-0.192777,0.201336,-0.064935,0.058973,0.185775,-0.088366,-0.148511,0.172887,0.205333,0.084842,0.015699,0.342414,-0.233232,0.015887,-0.059843,0.104050,0.188569,-0.135409,-0.179280,0.016012
0.115273,-0.067436,0.194065,0.315243,0.014220,0.213692,0.291810,-0.193258,0.200726,-0.061265,0.058386,0.187404,-0.084698,-0.149093,0.174438,0.205658,0.084794,0.015755,0.342586,-0.233270,0.015901,-0.056175,0.103462,0.190222,-0.135252,-0.179309,0.016002
0.119041,-0.067917,0.194726,0.319079,0.013786,0.213449,0.295646,-0.193691,0.200456,-0.057563,0.057857,0.188996,-0.080997,-0.149620,0.176003,0.205967,0.084766,0.015810,0.342763,-0.233284,0.015924,-0.052472,0.102933,0.191816,-0.135124,-0.179315,0.016007
0.122795,-0.068359,0.195442,0.322895,0.013404,0.213212,0.299469,-0.194075,0.200251,-0.053878,0.057357,0.190633,-0.077305,-0.150123,0.177672,0.206296,0.084724,0.015872,0.342987,-0.233303,0.015957,-0.048786,0.102433,0.193442,-0.135001,-0.179336,0.015996
0.126526,-0.068756,0.196146,0.326691,0.013080,0.212820,0.303272,-0.194405,0.199925,-0.050220,0.056893,0.192367,-0.073639,-0.150592,0.179473,0.206596,0.084697,0.015923,0.343211,-0.233307,0.015978,-0.045129,0.101970,0.195157,-0.134908,-0.179341,0.015964
0.130272,-0.069069,0.196783,0.330509,0.012854,0.212115,0.307093,-0.194642,0.199395,-0.046549,0.056504,0.194170,-0.069965,-0.150992,0.181451,0.206931,0.084646,0.015968,0.343418,-0.233323,0.016001,-0.041462,0.101584,0.196931,-0.134825,-0.179350,0.015934
0.133919,-0.069290,0.197314,0.334228,0.012730,0.211097,0.310813,-0.194781,0.198618,-0.042975,0.056200,0.196010,-0.066391,-0.151310,0.183530,0.207196,0.084617,0.016000,0.343570,-0.233316,0.016015,-0.037882,0.101284,0.198698,-0.134813,-0.179331,0.015937
0.137550,-0.069489,0.197728,0.337929,0.012628,0.209827,0.314507,-0.194898,0.197627,-0.039406,0.055921,0.197829,-0.062828,-0.151605,0.185628,0.207484,0.084561,0.016022,0.343772,-0.233340,0.016011,-0.034312,0.101008,0.200453,-0.134758,-0.179328,0.015938
0.141144,-0.069603,0.198037,0.341575,0.012625,0.208383,0.318160,-0.194919,0.196479,-0.035872,0.055713,0.199594,-0.059287,-0.151831,0.187691,0.207763,0.084566,0.016041,0.343955,-0.233292,0.016019,-0.030778,0.100805,0.202146,-0.134766,-0.179278,0.015946
0.144608,-0.069725,0.198250,0.345081,0.012601,0.206856,0.321663,-0.194959,0.195242,-0.032448,0.055509,0.201258,-0.055866,-0.152051,0.189644,0.208032,0.084550,0.016052,0.344131,-0.233275,0.016031,-0.027353,0.100604,0.203746,-0.134749,-0.179241,0.015952
0.148026,-0.069786,0.198383,0.348526,0.012641,0.205205,0.325108,-0.194941,0.193987,-0.029057,0.055369,0.202779,-0.052475,-0.152214,0.191561,0.208272,0.084489,0.016063,0.344300,-0.233294,0.016035,-0.023964,0.100468,0.205186,-0.134750,-0.179245,0.015936
0.151360,-0.069817,0.198472,0.351872,0.012706,0.203587,0.328456,-0.194897,0.192745,-0.025737,0.055264,0.204200,-0.049153,-0.152339,0.193358,0.208519,0.084467,0.016063,0.344460,-0.233273,0.016032,-0.020496,0.100401,0.205560,-0.134760,-0.179218,0.015946
0.154602,-0.069893,0.198540,0.355113,0.012717,0.202030,0.331702,-0.194902,0.191496,-0.022497,0.055116,0.205584,-0.045909,-0.152502,0.195050,0.208819,0.084445,0.016063,0.344645,-0.233255,0.016032,-0.016802,0.100365,0.203726,-0.134754,-0.179192,0.015937
0.157776,-0.069901,0.198573,0.358277,0.012786,0.200401,0.334861,-0.194852,0.190247,-0.019309,0.055051,0.206898,-0.042726,-0.152587,0.196744,0.209066,0.084420,0.016060,0.344793,-0.233243,0.016013,-0.012858,0.100463,0.199792,-0.134788,-0.179154,0.015942
0.160904,-0.069901,0.198569,0.361382,0.012861,0.198702,0.337963,-0.194794,0.188931,-0.016155,0.054993,0.208207,-0.039574,-0.152663,0.198437,0.209358,0.084389,0.016047,0.344969,-0.233236,0.016003,-0.008577,0.100594,0.194018,-0.134811,-0.179124,0.015955
0.164024,-0.069878,0.198516,0.364462,0.012967,0.196916,0.341049,-0.194706,0.187503,-0.013001,0.054951,0.209528,-0.036414,-0.152722,0.200116,0.209639,0.084407,0.015977,0.345147,-0.233179,0.016011,-0.003800,0.100732,0.186711,-0.134822,-0.179065,0.015970
0.167145,-0.069893,0.198354,0.367532,0.013018,0.194916,0.344110,-0.194670,0.185896,-0.009820,0.054885,0.210812,-0.033242,-0.152804,0.201792,0.209830,0.084356,0.015966,0.345277,-0.233203,0.015978,0.001666,0.100792,0.178068,-0.134902,-0.179050,0.015973
0.170258,-0.069962,0.198034,0.370571,0.013031,0.192741,0.347153,-0.194670,0.184001,-0.006638,0.054747,0.212067,-0.030055,-0.152955,0.203327,0.210113,0.084339,0.015952,0.345442,-0.233184,0.015961,0.008011,0.100721,0.168146,-0.134896,-0.179029,0.015975
0.173355,-0.070129,0.197549,0.373574,0.012947,0.190359,0.350160,-0.194762,0.181801,-0.003450,0.054503,0.213297,-0.026864,-0.153206,0.204739,0.210342,0.084311,0.015932,0.345573,-0.233188,0.015957,0.015485,0.100459,0.157123,-0.134940,-0.179022,0.015978
0.176476,-0.070320,0.196891,0.376575,0.012840,0.187623,0.353153,-0.194875,0.179220,-0.000202,0.054235,0.214563,-0.023624,-0.153480,0.206160,0.210586,0.084277,0.015910,0.345698,-0.233205,0.015944,0.024330,0.100047,0.145264,-0.134974,-0.179006,0.015967
0.179634,-0.070541,0.196073,0.379570,0.012723,0.184513,0.356151,-0.194996,0.176223,0.003118,0.053914,0.215923,-0.020302,-0.153806,0.207633,0.210850,0.084250,0.015883,0.345830,-0.233209,0.015926,0.034744,0.099443,0.132707,-0.135009,-0.178998,0.015971
0.182816,-0.070831,0.195118,0.382540,0.012559,0.181071,0.359126,-0.195162,0.172805,0.006505,0.053499,0.217430,-0.016909,-0.154222,0.209164,0.211093,0.084233,0.015851,0.345949,-0.233207,0.015921,0.046725,0.098625,0.119793,-0.135057,-0.178990,0.015966
0.186020,-0.071136,0.194048,0.385478,0.012385,0.177257,0.362056,-0.195336,0.169008,0.009984,0.053063,0.219089,-0.013438,-0.154658,0.210839,0.211351,0.084204,0.015811,0.346025,-0.233221,0.015896,0.059857,0.097671,0.106839,-0.135153,-0.178969,0.015973
0.189270,-0.071503,0.192884,0.388382,0.012186,0.173089,0.364963,-0.195533,0.164785,0.013577,0.052528,0.220983,-0.009842,-0.155191,0.212680,0.211610,0.084178,0.015783,0.346143,-0.233234,0.015893,0.073525,0.096620,0.093979,-0.135223,-0.178966,0.015975
0.192543,-0.071884,0.191653,0.391214,0.011997,0.168522,0.367799,-0.195721,0.160173,0.017287,0.051953,0.223134,-0.006128,-0.155765,0.214785,0.211859,0.084129,0.015757,0.346242,-0.233266,0.015876,0.086794,0.095590,0.081354,-0.135359,-0.178982,0.015983
0.195869,-0.072273,0.190374,0.394008,0.011821,0.163722,0.370592,-0.195893,0.155285,0.021146,0.051346,0.225464,-0.002269,-0.156368,0.217026,0.212106,0.084111,0.015792,0.346342,-0.233270,0.015850,0.098614,0.094736,0.069195,-0.135521,-0.178955,0.015976
0.199196,-0.072617,0.188962,0.396707,0.011701,0.158609,0.373290,-0.196012,0.150154,0.025102,0.050779,0.227769,0.001685,-0.156934,0.219314,0.212350,0.084072,0.015828,0.346453,-0.233294,0.015823,0.108052,0.094115,0.057978,-0.135707,-0.178944,0.016004
0.202591,-0.072906,0.187312,0.399403,0.011632,0.153259,0.375979,-0.196081,0.144819,0.029203,0.050268,0.229805,0.005779,-0.157445,0.221365,0.212662,0.084048,0.015881,0.346614,-0.233303,0.015811,0.114709,0.093785,0.048090,-0.135854,-0.178903,0.015991
0.205963,-0.073189,0.185226,0.402045,0.011569,0.147690,0.378619,-0.196144,0.139257,0.033307,0.049766,0.231195,0.009881,-0.157947,0.222763,0.212965,0.084019,0.015927,0.346793,-0.233318,0.015803,0.118863,0.093664,0.039762,-0.135940,-0.178882,0.015993
0.209129,-0.073410,0.182394,0.404515,0.011540,0.141783,0.381087,-0.196175,0.133397,0.037172,0.049355,0.231390,0.013744,-0.158360,0.223005,0.213261,0.083967,0.015925,0.346958,-0.233351,0.015759,0.121184,0.093689,0.032374,-0.135952,-0.178893,0.015984
0.211922,-0.073486,0.178341,0.406756,0.011599,0.135433,0.383330,-0.196120,0.127140,0.040514,0.049147,0.229541,0.017087,-0.158572,0.221248,0.213561,0.083932,0.015953,0.347157,-0.233367,0.015749,0.122113,0.093890,0.024865,-0.135749,-0.178914,0.015989
0.214172,-0.073273,0.172594,0.408699,0.011874,0.128429,0.385316,-0.195860,0.120408,0.043029,0.049315,0.224779,0.019646,-0.158420,0.216759,0.213890,0.083915,0.015972,0.347370,-0.233320,0.015798,0.120612,0.094417,0.015918,-0.130529,-0.179533,0.015964
0.215637,-0.072990,0.165027,0.410205,0.012071,0.120877,0.386790,-0.195669,0.113088,0.044484,0.049688,0.216967,0.021070,-0.158051,0.209178,0.214603,0.083819,0.015993,0.347515,-0.233364,0.015804,0.120991,0.094380,0.015734,-0.114369,-0.181319,0.016183
0.216949,-0.072823,0.156689,0.411993,0.012121,0.114454,0.388583,-0.195619,0.106648,0.045316,0.049974,0.206731,0.021906,-0.157766,0.198925,0.221157,0.083067,0.016727,0.347806,-0.233382,0.015860,0.121410,0.094347,0.015676,-0.093119,-0.184117,0.027096
0.218452,-0.072693,0.148069,0.414477,0.011980,0.110042,0.391053,-0.195756,0.102181,0.045852,0.050370,0.193956,0.022428,-0.157365,0.186096,0.232882,0.081563,0.021864,0.348230,-0.233435,0.015947,0.121810,0.094324,0.015611,-0.064959,-0.187546,0.034503
0.220390,-0.072784,0.139552,0.417694,0.011564,0.107964,0.394298,-0.196166,0.099876,0.046482,0.050597,0.179228,0.023087,-0.157133,0.171139,0.249365,0.079306,0.030601,0.348745,-0.233538,0.015925,0.122180,0.094213,0.015636,-0.036663,-0.190993,0.038046
0.222923,-0.073166,0.131414,0.421595,0.010793,0.108575,0.398223,-0.196914,0.099831,0.047623,0.050582,0.162998,0.024251,-0.157124,0.154254,0.270339,0.076526,0.038812,0.349310,-0.233649,0.015794,0.122509,0.094134,0.015689,-0.011746,-0.194058,0.040403
0.226006,-0.073746,0.123860,0.425823,0.009745,0.111884,0.402507,-0.197928,0.102246,0.049504,0.050436,0.145474,0.026188,-0.157237,0.135836,0.293446,0.073517,0.044530,0.349843,-0.233789,0.015825,0.122784,0.094014,0.015738,0.008243,-0.196684,0.042703
0.229637,-0.074310,0.117178,0.430062,0.008581,0.117672,0.406782,-0.199057,0.107211,0.052493,0.050436,0.127145,0.029213,-0.157201,0.116684,0.315783,0.070703,0.047847,0.350289,-0.233905,0.015721,0.123012,0.093932,0.015777,0.022899,-0.198648,0.044484
0.233688,-0.074776,0.111867,0.433890,0.007475,0.125847,0.410651,-0.200141,0.114877,0.056726,0.050590,0.108857,0.033487,-0.157026,0.097888,0.336294,0.068213,0.049811,0.350621,-0.233979,0.015710,0.123179,0.093864,0.015810,0.032961,-0.199984,0.045273
0.237923,-0.075180,0.108520,0.436933,0.006464,0.136272,0.413707,-0.201142,0.125089,0.062138,0.050782,0.091950,0.038912,-0.156824,0.080767,0.354536,0.066047,0.051505,0.350843,-0.234018,0.015753,0.123293,0.093840,0.015820,0.039980,-0.200778,0.044293
0.241966,-0.075600,0.107606,0.438839,0.005559,0.148785,0.415623,-0.202044,0.137540,0.068309,0.050845,0.077672,0.045094,-0.156758,0.066427,0.370717,0.064130,0.053631,0.350961,-0.234017,0.015756,0.123412,0.093831,0.015852,0.045672,-0.201272,0.041495
0.245461,-0.076073,0.109256,0.439437,0.004747,0.162946,0.416230,-0.202859,0.151729,0.074691,0.050714,0.066783,0.051484,-0.156892,0.055567,0.384887,0.062428,0.055878,0.351038,-0.234026,0.015783,0.123612,0.093793,0.015901,0.051268,-0.201668,0.037065
0.248184,-0.076599,0.113257,0.438785,0.003990,0.178203,0.415578,-0.203617,0.166987,0.080790,0.050418,0.059526,0.057583,-0.157188,0.048311,0.396413,0.061113,0.056247,0.351113,-0.234043,0.015814,0.123995,0.093740,0.015986,0.057528,-0.202033,0.030763
0.250076,-0.077179,0.118989,0.437172,0.003244,0.193613,0.413971,-0.204357,0.182278,0.086182,0.049999,0.055700,0.062981,-0.157601,0.044365,0.404799,0.060324,0.053281,0.351269,-0.234063,0.015865,0.124641,0.093664,0.016079,0.064591,-0.202382,0.022402
0.250984,-0.077789,0.125758,0.435067,0.002435,0.207725,0.411834,-0.205146,0.196105,0.090134,0.049567,0.055411,0.066901,-0.158014,0.043790,0.409079,0.060182,0.046362,0.351431,-0.234100,0.015868,0.125396,0.093628,0.016065,0.069661,-0.202571,0.015998
0.251472,-0.078049,0.133294,0.433883,0.002253,0.218846,0.410590,-0.205341,0.207586,0.092355,0.049244,0.059002,0.069062,-0.158350,0.047742,0.406512,0.061228,0.032592,0.351667,-0.234134,0.015900,0.126179,0.093584,0.015983,0.070631,-0.202614,0.016147
0.252754,-0.077705,0.140869,0.435002,0.003099,0.226294,0.411598,-0.204556,0.216491,0.093910,0.049146,0.065248,0.070506,-0.158510,0.055444,0.397694,0.063024,0.015926,0.352011,-0.234161,0.015948,0.127000,0.093533,0.015924,0.071266,-0.202524,0.016065
0.254250,-0.077728,0.149252,0.436341,0.003449,0.234657,0.413010,-0.204248,0.225600,0.095489,0.048792,0.072905,0.072158,-0.158906,0.063848,0.398193,0.063049,0.015980,0.357088,-0.234714,0.018501,0.117610,0.093897,0.031371,0.071726,-0.202550,0.016016
0.255531,-0.078018,0.158392,0.437317,0.003317,0.244296,0.414001,-0.204396,0.235574,0.097062,0.048360,0.081210,0.073745,-0.159354,0.072488,0.398755,0.063009,0.015971,0.369726,-0.236314,0.023924,0.106463,0.093786,0.064384,0.071943,-0.202553,0.015956
0.256882,-0.078346,0.167847,0.438518,0.003117,0.253947,0.415214,-0.204609,0.245498,0.098549,0.047917,0.090195,0.075246,-0.159810,0.081747,0.399380,0.062958,0.015995,0.387725,-0.238511,0.029449,0.103614,0.093047,0.092020,0.071989,-0.202542,0.015983
0.258560,-0.078766,0.177057,0.440250,0.002774,0.262970,0.416953,-0.204960,0.254697,0.100167,0.047428,0.099418,0.076870,-0.160306,0.091145,0.400047,0.062890,0.015990,0.409759,-0.241178,0.035081,0.105229,0.092560,0.101212,0.071916,-0.202526,0.015948
0.260536,-0.079132,0.185336,0.442488,0.002485,0.270620,0.419194,-0.205257,0.262547,0.101879,0.046993,0.108126,0.078584,-0.160749,0.100052,0.400684,0.062839,0.015946,0.433210,-0.243977,0.040727,0.106940,0.092127,0.109876,0.071827,-0.202491,0.015935
0.262787,-0.079498,0.192517,0.445347,0.002187,0.276424,0.422065,-0.205564,0.268537,0.103509,0.046567,0.116496,0.080227,-0.161183,0.108610,0.401252,0.062787,0.015867,0.456351,-0.246712,0.045642,0.108567,0.091703,0.118209,0.071659,-0.202473,0.015944
0.265495,-0.079803,0.198512,0.449068,0.001936,0.280126,0.425783,-0.205823,0.272460,0.105208,0.046216,0.124565,0.081922,-0.161542,0.116898,0.401763,0.062756,0.015822,0.478622,-0.249288,0.049625,0.110267,0.091353,0.126228,0.071474,-0.202412,0.015958
0.268639,-0.080154,0.203279,0.453602,0.001628,0.281645,0.430329,-0.206139,0.274169,0.106948,0.045830,0.132389,0.083675,-0.161937,0.124912,0.402176,0.062718,0.015812,0.499164,-0.251639,0.052583,0.112005,0.090969,0.134014,0.071262,-0.202389,0.015954
0.272293,-0.080490,0.206735,0.459008,0.001328,0.280794,0.435744,-0.206448,0.273516,0.108842,0.045467,0.139955,0.085579,-0.162308,0.132677,0.402508,0.062698,0.015802,0.517240,-0.253641,0.053906,0.113896,0.090608,0.141537,0.071066,-0.202356,0.015945
0.276459,-0.080849,0.208823,0.465209,0.000991,0.277502,0.441953,-0.206791,0.270398,0.110965,0.045094,0.147249,0.087708,-0.162688,0.140145,0.402715,0.062693,0.015805,0.532201,-0.255227,0.053230,0.116017,0.090236,0.148794,0.070876,-0.202319,0.015958
0.281105,-0.081169,0.209390,0.472107,0.000711,0.271479,0.448855,-0.207079,0.264596,0.113355,0.044741,0.154184,0.090103,-0.163049,0.147302,0.402826,0.062691,0.015803,0.543617,-0.256321,0.049617,0.118405,0.089885,0.155683,0.070706,-0.202287,0.015973
0.286148,-0.081482,0.208333,0.479467,0.000449,0.262705,0.456220,-0.207348,0.256025,0.116077,0.044384,0.160641,0.092829,-0.163413,0.153961,0.402826,0.062717,0.015807,0.551057,-0.256851,0.042491,0.121125,0.089530,0.162098,0.070567,-0.202243,0.015965
0.291603,-0.081879,0.205705,0.487119,0.000114,0.251440,0.463874,-0.207688,0.244895,0.119332,0.043930,0.166514,0.096087,-0.163871,0.159969,0.402846,0.062718,0.015816,0.554281,-0.256800,0.030380,0.124381,0.089076,0.167938,0.070507,-0.202230,0.015946
0.297318,-0.082588,0.201757,0.494731,-0.000564,0.238381,0.471473,-0.208358,0.231641,0.123162,0.043182,0.171872,0.099904,-0.164612,0.165133,0.402852,0.062695,0.015835,0.553326,-0.256280,0.015909,0.128220,0.088326,0.173323,0.070492,-0.202240,0.015976
0.302567,-0.083099,0.198220,0.501155,-0.000965,0.227505,0.477906,-0.208759,0.220739,0.127228,0.042560,0.175701,0.103978,-0.165234,0.168935,0.403017,0.062666,0.015833,0.552678,-0.256211,0.015864,0.132280,0.087705,0.177169,0.070605,-0.202277,0.015987
0.307083,-0.083519,0.195982,0.506264,-0.001301,0.220646,0.483015,-0.209094,0.213871,0.131152,0.042056,0.178092,0.107902,-0.165737,0.171318,0.403199,0.062666,0.015823,0.552295,-0.256149,0.015899,0.136205,0.087201,0.179557,0.070726,-0.202271,0.015968
0.311264,-0.084038,0.194647,0.510766,-0.001765,0.216353,0.487520,-0.209556,0.209488,0.135008,0.041480,0.179806,0.111762,-0.166311,0.172941,0.403479,0.062622,0.015779,0.552176,-0.256151,0.015867,0.140063,0.086624,0.181286,0.070947,-0.202318,0.015995
0.315269,-0.084549,0.193908,0.514963,-0.002242,0.213634,0.491714,-0.210030,0.206676,0.138825,0.040932,0.181139,0.115576,-0.166856,0.174182,0.403772,0.062584,0.015749,0.552155,-0.256162,0.015860,0.143876,0.086075,0.182652,0.071135,-0.202345,0.015981
0.319191,-0.085136,0.193642,0.519001,-0.002811,0.212067,0.495753,-0.210593,0.204939,0.142629,0.040320,0.182345,0.119381,-0.167462,0.175216,0.404071,0.062542,0.015793,0.552199,-0.256182,0.015870,0.147678,0.085462,0.183897,0.071326,-0.202383,0.015979
