-0.017599,-0.004250,0.332385,0.173681,0.097787,0.338844,0.171068,-0.110662,0.321331,-0.206266,0.102163,0.343438,-0.208879,-0.106286,0.325925,0.178882,0.160490,0.134677,0.169039,-0.139646,0.123703,-0.185456,0.164121,0.145797,-0.201148,-0.136242,0.138404
-0.025067,-0.005753,0.319324,0.166070,0.096657,0.323804,0.163669,-0.111745,0.305707,-0.213804,0.100239,0.332941,-0.216204,-0.108162,0.314844,0.154786,0.160674,0.113503,0.104254,-0.136509,0.073372,-0.186641,0.166471,0.092033,-0.187340,-0.132960,0.071186
-0.033463,-0.007553,0.300670,0.157589,0.095023,0.304918,0.155235,-0.113009,0.282972,-0.222162,0.097903,0.318368,-0.224516,-0.110130,0.296421,0.155375,0.162770,0.096225,0.113511,-0.136150,0.073568,-0.209541,0.170791,0.059343,-0.212960,-0.129028,0.041085
-0.043110,-0.009026,0.277967,0.148260,0.092980,0.281628,0.145155,-0.114869,0.258097,-0.231374,0.096818,0.297837,-0.234480,-0.111031,0.274306,0.164193,0.160949,0.083233,0.138375,-0.138856,0.066806,-0.239884,0.172437,0.035095,-0.237158,-0.127753,0.018294
-0.052102,-0.009850,0.254952,0.139981,0.090872,0.254277,0.134872,-0.116806,0.229608,-0.239076,0.097107,0.280296,-0.244185,-0.110571,0.255628,0.152907,0.160840,0.047994,0.127472,-0.138187,0.025705,-0.248241,0.174530,0.015829,-0.236582,-0.128066,0.015901
-0.055543,-0.009300,0.237495,0.135817,0.092229,0.226800,0.130137,-0.115303,0.201058,-0.241223,0.096703,0.273933,-0.246903,-0.110830,0.248190,0.118457,0.164682,0.015885,0.125538,-0.138055,0.016140,-0.247870,0.174709,0.015872,-0.236017,-0.128099,0.015654
-0.053230,-0.006638,0.225116,0.137143,0.095662,0.206838,0.131414,-0.111996,0.182133,-0.237874,0.098720,0.268098,-0.243604,-0.108937,0.243393,0.112977,0.164874,0.015551,0.124762,-0.137848,0.016114,-0.247177,0.174774,0.015855,-0.235513,-0.127887,0.015936
-0.045566,-0.005226,0.219020,0.144603,0.097147,0.199095,0.138867,-0.110603,0.175185,-0.229998,0.100151,0.262855,-0.235734,-0.107599,0.238944,0.113201,0.164900,0.015600,0.125096,-0.137689,0.016171,-0.246302,0.174792,0.015895,-0.234742,-0.127744,0.016083
-0.034047,-0.005165,0.220396,0.156342,0.096992,0.201502,0.150583,-0.110811,0.178066,-0.218677,0.100481,0.262727,-0.224436,-0.107323,0.239291,0.114230,0.164863,0.015756,0.126285,-0.137609,0.015938,-0.245665,0.174806,0.016029,-0.234066,-0.127639,0.016094
-0.020337,-0.004791,0.229486,0.170523,0.096936,0.213199,0.164860,-0.111044,0.191362,-0.205534,0.101462,0.267610,-0.211197,-0.106519,0.245773,0.115757,0.164850,0.015985,0.128135,-0.137332,0.015841,-0.245228,0.174662,0.016142,-0.233737,-0.127494,0.015974
-0.005724,-0.003639,0.242380,0.185692,0.097542,0.229597,0.180149,-0.110686,0.210235,-0.191597,0.103408,0.274525,-0.197140,-0.104821,0.255163,0.117454,0.164879,0.016032,0.130237,-0.136950,0.015910,-0.243728,0.174376,0.017291,-0.233676,-0.127274,0.016023
0.008499,-0.001915,0.254062,0.200336,0.098837,0.244631,0.194932,-0.109626,0.227945,-0.177934,0.105796,0.280179,-0.183337,-0.102667,0.263493,0.125702,0.164573,0.017366,0.133263,-0.136711,0.016461,-0.235347,0.173760,0.019512,-0.234045,-0.127216,0.016782
0.021599,-0.000107,0.261610,0.213570,0.100620,0.255102,0.208560,-0.108015,0.240574,-0.165363,0.107801,0.282647,-0.170372,-0.100834,0.268119,0.156216,0.163872,0.020994,0.146187,-0.136655,0.018916,-0.219932,0.172851,0.021753,-0.236586,-0.127914,0.025381
0.033753,0.001694,0.264715,0.225730,0.102532,0.260491,0.221126,-0.106235,0.247862,-0.153619,0.109623,0.281569,-0.158223,-0.099145,0.268940,0.193684,0.163007,0.025358,0.167576,-0.136939,0.022067,-0.197040,0.171841,0.021754,-0.234245,-0.128991,0.037146
0.045157,0.003586,0.263459,0.237175,0.104399,0.260760,0.232734,-0.104486,0.250174,-0.142420,0.111658,0.276744,-0.146860,-0.097227,0.266158,0.229684,0.161846,0.028533,0.193446,-0.137728,0.024418,-0.166417,0.170774,0.018506,-0.222619,-0.129969,0.045839
0.056088,0.005547,0.257760,0.248269,0.106069,0.256031,0.243647,-0.102919,0.247851,-0.131470,0.114013,0.267669,-0.136092,-0.094976,0.259489,0.261642,0.160133,0.029597,0.218777,-0.139149,0.025178,-0.135289,0.169423,0.016542,-0.200578,-0.130754,0.047637
0.066884,0.007469,0.247520,0.259362,0.107430,0.246462,0.254213,-0.101625,0.240616,-0.120445,0.116563,0.254424,-0.125594,-0.092492,0.248578,0.288281,0.158293,0.028543,0.239831,-0.140701,0.024200,-0.109093,0.168441,0.015681,-0.168114,-0.131148,0.041946
0.077687,0.009254,0.232738,0.270441,0.108687,0.232102,0.264759,-0.100397,0.228089,-0.109385,0.118906,0.237387,-0.115066,-0.090178,0.233373,0.309518,0.157077,0.024959,0.257408,-0.141721,0.022206,-0.092462,0.168178,0.015682,-0.127530,-0.131461,0.032632
0.088408,0.010765,0.213458,0.281151,0.110217,0.212616,0.275501,-0.098887,0.209709,-0.098684,0.120417,0.217207,-0.104334,-0.088686,0.214300,0.326118,0.157153,0.019794,0.276233,-0.141767,0.021881,-0.085142,0.168317,0.016132,-0.083512,-0.132095,0.025433
0.099226,0.011414,0.191532,0.291447,0.111774,0.187038,0.286717,-0.097348,0.183840,-0.088265,0.120176,0.199225,-0.092995,-0.088947,0.196027,0.331522,0.158950,0.016000,0.291521,-0.140317,0.013355,-0.083492,0.168338,0.015870,-0.043615,-0.132827,0.019237
0.110676,0.012131,0.176804,0.302620,0.112540,0.166013,0.297887,-0.096594,0.163691,-0.076536,0.120855,0.189917,-0.081269,-0.088278,0.187595,0.330920,0.159031,0.015815,0.291350,-0.140270,0.015986,-0.082015,0.168377,0.015836,-0.042402,-0.132718,0.016066
0.125128,0.012535,0.171332,0.316875,0.112928,0.157345,0.312143,-0.096214,0.155835,-0.061888,0.121284,0.186829,-0.066619,-0.087857,0.185318,0.331555,0.159078,0.016166,0.292396,-0.140221,0.016164,-0.080691,0.168407,0.015756,-0.041083,-0.132675,0.015980
0.142689,0.012863,0.172148,0.334156,0.113216,0.154516,0.329432,-0.095930,0.153925,-0.044055,0.121656,0.190370,-0.048778,-0.087489,0.189780,0.333090,0.159092,0.016003,0.294035,-0.140204,0.016285,-0.079639,0.168414,0.015894,-0.039733,-0.132665,0.015899
0.161946,0.014336,0.178635,0.353218,0.114464,0.157879,0.348475,-0.094676,0.159537,-0.024582,0.123347,0.197734,-0.029325,-0.085792,0.199391,0.334997,0.159217,0.016166,0.296061,-0.140087,0.016120,-0.078943,0.168602,0.015914,-0.038697,-0.132497,0.015896
0.182733,0.016724,0.192263,0.374111,0.116567,0.171127,0.369376,-0.092526,0.175837,-0.003911,0.125973,0.208690,-0.008646,-0.083120,0.213400,0.337304,0.159384,0.016166,0.298327,-0.139989,0.016058,-0.078737,0.168797,0.015850,-0.038195,-0.132373,0.015894
0.204724,0.019997,0.213700,0.396499,0.119546,0.194896,0.391657,-0.089449,0.202791,0.017791,0.129442,0.224608,0.012950,-0.079553,0.232503,0.339949,0.159592,0.015990,0.300851,-0.139897,0.015962,-0.077953,0.169266,0.015802,-0.038357,-0.132028,0.016269
0.226926,0.023384,0.238733,0.419046,0.122882,0.223531,0.414155,-0.085997,0.234030,0.039696,0.132765,0.243437,0.034806,-0.076114,0.253936,0.342733,0.159749,0.015824,0.317701,-0.139936,0.021595,-0.075037,0.169798,0.021144,-0.039320,-0.131856,0.016042
0.247797,0.025932,0.261389,0.440321,0.125260,0.250913,0.435025,-0.083545,0.262620,0.060569,0.135410,0.260158,0.055273,-0.073395,0.271865,0.352239,0.159958,0.017752,0.354079,-0.139928,0.032522,-0.063764,0.171037,0.027180,-0.037462,-0.130512,0.023351
0.266945,0.028366,0.279168,0.459686,0.127556,0.271860,0.454057,-0.081192,0.284402,0.079833,0.137924,0.273935,0.074204,-0.070824,0.286477,0.391630,0.160301,0.028211,0.397939,-0.139607,0.045065,-0.046462,0.172682,0.037658,-0.026820,-0.128533,0.038725
0.285317,0.030800,0.292630,0.478159,0.129941,0.287688,0.472319,-0.078762,0.300867,0.098316,0.140362,0.284393,0.092476,-0.068341,0.297572,0.435736,0.160959,0.038629,0.441505,-0.138921,0.056000,-0.023568,0.174278,0.046029,-0.012178,-0.126319,0.054521
0.303413,0.033180,0.301812,0.496221,0.132460,0.298650,0.490402,-0.076215,0.312261,0.116425,0.142576,0.291363,0.110606,-0.066100,0.304974,0.478279,0.162187,0.048175,0.482538,-0.137616,0.066119,0.005523,0.175398,0.048604,0.004245,-0.124174,0.067711
0.321334,0.035545,0.306726,0.513993,0.135146,0.304852,0.508420,-0.073512,0.318825,0.134248,0.144603,0.294626,0.128675,-0.064055,0.308599,0.517800,0.163942,0.055903,0.518788,-0.135721,0.074460,0.040973,0.176021,0.046125,0.023834,-0.122363,0.076538
0.339123,0.037933,0.307346,0.531561,0.137972,0.306395,0.526380,-0.070663,0.320862,0.151865,0.146530,0.293830,0.146684,-0.062105,0.308297,0.553932,0.165996,0.061346,0.548099,-0.133544,0.079057,0.082484,0.176234,0.040148,0.048481,-0.121058,0.080190
0.356782,0.040321,0.303590,0.548977,0.140831,0.303367,0.544225,-0.067762,0.318562,0.169339,0.148405,0.288619,0.164587,-0.060188,0.303814,0.586588,0.168131,0.064153,0.569991,-0.131364,0.079256,0.129485,0.176219,0.032230,0.079892,-0.120250,0.078547
0.374405,0.042664,0.295328,0.566402,0.143548,0.295912,0.561954,-0.064982,0.312032,0.186856,0.150309,0.278625,0.182407,-0.058221,0.294745,0.615362,0.170176,0.064042,0.585906,-0.129338,0.075960,0.180750,0.176325,0.023648,0.118913,-0.119653,0.072366
0.392068,0.044930,0.282409,0.583958,0.146004,0.284240,0.579556,-0.062447,0.301367,0.204579,0.152306,0.263451,0.200178,-0.056145,0.280579,0.640408,0.172095,0.061152,0.598402,-0.127428,0.070498,0.234102,0.176967,0.016035,0.164756,-0.118851,0.063452
0.409945,0.047043,0.264842,0.601760,0.148217,0.268274,0.597238,-0.060120,0.286714,0.222651,0.154206,0.242969,0.218129,-0.054131,0.261409,0.662993,0.173754,0.056185,0.610956,-0.125721,0.064531,0.271329,0.178678,0.015760,0.215022,-0.118039,0.054233
0.428102,0.048622,0.242972,0.619607,0.150356,0.247114,0.615510,-0.057842,0.267154,0.240693,0.155086,0.218791,0.236596,-0.053111,0.238830,0.681861,0.175781,0.049520,0.626950,-0.123542,0.061373,0.287631,0.180330,0.016176,0.266462,-0.117704,0.048322
0.446442,0.049072,0.217800,0.636919,0.152792,0.219125,0.635200,-0.055299,0.240560,0.257683,0.153444,0.195040,0.255965,-0.054648,0.216475,0.691462,0.180049,0.044522,0.647978,-0.119631,0.060627,0.289880,0.180403,0.015759,0.314766,-0.117928,0.050448
0.464523,0.049316,0.193454,0.653715,0.155158,0.186723,0.655220,-0.052884,0.208648,0.273826,0.151517,0.178260,0.275332,-0.056525,0.200185,0.686552,0.183085,0.015788,0.658834,-0.118172,0.022560,0.291832,0.180309,0.016555,0.356504,-0.119581,0.029954
0.482699,0.048187,0.174544,0.671947,0.153115,0.159828,0.673388,-0.054839,0.182581,0.292011,0.151213,0.166508,0.293452,-0.056741,0.189261,0.686311,0.183179,0.015802,0.659352,-0.118876,0.016079,0.294188,0.180471,0.015887,0.364701,-0.120931,0.015958
0.500628,0.047638,0.165829,0.689724,0.151934,0.145682,0.691141,-0.055982,0.168778,0.310114,0.151258,0.162880,0.311531,-0.056658,0.185975,0.687338,0.183224,0.015825,0.660308,-0.118882,0.016103,0.296084,0.180540,0.015661,0.366336,-0.120946,0.015552
0.519108,0.048752,0.166562,0.707870,0.152297,0.140323,0.709299,-0.055482,0.164618,0.328917,0.152986,0.168505,0.330346,-0.054794,0.192800,0.689103,0.183377,0.015871,0.661896,-0.118906,0.016347,0.297326,0.180629,0.015414,0.367700,-0.121001,0.015733
0.539165,0.051643,0.175586,0.727555,0.154306,0.143790,0.728948,-0.053214,0.170213,0.349383,0.156500,0.180958,0.350776,-0.051019,0.207381,0.691252,0.183616,0.016055,0.663932,-0.119098,0.016041,0.297954,0.180898,0.015436,0.368625,-0.121079,0.016053
0.560875,0.055824,0.192879,0.749212,0.158060,0.159443,0.750580,-0.049192,0.187892,0.371170,0.160840,0.197867,0.372538,-0.046412,0.226316,0.693623,0.183889,0.016062,0.666206,-0.119209,0.016086,0.298052,0.181210,0.015559,0.368978,-0.121171,0.016078
0.583682,0.060776,0.216824,0.772301,0.162840,0.184466,0.773451,-0.044214,0.214336,0.393913,0.165765,0.219312,0.395063,-0.041288,0.249182,0.696150,0.184017,0.015877,0.672910,-0.118949,0.018470,0.299017,0.182035,0.017428,0.368657,-0.121003,0.015948
0.606791,0.065125,0.242883,0.795915,0.167493,0.214703,0.796762,-0.039509,0.244939,0.416821,0.169758,0.240828,0.417668,-0.037244,0.271064,0.698750,0.184020,0.016113,0.698186,-0.117548,0.027896,0.302496,0.183280,0.022141,0.366897,-0.120450,0.017307
0.628714,0.068336,0.265952,0.818538,0.170955,0.244101,0.818615,-0.036172,0.273480,0.438812,0.172845,0.258424,0.438890,-0.034282,0.287803,0.716003,0.184811,0.018420,0.740001,-0.114778,0.043136,0.313290,0.186290,0.029912,0.363407,-0.116739,0.030305
0.648976,0.071449,0.284205,0.839154,0.174279,0.266896,0.838751,-0.032924,0.295735,0.459201,0.175822,0.272674,0.458798,-0.031380,0.301513,0.762197,0.187082,0.028117,0.788475,-0.111906,0.057263,0.330666,0.189845,0.041935,0.367501,-0.112204,0.049234
0.668433,0.074516,0.298136,0.858867,0.177390,0.284242,0.857995,-0.029863,0.312706,0.478871,0.178896,0.283566,0.477999,-0.028357,0.312030,0.810235,0.189726,0.038535,0.837076,-0.109055,0.069491,0.354178,0.193310,0.050651,0.378062,-0.107554,0.066353
0.687586,0.077560,0.307737,0.878160,0.180495,0.296463,0.876969,-0.026817,0.324480,0.498202,0.181938,0.290994,0.497012,-0.025374,0.319010,0.854877,0.192969,0.048406,0.881782,-0.105610,0.081022,0.383954,0.196373,0.053580,0.393148,-0.103061,0.079122
0.706581,0.080528,0.313050,0.897177,0.183630,0.303860,0.895874,-0.023747,0.331388,0.517289,0.184803,0.294713,0.515986,-0.022574,0.322240,0.895696,0.196651,0.056478,0.919200,-0.101803,0.089865,0.419993,0.198956,0.051320,0.413173,-0.099041,0.086715
0.725464,0.083481,0.314071,0.915981,0.186866,0.306608,0.914749,-0.020561,0.333756,0.536179,0.187523,0.294387,0.534946,-0.019904,0.321535,0.933223,0.200638,0.062380,0.948057,-0.097970,0.094051,0.462251,0.201191,0.045224,0.438888,-0.095584,0.089164
0.744234,0.086403,0.310722,0.934614,0.190141,0.304806,0.933552,-0.017310,0.331779,0.554916,0.190116,0.289666,0.553854,-0.017335,0.316638,0.967630,0.204740,0.065873,0.969147,-0.094303,0.093524,0.510493,0.203305,0.036838,0.470957,-0.092599,0.087015
0.762950,0.089302,0.302880,0.953210,0.193339,0.298588,0.952244,-0.014112,0.325566,0.573656,0.192716,0.280194,0.572690,-0.014735,0.307173,0.998535,0.208799,0.066648,0.984492,-0.090780,0.089610,0.563510,0.205747,0.027599,0.509892,-0.089683,0.081044
0.781690,0.092110,0.290385,0.971912,0.196280,0.288119,0.970796,-0.011156,0.315205,0.592583,0.195375,0.265566,0.591467,-0.012061,0.292651,1.025923,0.212678,0.064882,0.996507,-0.087377,0.083563,0.619180,0.208938,0.019495,0.555464,-0.086442,0.072556
0.800600,0.094788,0.273130,0.990865,0.198904,0.273539,0.989288,-0.008493,0.300901,0.611912,0.198068,0.245359,0.610335,-0.009329,0.272721,1.050573,0.216256,0.061011,1.008269,-0.084068,0.076646,0.668739,0.213274,0.016402,0.605883,-0.082780,0.063220
0.819885,0.097221,0.251268,1.010183,0.201219,0.254793,1.007981,-0.006106,0.282649,0.631790,0.200549,0.219887,0.629588,-0.006777,0.247743,1.073077,0.219620,0.055386,1.023353,-0.080534,0.071248,0.703335,0.218258,0.016018,0.658150,-0.078820,0.055127
0.839479,0.098915,0.225265,1.029370,0.203594,0.230284,1.027464,-0.003431,0.260311,0.651495,0.201261,0.190218,0.649589,-0.005764,0.220246,1.093918,0.222914,0.050936,1.045460,-0.076960,0.071150,0.716837,0.221283,0.015755,0.708154,-0.076686,0.051635
0.859385,0.099052,0.199055,1.047720,0.206615,0.200045,1.049443,-0.000132,0.231936,0.669326,0.198237,0.166174,0.671049,-0.008511,0.198065,1.100372,0.227509,0.034502,1.062216,-0.073653,0.052757,0.718893,0.221381,0.015388,0.752448,-0.077397,0.045225
0.879908,0.098564,0.177366,1.067880,0.206599,0.171371,1.071185,0.000177,0.205193,0.688631,0.196951,0.149539,0.691935,-0.009471,0.183361,1.097188,0.227627,0.015720,1.058651,-0.076937,0.016897,0.721289,0.221633,0.015866,0.785366,-0.081419,0.016239
0.900740,0.097397,0.163777,1.088985,0.204454,0.151792,1.092259,-0.001805,0.186592,0.709221,0.196599,0.140962,0.712494,-0.009660,0.175763,1.097897,0.227709,0.015562,1.059454,-0.077141,0.016390,0.723700,0.221775,0.015598,0.787314,-0.081544,0.015895
0.921120,0.097687,0.159018,1.109449,0.203357,0.138841,1.112727,-0.002729,0.174657,0.729512,0.198102,0.143379,0.732790,-0.007983,0.179194,1.099445,0.227888,0.015437,1.060927,-0.077245,0.016104,0.726013,0.221966,0.015538,0.789021,-0.081660,0.015580
0.941092,0.099731,0.162527,1.129247,0.203866,0.134337,1.132452,-0.001945,0.171701,0.749731,0.201408,0.153353,0.752936,-0.004403,0.190717,1.101479,0.228126,0.015875,1.062707,-0.077523,0.015850,0.727622,0.222216,0.015393,0.790362,-0.081768,0.015832
0.961825,0.103241,0.174322,1.149734,0.206298,0.140991,1.152891,0.000744,0.179753,0.770760,0.205738,0.168891,0.773917,0.000184,0.207652,1.103675,0.228291,0.016076,1.064675,-0.077723,0.016121,0.728317,0.222405,0.015440,0.791193,-0.081941,0.016033
0.983775,0.108231,0.194117,1.171727,0.210914,0.159893,1.174734,0.005538,0.199598,0.792816,0.210923,0.188636,0.795823,0.005547,0.228341,1.106026,0.228420,0.015951,1.066936,-0.077821,0.016054,0.728898,0.222850,0.015700,0.791418,-0.081876,0.015945
1.006598,0.113708,0.218812,1.194648,0.216463,0.185349,1.197594,0.011150,0.225383,0.815601,0.216267,0.212241,0.818547,0.010954,0.252275,1.108348,0.228523,0.016049,1.085070,-0.076243,0.022975,0.729221,0.223454,0.017957,0.790906,-0.081857,0.015831
1.029713,0.118279,0.244566,1.218069,0.221758,0.215325,1.220870,0.016305,0.254643,0.838556,0.220252,0.234488,0.841356,0.014799,0.273806,1.110775,0.228449,0.016104,1.120567,-0.073240,0.035705,0.726519,0.225119,0.026073,0.787801,-0.080748,0.020173
1.051264,0.121788,0.266762,1.239974,0.225852,0.242260,1.242402,0.020252,0.280823,0.860126,0.223324,0.252702,0.862554,0.017724,0.291265,1.131542,0.229020,0.019420,1.168653,-0.069833,0.051739,0.732790,0.227553,0.036707,0.787170,-0.077294,0.035987
1.071301,0.125244,0.284330,1.260085,0.229846,0.262883,1.262471,0.024186,0.301129,0.880130,0.226303,0.267531,0.882516,0.020642,0.305778,1.176982,0.231341,0.027504,1.218041,-0.066466,0.065046,0.747041,0.230493,0.049764,0.794075,-0.073259,0.054965
1.090775,0.128609,0.297530,1.279520,0.233689,0.278182,1.282002,0.027998,0.316254,0.899547,0.229220,0.278806,0.902029,0.023528,0.316879,1.221962,0.234459,0.036359,1.264544,-0.062828,0.076435,0.767874,0.233079,0.058500,0.805104,-0.069167,0.072138
1.110058,0.131897,0.306411,1.298640,0.237521,0.288476,1.301431,0.031791,0.326321,0.918685,0.232003,0.286501,0.921476,0.026273,0.324347,1.262432,0.238319,0.044250,1.305761,-0.058505,0.086384,0.795070,0.235105,0.061245,0.819906,-0.065333,0.085097
1.129200,0.135139,0.311041,1.317507,0.241402,0.294016,1.320816,0.035636,0.331618,0.937584,0.234643,0.290464,0.940893,0.028877,0.328066,1.298810,0.242698,0.049892,1.339833,-0.053828,0.093241,0.828326,0.236774,0.058879,0.839637,-0.061917,0.092997
1.148182,0.138321,0.311421,1.336119,0.245320,0.294932,1.340129,0.039543,0.332407,0.956235,0.237099,0.290435,0.960245,0.031321,0.327910,1.332230,0.247406,0.053076,1.366241,-0.049288,0.095553,0.867563,0.238256,0.052553,0.864909,-0.058975,0.096003
1.166994,0.141441,0.307480,1.354482,0.249272,0.291294,1.359342,0.043526,0.328836,0.974646,0.239357,0.286124,0.979506,0.033610,0.323666,1.363476,0.252372,0.053851,1.386003,-0.045002,0.093479,0.912871,0.239818,0.043382,0.895817,-0.056332,0.094841
1.185667,0.144516,0.299095,1.372682,0.253201,0.283156,1.378425,0.047531,0.320994,0.992909,0.241501,0.277196,0.998652,0.035831,0.315034,1.392625,0.257525,0.052354,1.401022,-0.040871,0.088341,0.963486,0.241921,0.032665,0.932584,-0.053636,0.090048
1.204250,0.147423,0.286097,1.390846,0.256883,0.270552,1.397349,0.051338,0.308940,1.011152,0.243508,0.263254,1.017655,0.037963,0.301642,1.419938,0.262730,0.049243,1.413483,-0.036902,0.081417,1.017848,0.245024,0.022551,0.975675,-0.050603,0.082218
1.222845,0.150215,0.268353,1.409139,0.260303,0.253641,1.416140,0.054912,0.292755,1.029550,0.245519,0.243951,1.036551,0.040127,0.283066,1.445897,0.268146,0.045162,1.426064,-0.032715,0.073934,1.071552,0.249733,0.015480,1.024451,-0.046678,0.072498
1.241722,0.152679,0.246131,1.427709,0.263391,0.232239,1.435174,0.058270,0.272666,1.048270,0.247089,0.219596,1.055735,0.041968,0.260022,1.470818,0.273406,0.039902,1.442133,-0.028239,0.067635,1.103579,0.255270,0.015692,1.076491,-0.042622,0.062177
1.260744,0.154381,0.219981,1.445807,0.266450,0.204709,1.454955,0.061996,0.248060,1.066533,0.246766,0.191903,1.075681,0.042311,0.235254,1.494124,0.279484,0.036657,1.466325,-0.022373,0.067083,1.115236,0.257979,0.015182,1.127869,-0.039918,0.055756
1.280226,0.154808,0.194042,1.463159,0.269173,0.171744,1.476458,0.065567,0.217923,1.083994,0.244049,0.170161,1.097292,0.040443,0.216339,1.498841,0.282683,0.015135,1.483848,-0.019817,0.045226,1.117352,0.258090,0.016564,1.174343,-0.040110,0.044884
1.300831,0.153320,0.174090,1.483892,0.265583,0.143645,1.496966,0.062559,0.192379,1.104696,0.244082,0.155801,1.117770,0.041058,0.204535,1.498715,0.282817,0.016367,1.477630,-0.027872,0.015940,1.119870,0.258325,0.015964,1.193345,-0.046188,0.015903
1.319851,0.153076,0.162802,1.502671,0.263781,0.125888,1.515835,0.061134,0.176143,1.123867,0.245019,0.149462,1.137031,0.042372,0.199717,1.499873,0.283144,0.015503,1.478679,-0.027904,0.016042,1.122167,0.258574,0.015371,1.195086,-0.046381,0.015822
1.338404,0.154884,0.162421,1.520842,0.264023,0.119455,1.534037,0.061601,0.170598,1.142770,0.248168,0.154245,1.155965,0.045745,0.205388,1.501865,0.283475,0.015428,1.480206,-0.027966,0.015897,1.123897,0.258776,0.015187,1.196253,-0.046579,0.015489
1.358549,0.159081,0.172382,1.540586,0.266884,0.124611,1.553736,0.064592,0.176278,1.163362,0.253569,0.168485,1.176512,0.051277,0.220153,1.504185,0.283755,0.015903,1.482120,-0.028012,0.015963,1.124747,0.258938,0.015310,1.196928,-0.046636,0.015629
1.380152,0.165833,0.191001,1.562134,0.273328,0.142334,1.575278,0.071211,0.194685,1.185025,0.260454,0.187317,1.198170,0.058337,0.239668,1.506550,0.284025,0.015967,1.484377,-0.028027,0.015992,1.124908,0.259081,0.015489,1.196924,-0.046803,0.015680
1.402567,0.173141,0.214871,1.584633,0.281331,0.168092,1.597944,0.079105,0.219976,1.207190,0.267178,0.209766,1.220501,0.064952,0.261650,1.508879,0.284272,0.015731,1.498354,-0.025181,0.022313,1.124884,0.259278,0.016832,1.196255,-0.046815,0.015500
1.424911,0.179100,0.239947,1.607514,0.289081,0.199924,1.620733,0.086398,0.250021,1.229090,0.271802,0.229874,1.242309,0.069119,0.279971,1.511279,0.284255,0.016001,1.529872,-0.019269,0.036284,1.126242,0.260144,0.020056,1.193044,-0.045456,0.019220
1.445601,0.183815,0.261952,1.628941,0.295226,0.230094,1.641429,0.091986,0.278075,1.249772,0.275644,0.245830,1.262260,0.072404,0.293811,1.532449,0.286432,0.019791,1.574758,-0.011916,0.053476,1.135293,0.264053,0.028361,1.192367,-0.040532,0.031788
1.464527,0.188347,0.279469,1.648210,0.300803,0.253868,1.660218,0.097209,0.300451,1.268836,0.279484,0.258487,1.280844,0.075890,0.305069,1.576284,0.291575,0.027959,1.624550,-0.004815,0.067849,1.152369,0.269355,0.040123,1.201377,-0.034700,0.046317
1.482735,0.192818,0.292550,1.666650,0.305864,0.271647,1.678144,0.102062,0.317445,1.287325,0.283573,0.267656,1.298819,0.079772,0.313453,1.618780,0.297195,0.037469,1.674061,0.002187,0.081631,1.176288,0.274586,0.047913,1.219530,-0.029401,0.055140
1.500744,0.197159,0.301176,1.684791,0.310614,0.283975,1.695849,0.106658,0.329188,1.305639,0.287660,0.273163,1.316697,0.083704,0.318376,1.656897,0.303180,0.046967,1.718291,0.009477,0.095617,1.206080,0.279503,0.050420,1.245057,-0.024633,0.057490
1.518703,0.201431,0.305375,1.702776,0.315291,0.291430,1.713523,0.111203,0.336119,1.323884,0.291660,0.274632,1.334631,0.087571,0.319320,1.691295,0.309663,0.055722,1.754043,0.016612,0.107152,1.241061,0.284384,0.048555,1.276006,-0.019709,0.056246
1.536572,0.205612,0.305179,1.720525,0.320005,0.294386,1.731144,0.115813,0.338626,1.341999,0.295412,0.271732,1.352618,0.091219,0.315972,1.722721,0.316506,0.062790,1.780385,0.022899,0.112882,1.282139,0.289265,0.042812,1.311282,-0.014385,0.053397
1.554228,0.209663,0.300464,1.737877,0.324804,0.292928,1.748593,0.120534,0.336787,1.359863,0.298793,0.264141,1.370579,0.094523,0.308000,1.752390,0.323803,0.067932,1.799012,0.028496,0.112598,1.331558,0.294400,0.033808,1.350173,-0.008273,0.051013
1.571753,0.213593,0.291072,1.754913,0.329689,0.287172,1.765877,0.125370,0.330743,1.377628,0.301815,0.251402,1.388592,0.097497,0.294973,1.780816,0.331469,0.070781,1.812564,0.033863,0.108110,1.389256,0.300436,0.023786,1.392811,-0.001219,0.049222
1.589443,0.217308,0.276947,1.771954,0.334486,0.277567,1.783132,0.130102,0.320774,1.395754,0.304514,0.233120,1.406933,0.100130,0.276327,1.808497,0.339409,0.071340,1.824180,0.039446,0.101385,1.450183,0.308084,0.015867,1.436198,0.007170,0.049082
1.607662,0.220757,0.258537,1.789255,0.339225,0.264044,1.800738,0.134897,0.307434,1.414586,0.306616,0.209639,1.426069,0.102288,0.253029,1.835782,0.346965,0.069046,1.837405,0.045164,0.094300,1.486601,0.316015,0.015708,1.476811,0.015472,0.049909
1.626345,0.223129,0.237093,1.806202,0.344150,0.243911,1.819800,0.140532,0.289950,1.432889,0.305726,0.184236,1.446487,0.102109,0.230275,1.859271,0.353843,0.064583,1.855160,0.051368,0.091681,1.493939,0.318343,0.015482,1.513718,0.019991,0.053755
1.645332,0.223808,0.215156,1.822516,0.348882,0.217017,1.841868,0.145823,0.263460,1.448797,0.301794,0.166852,1.468148,0.098734,0.213295,1.867146,0.363036,0.055577,1.872403,0.060875,0.084054,1.495624,0.318465,0.015505,1.550451,0.023932,0.056677
1.664301,0.224648,0.195039,1.838353,0.353769,0.186408,1.865212,0.151043,0.230514,1.463390,0.298252,0.159565,1.490248,0.095526,0.203670,1.851987,0.365414,0.016054,1.880486,0.064291,0.038044,1.497060,0.318373,0.015969,1.584895,0.024471,0.035018
1.684376,0.223274,0.178539,1.859119,0.350153,0.158345,1.886186,0.147355,0.201995,1.482566,0.299193,0.155082,1.509632,0.096396,0.198732,1.852338,0.365416,0.015636,1.879116,0.059504,0.016046,1.499222,0.318332,0.015842,1.593096,0.021265,0.015744
1.704523,0.223900,0.171090,1.879387,0.349061,0.142830,1.906453,0.146164,0.186016,1.502593,0.301635,0.156163,1.529660,0.098739,0.199349,1.853905,0.365515,0.015936,1.879921,0.059617,0.016195,1.501271,0.318423,0.015700,1.594765,0.021452,0.015604
1.724550,0.227577,0.172869,1.899284,0.351175,0.137757,1.926294,0.148447,0.181765,1.522807,0.306707,0.163973,1.549816,0.103979,0.207980,1.855835,0.365813,0.015800,1.881546,0.059618,0.016082,1.502904,0.318720,0.015470,1.595986,0.021434,0.015443
1.744928,0.233231,0.183354,1.919541,0.355945,0.144717,1.946494,0.153392,0.189558,1.543363,0.313069,0.177151,1.570316,0.110516,0.221992,1.857906,0.366186,0.015984,1.883541,0.059638,0.015940,1.503731,0.318896,0.015253,1.596733,0.021430,0.015741
1.766071,0.240753,0.201495,1.940713,0.363127,0.161921,1.967561,0.160702,0.207398,1.564581,0.320804,0.195592,1.591430,0.118380,0.241069,1.860051,0.366576,0.015817,1.885820,0.059898,0.016037,1.504031,0.319273,0.015450,1.596856,0.021507,0.015750
1.787910,0.248314,0.223790,1.962575,0.370930,0.185075,1.989455,0.168446,0.230271,1.586366,0.328182,0.217309,1.613246,0.125698,0.262504,1.862131,0.366833,0.016080,1.900890,0.063723,0.024145,1.504929,0.319936,0.018423,1.596282,0.021372,0.015570
1.809832,0.254456,0.246171,1.985028,0.377937,0.213011,2.011381,0.174994,0.256417,1.608283,0.333918,0.235926,1.634635,0.130974,0.279332,1.864520,0.367007,0.016017,1.930627,0.070981,0.038188,1.509286,0.322540,0.023783,1.593694,0.023387,0.020221
1.830088,0.259636,0.264758,2.005806,0.383752,0.237200,2.031472,0.180297,0.278573,1.628703,0.338975,0.250943,1.654370,0.135520,0.292316,1.901969,0.373222,0.020018,1.973220,0.080286,0.052713,1.519212,0.327863,0.034408,1.596106,0.028817,0.033556
1.849098,0.264740,0.278922,2.025191,0.389173,0.255493,2.050260,0.185424,0.295771,1.647936,0.344056,0.262073,1.673006,0.140307,0.302351,1.950019,0.381396,0.026875,2.017939,0.088684,0.062579,1.535989,0.334230,0.045975,1.605553,0.035004,0.047708
1.867651,0.269691,0.288644,2.044044,0.394236,0.268265,2.068567,0.190275,0.307803,1.666735,0.349108,0.269485,1.691258,0.145147,0.309023,1.992462,0.389368,0.034668,2.061554,0.096998,0.071457,1.560557,0.340577,0.050846,1.619349,0.041415,0.058988
1.885965,0.274559,0.294000,2.062522,0.399235,0.275974,2.086700,0.195091,0.314774,1.685231,0.354027,0.273225,1.709409,0.149883,0.312025,2.029932,0.397281,0.040951,2.100161,0.105296,0.078991,1.592909,0.347101,0.049259,1.637730,0.048068,0.066050
1.904055,0.279343,0.295004,2.080625,0.404264,0.278918,2.104697,0.199977,0.317023,1.703412,0.358708,0.272985,1.727484,0.154421,0.311090,2.064569,0.405326,0.045229,2.131136,0.112864,0.082819,1.632834,0.354031,0.042967,1.661233,0.054966,0.069270
1.921934,0.284027,0.291587,2.098382,0.409337,0.277271,2.122558,0.204956,0.314804,1.721310,0.363098,0.268371,1.745487,0.158718,0.305904,2.097751,0.413596,0.047543,2.154391,0.119460,0.082066,1.680201,0.361685,0.033824,1.690198,0.062241,0.069489
1.939693,0.288620,0.283640,2.115954,0.414390,0.271178,2.140306,0.209952,0.308281,1.739081,0.367288,0.258999,1.763433,0.162850,0.296101,2.129585,0.421991,0.047848,2.171743,0.125367,0.077845,1.733731,0.370448,0.023654,1.724897,0.070171,0.066992
1.957485,0.293091,0.271040,2.133594,0.419270,0.260760,2.157996,0.214792,0.297610,1.756975,0.371390,0.244470,1.781376,0.166912,0.281320,2.160031,0.430335,0.046631,2.185681,0.130880,0.071679,1.787620,0.380478,0.016586,1.765312,0.078965,0.061971
1.975658,0.297295,0.253997,2.151674,0.423734,0.245470,2.176059,0.219179,0.281907,1.775258,0.375410,0.226088,1.799642,0.170856,0.262524,2.184658,0.438072,0.042943,2.198130,0.136899,0.066165,1.820330,0.389851,0.016045,1.814136,0.088793,0.053076
1.993963,0.301132,0.232605,2.169576,0.428201,0.225184,2.194474,0.223709,0.261626,1.793452,0.378555,0.203585,1.818351,0.174064,0.240027,2.206053,0.445578,0.036860,2.213169,0.143666,0.060610,1.842901,0.397530,0.015365,1.864653,0.098677,0.046279
2.012133,0.304092,0.207601,2.186151,0.433180,0.197843,2.213715,0.229422,0.236414,1.810551,0.378763,0.178789,1.838114,0.175005,0.217359,2.227869,0.454666,0.035026,2.237067,0.152588,0.060348,1.850358,0.399946,0.015736,1.910146,0.105261,0.043957
2.030649,0.306320,0.183763,2.203557,0.436118,0.166546,2.233403,0.233308,0.208280,1.827895,0.379333,0.159246,1.857741,0.176522,0.200980,2.229519,0.455855,0.016068,2.248285,0.150140,0.021308,1.852438,0.400355,0.016031,1.948673,0.107067,0.026257
