0.008110,-0.012398,0.333649,0.200202,0.088219,0.337922,0.195921,-0.120551,0.325213,-0.179701,0.095755,0.342084,-0.183982,-0.113014,0.329375,0.187203,0.143963,0.174733,0.165583,-0.153340,0.125912,-0.167080,0.152237,0.158160,-0.185460,-0.146966,0.139441
0.013805,-0.017815,0.319431,0.205957,0.082752,0.321746,0.201521,-0.126110,0.310709,-0.173910,0.090481,0.328153,-0.178346,-0.118381,0.317115,0.184528,0.137526,0.155317,0.161058,-0.159777,0.102619,-0.169230,0.146042,0.136337,-0.180587,-0.153301,0.117363
0.020035,-0.023148,0.301517,0.211463,0.078815,0.301664,0.208482,-0.130187,0.293059,-0.168412,0.083891,0.309974,-0.171393,-0.125110,0.301369,0.178116,0.132064,0.124849,0.130783,-0.165520,0.073225,-0.156166,0.137646,0.105062,-0.179800,-0.161258,0.077290
0.025757,-0.028572,0.280305,0.216325,0.074984,0.279276,0.215069,-0.134086,0.271992,-0.163555,0.076941,0.288618,-0.164811,-0.132128,0.281333,0.182136,0.127358,0.087265,0.099471,-0.170868,0.042366,-0.142581,0.129842,0.071988,-0.174081,-0.168838,0.031285
0.031017,-0.032879,0.257212,0.221679,0.070497,0.255583,0.220143,-0.138493,0.246333,-0.158108,0.072735,0.268091,-0.159645,-0.136255,0.258841,0.200140,0.125266,0.049662,0.090185,-0.172830,0.015812,-0.135498,0.128072,0.041987,-0.169062,-0.170929,0.015927
0.039845,-0.031685,0.239530,0.230426,0.071801,0.236274,0.228946,-0.137206,0.227400,-0.149257,0.073836,0.251660,-0.150737,-0.135171,0.242787,0.201406,0.126857,0.015839,0.090303,-0.172742,0.016017,-0.149653,0.129064,0.022386,-0.167513,-0.170912,0.015897
0.050621,-0.028717,0.227810,0.241146,0.074824,0.223261,0.239769,-0.134269,0.216720,-0.138527,0.076835,0.238899,-0.139904,-0.132258,0.232359,0.201470,0.127046,0.015879,0.091004,-0.172486,0.016051,-0.151766,0.129371,0.015893,-0.166269,-0.170783,0.015772
0.062557,-0.026520,0.220176,0.253066,0.077009,0.214771,0.251730,-0.132136,0.210167,-0.126615,0.079096,0.230184,-0.127952,-0.130049,0.225581,0.202056,0.127175,0.015866,0.093187,-0.172312,0.016027,-0.157255,0.129414,0.018439,-0.165088,-0.170656,0.015804
0.075134,-0.024143,0.213991,0.265625,0.079345,0.207316,0.264312,-0.129838,0.204967,-0.114044,0.081551,0.223015,-0.115357,-0.127631,0.220667,0.202823,0.127342,0.015911,0.109098,-0.172196,0.016032,-0.163016,0.129516,0.026701,-0.164060,-0.170479,0.015762
0.088219,-0.021706,0.209677,0.278703,0.081702,0.201694,0.277397,-0.127493,0.201830,-0.100960,0.084082,0.217524,-0.102265,-0.125114,0.217661,0.203753,0.127500,0.015908,0.132199,-0.172160,0.015894,-0.158690,0.129777,0.039129,-0.163198,-0.170316,0.015799
0.101601,-0.019650,0.207093,0.292086,0.083675,0.198126,0.290785,-0.125508,0.200432,-0.087584,0.086209,0.213755,-0.088885,-0.122974,0.216060,0.204814,0.127663,0.015869,0.162059,-0.172178,0.017404,-0.141106,0.130210,0.051724,-0.162494,-0.170176,0.015845
0.114994,-0.018322,0.205567,0.305505,0.084938,0.196395,0.304195,-0.124224,0.200167,-0.074206,0.087580,0.210966,-0.075517,-0.121582,0.214738,0.205937,0.127766,0.015944,0.202916,-0.172328,0.018257,-0.111626,0.130533,0.059073,-0.161872,-0.170086,0.015852
0.128357,-0.017929,0.204395,0.318913,0.085310,0.195959,0.317583,-0.123842,0.200240,-0.060869,0.087984,0.208551,-0.062199,-0.121168,0.212832,0.207104,0.127798,0.015958,0.250043,-0.172567,0.019765,-0.073323,0.130414,0.056646,-0.161246,-0.170030,0.015891
0.141941,-0.018570,0.203204,0.332531,0.084720,0.196279,0.331208,-0.124443,0.200001,-0.047326,0.087303,0.206407,-0.048649,-0.121860,0.210129,0.208310,0.127753,0.015827,0.297556,-0.172855,0.022013,-0.024623,0.129759,0.045782,-0.160610,-0.170066,0.015903
0.155872,-0.020321,0.201396,0.346594,0.082824,0.196144,0.345044,-0.126361,0.198102,-0.033299,0.085719,0.204689,-0.034849,-0.123466,0.206648,0.209576,0.127605,0.015870,0.333196,-0.173416,0.017586,0.033892,0.129092,0.035654,-0.159013,-0.169786,0.015828
0.169342,-0.021847,0.198445,0.360217,0.081023,0.193382,0.358326,-0.128169,0.193773,-0.019642,0.084475,0.203116,-0.021533,-0.124716,0.203507,0.210801,0.127494,0.015992,0.333835,-0.173732,0.015906,0.087602,0.128638,0.032370,-0.151493,-0.169344,0.015762
0.181858,-0.021832,0.195181,0.372537,0.081356,0.189268,0.371009,-0.127837,0.190080,-0.007293,0.084174,0.200282,-0.008821,-0.125019,0.201094,0.233224,0.127185,0.024344,0.334796,-0.173700,0.016030,0.113920,0.128041,0.020225,-0.131413,-0.170294,0.015746
0.194103,-0.021492,0.192397,0.384786,0.081657,0.185952,0.383231,-0.127533,0.187184,0.004976,0.084549,0.197610,0.003421,-0.124641,0.198842,0.255500,0.127172,0.033491,0.335796,-0.173642,0.015918,0.115018,0.128113,0.015909,-0.104943,-0.170366,0.015764
0.206303,-0.022438,0.191254,0.397049,0.080638,0.185555,0.395381,-0.128555,0.185800,0.017225,0.083679,0.196709,0.015557,-0.125514,0.196954,0.281571,0.126836,0.036393,0.336873,-0.173739,0.015804,0.116141,0.128131,0.015926,-0.072799,-0.170473,0.015885
0.218811,-0.024075,0.190218,0.409670,0.078881,0.186477,0.407830,-0.130305,0.184927,0.029792,0.082156,0.195510,0.027952,-0.127031,0.193960,0.304018,0.126350,0.039970,0.337975,-0.173891,0.015907,0.117292,0.128170,0.015907,-0.039667,-0.170572,0.016287
0.231525,-0.026070,0.189018,0.422384,0.076949,0.187779,0.420605,-0.132212,0.184127,0.042446,0.080073,0.193909,0.040667,-0.129088,0.190257,0.324376,0.125760,0.043493,0.339129,-0.174041,0.015963,0.118456,0.127996,0.015748,-0.008952,-0.171116,0.017920
0.244312,-0.028008,0.187839,0.435179,0.074995,0.189141,0.433420,-0.134119,0.183404,0.055204,0.078104,0.192274,0.053446,-0.131010,0.186536,0.343732,0.125133,0.046991,0.340269,-0.174210,0.015946,0.119631,0.127876,0.015691,0.016841,-0.171630,0.021052
0.257061,-0.029671,0.186850,0.447918,0.073297,0.190375,0.446191,-0.135760,0.182851,0.067931,0.076419,0.190848,0.066204,-0.132639,0.183324,0.363439,0.124491,0.051020,0.341402,-0.174365,0.015826,0.120793,0.127759,0.015886,0.038150,-0.172248,0.026590
0.269733,-0.030933,0.186239,0.460576,0.071982,0.191590,0.458873,-0.137022,0.182705,0.080594,0.075155,0.189774,0.078891,-0.133849,0.180889,0.385351,0.123892,0.055054,0.342526,-0.174470,0.015766,0.121912,0.127698,0.016014,0.057252,-0.172920,0.033980
0.282406,-0.031811,0.186170,0.473240,0.071024,0.193151,0.471535,-0.137941,0.183371,0.093277,0.074319,0.188969,0.091572,-0.134645,0.179190,0.412641,0.123344,0.058009,0.343644,-0.174557,0.015824,0.123006,0.127670,0.016057,0.077307,-0.173581,0.041391
0.295170,-0.032326,0.186383,0.485955,0.070498,0.194707,0.484316,-0.138444,0.184461,0.106023,0.073793,0.188305,0.104384,-0.135150,0.178059,0.444267,0.122959,0.059560,0.344800,-0.174594,0.015994,0.124118,0.127607,0.015988,0.100785,-0.174155,0.046059
0.308140,-0.032379,0.186489,0.498925,0.070368,0.195706,0.497249,-0.138576,0.185506,0.119030,0.073818,0.187472,0.117354,-0.135127,0.177271,0.477281,0.122758,0.058242,0.345989,-0.174597,0.016068,0.125251,0.127652,0.015852,0.129169,-0.174310,0.045817
0.321407,-0.031677,0.186150,0.512210,0.071020,0.195572,0.510468,-0.137966,0.186287,0.132347,0.074612,0.186013,0.130605,-0.134375,0.176728,0.507720,0.123022,0.050007,0.347166,-0.174535,0.016007,0.126435,0.127721,0.015777,0.163344,-0.174121,0.041155
0.335201,-0.030087,0.185012,0.526067,0.072582,0.193424,0.524199,-0.136481,0.186084,0.146203,0.076308,0.183941,0.144336,-0.132755,0.176601,0.530970,0.123706,0.031402,0.348407,-0.174416,0.015898,0.127683,0.127856,0.015813,0.201042,-0.173857,0.037489
0.349380,-0.028103,0.183295,0.540269,0.074698,0.189185,0.538415,-0.134434,0.184196,0.160346,0.078229,0.182395,0.158492,-0.130904,0.177405,0.533543,0.124359,0.015797,0.349689,-0.174208,0.015788,0.128898,0.127944,0.015923,0.237842,-0.173673,0.034944
0.363007,-0.027603,0.182430,0.553937,0.075183,0.187093,0.552027,-0.133962,0.182722,0.173986,0.078756,0.182139,0.172076,-0.130390,0.177767,0.534558,0.124400,0.015911,0.357276,-0.174159,0.015872,0.129938,0.128093,0.015950,0.265000,-0.173497,0.024530
0.376019,-0.028053,0.181659,0.566963,0.074701,0.186459,0.565027,-0.134435,0.181674,0.187010,0.078329,0.181644,0.185074,-0.130808,0.176859,0.535661,0.124358,0.015859,0.376769,-0.174360,0.015778,0.134563,0.128071,0.015887,0.272591,-0.173397,0.015829
0.388618,-0.027760,0.181665,0.579552,0.075025,0.186244,0.577637,-0.134122,0.181954,0.199600,0.078603,0.181376,0.197685,-0.130544,0.177086,0.536787,0.124372,0.015862,0.398755,-0.174626,0.020080,0.150186,0.127898,0.016535,0.273795,-0.173392,0.015696
0.401119,-0.026478,0.182676,0.592006,0.076408,0.186878,0.590173,-0.132767,0.184232,0.212065,0.079811,0.181120,0.210232,-0.129364,0.178474,0.537918,0.124502,0.015811,0.432904,-0.174782,0.021247,0.172509,0.127638,0.021128,0.274985,-0.173328,0.015719
0.413670,-0.024765,0.183666,0.604539,0.078175,0.187320,0.602725,-0.131017,0.186786,0.224614,0.081487,0.180545,0.222800,-0.127705,0.180011,0.539047,0.124632,0.015853,0.468402,-0.174893,0.025940,0.196890,0.127570,0.027231,0.276101,-0.173200,0.015841
0.426315,-0.022934,0.184571,0.617157,0.080080,0.187510,0.615385,-0.129106,0.189183,0.237245,0.083238,0.179959,0.235473,-0.125948,0.181631,0.540192,0.124812,0.015857,0.500358,-0.174834,0.032916,0.220232,0.127668,0.033984,0.277218,-0.173080,0.015946
0.438992,-0.021339,0.185540,0.629829,0.081702,0.187714,0.628059,-0.127459,0.191316,0.249924,0.084780,0.179764,0.248154,-0.124381,0.183366,0.541323,0.124950,0.015863,0.528035,-0.174667,0.040569,0.242298,0.127896,0.039947,0.278260,-0.172977,0.015948
0.451714,-0.020184,0.186765,0.642569,0.082834,0.188386,0.640756,-0.126298,0.193399,0.262672,0.085931,0.180131,0.260858,-0.123201,0.185144,0.542427,0.125034,0.015967,0.554421,-0.174517,0.047255,0.264879,0.128117,0.044165,0.279235,-0.172882,0.015914
0.464497,-0.019520,0.188459,0.655339,0.083524,0.190030,0.653536,-0.125587,0.195863,0.275457,0.086548,0.181055,0.273654,-0.122563,0.186887,0.543572,0.125102,0.015978,0.583688,-0.174488,0.051254,0.289747,0.128133,0.046201,0.280251,-0.172857,0.015950
0.477463,-0.019405,0.190473,0.668282,0.083673,0.192490,0.666499,-0.125433,0.198509,0.288426,0.086622,0.182437,0.286644,-0.122484,0.188456,0.544762,0.125112,0.015840,0.615719,-0.174685,0.052078,0.318627,0.127902,0.045790,0.281259,-0.172875,0.015924
0.490715,-0.019913,0.192412,0.681495,0.083219,0.195257,0.679759,-0.125901,0.200766,0.301671,0.086076,0.184058,0.299935,-0.123044,0.189566,0.545947,0.125085,0.015815,0.648232,-0.175084,0.049767,0.353452,0.127410,0.043465,0.282203,-0.172940,0.015849
0.504429,-0.021103,0.193843,0.695170,0.082071,0.197612,0.693493,-0.127078,0.201909,0.315365,0.084873,0.185778,0.313688,-0.124277,0.190074,0.547224,0.124986,0.015935,0.677271,-0.175700,0.041718,0.394024,0.126738,0.041438,0.283188,-0.173074,0.015750
0.518551,-0.022766,0.193653,0.709308,0.080383,0.197267,0.707657,-0.128794,0.199827,0.329445,0.083262,0.187479,0.327794,-0.125916,0.190038,0.548464,0.124890,0.015959,0.694332,-0.176313,0.022544,0.435021,0.126088,0.040728,0.284176,-0.173157,0.015851
0.532772,-0.023838,0.191830,0.723460,0.079475,0.194201,0.722021,-0.129714,0.195868,0.343523,0.082038,0.187791,0.342084,-0.127151,0.189458,0.559970,0.124632,0.015954,0.695630,-0.176418,0.015982,0.463570,0.125448,0.035204,0.285594,-0.173598,0.015903
0.546505,-0.023441,0.189242,0.736960,0.080319,0.190594,0.736008,-0.128863,0.193237,0.357002,0.081980,0.185246,0.356050,-0.127201,0.187890,0.584936,0.124315,0.020542,0.696710,-0.176378,0.016020,0.476601,0.124755,0.016344,0.290351,-0.174531,0.015797
0.559765,-0.022907,0.186409,0.750223,0.080853,0.187302,0.749270,-0.128320,0.190560,0.370260,0.082505,0.182257,0.369307,-0.126667,0.185516,0.612903,0.124423,0.026074,0.697783,-0.176263,0.015879,0.477836,0.124879,0.015886,0.301528,-0.174458,0.015793
0.572578,-0.023582,0.185335,0.763065,0.080123,0.186400,0.762058,-0.129059,0.188966,0.383098,0.081894,0.181705,0.382092,-0.127288,0.184271,0.645624,0.124218,0.029580,0.698882,-0.176334,0.015734,0.479052,0.124853,0.015958,0.319839,-0.174495,0.016882
0.585377,-0.024879,0.185051,0.775874,0.078791,0.187147,0.774837,-0.130403,0.188335,0.395917,0.080644,0.181766,0.394879,-0.128550,0.182954,0.674098,0.123885,0.035503,0.700018,-0.176463,0.015849,0.480236,0.124735,0.015876,0.342305,-0.174663,0.020608
0.598190,-0.026390,0.185139,0.788692,0.077237,0.188553,0.787630,-0.131960,0.188093,0.408750,0.079180,0.182185,0.407689,-0.130017,0.181724,0.697492,0.123475,0.041398,0.701138,-0.176592,0.015925,0.481428,0.124628,0.015656,0.364628,-0.174906,0.025988
0.611000,-0.027733,0.185350,0.801499,0.075852,0.189982,0.800424,-0.133337,0.188076,0.421576,0.077871,0.182624,0.420501,-0.131317,0.180719,0.718387,0.123035,0.046841,0.702262,-0.176716,0.015856,0.482605,0.124530,0.015733,0.385138,-0.175237,0.032372
0.623703,-0.028770,0.185753,0.814203,0.074763,0.191378,0.813107,-0.134413,0.188391,0.434299,0.076872,0.183115,0.433203,-0.132303,0.180127,0.740393,0.122609,0.051062,0.703380,-0.176830,0.015896,0.483748,0.124456,0.015922,0.404319,-0.175599,0.039489
0.636356,-0.029530,0.186443,0.826849,0.073964,0.192978,0.825744,-0.135199,0.189203,0.446969,0.076140,0.183682,0.445864,-0.133023,0.179908,0.767701,0.122249,0.053681,0.704502,-0.176887,0.015823,0.484858,0.124423,0.016012,0.424379,-0.175959,0.046451
0.649063,-0.030037,0.187111,0.839555,0.073408,0.194402,0.838424,-0.135746,0.190145,0.459702,0.075672,0.184076,0.458571,-0.133482,0.179819,0.799776,0.121916,0.055217,0.705644,-0.176941,0.015879,0.485921,0.124412,0.015977,0.447605,-0.176256,0.050797
0.661926,-0.030155,0.187396,0.852417,0.073261,0.195109,0.851265,-0.135892,0.190832,0.472588,0.075582,0.183961,0.471435,-0.133571,0.179683,0.833275,0.121696,0.054801,0.706785,-0.176980,0.015946,0.487045,0.124400,0.015884,0.475615,-0.176411,0.050416
0.675117,-0.029613,0.187008,0.865620,0.073789,0.194609,0.864430,-0.135377,0.190998,0.485805,0.076150,0.183018,0.484615,-0.133016,0.179407,0.863658,0.121788,0.048057,0.707969,-0.176923,0.016021,0.488249,0.124479,0.015865,0.509564,-0.176304,0.045556
0.688824,-0.028183,0.185701,0.879378,0.075202,0.192158,0.878102,-0.133986,0.190250,0.499546,0.077620,0.181153,0.498269,-0.131568,0.179244,0.886629,0.122074,0.031681,0.709150,-0.176817,0.015943,0.489511,0.124642,0.015805,0.547551,-0.176065,0.041580
0.702934,-0.026272,0.183713,0.893471,0.077277,0.187525,0.892307,-0.131920,0.187921,0.513562,0.079376,0.179505,0.512397,-0.129820,0.179902,0.889974,0.122422,0.015797,0.710417,-0.176684,0.015782,0.490813,0.124643,0.015808,0.586074,-0.175948,0.038965
0.716579,-0.025776,0.182701,0.907177,0.077708,0.184941,0.905936,-0.131486,0.185941,0.527223,0.079934,0.179460,0.525982,-0.129260,0.180461,0.890942,0.122447,0.015938,0.716356,-0.176627,0.015704,0.491896,0.124813,0.015880,0.616481,-0.175964,0.030546
0.729675,-0.026661,0.181779,0.920316,0.076730,0.184529,0.918987,-0.132465,0.184542,0.540364,0.079144,0.179015,0.539035,-0.130052,0.179028,0.892076,0.122350,0.015961,0.734705,-0.176756,0.015745,0.495159,0.124871,0.015829,0.628783,-0.176084,0.015921
0.742378,-0.027081,0.181011,0.932989,0.076346,0.184426,0.931705,-0.132850,0.184076,0.553052,0.078689,0.177947,0.551767,-0.130507,0.177597,0.893210,0.122323,0.015924,0.759410,-0.176967,0.018906,0.508638,0.124684,0.015903,0.629953,-0.176167,0.015741
0.754967,-0.026352,0.181288,0.945517,0.077187,0.184700,0.944338,-0.132009,0.185318,0.565595,0.079305,0.177258,0.564417,-0.129891,0.177876,0.894378,0.122427,0.015878,0.790743,-0.177076,0.022433,0.529336,0.124497,0.020294,0.631205,-0.176197,0.015674
0.767532,-0.024967,0.182059,0.958071,0.078600,0.185214,0.956890,-0.130584,0.187512,0.578174,0.080650,0.176606,0.576993,-0.128534,0.178905,0.895521,0.122544,0.015744,0.825671,-0.177060,0.027030,0.552867,0.124600,0.026812,0.632333,-0.176093,0.015769
0.780140,-0.023380,0.182997,0.970662,0.080232,0.185622,0.969495,-0.128923,0.189804,0.590784,0.082163,0.176191,0.589617,-0.126992,0.180373,0.896678,0.122709,0.015813,0.856882,-0.176870,0.034008,0.575856,0.124851,0.033416,0.633456,-0.175985,0.015912
0.792770,-0.021965,0.184189,0.983299,0.081650,0.186187,0.982109,-0.127464,0.192063,0.603432,0.083534,0.176316,0.602242,-0.125580,0.182192,0.897811,0.122818,0.015836,0.883966,-0.176598,0.041749,0.597686,0.125178,0.039051,0.634493,-0.175904,0.015925
0.805439,-0.020920,0.185734,0.995991,0.082660,0.187286,0.994745,-0.126416,0.194388,0.616133,0.084576,0.177081,0.614887,-0.124500,0.184182,0.898929,0.122895,0.015955,0.909188,-0.176334,0.048634,0.619895,0.125471,0.042861,0.635464,-0.175815,0.015908
0.818207,-0.020340,0.187773,1.008746,0.083262,0.189347,1.007506,-0.125791,0.197101,0.628907,0.085111,0.178445,0.627667,-0.123942,0.186199,0.900086,0.122959,0.016004,0.936632,-0.176203,0.052861,0.644097,0.125544,0.044758,0.636480,-0.175791,0.015962
0.831139,-0.020245,0.190145,1.021655,0.083391,0.192205,1.020429,-0.125658,0.200053,0.641848,0.085169,0.180236,0.640622,-0.123880,0.188085,0.901267,0.122961,0.015923,0.967164,-0.176311,0.054016,0.671952,0.125384,0.044642,0.637460,-0.175808,0.015946
0.844345,-0.020725,0.192502,1.034813,0.082979,0.195463,1.033644,-0.126091,0.202754,0.655046,0.084641,0.182250,0.653877,-0.124429,0.189541,0.902459,0.122930,0.015779,0.998894,-0.176618,0.052425,0.705182,0.124982,0.042980,0.638409,-0.175877,0.015884
0.857964,-0.021824,0.194391,1.048381,0.081936,0.198397,1.047281,-0.127172,0.204488,0.668646,0.083524,0.184294,0.667546,-0.125584,0.190386,0.903706,0.122852,0.015903,1.028340,-0.177162,0.045891,0.744290,0.124429,0.041235,0.639357,-0.175992,0.015773
0.871994,-0.023407,0.194777,1.062416,0.080337,0.199010,1.061349,-0.128814,0.203445,0.682639,0.082000,0.186109,0.681572,-0.127151,0.190544,0.905008,0.122719,0.015958,1.048429,-0.177895,0.029609,0.785208,0.123859,0.040923,0.640349,-0.176106,0.015828
0.886223,-0.024967,0.192915,1.076641,0.078835,0.195612,1.075713,-0.130344,0.198411,0.696732,0.080410,0.187420,0.695805,-0.128770,0.190219,0.913741,0.122607,0.015943,1.048719,-0.178120,0.015983,0.813865,0.123320,0.036092,0.641438,-0.176316,0.015896
0.899982,-0.025131,0.189956,1.090102,0.079242,0.191381,1.089814,-0.129933,0.194613,0.710151,0.079670,0.185300,0.709863,-0.129505,0.188531,0.939024,0.122250,0.019505,1.049784,-0.178093,0.015974,0.828317,0.122410,0.020026,0.646281,-0.177541,0.015815
0.913292,-0.024822,0.186857,1.103365,0.079640,0.187868,1.103180,-0.129532,0.191269,0.723404,0.079888,0.182446,0.723219,-0.129284,0.185847,0.966002,0.122593,0.026468,1.050768,-0.177794,0.015851,0.829574,0.122541,0.015871,0.656853,-0.177447,0.015796
0.926208,-0.025501,0.185552,1.116302,0.078921,0.186822,1.116078,-0.130262,0.189542,0.736339,0.079259,0.181563,0.736115,-0.129923,0.184283,0.995131,0.122449,0.028797,1.051875,-0.177906,0.015816,0.830749,0.122458,0.015952,0.673673,-0.177501,0.015840
0.939030,-0.026718,0.185155,1.129129,0.077678,0.187375,1.128885,-0.131518,0.188770,0.749174,0.078081,0.181540,0.748930,-0.131114,0.182935,1.023286,0.122230,0.034038,1.053002,-0.178033,0.015857,0.831919,0.122331,0.015865,0.694745,-0.177593,0.019289
0.951836,-0.028160,0.185215,1.141939,0.076193,0.188695,1.141672,-0.133006,0.188476,0.761999,0.076686,0.181953,0.761732,-0.132514,0.181735,1.047867,0.121919,0.040080,1.054147,-0.178164,0.015915,0.833107,0.122219,0.015632,0.716933,-0.177743,0.025269
0.964607,-0.029457,0.185448,1.154706,0.074859,0.190105,1.154432,-0.134334,0.188417,0.774783,0.075419,0.182480,0.774508,-0.133774,0.180791,1.070048,0.121585,0.046065,1.055255,-0.178262,0.015883,0.834282,0.122139,0.015755,0.737918,-0.177981,0.032638
0.977295,-0.030445,0.185902,1.167383,0.073844,0.191516,1.167113,-0.135337,0.188737,0.787477,0.074447,0.183067,0.787207,-0.134734,0.180288,1.093158,0.121265,0.050666,1.056356,-0.178352,0.015897,0.835416,0.122059,0.015935,0.757776,-0.178292,0.040386
0.989956,-0.031147,0.186617,1.180049,0.073084,0.193092,1.179746,-0.136086,0.189554,0.800166,0.073792,0.183679,0.799863,-0.135378,0.180142,1.121318,0.120988,0.053358,1.057492,-0.178427,0.015815,0.836512,0.122032,0.016014,0.778462,-0.178559,0.047458
1.002682,-0.031567,0.187264,1.192769,0.072627,0.194448,1.192452,-0.136535,0.190464,0.812912,0.073401,0.184063,0.812594,-0.135760,0.180079,1.154070,0.120802,0.054896,1.058646,-0.178465,0.015894,0.837575,0.122024,0.015963,0.802328,-0.178754,0.051503
1.015583,-0.031574,0.187480,1.205664,0.072606,0.195027,1.205338,-0.136556,0.191069,0.825828,0.073408,0.183892,0.825502,-0.135755,0.179933,1.187779,0.120759,0.054128,1.059789,-0.178474,0.015955,0.838701,0.122026,0.015858,0.831116,-0.178772,0.050506
1.028812,-0.030895,0.186989,1.218921,0.073249,0.194323,1.218529,-0.135926,0.191142,0.839096,0.074136,0.182837,0.838704,-0.135040,0.179656,1.217841,0.120952,0.046678,1.060992,-0.178423,0.016018,0.839900,0.122129,0.015862,0.865774,-0.178503,0.045342
1.042591,-0.029335,0.185554,1.232749,0.074803,0.191590,1.232282,-0.134392,0.190196,0.852900,0.075722,0.180912,0.852433,-0.133473,0.179518,1.239752,0.121323,0.028965,1.062205,-0.178302,0.015930,0.841158,0.122300,0.015803,0.904265,-0.178120,0.041464
1.056725,-0.027428,0.183594,1.246861,0.076868,0.187013,1.246510,-0.132330,0.187857,0.866939,0.077474,0.179332,0.866588,-0.131724,0.180176,1.241892,0.121636,0.015803,1.063491,-0.178168,0.015782,0.842439,0.122306,0.015816,0.942641,-0.177872,0.038891
1.070358,-0.027027,0.182819,1.260527,0.077245,0.184935,1.260149,-0.131951,0.186225,0.880568,0.077897,0.179413,0.880190,-0.131299,0.180704,1.242893,0.121685,0.015924,1.069331,-0.178109,0.015740,0.843461,0.122406,0.015894,0.972149,-0.177850,0.029323
1.083469,-0.027924,0.182118,1.273649,0.076316,0.184725,1.273250,-0.132883,0.184953,0.893689,0.077036,0.179282,0.893290,-0.132164,0.179511,1.244019,0.121638,0.015907,1.085529,-0.178160,0.015663,0.846539,0.122397,0.015848,0.983235,-0.177964,0.015898
1.096157,-0.028244,0.181842,1.286304,0.076045,0.184852,1.285963,-0.133155,0.184747,0.906351,0.076667,0.178936,0.906010,-0.132533,0.178832,1.245168,0.121646,0.015976,1.109696,-0.178234,0.017759,0.859367,0.122275,0.015900,0.984436,-0.178029,0.015747
1.108727,-0.027538,0.182274,1.298873,0.076756,0.185111,1.298525,-0.132442,0.185853,0.918928,0.077365,0.178695,0.918580,-0.131833,0.179437,1.246295,0.121694,0.015857,1.137521,-0.178201,0.023322,0.879902,0.122322,0.021175,0.985606,-0.177976,0.015664
1.121258,-0.026134,0.183217,1.311368,0.078235,0.185724,1.311075,-0.130951,0.188125,0.931440,0.078682,0.178310,0.931148,-0.130504,0.180711,1.247457,0.121827,0.015788,1.174632,-0.178059,0.027261,0.903811,0.122451,0.028285,0.986769,-0.177928,0.015764
1.133854,-0.024582,0.184178,1.323968,0.079791,0.186229,1.323649,-0.129367,0.190418,0.944058,0.080203,0.177937,0.943740,-0.128955,0.182127,1.248616,0.121952,0.015823,1.207647,-0.177782,0.034024,0.927415,0.122825,0.035001,0.987847,-0.177810,0.015905
1.146515,-0.023167,0.185239,1.336618,0.081235,0.186741,1.336310,-0.127885,0.192533,0.956720,0.081551,0.177944,0.956412,-0.127568,0.183736,1.249748,0.122097,0.015847,1.236126,-0.177381,0.041746,0.949821,0.123227,0.040653,0.988895,-0.177731,0.015925
1.159210,-0.022137,0.186567,1.349311,0.082274,0.187680,1.348999,-0.126810,0.194626,0.969422,0.082537,0.178508,0.969110,-0.126548,0.185455,1.250858,0.122192,0.015974,1.262324,-0.177009,0.048537,0.972375,0.123555,0.044493,0.989906,-0.177687,0.015909
1.172012,-0.021549,0.188347,1.362112,0.082864,0.189501,1.361785,-0.126199,0.197064,0.982240,0.083101,0.179630,0.981913,-0.125962,0.187193,1.251991,0.122238,0.015999,1.290546,-0.176788,0.052776,0.996894,0.123735,0.046321,0.990917,-0.177651,0.015954
1.184956,-0.021446,0.190464,1.375024,0.083015,0.192135,1.374729,-0.126046,0.199746,0.995182,0.083154,0.181182,0.994887,-0.125908,0.188793,1.253165,0.122251,0.015895,1.321684,-0.176763,0.053839,1.025133,0.123667,0.045934,0.991899,-0.177677,0.015942
1.198223,-0.021938,0.192566,1.388250,0.082581,0.195159,1.388001,-0.126502,0.202159,1.008445,0.082625,0.182972,1.008197,-0.126458,0.189972,1.254382,0.122210,0.015765,1.353860,-0.176966,0.051937,1.059061,0.123383,0.043861,0.992886,-0.177743,0.015883
1.211910,-0.023056,0.194210,1.401882,0.081532,0.197849,1.401716,-0.127590,0.203580,1.022105,0.081478,0.184840,1.021938,-0.127644,0.190570,1.255656,0.122130,0.015914,1.383397,-0.177395,0.044751,1.098797,0.122967,0.041924,0.993856,-0.177878,0.015774
1.226006,-0.024662,0.194368,1.415976,0.079923,0.198165,1.415861,-0.129240,0.202089,1.036151,0.079916,0.186646,1.036035,-0.129247,0.190570,1.256855,0.122050,0.015959,1.402697,-0.177970,0.027308,1.139624,0.122585,0.041009,0.994830,-0.177961,0.015817
1.240311,-0.025970,0.192572,1.430249,0.078711,0.195077,1.430293,-0.130471,0.197821,1.050328,0.078530,0.187322,1.050372,-0.130652,0.190066,1.266164,0.121781,0.015952,1.402623,-0.178315,0.016027,1.168822,0.122016,0.035439,0.996090,-0.178402,0.015872
1.254089,-0.025806,0.189800,1.443766,0.079369,0.191266,1.444359,-0.129802,0.194669,1.063820,0.078189,0.184930,1.064413,-0.130982,0.188334,1.290623,0.121605,0.020020,1.403701,-0.178282,0.015965,1.183685,0.121272,0.018191,1.000972,-0.179426,0.015794
1.267399,-0.025349,0.186848,1.457119,0.079753,0.187836,1.457632,-0.129411,0.191682,1.077165,0.078714,0.182013,1.077679,-0.130450,0.185860,1.317867,0.121892,0.025937,1.404801,-0.178232,0.015852,1.184965,0.121381,0.015892,1.011515,-0.179199,0.015791
1.280277,-0.026138,0.185656,1.470024,0.078914,0.186841,1.470492,-0.130265,0.189795,1.090062,0.077988,0.181516,1.090531,-0.131191,0.184471,1.349803,0.121871,0.029017,1.405906,-0.178321,0.015824,1.186175,0.121319,0.015874,1.029593,-0.179149,0.016868
1.293118,-0.027481,0.185285,1.482879,0.077526,0.187537,1.483309,-0.131668,0.188953,1.102926,0.076706,0.181617,1.103356,-0.132489,0.183032,1.378650,0.121730,0.034801,1.407004,-0.178448,0.015860,1.187377,0.121209,0.015881,1.051772,-0.179148,0.020163
1.305969,-0.028988,0.185290,1.495725,0.075992,0.188902,1.496150,-0.133207,0.188575,1.115788,0.075231,0.182005,1.116213,-0.133968,0.181678,1.402625,0.121485,0.040757,1.408139,-0.178566,0.015912,1.188567,0.121089,0.015664,1.073734,-0.179261,0.025603
1.318760,-0.030289,0.185434,1.508530,0.074616,0.190295,1.508908,-0.134576,0.188455,1.128612,0.073998,0.182414,1.128990,-0.135193,0.180574,1.423989,0.121181,0.046320,1.409252,-0.178690,0.015871,1.189760,0.121026,0.015732,1.093919,-0.179404,0.032233
1.331451,-0.031277,0.185806,1.521212,0.073593,0.191689,1.521589,-0.135586,0.188718,1.141314,0.073032,0.182895,1.141691,-0.136146,0.179923,1.446471,0.120916,0.050627,1.410371,-0.178786,0.015910,1.190892,0.120948,0.015919,1.112908,-0.179659,0.039536
1.344093,-0.031967,0.186495,1.533846,0.072860,0.193300,1.534213,-0.136305,0.189517,1.153973,0.072371,0.183472,1.154341,-0.136794,0.179689,1.474309,0.120744,0.053340,1.411496,-0.178837,0.015807,1.192009,0.120924,0.016014,1.132982,-0.179883,0.046650
1.356804,-0.032402,0.187153,1.546560,0.072368,0.194698,1.546893,-0.136788,0.190420,1.166715,0.071984,0.183886,1.167047,-0.137172,0.179608,1.506871,0.120624,0.054884,1.412637,-0.178892,0.015903,1.193091,0.120920,0.015974,1.156360,-0.180017,0.050959
1.369656,-0.032417,0.187412,1.559404,0.072336,0.195364,1.559730,-0.136819,0.191044,1.179581,0.071984,0.183780,1.179907,-0.137171,0.179460,1.540723,0.120679,0.054397,1.413802,-0.178890,0.015959,1.194219,0.120934,0.015893,1.184646,-0.179955,0.050287
1.382839,-0.031765,0.186981,1.572613,0.072955,0.194777,1.572877,-0.136214,0.191158,1.192802,0.072684,0.182804,1.193065,-0.136485,0.179186,1.571217,0.120958,0.047479,1.414999,-0.178840,0.016020,1.195424,0.121031,0.015874,1.218865,-0.179593,0.045273
1.396538,-0.030212,0.185609,1.586370,0.074485,0.192192,1.586538,-0.134707,0.190309,1.206538,0.074282,0.180909,1.206705,-0.134909,0.179026,1.593930,0.121395,0.030798,1.416196,-0.178725,0.015929,1.196684,0.121212,0.015815,1.257051,-0.179081,0.041307
1.410633,-0.028225,0.183609,1.600444,0.076643,0.187567,1.600732,-0.132556,0.187929,1.220535,0.076106,0.179289,1.220822,-0.133093,0.179650,1.596707,0.121791,0.015795,1.417531,-0.178556,0.015758,1.197989,0.121243,0.015807,1.295610,-0.178684,0.038677
1.424252,-0.027718,0.182643,1.614088,0.077151,0.185085,1.614371,-0.132046,0.186020,1.234132,0.076611,0.179267,1.234416,-0.132587,0.180202,1.597694,0.121823,0.015929,1.422815,-0.178518,0.015716,1.199031,0.121284,0.015887,1.325690,-0.178585,0.029919
1.437374,-0.028618,0.181751,1.627208,0.076242,0.184694,1.627496,-0.132958,0.184588,1.247252,0.075722,0.178913,1.247540,-0.133478,0.178807,1.598816,0.121738,0.015949,1.440665,-0.178579,0.015633,1.201730,0.121192,0.015854,1.337654,-0.178721,0.015899
1.450073,-0.028969,0.181018,1.639876,0.075928,0.184601,1.640213,-0.133271,0.184039,1.259934,0.075333,0.177996,1.260271,-0.133866,0.177434,1.599962,0.121767,0.015981,1.468907,-0.178551,0.017823,1.215284,0.121147,0.015915,1.338846,-0.178755,0.015742
1.462681,-0.028172,0.181204,1.652456,0.076777,0.184702,1.652833,-0.132423,0.185099,1.272529,0.076079,0.177308,1.272905,-0.133120,0.177705,1.601096,0.121814,0.015874,1.499601,-0.178458,0.022192,1.236250,0.121168,0.021364,1.340073,-0.178757,0.015669
1.475304,-0.026699,0.181961,1.665065,0.078286,0.185143,1.665448,-0.130904,0.187204,1.285159,0.077506,0.176719,1.285543,-0.131684,0.178779,1.602272,0.121954,0.015744,1.535582,-0.178173,0.026934,1.259996,0.121449,0.028199,1.341259,-0.178640,0.015771
1.487965,-0.025051,0.182910,1.677705,0.079986,0.185531,1.678112,-0.129177,0.189463,1.297817,0.079075,0.176358,1.298224,-0.130088,0.180290,1.603431,0.122109,0.015814,1.567050,-0.177772,0.034093,1.283121,0.121839,0.034610,1.342376,-0.178551,0.015915
1.500675,-0.023579,0.184120,1.690422,0.081461,0.186126,1.690806,-0.127665,0.191691,1.310544,0.080508,0.176549,1.310928,-0.128618,0.182114,1.604571,0.122238,0.015837,1.594271,-0.177293,0.041969,1.305148,0.122331,0.040018,1.343432,-0.178446,0.015929
1.513401,-0.022495,0.185702,1.703158,0.082532,0.187296,1.703513,-0.126560,0.194011,1.323289,0.081569,0.177392,1.323644,-0.127523,0.184107,1.605687,0.122337,0.015954,1.619640,-0.176840,0.048782,1.327581,0.122752,0.043554,1.344413,-0.178363,0.015909
1.526230,-0.021858,0.187781,1.715977,0.083187,0.189415,1.716333,-0.125883,0.196757,1.336126,0.082167,0.178806,1.336483,-0.126904,0.186147,1.606841,0.122390,0.016000,1.647438,-0.176532,0.052852,1.352126,0.122981,0.045188,1.345420,-0.178343,0.015960
