-0.001793,-0.003151,0.329732,0.190786,0.096586,0.332345,0.185507,-0.112470,0.326687,-0.189093,0.106169,0.332776,-0.194372,-0.102888,0.327118,0.192538,0.147679,0.123374,0.154268,-0.150893,0.095047,-0.171634,0.157333,0.106492,-0.180423,-0.143073,0.118429
-0.000061,-0.004641,0.315575,0.193361,0.093424,0.319072,0.186300,-0.115523,0.311592,-0.186422,0.106241,0.319558,-0.193483,-0.102706,0.312078,0.177494,0.147750,0.087659,0.158654,-0.152022,0.086136,-0.160678,0.159283,0.084730,-0.175487,-0.140556,0.081264
0.004768,-0.006142,0.298942,0.198482,0.091260,0.304323,0.190782,-0.117646,0.296355,-0.181245,0.105363,0.301529,-0.188946,-0.103543,0.293561,0.160784,0.147651,0.055572,0.133445,-0.152082,0.061323,-0.177815,0.160154,0.055007,-0.203992,-0.138427,0.029405
0.009285,-0.006241,0.280741,0.204337,0.088567,0.283452,0.193746,-0.120282,0.277569,-0.175176,0.107800,0.283914,-0.185767,-0.101049,0.278031,0.153108,0.144056,0.021998,0.127073,-0.155709,0.039065,-0.202148,0.161703,0.035073,-0.204406,-0.138241,0.015708
0.017036,-0.005671,0.268269,0.212195,0.088953,0.267388,0.201304,-0.119893,0.261939,-0.167231,0.108552,0.274598,-0.178122,-0.100294,0.269150,0.152993,0.144128,0.015910,0.122657,-0.155172,0.026362,-0.217020,0.163422,0.016012,-0.203856,-0.137869,0.015797
0.028801,-0.005901,0.264352,0.223923,0.088755,0.261394,0.213013,-0.120095,0.256184,-0.155411,0.108292,0.272520,-0.166321,-0.100558,0.267310,0.153501,0.144086,0.015813,0.114617,-0.154681,0.023655,-0.216824,0.163417,0.016340,-0.203150,-0.137889,0.015904
0.043800,-0.005899,0.266849,0.238914,0.088771,0.263781,0.228035,-0.120096,0.259233,-0.140434,0.108297,0.274465,-0.151313,-0.100570,0.269916,0.154741,0.144077,0.015873,0.121469,-0.155006,0.026818,-0.207471,0.162872,0.019162,-0.202751,-0.137881,0.015873
0.061226,-0.005529,0.274158,0.256364,0.089112,0.271854,0.245496,-0.119777,0.268390,-0.123044,0.108718,0.279927,-0.133912,-0.100171,0.276463,0.156608,0.144064,0.015897,0.149088,-0.156388,0.033761,-0.176794,0.161281,0.023696,-0.202700,-0.137788,0.015895
0.079193,-0.004494,0.280488,0.274244,0.090308,0.277483,0.263565,-0.118610,0.275431,-0.105179,0.109622,0.285544,-0.115858,-0.099295,0.283493,0.166917,0.143868,0.016484,0.184922,-0.157781,0.039102,-0.127384,0.158788,0.029018,-0.204003,-0.137688,0.017433
0.096306,-0.003365,0.282608,0.291418,0.091255,0.278189,0.280564,-0.117662,0.277489,-0.087952,0.110933,0.287727,-0.098806,-0.097984,0.287027,0.200977,0.142337,0.017906,0.218899,-0.159165,0.037052,-0.074048,0.156581,0.031427,-0.199309,-0.137401,0.026410
0.113167,-0.002350,0.280962,0.308909,0.090873,0.274979,0.296577,-0.117963,0.275010,-0.070243,0.113263,0.286914,-0.082575,-0.095573,0.286944,0.243768,0.140211,0.019082,0.245752,-0.160527,0.027900,-0.034858,0.156665,0.030139,-0.178925,-0.135450,0.031342
0.130661,-0.001530,0.275645,0.327480,0.089317,0.268563,0.312615,-0.119354,0.268479,-0.051293,0.116295,0.282810,-0.066158,-0.092376,0.282726,0.280163,0.138353,0.018603,0.258756,-0.160981,0.015987,-0.013455,0.159269,0.021889,-0.147580,-0.132039,0.027566
0.148964,-0.001110,0.270423,0.346052,0.089000,0.261625,0.330459,-0.119614,0.262829,-0.032531,0.117394,0.278016,-0.048125,-0.091221,0.279220,0.315868,0.135455,0.022517,0.259592,-0.161319,0.015904,-0.009980,0.159772,0.015702,-0.112703,-0.133420,0.028083
0.167908,-0.000704,0.268799,0.365011,0.089337,0.259636,0.349407,-0.119264,0.262252,-0.013591,0.117856,0.275346,-0.029196,-0.090745,0.277962,0.354567,0.132856,0.032940,0.260964,-0.161317,0.015933,-0.008612,0.159808,0.015699,-0.070317,-0.136351,0.030614
0.187332,-0.000198,0.269252,0.384463,0.089857,0.260834,0.368920,-0.118724,0.264958,0.005744,0.118328,0.273546,-0.009798,-0.090253,0.277670,0.396076,0.130200,0.039531,0.262715,-0.161322,0.015783,-0.007365,0.159794,0.015871,-0.020637,-0.139865,0.033173
0.206886,0.000422,0.269128,0.404010,0.090491,0.260699,0.388536,-0.118058,0.266425,0.025237,0.118901,0.271831,0.009763,-0.089647,0.277557,0.439172,0.127465,0.041871,0.264513,-0.161325,0.015925,-0.006275,0.159805,0.015934,0.032450,-0.143577,0.035223
0.226562,0.000948,0.266469,0.423547,0.091138,0.256270,0.408305,-0.117381,0.263488,0.044820,0.119277,0.269450,0.029578,-0.089242,0.276668,0.473695,0.125333,0.032727,0.269067,-0.161368,0.016016,-0.005222,0.159755,0.015869,0.083241,-0.147037,0.037652
0.246758,0.001173,0.261337,0.443575,0.091357,0.248272,0.428480,-0.117131,0.256609,0.065035,0.119477,0.266066,0.049940,-0.089011,0.274403,0.481396,0.124934,0.015951,0.281808,-0.161738,0.016002,-0.003793,0.160064,0.015984,0.123904,-0.149444,0.037536
0.266808,0.000051,0.256715,0.463648,0.090130,0.243270,0.448475,-0.118337,0.251994,0.085140,0.118440,0.261435,0.069967,-0.090027,0.270159,0.482089,0.124886,0.016006,0.303071,-0.163071,0.020032,-0.002600,0.160166,0.016019,0.140917,-0.150993,0.026609
0.286331,-0.002045,0.253446,0.483246,0.088097,0.241604,0.468054,-0.120387,0.249865,0.104608,0.116298,0.257027,0.089416,-0.092186,0.265288,0.483192,0.124770,0.016062,0.325074,-0.164536,0.023708,-0.000632,0.160013,0.015758,0.146465,-0.151829,0.015934
0.305161,-0.002974,0.254205,0.502103,0.087172,0.242868,0.486910,-0.121299,0.251458,0.123411,0.115352,0.256953,0.108218,-0.093119,0.265543,0.484528,0.124714,0.015992,0.342896,-0.165555,0.029542,0.018139,0.158698,0.015823,0.147801,-0.151896,0.015956
0.324005,-0.002672,0.259586,0.521006,0.087419,0.248846,0.505772,-0.120998,0.258602,0.142238,0.115653,0.260571,0.127004,-0.092763,0.270326,0.486168,0.124676,0.015770,0.359438,-0.166256,0.037836,0.055653,0.156183,0.016610,0.148694,-0.151885,0.015762
0.343361,-0.001299,0.268258,0.540447,0.088675,0.258114,0.525115,-0.119639,0.269723,0.161607,0.117041,0.266794,0.146275,-0.091273,0.278403,0.488060,0.124668,0.015768,0.380569,-0.166999,0.048024,0.103450,0.153265,0.020965,0.149220,-0.151770,0.015753
0.362915,0.000479,0.277465,0.560097,0.090320,0.268038,0.544627,-0.117859,0.281712,0.181203,0.118816,0.273218,0.165733,-0.089362,0.286892,0.489954,0.124654,0.016063,0.408839,-0.168174,0.057418,0.154251,0.150518,0.030029,0.149473,-0.151638,0.015736
0.381615,0.002151,0.283708,0.578878,0.091897,0.275101,0.563270,-0.116167,0.290283,0.199959,0.120470,0.277133,0.184351,-0.087594,0.292315,0.511890,0.123700,0.015805,0.444108,-0.169560,0.062322,0.201461,0.148851,0.041354,0.155108,-0.151079,0.018492
0.399513,0.003616,0.286309,0.597148,0.092577,0.278084,0.580691,-0.115353,0.294171,0.218335,0.122586,0.278447,0.201878,-0.085344,0.294534,0.551428,0.121761,0.017481,0.480827,-0.171177,0.061519,0.238182,0.149089,0.050260,0.170219,-0.149571,0.023030
0.417305,0.004927,0.285273,0.615540,0.092589,0.277576,0.597675,-0.115263,0.293163,0.236935,0.125117,0.277382,0.219070,-0.082736,0.292969,0.602479,0.120109,0.019587,0.516282,-0.171722,0.057005,0.262695,0.151782,0.052484,0.193463,-0.146408,0.024553
0.435524,0.006060,0.280400,0.634648,0.091761,0.273605,0.614655,-0.116013,0.287571,0.256393,0.128132,0.273229,0.236400,-0.079641,0.287194,0.644159,0.119483,0.018825,0.547562,-0.171262,0.050371,0.279757,0.156340,0.045504,0.223934,-0.142157,0.020093
0.454437,0.006760,0.272419,0.654636,0.089990,0.266571,0.632006,-0.117583,0.279453,0.276869,0.131102,0.265385,0.254238,-0.076471,0.278267,0.653095,0.120406,0.015879,0.573800,-0.171684,0.043548,0.294872,0.160325,0.029786,0.246048,-0.137680,0.015681
0.473351,0.006723,0.266511,0.673607,0.089814,0.260656,0.650836,-0.117623,0.275348,0.295865,0.131070,0.257674,0.273094,-0.076367,0.272366,0.653852,0.120482,0.015877,0.594516,-0.173736,0.042956,0.305168,0.158736,0.015548,0.247590,-0.137581,0.015729
0.492142,0.006290,0.266335,0.692424,0.089319,0.260466,0.669587,-0.118016,0.276452,0.314696,0.130596,0.256219,0.291859,-0.076738,0.272204,0.655118,0.120423,0.015800,0.611578,-0.175479,0.043072,0.310812,0.158343,0.015750,0.248475,-0.137593,0.015720
0.510910,0.006029,0.271181,0.711220,0.089016,0.265682,0.688303,-0.118220,0.282798,0.333517,0.130278,0.259564,0.310600,-0.076957,0.276680,0.656630,0.120317,0.016068,0.634324,-0.177630,0.046714,0.337024,0.155671,0.016203,0.248725,-0.137548,0.015726
0.529762,0.005754,0.278895,0.730086,0.088761,0.274270,0.707103,-0.118391,0.292278,0.352421,0.129900,0.265511,0.329438,-0.077252,0.283520,0.658509,0.120155,0.016069,0.664208,-0.180269,0.053733,0.378957,0.151686,0.022002,0.248606,-0.137461,0.015753
0.547592,0.005360,0.284387,0.748102,0.087933,0.280052,0.724632,-0.119096,0.298838,0.370552,0.129816,0.269935,0.347083,-0.077213,0.288721,0.673680,0.118316,0.015778,0.696496,-0.183763,0.057154,0.422873,0.148081,0.030456,0.258825,-0.137912,0.015663
0.564850,0.004782,0.286430,0.765774,0.086333,0.281945,0.741274,-0.120633,0.300095,0.388425,0.130196,0.272765,0.363926,-0.076770,0.290915,0.687925,0.118377,0.018392,0.725976,-0.186306,0.054437,0.459300,0.146980,0.035956,0.277668,-0.136567,0.016478
0.582024,0.004009,0.284913,0.783368,0.084518,0.280431,0.757820,-0.122505,0.296347,0.406227,0.130524,0.273480,0.380680,-0.076499,0.289396,0.723276,0.117855,0.020201,0.747861,-0.186468,0.045781,0.484986,0.148279,0.033444,0.298947,-0.133331,0.016374
0.599899,0.003071,0.280032,0.801651,0.082525,0.275081,0.775067,-0.124537,0.288619,0.424732,0.130679,0.271445,0.398148,-0.076383,0.284982,0.755097,0.117605,0.017858,0.760412,-0.185366,0.031784,0.497897,0.150953,0.022867,0.312049,-0.128822,0.016188
0.618279,0.001476,0.272046,0.820202,0.080278,0.264421,0.793122,-0.126742,0.277616,0.443435,0.129694,0.266476,0.416355,-0.077326,0.279672,0.776458,0.116086,0.015869,0.761913,-0.185294,0.015521,0.501811,0.152022,0.016004,0.326249,-0.128262,0.016188
0.636688,-0.000896,0.266554,0.838551,0.077707,0.255872,0.811467,-0.129293,0.269373,0.461910,0.127500,0.263735,0.434825,-0.079500,0.277236,0.784132,0.115227,0.017719,0.762479,-0.185349,0.015901,0.503298,0.151850,0.015853,0.348513,-0.131087,0.017397
0.655144,-0.003124,0.265197,0.856996,0.075367,0.253543,0.829866,-0.131612,0.267258,0.480422,0.125364,0.263135,0.453291,-0.081616,0.276851,0.817215,0.111556,0.027728,0.763569,-0.185507,0.016028,0.504590,0.151731,0.015596,0.380107,-0.134839,0.022133
0.673927,-0.005447,0.267044,0.875782,0.073104,0.255836,0.848685,-0.133879,0.269570,0.499170,0.122984,0.264519,0.472073,-0.083998,0.278253,0.859425,0.106685,0.037355,0.765075,-0.185693,0.016030,0.505662,0.151561,0.015695,0.420854,-0.139850,0.027773
0.692909,-0.007725,0.269822,0.894763,0.070898,0.259107,0.867708,-0.136090,0.272853,0.518111,0.120640,0.266790,0.491056,-0.086347,0.280536,0.904325,0.101201,0.042538,0.766760,-0.185898,0.015854,0.506549,0.151418,0.015776,0.469203,-0.145969,0.031436
0.712036,-0.009878,0.271321,0.913867,0.068738,0.260141,0.886841,-0.138240,0.274074,0.537231,0.118484,0.268567,0.510205,-0.088495,0.282501,0.947911,0.095633,0.043290,0.768438,-0.186093,0.015973,0.507379,0.151305,0.015826,0.521056,-0.152538,0.034591
0.731270,-0.012016,0.269892,0.932999,0.066555,0.256733,0.906067,-0.140414,0.270991,0.556473,0.116381,0.268793,0.529541,-0.090588,0.283051,0.982603,0.090781,0.035214,0.771892,-0.186456,0.016050,0.508204,0.151185,0.015962,0.571178,-0.158826,0.038007
0.751060,-0.014225,0.265309,0.952514,0.064479,0.249082,0.925920,-0.142528,0.263416,0.576201,0.114078,0.267202,0.549607,-0.092929,0.281536,0.994992,0.088805,0.015855,0.782715,-0.187190,0.016052,0.510132,0.151101,0.015964,0.613161,-0.163829,0.038857
0.770737,-0.017250,0.259924,0.972187,0.061259,0.242736,0.945441,-0.145743,0.256862,0.596033,0.111243,0.262985,0.569287,-0.095759,0.277111,0.995553,0.088699,0.015988,0.800764,-0.189188,0.019382,0.512520,0.151109,0.015966,0.635010,-0.166928,0.031745
0.789871,-0.021517,0.254983,0.991457,0.057070,0.239871,0.964594,-0.150000,0.252725,0.615148,0.106966,0.257241,0.588285,-0.100103,0.270095,0.996489,0.088437,0.015998,0.820863,-0.191515,0.023276,0.514097,0.151021,0.016060,0.638755,-0.168337,0.016079
0.808281,-0.024979,0.252990,1.009864,0.053862,0.239221,0.983152,-0.153270,0.251359,0.633410,0.103313,0.254622,0.606698,-0.103819,0.266760,0.997696,0.088253,0.015985,0.837698,-0.193500,0.028077,0.526685,0.148988,0.015852,0.640238,-0.168746,0.015956
0.826683,-0.026915,0.256124,1.028314,0.051947,0.243207,1.001585,-0.155172,0.255539,0.651781,0.101343,0.256710,0.625052,-0.105776,0.269042,0.999213,0.088077,0.015933,0.853686,-0.195139,0.034734,0.559199,0.144871,0.016106,0.641270,-0.168854,0.015803
0.845703,-0.027569,0.264117,1.047408,0.051249,0.252122,1.020622,-0.155798,0.265487,0.670784,0.100660,0.262748,0.643998,-0.106387,0.276112,1.001080,0.087909,0.015754,0.874027,-0.197062,0.043829,0.604788,0.139476,0.020357,0.641872,-0.168843,0.015705
0.865311,-0.027514,0.274430,1.067104,0.051221,0.263412,1.040215,-0.155712,0.278258,0.690406,0.100685,0.270601,0.663517,-0.106248,0.285448,1.003057,0.087743,0.016039,0.901202,-0.199707,0.053713,0.656849,0.133642,0.028743,0.642092,-0.168765,0.015693
0.884270,-0.027559,0.282604,1.086186,0.051035,0.272916,1.059082,-0.155787,0.288883,0.709457,0.100668,0.276325,0.682353,-0.106153,0.292291,1.013298,0.086758,0.016424,0.935980,-0.203233,0.060826,0.707761,0.128648,0.040383,0.647198,-0.168717,0.017701
0.902214,-0.027660,0.286936,1.104399,0.050370,0.278353,1.076638,-0.156339,0.294640,0.727790,0.101018,0.279233,0.700029,-0.105691,0.295519,1.060974,0.081786,0.019261,0.973244,-0.206788,0.061909,0.747959,0.126395,0.051887,0.660382,-0.167756,0.024012
0.919952,-0.027859,0.287558,1.122703,0.048801,0.280035,1.093453,-0.157759,0.295599,0.746452,0.102041,0.279516,0.717202,-0.104518,0.295081,1.116852,0.076373,0.024066,1.010051,-0.209838,0.058591,0.775715,0.127168,0.057088,0.684151,-0.166041,0.027372
0.938095,-0.028238,0.284298,1.141702,0.046242,0.278111,1.110128,-0.160104,0.291871,0.766062,0.103627,0.276726,0.734489,-0.102718,0.290485,1.161490,0.072491,0.026154,1.043098,-0.211838,0.053250,0.796417,0.130143,0.053008,0.717387,-0.163939,0.024172
0.956841,-0.028839,0.277048,1.161430,0.043039,0.272812,1.127099,-0.163026,0.283919,0.786582,0.105348,0.270177,0.752251,-0.100717,0.281284,1.191653,0.070513,0.019907,1.070285,-0.212500,0.046479,0.815390,0.134300,0.040320,0.753034,-0.161262,0.016484
0.976036,-0.030186,0.269166,1.181081,0.040449,0.266213,1.145426,-0.165355,0.277964,0.806646,0.104984,0.260368,0.770992,-0.100820,0.272119,1.192625,0.070358,0.015947,1.092536,-0.215782,0.043461,0.832631,0.132989,0.020557,0.759396,-0.159659,0.015592
0.994919,-0.032200,0.266230,1.199968,0.038379,0.262424,1.164305,-0.167358,0.275260,0.825532,0.102959,0.257201,0.789869,-0.102779,0.270037,1.193496,0.070339,0.015946,1.105390,-0.217998,0.040645,0.834989,0.132470,0.015748,0.760578,-0.159781,0.015754
1.013687,-0.034494,0.268378,1.218738,0.036047,0.263979,1.183074,-0.169650,0.277452,0.844300,0.100661,0.259303,0.808637,-0.105036,0.272777,1.194815,0.070160,0.015757,1.118995,-0.220218,0.041527,0.848366,0.130262,0.016297,0.761150,-0.159862,0.015755
1.032600,-0.036577,0.274315,1.237659,0.033973,0.270458,1.201965,-0.171678,0.284550,0.863236,0.098523,0.264080,0.827542,-0.107127,0.278172,1.196452,0.069912,0.015833,1.140275,-0.223494,0.046837,0.877695,0.125557,0.020493,0.761389,-0.159862,0.015751
1.051476,-0.038589,0.281213,1.256552,0.031937,0.277910,1.220790,-0.173661,0.292589,0.882161,0.096482,0.269837,0.846399,-0.109116,0.284516,1.198181,0.069640,0.016057,1.168527,-0.227938,0.052786,0.915895,0.119618,0.028334,0.761484,-0.159777,0.015804
1.069130,-0.040646,0.285138,1.274447,0.029174,0.281767,1.237979,-0.176270,0.296843,0.900281,0.094979,0.273433,0.863813,-0.110466,0.288509,1.216810,0.066207,0.016328,1.199902,-0.233627,0.053808,0.954877,0.114106,0.035461,0.773749,-0.160778,0.015718
1.086281,-0.042761,0.285225,1.292112,0.025508,0.281469,1.254128,-0.179709,0.295880,0.918433,0.094188,0.274569,0.880450,-0.111030,0.288981,1.249088,0.061201,0.016566,1.227989,-0.238499,0.049581,0.985218,0.111456,0.036721,0.796737,-0.161007,0.016433
1.103790,-0.045069,0.281486,1.310294,0.021118,0.277407,1.270265,-0.183808,0.290359,0.937316,0.093671,0.272613,0.897286,-0.111255,0.285565,1.283208,0.056430,0.018300,1.247765,-0.241664,0.039533,1.005177,0.111457,0.029648,0.823503,-0.160339,0.015041
1.122375,-0.047527,0.274507,1.329358,0.016970,0.268216,1.287795,-0.187634,0.281409,0.956956,0.092580,0.267605,0.915393,-0.112025,0.280797,1.310740,0.050948,0.015808,1.257581,-0.244508,0.024882,1.015311,0.110964,0.015846,0.833365,-0.158903,0.016058
1.141258,-0.050959,0.267444,1.348279,0.013034,0.258033,1.306418,-0.191476,0.271745,0.976099,0.089558,0.263143,0.934238,-0.114951,0.276855,1.311451,0.050817,0.015695,1.255528,-0.244705,0.015899,1.017141,0.111068,0.015822,0.848409,-0.161372,0.015898
1.159866,-0.055134,0.263998,1.366848,0.008839,0.253643,1.325020,-0.195686,0.267228,0.994712,0.085418,0.260768,0.952885,-0.119107,0.274352,1.312746,0.050603,0.015907,1.256489,-0.244846,0.015997,1.018500,0.110754,0.015537,0.869842,-0.165791,0.015719
1.178535,-0.059536,0.263337,1.385515,0.004417,0.252814,1.343664,-0.200130,0.265997,1.013407,0.081058,0.260678,0.971556,-0.123489,0.273861,1.333556,0.046484,0.019332,1.257724,-0.245140,0.016029,1.019661,0.110476,0.015739,0.896382,-0.171215,0.015937
1.197388,-0.063841,0.264437,1.404375,0.000107,0.254031,1.362499,-0.204460,0.266824,1.032276,0.076778,0.262050,0.990401,-0.127788,0.274843,1.374762,0.038350,0.025402,1.259213,-0.245490,0.015890,1.020593,0.110249,0.015797,0.926537,-0.177064,0.021095
1.216393,-0.067839,0.265999,1.423375,-0.003890,0.255521,1.381500,-0.208466,0.268167,1.051285,0.072788,0.263832,1.009410,-0.131787,0.276478,1.423495,0.028797,0.032813,1.260816,-0.245836,0.015847,1.021376,0.110058,0.015829,0.967619,-0.185237,0.025291
1.235458,-0.071470,0.266493,1.442410,-0.007541,0.255306,1.400560,-0.212111,0.268116,1.070356,0.069171,0.264869,1.028507,-0.135400,0.277680,1.470118,0.019506,0.035518,1.262493,-0.246130,0.016036,1.022144,0.109925,0.015958,1.017732,-0.195353,0.027299
1.254425,-0.074991,0.264036,1.461260,-0.011107,0.250638,1.419499,-0.215674,0.263799,1.089351,0.065691,0.264274,1.047591,-0.138875,0.277434,1.507008,0.011686,0.027630,1.264404,-0.246433,0.016009,1.023262,0.109686,0.015944,1.069928,-0.205900,0.028951
1.273491,-0.078777,0.259043,1.480133,-0.014761,0.243489,1.438615,-0.219380,0.256596,1.108367,0.061825,0.261490,1.066848,-0.142794,0.274597,1.514007,0.010262,0.016003,1.275934,-0.248250,0.016006,1.026426,0.109190,0.015946,1.114694,-0.214746,0.028301
1.292046,-0.083723,0.254319,1.498763,-0.019699,0.239830,1.457153,-0.224350,0.252130,1.126938,0.056903,0.256508,1.085328,-0.147747,0.268808,1.514842,0.010045,0.016085,1.297834,-0.252421,0.019130,1.028615,0.108895,0.015923,1.135032,-0.219470,0.016638
1.309914,-0.088278,0.251928,1.516619,-0.024113,0.237892,1.475094,-0.228817,0.249581,1.144734,0.052261,0.254276,1.103208,-0.152443,0.265965,1.515873,0.009819,0.016046,1.320460,-0.256856,0.022628,1.036228,0.107104,0.015795,1.136504,-0.219917,0.016010
1.327538,-0.091524,0.254007,1.534246,-0.027366,0.239982,1.492722,-0.232061,0.251838,1.162353,0.049012,0.256176,1.120830,-0.155682,0.268032,1.517206,0.009571,0.016049,1.337388,-0.259840,0.030165,1.064029,0.101492,0.015904,1.137536,-0.220126,0.015893
1.345764,-0.093716,0.260474,1.552534,-0.029602,0.247185,1.510975,-0.234237,0.259912,1.180553,0.046805,0.261035,1.138994,-0.157830,0.273762,1.518883,0.009301,0.015724,1.353294,-0.262312,0.040684,1.104081,0.093748,0.019022,1.138209,-0.220179,0.015777
1.364845,-0.095066,0.269595,1.571698,-0.031051,0.257144,1.530061,-0.235571,0.271376,1.199629,0.045439,0.267814,1.157992,-0.159081,0.282047,1.520780,0.009016,0.015879,1.375098,-0.265816,0.051470,1.150893,0.084956,0.025045,1.138562,-0.220150,0.015709
1.383873,-0.096264,0.278377,1.590836,-0.032372,0.267187,1.549052,-0.236749,0.282956,1.218694,0.044221,0.273799,1.176910,-0.160156,0.289568,1.522632,0.008720,0.016083,1.405660,-0.271177,0.059761,1.199056,0.076310,0.034699,1.139013,-0.220064,0.015677
1.401733,-0.097504,0.283862,1.608857,-0.033908,0.274024,1.566704,-0.238148,0.290577,1.236763,0.043140,0.277147,1.194610,-0.161099,0.293700,1.553362,0.003231,0.016545,1.442763,-0.277623,0.062292,1.242561,0.069695,0.045148,1.146631,-0.219999,0.019188
1.418938,-0.098726,0.285524,1.626434,-0.036201,0.276753,1.583145,-0.240213,0.293183,1.254730,0.042760,0.277865,1.211441,-0.161251,0.294295,1.607576,-0.006230,0.020516,1.480404,-0.283853,0.059319,1.274088,0.067078,0.052112,1.165658,-0.219950,0.023511
1.436295,-0.100119,0.283345,1.644437,-0.039622,0.275723,1.599053,-0.243275,0.290895,1.273536,0.043038,0.275794,1.228152,-0.160615,0.290966,1.658015,-0.014598,0.025551,1.514167,-0.288759,0.053154,1.296161,0.067871,0.050120,1.196366,-0.220187,0.022965
1.454163,-0.101799,0.277181,1.663129,-0.044011,0.271283,1.614959,-0.247193,0.283987,1.293367,0.043595,0.270374,1.245196,-0.159587,0.283078,1.694647,-0.020108,0.024654,1.541761,-0.291555,0.045366,1.314617,0.070833,0.038139,1.235475,-0.220778,0.015986
1.472794,-0.103802,0.267346,1.682482,-0.048558,0.262879,1.631753,-0.251205,0.274073,1.313834,0.043602,0.260619,1.263105,-0.159046,0.271813,1.711838,-0.022637,0.015760,1.562772,-0.293999,0.036149,1.332868,0.072288,0.016786,1.258160,-0.218880,0.015591
1.491638,-0.107161,0.260549,1.701313,-0.052046,0.254219,1.650575,-0.254610,0.266801,1.332702,0.040289,0.254297,1.281963,-0.162275,0.266879,1.712223,-0.022637,0.015990,1.576443,-0.297521,0.032709,1.334349,0.072000,0.015775,1.259606,-0.219214,0.015721
1.510147,-0.111294,0.259731,1.719807,-0.056282,0.252140,1.669049,-0.258813,0.265148,1.351245,0.036226,0.254313,1.300487,-0.166306,0.267321,1.713220,-0.022844,0.016111,1.584565,-0.299630,0.030932,1.341087,0.070400,0.015820,1.260535,-0.219395,0.015784
1.528885,-0.115059,0.263900,1.738545,-0.060056,0.256239,1.687792,-0.262556,0.269756,1.369978,0.032438,0.258044,1.319225,-0.170062,0.271561,1.714724,-0.023180,0.015831,1.600502,-0.303313,0.034849,1.363736,0.064865,0.016978,1.260983,-0.219491,0.015786
1.548019,-0.118589,0.272084,1.757703,-0.063567,0.265252,1.706928,-0.266024,0.279314,1.389111,0.028845,0.264854,1.338336,-0.173612,0.278916,1.716505,-0.023595,0.015841,1.624017,-0.308686,0.041879,1.398854,0.056609,0.023600,1.260993,-0.219454,0.015800
1.566650,-0.122322,0.280235,1.776432,-0.067512,0.274867,1.725360,-0.269883,0.289085,1.407941,0.025239,0.271385,1.356869,-0.177133,0.285604,1.718386,-0.024062,0.016069,1.655411,-0.316063,0.049265,1.439304,0.047599,0.033573,1.263770,-0.219580,0.015765
1.583771,-0.126015,0.285002,1.793897,-0.072460,0.280515,1.741556,-0.274530,0.294399,1.425986,0.022500,0.275606,1.373645,-0.179570,0.289490,1.740714,-0.029667,0.018002,1.689278,-0.324761,0.051070,1.477893,0.040017,0.041404,1.282665,-0.221857,0.015877
1.600487,-0.129734,0.286033,1.811103,-0.078100,0.282026,1.756883,-0.279758,0.294638,1.444090,0.020290,0.277429,1.389871,-0.181368,0.290040,1.776155,-0.037997,0.019105,1.720841,-0.332621,0.048331,1.508002,0.035640,0.043716,1.308802,-0.223834,0.016396
1.617554,-0.133614,0.283201,1.828746,-0.084364,0.279520,1.772224,-0.285493,0.290325,1.462883,0.018266,0.276078,1.406362,-0.182864,0.286883,1.811975,-0.046248,0.021319,1.745989,-0.338799,0.040815,1.530404,0.033797,0.038414,1.336335,-0.225038,0.015487
1.635262,-0.137768,0.276776,1.846959,-0.090742,0.273021,1.788318,-0.291336,0.282408,1.482205,0.015800,0.271143,1.423564,-0.184793,0.280531,1.838147,-0.052773,0.016478,1.762645,-0.343084,0.029140,1.545633,0.033193,0.026155,1.355084,-0.224577,0.015513
1.653641,-0.142834,0.268663,1.865586,-0.096981,0.264429,1.805854,-0.297260,0.273651,1.501428,0.011593,0.263676,1.441696,-0.188686,0.272898,1.838857,-0.052984,0.015770,1.771687,-0.346412,0.015908,1.552161,0.032527,0.015881,1.362080,-0.224253,0.015818
1.672249,-0.148939,0.264678,1.884181,-0.103127,0.259443,1.824445,-0.303418,0.268388,1.520053,0.005540,0.260968,1.460317,-0.194751,0.269913,1.839864,-0.053316,0.015863,1.772552,-0.346693,0.015793,1.553550,0.032065,0.015634,1.362908,-0.224513,0.015919
1.691185,-0.155354,0.265218,1.903104,-0.109556,0.259365,1.843366,-0.309871,0.267721,1.539004,-0.000836,0.262715,1.479266,-0.201151,0.271071,1.841187,-0.053777,0.015998,1.773745,-0.347076,0.015963,1.554584,0.031683,0.015763,1.363169,-0.224636,0.015949
1.709587,-0.162128,0.266908,1.921522,-0.116468,0.260589,1.861646,-0.316784,0.267862,1.557528,-0.007473,0.265954,1.497652,-0.207789,0.273227,1.842690,-0.054320,0.015955,1.775031,-0.347504,0.016006,1.555922,0.031393,0.015866,1.365945,-0.225228,0.015918
1.726936,-0.168722,0.267279,1.938834,-0.123114,0.259506,1.878913,-0.323453,0.265696,1.574960,-0.013991,0.268861,1.515039,-0.214330,0.275051,1.844056,-0.054837,0.015780,1.776214,-0.347914,0.015922,1.556604,0.031145,0.015943,1.379888,-0.229374,0.015918
1.743935,-0.174555,0.266762,1.955749,-0.128949,0.256963,1.895841,-0.329308,0.262633,1.592028,-0.019802,0.270890,1.532120,-0.220161,0.276560,1.861721,-0.060108,0.019163,1.777429,-0.348344,0.015771,1.557115,0.030878,0.015935,1.399985,-0.235321,0.021633
1.761375,-0.179216,0.267132,1.973139,-0.133537,0.256609,1.913331,-0.333913,0.262703,1.609420,-0.024520,0.271560,1.549612,-0.224896,0.277655,1.909546,-0.073958,0.031274,1.778920,-0.348751,0.015944,1.557622,0.030618,0.015949,1.431486,-0.244646,0.029187
1.779251,-0.183067,0.268550,1.991049,-0.137349,0.258919,1.931308,-0.337709,0.266106,1.627195,-0.028426,0.270995,1.567453,-0.228785,0.278181,1.968827,-0.090918,0.045655,1.780713,-0.349232,0.016008,1.558171,0.030463,0.015984,1.478982,-0.258700,0.031777
1.796501,-0.186661,0.267861,2.008250,-0.140650,0.258545,1.948817,-0.341062,0.266758,1.644185,-0.032260,0.268963,1.584753,-0.232672,0.277177,2.023066,-0.106142,0.050156,1.784036,-0.349921,0.015888,1.562014,0.029175,0.015797,1.537813,-0.276431,0.027417
1.813339,-0.190010,0.263278,2.024853,-0.143033,0.253468,1.966384,-0.343691,0.262552,1.660294,-0.036329,0.264005,1.601825,-0.236987,0.273088,2.065379,-0.117029,0.042026,1.793462,-0.351860,0.015784,1.573158,0.025202,0.015641,1.598353,-0.294739,0.021722
1.830986,-0.193010,0.255579,2.042168,-0.144605,0.245569,1.985098,-0.345623,0.255546,1.676874,-0.040398,0.255612,1.619804,-0.241416,0.265589,2.089083,-0.121964,0.017092,1.811768,-0.355611,0.015832,1.583339,0.021562,0.015950,1.651391,-0.309978,0.017870
1.849144,-0.197111,0.248858,2.060383,-0.148712,0.240093,2.003295,-0.349667,0.251161,1.694993,-0.044555,0.246555,1.637905,-0.245511,0.257622,2.089742,-0.122072,0.016135,1.832907,-0.361535,0.015888,1.584628,0.021406,0.015844,1.682161,-0.318709,0.015918
1.867180,-0.201637,0.247513,2.078418,-0.153231,0.238767,2.021353,-0.354160,0.250422,1.713007,-0.049114,0.244603,1.655942,-0.250043,0.256258,2.090710,-0.122315,0.016143,1.857441,-0.368217,0.021343,1.585549,0.021131,0.015758,1.683583,-0.319153,0.015961
1.884720,-0.205196,0.251245,2.095939,-0.156856,0.241705,2.038881,-0.357729,0.254330,1.730559,-0.052664,0.248160,1.673501,-0.253536,0.260785,2.091946,-0.122567,0.016097,1.877020,-0.373136,0.030770,1.606960,0.015171,0.015728,1.684452,-0.319379,0.015796
1.902496,-0.207907,0.259015,2.113739,-0.159686,0.249392,2.056617,-0.360447,0.263417,1.748376,-0.055366,0.254613,1.691254,-0.256127,0.268637,2.093645,-0.122922,0.015866,1.892173,-0.376370,0.043664,1.648590,0.003704,0.015812,1.685011,-0.319381,0.015702
1.920998,-0.209839,0.268632,2.132280,-0.161763,0.259169,2.075070,-0.362351,0.275173,1.766925,-0.057326,0.262092,1.709715,-0.257914,0.278096,2.095480,-0.123289,0.015730,1.910725,-0.380320,0.056573,1.698866,-0.010030,0.017477,1.685273,-0.319287,0.015612
1.939445,-0.211521,0.277169,2.150798,-0.163620,0.268412,2.093424,-0.363981,0.286530,1.785467,-0.059061,0.267808,1.728093,-0.259422,0.285926,2.097234,-0.123647,0.016055,1.937533,-0.386743,0.065951,1.750246,-0.023641,0.023186,1.685773,-0.319200,0.015635
1.956749,-0.213110,0.282256,2.168234,-0.165628,0.274474,2.110410,-0.365718,0.294093,1.803088,-0.060502,0.270418,1.745264,-0.260592,0.290037,2.124868,-0.130822,0.017004,1.971263,-0.395131,0.068654,1.795624,-0.034284,0.031178,1.694626,-0.320120,0.018321
1.973488,-0.214647,0.283534,2.185293,-0.168470,0.276643,2.126164,-0.368120,0.296845,1.820812,-0.061174,0.270223,1.761683,-0.260824,0.290425,2.175460,-0.143728,0.021728,2.005413,-0.403406,0.065361,1.827984,-0.039412,0.035629,1.715603,-0.321976,0.021870
1.990448,-0.216431,0.281000,2.202800,-0.172664,0.275339,2.141287,-0.371668,0.294788,1.839609,-0.061194,0.267213,1.778096,-0.260197,0.286662,2.223222,-0.155409,0.027605,2.035118,-0.409704,0.058684,1.848572,-0.039348,0.030215,1.748263,-0.324685,0.021347
2.008003,-0.218706,0.274665,2.220983,-0.177919,0.270505,2.156550,-0.376144,0.288399,1.859457,-0.061269,0.260931,1.795024,-0.259493,0.278825,2.257525,-0.163735,0.027851,2.058477,-0.413782,0.049668,1.861974,-0.036250,0.015788,1.788487,-0.328987,0.016805
2.026070,-0.223240,0.267169,2.238994,-0.182640,0.259700,2.174676,-0.380794,0.278738,1.877463,-0.065685,0.255600,1.813145,-0.263840,0.274639,2.269448,-0.167950,0.016054,2.074770,-0.419439,0.038428,1.863291,-0.036139,0.015824,1.826943,-0.340827,0.019381
2.044006,-0.230846,0.261585,2.256866,-0.190413,0.251731,2.192559,-0.388663,0.269796,1.895454,-0.073030,0.253375,1.831147,-0.271280,0.271440,2.269902,-0.168161,0.016001,2.085219,-0.423765,0.028791,1.864312,-0.036595,0.016031,1.861704,-0.352184,0.018676
2.061752,-0.239967,0.258145,2.274588,-0.199294,0.248762,2.210399,-0.397780,0.264505,1.913106,-0.082155,0.251784,1.848917,-0.280640,0.267527,2.270889,-0.168661,0.015943,2.098675,-0.428411,0.026745,1.865367,-0.037516,0.015976,1.867762,-0.354590,0.015982
2.079582,-0.247929,0.259356,2.292404,-0.207061,0.250528,2.228310,-0.405709,0.264508,1.930855,-0.090148,0.254205,1.866761,-0.288796,0.268185,2.272212,-0.169194,0.015896,2.116123,-0.433921,0.029418,1.879669,-0.042182,0.020985,1.868910,-0.355117,0.015784
2.098015,-0.254604,0.266189,2.310836,-0.213646,0.257771,2.246777,-0.412367,0.270847,1.949252,-0.096841,0.261531,1.885194,-0.295563,0.274607,2.273858,-0.169799,0.015833,2.137702,-0.440541,0.035473,1.913170,-0.052772,0.027356,1.869550,-0.355407,0.015634
2.117226,-0.260735,0.276562,2.330065,-0.219725,0.268891,2.266004,-0.418473,0.281536,1.968447,-0.102996,0.271589,1.904386,-0.301744,0.284234,2.275789,-0.170478,0.016028,2.163989,-0.448516,0.044432,1.959416,-0.067239,0.035897,1.869783,-0.355522,0.015595
