-0.001244,0.006273,0.347337,0.187567,0.112731,0.354980,0.189861,-0.096293,0.346710,-0.192348,0.108840,0.347964,-0.190055,-0.100184,0.339694,0.191349,0.165343,0.175960,0.181333,-0.135028,0.173644,-0.210732,0.160366,0.190259,-0.172991,-0.138175,0.154932
-0.000092,0.009499,0.341645,0.188595,0.116151,0.349644,0.191149,-0.092796,0.339667,-0.191333,0.111793,0.343623,-0.188778,-0.097153,0.333646,0.229135,0.171335,0.157303,0.198169,-0.130087,0.169439,-0.212607,0.165100,0.174769,-0.177161,-0.132514,0.124169
0.003336,0.012653,0.331279,0.192887,0.117736,0.339599,0.193759,-0.091096,0.327230,-0.187087,0.116403,0.335328,-0.186215,-0.092429,0.322959,0.217951,0.176414,0.119373,0.201009,-0.126404,0.155141,-0.202199,0.174572,0.120868,-0.177448,-0.124128,0.090036
0.006750,0.016000,0.316145,0.197292,0.119311,0.323992,0.196194,-0.089467,0.310759,-0.182694,0.121467,0.321531,-0.183792,-0.087312,0.308298,0.194440,0.180020,0.084944,0.196411,-0.123586,0.130530,-0.178126,0.182893,0.070532,-0.162264,-0.116524,0.048887
0.009497,0.019510,0.296483,0.200786,0.121499,0.303410,0.198174,-0.087315,0.290982,-0.179181,0.126336,0.301985,-0.181792,-0.082478,0.289556,0.175012,0.182228,0.053534,0.197734,-0.121878,0.106744,-0.150092,0.187509,0.033115,-0.150693,-0.112090,0.015513
0.012545,0.023816,0.276708,0.204888,0.124042,0.276781,0.200006,-0.084912,0.267897,-0.174917,0.132544,0.285518,-0.179798,-0.076410,0.276635,0.157595,0.181757,0.015547,0.197428,-0.122610,0.085733,-0.142778,0.188763,0.015818,-0.149536,-0.111531,0.015792
0.017849,0.026496,0.261229,0.209624,0.127361,0.251757,0.205102,-0.081666,0.244539,-0.169404,0.134657,0.277920,-0.173926,-0.074369,0.270702,0.156448,0.182140,0.016015,0.176564,-0.120089,0.057867,-0.141866,0.188603,0.015748,-0.148734,-0.111592,0.015600
0.023497,0.027710,0.247864,0.214603,0.128822,0.230656,0.210123,-0.080230,0.224189,-0.163130,0.135650,0.271538,-0.167609,-0.073402,0.265072,0.155819,0.182203,0.015983,0.160078,-0.119081,0.044469,-0.132973,0.188401,0.015655,-0.147937,-0.111591,0.015681
0.029295,0.028570,0.235341,0.219435,0.129887,0.210384,0.214974,-0.079181,0.204451,-0.156384,0.136321,0.266231,-0.160845,-0.072747,0.260298,0.155440,0.182251,0.015889,0.152478,-0.118600,0.037893,-0.124513,0.188230,0.015673,-0.147176,-0.111578,0.015774
0.035322,0.029203,0.223466,0.224191,0.130713,0.190822,0.219746,-0.078367,0.185287,-0.149102,0.136773,0.261646,-0.153546,-0.072306,0.256111,0.155299,0.182285,0.015888,0.147298,-0.118185,0.029743,-0.117613,0.188093,0.015628,-0.146439,-0.111574,0.015892
0.041553,0.029449,0.211592,0.229067,0.131151,0.172393,0.224627,-0.077930,0.166928,-0.141520,0.136829,0.256255,-0.145960,-0.072252,0.250790,0.155394,0.182281,0.015908,0.141221,-0.117748,0.018198,-0.109264,0.187908,0.015663,-0.145623,-0.111598,0.015984
0.047850,0.029359,0.199665,0.234159,0.131262,0.155553,0.229703,-0.077812,0.149814,-0.134003,0.136530,0.249516,-0.138460,-0.072544,0.243776,0.155769,0.182244,0.015906,0.141735,-0.117740,0.015973,-0.100837,0.187720,0.015651,-0.144707,-0.111636,0.016024
0.054096,0.029150,0.188375,0.240000,0.131186,0.142883,0.235526,-0.077875,0.136704,-0.127334,0.136175,0.240047,-0.131808,-0.072886,0.233868,0.156404,0.182206,0.015984,0.142457,-0.117794,0.015933,-0.097706,0.187649,0.015800,-0.143392,-0.111679,0.015996
0.060146,0.028790,0.177654,0.246539,0.130878,0.134330,0.242044,-0.078162,0.127499,-0.121752,0.135741,0.227809,-0.126246,-0.073299,0.220977,0.157176,0.182153,0.015953,0.143298,-0.117875,0.015837,-0.096544,0.187606,0.016003,-0.135929,-0.111891,0.016446
0.065907,0.028499,0.166890,0.253348,0.130551,0.128261,0.248867,-0.078467,0.120793,-0.117054,0.135465,0.212988,-0.121535,-0.073554,0.205519,0.157949,0.182101,0.015884,0.144183,-0.117962,0.015817,-0.095477,0.187528,0.016047,-0.121109,-0.112464,0.021117
0.071896,0.028275,0.156546,0.260521,0.130220,0.123849,0.256060,-0.078776,0.115746,-0.112269,0.135327,0.197345,-0.116730,-0.073669,0.189242,0.178032,0.181571,0.018185,0.145089,-0.118024,0.015722,-0.094373,0.187471,0.015978,-0.101069,-0.113274,0.028716
0.078588,0.028126,0.146703,0.268248,0.129945,0.120183,0.263852,-0.079031,0.111546,-0.106675,0.135282,0.181861,-0.111071,-0.073693,0.173224,0.211703,0.180654,0.022879,0.146023,-0.118096,0.015850,-0.093209,0.187360,0.015832,-0.076946,-0.114119,0.033107
0.085968,0.028080,0.137304,0.276335,0.129750,0.115746,0.271956,-0.079206,0.106656,-0.100020,0.135366,0.167952,-0.104399,-0.073590,0.158863,0.238493,0.180076,0.023098,0.147016,-0.118148,0.016002,-0.091994,0.187321,0.015762,-0.051663,-0.114649,0.031288
0.093191,0.028073,0.128935,0.283888,0.129658,0.110058,0.279533,-0.079293,0.100824,-0.093151,0.135439,0.157045,-0.097506,-0.073511,0.147811,0.241461,0.180212,0.015797,0.148140,-0.118311,0.016017,-0.090815,0.187141,0.015702,-0.029736,-0.114984,0.024622
0.100544,0.027722,0.125061,0.291941,0.129063,0.113290,0.287627,-0.079861,0.103452,-0.086539,0.135306,0.146670,-0.090853,-0.073618,0.136833,0.242467,0.180190,0.015699,0.148741,-0.118388,0.016058,-0.089672,0.187037,0.015921,-0.019013,-0.114904,0.015619
0.108431,0.027510,0.126514,0.300491,0.128277,0.126180,0.296154,-0.080647,0.116342,-0.079292,0.135666,0.136685,-0.083629,-0.073257,0.126848,0.243370,0.180171,0.015768,0.148981,-0.118380,0.016069,-0.088307,0.187051,0.015890,-0.018306,-0.114892,0.015741
0.116167,0.027474,0.131861,0.308094,0.127685,0.144635,0.303795,-0.081267,0.135385,-0.071461,0.136215,0.128337,-0.075760,-0.072736,0.119087,0.244163,0.180203,0.015891,0.155473,-0.118489,0.017246,-0.082112,0.186703,0.020700,-0.017493,-0.114867,0.015801
0.123730,0.027701,0.139354,0.314491,0.127500,0.165649,0.310247,-0.081497,0.157468,-0.062788,0.136900,0.121241,-0.067032,-0.072097,0.113059,0.244969,0.180267,0.015944,0.166142,-0.118805,0.023112,-0.072323,0.185725,0.041087,-0.016509,-0.114815,0.015940
0.131184,0.028180,0.148049,0.319901,0.127809,0.186793,0.315709,-0.081238,0.179971,-0.053342,0.137598,0.116127,-0.057534,-0.071448,0.109305,0.245802,0.180352,0.015964,0.177952,-0.119119,0.031646,-0.059569,0.185019,0.060580,-0.015337,-0.114735,0.016045
0.138447,0.028801,0.157164,0.324478,0.128492,0.207118,0.320349,-0.080597,0.201715,-0.043455,0.138199,0.112613,-0.047584,-0.070890,0.107211,0.246677,0.180441,0.015981,0.191356,-0.119312,0.038682,-0.046548,0.184664,0.076651,-0.013964,-0.114671,0.015976
0.145391,0.029475,0.166345,0.328406,0.129366,0.226085,0.324312,-0.079754,0.222000,-0.033529,0.138705,0.110690,-0.037623,-0.070415,0.106605,0.247585,0.180521,0.015912,0.207919,-0.119439,0.042611,-0.034562,0.184581,0.090792,-0.012500,-0.114603,0.015892
0.151865,0.030111,0.175391,0.331876,0.130272,0.243252,0.327802,-0.078867,0.240284,-0.024072,0.139090,0.110498,-0.028146,-0.070049,0.107530,0.248531,0.180585,0.015882,0.228514,-0.119607,0.043732,-0.023761,0.184632,0.104552,-0.011087,-0.114543,0.015828
0.157875,0.030662,0.184254,0.335305,0.131103,0.258223,0.331231,-0.078047,0.256166,-0.015481,0.139370,0.112342,-0.019554,-0.069780,0.110285,0.249487,0.180619,0.015907,0.253239,-0.119896,0.043353,-0.014597,0.184810,0.112771,-0.009916,-0.114500,0.015854
0.163664,0.031132,0.192769,0.339144,0.131850,0.270895,0.335085,-0.077307,0.269560,-0.007758,0.139570,0.115978,-0.011816,-0.069586,0.114642,0.250523,0.180657,0.015838,0.280743,-0.120266,0.043007,-0.006876,0.185011,0.116267,-0.008997,-0.114470,0.015913
0.169456,0.031631,0.200611,0.343728,0.132626,0.281052,0.339674,-0.076534,0.280407,-0.000761,0.139797,0.120815,-0.004815,-0.069363,0.120169,0.251557,0.180689,0.015878,0.310329,-0.120693,0.043368,0.000120,0.185238,0.120958,-0.008325,-0.114432,0.015912
0.175465,0.032203,0.207685,0.349306,0.133497,0.288677,0.345270,-0.075664,0.288752,0.005659,0.140070,0.126617,0.001623,-0.069092,0.126692,0.252596,0.180723,0.015946,0.341276,-0.121134,0.044665,0.006536,0.185511,0.126607,-0.007877,-0.114407,0.015894
0.181925,0.032874,0.213889,0.356137,0.134471,0.293697,0.352122,-0.074689,0.294538,0.011728,0.140437,0.133241,0.007712,-0.068722,0.134081,0.253628,0.180781,0.015985,0.372489,-0.121534,0.046970,0.012600,0.185879,0.133069,-0.007618,-0.114362,0.015874
0.188967,0.033656,0.219041,0.364303,0.135535,0.295976,0.360282,-0.073619,0.297681,0.017652,0.140931,0.140400,0.013631,-0.068223,0.142105,0.254568,0.180822,0.015950,0.403045,-0.121921,0.049818,0.018525,0.186371,0.140043,-0.007517,-0.114306,0.015871
0.196716,0.034488,0.223004,0.373805,0.136605,0.295481,0.369777,-0.072540,0.298079,0.023655,0.141515,0.147930,0.019628,-0.067630,0.150528,0.255381,0.180875,0.015922,0.431537,-0.122244,0.052274,0.024665,0.186912,0.144232,-0.007518,-0.114241,0.015860
0.205250,0.035279,0.225670,0.384564,0.137554,0.292208,0.380538,-0.071579,0.295644,0.029961,0.142138,0.155696,0.025935,-0.066995,0.159132,0.256066,0.180952,0.015872,0.455829,-0.122484,0.052732,0.031974,0.187331,0.141545,-0.007574,-0.114169,0.015856
0.214569,0.035975,0.226900,0.396390,0.138363,0.286051,0.392455,-0.070759,0.290190,0.036683,0.142708,0.163609,0.032748,-0.066414,0.167748,0.256620,0.181111,0.015821,0.474018,-0.122517,0.049923,0.042161,0.187450,0.132153,-0.007653,-0.114126,0.015868
0.224493,0.036583,0.226286,0.409059,0.138913,0.276339,0.405099,-0.070192,0.281257,0.043887,0.143357,0.171314,0.039928,-0.065747,0.176233,0.257099,0.181132,0.015770,0.484850,-0.122799,0.042079,0.058031,0.187263,0.116148,-0.007777,-0.114087,0.015875
0.234882,0.036858,0.223769,0.422048,0.139008,0.263459,0.418112,-0.070085,0.268840,0.051653,0.143801,0.178698,0.047716,-0.065293,0.184080,0.257398,0.181206,0.015736,0.487886,-0.123032,0.029487,0.083493,0.186528,0.095319,-0.007889,-0.114049,0.015871
0.245523,0.036602,0.219323,0.434943,0.138420,0.247512,0.431008,-0.070673,0.252917,0.060039,0.143877,0.185728,0.056104,-0.065216,0.191134,0.257816,0.181236,0.015784,0.484649,-0.123286,0.015811,0.120228,0.185361,0.075201,-0.007943,-0.114015,0.015865
0.255711,0.036326,0.214604,0.446567,0.137844,0.232185,0.442630,-0.071248,0.237625,0.068791,0.143901,0.191583,0.064854,-0.065191,0.197024,0.258262,0.181234,0.015826,0.484004,-0.123273,0.015775,0.161104,0.184222,0.060362,-0.007969,-0.114007,0.015847
0.265388,0.036134,0.210378,0.456987,0.137410,0.219001,0.453050,-0.071680,0.224532,0.077727,0.143948,0.196225,0.073790,-0.065142,0.201756,0.258851,0.181240,0.015866,0.483627,-0.123253,0.015735,0.193538,0.183392,0.050709,-0.007962,-0.113995,0.015848
0.274860,0.036017,0.206148,0.466768,0.137074,0.206625,0.462831,-0.072011,0.212334,0.086890,0.144046,0.199962,0.082953,-0.065039,0.205671,0.259474,0.181247,0.015941,0.483415,-0.123239,0.015795,0.214493,0.182796,0.041653,-0.007931,-0.113985,0.015841
0.284132,0.035975,0.201206,0.476030,0.136828,0.194497,0.472090,-0.072249,0.200488,0.096174,0.144200,0.201923,0.092234,-0.064877,0.207914,0.260151,0.181258,0.015975,0.483320,-0.123229,0.015800,0.226584,0.182317,0.030835,-0.007818,-0.113972,0.015834
0.292746,0.036074,0.194503,0.484402,0.136783,0.181590,0.480521,-0.072280,0.188093,0.104970,0.144427,0.200913,0.101090,-0.064636,0.207416,0.260841,0.181262,0.015990,0.483279,-0.123170,0.015785,0.229709,0.181949,0.019511,-0.004995,-0.114107,0.015777
0.300503,0.036170,0.186094,0.491885,0.136751,0.168850,0.488051,-0.072293,0.175964,0.112955,0.144633,0.196225,0.109120,-0.064411,0.203338,0.264492,0.181202,0.015944,0.483284,-0.123141,0.015786,0.230338,0.181824,0.015807,0.002580,-0.114035,0.024231
0.308010,0.036035,0.176670,0.499268,0.136564,0.157817,0.495466,-0.072467,0.165323,0.120554,0.144536,0.188017,0.116752,-0.064495,0.195523,0.280200,0.180951,0.016229,0.483475,-0.123105,0.015792,0.231117,0.181832,0.015911,0.018538,-0.113802,0.039394
0.315815,0.035690,0.166588,0.507167,0.136334,0.149369,0.503449,-0.072688,0.157161,0.128181,0.144068,0.176015,0.124463,-0.064954,0.183807,0.299918,0.180724,0.021020,0.483927,-0.123096,0.015887,0.231848,0.181747,0.015981,0.044527,-0.114022,0.049658
0.323986,0.035110,0.156268,0.515619,0.135968,0.144194,0.511930,-0.073056,0.151957,0.136042,0.143275,0.160579,0.132354,-0.065749,0.168342,0.321341,0.180657,0.030365,0.484577,-0.123111,0.015982,0.232658,0.181688,0.015992,0.076780,-0.114503,0.054004
0.332638,0.034341,0.146427,0.524459,0.135511,0.143235,0.520756,-0.073525,0.150649,0.144520,0.142206,0.142204,0.140816,-0.066829,0.149618,0.346395,0.180473,0.039498,0.485404,-0.123156,0.016089,0.233371,0.181640,0.015957,0.109444,-0.115100,0.055417
0.341848,0.033485,0.138004,0.533280,0.135044,0.146999,0.529561,-0.074013,0.153797,0.154136,0.140983,0.122212,0.150417,-0.068073,0.129010,0.375114,0.180029,0.045210,0.486335,-0.123205,0.016017,0.234028,0.181584,0.015844,0.138140,-0.115711,0.055962
0.351543,0.032732,0.132178,0.541552,0.134669,0.155562,0.537793,-0.074406,0.161735,0.165294,0.139870,0.102621,0.161535,-0.069205,0.108794,0.406470,0.179367,0.046914,0.487308,-0.123279,0.015972,0.234712,0.181534,0.015742,0.161186,-0.116270,0.054810
0.361267,0.032207,0.130051,0.548618,0.134525,0.168418,0.544842,-0.074564,0.174112,0.177692,0.138979,0.085990,0.173916,-0.070110,0.091684,0.439726,0.178665,0.047209,0.488250,-0.123325,0.015893,0.235526,0.181492,0.015635,0.179404,-0.116778,0.051492
0.370392,0.031910,0.132051,0.554141,0.134601,0.184320,0.550372,-0.074495,0.189723,0.190411,0.138315,0.074379,0.186643,-0.070781,0.079782,0.472887,0.178039,0.048923,0.489155,-0.123359,0.015772,0.236678,0.181439,0.015761,0.194774,-0.117256,0.046655
0.378286,0.031822,0.137667,0.558142,0.134860,0.201513,0.554393,-0.074240,0.206794,0.202180,0.137884,0.068540,0.198431,-0.071216,0.073821,0.502558,0.177533,0.051250,0.490022,-0.123382,0.015781,0.238243,0.181382,0.015996,0.208637,-0.117702,0.040898
0.385012,0.031736,0.145727,0.561501,0.134970,0.218085,0.557757,-0.074136,0.223130,0.212266,0.137609,0.068324,0.208523,-0.071497,0.073369,0.525416,0.177010,0.049120,0.490884,-0.123411,0.015835,0.240156,0.181318,0.015999,0.221730,-0.118183,0.032793
0.391270,0.031360,0.154534,0.565620,0.134495,0.232033,0.561863,-0.074625,0.236426,0.220676,0.137344,0.072643,0.216919,-0.071776,0.077036,0.540589,0.176420,0.042000,0.491727,-0.123466,0.015856,0.242110,0.181237,0.016041,0.234175,-0.118750,0.020071
0.397728,0.030922,0.162709,0.571666,0.133772,0.241503,0.567830,-0.075360,0.245236,0.227626,0.137204,0.080182,0.223790,-0.071928,0.083915,0.546199,0.175935,0.030367,0.492549,-0.123537,0.015927,0.243654,0.181225,0.015779,0.237634,-0.118863,0.015793
0.404959,0.031377,0.169438,0.580212,0.134163,0.245350,0.575914,-0.074938,0.250140,0.234003,0.137691,0.088737,0.229706,-0.071410,0.093527,0.541261,0.175177,0.015790,0.498577,-0.124173,0.016443,0.244830,0.181271,0.015854,0.238477,-0.118842,0.015784
0.412342,0.031867,0.175938,0.588381,0.134779,0.249834,0.584050,-0.074307,0.255215,0.240634,0.138041,0.096662,0.236303,-0.071045,0.102043,0.542071,0.175192,0.015866,0.514889,-0.124420,0.019307,0.243480,0.181845,0.034049,0.239285,-0.118800,0.015860
0.419538,0.031984,0.183398,0.595851,0.134916,0.256610,0.591532,-0.074168,0.262081,0.247545,0.138136,0.104716,0.243226,-0.070947,0.110186,0.542993,0.175184,0.015848,0.535621,-0.124713,0.024172,0.245908,0.182649,0.066632,0.239935,-0.118823,0.015832
0.426785,0.032069,0.191767,0.603379,0.134982,0.264324,0.599057,-0.074101,0.269811,0.254512,0.138240,0.113722,0.250190,-0.070843,0.119209,0.543946,0.175166,0.015922,0.561654,-0.125103,0.029793,0.253971,0.183428,0.102356,0.240372,-0.118830,0.015812
0.434263,0.032057,0.200729,0.611344,0.134899,0.272192,0.607026,-0.074187,0.277582,0.261500,0.138301,0.123876,0.257182,-0.070785,0.129266,0.544971,0.175139,0.015982,0.594317,-0.125637,0.035658,0.262439,0.183726,0.122708,0.240600,-0.118842,0.015823
0.442108,0.032022,0.209368,0.619966,0.134773,0.279009,0.615655,-0.074315,0.284302,0.268561,0.138359,0.134435,0.264250,-0.070730,0.139728,0.546041,0.175113,0.015967,0.630593,-0.126239,0.041671,0.269498,0.183784,0.133289,0.240674,-0.118855,0.015822
0.450377,0.032036,0.216894,0.629396,0.134694,0.283637,0.625093,-0.074395,0.288921,0.275660,0.138467,0.144867,0.271357,-0.070622,0.150151,0.547095,0.175095,0.015871,0.667583,-0.126833,0.047951,0.276596,0.183893,0.143725,0.240641,-0.118859,0.015831
0.459164,0.032110,0.222843,0.639762,0.134660,0.285365,0.635457,-0.074427,0.290752,0.282870,0.138647,0.154934,0.278565,-0.070439,0.160320,0.548033,0.175078,0.015820,0.702494,-0.127385,0.053848,0.283806,0.184073,0.153772,0.240525,-0.118853,0.015842
0.468540,0.032248,0.226884,0.651086,0.134665,0.283706,0.646775,-0.074416,0.289306,0.290306,0.138911,0.164462,0.285994,-0.070169,0.170062,0.548819,0.175077,0.015894,0.731900,-0.127867,0.057082,0.291254,0.184224,0.159115,0.240364,-0.118834,0.015853
0.478552,0.032389,0.228838,0.663267,0.134637,0.278505,0.658960,-0.074437,0.284358,0.298144,0.139214,0.173317,0.293837,-0.069860,0.179171,0.549490,0.175107,0.015931,0.753046,-0.128269,0.055171,0.300058,0.184186,0.156667,0.240204,-0.118805,0.015848
0.489069,0.032458,0.228625,0.675987,0.134481,0.269788,0.671681,-0.074585,0.275907,0.306457,0.139502,0.181344,0.302151,-0.069564,0.187462,0.550037,0.175125,0.015954,0.764448,-0.128696,0.046238,0.312362,0.183838,0.146428,0.240058,-0.118787,0.015851
0.499952,0.032260,0.226381,0.688895,0.133983,0.257913,0.684602,-0.075081,0.264112,0.315303,0.139601,0.188650,0.311010,-0.069463,0.194849,0.550491,0.175130,0.015972,0.766089,-0.129176,0.030003,0.331271,0.183001,0.129580,0.239930,-0.118791,0.015859
0.511009,0.031586,0.222373,0.701612,0.132926,0.243390,0.697320,-0.076147,0.249266,0.324699,0.139319,0.195480,0.320406,-0.069755,0.201356,0.550957,0.175106,0.015981,0.762981,-0.129533,0.015833,0.359555,0.181664,0.109486,0.239842,-0.118791,0.015854
0.521343,0.031062,0.218634,0.712863,0.132126,0.230786,0.708576,-0.076954,0.236459,0.334111,0.139078,0.200808,0.329824,-0.070001,0.206481,0.551557,0.175081,0.015972,0.762435,-0.129522,0.015763,0.396798,0.180268,0.090225,0.239800,-0.118804,0.015845
0.531025,0.030663,0.215675,0.722975,0.131519,0.220635,0.718688,-0.077564,0.226192,0.343362,0.138891,0.205158,0.339075,-0.070192,0.210714,0.552180,0.175056,0.015930,0.762149,-0.129521,0.015826,0.435100,0.179071,0.076664,0.239757,-0.118809,0.015855
0.540516,0.030313,0.213011,0.732619,0.130981,0.211137,0.728330,-0.078104,0.216604,0.352702,0.138729,0.209417,0.348413,-0.070356,0.214885,0.552842,0.175037,0.015857,0.762005,-0.129519,0.015841,0.466601,0.178157,0.067519,0.239673,-0.118806,0.015848
0.549934,0.030097,0.210348,0.741943,0.130587,0.201640,0.737653,-0.078497,0.207156,0.362215,0.138691,0.213540,0.357926,-0.070393,0.219056,0.553529,0.175023,0.015747,0.761943,-0.129518,0.015838,0.489237,0.177476,0.058715,0.239511,-0.118800,0.015846
0.559357,0.029975,0.207308,0.751044,0.130288,0.191997,0.746755,-0.078791,0.197667,0.371958,0.138741,0.216948,0.367669,-0.070338,0.222619,0.554269,0.175022,0.015800,0.761978,-0.129512,0.015835,0.504472,0.176931,0.048514,0.239350,-0.118790,0.015841
0.568602,0.029882,0.203267,0.759809,0.130023,0.181993,0.755519,-0.079050,0.187879,0.381684,0.138815,0.218654,0.377394,-0.070258,0.224540,0.554997,0.175027,0.015877,0.762068,-0.129506,0.015825,0.514516,0.176458,0.037215,0.239285,-0.118777,0.015868
0.577291,0.029819,0.197395,0.767955,0.129844,0.171249,0.763715,-0.079221,0.177453,0.390868,0.138860,0.217337,0.386628,-0.070205,0.223541,0.555735,0.175020,0.015965,0.762193,-0.129466,0.015810,0.520535,0.176007,0.025167,0.242618,-0.118928,0.015763
0.585323,0.029939,0.189095,0.775536,0.129855,0.159479,0.771376,-0.079190,0.166372,0.399270,0.139068,0.211819,0.395111,-0.069977,0.218712,0.557695,0.174942,0.015988,0.762369,-0.129460,0.015793,0.521764,0.175649,0.015746,0.254324,-0.119346,0.015932
0.592812,0.029860,0.178927,0.782882,0.129773,0.148404,0.778826,-0.079256,0.155825,0.406797,0.138975,0.202028,0.402741,-0.070054,0.209449,0.565020,0.174788,0.016020,0.762664,-0.129401,0.015786,0.522581,0.175605,0.015827,0.274724,-0.119451,0.029373
0.600220,0.029518,0.167829,0.790563,0.129424,0.139027,0.786462,-0.079597,0.146641,0.413978,0.138633,0.189016,0.409877,-0.070388,0.196630,0.580488,0.174659,0.018919,0.763127,-0.129391,0.015874,0.523432,0.175669,0.015916,0.305821,-0.119454,0.042399
0.607864,0.028946,0.156464,0.798811,0.129007,0.132626,0.794693,-0.080015,0.140221,0.421036,0.137907,0.172708,0.416917,-0.071115,0.180302,0.600344,0.174568,0.026996,0.763825,-0.129410,0.015979,0.524227,0.175669,0.016003,0.343498,-0.119926,0.049050
0.615965,0.028094,0.145551,0.807634,0.128460,0.130352,0.803495,-0.080576,0.137521,0.428435,0.136765,0.153580,0.424296,-0.072271,0.160749,0.623656,0.174383,0.036890,0.764698,-0.129460,0.016033,0.524926,0.175621,0.015986,0.380914,-0.120633,0.051846
0.624693,0.027093,0.135855,0.816732,0.127855,0.132851,0.812579,-0.081205,0.139251,0.436807,0.135391,0.132458,0.432654,-0.073670,0.138858,0.650989,0.173919,0.044361,0.765678,-0.129524,0.016094,0.525488,0.175543,0.015957,0.413426,-0.121366,0.054005
0.634144,0.026145,0.128386,0.825641,0.127281,0.140286,0.821452,-0.081804,0.145813,0.446835,0.134094,0.110960,0.442647,-0.074991,0.116487,0.680869,0.173206,0.047589,0.766697,-0.129616,0.015927,0.526027,0.175470,0.015906,0.439136,-0.122033,0.054566
0.644007,0.025445,0.124366,0.833633,0.126924,0.152387,0.829421,-0.082178,0.157229,0.458593,0.133068,0.091502,0.454381,-0.076034,0.096344,0.712508,0.172413,0.047797,0.767637,-0.129679,0.015855,0.526592,0.175417,0.015797,0.458693,-0.122612,0.052313
0.653643,0.024994,0.124671,0.840108,0.126788,0.168370,0.835883,-0.082323,0.172760,0.471402,0.132311,0.076582,0.467177,-0.076800,0.080972,0.745224,0.171657,0.048461,0.768501,-0.129727,0.015748,0.527406,0.175370,0.015667,0.474480,-0.123106,0.048160
0.662338,0.024729,0.129203,0.844857,0.126811,0.186713,0.840635,-0.082306,0.190806,0.484041,0.131764,0.067601,0.479820,-0.077354,0.071693,0.776380,0.171008,0.051131,0.769307,-0.129759,0.015805,0.528645,0.175317,0.015791,0.488506,-0.123554,0.043237
0.669701,0.024614,0.136944,0.848208,0.126968,0.205499,0.844021,-0.082153,0.209432,0.495380,0.131382,0.064457,0.491193,-0.077740,0.068390,0.802418,0.170468,0.052127,0.770105,-0.129780,0.015851,0.530415,0.175237,0.016045,0.501805,-0.124004,0.037270
0.675945,0.024426,0.146296,0.851272,0.126876,0.222490,0.847102,-0.082251,0.226087,0.504789,0.131102,0.066504,0.500619,-0.078025,0.070101,0.821272,0.169931,0.047512,0.770915,-0.129813,0.015866,0.532432,0.175149,0.016029,0.514495,-0.124489,0.028146
0.681931,0.023864,0.155501,0.855477,0.126090,0.235954,0.851290,-0.083050,0.238736,0.512571,0.130777,0.072266,0.508384,-0.078362,0.075048,0.832436,0.169385,0.038321,0.771711,-0.129884,0.015918,0.534395,0.175055,0.016027,0.524732,-0.124938,0.016022
0.688444,0.023629,0.163693,0.862453,0.125320,0.243824,0.857334,-0.083789,0.247231,0.519554,0.131048,0.080156,0.514435,-0.078062,0.083563,0.832681,0.167912,0.022440,0.776618,-0.131048,0.016165,0.536008,0.175066,0.015797,0.525876,-0.124916,0.015779
0.695297,0.023661,0.170987,0.869808,0.125317,0.250063,0.864691,-0.083793,0.253454,0.525904,0.131114,0.088520,0.520787,-0.077996,0.091910,0.833934,0.167866,0.015769,0.791647,-0.131259,0.020064,0.535052,0.175283,0.022102,0.526923,-0.124847,0.015949
0.702065,0.023733,0.178560,0.876793,0.125430,0.257102,0.871683,-0.083678,0.260619,0.532446,0.131144,0.096501,0.527336,-0.077964,0.100019,0.834827,0.167867,0.015840,0.809810,-0.131602,0.024861,0.533960,0.175737,0.046514,0.527706,-0.124858,0.015865
0.708767,0.023868,0.187060,0.883717,0.125618,0.265037,0.878609,-0.083487,0.268728,0.538925,0.131223,0.105392,0.533817,-0.077883,0.109082,0.835774,0.167862,0.015862,0.832241,-0.132033,0.030330,0.537807,0.176253,0.078896,0.528236,-0.124863,0.015834
0.715557,0.024042,0.196259,0.890766,0.125849,0.273578,0.885658,-0.083252,0.277467,0.545456,0.131336,0.115051,0.540348,-0.077765,0.118941,0.836771,0.167847,0.015922,0.860364,-0.132598,0.035964,0.546235,0.176733,0.112049,0.528547,-0.124866,0.015819
0.722630,0.024120,0.205655,0.898388,0.125917,0.281730,0.893277,-0.083183,0.285697,0.551982,0.131423,0.125613,0.546871,-0.077677,0.129580,0.837842,0.167827,0.015971,0.893850,-0.133299,0.041669,0.553093,0.176852,0.124753,0.528671,-0.124862,0.015813
0.730028,0.024255,0.214239,0.906672,0.126049,0.288239,0.901566,-0.083048,0.292354,0.558490,0.131558,0.136124,0.553384,-0.077540,0.140239,0.838905,0.167818,0.015938,0.929151,-0.134014,0.047410,0.559600,0.176985,0.135235,0.528649,-0.124857,0.015811
0.737904,0.024454,0.221547,0.915866,0.126234,0.292339,0.910758,-0.082858,0.296690,0.565049,0.131767,0.146403,0.559942,-0.077326,0.150754,0.839931,0.167808,0.015809,0.963953,-0.134696,0.053274,0.566159,0.177193,0.145466,0.528545,-0.124840,0.015827
0.746363,0.024726,0.227284,0.926057,0.126475,0.293603,0.920946,-0.082610,0.298283,0.571779,0.132062,0.156285,0.566669,-0.077024,0.160964,0.840828,0.167817,0.015838,0.996183,-0.135289,0.058525,0.572890,0.177487,0.155278,0.528383,-0.124811,0.015834
0.755447,0.025023,0.231286,0.937213,0.126705,0.291809,0.932098,-0.082371,0.296879,0.578797,0.132416,0.165694,0.573682,-0.076660,0.170763,0.841568,0.167832,0.015906,1.023183,-0.135788,0.061328,0.579818,0.177715,0.159373,0.528187,-0.124780,0.015860
0.765182,0.025290,0.233440,0.949224,0.126848,0.286882,0.944100,-0.082218,0.292360,0.586265,0.132799,0.174519,0.581141,-0.076267,0.179997,0.842166,0.167851,0.015935,1.042833,-0.136216,0.059573,0.587962,0.177759,0.156307,0.527993,-0.124745,0.015859
0.775473,0.025457,0.233689,0.961829,0.126816,0.278844,0.956694,-0.082239,0.284691,0.594251,0.133154,0.182687,0.589116,-0.075901,0.188534,0.842637,0.167872,0.015954,1.054150,-0.136625,0.051929,0.599095,0.177499,0.146300,0.527804,-0.124706,0.015858
0.786175,0.025378,0.232011,0.974701,0.126479,0.267756,0.969588,-0.082571,0.273817,0.602762,0.133327,0.190205,0.597649,-0.075722,0.196266,0.843045,0.167881,0.015966,1.057202,-0.137022,0.038403,0.616037,0.176735,0.129819,0.527643,-0.124723,0.015861
0.797092,0.024899,0.228438,0.987480,0.125658,0.253763,0.982391,-0.083395,0.259712,0.611794,0.133194,0.197164,0.606705,-0.075859,0.203114,0.843420,0.167881,0.015984,1.052142,-0.137434,0.018701,0.642053,0.175444,0.109470,0.527516,-0.124742,0.015870
0.807734,0.024293,0.223789,0.999365,0.124724,0.239025,0.994285,-0.084335,0.244758,0.621182,0.132921,0.202819,0.616102,-0.076138,0.208552,0.843906,0.167866,0.015980,1.051391,-0.137484,0.015731,0.677676,0.173954,0.090694,0.527444,-0.124749,0.015852
0.817623,0.023892,0.219970,1.009844,0.124087,0.227264,1.004763,-0.084974,0.232935,0.630484,0.132759,0.207005,0.625402,-0.076302,0.212676,0.844460,0.167855,0.015955,1.050959,-0.137468,0.015785,0.716963,0.172603,0.076719,0.527418,-0.124740,0.015848
0.827190,0.023501,0.216540,1.019656,0.123491,0.216485,1.014576,-0.085572,0.222082,0.639805,0.132575,0.210999,0.634724,-0.076489,0.216596,0.845056,0.167845,0.015921,1.050684,-0.137450,0.015823,0.750662,0.171532,0.067979,0.527349,-0.124733,0.015849
0.836624,0.023220,0.213250,1.029053,0.123019,0.206009,1.023974,-0.086044,0.211640,0.649274,0.132484,0.214861,0.644195,-0.076579,0.220491,0.845698,0.167831,0.015821,1.050532,-0.137442,0.015831,0.775088,0.170749,0.060475,0.527224,-0.124729,0.015841
0.846025,0.023029,0.209789,1.038167,0.122642,0.195640,1.033088,-0.086417,0.201400,0.658963,0.132476,0.218179,0.653884,-0.076583,0.223938,0.846392,0.167826,0.015756,1.050477,-0.137433,0.015833,0.791562,0.170143,0.051510,0.527073,-0.124716,0.015834
0.855354,0.022873,0.205653,1.047020,0.122310,0.185211,1.041942,-0.086744,0.191154,0.668766,0.132490,0.220153,0.663689,-0.076564,0.226096,0.847123,0.167831,0.015824,1.050521,-0.137419,0.015825,0.802476,0.169631,0.041007,0.526985,-0.124703,0.015830
0.864237,0.022690,0.200063,1.055360,0.121978,0.174473,1.050291,-0.087070,0.180624,0.678183,0.132450,0.219502,0.673114,-0.076599,0.225654,0.847845,0.167828,0.015927,1.050613,-0.137411,0.015815,0.809607,0.169156,0.029545,0.528432,-0.124749,0.015803
0.872465,0.022666,0.192204,1.063070,0.121870,0.162713,1.058088,-0.087166,0.169347,0.686843,0.132498,0.215061,0.681861,-0.076538,0.221696,0.848603,0.167810,0.015988,1.050752,-0.137350,0.015805,0.811267,0.168726,0.016802,0.536817,-0.125105,0.015697
0.879839,0.022550,0.182191,1.070107,0.121629,0.150215,1.065128,-0.087393,0.157254,0.694550,0.132493,0.207127,0.689571,-0.076530,0.214167,0.852514,0.167790,0.016271,1.050906,-0.137308,0.015789,0.812059,0.168738,0.015794,0.553283,-0.125232,0.022333
0.886595,0.022415,0.171386,1.076914,0.121413,0.139463,1.071919,-0.087592,0.147001,0.701271,0.132422,0.195772,0.696275,-0.076583,0.203310,0.864008,0.167697,0.020322,1.051247,-0.137322,0.015798,0.812860,0.168760,0.015899,0.580837,-0.125317,0.036925
0.893669,0.022093,0.160414,1.084548,0.121192,0.132379,1.079565,-0.087801,0.140237,0.707773,0.131987,0.180591,0.702791,-0.077006,0.188449,0.881841,0.167550,0.026823,1.051863,-0.137310,0.015937,0.813610,0.168768,0.015958,0.616906,-0.125787,0.046604
0.901342,0.021361,0.149501,1.093045,0.120730,0.129076,1.088050,-0.088269,0.136754,0.714634,0.130992,0.162249,0.709640,-0.078008,0.169927,0.903585,0.167334,0.036055,1.052709,-0.137353,0.016033,0.814306,0.168732,0.016013,0.654931,-0.126566,0.050899
0.909660,0.020354,0.139323,1.102030,0.120119,0.130257,1.097010,-0.088903,0.137279,0.722311,0.129611,0.141367,0.717291,-0.079411,0.148389,0.929225,0.166857,0.043903,1.053641,-0.137423,0.016035,0.814903,0.168664,0.015980,0.689677,-0.127423,0.053525
0.918770,0.019309,0.130809,1.111066,0.119478,0.136250,1.105993,-0.089570,0.142382,0.731547,0.128188,0.119237,0.726474,-0.080860,0.125369,0.958024,0.166085,0.047961,1.054661,-0.137516,0.015972,0.815420,0.168606,0.015936,0.718028,-0.128205,0.054916
0.928492,0.018424,0.125273,1.119422,0.118990,0.147027,1.114329,-0.090081,0.152335,0.742654,0.126929,0.098211,0.737561,-0.082142,0.103519,0.988638,0.165150,0.048378,1.055641,-0.137594,0.015868,0.815932,0.168531,0.015839,0.739681,-0.128947,0.053255
0.938240,0.017780,0.123884,1.126374,0.118699,0.162122,1.121268,-0.090387,0.166801,0.755212,0.125947,0.080967,0.750106,-0.083138,0.085645,1.020794,0.164200,0.048058,1.056522,-0.137659,0.015797,0.816566,0.168464,0.015755,0.756699,-0.129593,0.049036
