-0.022996,-0.006876,0.325858,0.169152,0.093633,0.321580,0.164739,-0.115487,0.325334,-0.210731,0.101735,0.326383,-0.215144,-0.107385,0.330136,0.155561,0.136263,0.147534,0.143872,-0.163807,0.141914,-0.208428,0.143797,0.139365,-0.222783,-0.155898,0.151489
-0.032087,-0.010366,0.307573,0.160091,0.090008,0.301793,0.155590,-0.119077,0.307058,-0.219765,0.098344,0.308088,-0.224266,-0.110741,0.313353,0.150167,0.131776,0.146089,0.120122,-0.168510,0.119552,-0.217270,0.139439,0.136244,-0.228121,-0.160854,0.125870
-0.039489,-0.014042,0.287099,0.151980,0.087631,0.280503,0.148904,-0.121493,0.285221,-0.227882,0.093409,0.288977,-0.230958,-0.115715,0.293695,0.145279,0.129844,0.131912,0.062170,-0.170153,0.087132,-0.225880,0.134735,0.106712,-0.250990,-0.165631,0.083376
-0.047442,-0.017849,0.263431,0.143375,0.085058,0.257123,0.141591,-0.124119,0.259656,-0.236476,0.088421,0.267205,-0.238260,-0.120756,0.269738,0.146521,0.128681,0.108046,0.005035,-0.170849,0.058126,-0.235243,0.131488,0.070910,-0.264051,-0.168886,0.030708
-0.056540,-0.020954,0.237367,0.134621,0.081210,0.229550,0.132005,-0.127968,0.231052,-0.245086,0.086060,0.243682,-0.247701,-0.123118,0.245184,0.151651,0.125361,0.077683,-0.021334,-0.173017,0.020473,-0.246799,0.130049,0.036579,-0.264555,-0.170009,0.015854
-0.060390,-0.019339,0.215528,0.130768,0.082532,0.204484,0.127957,-0.126620,0.207969,-0.248738,0.087943,0.223086,-0.251549,-0.121209,0.226572,0.128040,0.124880,0.015514,-0.023232,-0.173248,0.015966,-0.266297,0.130186,0.015832,-0.264360,-0.170010,0.015787
-0.056256,-0.015379,0.204941,0.134977,0.086234,0.192874,0.132116,-0.122799,0.200717,-0.244629,0.092041,0.209165,-0.247490,-0.116992,0.217008,0.127504,0.125185,0.015945,-0.022984,-0.173094,0.015973,-0.265011,0.130551,0.015795,-0.263590,-0.169804,0.015897
-0.044768,-0.012926,0.204157,0.146537,0.088537,0.191963,0.143630,-0.120373,0.202579,-0.233166,0.094521,0.205736,-0.236073,-0.114390,0.216351,0.128369,0.125361,0.015990,-0.024703,-0.172951,0.017438,-0.264057,0.130811,0.015768,-0.262884,-0.169713,0.015938
-0.028967,-0.011662,0.206416,0.162377,0.089682,0.193840,0.159413,-0.119150,0.205875,-0.217347,0.095827,0.206956,-0.220311,-0.113005,0.218992,0.129765,0.125432,0.016111,-0.014159,-0.172882,0.020832,-0.263323,0.130993,0.015812,-0.262163,-0.169644,0.015944
-0.011522,-0.010454,0.208335,0.179875,0.090804,0.195891,0.176855,-0.117945,0.209278,-0.199899,0.097037,0.207391,-0.202920,-0.111712,0.220779,0.131396,0.125515,0.015975,0.012192,-0.173086,0.022548,-0.263019,0.131316,0.017427,-0.261417,-0.169555,0.015880
0.006486,-0.008842,0.209633,0.197953,0.092305,0.197360,0.194850,-0.116320,0.212549,-0.181879,0.098635,0.206716,-0.184982,-0.109990,0.221905,0.133044,0.125621,0.015721,0.051521,-0.173487,0.024062,-0.253680,0.131993,0.024247,-0.260761,-0.169441,0.015836
0.024796,-0.007135,0.210983,0.216345,0.093902,0.199081,0.213135,-0.114573,0.216183,-0.163542,0.100302,0.205783,-0.166752,-0.108173,0.222885,0.134709,0.125737,0.015855,0.096600,-0.173944,0.026530,-0.230045,0.132630,0.031414,-0.260228,-0.169332,0.015768
0.043116,-0.005888,0.212679,0.234752,0.095101,0.201824,0.231412,-0.113249,0.220363,-0.145181,0.101473,0.204995,-0.148521,-0.106877,0.223534,0.136332,0.125785,0.016059,0.144498,-0.174507,0.029128,-0.193737,0.132486,0.031909,-0.259830,-0.169224,0.015669
0.061299,-0.005436,0.214432,0.252997,0.095623,0.205470,0.249550,-0.112676,0.224565,-0.126951,0.101804,0.204300,-0.130398,-0.106495,0.223395,0.137975,0.125806,0.016018,0.194650,-0.175044,0.032244,-0.146123,0.131224,0.023841,-0.259172,-0.169057,0.015625
0.079347,-0.006060,0.215715,0.271209,0.094907,0.209717,0.267375,-0.113438,0.228222,-0.108682,0.101319,0.203208,-0.112515,-0.107026,0.221713,0.139679,0.125743,0.015840,0.243310,-0.175639,0.036747,-0.088368,0.129962,0.016098,-0.256782,-0.168311,0.015648
0.097094,-0.007633,0.215333,0.289757,0.091920,0.212027,0.284175,-0.116518,0.228970,-0.089987,0.101252,0.201696,-0.095570,-0.107187,0.218639,0.141424,0.125579,0.016042,0.279079,-0.177652,0.036382,-0.029267,0.130155,0.016089,-0.244021,-0.165326,0.015654
0.114630,-0.009499,0.211389,0.308411,0.087869,0.208308,0.300476,-0.120574,0.224217,-0.071217,0.101577,0.198561,-0.079151,-0.106866,0.214471,0.154786,0.124656,0.016020,0.292037,-0.181138,0.024155,0.027744,0.129778,0.019772,-0.219322,-0.162319,0.015681
0.132390,-0.011324,0.203812,0.327275,0.083773,0.199624,0.317018,-0.124678,0.214035,-0.052238,0.102030,0.193589,-0.062495,-0.106421,0.208001,0.182908,0.124312,0.023483,0.289567,-0.182628,0.016053,0.061524,0.129778,0.016149,-0.184077,-0.159354,0.015598
0.150019,-0.013441,0.196767,0.345073,0.081276,0.191897,0.334466,-0.127209,0.205550,-0.034429,0.100327,0.187983,-0.045036,-0.108158,0.201637,0.216824,0.122831,0.030417,0.290420,-0.182993,0.015915,0.063358,0.129698,0.016045,-0.146763,-0.160769,0.015639
0.167339,-0.016369,0.192795,0.362472,0.078211,0.188436,0.351697,-0.130384,0.200124,-0.017019,0.097647,0.185467,-0.027794,-0.110949,0.197155,0.259891,0.120481,0.034768,0.291649,-0.183191,0.015809,0.065033,0.129492,0.015945,-0.107525,-0.162466,0.017712
0.184900,-0.019674,0.190507,0.380124,0.074779,0.187781,0.369142,-0.133931,0.196967,0.000659,0.094582,0.184047,-0.010324,-0.114127,0.193233,0.294633,0.118402,0.041632,0.293053,-0.183458,0.015789,0.066724,0.129250,0.015633,-0.068011,-0.164172,0.022302
0.202675,-0.022886,0.189277,0.397964,0.071466,0.188386,0.386821,-0.137327,0.195142,0.018528,0.091555,0.183412,0.007385,-0.117239,0.190168,0.323572,0.116434,0.048056,0.294517,-0.183739,0.015926,0.068398,0.129010,0.015867,-0.033572,-0.165795,0.029354
0.220539,-0.025608,0.189091,0.415864,0.068672,0.189861,0.404619,-0.140170,0.194691,0.036459,0.088954,0.183491,0.025214,-0.119888,0.188321,0.353731,0.114369,0.052508,0.296024,-0.183983,0.015992,0.069988,0.128801,0.015940,-0.004160,-0.167331,0.037128
0.238515,-0.027845,0.189811,0.433853,0.066385,0.192010,0.422548,-0.142481,0.195438,0.054482,0.086790,0.184184,0.043177,-0.122076,0.187611,0.389369,0.112072,0.055295,0.297603,-0.184188,0.015888,0.071532,0.128629,0.015925,0.024956,-0.168974,0.043704
0.256673,-0.029566,0.190908,0.452017,0.064625,0.194068,0.440671,-0.144251,0.196663,0.072675,0.085120,0.185152,0.061329,-0.123756,0.187747,0.428341,0.109719,0.056239,0.299227,-0.184335,0.015883,0.073044,0.128517,0.015895,0.058636,-0.170894,0.045771
0.275127,-0.030581,0.191824,0.470474,0.063591,0.195348,0.459104,-0.145284,0.197910,0.091151,0.084123,0.185739,0.079780,-0.124752,0.188300,0.465834,0.107592,0.050847,0.300895,-0.184423,0.015981,0.074485,0.128467,0.015791,0.099862,-0.173158,0.042165
0.294161,-0.030733,0.191992,0.489521,0.063438,0.194699,0.478141,-0.145423,0.198216,0.110181,0.083957,0.185767,0.098800,-0.124904,0.189285,0.496539,0.105885,0.034729,0.302612,-0.184453,0.015941,0.075869,0.128488,0.015845,0.145832,-0.175524,0.038871
0.313746,-0.030416,0.191003,0.509120,0.063765,0.190684,0.497795,-0.145067,0.195737,0.129698,0.084234,0.186269,0.118373,-0.124598,0.191322,0.502730,0.105411,0.015850,0.304419,-0.184465,0.015746,0.077161,0.128490,0.015844,0.188900,-0.177700,0.036438
0.332605,-0.031208,0.190309,0.528161,0.062578,0.188482,0.516453,-0.146234,0.193485,0.148757,0.083818,0.187133,0.137050,-0.124994,0.192136,0.504211,0.105324,0.016035,0.322894,-0.185173,0.015776,0.080104,0.129095,0.015736,0.217490,-0.179089,0.023081
0.350494,-0.031832,0.190866,0.546130,0.061746,0.187563,0.534239,-0.147051,0.192778,0.166750,0.083387,0.188955,0.154858,-0.125409,0.194170,0.505791,0.105296,0.016016,0.350632,-0.186523,0.016967,0.096465,0.128603,0.015802,0.220095,-0.179120,0.015704
0.368116,-0.031910,0.192217,0.563750,0.061628,0.187834,0.551854,-0.147142,0.194005,0.184379,0.083322,0.190429,0.172483,-0.125448,0.196600,0.507420,0.105298,0.015829,0.383651,-0.188128,0.023934,0.125056,0.127342,0.024512,0.221549,-0.179134,0.015724
0.385838,-0.031878,0.193427,0.581477,0.061638,0.188830,0.569573,-0.147097,0.196090,0.202102,0.083342,0.190764,0.190198,-0.125393,0.198023,0.509059,0.105302,0.015799,0.416736,-0.189491,0.036227,0.158889,0.125933,0.034795,0.222981,-0.179148,0.015889
0.403638,-0.031748,0.194746,0.599274,0.061791,0.190494,0.587387,-0.146899,0.198965,0.219889,0.083403,0.190527,0.208002,-0.125287,0.198998,0.510664,0.105314,0.015925,0.455922,-0.191266,0.043894,0.192371,0.124571,0.043685,0.224341,-0.179211,0.015899
0.421553,-0.031790,0.196032,0.617199,0.061751,0.192318,0.605289,-0.146895,0.201785,0.237817,0.083315,0.190279,0.225907,-0.125331,0.199747,0.512244,0.105314,0.016029,0.497316,-0.193222,0.049277,0.225512,0.123216,0.049849,0.225702,-0.179228,0.015979
0.439589,-0.032120,0.197460,0.635230,0.061455,0.194394,0.623319,-0.147159,0.204536,0.255858,0.082920,0.190384,0.243947,-0.125695,0.200526,0.513855,0.105285,0.015926,0.541762,-0.195529,0.051326,0.260928,0.121458,0.051560,0.227002,-0.179277,0.015987
0.457779,-0.032953,0.198977,0.653406,0.060678,0.196858,0.641504,-0.147930,0.207142,0.274054,0.082024,0.190812,0.262152,-0.126584,0.201095,0.515506,0.105201,0.015835,0.589504,-0.198245,0.050879,0.302370,0.118963,0.048324,0.228213,-0.179356,0.015896
0.476249,-0.034512,0.200157,0.671846,0.059201,0.199317,0.659974,-0.149437,0.209018,0.292524,0.080413,0.191295,0.280651,-0.128224,0.200996,0.517198,0.105051,0.016018,0.635951,-0.201170,0.047114,0.353493,0.115604,0.042617,0.229360,-0.179492,0.015732
0.494823,-0.036619,0.199204,0.690432,0.057074,0.198662,0.678543,-0.151611,0.207270,0.311104,0.078373,0.191139,0.299215,-0.130312,0.199746,0.518869,0.104875,0.015983,0.669553,-0.203890,0.032002,0.408742,0.112147,0.040200,0.230742,-0.179562,0.015757
0.513456,-0.038923,0.194734,0.709037,0.054812,0.192986,0.697256,-0.153911,0.200767,0.329656,0.076065,0.188701,0.317875,-0.132658,0.196482,0.544350,0.103145,0.018200,0.671101,-0.204874,0.016073,0.449543,0.109103,0.034474,0.238177,-0.180451,0.015751
0.531939,-0.040020,0.189564,0.727224,0.054330,0.187875,0.716092,-0.154408,0.196200,0.347785,0.074368,0.182928,0.336653,-0.134370,0.191253,0.581765,0.101125,0.024578,0.672505,-0.204823,0.015953,0.466896,0.106904,0.015875,0.251168,-0.182364,0.015689
0.549928,-0.041626,0.186444,0.745224,0.052714,0.185829,0.734045,-0.156043,0.193572,0.365811,0.072791,0.179317,0.354631,-0.135966,0.187059,0.625833,0.098733,0.026162,0.674015,-0.204967,0.015823,0.468498,0.106777,0.015871,0.272376,-0.183462,0.015711
0.567582,-0.044235,0.185755,0.762974,0.049907,0.186265,0.751573,-0.158900,0.192126,0.383591,0.070429,0.179384,0.372190,-0.138378,0.185245,0.666116,0.096461,0.034123,0.675523,-0.205231,0.015817,0.470277,0.106644,0.015937,0.302683,-0.184849,0.016680
0.585215,-0.047197,0.186298,0.780685,0.046754,0.188664,0.769076,-0.162094,0.192217,0.401353,0.067699,0.180379,0.389744,-0.141148,0.183932,0.699140,0.094345,0.043573,0.677050,-0.205505,0.015862,0.472006,0.106495,0.015605,0.336266,-0.186450,0.022383
0.602889,-0.050035,0.187416,0.798382,0.043803,0.191638,0.786675,-0.165064,0.193100,0.419103,0.064993,0.181732,0.407396,-0.143874,0.183194,0.728037,0.092282,0.050665,0.678570,-0.205767,0.015961,0.473662,0.106296,0.015860,0.367004,-0.188205,0.030090
0.620559,-0.052511,0.189080,0.816048,0.041248,0.194934,0.804295,-0.167621,0.194724,0.436823,0.062599,0.183437,0.425069,-0.146271,0.183227,0.760136,0.090057,0.054615,0.680132,-0.205977,0.015861,0.475194,0.106130,0.015997,0.394956,-0.189952,0.037820
0.638296,-0.054600,0.191070,0.833776,0.039090,0.198215,0.821990,-0.169773,0.196807,0.454603,0.060574,0.185332,0.442816,-0.148289,0.183925,0.797585,0.087610,0.056640,0.681731,-0.206162,0.015929,0.476639,0.105995,0.015927,0.424139,-0.191811,0.043376
0.656187,-0.056202,0.192869,0.851660,0.037441,0.200778,0.839851,-0.171416,0.198742,0.472523,0.059012,0.186996,0.460714,-0.149845,0.184959,0.837986,0.085139,0.057098,0.683353,-0.206310,0.016017,0.478099,0.105890,0.015889,0.458890,-0.193888,0.043575
0.674437,-0.057106,0.193914,0.869917,0.036516,0.201867,0.858081,-0.172340,0.199987,0.490792,0.058128,0.187840,0.478956,-0.150728,0.185960,0.875732,0.083066,0.051325,0.685017,-0.206401,0.015922,0.479532,0.105839,0.015813,0.501402,-0.196200,0.038748
0.693332,-0.057199,0.193675,0.888866,0.036413,0.200326,0.876976,-0.172447,0.199518,0.509688,0.058048,0.187832,0.497798,-0.150812,0.187025,0.904559,0.081685,0.034578,0.686731,-0.206430,0.015781,0.480918,0.105874,0.015853,0.547834,-0.198597,0.035018
0.712627,-0.057011,0.191805,0.908246,0.036608,0.194962,0.896330,-0.172251,0.195540,0.528924,0.058230,0.188070,0.517009,-0.150630,0.188649,0.908560,0.081618,0.015827,0.688634,-0.206423,0.015942,0.482336,0.105935,0.015924,0.589697,-0.200736,0.031402
0.731266,-0.057932,0.190174,0.927107,0.035260,0.191871,0.914743,-0.173574,0.192222,0.547789,0.057711,0.188126,0.535425,-0.151124,0.188476,0.909870,0.081515,0.016059,0.709174,-0.207229,0.015849,0.485334,0.106649,0.015843,0.612460,-0.201503,0.016422
0.749195,-0.058628,0.190000,0.944941,0.034766,0.191516,0.932788,-0.174079,0.192407,0.565602,0.056823,0.187593,0.553449,-0.152022,0.188483,0.911392,0.081497,0.016003,0.744071,-0.209371,0.017265,0.502188,0.105318,0.018048,0.614267,-0.201825,0.015703
0.767063,-0.058361,0.190899,0.962779,0.035101,0.191930,0.950689,-0.173735,0.194309,0.583438,0.057013,0.187489,0.571347,-0.151824,0.189868,0.912979,0.081507,0.015860,0.780065,-0.211329,0.023782,0.530554,0.103747,0.024552,0.615873,-0.201914,0.015821
0.785022,-0.057716,0.191861,0.980724,0.035779,0.192352,0.968657,-0.173029,0.196588,0.601387,0.057597,0.187135,0.589319,-0.151212,0.191371,0.914586,0.081555,0.015783,0.815267,-0.212973,0.035191,0.562735,0.102252,0.033606,0.617362,-0.201926,0.015959
0.802959,-0.056929,0.193267,0.998653,0.036586,0.193527,0.986584,-0.172174,0.199722,0.619335,0.058317,0.186812,0.607265,-0.150443,0.193008,0.916192,0.081626,0.015838,0.857310,-0.214949,0.041258,0.594383,0.101014,0.042216,0.618711,-0.201906,0.015933
0.820921,-0.056458,0.194738,1.016624,0.037039,0.194888,1.004511,-0.171665,0.202677,0.637331,0.058750,0.186799,0.625218,-0.149954,0.194589,0.917759,0.081658,0.016007,0.898941,-0.216905,0.047030,0.626231,0.099782,0.048293,0.620067,-0.201880,0.015971
0.838902,-0.056395,0.196563,1.034601,0.037108,0.196876,1.022465,-0.171550,0.205783,0.655339,0.058761,0.187344,0.643202,-0.149897,0.196250,0.919358,0.081657,0.015981,0.943855,-0.219215,0.049549,0.660839,0.098140,0.049859,0.621301,-0.201888,0.015932
0.856980,-0.056900,0.198589,1.052658,0.036645,0.199470,1.040528,-0.171992,0.208851,0.673433,0.058192,0.188328,0.661303,-0.150445,0.197709,0.920996,0.081614,0.015778,0.991978,-0.221894,0.049777,0.701561,0.095756,0.046569,0.622422,-0.201935,0.015810
0.875323,-0.058172,0.200366,1.070960,0.035445,0.202177,1.058870,-0.173208,0.211250,0.691777,0.056864,0.189481,0.679687,-0.151789,0.198555,0.922666,0.081507,0.015919,1.038597,-0.224738,0.047170,0.751911,0.092489,0.040933,0.623461,-0.202048,0.015788
0.893837,-0.060061,0.200212,1.089509,0.033481,0.202095,1.077362,-0.175205,0.210292,0.710312,0.055084,0.190132,0.698165,-0.153602,0.198329,0.924334,0.081349,0.016009,1.072540,-0.227417,0.033846,0.806945,0.089084,0.038968,0.624866,-0.202067,0.015777
0.912444,-0.062201,0.196483,1.108149,0.031291,0.197004,1.096027,-0.177432,0.204248,0.728862,0.053031,0.188717,0.716740,-0.155692,0.195961,0.947150,0.079994,0.018323,1.074617,-0.228273,0.016094,0.849604,0.086245,0.035229,0.632920,-0.202632,0.015757
0.930926,-0.063290,0.191699,1.126410,0.030663,0.191494,1.114799,-0.178069,0.199292,0.747053,0.051490,0.184106,0.735442,-0.157242,0.191904,0.981821,0.078067,0.025798,1.075939,-0.228305,0.016054,0.867960,0.084023,0.015683,0.646640,-0.204438,0.015705
0.948878,-0.064701,0.188690,1.144413,0.029145,0.189195,1.132672,-0.179603,0.196340,0.765084,0.050201,0.181040,0.753344,-0.158547,0.188184,1.025212,0.075913,0.028957,1.077303,-0.228214,0.015868,0.869889,0.084201,0.015857,0.668472,-0.205225,0.015724
0.966459,-0.067209,0.187911,1.162081,0.026446,0.189285,1.150142,-0.182342,0.194706,0.782776,0.047924,0.181116,0.770837,-0.160865,0.186538,1.065227,0.073560,0.036628,1.078792,-0.228448,0.015797,0.871648,0.084093,0.015954,0.699184,-0.206716,0.016764
0.984044,-0.070194,0.188204,1.179751,0.023244,0.191239,1.167591,-0.185578,0.194403,0.800498,0.045190,0.182005,0.788337,-0.163633,0.185168,1.097490,0.071357,0.045365,1.080303,-0.228732,0.015876,0.873370,0.083958,0.015647,0.733241,-0.208433,0.021708
1.001706,-0.073103,0.188930,1.197436,0.020214,0.193738,1.185177,-0.188624,0.194791,0.818235,0.042418,0.183068,0.805977,-0.166419,0.184122,1.125195,0.069269,0.052257,1.081819,-0.228989,0.015948,0.875027,0.083770,0.015822,0.764392,-0.210292,0.028658
1.019367,-0.075684,0.190188,1.215091,0.017548,0.196614,1.202788,-0.191289,0.195952,0.835946,0.039922,0.184424,0.823644,-0.168915,0.183762,1.155674,0.067022,0.056168,1.083370,-0.229212,0.015893,0.876575,0.083591,0.015997,0.792246,-0.212126,0.036041
1.037070,-0.077892,0.191864,1.232778,0.015268,0.199665,1.220449,-0.193560,0.197734,0.853692,0.037775,0.185994,0.841363,-0.171052,0.184063,1.191964,0.064516,0.058190,1.084950,-0.229410,0.015882,0.878029,0.083441,0.015941,0.820660,-0.214049,0.042159
1.054906,-0.079645,0.193491,1.250598,0.013467,0.202190,1.238255,-0.195351,0.199518,0.871557,0.036061,0.187464,0.859213,-0.172757,0.184792,1.232111,0.061924,0.059157,1.086563,-0.229569,0.016014,0.879498,0.083321,0.015885,0.853993,-0.216176,0.043699
1.073033,-0.080746,0.194541,1.268724,0.012346,0.203503,1.256362,-0.196471,0.200811,0.889704,0.034979,0.188271,0.877343,-0.173838,0.185579,1.270877,0.059668,0.054868,1.088204,-0.229667,0.015970,0.880927,0.083256,0.015818,0.895059,-0.218534,0.039329
1.091758,-0.081028,0.194488,1.287493,0.012051,0.202553,1.275075,-0.196772,0.200756,0.908441,0.034716,0.188220,0.896022,-0.174107,0.186423,1.302552,0.058078,0.040915,1.089898,-0.229700,0.015758,0.882328,0.083285,0.015841,0.941023,-0.221014,0.035201
1.111155,-0.080730,0.192728,1.306978,0.012396,0.197404,1.294549,-0.196434,0.197247,0.927761,0.034973,0.188209,0.915331,-0.173857,0.188052,1.312535,0.057732,0.015799,1.091623,-0.229751,0.015881,0.883695,0.083256,0.015881,0.984433,-0.223383,0.031931
1.130190,-0.081221,0.190524,1.326256,0.011485,0.192793,1.313375,-0.197318,0.192942,0.947005,0.034877,0.188105,0.934124,-0.173926,0.188254,1.313709,0.057669,0.016058,1.111060,-0.230500,0.015863,0.886165,0.084044,0.015869,1.013333,-0.224469,0.019430
1.148540,-0.081968,0.189527,1.344642,0.010677,0.190835,1.331696,-0.198121,0.191323,0.965383,0.034185,0.187732,0.952437,-0.174614,0.188220,1.315185,0.057632,0.015988,1.138944,-0.232118,0.015883,0.897840,0.083508,0.015853,1.015012,-0.224434,0.015662
1.166612,-0.081978,0.190341,1.362691,0.010726,0.190284,1.349808,-0.198070,0.192009,0.983415,0.034114,0.188673,0.970532,-0.174682,0.190397,1.316764,0.057657,0.015908,1.163048,-0.233472,0.024022,0.920658,0.082138,0.020843,1.016632,-0.224506,0.015809
1.184606,-0.081604,0.192048,1.380655,0.011159,0.191220,1.367840,-0.197622,0.194568,1.001371,0.034414,0.189528,0.988556,-0.174367,0.192876,1.318423,0.057707,0.015814,1.196881,-0.235238,0.034376,0.950882,0.080520,0.031492,1.018117,-0.224559,0.015974
1.202536,-0.080975,0.194200,1.398582,0.011793,0.193125,1.385768,-0.196950,0.198315,1.019304,0.035001,0.190085,1.006489,-0.173742,0.195275,1.320050,0.057756,0.015847,1.241874,-0.237630,0.038871,0.983689,0.079056,0.042071,1.019430,-0.224546,0.015897
1.220516,-0.080614,0.195972,1.416574,0.012129,0.194868,1.403722,-0.196567,0.201596,1.037310,0.035339,0.190348,1.024458,-0.173357,0.197076,1.321628,0.057768,0.015982,1.286230,-0.239947,0.044806,1.017315,0.077588,0.049462,1.020772,-0.224529,0.015969
1.238557,-0.080591,0.197709,1.434618,0.012148,0.196797,1.421740,-0.196507,0.204665,1.055373,0.035325,0.190753,1.042496,-0.173330,0.198621,1.323225,0.057774,0.015995,1.332045,-0.242447,0.048028,1.052599,0.075839,0.052166,1.022021,-0.224523,0.015948
1.256670,-0.081074,0.199477,1.452722,0.011687,0.199100,1.439836,-0.196945,0.207561,1.073504,0.034797,0.191392,1.060618,-0.173834,0.199854,1.324851,0.057725,0.015806,1.381090,-0.245330,0.048769,1.092472,0.073461,0.049891,1.023158,-0.224558,0.015833
1.274987,-0.082264,0.200981,1.471011,0.010555,0.201543,1.458148,-0.198083,0.209879,1.091826,0.033555,0.192084,1.078963,-0.175083,0.200419,1.326524,0.057619,0.015913,1.429949,-0.248407,0.047442,1.141557,0.070133,0.043702,1.024222,-0.224658,0.015766
1.293486,-0.084154,0.201029,1.489525,0.008628,0.202100,1.476620,-0.200037,0.209638,1.110351,0.031729,0.192420,1.097446,-0.176936,0.199959,1.328211,0.057449,0.016012,1.469202,-0.251360,0.037603,1.197920,0.066376,0.040075,1.025440,-0.224701,0.015842
1.312119,-0.086498,0.197573,1.508219,0.006162,0.197671,1.495247,-0.202550,0.203651,1.128990,0.029554,0.191495,1.116018,-0.179158,0.197475,1.347592,0.056495,0.015985,1.476195,-0.252297,0.016085,1.245705,0.063449,0.037699,1.032191,-0.224711,0.015771
1.330521,-0.087999,0.192617,1.526478,0.004956,0.191507,1.513858,-0.203776,0.197524,1.147183,0.027778,0.187711,1.134563,-0.180955,0.193728,1.381744,0.054358,0.021516,1.477419,-0.252356,0.016045,1.270244,0.061063,0.020263,1.045562,-0.226256,0.015735
1.348516,-0.089149,0.189092,1.544533,0.003674,0.187433,1.531790,-0.205054,0.193369,1.165243,0.026755,0.184815,1.152500,-0.181973,0.190750,1.419408,0.052342,0.028365,1.478808,-0.252418,0.015909,1.271918,0.060991,0.015854,1.063430,-0.227065,0.015728
1.366036,-0.091352,0.188361,1.562098,0.001380,0.187036,1.549255,-0.207373,0.191714,1.182817,0.024668,0.185009,1.169975,-0.184085,0.189687,1.462245,0.049683,0.035842,1.480316,-0.252621,0.015771,1.273604,0.060842,0.015964,1.091473,-0.228681,0.016610
1.383615,-0.094107,0.188774,1.579747,-0.001514,0.189043,1.566736,-0.210290,0.191826,1.200495,0.022077,0.185721,1.187484,-0.186700,0.188504,1.496721,0.047286,0.045242,1.481858,-0.252888,0.015873,1.275297,0.060691,0.015694,1.125726,-0.230616,0.021703
1.401314,-0.096964,0.189464,1.597478,-0.004463,0.191549,1.584372,-0.213250,0.192370,1.218256,0.019323,0.186559,1.205150,-0.189465,0.187380,1.524589,0.045107,0.052929,1.483386,-0.253145,0.015913,1.276940,0.060507,0.015776,1.158609,-0.232706,0.028927
1.419064,-0.099590,0.190486,1.615231,-0.007149,0.194236,1.602085,-0.215934,0.193384,1.236042,0.016753,0.187588,1.222896,-0.192031,0.186737,1.553350,0.042845,0.057424,1.484942,-0.253375,0.015928,1.278495,0.060320,0.015994,1.188029,-0.234763,0.036196
1.436894,-0.101881,0.191899,1.633056,-0.009500,0.197141,1.619881,-0.218274,0.195015,1.253908,0.014512,0.188782,1.240733,-0.194262,0.186656,1.587887,0.040294,0.059593,1.486532,-0.253577,0.015846,1.279953,0.060171,0.015967,1.217012,-0.236841,0.042610
1.454864,-0.103760,0.193336,1.651018,-0.011432,0.199672,1.637818,-0.220195,0.196754,1.271909,0.012675,0.189919,1.258709,-0.196088,0.187001,1.626794,0.037594,0.060274,1.488155,-0.253750,0.015972,1.281433,0.060051,0.015882,1.249708,-0.239081,0.045190
1.473080,-0.105034,0.194299,1.669231,-0.012735,0.201142,1.656010,-0.221494,0.198105,1.290149,0.011427,0.190493,1.276929,-0.197333,0.187456,1.665808,0.035136,0.056267,1.489812,-0.253866,0.015985,1.282875,0.059974,0.015832,1.289438,-0.241548,0.041509
1.491796,-0.105484,0.194271,1.687978,-0.013214,0.200602,1.674698,-0.221980,0.198370,1.308895,0.011012,0.190172,1.295615,-0.197754,0.187940,1.699683,0.033266,0.043449,1.491503,-0.253919,0.015803,1.284289,0.059985,0.015817,1.334908,-0.244182,0.036718
1.511218,-0.105230,0.192699,1.707477,-0.012981,0.196378,1.694123,-0.221754,0.195774,1.328314,0.011293,0.189624,1.314959,-0.197480,0.189020,1.717005,0.032477,0.015162,1.493266,-0.253928,0.015878,1.285621,0.060070,0.015907,1.379624,-0.246709,0.033386
1.530364,-0.105635,0.190459,1.726791,-0.013681,0.191908,1.713113,-0.222434,0.191903,1.347615,0.011164,0.189014,1.333937,-0.197588,0.189009,1.718178,0.032435,0.016008,1.504360,-0.254298,0.015918,1.287871,0.060631,0.015912,1.413745,-0.248361,0.024581
1.548649,-0.106897,0.189182,1.745152,-0.015104,0.190505,1.731305,-0.223845,0.190251,1.365992,0.010050,0.188113,1.352146,-0.198691,0.187859,1.719682,0.032348,0.015989,1.531147,-0.255906,0.015931,1.296136,0.060443,0.015843,1.424315,-0.248819,0.015748
1.566538,-0.107214,0.189523,1.763076,-0.015488,0.190182,1.749153,-0.224224,0.190849,1.383923,0.009796,0.188198,1.370000,-0.198940,0.188865,1.721235,0.032297,0.015900,1.564689,-0.258024,0.017745,1.318804,0.059147,0.018131,1.425856,-0.248770,0.015728
1.584425,-0.106905,0.190625,1.780973,-0.015199,0.190631,1.767026,-0.223921,0.192949,1.401824,0.010111,0.188300,1.387877,-0.198611,0.190619,1.722845,0.032297,0.015759,1.600305,-0.260179,0.026847,1.350739,0.057288,0.027093,1.427364,-0.248744,0.015934
1.602386,-0.106373,0.192010,1.798928,-0.014656,0.191704,1.784985,-0.223348,0.195905,1.419786,0.010603,0.188115,1.405843,-0.198090,0.192317,1.724468,0.032339,0.015846,1.638208,-0.262319,0.036155,1.384344,0.055486,0.036870,1.428797,-0.248735,0.015949
1.620339,-0.105865,0.193592,1.816881,-0.014146,0.193188,1.802925,-0.222793,0.199219,1.437754,0.011062,0.187964,1.423798,-0.197585,0.193995,1.726061,0.032375,0.015937,1.682587,-0.264855,0.042151,1.417160,0.053884,0.045235,1.430144,-0.248726,0.015951
1.638367,-0.105732,0.195233,1.834915,-0.014026,0.194876,1.820924,-0.222626,0.202296,1.455810,0.011162,0.188169,1.441819,-0.197438,0.195589,1.727644,0.032387,0.016007,1.726020,-0.267366,0.046969,1.450588,0.052173,0.049835,1.431477,-0.248714,0.015961
1.656456,-0.106071,0.197120,1.852999,-0.014355,0.197106,1.838991,-0.222921,0.205384,1.473921,0.010778,0.188857,1.459913,-0.197788,0.197134,1.729270,0.032350,0.015837,1.772641,-0.270271,0.048706,1.487689,0.049911,0.049508,1.432697,-0.248741,0.015897
1.674696,-0.107067,0.198993,1.871212,-0.015296,0.199734,1.857225,-0.223858,0.208165,1.492167,0.009724,0.189821,1.478179,-0.198838,0.198251,1.730927,0.032270,0.015885,1.820790,-0.273468,0.048230,1.532673,0.046725,0.044576,1.433802,-0.248827,0.015759
1.693209,-0.108828,0.200101,1.889695,-0.017003,0.201621,1.875747,-0.225590,0.209451,1.510670,0.007935,0.190750,1.496722,-0.200652,0.198580,1.732607,0.032118,0.016012,1.863724,-0.276655,0.042014,1.586779,0.042767,0.039922,1.434877,-0.248961,0.015812
1.711845,-0.111015,0.198178,1.908295,-0.019107,0.199343,1.894488,-0.227760,0.205502,1.529203,0.005729,0.190853,1.515395,-0.202924,0.197012,1.740982,0.032122,0.015976,1.884606,-0.278167,0.019459,1.638605,0.039573,0.038912,1.438770,-0.248773,0.015757
1.730529,-0.112516,0.193657,1.926693,-0.019991,0.193783,1.913569,-0.228678,0.200270,1.547488,0.003645,0.187044,1.534365,-0.205042,0.193532,1.769598,0.030073,0.020842,1.885967,-0.278230,0.016070,1.672726,0.036509,0.031925,1.447207,-0.250650,0.015746
1.748863,-0.113050,0.189472,1.944751,-0.019942,0.189880,1.932215,-0.228623,0.197613,1.565512,0.002522,0.181331,1.552976,-0.206158,0.189064,1.809828,0.027664,0.026288,1.887445,-0.278228,0.015958,1.686327,0.034695,0.015821,1.462106,-0.252688,0.015681
1.766489,-0.114624,0.187442,1.962417,-0.021608,0.188680,1.949761,-0.230301,0.195877,1.583217,0.001053,0.179007,1.570561,-0.207640,0.186204,1.856934,0.024937,0.031764,1.888926,-0.278383,0.015810,1.688040,0.034631,0.015862,1.488553,-0.254106,0.015733
1.783930,-0.117311,0.187253,1.979982,-0.024583,0.189724,1.967026,-0.233315,0.195014,1.600834,-0.001308,0.179492,1.587877,-0.210040,0.184781,1.893364,0.022569,0.040716,1.890410,-0.278652,0.015831,1.689840,0.034575,0.015946,1.521873,-0.255709,0.018469
1.801456,-0.120401,0.187834,1.997581,-0.027888,0.192014,1.984420,-0.236652,0.195010,1.618493,-0.004151,0.180657,1.605332,-0.212915,0.183653,1.921731,0.020383,0.048727,1.891905,-0.278935,0.015865,1.691554,0.034420,0.015637,1.555244,-0.257599,0.023588
1.819057,-0.123344,0.188861,2.015189,-0.030941,0.194784,2.001953,-0.239720,0.195728,1.636162,-0.006969,0.181995,1.622925,-0.215747,0.182939,1.948308,0.018204,0.053899,1.893411,-0.279193,0.015955,1.693192,0.034206,0.015831,1.584392,-0.259539,0.029731
1.836645,-0.125957,0.190410,2.032766,-0.033642,0.197876,2.019490,-0.242419,0.197166,1.653800,-0.009496,0.183653,1.640525,-0.218273,0.182943,1.979579,0.015762,0.056677,1.894957,-0.279425,0.015851,1.694731,0.034014,0.015995,1.610825,-0.261429,0.036641
1.854271,-0.128183,0.192256,2.050384,-0.035957,0.200938,2.037065,-0.244724,0.199019,1.671477,-0.011642,0.185494,1.658158,-0.220409,0.183575,2.016587,0.013055,0.058136,1.896535,-0.279621,0.015937,1.696167,0.033885,0.015940,1.638976,-0.263429,0.041994
1.872021,-0.129925,0.193912,2.068131,-0.037763,0.203297,2.054777,-0.246521,0.200734,1.689264,-0.013329,0.187090,1.675910,-0.222086,0.184527,2.056718,0.010293,0.058320,1.898140,-0.279779,0.016021,1.697626,0.033785,0.015892,1.672992,-0.265701,0.042379
1.890114,-0.130976,0.194824,2.086244,-0.038856,0.204201,2.072840,-0.247612,0.201766,1.707387,-0.014339,0.187882,1.693983,-0.223095,0.185447,2.094439,0.007931,0.052676,1.899772,-0.279879,0.015924,1.699058,0.033749,0.015816,1.714960,-0.268267,0.037809
1.908878,-0.131220,0.194471,2.105084,-0.039135,0.202537,2.091590,-0.247895,0.201146,1.726167,-0.014545,0.187796,1.712673,-0.223304,0.186405,2.123488,0.006326,0.036596,1.901481,-0.279918,0.015787,1.700466,0.033808,0.015837,1.761153,-0.270970,0.034189
1.928188,-0.131075,0.192336,2.124518,-0.039001,0.196608,2.110961,-0.247761,0.196769,1.745416,-0.014388,0.187904,1.731859,-0.223149,0.188064,2.128680,0.006135,0.015869,1.903279,-0.279959,0.015915,1.701767,0.033860,0.015921,1.803166,-0.273446,0.030891
1.946953,-0.131977,0.190330,2.143535,-0.040377,0.192801,2.129480,-0.249104,0.192857,1.764426,-0.014850,0.187804,1.750371,-0.223577,0.187860,2.129963,0.006042,0.016056,1.923528,-0.280836,0.015846,1.704356,0.034702,0.015859,1.828300,-0.274424,0.016079
1.965114,-0.132687,0.189844,2.161616,-0.040900,0.191634,2.147753,-0.249639,0.192347,1.782475,-0.015734,0.187341,1.768611,-0.224473,0.188053,2.131467,0.006053,0.016007,1.956343,-0.283080,0.015760,1.718989,0.033447,0.015878,1.830089,-0.274695,0.015673
1.983145,-0.132463,0.190839,2.179603,-0.040567,0.191434,2.165851,-0.249302,0.193748,1.800439,-0.015625,0.187930,1.786687,-0.224360,0.190245,2.133045,0.006105,0.015877,1.986148,-0.284901,0.023504,1.744212,0.031789,0.021856,1.831703,-0.274811,0.015816
