-0.012071,0.014473,0.352557,0.180010,0.115154,0.349447,0.175765,-0.093958,0.353807,-0.199907,0.122904,0.351307,-0.204151,-0.086208,0.355667,0.175832,0.157121,0.177440,0.159378,-0.143011,0.165963,-0.206573,0.164876,0.177133,-0.202130,-0.135425,0.177885
-0.016948,0.021706,0.347165,0.175544,0.121567,0.343220,0.170446,-0.087448,0.350384,-0.204341,0.130859,0.343946,-0.209440,-0.078156,0.351110,0.134044,0.162150,0.170486,0.144726,-0.138266,0.176627,-0.208046,0.170579,0.172966,-0.233032,-0.129557,0.161879
-0.021524,0.028656,0.339301,0.170978,0.128536,0.336480,0.165858,-0.080486,0.343430,-0.208907,0.137798,0.335173,-0.214027,-0.071224,0.342123,0.118014,0.169753,0.168998,0.119401,-0.130663,0.168212,-0.217579,0.177423,0.152451,-0.272533,-0.121871,0.143877
-0.026803,0.035515,0.328515,0.165692,0.135448,0.328032,0.160563,-0.073615,0.333590,-0.214169,0.144645,0.323439,-0.219298,-0.064419,0.328997,0.116925,0.177698,0.161528,0.099477,-0.122515,0.148568,-0.224713,0.185028,0.122021,-0.304489,-0.113491,0.115254
-0.033383,0.042351,0.314152,0.159330,0.141836,0.316475,0.153680,-0.067258,0.320021,-0.220447,0.151959,0.308283,-0.226097,-0.057134,0.311830,0.126205,0.185346,0.147968,0.085049,-0.114254,0.120885,-0.230434,0.194022,0.091292,-0.319450,-0.103999,0.081058
-0.041089,0.049103,0.295759,0.152184,0.147391,0.300854,0.145254,-0.061689,0.302289,-0.227432,0.159895,0.289230,-0.234362,-0.049185,0.290664,0.140936,0.192083,0.132177,0.072837,-0.106243,0.086838,-0.240266,0.204251,0.063956,-0.320225,-0.093467,0.049947
-0.049227,0.055786,0.273181,0.144782,0.152418,0.281187,0.136145,-0.056600,0.280081,-0.234599,0.168173,0.266281,-0.243235,-0.040846,0.265174,0.153067,0.198467,0.110805,0.061530,-0.097789,0.050002,-0.252279,0.215620,0.034360,-0.315757,-0.082048,0.021291
-0.056917,0.062576,0.248026,0.137097,0.159389,0.253209,0.128559,-0.049629,0.255096,-0.242393,0.174781,0.240956,-0.250932,-0.034236,0.242843,0.157097,0.202459,0.075732,0.052779,-0.094179,0.016186,-0.255336,0.218769,0.015963,-0.314221,-0.079189,0.015825
-0.058728,0.069672,0.227647,0.135351,0.166483,0.226206,0.126847,-0.042374,0.234638,-0.244303,0.181717,0.220655,-0.252807,-0.027140,0.229088,0.126059,0.203843,0.014630,0.051696,-0.093669,0.015940,-0.254057,0.219376,0.016006,-0.313546,-0.078795,0.015990
-0.054855,0.076027,0.215639,0.139245,0.172684,0.210755,0.130701,-0.035771,0.226189,-0.240411,0.187825,0.205089,-0.248955,-0.020630,0.220523,0.125467,0.204441,0.015999,0.051130,-0.093699,0.015811,-0.252742,0.219933,0.015863,-0.313160,-0.078750,0.016047
-0.046129,0.079323,0.211702,0.147929,0.176048,0.206537,0.139419,-0.032070,0.226002,-0.231678,0.190716,0.197402,-0.240188,-0.017403,0.216867,0.125876,0.204824,0.016093,0.051447,-0.093795,0.016063,-0.251622,0.220230,0.015779,-0.312783,-0.078913,0.015942
-0.034220,0.080544,0.211109,0.159799,0.177328,0.205596,0.151353,-0.030623,0.226794,-0.219792,0.191710,0.195425,-0.228239,-0.016241,0.216623,0.126823,0.205071,0.016077,0.052404,-0.093806,0.016096,-0.250670,0.220370,0.015739,-0.309900,-0.079123,0.015763
-0.021368,0.080818,0.210736,0.172640,0.177601,0.204816,0.164218,-0.030267,0.226836,-0.206954,0.191903,0.194636,-0.215376,-0.015964,0.216656,0.127874,0.205152,0.015991,0.053499,-0.093851,0.016056,-0.249752,0.220414,0.015619,-0.297912,-0.079660,0.015610
-0.008488,0.080582,0.209415,0.185533,0.177325,0.203266,0.177085,-0.030492,0.225741,-0.194060,0.191656,0.193088,-0.202508,-0.016162,0.215563,0.128934,0.205106,0.015820,0.054573,-0.093954,0.015944,-0.248849,0.220435,0.015554,-0.283602,-0.080255,0.015492
0.004199,0.080078,0.207066,0.198203,0.176832,0.200548,0.189804,-0.030963,0.223254,-0.181406,0.191119,0.190879,-0.189805,-0.016675,0.213585,0.129958,0.205142,0.015633,0.060392,-0.094149,0.015887,-0.242895,0.220206,0.015576,-0.281818,-0.080343,0.015644
0.016973,0.079712,0.205441,0.210994,0.176408,0.198595,0.202564,-0.031346,0.221662,-0.168619,0.190769,0.189221,-0.177049,-0.016984,0.212287,0.131005,0.205139,0.015925,0.083146,-0.094912,0.017703,-0.223788,0.220111,0.021126,-0.281308,-0.080362,0.015564
0.030263,0.079201,0.205817,0.224280,0.175945,0.199561,0.215831,-0.031809,0.222620,-0.155306,0.190210,0.189014,-0.163754,-0.017543,0.212073,0.132151,0.205090,0.016054,0.121823,-0.096311,0.019373,-0.191027,0.219368,0.026284,-0.280952,-0.080357,0.015546
0.043744,0.078033,0.207213,0.237726,0.174927,0.202317,0.229297,-0.032912,0.224604,-0.141809,0.188979,0.189821,-0.150238,-0.018860,0.212108,0.133329,0.204939,0.016092,0.166420,-0.097787,0.022451,-0.148687,0.217443,0.026042,-0.280590,-0.080392,0.015604
0.057336,0.075745,0.208652,0.251313,0.172741,0.206235,0.242788,-0.035306,0.226442,-0.128116,0.186795,0.190862,-0.136641,-0.021252,0.211069,0.134596,0.204748,0.015994,0.211640,-0.098960,0.028470,-0.098082,0.214799,0.021312,-0.279306,-0.080091,0.015623
0.071087,0.072464,0.209175,0.265503,0.168605,0.209698,0.255906,-0.039685,0.226657,-0.113732,0.184613,0.191694,-0.123330,-0.023677,0.208652,0.135970,0.204438,0.015837,0.245241,-0.100795,0.030718,-0.042059,0.212923,0.019289,-0.273037,-0.078143,0.015632
0.084800,0.068909,0.206772,0.280067,0.163308,0.207398,0.268707,-0.045093,0.221698,-0.099108,0.182910,0.191846,-0.110468,-0.025491,0.206146,0.138491,0.203513,0.015952,0.252295,-0.103840,0.017416,0.007873,0.211082,0.022499,-0.256681,-0.076215,0.015678
0.098391,0.066353,0.201751,0.294132,0.159768,0.201446,0.281856,-0.048718,0.213592,-0.085075,0.181424,0.189910,-0.097351,-0.027062,0.202057,0.156859,0.203199,0.025389,0.252878,-0.104125,0.016079,0.034976,0.210073,0.020191,-0.228124,-0.075824,0.015712
0.111555,0.064133,0.197668,0.307481,0.157153,0.196445,0.294872,-0.051393,0.207150,-0.071762,0.179658,0.188187,-0.084371,-0.028887,0.198891,0.178518,0.202174,0.033410,0.253637,-0.104305,0.015980,0.038470,0.209745,0.015944,-0.197007,-0.077074,0.015683
0.124289,0.061249,0.195209,0.320330,0.154025,0.194005,0.307496,-0.054606,0.202559,-0.058918,0.177104,0.187859,-0.071753,-0.031527,0.196414,0.209223,0.199977,0.036520,0.254500,-0.104574,0.015879,0.039719,0.209563,0.016004,-0.162483,-0.078928,0.015729
0.137160,0.058029,0.193043,0.333289,0.150630,0.193029,0.320258,-0.058079,0.198990,-0.045937,0.174137,0.187097,-0.058968,-0.034571,0.193058,0.232976,0.198072,0.039759,0.255465,-0.104825,0.015735,0.040987,0.209379,0.015950,-0.127813,-0.080890,0.015882
0.150130,0.054703,0.190895,0.346293,0.147216,0.192555,0.333168,-0.061546,0.195844,-0.032908,0.170951,0.185945,-0.046032,-0.037811,0.189235,0.252702,0.196276,0.042212,0.256480,-0.105106,0.015845,0.042199,0.209092,0.015708,-0.097515,-0.082826,0.017518
0.163125,0.051620,0.189025,0.359298,0.144061,0.192478,0.346121,-0.064722,0.193295,-0.019871,0.167962,0.184755,-0.033048,-0.040820,0.185573,0.271673,0.194554,0.044853,0.257546,-0.105367,0.015917,0.043434,0.208846,0.015727,-0.072807,-0.084497,0.020907
0.176057,0.049026,0.187655,0.372220,0.141419,0.192650,0.359033,-0.067362,0.191477,-0.006920,0.165415,0.183834,-0.020106,-0.043366,0.182661,0.291334,0.192879,0.048391,0.258631,-0.105575,0.015880,0.044633,0.208643,0.015913,-0.052585,-0.085981,0.026829
0.188905,0.046936,0.186952,0.385064,0.139259,0.193233,0.371849,-0.069507,0.190616,0.005960,0.163379,0.183288,-0.007254,-0.045386,0.180670,0.314217,0.191060,0.051859,0.259733,-0.105765,0.015904,0.045787,0.208500,0.016010,-0.033928,-0.087411,0.034599
0.201740,0.045288,0.186898,0.397886,0.137552,0.194348,0.384653,-0.071199,0.190781,0.018828,0.161775,0.183016,0.005595,-0.046976,0.179449,0.343126,0.188965,0.054271,0.260864,-0.105910,0.015825,0.046897,0.208398,0.015962,-0.013374,-0.088977,0.042269
0.214690,0.043953,0.187119,0.410800,0.136217,0.195449,0.397601,-0.072525,0.191325,0.031780,0.160431,0.182913,0.018580,-0.048311,0.178789,0.376690,0.186681,0.055869,0.262023,-0.106036,0.015892,0.048023,0.208255,0.015860,0.011658,-0.090811,0.046595
0.227895,0.043121,0.187178,0.424003,0.135348,0.195958,0.410772,-0.073392,0.191836,0.045018,0.159635,0.182521,0.031787,-0.049106,0.178399,0.410281,0.184569,0.054091,0.263203,-0.106116,0.015958,0.049182,0.208212,0.015849,0.042608,-0.092712,0.045234
0.241532,0.043091,0.186718,0.437647,0.135329,0.195225,0.424391,-0.073426,0.191990,0.058674,0.159607,0.181447,0.045418,-0.049147,0.178211,0.439307,0.183107,0.044500,0.264438,-0.106088,0.016023,0.050388,0.208248,0.015796,0.079314,-0.094717,0.040821
0.255807,0.043877,0.185471,0.451969,0.136155,0.192276,0.438672,-0.072618,0.190995,0.072942,0.160371,0.179947,0.059645,-0.048402,0.178666,0.458262,0.182338,0.022613,0.265683,-0.106069,0.015930,0.051625,0.208279,0.015861,0.118494,-0.096831,0.038193
0.270235,0.044464,0.184448,0.466440,0.136773,0.189317,0.453124,-0.072002,0.189764,0.087346,0.160930,0.179132,0.074030,-0.047845,0.179579,0.459694,0.182374,0.015910,0.267008,-0.106047,0.015797,0.052751,0.208330,0.015902,0.154694,-0.098841,0.035606
0.283943,0.043587,0.184385,0.480185,0.135849,0.188636,0.466823,-0.072923,0.189024,0.101063,0.160096,0.179746,0.087702,-0.048676,0.180133,0.460781,0.182314,0.015958,0.278744,-0.106751,0.015705,0.053746,0.208364,0.015909,0.179267,-0.100372,0.022151
0.296892,0.042694,0.184406,0.493204,0.134853,0.187480,0.479740,-0.073913,0.187654,0.114044,0.159301,0.181159,0.100580,-0.049465,0.181333,0.461886,0.182275,0.015917,0.300834,-0.108062,0.016447,0.062193,0.208052,0.015877,0.181333,-0.100355,0.015857
0.309621,0.042366,0.184579,0.505889,0.134647,0.186620,0.492549,-0.074126,0.187400,0.126692,0.158858,0.181758,0.113353,-0.049915,0.182538,0.462990,0.182294,0.015956,0.323263,-0.109460,0.024691,0.081561,0.206680,0.019772,0.182591,-0.100505,0.015663
0.322443,0.042793,0.185354,0.518707,0.135093,0.186944,0.505372,-0.073670,0.189149,0.139514,0.159257,0.181558,0.126179,-0.049506,0.183764,0.464171,0.182314,0.015818,0.356176,-0.111389,0.027924,0.106025,0.205284,0.024689,0.183757,-0.100504,0.015733
0.335352,0.043541,0.185930,0.531602,0.135875,0.187138,0.518285,-0.072863,0.191114,0.152419,0.159945,0.180747,0.139102,-0.048793,0.184723,0.465348,0.182388,0.015771,0.389998,-0.113239,0.033072,0.131118,0.204001,0.030947,0.184896,-0.100481,0.015881
0.348315,0.044281,0.186417,0.544560,0.136631,0.187151,0.531243,-0.072066,0.192892,0.165387,0.160628,0.179942,0.152070,-0.048069,0.185684,0.466512,0.182458,0.015834,0.419833,-0.114732,0.039661,0.154635,0.202948,0.037221,0.185988,-0.100463,0.015925
0.361297,0.044754,0.187042,0.557566,0.137055,0.187298,0.544188,-0.071593,0.194485,0.178406,0.161101,0.179599,0.165027,-0.047547,0.186786,0.467669,0.182486,0.015918,0.446712,-0.116001,0.046789,0.177222,0.202033,0.042739,0.187034,-0.100414,0.015904
0.374321,0.044777,0.188131,0.570589,0.137080,0.188227,0.557202,-0.071533,0.196359,0.191440,0.161086,0.179903,0.178053,-0.047526,0.188036,0.468802,0.182477,0.016010,0.473645,-0.117364,0.052315,0.200845,0.200850,0.046226,0.188036,-0.100453,0.015955
0.387449,0.044327,0.189805,0.583700,0.136666,0.190249,0.570328,-0.071934,0.198746,0.204570,0.160587,0.180865,0.191198,-0.048012,0.189361,0.469982,0.182439,0.015986,0.504091,-0.119137,0.054658,0.227466,0.199252,0.047092,0.189065,-0.100518,0.015978
0.400769,0.043320,0.191773,0.596988,0.135719,0.193031,0.583651,-0.072893,0.201264,0.217887,0.159532,0.182282,0.204550,-0.049080,0.190515,0.471208,0.182345,0.015822,0.536770,-0.121292,0.053840,0.258960,0.197088,0.045553,0.190063,-0.100622,0.015934
0.414411,0.041634,0.193580,0.610574,0.134128,0.195978,0.597317,-0.074525,0.203247,0.231504,0.157792,0.183912,0.218247,-0.050860,0.191182,0.472450,0.182197,0.015863,0.568907,-0.123649,0.049407,0.296859,0.194295,0.042865,0.191031,-0.100810,0.015842
0.428477,0.039330,0.194550,0.624611,0.131863,0.197785,0.611413,-0.076843,0.203474,0.245541,0.155502,0.185627,0.232344,-0.053204,0.191315,0.473746,0.182005,0.015957,0.595093,-0.125897,0.037314,0.339021,0.191223,0.041598,0.192021,-0.100996,0.015790
0.442913,0.036568,0.193318,0.639035,0.129157,0.195426,0.625978,-0.079604,0.199019,0.259848,0.152739,0.187617,0.246791,-0.056022,0.191210,0.475535,0.181840,0.015960,0.601547,-0.126773,0.015942,0.372876,0.188639,0.037944,0.193003,-0.101222,0.015851
0.456909,0.034737,0.190486,0.652753,0.127935,0.191060,0.640379,-0.080876,0.194196,0.273439,0.150349,0.186776,0.261065,-0.058461,0.189911,0.499985,0.179900,0.016360,0.602448,-0.126837,0.016064,0.391235,0.186472,0.024857,0.198751,-0.102917,0.015824
0.470654,0.034180,0.187010,0.666350,0.127690,0.187385,0.654307,-0.081130,0.191072,0.287002,0.149489,0.182948,0.274959,-0.059331,0.186635,0.530054,0.178152,0.021381,0.603540,-0.126827,0.015916,0.396576,0.185753,0.015881,0.208308,-0.104037,0.015781
0.483991,0.032982,0.184811,0.679668,0.126528,0.185580,0.667661,-0.082303,0.188763,0.300320,0.148267,0.180860,0.288313,-0.060564,0.184043,0.559722,0.176543,0.027344,0.604675,-0.126849,0.015780,0.397891,0.185674,0.015970,0.224125,-0.104967,0.015841
0.497063,0.030952,0.184088,0.692750,0.124463,0.185943,0.680708,-0.084383,0.187774,0.313418,0.146287,0.180403,0.301375,-0.062558,0.182234,0.590271,0.174558,0.032892,0.605833,-0.127099,0.015835,0.399116,0.185431,0.015882,0.244956,-0.106268,0.018324
0.510064,0.028687,0.184079,0.705763,0.122133,0.187389,0.693671,-0.086717,0.187486,0.326457,0.144090,0.180672,0.314366,-0.064760,0.180769,0.615592,0.172811,0.039255,0.606986,-0.127305,0.015918,0.400335,0.185262,0.015639,0.267417,-0.107642,0.023492
0.523032,0.026535,0.184430,0.718732,0.119921,0.189120,0.706610,-0.088922,0.187596,0.339454,0.141992,0.181265,0.327333,-0.066851,0.179741,0.637755,0.171197,0.045433,0.608119,-0.127480,0.015873,0.401551,0.185123,0.015760,0.288736,-0.109047,0.030264
0.535921,0.024689,0.185070,0.731601,0.118051,0.190885,0.719494,-0.090780,0.188095,0.352348,0.140157,0.182046,0.340241,-0.068674,0.179256,0.660138,0.169602,0.050401,0.609254,-0.127618,0.015905,0.402713,0.184987,0.015947,0.308683,-0.110483,0.037699
0.548773,0.023170,0.186024,0.744449,0.116474,0.192825,0.732316,-0.092342,0.189174,0.365229,0.138683,0.182874,0.353096,-0.070133,0.179223,0.687308,0.167764,0.053534,0.610395,-0.127760,0.015841,0.403832,0.184891,0.016020,0.329167,-0.111927,0.044856
0.561697,0.021927,0.186983,0.757366,0.115182,0.194611,0.745211,-0.093623,0.190439,0.378183,0.137477,0.183526,0.366028,-0.071328,0.179354,0.719308,0.165714,0.055421,0.611552,-0.127890,0.015869,0.404945,0.184803,0.015976,0.352657,-0.113492,0.049516
0.574806,0.021057,0.187564,0.770461,0.114301,0.195689,0.758307,-0.094502,0.191423,0.391306,0.136616,0.183706,0.379152,-0.072187,0.179439,0.753010,0.163719,0.055467,0.612735,-0.127979,0.015945,0.406095,0.184721,0.015865,0.380992,-0.115175,0.049488
0.588255,0.020805,0.187461,0.783922,0.114028,0.195531,0.771723,-0.094784,0.191883,0.404787,0.136395,0.183038,0.392588,-0.072417,0.179391,0.783775,0.162125,0.049301,0.613947,-0.128030,0.016028,0.407290,0.184704,0.015854,0.415314,-0.116928,0.044824
0.602262,0.021378,0.186416,0.797977,0.114586,0.193435,0.785698,-0.094243,0.191356,0.418827,0.136998,0.181476,0.406548,-0.071831,0.179397,0.807272,0.161163,0.033470,0.615178,-0.128001,0.015951,0.408539,0.184783,0.015781,0.453724,-0.118757,0.040922
0.616817,0.022522,0.184496,0.812547,0.115869,0.188685,0.800345,-0.092975,0.188885,0.433290,0.138019,0.180107,0.421088,-0.070825,0.180307,0.811547,0.161289,0.015819,0.616495,-0.127927,0.015789,0.409837,0.184759,0.015867,0.492447,-0.120658,0.038363
0.630875,0.022339,0.183307,0.826667,0.115618,0.185682,0.814388,-0.093220,0.186507,0.447361,0.137897,0.180106,0.435083,-0.070940,0.180931,0.812546,0.161306,0.015964,0.623705,-0.128212,0.015755,0.410962,0.184918,0.015928,0.522536,-0.122207,0.030161
0.644242,0.020798,0.182297,0.840060,0.114011,0.185120,0.827723,-0.094825,0.185039,0.460762,0.136420,0.179554,0.448425,-0.072415,0.179473,0.813696,0.161163,0.015907,0.644935,-0.129490,0.015826,0.415102,0.184711,0.015850,0.534892,-0.122989,0.015911
0.657254,0.019814,0.181643,0.853052,0.113053,0.184914,0.840747,-0.095784,0.184610,0.473762,0.135411,0.178676,0.461456,-0.073426,0.178373,0.814853,0.161079,0.015947,0.667028,-0.130838,0.020098,0.429567,0.183781,0.015906,0.536127,-0.123119,0.015730
0.670151,0.019974,0.182060,0.865924,0.113269,0.185225,0.853660,-0.095570,0.185956,0.486641,0.135517,0.178164,0.474378,-0.073322,0.178894,0.816035,0.161135,0.015858,0.698717,-0.132569,0.023310,0.451196,0.182576,0.020544,0.537346,-0.123119,0.015693
0.683096,0.020721,0.182873,0.878854,0.114058,0.185721,0.866604,-0.094768,0.188196,0.499588,0.136211,0.177551,0.487338,-0.072616,0.180026,0.817238,0.161190,0.015793,0.733257,-0.134376,0.027961,0.475644,0.181366,0.027344,0.538527,-0.123096,0.015792
0.696091,0.021622,0.183822,0.891846,0.114980,0.186133,0.879587,-0.093816,0.190479,0.512594,0.137059,0.177166,0.500335,-0.071736,0.181512,0.818421,0.161284,0.015829,0.764521,-0.135837,0.034896,0.499349,0.180397,0.034119,0.539651,-0.123029,0.015921
0.709104,0.022278,0.184988,0.904850,0.115666,0.186731,0.892604,-0.093091,0.192665,0.525604,0.137647,0.177310,0.513357,-0.071110,0.183245,0.819596,0.161356,0.015846,0.792024,-0.137004,0.042583,0.521831,0.179505,0.039808,0.540714,-0.123018,0.015926
0.722136,0.022530,0.186503,0.917873,0.115944,0.187894,0.905641,-0.092779,0.194932,0.538632,0.137838,0.178074,0.526400,-0.070885,0.185112,0.820746,0.161393,0.015986,0.818257,-0.138128,0.049133,0.544797,0.178499,0.043660,0.541759,-0.123044,0.015929
0.735240,0.022346,0.188517,0.930970,0.115774,0.190023,0.918733,-0.092930,0.197624,0.551747,0.137622,0.179410,0.539510,-0.071081,0.187012,0.821920,0.161388,0.016003,0.847477,-0.139579,0.052936,0.570096,0.177223,0.045373,0.542801,-0.123062,0.015969
0.748493,0.021622,0.190837,0.944189,0.115109,0.192922,0.931994,-0.093598,0.200495,0.564993,0.136841,0.181180,0.552797,-0.071866,0.188753,0.823129,0.161316,0.015854,0.879406,-0.141415,0.053514,0.599365,0.175444,0.044866,0.543788,-0.123167,0.015942
0.762013,0.020302,0.193053,0.957687,0.113810,0.196082,0.945498,-0.094921,0.202979,0.578529,0.135524,0.183128,0.566340,-0.073206,0.190025,0.824372,0.161191,0.015816,0.911897,-0.143531,0.051045,0.634595,0.173160,0.042635,0.544772,-0.123254,0.015862
0.775949,0.018333,0.194686,0.971583,0.111889,0.198697,0.959454,-0.096884,0.204281,0.592445,0.133551,0.185091,0.580316,-0.075222,0.190675,0.825645,0.161022,0.015933,0.940978,-0.145671,0.042880,0.675385,0.170422,0.041005,0.545721,-0.123434,0.015747
0.790259,0.015877,0.194554,0.985897,0.109431,0.198383,0.973829,-0.099387,0.202150,0.606690,0.131140,0.186957,0.594622,-0.077678,0.190724,0.826883,0.160863,0.015965,0.957797,-0.147214,0.023606,0.715914,0.167710,0.040034,0.546702,-0.123597,0.015813
0.804701,0.013992,0.192479,1.000176,0.107925,0.195177,0.988553,-0.100931,0.198154,0.620849,0.128915,0.186804,0.609226,-0.079940,0.189781,0.842583,0.159667,0.016087,0.959149,-0.147416,0.015986,0.744064,0.165412,0.034461,0.548506,-0.124565,0.015887
0.818794,0.013603,0.189416,1.014039,0.108036,0.191224,1.002949,-0.100834,0.195088,0.634639,0.128041,0.183744,0.623550,-0.080829,0.187608,0.870098,0.158056,0.021296,0.960271,-0.147404,0.015986,0.757521,0.163931,0.015786,0.553713,-0.125822,0.015784
0.832388,0.013168,0.186457,1.027751,0.107357,0.188217,1.016398,-0.101496,0.192247,0.648378,0.127833,0.180667,0.637025,-0.081020,0.184697,0.898709,0.156781,0.026739,0.961359,-0.147433,0.015868,0.759012,0.164165,0.015882,0.566534,-0.125973,0.015792
0.845448,0.011505,0.185230,1.040813,0.105682,0.187406,1.029459,-0.103188,0.190414,0.661438,0.126198,0.180046,0.650084,-0.082672,0.183054,0.932365,0.154851,0.031361,0.962483,-0.147584,0.015822,0.760239,0.163985,0.015880,0.586777,-0.127149,0.016633
0.858422,0.009270,0.184852,1.053799,0.103384,0.188234,1.042398,-0.105501,0.189518,0.674447,0.124041,0.180187,0.663045,-0.084844,0.181470,0.959503,0.153123,0.037536,0.963615,-0.147787,0.015867,0.761479,0.163799,0.015890,0.610511,-0.128489,0.019725
0.871382,0.006905,0.184917,1.066762,0.100949,0.189742,1.055323,-0.107938,0.189153,0.687440,0.121747,0.180682,0.676001,-0.087139,0.180093,0.981615,0.151543,0.043255,0.964751,-0.148008,0.015922,0.762697,0.163609,0.015666,0.633151,-0.129872,0.024422
0.884318,0.004814,0.185164,1.079700,0.098779,0.191319,1.068224,-0.110095,0.189125,0.700412,0.119723,0.181203,0.688937,-0.089151,0.179009,1.001536,0.150095,0.048454,0.965871,-0.148173,0.015876,0.763911,0.163493,0.015744,0.653330,-0.131154,0.030318
0.897168,0.003044,0.185710,1.092527,0.096977,0.192963,1.081065,-0.111882,0.189609,0.713272,0.117970,0.181810,0.701809,-0.090888,0.178456,1.023456,0.148553,0.052179,0.967001,-0.148357,0.015909,0.765066,0.163316,0.015933,0.672046,-0.132510,0.037175
0.909976,0.001534,0.186603,1.105337,0.095379,0.194870,1.093827,-0.113461,0.190615,0.726125,0.116528,0.182591,0.714615,-0.092312,0.178337,1.051343,0.146742,0.054541,0.968147,-0.148501,0.015796,0.766192,0.163242,0.016023,0.692008,-0.133862,0.044226
0.922833,0.000305,0.187463,1.118192,0.094084,0.196517,1.106646,-0.114743,0.191721,0.739021,0.115353,0.183206,0.727475,-0.093473,0.178410,1.083920,0.144737,0.055984,0.969296,-0.148643,0.015926,0.767277,0.163162,0.015979,0.715508,-0.135361,0.048576
0.935872,-0.000519,0.187898,1.131219,0.093239,0.197387,1.119666,-0.115584,0.192476,0.752078,0.114546,0.183320,0.740525,-0.094277,0.178408,1.117819,0.142850,0.055502,0.970468,-0.148710,0.015974,0.768409,0.163113,0.015880,0.744290,-0.136948,0.047933
0.949288,-0.000656,0.187607,1.144666,0.093054,0.196941,1.133033,-0.115779,0.192686,0.765543,0.114466,0.182529,0.753911,-0.094367,0.178274,1.148256,0.141406,0.048646,0.971679,-0.148721,0.016027,0.769619,0.163165,0.015867,0.779053,-0.138546,0.043263
0.963312,0.000053,0.186352,1.158739,0.093778,0.194431,1.147039,-0.115079,0.191847,0.779585,0.115185,0.180857,0.767885,-0.093671,0.178273,1.170616,0.140649,0.031794,0.972898,-0.148672,0.015921,0.770887,0.163240,0.015790,0.817647,-0.140269,0.039719
0.977798,0.001160,0.184404,1.173243,0.095041,0.189730,1.161626,-0.113835,0.189330,0.793969,0.116155,0.179478,0.782352,-0.092722,0.179077,1.173319,0.140891,0.015813,0.974230,-0.148601,0.015729,0.772190,0.163200,0.015835,0.856106,-0.142072,0.037199
0.991769,0.000885,0.183360,1.187270,0.094727,0.187124,1.175600,-0.114147,0.187222,0.807938,0.115917,0.179498,0.796268,-0.092957,0.179596,1.174312,0.140892,0.015911,0.980762,-0.148863,0.015817,0.773280,0.163297,0.015906,0.885334,-0.143525,0.028145
1.005177,-0.000626,0.182498,1.200666,0.093227,0.186606,1.189026,-0.115647,0.185795,0.821329,0.114396,0.179201,0.809689,-0.094478,0.178390,1.175426,0.140818,0.015904,0.997687,-0.149844,0.015674,0.775808,0.163088,0.015867,0.896681,-0.144216,0.015875
1.018161,-0.001511,0.182157,1.213620,0.092394,0.186487,1.202040,-0.116483,0.185471,0.834282,0.113462,0.178842,0.822701,-0.095415,0.177826,1.176575,0.140797,0.015982,1.023251,-0.151274,0.017394,0.788649,0.162304,0.015924,0.897916,-0.144317,0.015737
1.031089,-0.001427,0.182546,1.226555,0.092478,0.186563,1.214955,-0.116400,0.186481,0.847223,0.113547,0.178610,0.835623,-0.095331,0.178528,1.177741,0.140776,0.015853,1.051956,-0.152804,0.023120,0.809835,0.161205,0.021163,0.899131,-0.144314,0.015693
1.044009,-0.000610,0.183492,1.239432,0.093403,0.187029,1.227912,-0.115473,0.188746,0.860107,0.114252,0.178237,0.848586,-0.094623,0.179955,1.178928,0.140852,0.015733,1.089421,-0.154683,0.027185,0.834374,0.159958,0.028132,0.900325,-0.144347,0.015801
1.057004,0.000336,0.184474,1.252427,0.094369,0.187448,1.240893,-0.114482,0.191024,0.873115,0.115154,0.177924,0.861581,-0.093697,0.181500,1.180111,0.140950,0.015831,1.122757,-0.156172,0.034045,0.858478,0.159037,0.034769,0.901447,-0.144260,0.015931
1.070035,0.001091,0.185564,1.265455,0.095147,0.187890,1.253921,-0.113668,0.193144,0.886149,0.115850,0.177985,0.874615,-0.092965,0.183239,1.181281,0.141002,0.015859,1.151715,-0.157360,0.041954,0.881385,0.158189,0.040545,0.902511,-0.144250,0.015933
1.083094,0.001465,0.186951,1.278530,0.095498,0.188820,1.266955,-0.113281,0.195281,0.899232,0.116211,0.178621,0.887657,-0.092569,0.185082,1.182427,0.141019,0.015977,1.178735,-0.158468,0.048684,0.904539,0.157304,0.044372,0.903561,-0.144227,0.015923
1.096215,0.001389,0.188810,1.291640,0.095447,0.190677,1.280074,-0.113311,0.197814,0.912356,0.116088,0.179806,0.900791,-0.092670,0.186942,1.183588,0.141008,0.015999,1.208397,-0.159844,0.052789,0.929841,0.156095,0.046103,0.904604,-0.144272,0.015964
1.109483,0.000786,0.190990,1.304881,0.094887,0.193357,1.293340,-0.113870,0.200559,0.925625,0.115442,0.181421,0.914084,-0.093315,0.188623,1.184793,0.140949,0.015884,1.240688,-0.161575,0.053646,0.959093,0.154449,0.045510,0.905604,-0.144350,0.015938
1.123015,-0.000450,0.193107,1.318372,0.093710,0.196372,1.306881,-0.115070,0.202949,0.939150,0.114170,0.183265,0.927659,-0.094611,0.189842,1.186036,0.140847,0.015785,1.273438,-0.163546,0.051348,0.994149,0.152273,0.043231,0.906590,-0.144473,0.015859
1.136949,-0.002327,0.194698,1.332269,0.091871,0.198912,1.320829,-0.116949,0.204230,0.953068,0.112295,0.185165,0.941628,-0.096524,0.190483,1.187313,0.140685,0.015930,1.302757,-0.165589,0.043344,1.034902,0.149683,0.041411,0.907544,-0.144640,0.015748
1.151267,-0.004707,0.194603,1.346594,0.089484,0.198661,1.335210,-0.119376,0.202169,0.967324,0.109962,0.187038,0.955940,-0.098899,0.190545,1.188529,0.140556,0.015964,1.319960,-0.167058,0.024179,1.075690,0.147118,0.040516,0.908520,-0.144772,0.015835
1.165717,-0.006409,0.192765,1.360947,0.088020,0.195864,1.349855,-0.120869,0.198540,0.981579,0.108051,0.186991,0.970487,-0.100837,0.189666,1.203409,0.139602,0.016195,1.321303,-0.167207,0.016079,1.104402,0.145101,0.035059,0.909950,-0.145366,0.015890
1.179775,-0.006660,0.189900,1.374827,0.088160,0.192146,1.364150,-0.120736,0.195727,0.995401,0.107415,0.184073,0.984724,-0.101481,0.187655,1.231215,0.138089,0.021392,1.322418,-0.167201,0.015984,1.118870,0.143740,0.016050,0.914891,-0.146375,0.015779
1.193330,-0.006874,0.186851,1.388431,0.087855,0.188621,1.377656,-0.121027,0.192697,1.009004,0.107279,0.181006,0.998229,-0.101604,0.185081,1.259341,0.136883,0.027122,1.323513,-0.167203,0.015876,1.120187,0.143841,0.015876,0.926657,-0.146734,0.015783
1.206345,-0.008293,0.185662,1.401472,0.086381,0.187497,1.390651,-0.122514,0.190758,1.022038,0.105927,0.180566,1.011217,-0.102967,0.183826,1.291887,0.135135,0.031263,1.324616,-0.167340,0.015807,1.121446,0.143724,0.015887,0.945655,-0.147696,0.016704
1.219296,-0.010338,0.185333,1.414451,0.084256,0.188155,1.403558,-0.124653,0.189888,1.035035,0.103977,0.180778,1.024142,-0.104932,0.182511,1.319193,0.133484,0.037295,1.325748,-0.167553,0.015859,1.122694,0.143552,0.015904,0.968846,-0.148909,0.020159
1.232255,-0.012527,0.185401,1.427412,0.082014,0.189503,1.416492,-0.126901,0.189498,1.048018,0.101846,0.181304,1.037098,-0.107069,0.181299,1.341533,0.132018,0.042961,1.326880,-0.167725,0.015918,1.123899,0.143395,0.015682,0.991650,-0.150202,0.025216
1.245212,-0.014542,0.185604,1.440367,0.079943,0.190926,1.429424,-0.128965,0.189368,1.060999,0.099882,0.181840,1.050057,-0.109026,0.180283,1.361635,0.130645,0.048124,1.328006,-0.167873,0.015879,1.125124,0.143275,0.015729,1.012348,-0.151455,0.031373
1.258098,-0.016258,0.186058,1.453233,0.078204,0.192408,1.442306,-0.130693,0.189681,1.073889,0.098176,0.182434,1.062962,-0.110720,0.179707,1.383404,0.129206,0.051877,1.329135,-0.168022,0.015919,1.126286,0.143125,0.015920,1.031590,-0.152749,0.038199
1.270939,-0.017647,0.186834,1.466074,0.076749,0.194111,1.455112,-0.132134,0.190577,1.086766,0.096840,0.183091,1.075804,-0.112042,0.179557,1.410950,0.127527,0.054253,1.330278,-0.168145,0.015813,1.127418,0.143053,0.016016,1.051771,-0.154027,0.045194
1.283834,-0.018814,0.187581,1.478967,0.075525,0.195600,1.467974,-0.133346,0.191549,1.099693,0.095718,0.183614,1.088700,-0.113154,0.179563,1.443371,0.125636,0.055591,1.331432,-0.168275,0.015911,1.128503,0.142975,0.015974,1.075352,-0.155453,0.049670
1.296904,-0.019608,0.187928,1.492013,0.074746,0.196352,1.481046,-0.134125,0.192209,1.112761,0.094910,0.183647,1.101795,-0.113961,0.179504,1.477236,0.123849,0.054932,1.332608,-0.168357,0.015967,1.129649,0.142873,0.015884,1.104056,-0.157016,0.049188
1.310341,-0.019707,0.187559,1.505460,0.074641,0.195816,1.494462,-0.134240,0.192321,1.126220,0.094827,0.182796,1.115222,-0.114055,0.179301,1.507859,0.122507,0.048094,1.333820,-0.168351,0.016023,1.130865,0.142895,0.015876,1.138829,-0.158559,0.044360
1.324385,-0.018951,0.186230,1.519565,0.075370,0.193238,1.508467,-0.133528,0.191434,1.140302,0.095625,0.181026,1.129204,-0.113273,0.179222,1.530620,0.121696,0.031397,1.335035,-0.168314,0.015924,1.132147,0.143001,0.015808,1.177564,-0.160161,0.040585
1.338862,-0.017830,0.184246,1.534032,0.076675,0.188581,1.523064,-0.132237,0.188959,1.154661,0.096577,0.179532,1.143693,-0.112335,0.179910,1.533435,0.121907,0.015801,1.336343,-0.168259,0.015759,1.133458,0.142907,0.015821,1.216438,-0.161924,0.038039
1.352822,-0.018066,0.183256,1.548046,0.076383,0.186083,1.537015,-0.132524,0.186974,1.168630,0.096391,0.179538,1.157598,-0.112516,0.180429,1.534439,0.121890,0.015917,1.342465,-0.168494,0.015822,1.134566,0.143006,0.015905,1.246397,-0.163364,0.029120
1.366223,-0.019623,0.182534,1.561465,0.074779,0.185699,1.550398,-0.134128,0.185602,1.182049,0.094883,0.179465,1.170981,-0.114024,0.179368,1.535568,0.121743,0.015973,1.359536,-0.169452,0.015664,1.136705,0.142875,0.015873,1.258007,-0.164073,0.015898
1.379208,-0.020584,0.182301,1.574421,0.073867,0.185750,1.563413,-0.135042,0.185302,1.195003,0.093874,0.179300,1.183994,-0.115036,0.178852,1.536740,0.121730,0.015979,1.384130,-0.170749,0.017483,1.148626,0.142181,0.015915,1.259235,-0.164164,0.015736
1.392103,-0.020546,0.182714,1.587306,0.073937,0.185873,1.576317,-0.134974,0.186270,1.207889,0.093882,0.179158,1.196900,-0.115029,0.179555,1.537904,0.121725,0.015865,1.412298,-0.172168,0.023538,1.169289,0.141126,0.021273,1.260458,-0.164196,0.015662
1.404988,-0.019783,0.183686,1.600162,0.074773,0.186464,1.589223,-0.134131,0.188516,1.220754,0.094565,0.178856,1.209815,-0.114339,0.180908,1.539095,0.121808,0.015731,1.449385,-0.173907,0.027320,1.193715,0.140016,0.028286,1.261641,-0.164189,0.015791
