0.002171,0.010010,0.342746,0.194698,0.109662,0.349364,0.189477,-0.099337,0.341842,-0.185136,0.119357,0.343650,-0.190357,-0.089643,0.336128,0.181525,0.161778,0.174491,0.211977,-0.139995,0.191835,-0.182962,0.170945,0.172771,-0.169734,-0.129082,0.153559
0.004461,0.015152,0.331765,0.198575,0.111632,0.339006,0.189986,-0.097168,0.329347,-0.181064,0.127472,0.334184,-0.189653,-0.081329,0.324525,0.156554,0.167205,0.159440,0.222489,-0.137037,0.177915,-0.207358,0.182173,0.159450,-0.144164,-0.120203,0.140047
0.006990,0.020485,0.317275,0.201708,0.115769,0.324153,0.191811,-0.092992,0.314888,-0.177830,0.133961,0.319661,-0.187727,-0.074799,0.310396,0.129710,0.173278,0.131505,0.228337,-0.133905,0.171498,-0.220449,0.188745,0.157045,-0.139676,-0.113870,0.113180
0.008997,0.025867,0.299564,0.203508,0.121595,0.306101,0.194060,-0.087222,0.297688,-0.176066,0.138957,0.301439,-0.185514,-0.069860,0.293026,0.123657,0.179070,0.099387,0.231553,-0.128605,0.152558,-0.221081,0.192673,0.148894,-0.149925,-0.108492,0.081771
0.010237,0.031281,0.277613,0.204312,0.127922,0.283641,0.195818,-0.080956,0.275731,-0.175345,0.143517,0.279495,-0.183839,-0.065361,0.271586,0.137812,0.184088,0.073915,0.230836,-0.121655,0.110800,-0.210787,0.196659,0.116288,-0.156647,-0.103793,0.055230
0.010902,0.036579,0.251242,0.204774,0.133654,0.256860,0.196738,-0.075208,0.248096,-0.174934,0.148366,0.254389,-0.182969,-0.060496,0.245625,0.156700,0.189555,0.053634,0.225786,-0.113815,0.056636,-0.189491,0.202587,0.060465,-0.150660,-0.098344,0.033071
0.011749,0.041695,0.221471,0.205558,0.138949,0.226053,0.197668,-0.069931,0.217617,-0.174170,0.153321,0.225324,-0.182059,-0.055560,0.216888,0.169522,0.193940,0.025248,0.219020,-0.108111,0.015914,-0.172047,0.207216,0.015948,-0.142171,-0.094467,0.015852
0.014263,0.045666,0.198776,0.208153,0.142812,0.201988,0.200086,-0.066173,0.196993,-0.171560,0.157504,0.200558,-0.179627,-0.051481,0.195563,0.169177,0.194262,0.015876,0.217932,-0.108034,0.016062,-0.170379,0.207374,0.015670,-0.141152,-0.094170,0.015939
0.019218,0.047478,0.185830,0.213112,0.144643,0.188173,0.205038,-0.064378,0.185065,-0.166601,0.159333,0.186596,-0.174675,-0.049688,0.183488,0.169120,0.194393,0.015889,0.217616,-0.107838,0.015963,-0.169196,0.207463,0.015730,-0.140329,-0.094013,0.015979
0.025396,0.048084,0.178217,0.219285,0.145275,0.179781,0.211224,-0.063757,0.177508,-0.160432,0.159926,0.178926,-0.168492,-0.049106,0.176653,0.169449,0.194466,0.015853,0.217721,-0.107738,0.015957,-0.168243,0.207488,0.015746,-0.139557,-0.093960,0.015898
0.031530,0.048199,0.174234,0.225410,0.145413,0.175391,0.217370,-0.063624,0.173500,-0.154309,0.160021,0.174967,-0.162349,-0.049016,0.173076,0.169925,0.194476,0.015792,0.218238,-0.107717,0.015894,-0.167504,0.207454,0.015792,-0.138857,-0.093982,0.015823
0.037512,0.048248,0.173144,0.231374,0.145500,0.174027,0.223372,-0.063541,0.172463,-0.148348,0.160038,0.173825,-0.156350,-0.049003,0.172261,0.170478,0.194500,0.015737,0.225325,-0.107954,0.019224,-0.169324,0.207460,0.022131,-0.138258,-0.094010,0.015808
0.043657,0.048134,0.174511,0.237507,0.145411,0.175197,0.229531,-0.063632,0.173800,-0.142216,0.159900,0.175221,-0.150193,-0.049143,0.173825,0.171076,0.194495,0.015858,0.236482,-0.108399,0.026722,-0.169569,0.207363,0.035194,-0.137750,-0.094047,0.015827
0.050158,0.047611,0.178054,0.244000,0.144905,0.178606,0.236040,-0.064136,0.176918,-0.135725,0.159359,0.179189,-0.143684,-0.049683,0.177502,0.171749,0.194455,0.015862,0.244202,-0.108775,0.033705,-0.164686,0.207010,0.047360,-0.137317,-0.094104,0.015827
0.057093,0.046482,0.183117,0.250935,0.143776,0.183680,0.242973,-0.065256,0.181050,-0.128788,0.158220,0.185184,-0.136750,-0.050812,0.182554,0.172465,0.194362,0.015906,0.246632,-0.109091,0.038655,-0.155375,0.206351,0.055505,-0.136948,-0.094193,0.015813
0.064421,0.044796,0.188844,0.258262,0.142091,0.189412,0.250294,-0.066917,0.185317,-0.121453,0.156509,0.192370,-0.129421,-0.052499,0.188276,0.173212,0.194223,0.015961,0.244501,-0.109340,0.039971,-0.142168,0.205406,0.058839,-0.136626,-0.094337,0.015783
0.071898,0.042957,0.194021,0.265742,0.140247,0.193782,0.257730,-0.068723,0.188106,-0.113935,0.154637,0.199936,-0.121947,-0.054332,0.194260,0.173936,0.194098,0.015907,0.239216,-0.109365,0.035379,-0.124710,0.204438,0.056827,-0.136357,-0.094432,0.015759
0.079166,0.041336,0.197187,0.272754,0.139119,0.195298,0.265179,-0.069812,0.187882,-0.106846,0.152484,0.206493,-0.114421,-0.056447,0.199076,0.199484,0.193656,0.015807,0.231837,-0.108257,0.022954,-0.102227,0.203367,0.050389,-0.136240,-0.094656,0.015742
0.086161,0.039993,0.196984,0.279163,0.138858,0.192837,0.272657,-0.070100,0.185157,-0.100335,0.150087,0.208812,-0.106841,-0.058871,0.201131,0.240354,0.191829,0.022530,0.229371,-0.108034,0.015902,-0.074160,0.200939,0.041096,-0.141917,-0.096665,0.021128
0.092867,0.039387,0.194179,0.285231,0.139451,0.189234,0.280012,-0.069558,0.181973,-0.094278,0.148331,0.206384,-0.099497,-0.060678,0.199123,0.277096,0.190533,0.034171,0.229999,-0.108030,0.015880,-0.049349,0.198891,0.028187,-0.147800,-0.099165,0.032225
0.099283,0.039909,0.189483,0.291321,0.140639,0.185435,0.286905,-0.068426,0.179348,-0.088339,0.148245,0.199618,-0.092754,-0.060820,0.193530,0.300252,0.190089,0.042591,0.230621,-0.107954,0.015765,-0.038445,0.198019,0.015925,-0.147117,-0.100723,0.041424
0.105549,0.040646,0.185231,0.297678,0.141244,0.182439,0.293184,-0.067843,0.177207,-0.082087,0.149134,0.193256,-0.086580,-0.059952,0.188023,0.314436,0.189816,0.044271,0.231142,-0.107945,0.015799,-0.037688,0.198093,0.015896,-0.142233,-0.100748,0.048865
0.111814,0.041069,0.183224,0.303973,0.141618,0.180713,0.299449,-0.067481,0.176048,-0.075820,0.149619,0.190400,-0.080344,-0.059480,0.185735,0.325302,0.189670,0.044401,0.231721,-0.107914,0.015867,-0.037042,0.198143,0.016012,-0.135724,-0.100839,0.055104
0.118134,0.041565,0.183269,0.310305,0.142078,0.180370,0.305752,-0.067035,0.176442,-0.069484,0.150165,0.190096,-0.074038,-0.058948,0.186168,0.334304,0.189588,0.043899,0.232326,-0.107890,0.015918,-0.036499,0.198186,0.016004,-0.128540,-0.100856,0.059747
0.124540,0.042439,0.184590,0.316732,0.142887,0.180931,0.312125,-0.066244,0.178165,-0.063044,0.151121,0.191015,-0.067652,-0.058010,0.188249,0.341644,0.189631,0.042710,0.232943,-0.107818,0.015887,-0.035996,0.198304,0.015985,-0.120597,-0.100657,0.063355
0.131029,0.043789,0.186490,0.323227,0.144184,0.181795,0.318596,-0.064962,0.180762,-0.056538,0.152540,0.192217,-0.061169,-0.056606,0.191184,0.347430,0.189808,0.040540,0.233563,-0.107727,0.015942,-0.035517,0.198408,0.015915,-0.111303,-0.100340,0.066106
0.137617,0.045727,0.188496,0.329815,0.146055,0.182534,0.325176,-0.063090,0.183822,-0.049942,0.154543,0.193170,-0.054580,-0.054601,0.194458,0.351675,0.190136,0.036956,0.234186,-0.107568,0.015890,-0.034983,0.198582,0.015865,-0.099929,-0.099838,0.067774
0.144300,0.048290,0.190249,0.336498,0.148514,0.182749,0.331851,-0.060591,0.186974,-0.043250,0.157172,0.193524,-0.047898,-0.051934,0.197749,0.353745,0.190532,0.030866,0.234832,-0.107362,0.015926,-0.034421,0.198857,0.015915,-0.085765,-0.099203,0.067101
0.151066,0.051373,0.191400,0.343323,0.151294,0.181707,0.338523,-0.057704,0.189545,-0.036391,0.160449,0.193255,-0.041191,-0.048549,0.201093,0.352018,0.190540,0.020428,0.235253,-0.107333,0.016026,-0.033837,0.199234,0.015933,-0.067631,-0.098638,0.062379
0.157738,0.054291,0.191691,0.350127,0.153655,0.179265,0.344974,-0.055174,0.190600,-0.029499,0.163756,0.192782,-0.034651,-0.045074,0.204118,0.350882,0.190293,0.015776,0.244302,-0.107720,0.015604,-0.033492,0.199782,0.015884,-0.042900,-0.098708,0.051079
0.164152,0.056267,0.191386,0.356758,0.155001,0.177400,0.351097,-0.053698,0.190703,-0.022793,0.166232,0.192069,-0.028454,-0.042468,0.205372,0.351347,0.190403,0.015752,0.283046,-0.108370,0.018786,-0.034583,0.200882,0.015916,-0.010072,-0.099225,0.037510
0.170692,0.056927,0.189748,0.363388,0.155475,0.175675,0.357567,-0.053159,0.189908,-0.016182,0.167013,0.189588,-0.022003,-0.041621,0.203820,0.351881,0.190465,0.015833,0.337611,-0.109445,0.024717,-0.034423,0.201245,0.015884,0.026769,-0.100440,0.029594
0.177622,0.056034,0.186112,0.370357,0.154644,0.173057,0.364511,-0.054026,0.186742,-0.009267,0.166095,0.185482,-0.015113,-0.042575,0.199167,0.352406,0.190404,0.015881,0.380398,-0.110046,0.034132,-0.033617,0.201214,0.015810,0.060827,-0.101880,0.022113
0.184887,0.053967,0.181043,0.377669,0.152746,0.170146,0.371807,-0.056038,0.181963,-0.002034,0.163971,0.180124,-0.007896,-0.044812,0.191941,0.352982,0.190250,0.015908,0.408596,-0.110523,0.042186,-0.032742,0.201072,0.015770,0.073516,-0.102599,0.015960
0.191986,0.052044,0.176528,0.384703,0.151104,0.167131,0.379018,-0.057773,0.177257,0.004954,0.161861,0.175798,-0.000731,-0.047017,0.185925,0.353539,0.190142,0.015909,0.425687,-0.110747,0.049708,-0.031837,0.200760,0.018574,0.074262,-0.102825,0.015813
0.198795,0.050644,0.173821,0.391499,0.149837,0.165612,0.385870,-0.059101,0.174442,0.011721,0.160389,0.173201,0.006092,-0.048549,0.182031,0.354175,0.190028,0.016029,0.435295,-0.111018,0.054279,-0.029836,0.200717,0.024161,0.074983,-0.102939,0.015742
0.205370,0.049580,0.173093,0.398062,0.148886,0.166086,0.392485,-0.060095,0.173865,0.018255,0.159254,0.172322,0.012678,-0.049727,0.180101,0.354837,0.189952,0.016032,0.441374,-0.111335,0.054652,-0.025939,0.200580,0.028576,0.075639,-0.103028,0.015605
0.211811,0.048698,0.173905,0.404494,0.148106,0.168186,0.398964,-0.060908,0.175076,0.024658,0.158304,0.172734,0.019128,-0.050709,0.179623,0.355529,0.189873,0.015940,0.445790,-0.111674,0.052602,-0.020494,0.200335,0.031530,0.076260,-0.103114,0.015702
0.218199,0.047974,0.175735,0.410874,0.147461,0.171306,0.405380,-0.061577,0.177447,0.031017,0.157524,0.174023,0.025523,-0.051514,0.180164,0.356218,0.189817,0.015895,0.448970,-0.111954,0.049913,-0.014133,0.200087,0.034148,0.076843,-0.103176,0.015819
0.224590,0.047363,0.178086,0.417254,0.146919,0.174846,0.411795,-0.062136,0.180397,0.037385,0.156862,0.175775,0.031927,-0.052193,0.181326,0.356911,0.189753,0.015821,0.451135,-0.112172,0.047567,-0.007091,0.199817,0.036907,0.077406,-0.103255,0.015882
0.231016,0.046814,0.180607,0.423662,0.146433,0.178416,0.418243,-0.062636,0.183438,0.043790,0.156264,0.177775,0.038370,-0.052805,0.182797,0.357585,0.189716,0.015718,0.452662,-0.112303,0.046233,0.000525,0.199560,0.040222,0.077933,-0.103318,0.015921
0.237505,0.046253,0.183166,0.430143,0.145903,0.181821,0.424737,-0.063179,0.186341,0.050273,0.155685,0.179991,0.044867,-0.053396,0.184511,0.358253,0.189648,0.015801,0.453777,-0.112435,0.046200,0.008714,0.199306,0.044505,0.078457,-0.103385,0.015940
0.244120,0.045620,0.185845,0.436745,0.145299,0.185171,0.431360,-0.063794,0.189094,0.056879,0.155034,0.182596,0.051494,-0.054059,0.186519,0.358917,0.189600,0.015845,0.454584,-0.112522,0.047506,0.017550,0.199026,0.049648,0.078956,-0.103441,0.015938
0.250933,0.044773,0.188797,0.443537,0.144496,0.188657,0.438194,-0.064613,0.191785,0.063671,0.154159,0.185809,0.058328,-0.054949,0.188937,0.359581,0.189527,0.015879,0.454796,-0.112634,0.049567,0.027422,0.198598,0.054985,0.079437,-0.103546,0.015919
0.258053,0.043671,0.192118,0.450644,0.143419,0.192411,0.445331,-0.065703,0.194459,0.070775,0.153044,0.189777,0.065462,-0.056078,0.191826,0.360268,0.189453,0.015854,0.453805,-0.112786,0.051486,0.039154,0.198036,0.059253,0.079897,-0.103635,0.015864
0.265518,0.042316,0.195666,0.458094,0.142093,0.196101,0.452818,-0.067039,0.196852,0.078219,0.151672,0.194480,0.072942,-0.057460,0.195231,0.360952,0.189361,0.015914,0.451279,-0.112987,0.051625,0.053594,0.197277,0.060660,0.080363,-0.103756,0.015871
0.273190,0.040955,0.198720,0.465753,0.140757,0.198338,0.460505,-0.068377,0.197820,0.085874,0.150286,0.199621,0.080627,-0.058848,0.199103,0.361620,0.189286,0.015935,0.447372,-0.113136,0.046350,0.071593,0.196461,0.057185,0.080798,-0.103863,0.015867
0.280722,0.039867,0.199970,0.472928,0.140329,0.197658,0.468373,-0.068814,0.195910,0.093070,0.148549,0.204031,0.088515,-0.060594,0.202283,0.380537,0.189323,0.015934,0.442394,-0.112348,0.032944,0.094061,0.195286,0.048934,0.080594,-0.104327,0.015969
0.287832,0.038734,0.198323,0.479290,0.140512,0.193200,0.476121,-0.068649,0.190748,0.099544,0.146118,0.205899,0.096374,-0.063043,0.203446,0.412767,0.189007,0.020219,0.438700,-0.111488,0.015708,0.119571,0.193231,0.038871,0.073366,-0.105998,0.019601
0.294353,0.037884,0.194161,0.485011,0.141063,0.187438,0.483365,-0.068120,0.185266,0.105342,0.143887,0.203055,0.103696,-0.065295,0.200883,0.459782,0.188350,0.029937,0.439194,-0.111468,0.015954,0.144816,0.190876,0.025302,0.063157,-0.108669,0.031324
0.300537,0.038128,0.188521,0.490864,0.141947,0.182315,0.489960,-0.067247,0.181008,0.111115,0.143503,0.196033,0.110210,-0.065691,0.194727,0.492181,0.188282,0.039925,0.439687,-0.111450,0.015927,0.154306,0.189892,0.015916,0.060398,-0.109971,0.041528
0.306751,0.038437,0.183916,0.497111,0.142234,0.178374,0.496197,-0.066962,0.177403,0.117305,0.143836,0.190429,0.116392,-0.065360,0.189458,0.509876,0.188263,0.041857,0.440199,-0.111418,0.015822,0.155052,0.189932,0.015978,0.063129,-0.109932,0.050292
0.313118,0.038578,0.181875,0.503480,0.142363,0.176208,0.502559,-0.066834,0.175436,0.123677,0.143990,0.188314,0.122756,-0.065207,0.187542,0.521828,0.188230,0.041335,0.440769,-0.111423,0.015767,0.155664,0.189936,0.015964,0.068702,-0.109939,0.057364
0.319611,0.038948,0.182086,0.509968,0.142708,0.175839,0.509033,-0.066490,0.175524,0.130188,0.144386,0.188649,0.129253,-0.064812,0.188333,0.531308,0.188268,0.040157,0.441378,-0.111397,0.015836,0.156194,0.189981,0.015956,0.075676,-0.109833,0.062444
0.326235,0.039799,0.183668,0.516589,0.143513,0.176601,0.515639,-0.065684,0.177297,0.136830,0.145281,0.190038,0.135881,-0.063916,0.190735,0.538903,0.188403,0.038502,0.442038,-0.111338,0.015829,0.156691,0.190062,0.015852,0.083783,-0.109545,0.066091
0.332964,0.041279,0.185797,0.523313,0.144928,0.177727,0.522361,-0.064256,0.180111,0.143567,0.146814,0.191483,0.142615,-0.062370,0.193867,0.544701,0.188669,0.035945,0.442695,-0.111219,0.015858,0.157176,0.190204,0.015883,0.093516,-0.109028,0.068594
0.339769,0.043419,0.187931,0.530099,0.147003,0.178658,0.529184,-0.062141,0.183432,0.150354,0.148978,0.192431,0.149439,-0.060165,0.197205,0.548574,0.189033,0.031857,0.443370,-0.111052,0.015871,0.157735,0.190379,0.015919,0.105619,-0.108349,0.069569
0.346621,0.046165,0.189692,0.536911,0.149674,0.178892,0.536073,-0.059380,0.186668,0.157168,0.151711,0.192716,0.156330,-0.057343,0.200493,0.549884,0.189375,0.024905,0.444034,-0.110844,0.015925,0.158304,0.190612,0.015942,0.121003,-0.107622,0.067721
0.353466,0.049362,0.190667,0.543787,0.152548,0.177551,0.542849,-0.056338,0.188975,0.164084,0.155063,0.192358,0.163145,-0.053823,0.203782,0.547852,0.189197,0.015713,0.444445,-0.110873,0.016032,0.158894,0.190955,0.015922,0.141297,-0.107057,0.060918
0.360134,0.052021,0.190991,0.550471,0.154909,0.175918,0.549460,-0.053792,0.190321,0.170808,0.157834,0.191660,0.169798,-0.050867,0.206064,0.548327,0.189420,0.015692,0.467919,-0.111022,0.015480,0.159356,0.191321,0.015938,0.169832,-0.107358,0.047654
0.366695,0.053371,0.190442,0.557116,0.155952,0.174373,0.555911,-0.052640,0.190267,0.177479,0.159383,0.190617,0.176274,-0.049209,0.206511,0.548834,0.189496,0.015756,0.503463,-0.110854,0.020514,0.159355,0.191755,0.015872,0.204435,-0.107879,0.036890
0.373373,0.053429,0.188640,0.563826,0.156004,0.172916,0.562597,-0.052568,0.189072,0.184149,0.159425,0.188207,0.182920,-0.049147,0.204363,0.549395,0.189507,0.015823,0.552249,-0.110581,0.027857,0.159942,0.191805,0.015869,0.241057,-0.108596,0.029824
0.380383,0.052086,0.184969,0.570883,0.154804,0.170843,0.569635,-0.053858,0.185784,0.191130,0.158029,0.184154,0.189882,-0.050633,0.199096,0.549960,0.189401,0.015894,0.590390,-0.110199,0.037059,0.160720,0.191716,0.015698,0.272025,-0.109423,0.021298
0.387653,0.049763,0.179967,0.578166,0.152791,0.168513,0.576992,-0.056023,0.181162,0.198314,0.155548,0.178772,0.197141,-0.053266,0.191421,0.550573,0.189238,0.015931,0.615824,-0.110012,0.045181,0.161533,0.191414,0.015758,0.280412,-0.109897,0.015965
0.394667,0.047890,0.175806,0.585126,0.151195,0.166087,0.584102,-0.057723,0.176896,0.205231,0.153503,0.174716,0.204207,-0.055415,0.185525,0.551150,0.189109,0.016024,0.631291,-0.109899,0.052560,0.163242,0.191169,0.019101,0.281166,-0.110084,0.015823
0.401398,0.046684,0.173583,0.591833,0.150144,0.165117,0.590885,-0.058836,0.174658,0.211910,0.152204,0.172507,0.210963,-0.056776,0.182049,0.551788,0.189019,0.016072,0.640377,-0.109956,0.056432,0.166612,0.191156,0.024626,0.281864,-0.110187,0.015755
0.407944,0.045856,0.173278,0.598371,0.149424,0.166040,0.597466,-0.059597,0.174632,0.218421,0.151310,0.171923,0.217517,-0.057711,0.180515,0.552471,0.188942,0.015956,0.646711,-0.110164,0.056281,0.171595,0.191109,0.028589,0.282513,-0.110260,0.015619
0.414373,0.045197,0.174385,0.604792,0.148866,0.168526,0.603930,-0.060188,0.176283,0.224817,0.150581,0.172487,0.223954,-0.058473,0.180245,0.553157,0.188899,0.015934,0.651601,-0.110395,0.054233,0.177696,0.191018,0.031301,0.283122,-0.110305,0.015683
0.420769,0.044674,0.176352,0.611176,0.148432,0.171842,0.610353,-0.060646,0.178932,0.231185,0.149994,0.173772,0.230361,-0.059084,0.180863,0.553855,0.188845,0.015884,0.655193,-0.110615,0.051685,0.184498,0.190906,0.033752,0.283704,-0.110368,0.015796
0.427156,0.044266,0.178709,0.617548,0.148100,0.175447,0.616762,-0.060996,0.181984,0.237551,0.149528,0.175433,0.236765,-0.059569,0.181970,0.554537,0.188819,0.015801,0.657687,-0.110763,0.049541,0.191770,0.190828,0.036474,0.284255,-0.110413,0.015861
0.433571,0.043911,0.181156,0.623944,0.147806,0.178960,0.623191,-0.061304,0.185031,0.243950,0.149126,0.177280,0.243197,-0.059985,0.183351,0.555208,0.188785,0.015736,0.659465,-0.110870,0.048438,0.199457,0.190767,0.039891,0.284799,-0.110465,0.015906
0.440033,0.043537,0.183628,0.630394,0.147471,0.182306,0.629658,-0.061653,0.187915,0.250407,0.148727,0.179340,0.249672,-0.060396,0.184949,0.555869,0.188733,0.015804,0.660833,-0.110963,0.048706,0.207578,0.190723,0.044338,0.285319,-0.110522,0.015928
0.446613,0.043079,0.186232,0.636963,0.147040,0.185611,0.636243,-0.062098,0.190654,0.256984,0.148257,0.181810,0.256264,-0.060881,0.186853,0.556525,0.188687,0.015839,0.661813,-0.111037,0.050165,0.216313,0.190673,0.049619,0.285822,-0.110568,0.015931
0.453402,0.042427,0.189150,0.643728,0.146432,0.189092,0.643051,-0.062723,0.193351,0.263752,0.147577,0.184950,0.263075,-0.061578,0.189208,0.557182,0.188645,0.015859,0.662062,-0.111117,0.052284,0.226078,0.190515,0.055116,0.286303,-0.110641,0.015913
0.460497,0.041512,0.192501,0.650800,0.145559,0.192898,0.650172,-0.063615,0.196103,0.270822,0.146639,0.188900,0.270194,-0.062536,0.192104,0.557860,0.188582,0.015885,0.661048,-0.111277,0.054267,0.237678,0.190211,0.059517,0.286773,-0.110741,0.015864
0.467966,0.040325,0.196159,0.658254,0.144398,0.196780,0.657664,-0.064792,0.198672,0.278268,0.145442,0.193645,0.277678,-0.063748,0.195537,0.558559,0.188496,0.015946,0.658506,-0.111549,0.054683,0.251973,0.189770,0.061082,0.287247,-0.110852,0.015877
0.475647,0.039131,0.199386,0.665926,0.143222,0.199280,0.665366,-0.065976,0.199904,0.285928,0.144238,0.198868,0.285368,-0.064960,0.199491,0.559242,0.188412,0.015948,0.654536,-0.111845,0.049826,0.269773,0.189311,0.057731,0.287677,-0.110964,0.015875
0.483189,0.038242,0.200817,0.673121,0.142945,0.198744,0.673227,-0.066254,0.198165,0.293150,0.142739,0.203469,0.293256,-0.066460,0.202890,0.576354,0.188850,0.016500,0.649623,-0.111271,0.037104,0.292001,0.188615,0.049357,0.287353,-0.111396,0.015907
0.490236,0.037411,0.199391,0.679246,0.143696,0.194951,0.681053,-0.065486,0.192893,0.299419,0.140307,0.205889,0.301226,-0.068875,0.203831,0.613281,0.190290,0.021140,0.645700,-0.109517,0.017222,0.318037,0.187566,0.038805,0.279969,-0.112698,0.019429
0.496773,0.036827,0.195196,0.684864,0.144663,0.189334,0.688397,-0.064502,0.187862,0.305149,0.138156,0.202530,0.308682,-0.071009,0.201057,0.659933,0.190817,0.030665,0.646254,-0.109461,0.015975,0.344855,0.185520,0.026990,0.268190,-0.115971,0.033506
0.503048,0.037045,0.189929,0.690747,0.145564,0.184114,0.695064,-0.063590,0.183322,0.311032,0.137679,0.196536,0.315349,-0.071475,0.195744,0.691836,0.191589,0.040769,0.646781,-0.109412,0.015859,0.355321,0.184737,0.015957,0.264897,-0.117401,0.043638
0.509317,0.037235,0.185541,0.697012,0.145773,0.179914,0.701351,-0.063381,0.179169,0.317284,0.137852,0.191914,0.321623,-0.071302,0.191169,0.709339,0.191977,0.042910,0.647265,-0.109381,0.015832,0.356003,0.184742,0.015950,0.267608,-0.117391,0.053153
0.515715,0.037430,0.183295,0.703409,0.145956,0.177468,0.707737,-0.063198,0.176778,0.323692,0.138058,0.189812,0.328020,-0.071096,0.189123,0.720985,0.192226,0.042035,0.647825,-0.109368,0.015774,0.356620,0.184772,0.015979,0.273553,-0.117256,0.059513
0.522217,0.037868,0.183084,0.709906,0.146375,0.176739,0.714223,-0.062780,0.176398,0.330211,0.138517,0.189769,0.334528,-0.070638,0.189428,0.730238,0.192477,0.040630,0.648440,-0.109336,0.015830,0.357172,0.184816,0.015964,0.280970,-0.116999,0.063822
0.528824,0.038776,0.184210,0.716511,0.147243,0.177164,0.720815,-0.061912,0.177694,0.336833,0.139465,0.190725,0.341137,-0.069690,0.191255,0.737871,0.192792,0.039006,0.649085,-0.109258,0.015817,0.357682,0.184911,0.015934,0.289331,-0.116531,0.066920
0.535503,0.040283,0.185962,0.723194,0.148682,0.178029,0.727484,-0.060464,0.180090,0.343522,0.141030,0.191835,0.347812,-0.068116,0.193896,0.743985,0.193178,0.036735,0.649742,-0.109139,0.015859,0.358191,0.185059,0.015865,0.298925,-0.115809,0.069229
0.542240,0.042423,0.187837,0.729923,0.150752,0.178818,0.734233,-0.058361,0.183081,0.350248,0.143207,0.192593,0.354557,-0.065905,0.196856,0.748419,0.193632,0.033116,0.650400,-0.108966,0.015877,0.358739,0.185249,0.015913,0.310517,-0.114861,0.070354
0.549042,0.045212,0.189487,0.736686,0.153481,0.179076,0.741077,-0.055551,0.186216,0.357007,0.145974,0.192759,0.361397,-0.063058,0.199899,0.750596,0.194063,0.026942,0.651056,-0.108746,0.015907,0.359327,0.185469,0.015930,0.325051,-0.113774,0.069163
0.555855,0.048523,0.190514,0.743488,0.156592,0.178023,0.747882,-0.052290,0.188674,0.363828,0.149336,0.192353,0.368222,-0.059546,0.203005,0.748700,0.193967,0.016161,0.651542,-0.108640,0.016025,0.359924,0.185777,0.015934,0.343924,-0.112686,0.063582
0.562462,0.051533,0.190711,0.750176,0.159152,0.175793,0.754348,-0.049558,0.189490,0.370575,0.152623,0.191932,0.374747,-0.056086,0.205629,0.749174,0.194184,0.015735,0.664066,-0.108305,0.016005,0.359868,0.186416,0.015938,0.370213,-0.111885,0.050956
0.568893,0.053364,0.190247,0.756760,0.160574,0.174331,0.760628,-0.048020,0.189758,0.377159,0.154748,0.190737,0.381027,-0.053847,0.206164,0.749681,0.194295,0.015730,0.711277,-0.107202,0.018247,0.359349,0.187067,0.015873,0.405106,-0.111430,0.037853
0.575600,0.053661,0.188138,0.763510,0.160852,0.172613,0.767338,-0.047717,0.188394,0.383861,0.155040,0.187883,0.387689,-0.053529,0.203664,0.750219,0.194333,0.015839,0.762731,-0.105682,0.025926,0.359885,0.187171,0.015862,0.444244,-0.111297,0.028967
0.582779,0.052422,0.184100,0.770742,0.159765,0.170371,0.774547,-0.048898,0.184852,0.391011,0.153741,0.183348,0.394816,-0.054922,0.197830,0.750801,0.194246,0.015870,0.800349,-0.104367,0.035401,0.360715,0.187120,0.015700,0.477659,-0.111326,0.019916
0.590170,0.050659,0.179472,0.778140,0.158174,0.167263,0.781963,-0.050614,0.179816,0.398377,0.151933,0.179128,0.402200,-0.056855,0.191681,0.751386,0.194123,0.015899,0.824594,-0.103572,0.043448,0.361422,0.186973,0.015752,0.483457,-0.111473,0.015935
0.597303,0.049171,0.175729,0.785208,0.156913,0.164553,0.789170,-0.051963,0.175491,0.405436,0.150306,0.175967,0.409399,-0.058570,0.186905,0.751963,0.194019,0.015924,0.838650,-0.103098,0.050355,0.362595,0.186834,0.019772,0.484209,-0.111630,0.015831
0.604137,0.048050,0.173668,0.792021,0.155948,0.163719,0.796051,-0.052995,0.173274,0.412224,0.149095,0.174062,0.416254,-0.059848,0.183617,0.752585,0.193940,0.016049,0.846791,-0.102989,0.053728,0.365693,0.186887,0.024996,0.484906,-0.111709,0.015700
0.610764,0.047184,0.173317,0.798636,0.155220,0.164756,0.802724,-0.053772,0.173129,0.418803,0.148140,0.173505,0.422891,-0.060852,0.181877,0.753277,0.193870,0.016040,0.852477,-0.103086,0.053514,0.370536,0.186895,0.028821,0.485566,-0.111781,0.015644
0.617268,0.046535,0.174291,0.805129,0.154696,0.167170,0.809275,-0.054332,0.174564,0.425260,0.147403,0.174019,0.429406,-0.061625,0.181412,0.753979,0.193820,0.015945,0.856917,-0.103223,0.051631,0.376549,0.186894,0.031799,0.486182,-0.111845,0.015759
0.623722,0.046047,0.176133,0.811579,0.154300,0.170435,0.815762,-0.054755,0.177013,0.431682,0.146850,0.175254,0.435865,-0.062205,0.181832,0.754690,0.193781,0.015898,0.860271,-0.103365,0.049284,0.383291,0.186940,0.034674,0.486769,-0.111891,0.015839
0.630180,0.045635,0.178418,0.818031,0.153959,0.174057,0.822243,-0.055116,0.179921,0.438118,0.146387,0.176914,0.442329,-0.062689,0.182779,0.755381,0.193736,0.015821,0.862688,-0.103497,0.047338,0.390605,0.187003,0.037746,0.487326,-0.111941,0.015897
0.636690,0.045296,0.180865,0.824534,0.153673,0.177650,0.828768,-0.055419,0.182878,0.444613,0.146010,0.178852,0.448847,-0.063082,0.184080,0.756073,0.193712,0.015716,0.864425,-0.103583,0.046386,0.398447,0.187115,0.041509,0.487867,-0.111969,0.015927
0.643284,0.044937,0.183393,0.831108,0.153372,0.181093,0.835381,-0.055734,0.185702,0.451187,0.145608,0.181083,0.455460,-0.063497,0.185692,0.756750,0.193680,0.015803,0.865636,-0.103653,0.046561,0.406856,0.187200,0.046196,0.488392,-0.112036,0.015942
0.650030,0.044468,0.186104,0.837839,0.152941,0.184552,0.842140,-0.056179,0.188393,0.457921,0.145115,0.183816,0.462221,-0.064006,0.187657,0.757424,0.193656,0.015846,0.866341,-0.103729,0.047911,0.415979,0.187290,0.051543,0.488900,-0.112078,0.015932
0.657003,0.043797,0.189146,0.844795,0.152307,0.188194,0.849129,-0.056829,0.191055,0.464878,0.144422,0.187237,0.469212,-0.064714,0.190098,0.758099,0.193617,0.015881,0.866245,-0.103871,0.049798,0.426319,0.187303,0.056813,0.489374,-0.112144,0.015864
0.664328,0.042854,0.192559,0.852098,0.151405,0.192051,0.856474,-0.057743,0.193685,0.472181,0.143451,0.191432,0.476558,-0.065697,0.193066,0.758792,0.193538,0.015854,0.864794,-0.104142,0.051280,0.438765,0.187190,0.060442,0.489846,-0.112264,0.015871
0.672007,0.041710,0.196090,0.859770,0.150273,0.195666,0.864159,-0.058881,0.195865,0.479854,0.142300,0.196316,0.484244,-0.066853,0.196514,0.759511,0.193459,0.015927,0.861798,-0.104528,0.050229,0.454159,0.187093,0.060727,0.490329,-0.112357,0.015872
0.679798,0.040653,0.198816,0.867498,0.149315,0.197266,0.871986,-0.059834,0.196141,0.487610,0.141140,0.201491,0.492098,-0.068008,0.200366,0.760185,0.193448,0.015937,0.857476,-0.104783,0.043028,0.473321,0.187078,0.055844,0.490732,-0.112507,0.015847
0.687315,0.039787,0.199508,0.874592,0.149138,0.196220,0.879803,-0.059980,0.193506,0.494827,0.139554,0.205511,0.500038,-0.069563,0.202796,0.793343,0.194921,0.015942,0.851378,-0.103992,0.026776,0.497502,0.187157,0.046211,0.490444,-0.112844,0.015867
0.694639,0.039082,0.196856,0.881067,0.149792,0.191458,0.887764,-0.059281,0.188554,0.501515,0.137444,0.205159,0.508212,-0.071629,0.202255,0.842613,0.196390,0.022106,0.848888,-0.103607,0.015972,0.526837,0.186104,0.034432,0.483237,-0.115404,0.022052
0.701622,0.039207,0.191772,0.887245,0.151217,0.185526,0.895428,-0.057814,0.183561,0.507816,0.136229,0.199982,0.515999,-0.072802,0.198017,0.881508,0.197911,0.033216,0.849475,-0.103524,0.015914,0.552571,0.185182,0.017560,0.476159,-0.118302,0.033454
0.708420,0.039974,0.186271,0.893992,0.152062,0.179898,0.902283,-0.056969,0.178523,0.514556,0.136918,0.194019,0.522848,-0.072113,0.192644,0.903524,0.198851,0.039359,0.849988,-0.103460,0.015837,0.553367,0.185115,0.015967,0.475037,-0.118510,0.042776
0.715084,0.040749,0.182775,0.900664,0.152793,0.175891,0.908926,-0.056243,0.175083,0.521242,0.137740,0.190466,0.529504,-0.071295,0.189658,0.916493,0.199431,0.039660,0.850538,-0.103420,0.015790,0.554060,0.185197,0.015974,0.477750,-0.118304,0.054487
0.721767,0.041794,0.181832,0.907337,0.153792,0.173995,0.915583,-0.055245,0.174069,0.527952,0.138833,0.189594,0.536198,-0.070204,0.189668,0.926363,0.199980,0.038876,0.851160,-0.103328,0.015813,0.554660,0.185310,0.015956,0.483303,-0.117821,0.062849
0.728546,0.043266,0.182809,0.914101,0.155197,0.173752,0.922336,-0.053835,0.175204,0.534756,0.140368,0.190415,0.542991,-0.068665,0.191867,0.934409,0.200535,0.037165,0.851829,-0.103207,0.015812,0.555190,0.185447,0.015844,0.490659,-0.117070,0.068447
0.735441,0.045361,0.184799,0.920978,0.157201,0.174367,0.929223,-0.051807,0.177861,0.541659,0.142528,0.191737,0.549904,-0.066480,0.195231,0.940817,0.201136,0.034439,0.852519,-0.103033,0.015841,0.555715,0.185634,0.015875,0.499864,-0.116004,0.072126
0.742426,0.048100,0.187051,0.927929,0.159845,0.175099,0.936232,-0.049098,0.181307,0.548620,0.145297,0.192795,0.556923,-0.063646,0.199003,0.945354,0.201731,0.029975,0.853211,-0.102820,0.015853,0.556281,0.185852,0.015925,0.511567,-0.114683,0.073504
0.749451,0.051453,0.188989,0.934911,0.163062,0.175242,0.943293,-0.045752,0.184787,0.555609,0.148657,0.193191,0.563990,-0.060157,0.202735,0.947174,0.202098,0.022318,0.853873,-0.102593,0.015951,0.556860,0.186140,0.015945,0.526711,-0.113178,0.071664
0.756416,0.055199,0.190203,0.941892,0.166485,0.174225,0.950228,-0.042122,0.187579,0.562605,0.152519,0.192827,0.570941,-0.056088,0.206181,0.946594,0.202106,0.015729,0.854350,-0.102514,0.016044,0.557435,0.186570,0.015963,0.547034,-0.111680,0.064686
0.763182,0.058243,0.190920,0.948696,0.169212,0.173265,0.956958,-0.039177,0.189719,0.569406,0.155662,0.192121,0.577668,-0.052726,0.208575,0.947119,0.202333,0.015681,0.878637,-0.101671,0.015424,0.557866,0.186921,0.015948,0.575476,-0.110862,0.051248
0.769888,0.059921,0.190784,0.955477,0.170646,0.172403,0.963606,-0.037619,0.190406,0.576169,0.157462,0.191163,0.584299,-0.050803,0.209166,0.947680,0.202449,0.015696,0.914126,-0.099914,0.020239,0.558062,0.187259,0.015901,0.610618,-0.110070,0.039808
