-0.006794,-0.012505,0.333257,0.182023,0.094133,0.337470,0.184270,-0.115055,0.337654,-0.197858,0.090046,0.328859,-0.195611,-0.119142,0.329044,0.203249,0.139669,0.173247,0.190212,-0.160587,0.175534,-0.191656,0.135403,0.145756,-0.166545,-0.164443,0.147015
-0.009977,-0.018959,0.318627,0.178497,0.088335,0.321188,0.181496,-0.120835,0.319279,-0.201451,0.082917,0.317975,-0.198452,-0.126253,0.316066,0.196386,0.135779,0.131488,0.174545,-0.165076,0.175150,-0.210114,0.130225,0.101531,-0.186713,-0.169547,0.097602
-0.013739,-0.024818,0.300050,0.174907,0.082202,0.299157,0.177585,-0.126977,0.300535,-0.205062,0.077340,0.299564,-0.202384,-0.131839,0.300943,0.157576,0.126001,0.081669,0.167510,-0.173577,0.146207,-0.187596,0.121292,0.037665,-0.191809,-0.178867,0.041588
-0.018803,-0.030251,0.279475,0.170606,0.075324,0.275036,0.171709,-0.133869,0.276359,-0.209314,0.073368,0.282591,-0.208211,-0.135825,0.283914,0.123609,0.119039,0.039406,0.177062,-0.180326,0.112806,-0.178829,0.117296,0.016058,-0.195934,-0.182908,0.015582
-0.021078,-0.033020,0.262594,0.168916,0.069889,0.243808,0.167146,-0.139301,0.244786,-0.209302,0.073261,0.280402,-0.211073,-0.135929,0.281381,0.095456,0.114893,0.015157,0.161320,-0.185558,0.062319,-0.181553,0.117256,0.019132,-0.195945,-0.182752,0.015835
-0.020912,-0.034470,0.247671,0.166860,0.068935,0.214656,0.165486,-0.140260,0.214427,-0.207311,0.071321,0.280916,-0.208685,-0.137875,0.280687,0.093693,0.115084,0.015874,0.126147,-0.185246,0.025596,-0.173967,0.116830,0.026669,-0.195744,-0.183121,0.015672
-0.019403,-0.035446,0.233537,0.165958,0.068121,0.189310,0.164518,-0.141071,0.188178,-0.203325,0.070179,0.278896,-0.204765,-0.139013,0.277764,0.092937,0.115013,0.015923,0.111250,-0.185224,0.015874,-0.147430,0.116560,0.035908,-0.195289,-0.183112,0.015609
-0.016184,-0.035568,0.220107,0.167336,0.068058,0.168890,0.165858,-0.141132,0.167590,-0.198226,0.069996,0.272625,-0.199704,-0.139195,0.271324,0.092740,0.114989,0.015898,0.110893,-0.185253,0.015871,-0.119961,0.116318,0.043707,-0.194502,-0.183094,0.015701
-0.011503,-0.035423,0.206667,0.170680,0.068225,0.150921,0.169210,-0.140967,0.149708,-0.192217,0.070120,0.263626,-0.193686,-0.139071,0.262412,0.092990,0.115005,0.015880,0.111022,-0.185234,0.015850,-0.103962,0.116209,0.046990,-0.193498,-0.183094,0.015845
-0.006084,-0.035408,0.193475,0.175301,0.068257,0.135217,0.173825,-0.140934,0.133995,-0.185994,0.070118,0.252955,-0.187470,-0.139073,0.251733,0.093587,0.114982,0.015948,0.111527,-0.185256,0.015793,-0.099001,0.116173,0.044683,-0.192395,-0.183113,0.015974
-0.000544,-0.035561,0.180691,0.180755,0.068164,0.122270,0.179269,-0.141026,0.120810,-0.180356,0.069904,0.240572,-0.181843,-0.139285,0.239112,0.094427,0.114972,0.015914,0.112334,-0.185269,0.015807,-0.100749,0.116202,0.038336,-0.191241,-0.183113,0.015980
0.004751,-0.035683,0.168352,0.187042,0.067854,0.112752,0.185251,-0.141330,0.110911,-0.175749,0.069965,0.225793,-0.177539,-0.139220,0.223952,0.095385,0.114945,0.015869,0.113297,-0.185331,0.015819,-0.106259,0.116560,0.028426,-0.189860,-0.182737,0.015908
0.009588,-0.035332,0.156122,0.193811,0.067895,0.106651,0.191815,-0.141289,0.105059,-0.172639,0.070626,0.207185,-0.174634,-0.138559,0.205592,0.096344,0.114970,0.015908,0.114256,-0.185324,0.015894,-0.111253,0.116954,0.015385,-0.185387,-0.182473,0.016993
0.014320,-0.035324,0.143986,0.200636,0.067815,0.102877,0.198632,-0.141369,0.101267,-0.169991,0.070721,0.186705,-0.171995,-0.138463,0.185096,0.102654,0.114875,0.016071,0.115221,-0.185366,0.015871,-0.110355,0.116919,0.015741,-0.177359,-0.182646,0.026734
0.019323,-0.035690,0.133082,0.207239,0.067526,0.100290,0.205289,-0.141652,0.098009,-0.166642,0.070272,0.168156,-0.168592,-0.138907,0.165875,0.125091,0.114605,0.021551,0.116100,-0.185380,0.015871,-0.109648,0.116856,0.015814,-0.164597,-0.182993,0.037011
0.024935,-0.036209,0.123905,0.214099,0.067037,0.099443,0.212165,-0.142129,0.096210,-0.162295,0.069711,0.151601,-0.164229,-0.139455,0.148368,0.153405,0.114131,0.029837,0.116947,-0.185465,0.015884,-0.108982,0.116773,0.015895,-0.149527,-0.183415,0.042688
0.031235,-0.036713,0.116542,0.221278,0.066513,0.100132,0.219369,-0.142635,0.095872,-0.156899,0.069210,0.137211,-0.158808,-0.139938,0.132951,0.179312,0.113624,0.037959,0.117721,-0.185538,0.015830,-0.108298,0.116696,0.016005,-0.134950,-0.183811,0.044279
0.038048,-0.037140,0.110894,0.228601,0.066013,0.101410,0.226715,-0.143114,0.096224,-0.150620,0.068834,0.125564,-0.152506,-0.140293,0.120378,0.198485,0.113218,0.042226,0.118456,-0.185608,0.015776,-0.107554,0.116628,0.016014,-0.121625,-0.184112,0.042749
0.045094,-0.037369,0.106862,0.235899,0.065661,0.102464,0.233999,-0.143453,0.096763,-0.143812,0.068715,0.116961,-0.145712,-0.140398,0.111260,0.210365,0.113100,0.038688,0.119180,-0.185674,0.015909,-0.106729,0.116602,0.015916,-0.109295,-0.184228,0.039015
0.052313,-0.037170,0.104185,0.243214,0.065764,0.102650,0.241305,-0.143359,0.097308,-0.136679,0.069018,0.111062,-0.138588,-0.140105,0.105719,0.214781,0.113488,0.024477,0.119864,-0.185639,0.015979,-0.105760,0.116635,0.015825,-0.098285,-0.184112,0.034163
0.059298,-0.036705,0.103139,0.250208,0.066223,0.103399,0.248355,-0.142926,0.099190,-0.129760,0.069516,0.107088,-0.131613,-0.139633,0.102879,0.213051,0.113776,0.015828,0.120475,-0.185579,0.015947,-0.104739,0.116592,0.015830,-0.089195,-0.183960,0.027849
0.066145,-0.036819,0.105613,0.256986,0.066018,0.112334,0.255174,-0.143133,0.108188,-0.122884,0.069494,0.103039,-0.124697,-0.139657,0.098892,0.213867,0.113766,0.015807,0.120674,-0.185601,0.016008,-0.103672,0.116517,0.015832,-0.079834,-0.183861,0.015906
0.072994,-0.036873,0.111657,0.263424,0.065803,0.126999,0.261603,-0.143352,0.123060,-0.115615,0.069606,0.100253,-0.117436,-0.139549,0.096315,0.214586,0.113779,0.015937,0.120697,-0.185570,0.016023,-0.102524,0.116541,0.015862,-0.078854,-0.183833,0.016042
0.079351,-0.036896,0.120398,0.268901,0.065644,0.144846,0.267070,-0.143517,0.141248,-0.108367,0.069725,0.099549,-0.110198,-0.139436,0.095951,0.215254,0.113791,0.015850,0.124354,-0.185579,0.016442,-0.102679,0.116488,0.020849,-0.077760,-0.183801,0.015923
0.085342,-0.037010,0.130285,0.273436,0.065396,0.164563,0.271603,-0.143768,0.161125,-0.100918,0.069747,0.099445,-0.102751,-0.139416,0.096008,0.215943,0.113802,0.015825,0.138832,-0.185703,0.017606,-0.102064,0.116178,0.040842,-0.076556,-0.183787,0.015883
0.090916,-0.037117,0.140615,0.277180,0.065194,0.183966,0.275348,-0.143973,0.180710,-0.093517,0.069739,0.100521,-0.095349,-0.139428,0.097264,0.216688,0.113799,0.015828,0.154655,-0.185888,0.021053,-0.096686,0.115782,0.064660,-0.075342,-0.183793,0.015856
0.096100,-0.037163,0.151003,0.280371,0.065107,0.202250,0.278544,-0.144063,0.199248,-0.086344,0.069738,0.102758,-0.088171,-0.139433,0.099756,0.217460,0.113788,0.015910,0.171338,-0.186085,0.025190,-0.088082,0.115408,0.088934,-0.074235,-0.183806,0.015819
0.101048,-0.037148,0.161370,0.283348,0.065123,0.219235,0.281534,-0.144051,0.216482,-0.079439,0.069756,0.106259,-0.081253,-0.139418,0.103506,0.218271,0.113819,0.015907,0.190916,-0.186251,0.028791,-0.079048,0.115201,0.106840,-0.073243,-0.183790,0.015933
0.105934,-0.037148,0.171657,0.286466,0.065154,0.234774,0.284677,-0.144023,0.232236,-0.072809,0.069728,0.111078,-0.074598,-0.139449,0.108540,0.219128,0.113840,0.015946,0.213443,-0.186434,0.031595,-0.072421,0.115173,0.111622,-0.072437,-0.183799,0.015959
0.110769,-0.037140,0.181480,0.289784,0.065180,0.248751,0.287995,-0.143999,0.246389,-0.066457,0.069719,0.116571,-0.068246,-0.139460,0.114209,0.220007,0.113861,0.015888,0.238984,-0.186644,0.034669,-0.066069,0.115165,0.117073,-0.071803,-0.183774,0.015946
0.115658,-0.037132,0.190738,0.293554,0.065216,0.260871,0.291757,-0.143965,0.258687,-0.060441,0.069700,0.122788,-0.062239,-0.139481,0.120604,0.220904,0.113852,0.015895,0.267193,-0.186904,0.037996,-0.060050,0.115146,0.123263,-0.071364,-0.183763,0.015900
0.120728,-0.037125,0.199292,0.297992,0.065262,0.270954,0.296197,-0.143920,0.268910,-0.054741,0.069671,0.129675,-0.056537,-0.139512,0.127631,0.221806,0.113863,0.015904,0.296924,-0.187156,0.041293,-0.054351,0.115117,0.130118,-0.071096,-0.183749,0.015894
0.126131,-0.037140,0.206935,0.303348,0.065284,0.278661,0.301549,-0.143900,0.276735,-0.049287,0.069620,0.137134,-0.051086,-0.139563,0.135208,0.222722,0.113851,0.015842,0.327322,-0.187442,0.045038,-0.048896,0.115066,0.137557,-0.070963,-0.183747,0.015877
0.131985,-0.037102,0.213414,0.309770,0.065382,0.283630,0.307974,-0.143802,0.281853,-0.044004,0.069599,0.144974,-0.045801,-0.139586,0.143197,0.223557,0.113851,0.015833,0.357279,-0.187701,0.048928,-0.043614,0.115045,0.145365,-0.070964,-0.183742,0.015876
0.138424,-0.036934,0.218575,0.317367,0.065645,0.285642,0.315566,-0.143542,0.284122,-0.038718,0.069674,0.153027,-0.040520,-0.139513,0.151507,0.224302,0.113858,0.015932,0.385414,-0.187915,0.052602,-0.038328,0.115121,0.153363,-0.071052,-0.183717,0.015880
0.145535,-0.036659,0.222246,0.326111,0.066048,0.284572,0.324310,-0.143141,0.283417,-0.033241,0.069823,0.161075,-0.035042,-0.139366,0.159919,0.224924,0.113855,0.015975,0.409497,-0.188063,0.054558,-0.032851,0.115270,0.161333,-0.071191,-0.183712,0.015893
0.153303,-0.036270,0.224135,0.335831,0.066588,0.280214,0.334068,-0.142603,0.279440,-0.027461,0.070063,0.168829,-0.029225,-0.139129,0.168055,0.225444,0.113948,0.015998,0.427676,-0.188005,0.052541,-0.027079,0.115511,0.169007,-0.071338,-0.183663,0.015899
0.161606,-0.035774,0.223871,0.346296,0.067216,0.272078,0.344528,-0.141977,0.271846,-0.021316,0.070428,0.175895,-0.023084,-0.138764,0.175663,0.225769,0.113969,0.015995,0.439145,-0.187977,0.045257,-0.020849,0.115877,0.175374,-0.071478,-0.183630,0.015926
0.170311,-0.035301,0.221410,0.357121,0.067807,0.260294,0.355394,-0.141386,0.260542,-0.014772,0.070783,0.182278,-0.016499,-0.138409,0.182525,0.225974,0.114052,0.015987,0.443522,-0.187835,0.031931,-0.013160,0.116214,0.175620,-0.071593,-0.183603,0.015926
0.179346,-0.035225,0.217055,0.368001,0.067869,0.245727,0.366266,-0.141323,0.246129,-0.007574,0.070873,0.187982,-0.009309,-0.138319,0.188384,0.226226,0.114055,0.015984,0.441028,-0.187838,0.015829,-0.002453,0.116246,0.169253,-0.071633,-0.183586,0.015923
0.187767,-0.034927,0.213029,0.377520,0.068177,0.233138,0.375786,-0.141015,0.233898,-0.000252,0.071160,0.192161,-0.001986,-0.138031,0.192921,0.226623,0.114091,0.015975,0.440385,-0.187794,0.015861,0.013345,0.116364,0.155002,-0.071602,-0.183549,0.015904
0.195406,-0.034676,0.210235,0.385709,0.068426,0.224232,0.383978,-0.140764,0.225307,0.006834,0.071413,0.195163,0.005103,-0.137778,0.196238,0.227045,0.114121,0.015947,0.440084,-0.187756,0.015921,0.033462,0.116356,0.138963,-0.071532,-0.183522,0.015901
0.202688,-0.034531,0.207932,0.393309,0.068552,0.216815,0.391577,-0.140637,0.218108,0.013799,0.071576,0.197755,0.012068,-0.137613,0.199048,0.227523,0.114135,0.015919,0.439930,-0.187740,0.015897,0.055403,0.116234,0.124932,-0.071465,-0.183506,0.015895
0.209770,-0.034431,0.205795,0.400566,0.068623,0.210038,0.398832,-0.140564,0.211491,0.020708,0.071702,0.200100,0.018975,-0.137486,0.201552,0.228027,0.114157,0.015882,0.439856,-0.187715,0.015909,0.077855,0.116074,0.112747,-0.071405,-0.183479,0.015891
0.216785,-0.034409,0.203846,0.407644,0.068616,0.203673,0.405912,-0.140571,0.205244,0.027659,0.071754,0.202448,0.025927,-0.137433,0.204019,0.228549,0.114141,0.015791,0.439857,-0.187727,0.015910,0.099673,0.115854,0.101739,-0.071362,-0.183493,0.015886
0.223799,-0.034416,0.202170,0.414624,0.068571,0.197626,0.412886,-0.140616,0.199234,0.034711,0.071784,0.205107,0.032974,-0.137403,0.206715,0.229109,0.114167,0.015775,0.439907,-0.187703,0.015907,0.120058,0.115650,0.090918,-0.071378,-0.183456,0.015883
0.230856,-0.034409,0.200747,0.421535,0.068542,0.191590,0.419800,-0.140644,0.193302,0.041912,0.071827,0.208193,0.040177,-0.137359,0.209905,0.229683,0.114147,0.015768,0.440011,-0.187717,0.015907,0.138671,0.115423,0.079342,-0.071474,-0.183474,0.015885
0.237991,-0.034355,0.199450,0.428400,0.068552,0.185455,0.426667,-0.140633,0.187296,0.049316,0.071923,0.211605,0.047583,-0.137262,0.213446,0.230259,0.114154,0.015833,0.440164,-0.187706,0.015900,0.155041,0.115224,0.066654,-0.071631,-0.183466,0.015888
0.245180,-0.034317,0.197973,0.435187,0.068545,0.179051,0.433458,-0.140639,0.180992,0.056902,0.072005,0.214955,0.055174,-0.137179,0.216896,0.230868,0.114173,0.015880,0.440345,-0.187681,0.015894,0.168520,0.115036,0.053348,-0.071822,-0.183448,0.015890
0.252354,-0.034271,0.195801,0.441847,0.068531,0.172026,0.440114,-0.140651,0.174113,0.064593,0.072109,0.217490,0.062861,-0.137073,0.219577,0.231479,0.114169,0.015897,0.440554,-0.187688,0.015881,0.178558,0.114853,0.040459,-0.071966,-0.183443,0.015889
0.259171,-0.034065,0.192189,0.448078,0.068662,0.163866,0.446351,-0.140518,0.166258,0.071990,0.072387,0.218120,0.070263,-0.136792,0.220512,0.232061,0.114208,0.015906,0.440738,-0.187646,0.015870,0.185236,0.114740,0.028612,-0.071986,-0.183412,0.015916
0.265354,-0.033745,0.186469,0.453707,0.068886,0.154359,0.452000,-0.140287,0.157258,0.078708,0.072797,0.215680,0.077001,-0.136376,0.218579,0.232631,0.114229,0.015945,0.440899,-0.187611,0.015857,0.188013,0.114603,0.016644,-0.067549,-0.183462,0.015793
0.270784,-0.033577,0.178707,0.458723,0.068955,0.143960,0.457007,-0.140212,0.147225,0.084562,0.073059,0.210190,0.082846,-0.136109,0.213455,0.233797,0.114259,0.015933,0.441041,-0.187589,0.015848,0.188633,0.114629,0.015885,-0.054828,-0.183488,0.017958
0.275763,-0.033646,0.169775,0.463640,0.068829,0.134535,0.461885,-0.140336,0.137889,0.089640,0.073045,0.201662,0.087885,-0.136121,0.205016,0.244631,0.114223,0.015917,0.441282,-0.187578,0.015859,0.189266,0.114687,0.015888,-0.034378,-0.183358,0.030068
0.280970,-0.033760,0.160171,0.469275,0.068778,0.127488,0.467573,-0.140385,0.130994,0.094366,0.072865,0.189348,0.092664,-0.136298,0.192854,0.260657,0.114116,0.019056,0.441765,-0.187564,0.015824,0.189893,0.114640,0.015957,-0.005371,-0.183515,0.040292
0.286598,-0.034103,0.150141,0.475722,0.068551,0.123022,0.474034,-0.140615,0.126384,0.099163,0.072408,0.173899,0.097474,-0.136758,0.177260,0.280062,0.114050,0.027350,0.442433,-0.187592,0.015939,0.190492,0.114590,0.015940,0.028428,-0.183781,0.045139
0.292740,-0.034630,0.140252,0.482834,0.068176,0.121907,0.481120,-0.140997,0.124763,0.104359,0.071738,0.155740,0.102646,-0.137436,0.158596,0.302753,0.113946,0.036924,0.443234,-0.187628,0.016015,0.191053,0.114574,0.015893,0.061560,-0.184077,0.047109
0.299488,-0.035294,0.131205,0.490258,0.067690,0.124695,0.488547,-0.141493,0.126771,0.110430,0.070906,0.135639,0.108718,-0.138277,0.137715,0.328899,0.113664,0.044144,0.444111,-0.187683,0.015957,0.191521,0.114507,0.015800,0.090290,-0.184458,0.049250
0.306915,-0.035889,0.123816,0.497598,0.067175,0.131497,0.495855,-0.142014,0.132788,0.117976,0.070236,0.114844,0.116232,-0.138952,0.116135,0.356672,0.113287,0.048046,0.444962,-0.187763,0.015973,0.191924,0.114461,0.015733,0.112617,-0.184776,0.051076
0.314831,-0.036293,0.119085,0.504252,0.066806,0.142138,0.502501,-0.142385,0.142864,0.127160,0.069799,0.095306,0.125410,-0.139392,0.096032,0.384356,0.112940,0.049541,0.445723,-0.187803,0.015856,0.192322,0.114429,0.015667,0.128987,-0.185030,0.051147
0.322697,-0.036514,0.117922,0.509609,0.066621,0.156236,0.507870,-0.142571,0.156701,0.137523,0.069543,0.079143,0.135784,-0.139650,0.079608,0.411530,0.112653,0.050628,0.446396,-0.187825,0.015802,0.192816,0.114393,0.015654,0.141597,-0.185218,0.048986
0.329908,-0.036629,0.120570,0.513380,0.066538,0.172876,0.511632,-0.142655,0.173260,0.148185,0.069397,0.067881,0.146436,-0.139795,0.068265,0.437131,0.112406,0.052719,0.446990,-0.187855,0.015740,0.193602,0.114374,0.015776,0.152506,-0.185339,0.045483
0.335972,-0.036636,0.126445,0.515580,0.066631,0.190615,0.513856,-0.142561,0.191086,0.158088,0.069288,0.061805,0.156363,-0.139904,0.062276,0.459143,0.112241,0.054115,0.447580,-0.187861,0.015857,0.194780,0.114334,0.015985,0.162910,-0.185458,0.040886
0.340809,-0.036583,0.134462,0.516795,0.066747,0.207898,0.515057,-0.142445,0.208433,0.166560,0.069279,0.060490,0.164823,-0.139913,0.061025,0.476056,0.112136,0.051057,0.448177,-0.187834,0.015847,0.196323,0.114370,0.016137,0.173008,-0.185500,0.034487
0.344927,-0.036743,0.143243,0.518154,0.066541,0.223029,0.516417,-0.142651,0.223340,0.173436,0.069165,0.063145,0.171700,-0.140028,0.063456,0.487070,0.111983,0.043051,0.448788,-0.187850,0.015879,0.198031,0.114342,0.016058,0.183095,-0.185633,0.023471
0.349051,-0.037140,0.151474,0.520786,0.065892,0.234736,0.518986,-0.143300,0.234500,0.179115,0.069020,0.068448,0.177315,-0.140172,0.068213,0.491111,0.111829,0.031599,0.449421,-0.187906,0.015919,0.199571,0.114355,0.015911,0.188462,-0.185661,0.015957
0.353912,-0.036903,0.158768,0.526172,0.065955,0.241157,0.523687,-0.143229,0.241911,0.184138,0.069422,0.075626,0.181653,-0.139762,0.076380,0.485519,0.111079,0.015853,0.453133,-0.188657,0.016325,0.200809,0.114461,0.015554,0.189358,-0.185525,0.016106
0.359058,-0.036484,0.165973,0.531805,0.066626,0.247018,0.529372,-0.142556,0.248333,0.188745,0.069588,0.083613,0.186312,-0.139593,0.084928,0.486272,0.111156,0.015855,0.467444,-0.188728,0.019560,0.196803,0.114620,0.031378,0.190063,-0.185525,0.015902
0.364069,-0.036316,0.173898,0.536960,0.066872,0.254534,0.534524,-0.142308,0.256068,0.193614,0.069676,0.091728,0.191178,-0.139504,0.093262,0.487042,0.111157,0.015907,0.485800,-0.188892,0.024744,0.194676,0.114928,0.065803,0.190597,-0.185520,0.015858
0.369102,-0.036186,0.182615,0.542196,0.067055,0.262747,0.539766,-0.142124,0.264422,0.198439,0.069752,0.100809,0.196009,-0.139427,0.102483,0.487876,0.111164,0.015871,0.508911,-0.189096,0.030120,0.198967,0.115197,0.100450,0.190929,-0.185517,0.015814
0.374424,-0.036171,0.191842,0.547976,0.067055,0.270996,0.545549,-0.142124,0.272658,0.203299,0.069782,0.111026,0.200872,-0.139397,0.112688,0.488768,0.111170,0.015913,0.536801,-0.189364,0.035130,0.203826,0.115228,0.110670,0.191068,-0.185507,0.015839
0.380081,-0.036179,0.200607,0.554303,0.067025,0.278305,0.551873,-0.142154,0.279967,0.208290,0.069797,0.121247,0.205859,-0.139382,0.122909,0.489685,0.111145,0.015946,0.567590,-0.189694,0.040617,0.208818,0.115242,0.120885,0.191090,-0.185516,0.015829
0.386120,-0.036156,0.208391,0.561387,0.067034,0.283720,0.558962,-0.142145,0.285417,0.213277,0.069833,0.131365,0.210853,-0.139346,0.133063,0.490584,0.111137,0.015920,0.598995,-0.190006,0.046004,0.213804,0.115279,0.131002,0.191011,-0.185522,0.015838
0.392626,-0.036102,0.214880,0.569350,0.067069,0.286751,0.566924,-0.142109,0.288527,0.218328,0.069904,0.141233,0.215902,-0.139274,0.143009,0.491399,0.111128,0.015822,0.629564,-0.190305,0.051185,0.218854,0.115350,0.140852,0.190862,-0.185518,0.015849
0.399710,-0.036011,0.219844,0.578283,0.067136,0.287027,0.575852,-0.142041,0.288928,0.223567,0.070020,0.150760,0.221137,-0.139158,0.152661,0.492117,0.111128,0.015829,0.657445,-0.190566,0.055462,0.224095,0.115465,0.150351,0.190677,-0.185502,0.015860
0.407413,-0.035789,0.223061,0.588146,0.067356,0.284199,0.585712,-0.141818,0.286377,0.229115,0.070239,0.159746,0.226681,-0.138935,0.161924,0.492684,0.111129,0.015860,0.680402,-0.190764,0.057070,0.229643,0.115684,0.159281,0.190483,-0.185490,0.015876
0.415684,-0.035492,0.224306,0.598744,0.067630,0.278120,0.596295,-0.141540,0.280649,0.235072,0.070556,0.167963,0.232624,-0.138614,0.170491,0.493105,0.111154,0.015900,0.696802,-0.190914,0.053883,0.235604,0.116000,0.167414,0.190309,-0.185444,0.015875
0.424387,-0.035179,0.223320,0.609791,0.067902,0.268494,0.607341,-0.141263,0.271437,0.241433,0.070905,0.175203,0.238983,-0.138260,0.178146,0.493405,0.111170,0.015921,0.705967,-0.191065,0.044693,0.242130,0.116330,0.173522,0.190174,-0.185429,0.015888
0.433407,-0.034996,0.220231,0.620967,0.067977,0.255714,0.618519,-0.141184,0.258948,0.248295,0.071192,0.181514,0.245847,-0.137969,0.184748,0.493656,0.111218,0.015935,0.707279,-0.191251,0.028031,0.250382,0.116500,0.173414,0.190096,-0.185386,0.015893
0.442614,-0.035202,0.215622,0.631891,0.067599,0.241059,0.629449,-0.141562,0.244276,0.255778,0.071158,0.186968,0.253336,-0.138003,0.190185,0.493977,0.111205,0.015960,0.704249,-0.191408,0.015803,0.261702,0.116246,0.167334,0.190110,-0.185404,0.015895
0.450941,-0.035126,0.211991,0.641136,0.067564,0.229931,0.638689,-0.141594,0.233354,0.263193,0.071343,0.190627,0.260746,-0.137815,0.194051,0.494421,0.111237,0.015963,0.703707,-0.191374,0.015851,0.277277,0.116049,0.154727,0.190186,-0.185365,0.015876
0.458549,-0.034966,0.209432,0.649227,0.067648,0.221841,0.646778,-0.141505,0.225580,0.270321,0.071574,0.193285,0.267872,-0.137579,0.197023,0.494910,0.111234,0.015950,0.703464,-0.191377,0.015866,0.296001,0.115794,0.140737,0.190280,-0.185369,0.015874
0.465860,-0.034935,0.207299,0.656823,0.067599,0.215128,0.654373,-0.141551,0.219007,0.277347,0.071681,0.195591,0.274898,-0.137469,0.199470,0.495434,0.111256,0.015953,0.703349,-0.191352,0.015884,0.316369,0.115428,0.127819,0.190381,-0.185345,0.015867
0.473005,-0.034966,0.205344,0.664138,0.067484,0.209017,0.661679,-0.141663,0.213013,0.284331,0.071732,0.197675,0.281872,-0.137415,0.201670,0.495977,0.111234,0.015944,0.703314,-0.191380,0.015884,0.337369,0.115012,0.116098,0.190465,-0.185352,0.015861
0.480070,-0.035034,0.203588,0.671274,0.067348,0.203319,0.668825,-0.141799,0.207353,0.291315,0.071730,0.199824,0.288866,-0.137416,0.203858,0.496522,0.111241,0.015891,0.703343,-0.191357,0.015882,0.358408,0.114579,0.105064,0.190523,-0.185352,0.015852
0.487152,-0.035187,0.202125,0.678353,0.067116,0.197951,0.675899,-0.142031,0.201940,0.298405,0.071658,0.202309,0.295951,-0.137490,0.206298,0.497091,0.111232,0.015856,0.703428,-0.191364,0.015876,0.378854,0.114113,0.094195,0.190530,-0.185347,0.015854
0.494267,-0.035332,0.200873,0.685370,0.066898,0.192510,0.682919,-0.142251,0.196439,0.305614,0.071588,0.205308,0.303163,-0.137561,0.209237,0.497667,0.111239,0.015775,0.703553,-0.191345,0.015875,0.398252,0.113661,0.082743,0.190461,-0.185334,0.015854
0.501434,-0.035446,0.199706,0.692326,0.066700,0.186764,0.689876,-0.142449,0.190684,0.312993,0.071557,0.208728,0.310542,-0.137592,0.212649,0.498275,0.111230,0.015776,0.703717,-0.191349,0.015869,0.415997,0.113215,0.070266,0.190322,-0.185334,0.015862
0.508633,-0.035507,0.198397,0.699179,0.066550,0.180578,0.696731,-0.142598,0.184556,0.320534,0.071584,0.212237,0.318086,-0.137564,0.216215,0.498867,0.111222,0.015836,0.703899,-0.191352,0.015860,0.431258,0.112794,0.056905,0.190121,-0.185339,0.015868
0.515793,-0.035500,0.196497,0.705865,0.066456,0.173717,0.703417,-0.142689,0.177828,0.328168,0.071690,0.215167,0.325721,-0.137455,0.219277,0.499475,0.111231,0.015871,0.704095,-0.191343,0.015846,0.443068,0.112436,0.043615,0.189928,-0.185325,0.015868
0.522697,-0.035484,0.193347,0.712221,0.066364,0.165982,0.709771,-0.142778,0.170265,0.335624,0.071809,0.216430,0.333174,-0.137333,0.220713,0.500066,0.111239,0.015919,0.704280,-0.191339,0.015837,0.450963,0.112125,0.031107,0.189863,-0.185310,0.015927
0.529009,-0.035378,0.188199,0.717974,0.066391,0.156950,0.715569,-0.142744,0.161572,0.342449,0.071989,0.214826,0.340044,-0.137146,0.219448,0.500638,0.111239,0.015964,0.704446,-0.191301,0.015822,0.454724,0.111835,0.019069,0.192964,-0.185420,0.015789
0.534534,-0.035187,0.180693,0.723103,0.066402,0.146590,0.720642,-0.142722,0.151690,0.348426,0.072348,0.209696,0.345966,-0.136775,0.214796,0.503460,0.111266,0.015947,0.704578,-0.191313,0.015810,0.455352,0.111831,0.015879,0.204806,-0.185431,0.015889
0.539576,-0.035217,0.171771,0.728005,0.066404,0.137003,0.725659,-0.142712,0.142461,0.353492,0.072277,0.201080,0.351146,-0.136838,0.206539,0.512937,0.111138,0.016450,0.704793,-0.191252,0.015812,0.456067,0.111763,0.015963,0.224795,-0.185588,0.026516
0.544794,-0.035423,0.162035,0.733586,0.066283,0.129562,0.731305,-0.142828,0.135216,0.358284,0.071981,0.188855,0.356002,-0.137130,0.194509,0.527130,0.111003,0.018522,0.705241,-0.191239,0.015876,0.456677,0.111702,0.015956,0.253635,-0.185734,0.037263
0.550388,-0.035881,0.151754,0.739926,0.065970,0.124501,0.737634,-0.143146,0.129969,0.363143,0.071384,0.173539,0.360850,-0.137732,0.179008,0.545748,0.110986,0.025791,0.705853,-0.191247,0.015953,0.457275,0.111699,0.015970,0.287967,-0.185944,0.043559
0.556469,-0.036514,0.141482,0.746911,0.065554,0.122637,0.744587,-0.143573,0.127658,0.368351,0.070545,0.155306,0.366027,-0.138582,0.160327,0.567122,0.110916,0.035121,0.706610,-0.191297,0.016019,0.457809,0.111670,0.015940,0.322059,-0.186298,0.046284
0.563145,-0.037300,0.131959,0.754230,0.065042,0.124629,0.751891,-0.144102,0.128896,0.374398,0.069501,0.135022,0.372059,-0.139642,0.139289,0.592276,0.110639,0.042487,0.707459,-0.191369,0.016038,0.458241,0.111595,0.015860,0.351841,-0.186725,0.048771
0.570522,-0.038017,0.124098,0.761504,0.064564,0.130744,0.759151,-0.144594,0.134189,0.381894,0.068560,0.114007,0.379540,-0.140599,0.117452,0.619448,0.110237,0.046698,0.708314,-0.191430,0.015910,0.458599,0.111538,0.015806,0.375002,-0.187101,0.050991
0.578426,-0.038574,0.118966,0.768176,0.064175,0.140843,0.765801,-0.144993,0.143606,0.391052,0.067844,0.094327,0.388676,-0.141324,0.097089,0.646865,0.109793,0.048658,0.709076,-0.191492,0.015868,0.458898,0.111493,0.015748,0.391774,-0.187417,0.051560
0.586365,-0.038902,0.117477,0.773663,0.063999,0.154517,0.771286,-0.145174,0.156869,0.401444,0.067369,0.078086,0.399067,-0.141804,0.080437,0.673761,0.109416,0.050088,0.709763,-0.191517,0.015817,0.459321,0.111466,0.015693,0.404488,-0.187665,0.049905
0.593723,-0.039093,0.119890,0.777622,0.063925,0.170976,0.775216,-0.145251,0.173108,0.412231,0.067065,0.066672,0.409825,-0.142111,0.068804,0.699270,0.109071,0.052242,0.710369,-0.191564,0.015755,0.460016,0.111451,0.015677,0.415419,-0.187855,0.046747
0.600010,-0.039162,0.125621,0.780042,0.063989,0.188782,0.777640,-0.145187,0.190791,0.422379,0.066864,0.060450,0.419978,-0.142313,0.062459,0.721430,0.108821,0.053788,0.710984,-0.191557,0.015837,0.461154,0.111446,0.015893,0.425945,-0.188031,0.042197
0.605036,-0.039177,0.133572,0.781361,0.064132,0.206222,0.778983,-0.145045,0.208241,0.431088,0.066691,0.058904,0.428711,-0.142486,0.060923,0.738640,0.108575,0.051079,0.711593,-0.191592,0.015838,0.462707,0.111374,0.016114,0.436284,-0.188270,0.035724
0.609200,-0.039330,0.142391,0.782672,0.063988,0.221599,0.780318,-0.145191,0.223341,0.438081,0.066532,0.061441,0.435727,-0.142647,0.063182,0.750158,0.108325,0.043398,0.712228,-0.191607,0.015871,0.464408,0.111313,0.016057,0.446434,-0.188541,0.024858
0.613249,-0.039734,0.150711,0.785136,0.063345,0.233601,0.782728,-0.145838,0.234733,0.443770,0.066371,0.066688,0.441362,-0.142813,0.067820,0.755192,0.108054,0.032401,0.712859,-0.191672,0.015901,0.466032,0.111294,0.015981,0.452303,-0.188673,0.015891
0.618057,-0.039574,0.158104,0.790415,0.063190,0.240407,0.787202,-0.145976,0.242424,0.448912,0.066828,0.073785,0.445700,-0.142337,0.075801,0.750369,0.107096,0.015680,0.716652,-0.192531,0.016208,0.467376,0.111442,0.015705,0.453206,-0.188486,0.016093
0.623276,-0.038826,0.165351,0.796336,0.064385,0.245593,0.793221,-0.144770,0.248632,0.453331,0.067118,0.082069,0.450216,-0.142037,0.085108,0.751051,0.107181,0.015820,0.732787,-0.192673,0.018538,0.462718,0.111675,0.029607,0.453800,-0.188556,0.015874
0.628433,-0.038429,0.173124,0.801762,0.064968,0.252543,0.798666,-0.144180,0.256062,0.458200,0.067321,0.090186,0.455105,-0.141826,0.093704,0.751794,0.107187,0.015853,0.752071,-0.192851,0.024274,0.459780,0.112297,0.062697,0.454339,-0.188586,0.015869
0.633545,-0.038231,0.181669,0.807025,0.065219,0.260686,0.803928,-0.143925,0.264371,0.463162,0.067464,0.098967,0.460065,-0.141681,0.102651,0.752615,0.107174,0.015854,0.773773,-0.193071,0.029929,0.463836,0.112902,0.098176,0.454682,-0.188593,0.015822
0.638884,-0.038208,0.190881,0.812743,0.065183,0.269140,0.809630,-0.143963,0.272751,0.468137,0.067547,0.109012,0.465024,-0.141599,0.112622,0.753502,0.107155,0.015925,0.799817,-0.193384,0.034977,0.468813,0.112985,0.108231,0.454829,-0.188581,0.015799
0.644512,-0.038177,0.199798,0.818949,0.065167,0.276824,0.815841,-0.143980,0.280381,0.473184,0.067625,0.119215,0.470076,-0.141522,0.122772,0.754422,0.107151,0.015966,0.829222,-0.193720,0.040476,0.473859,0.113063,0.118444,0.454864,-0.188576,0.015817
0.650476,-0.038177,0.207837,0.825850,0.065120,0.282769,0.822760,-0.144027,0.286293,0.478193,0.067672,0.129380,0.475103,-0.141475,0.132905,0.755328,0.107127,0.015944,0.859699,-0.194085,0.045945,0.478865,0.113111,0.128620,0.454780,-0.188610,0.015809
0.656864,-0.038147,0.214624,0.833590,0.065078,0.286413,0.830495,-0.144069,0.289950,0.483233,0.067775,0.139298,0.480138,-0.141372,0.142835,0.756179,0.107110,0.015867,0.889916,-0.194447,0.051200,0.483906,0.113214,0.138532,0.454629,-0.188604,0.015822
0.663795,-0.038101,0.219938,0.842266,0.065042,0.287399,0.839166,-0.144104,0.290999,0.488425,0.067902,0.148877,0.485325,-0.141244,0.152477,0.756925,0.107094,0.015800,0.918102,-0.194781,0.055965,0.489098,0.113340,0.148097,0.454442,-0.188600,0.015844
0.671333,-0.037910,0.223498,0.851906,0.065168,0.285221,0.848799,-0.143974,0.289054,0.493868,0.068153,0.157943,0.490761,-0.140989,0.161776,0.757518,0.107095,0.015846,0.941989,-0.195050,0.058321,0.494542,0.113591,0.157116,0.454236,-0.188583,0.015856
0.679443,-0.037598,0.225084,0.862326,0.065406,0.279722,0.859204,-0.143728,0.283938,0.499683,0.068533,0.166231,0.496561,-0.140602,0.170447,0.757974,0.107110,0.015890,0.959667,-0.195281,0.056325,0.500362,0.113968,0.165312,0.454046,-0.188547,0.015873
0.688017,-0.037224,0.224437,0.873266,0.065675,0.270652,0.870128,-0.143448,0.275360,0.505906,0.069001,0.173514,0.502768,-0.140123,0.178222,0.758285,0.107132,0.015911,0.970143,-0.195526,0.048371,0.506591,0.114433,0.172469,0.453887,-0.188511,0.015872
0.696907,-0.037025,0.221670,0.884354,0.065718,0.258394,0.881239,-0.143397,0.263478,0.512575,0.069346,0.179863,0.509460,-0.139769,0.184947,0.758538,0.107165,0.015924,0.972974,-0.195822,0.033553,0.514368,0.114624,0.173102,0.453796,-0.188519,0.015870
0.706057,-0.037331,0.217200,0.895347,0.065136,0.243862,0.892235,-0.143980,0.248894,0.519878,0.069319,0.185506,0.516766,-0.139797,0.190539,0.758830,0.107151,0.015939,0.969562,-0.196215,0.015526,0.525118,0.114276,0.167517,0.453782,-0.188532,0.015870
