0.007908,-0.005043,0.335753,0.198413,0.098625,0.334253,0.197345,-0.110544,0.330796,-0.181528,0.100458,0.340710,-0.182596,-0.108711,0.337253,0.184619,0.147736,0.117455,0.192247,-0.152353,0.111706,-0.166040,0.149450,0.122035,-0.173769,-0.150963,0.140625
0.012698,-0.007565,0.323623,0.203441,0.095663,0.322138,0.201869,-0.113480,0.317511,-0.176473,0.098351,0.329736,-0.178046,-0.110792,0.325108,0.185715,0.146306,0.093982,0.143327,-0.153202,0.077939,-0.158575,0.149024,0.088170,-0.165265,-0.151083,0.087041
0.018669,-0.010166,0.307440,0.210014,0.091953,0.307739,0.207253,-0.117138,0.301578,-0.169914,0.096806,0.313302,-0.172675,-0.112285,0.307140,0.178461,0.144951,0.066524,0.105474,-0.154030,0.055950,-0.176859,0.149888,0.058246,-0.179323,-0.149884,0.042916
0.024118,-0.012352,0.287992,0.216838,0.087143,0.288807,0.211236,-0.121888,0.282538,-0.163001,0.097184,0.293446,-0.168603,-0.111847,0.287176,0.164730,0.141756,0.031083,0.102011,-0.157027,0.035145,-0.206300,0.151502,0.037681,-0.185182,-0.148751,0.015834
0.032071,-0.012939,0.272859,0.225136,0.085868,0.270834,0.218699,-0.123143,0.264706,-0.154557,0.097264,0.281013,-0.160994,-0.111747,0.274885,0.156271,0.140959,0.015762,0.107465,-0.158127,0.023196,-0.238481,0.152795,0.026746,-0.183801,-0.148939,0.015785
0.042339,-0.013123,0.266205,0.235367,0.085712,0.262595,0.228906,-0.123297,0.256430,-0.144228,0.097052,0.275981,-0.150689,-0.111957,0.269816,0.156541,0.140922,0.015733,0.119158,-0.158387,0.018815,-0.251972,0.152970,0.035424,-0.182898,-0.148963,0.015867
0.054683,-0.013153,0.267132,0.247642,0.085751,0.262042,0.241219,-0.123268,0.256173,-0.131853,0.096962,0.278090,-0.138276,-0.112057,0.272222,0.157450,0.140927,0.015744,0.140826,-0.159025,0.019409,-0.229856,0.152199,0.038177,-0.182559,-0.148989,0.015915
0.069261,-0.013256,0.273079,0.262210,0.085662,0.267888,0.255815,-0.123368,0.262397,-0.117293,0.096856,0.283761,-0.123689,-0.112174,0.278270,0.158960,0.140928,0.015857,0.168670,-0.159965,0.025457,-0.180269,0.150750,0.037072,-0.182531,-0.148970,0.015950
0.084676,-0.013023,0.278299,0.277628,0.085867,0.272703,0.271217,-0.123178,0.267832,-0.101865,0.097131,0.288767,-0.108276,-0.111914,0.283895,0.162837,0.140853,0.015991,0.197999,-0.160893,0.030793,-0.118731,0.148960,0.038688,-0.182726,-0.148877,0.016216
0.099535,-0.012833,0.279614,0.292821,0.085344,0.273054,0.285652,-0.123695,0.269069,-0.086582,0.098029,0.290158,-0.093751,-0.111010,0.286173,0.184144,0.139452,0.016174,0.225531,-0.162525,0.028094,-0.062177,0.147421,0.041306,-0.177370,-0.148590,0.021917
0.114387,-0.013035,0.277604,0.308728,0.082959,0.269995,0.299228,-0.126003,0.266966,-0.070454,0.099934,0.288242,-0.079954,-0.109029,0.285212,0.207680,0.136740,0.015759,0.250790,-0.165724,0.020077,-0.019992,0.146744,0.039704,-0.160964,-0.147058,0.023829
0.129880,-0.013550,0.273107,0.325269,0.080322,0.265877,0.313453,-0.128505,0.261816,-0.053693,0.101405,0.284398,-0.065510,-0.107422,0.280337,0.215386,0.136930,0.016007,0.258743,-0.166159,0.015968,0.011574,0.148096,0.034843,-0.143129,-0.143421,0.016054
0.145547,-0.013298,0.267723,0.341148,0.080155,0.260794,0.328919,-0.128659,0.257359,-0.037826,0.102063,0.278086,-0.050054,-0.106751,0.274651,0.225678,0.136478,0.016012,0.259606,-0.166162,0.015893,0.037783,0.147398,0.021050,-0.140639,-0.142725,0.015986
0.160415,-0.013260,0.264443,0.355951,0.080246,0.256470,0.343788,-0.128581,0.253636,-0.022958,0.102061,0.275250,-0.035121,-0.106766,0.272416,0.243670,0.135586,0.015630,0.260537,-0.166036,0.015891,0.039265,0.147487,0.015935,-0.130460,-0.143263,0.015859
0.175229,-0.013710,0.264494,0.370755,0.079742,0.255695,0.358539,-0.129087,0.253233,-0.008081,0.101667,0.275755,-0.020297,-0.107162,0.273293,0.254610,0.134753,0.027848,0.261688,-0.166153,0.015868,0.040280,0.147432,0.015898,-0.115879,-0.144177,0.025276
0.190363,-0.014450,0.266977,0.385931,0.078961,0.258708,0.373688,-0.129868,0.256401,0.007038,0.100967,0.277552,-0.005206,-0.107861,0.275245,0.287877,0.132655,0.040136,0.263069,-0.166255,0.015830,0.041155,0.147389,0.015844,-0.096774,-0.145407,0.038374
0.205604,-0.015278,0.270227,0.401227,0.078114,0.263120,0.388983,-0.130716,0.260895,0.022224,0.100160,0.279558,0.009980,-0.108669,0.277334,0.330495,0.130077,0.048568,0.264588,-0.166344,0.015964,0.041946,0.147345,0.015703,-0.068404,-0.147133,0.045295
0.220646,-0.015980,0.272680,0.416324,0.077380,0.266766,0.404069,-0.131450,0.264706,0.037222,0.099491,0.280653,0.024967,-0.109340,0.278593,0.377845,0.127272,0.053531,0.266138,-0.166433,0.016013,0.042736,0.147312,0.015641,-0.030300,-0.149322,0.044969
0.235431,-0.016506,0.273275,0.431150,0.076805,0.267969,0.418859,-0.132026,0.266173,0.052003,0.099014,0.280377,0.039712,-0.109817,0.278581,0.424763,0.124544,0.054844,0.267605,-0.166501,0.015870,0.043566,0.147316,0.015792,0.015812,-0.151897,0.040878
0.250105,-0.016804,0.271294,0.445820,0.076499,0.265707,0.433531,-0.132335,0.264322,0.066679,0.098727,0.278265,0.054390,-0.110107,0.276881,0.466604,0.122231,0.050824,0.268953,-0.166532,0.015781,0.044500,0.147302,0.015936,0.066853,-0.154774,0.036214
0.264808,-0.016842,0.266108,0.460605,0.076177,0.258904,0.448030,-0.132643,0.258319,0.081585,0.098960,0.273897,0.069010,-0.109861,0.273312,0.498848,0.120024,0.038923,0.270718,-0.166819,0.015879,0.045641,0.147380,0.016002,0.117002,-0.157613,0.034048
0.280114,-0.016418,0.258321,0.475857,0.076489,0.248607,0.463192,-0.132327,0.248892,0.097037,0.099491,0.267750,0.084372,-0.109326,0.268035,0.510267,0.119617,0.015369,0.277474,-0.166915,0.015906,0.046882,0.147722,0.016029,0.158484,-0.159678,0.030854
0.295748,-0.016777,0.251224,0.491435,0.076169,0.240777,0.478839,-0.132650,0.241614,0.112658,0.099096,0.260835,0.100062,-0.109723,0.261671,0.510513,0.119651,0.015948,0.301304,-0.168380,0.015669,0.048172,0.147537,0.015898,0.179169,-0.160995,0.020104
0.311146,-0.017860,0.247728,0.506851,0.075088,0.237669,0.494253,-0.133731,0.238393,0.128039,0.098010,0.257063,0.115441,-0.110809,0.257788,0.511255,0.119586,0.015971,0.327530,-0.169978,0.015705,0.049052,0.147471,0.015930,0.180349,-0.161098,0.015887
0.326338,-0.018177,0.248240,0.522069,0.074757,0.238567,0.509480,-0.134060,0.239788,0.143196,0.097706,0.256691,0.130606,-0.111111,0.257913,0.512300,0.119577,0.015965,0.347448,-0.171102,0.021356,0.059287,0.146889,0.015849,0.181477,-0.161128,0.015911
0.341563,-0.017494,0.251822,0.537359,0.075364,0.242746,0.524743,-0.133440,0.245273,0.158383,0.098451,0.258371,0.145767,-0.110353,0.260898,0.513601,0.119590,0.015856,0.364546,-0.171913,0.029106,0.084165,0.145538,0.015964,0.182336,-0.161065,0.015771
0.357168,-0.015911,0.257349,0.553040,0.076839,0.248808,0.540376,-0.131928,0.253319,0.173961,0.100106,0.261380,0.161297,-0.108661,0.265891,0.515035,0.119654,0.015798,0.380012,-0.172387,0.038491,0.116367,0.143907,0.019034,0.183015,-0.160930,0.015672
0.373080,-0.013889,0.263656,0.569022,0.078753,0.255592,0.556300,-0.129949,0.262376,0.189860,0.102171,0.264936,0.177137,-0.106532,0.271720,0.516523,0.119719,0.015833,0.398155,-0.172844,0.047734,0.150456,0.142332,0.024995,0.183534,-0.160804,0.015630
0.389007,-0.011715,0.269779,0.585023,0.080800,0.262045,0.572204,-0.127810,0.271121,0.205809,0.104380,0.268436,0.192991,-0.104230,0.277512,0.517981,0.119794,0.016010,0.421158,-0.173526,0.054636,0.183411,0.141122,0.033708,0.183933,-0.160645,0.015634
0.404665,-0.009754,0.275008,0.600737,0.082668,0.267567,0.587838,-0.125837,0.278700,0.221493,0.106329,0.271316,0.208594,-0.102176,0.282449,0.519430,0.119868,0.016034,0.449907,-0.174679,0.058217,0.214832,0.140153,0.043029,0.184254,-0.160516,0.015671
0.419899,-0.008221,0.278728,0.616031,0.084099,0.271622,0.603020,-0.124302,0.284443,0.236777,0.107861,0.273014,0.223767,-0.100540,0.285835,0.520857,0.119934,0.015918,0.483803,-0.176381,0.058541,0.244761,0.139281,0.050233,0.185105,-0.160377,0.015583
0.434613,-0.007198,0.280304,0.630808,0.084997,0.273353,0.617663,-0.123307,0.287538,0.251562,0.108910,0.273069,0.238417,-0.099394,0.287254,0.522169,0.119966,0.015902,0.521538,-0.178670,0.055765,0.273553,0.138208,0.053394,0.186318,-0.160249,0.015636
0.448905,-0.006767,0.280030,0.645142,0.085346,0.273132,0.631908,-0.122880,0.288342,0.265903,0.109346,0.271718,0.252669,-0.098881,0.286929,0.523374,0.119967,0.016032,0.563044,-0.181508,0.050937,0.303647,0.136477,0.050878,0.186907,-0.160171,0.015768
0.463011,-0.006973,0.278533,0.659266,0.085096,0.271583,0.645990,-0.123082,0.287405,0.280032,0.109135,0.269661,0.266756,-0.099043,0.285483,0.524539,0.119943,0.016086,0.607996,-0.184654,0.046324,0.337713,0.133974,0.043938,0.187424,-0.160154,0.015791
0.477115,-0.007912,0.275777,0.673353,0.084176,0.268575,0.660116,-0.123995,0.284521,0.294114,0.108172,0.267033,0.280878,-0.099999,0.282978,0.525665,0.119895,0.016013,0.650390,-0.187672,0.041425,0.373055,0.131204,0.036969,0.187990,-0.160231,0.015830
0.491387,-0.009434,0.271080,0.687577,0.082646,0.262583,0.674435,-0.125550,0.278272,0.308340,0.106683,0.263888,0.295198,-0.101514,0.279577,0.526658,0.119883,0.015893,0.678489,-0.190186,0.029982,0.403185,0.128732,0.029894,0.188606,-0.160324,0.015906
0.505944,-0.011543,0.264142,0.701994,0.080597,0.253374,0.689084,-0.127657,0.268489,0.322805,0.104570,0.259795,0.309895,-0.103683,0.274910,0.527629,0.119823,0.015852,0.685239,-0.191405,0.015939,0.422866,0.126621,0.020029,0.190151,-0.160716,0.015899
0.519653,-0.013691,0.259220,0.715694,0.078240,0.246666,0.702673,-0.130059,0.261035,0.336633,0.102677,0.257405,0.323612,-0.105622,0.271774,0.546224,0.118557,0.015818,0.685501,-0.191544,0.015860,0.424323,0.126184,0.015916,0.197913,-0.161044,0.016155
0.532683,-0.016155,0.257845,0.728757,0.075756,0.245662,0.715648,-0.132621,0.258779,0.349718,0.100310,0.256910,0.336609,-0.108066,0.270028,0.578732,0.116452,0.017374,0.686161,-0.191694,0.015757,0.425371,0.126014,0.015993,0.209053,-0.161523,0.018226
0.545977,-0.019207,0.258423,0.742148,0.072733,0.248170,0.728897,-0.135742,0.259460,0.363057,0.097328,0.257386,0.349806,-0.111147,0.268677,0.618860,0.113881,0.021122,0.687051,-0.191887,0.015786,0.426376,0.125839,0.016019,0.222330,-0.161999,0.022236
0.559694,-0.022850,0.260376,0.755960,0.069133,0.252626,0.742575,-0.139444,0.261626,0.376813,0.093744,0.259126,0.363429,-0.114833,0.268126,0.653532,0.111579,0.027530,0.688076,-0.192136,0.015882,0.427279,0.125598,0.015929,0.243093,-0.163328,0.021741
0.573680,-0.026890,0.263422,0.770026,0.065096,0.258137,0.756508,-0.143568,0.264533,0.390852,0.089789,0.262310,0.377334,-0.118876,0.268707,0.683094,0.109490,0.036150,0.689159,-0.192391,0.015973,0.428058,0.125387,0.015737,0.270212,-0.165104,0.020737
0.587894,-0.031208,0.267263,0.784288,0.060778,0.264283,0.770686,-0.147946,0.267960,0.405102,0.085530,0.266566,0.391500,-0.123195,0.270242,0.710869,0.107260,0.045315,0.690360,-0.192704,0.015967,0.428697,0.125127,0.015651,0.300790,-0.167210,0.021946
0.602237,-0.035603,0.271340,0.798639,0.056412,0.270501,0.785029,-0.152343,0.271465,0.419445,0.081138,0.271215,0.405835,-0.127617,0.272178,0.740529,0.104743,0.052916,0.691640,-0.192980,0.015854,0.429207,0.124869,0.015706,0.333357,-0.169582,0.024328
0.616552,-0.039845,0.274880,0.812946,0.052183,0.275975,0.799353,-0.156569,0.274390,0.433750,0.076880,0.275369,0.420157,-0.131872,0.273784,0.773937,0.101924,0.058330,0.692942,-0.193225,0.015932,0.429666,0.124664,0.015822,0.367273,-0.172097,0.026256
0.630750,-0.043655,0.277139,0.827140,0.048345,0.280020,0.813551,-0.160379,0.276273,0.447950,0.073069,0.278006,0.434361,-0.135656,0.274258,0.810500,0.098890,0.062347,0.694243,-0.193493,0.016035,0.430146,0.124487,0.015922,0.402180,-0.174675,0.027019
0.644819,-0.046936,0.277457,0.841188,0.045050,0.281850,0.827633,-0.163637,0.276308,0.462006,0.069765,0.278607,0.448451,-0.138922,0.273065,0.846990,0.096014,0.064237,0.695475,-0.193702,0.016019,0.430717,0.124334,0.015996,0.438271,-0.177265,0.026186
0.658832,-0.049664,0.275393,0.855177,0.042315,0.280843,0.841663,-0.166332,0.273878,0.476000,0.067005,0.276909,0.462486,-0.141642,0.269943,0.879745,0.093585,0.062433,0.696589,-0.193894,0.015891,0.431406,0.124171,0.016070,0.474616,-0.179788,0.024015
0.672786,-0.051746,0.270501,0.869069,0.040335,0.276451,0.855696,-0.168285,0.268474,0.489877,0.064792,0.272528,0.476504,-0.143827,0.264551,0.906254,0.091985,0.055261,0.697581,-0.194062,0.015767,0.434117,0.123752,0.016006,0.509241,-0.182165,0.020376
0.686794,-0.053226,0.262669,0.883040,0.038957,0.268220,0.869766,-0.169641,0.259541,0.503821,0.063188,0.265796,0.490547,-0.145410,0.257118,0.923400,0.091482,0.039574,0.698663,-0.194198,0.015892,0.437763,0.123360,0.016137,0.535372,-0.183796,0.015633
0.701197,-0.053764,0.253509,0.897598,0.038221,0.256078,0.883983,-0.170358,0.247467,0.518412,0.062829,0.259551,0.504796,-0.145749,0.250939,0.923865,0.092007,0.015919,0.699977,-0.194373,0.015942,0.440478,0.123564,0.015842,0.537268,-0.183741,0.015689
0.715300,-0.053875,0.247679,0.911677,0.038195,0.248177,0.898068,-0.170403,0.240047,0.532532,0.062653,0.255311,0.518923,-0.145945,0.247181,0.924036,0.092020,0.015968,0.718973,-0.195559,0.015756,0.448077,0.123079,0.015793,0.538486,-0.183790,0.015918
0.729690,-0.053478,0.247372,0.926065,0.038598,0.247581,0.912468,-0.170042,0.240566,0.546913,0.063086,0.254178,0.533315,-0.145554,0.247162,0.924852,0.092041,0.015872,0.741273,-0.197059,0.020551,0.461475,0.122128,0.019178,0.539448,-0.183749,0.015878
0.744826,-0.052330,0.251682,0.941191,0.039768,0.251581,0.927633,-0.168930,0.246460,0.562019,0.064270,0.256904,0.548461,-0.144428,0.251783,0.926049,0.092095,0.015871,0.762808,-0.198423,0.028087,0.484587,0.120515,0.026428,0.540070,-0.183657,0.016017
0.760659,-0.050632,0.258787,0.957015,0.041481,0.257894,0.943485,-0.167263,0.255117,0.577834,0.065998,0.262456,0.564304,-0.142746,0.259679,0.927467,0.092164,0.015931,0.782448,-0.199485,0.037909,0.517974,0.118475,0.033316,0.540356,-0.183502,0.016032
0.776794,-0.048779,0.266810,0.973144,0.043338,0.265202,0.959635,-0.165425,0.264758,0.593954,0.067867,0.268863,0.580445,-0.140895,0.268419,0.928985,0.092272,0.015931,0.805011,-0.200501,0.046968,0.555839,0.116362,0.041883,0.540420,-0.183313,0.015994
0.792633,-0.047249,0.273832,0.989034,0.044751,0.271896,0.975417,-0.164000,0.273393,0.609849,0.069503,0.274271,0.596231,-0.139248,0.275767,0.930460,0.092284,0.015949,0.833834,-0.201898,0.052326,0.592493,0.114591,0.052238,0.541307,-0.183077,0.015867
0.807553,-0.046146,0.277990,1.004321,0.045066,0.276028,0.989875,-0.163618,0.278702,0.625232,0.071325,0.277278,0.610785,-0.137359,0.279952,0.932880,0.092241,0.015905,0.868190,-0.203654,0.052559,0.624698,0.114164,0.061866,0.551651,-0.182211,0.015835
0.821843,-0.045372,0.278919,1.019204,0.044540,0.276536,1.003390,-0.164035,0.279869,0.640296,0.073291,0.277968,0.624482,-0.135284,0.281301,0.935539,0.092302,0.015777,0.905369,-0.205889,0.048417,0.652124,0.114603,0.066638,0.566889,-0.180747,0.015773
0.836018,-0.045170,0.277456,1.033898,0.043585,0.274724,1.016872,-0.164884,0.278643,0.655164,0.074545,0.276269,0.638139,-0.133924,0.280188,0.936613,0.092272,0.015839,0.944421,-0.209024,0.042097,0.679034,0.114202,0.063338,0.574105,-0.179271,0.015962
0.850583,-0.045677,0.275881,1.048466,0.043059,0.272791,1.031431,-0.165399,0.277260,0.669735,0.074044,0.274502,0.652700,-0.134413,0.278970,0.937698,0.092216,0.015920,0.988055,-0.212581,0.038628,0.711476,0.111526,0.054366,0.574644,-0.179285,0.015941
0.865412,-0.046944,0.274434,1.063301,0.041773,0.271195,1.046250,-0.166683,0.275645,0.684575,0.072796,0.273222,0.667524,-0.135661,0.277672,0.938893,0.092113,0.015958,1.030005,-0.216102,0.035058,0.750263,0.108180,0.045793,0.575128,-0.179302,0.015946
0.880379,-0.048698,0.271323,1.078250,0.040009,0.266902,1.061208,-0.168456,0.270999,0.699550,0.071059,0.271646,0.682509,-0.137405,0.275744,0.939988,0.091989,0.015965,1.059057,-0.218743,0.024121,0.787307,0.104931,0.039426,0.575626,-0.179385,0.015947
0.895506,-0.050457,0.266263,1.093283,0.038347,0.259986,1.076373,-0.170133,0.263835,0.714639,0.069219,0.268691,0.697729,-0.139261,0.272539,0.941507,0.091759,0.015898,1.061499,-0.219112,0.015797,0.813490,0.102428,0.031379,0.577986,-0.179896,0.015700
0.910135,-0.051105,0.261025,1.107737,0.038124,0.255300,1.091282,-0.170377,0.259904,0.728988,0.068166,0.262146,0.712533,-0.140335,0.266750,0.968387,0.089434,0.015754,1.062203,-0.219074,0.015817,0.822876,0.100920,0.015849,0.584157,-0.181343,0.016023
0.924047,-0.052280,0.257957,1.121683,0.036966,0.253908,1.105209,-0.171534,0.258500,0.742885,0.066973,0.257415,0.726411,-0.141527,0.262006,0.998262,0.087134,0.018377,1.063049,-0.219149,0.015835,0.824198,0.100832,0.015886,0.593932,-0.182083,0.015823
0.937661,-0.054527,0.257611,1.135310,0.034743,0.254947,1.118825,-0.173775,0.258606,0.756498,0.064720,0.256615,0.740013,-0.143797,0.260274,1.034051,0.084314,0.025124,1.063987,-0.219298,0.015870,0.825285,0.100658,0.015975,0.614189,-0.183736,0.015928
0.951625,-0.057629,0.259894,1.149286,0.031649,0.259037,1.132779,-0.176888,0.261081,0.770471,0.061631,0.258707,0.753964,-0.146907,0.260751,1.063111,0.081873,0.035477,1.065096,-0.219529,0.015900,0.826169,0.100436,0.015909,0.638794,-0.185749,0.019592
0.965860,-0.061306,0.264026,1.163502,0.028011,0.265129,1.147032,-0.180540,0.265115,0.784688,0.057928,0.262937,0.768218,-0.150623,0.262923,1.090454,0.079386,0.046546,1.066318,-0.219740,0.015931,0.826866,0.100205,0.015756,0.669365,-0.188391,0.022740
0.980213,-0.065296,0.268900,1.177848,0.023992,0.271913,1.161376,-0.184547,0.269689,0.799051,0.053954,0.268112,0.782578,-0.154584,0.265887,1.119160,0.076537,0.054833,1.067674,-0.220032,0.015834,0.827453,0.099998,0.015644,0.703681,-0.191373,0.024627
0.994550,-0.069309,0.273366,1.192154,0.019973,0.278098,1.175730,-0.188535,0.273695,0.813370,0.049917,0.273037,0.796945,-0.158591,0.268635,1.151663,0.073356,0.060556,1.069039,-0.220290,0.015955,0.827960,0.099803,0.015661,0.739505,-0.194539,0.025766
1.008771,-0.073040,0.276624,1.206339,0.016229,0.282873,1.189973,-0.192233,0.276536,0.827569,0.046153,0.276711,0.811203,-0.162309,0.270375,1.187942,0.069902,0.065163,1.070411,-0.220540,0.016057,0.828461,0.099625,0.015795,0.776060,-0.197750,0.026572
1.022821,-0.076374,0.277946,1.220346,0.012899,0.285400,1.204058,-0.195513,0.277399,0.841585,0.042765,0.278494,0.825297,-0.165647,0.270493,1.225258,0.066479,0.068094,1.071702,-0.220758,0.016051,0.829016,0.099449,0.015911,0.813937,-0.201017,0.026574
1.036776,-0.079193,0.276875,1.234276,0.010065,0.285104,1.218034,-0.198295,0.275765,0.855517,0.039909,0.277984,0.839275,-0.168451,0.268645,1.259808,0.063459,0.067569,1.072877,-0.220966,0.015927,0.829686,0.099298,0.016016,0.852518,-0.204220,0.025545
1.050699,-0.081360,0.273033,1.248189,0.007897,0.281519,1.231980,-0.200418,0.271201,0.869418,0.037699,0.274865,0.853209,-0.170617,0.264547,1.288835,0.061241,0.062195,1.073920,-0.221112,0.015792,0.830834,0.099162,0.016064,0.889732,-0.207176,0.023764
1.064666,-0.082951,0.266217,1.262206,0.006260,0.274000,1.245923,-0.202020,0.263086,0.883410,0.036118,0.269347,0.867126,-0.172161,0.258433,1.309222,0.060017,0.049159,1.075011,-0.221358,0.015940,0.833071,0.098974,0.016109,0.921545,-0.209552,0.019608
1.078981,-0.083855,0.257052,1.276688,0.005147,0.262694,1.260069,-0.203094,0.251544,0.897893,0.035384,0.262559,0.881274,-0.172856,0.251410,1.314223,0.060648,0.022922,1.077007,-0.221531,0.015976,0.834888,0.099271,0.016046,0.934150,-0.210119,0.015776
1.093117,-0.084431,0.249570,1.290927,0.004449,0.253123,1.274064,-0.203783,0.242199,0.912170,0.034922,0.256942,0.895307,-0.173311,0.246018,1.314761,0.060629,0.015843,1.086209,-0.222363,0.015978,0.838035,0.099238,0.015803,0.935447,-0.210137,0.015646
1.107119,-0.084579,0.247650,1.304914,0.004348,0.250852,1.288086,-0.203927,0.240686,0.926152,0.034768,0.254614,0.909324,-0.173506,0.244448,1.315374,0.060619,0.015972,1.112914,-0.224528,0.017438,0.847109,0.098388,0.017331,0.936557,-0.210199,0.015796
1.121740,-0.083702,0.250602,1.319511,0.005301,0.253122,1.302741,-0.203059,0.244794,0.940740,0.035655,0.256411,0.923970,-0.172705,0.248083,1.316382,0.060668,0.015900,1.139202,-0.226661,0.022899,0.864708,0.096653,0.025112,0.937359,-0.210135,0.015878
1.137009,-0.082169,0.256336,1.334751,0.006924,0.257571,1.318044,-0.201524,0.251667,0.955974,0.037187,0.261004,0.939266,-0.171261,0.255100,1.317629,0.060756,0.015893,1.157616,-0.228068,0.032368,0.893407,0.094311,0.031697,0.937856,-0.209988,0.015917
1.152749,-0.080292,0.263115,1.350473,0.008849,0.262885,1.333802,-0.199660,0.259625,0.971695,0.039076,0.266606,0.955024,-0.169433,0.263346,1.318970,0.060830,0.015913,1.174812,-0.229157,0.042703,0.927344,0.091803,0.037602,0.938145,-0.209816,0.015971
1.168590,-0.078453,0.269691,1.366306,0.010697,0.268351,1.349653,-0.197838,0.267565,0.987526,0.040932,0.271818,0.970873,-0.167603,0.271032,1.320344,0.060914,0.015914,1.196403,-0.230377,0.050579,0.960717,0.089521,0.045425,0.938324,-0.209637,0.015990
1.184109,-0.076935,0.274970,1.381843,0.012162,0.272979,1.365152,-0.196367,0.274295,1.003065,0.042497,0.275646,0.986374,-0.166032,0.276962,1.321658,0.060953,0.015952,1.224568,-0.232100,0.054106,0.991484,0.087622,0.054183,0.938869,-0.209474,0.015892
1.199032,-0.075935,0.278131,1.396845,0.012979,0.275851,1.379975,-0.195520,0.278736,1.018089,0.043649,0.277525,1.001218,-0.164850,0.280410,1.322912,0.060968,0.015951,1.258694,-0.234427,0.053404,1.019557,0.086139,0.061173,0.940903,-0.209233,0.015865
1.213400,-0.075451,0.278942,1.411409,0.013022,0.276447,1.394082,-0.195422,0.280395,1.032718,0.044520,0.277489,1.015392,-0.163924,0.281436,1.324072,0.060961,0.015831,1.296586,-0.237305,0.049513,1.046069,0.084972,0.063467,0.944571,-0.208682,0.015842
1.227566,-0.075497,0.278097,1.425606,0.012896,0.275255,1.408206,-0.195524,0.280040,1.046926,0.044531,0.276154,1.029526,-0.163889,0.280938,1.325135,0.060949,0.015850,1.337778,-0.240683,0.044009,1.074621,0.082855,0.059032,0.945214,-0.208554,0.015944
1.241712,-0.076237,0.276471,1.439756,0.012139,0.273416,1.422345,-0.196272,0.278564,1.061078,0.043798,0.274377,1.043667,-0.164612,0.279525,1.326207,0.060888,0.015935,1.381871,-0.244428,0.039066,1.108900,0.079889,0.050234,0.945638,-0.208555,0.015947
1.255890,-0.077606,0.273579,1.453930,0.010763,0.270079,1.436523,-0.197650,0.275134,1.075258,0.042438,0.272024,1.057851,-0.165976,0.277079,1.327249,0.060802,0.015969,1.420447,-0.247834,0.031670,1.146360,0.076534,0.041682,0.946091,-0.208597,0.015933
1.270348,-0.079544,0.268638,1.468362,0.008808,0.263605,1.450967,-0.199617,0.268196,1.089728,0.040529,0.269080,1.072333,-0.167896,0.273672,1.328173,0.060672,0.015969,1.441889,-0.250022,0.016550,1.178261,0.073569,0.033504,0.946645,-0.208703,0.015945
1.284726,-0.080894,0.262967,1.482615,0.007699,0.257304,1.465491,-0.200746,0.262019,1.103961,0.038957,0.263915,1.086836,-0.169488,0.268629,1.329414,0.060439,0.015897,1.442409,-0.250034,0.015784,1.198834,0.071314,0.022406,0.949620,-0.209551,0.015715
1.297914,-0.081734,0.258471,1.495752,0.006970,0.252731,1.478752,-0.201476,0.257803,1.117076,0.038009,0.259139,1.100076,-0.170438,0.264211,1.358887,0.057978,0.015666,1.443042,-0.250066,0.015824,1.203278,0.070673,0.015867,0.960117,-0.210685,0.015699
1.310849,-0.083714,0.257052,1.508713,0.004993,0.252341,1.491681,-0.203466,0.256708,1.130017,0.036039,0.257396,1.112985,-0.172420,0.261763,1.385582,0.055868,0.023373,1.443816,-0.250213,0.015858,1.204364,0.070517,0.015887,0.976147,-0.212006,0.015751
1.324020,-0.086658,0.258261,1.521897,0.002103,0.255578,1.504871,-0.206383,0.258442,1.143169,0.033066,0.258079,1.126143,-0.175420,0.260943,1.415804,0.053320,0.033357,1.444820,-0.250417,0.015871,1.205266,0.070275,0.015953,0.997324,-0.213870,0.016015
1.337531,-0.090359,0.261664,1.535399,-0.001537,0.261546,1.518407,-0.210044,0.262315,1.156655,0.029327,0.261013,1.139663,-0.179181,0.261782,1.444258,0.050688,0.043769,1.445972,-0.250651,0.015918,1.206028,0.070000,0.015843,1.022723,-0.216151,0.017999
1.351246,-0.094624,0.266355,1.549094,-0.005791,0.268811,1.532131,-0.214295,0.267118,1.170361,0.025048,0.265593,1.153398,-0.183456,0.263900,1.473058,0.047742,0.053856,1.447233,-0.250950,0.015913,1.206633,0.069728,0.015706,1.053505,-0.218953,0.020366
1.365077,-0.099213,0.271324,1.562901,-0.010424,0.276156,1.545957,-0.218892,0.271821,1.184196,0.020467,0.270828,1.167252,-0.188001,0.266492,1.503217,0.044497,0.061649,1.448581,-0.251263,0.015780,1.207136,0.069519,0.015601,1.087378,-0.222047,0.022617
1.378899,-0.103832,0.275599,1.576670,-0.015064,0.282523,1.559809,-0.223468,0.275600,1.197989,0.015804,0.275598,1.181128,-0.192601,0.268675,1.536433,0.040971,0.067099,1.449910,-0.251577,0.016013,1.207570,0.069286,0.015687,1.122605,-0.225362,0.024006
1.392611,-0.108116,0.278414,1.590308,-0.019349,0.287226,1.573573,-0.227672,0.277946,1.211649,0.011440,0.278882,1.194914,-0.196883,0.269602,1.572466,0.037336,0.071457,1.451224,-0.251821,0.016084,1.208023,0.069091,0.015819,1.158305,-0.228663,0.024443
1.406173,-0.111977,0.279069,1.603805,-0.023238,0.289471,1.587177,-0.231468,0.278134,1.225170,0.007514,0.280005,1.208541,-0.200715,0.268668,1.608575,0.033762,0.074219,1.452459,-0.252102,0.016053,1.208561,0.068879,0.015941,1.194478,-0.231922,0.023799
1.419678,-0.115242,0.277372,1.617253,-0.026537,0.289067,1.600718,-0.234673,0.275996,1.238638,0.004189,0.278749,1.222103,-0.203947,0.265678,1.641650,0.030722,0.073855,1.453568,-0.252332,0.015921,1.209234,0.068706,0.016040,1.230552,-0.235001,0.022068
1.433195,-0.117828,0.273129,1.630731,-0.029156,0.285695,1.614266,-0.237205,0.271231,1.252123,0.001548,0.275027,1.235659,-0.206501,0.260563,1.669683,0.028523,0.069064,1.454574,-0.252516,0.015882,1.210184,0.068569,0.016120,1.265007,-0.237738,0.019104
1.446819,-0.119648,0.266402,1.644355,-0.030977,0.278979,1.627917,-0.238969,0.263683,1.265722,-0.000327,0.269121,1.249283,-0.208319,0.253825,1.690618,0.027324,0.058095,1.455383,-0.252830,0.015974,1.212145,0.068227,0.016124,1.290262,-0.239746,0.015514
1.460700,-0.120377,0.258001,1.658583,-0.032140,0.267882,1.641484,-0.240080,0.252613,1.279915,-0.000673,0.263388,1.262816,-0.208613,0.248120,1.696743,0.027731,0.032503,1.456821,-0.253247,0.015998,1.216303,0.068446,0.016031,1.292577,-0.239730,0.015840
1.474657,-0.120361,0.250795,1.672671,-0.032101,0.257269,1.655336,-0.240074,0.242737,1.293978,-0.000648,0.258852,1.276644,-0.208622,0.244320,1.692041,0.028870,0.015856,1.463282,-0.253945,0.016034,1.222772,0.067912,0.016869,1.293757,-0.239809,0.015937
1.488716,-0.120461,0.248930,1.686714,-0.032102,0.254469,1.669416,-0.240134,0.240746,1.308016,-0.000787,0.257115,1.290718,-0.208819,0.243391,1.692627,0.028851,0.015868,1.491291,-0.256201,0.015989,1.229239,0.066840,0.024109,1.294796,-0.239860,0.015957
1.503583,-0.119991,0.252192,1.701550,-0.031511,0.256821,1.684324,-0.239645,0.244658,1.322842,-0.000337,0.259726,1.305616,-0.208472,0.247563,1.693670,0.028902,0.015924,1.521372,-0.258772,0.021028,1.244797,0.064830,0.036838,1.295447,-0.239777,0.015947
1.519318,-0.119022,0.258778,1.717246,-0.030382,0.261701,1.700102,-0.238637,0.251661,1.338533,0.000592,0.265894,1.321390,-0.207663,0.255854,1.694968,0.028954,0.016005,1.543405,-0.260710,0.030060,1.274948,0.062115,0.045354,1.295730,-0.239642,0.015990
1.535537,-0.118004,0.266535,1.733432,-0.029250,0.267848,1.716352,-0.237601,0.259921,1.354723,0.001593,0.273150,1.337643,-0.206758,0.265222,1.696398,0.029003,0.016003,1.565417,-0.262465,0.039210,1.312928,0.059064,0.052150,1.295793,-0.239481,0.016036
1.551608,-0.117306,0.273378,1.749517,-0.028577,0.273778,1.732397,-0.236982,0.267546,1.370818,0.002370,0.279211,1.353698,-0.206035,0.272979,1.697837,0.029005,0.015866,1.593332,-0.264526,0.044995,1.350409,0.056200,0.060856,1.296433,-0.239268,0.015962
1.566853,-0.117008,0.277349,1.765094,-0.029021,0.277325,1.747191,-0.237385,0.271962,1.386516,0.003368,0.282736,1.368612,-0.204995,0.277373,1.699202,0.029003,0.015857,1.627758,-0.266924,0.045395,1.383353,0.054752,0.069852,1.306154,-0.238532,0.015930
1.581442,-0.117016,0.278099,1.780254,-0.030329,0.277432,1.760973,-0.238579,0.272439,1.401910,0.004547,0.283758,1.382630,-0.203703,0.278765,1.700885,0.028950,0.015775,1.666271,-0.269916,0.040840,1.412450,0.054246,0.074502,1.320888,-0.237341,0.015863
1.595901,-0.117550,0.276346,1.795220,-0.032040,0.275247,1.774700,-0.240174,0.270401,1.417103,0.005075,0.282291,1.396583,-0.203060,0.277445,1.701949,0.028876,0.015932,1.707270,-0.273702,0.033867,1.441876,0.053235,0.070982,1.328031,-0.235898,0.016050
1.610724,-0.118797,0.273933,1.810044,-0.033299,0.272246,1.789498,-0.241434,0.267525,1.431950,0.003840,0.280342,1.411404,-0.204296,0.275621,1.702989,0.028764,0.015954,1.751011,-0.277897,0.028533,1.476560,0.050084,0.061412,1.328611,-0.235916,0.015982
1.625904,-0.120777,0.271107,1.825210,-0.035263,0.268726,1.804654,-0.243387,0.263585,1.447154,0.001832,0.278629,1.426598,-0.206292,0.273488,1.704089,0.028627,0.016045,1.788530,-0.281464,0.020076,1.515961,0.046332,0.051485,1.329193,-0.235996,0.015977
1.641435,-0.122746,0.267472,1.840709,-0.037197,0.263986,1.820146,-0.245309,0.258438,1.462724,-0.000182,0.276506,1.442160,-0.208294,0.270958,1.705192,0.028493,0.015981,1.792029,-0.281752,0.015874,1.551657,0.042936,0.043272,1.329838,-0.236085,0.015945
1.656524,-0.123528,0.263938,1.855767,-0.037909,0.260373,1.835291,-0.246045,0.255393,1.477757,-0.001010,0.272483,1.457280,-0.209146,0.267503,1.727374,0.026253,0.015927,1.792869,-0.281826,0.015968,1.573709,0.041051,0.029273,1.331392,-0.236420,0.015752
1.671101,-0.123550,0.260287,1.870380,-0.037961,0.258439,1.849941,-0.246123,0.254535,1.492260,-0.000978,0.266039,1.471822,-0.209140,0.262136,1.756677,0.023376,0.018655,1.793874,-0.281822,0.015981,1.577927,0.040978,0.015915,1.339045,-0.237158,0.015642
1.685048,-0.124401,0.258764,1.884388,-0.038940,0.257773,1.863838,-0.247098,0.254222,1.506257,-0.001705,0.263306,1.485707,-0.209862,0.259754,1.793249,0.019684,0.026282,1.794874,-0.281901,0.015916,1.579158,0.040996,0.015947,1.357116,-0.238685,0.015866
1.699209,-0.126392,0.260382,1.898561,-0.040952,0.260419,1.878005,-0.249101,0.256411,1.520414,-0.003683,0.264354,1.499857,-0.211832,0.260346,1.822274,0.016531,0.038660,1.796031,-0.282054,0.015867,1.580134,0.040882,0.015911,1.382536,-0.241380,0.024270
