-0.008266,0.001396,0.352609,0.180036,0.108747,0.360299,0.183379,-0.100009,0.347095,-0.199911,0.102801,0.358122,-0.196569,-0.105955,0.344918,0.147276,0.167973,0.135739,0.185979,-0.133348,0.154763,-0.195902,0.160589,0.165596,-0.164505,-0.138149,0.141927
-0.013134,0.002678,0.347238,0.174763,0.110790,0.354151,0.178894,-0.097888,0.339972,-0.205162,0.103244,0.354503,-0.201031,-0.105434,0.340325,0.185415,0.171424,0.135451,0.183546,-0.130428,0.149641,-0.160708,0.164138,0.141831,-0.165790,-0.136349,0.134991
-0.017395,0.004044,0.337049,0.170764,0.111682,0.344204,0.174387,-0.096946,0.329172,-0.209177,0.105033,0.344925,-0.205554,-0.103595,0.329893,0.200070,0.173397,0.127258,0.176526,-0.128754,0.138616,-0.138284,0.167435,0.128455,-0.157857,-0.133743,0.127280
-0.020691,0.005375,0.322527,0.167986,0.112013,0.330935,0.170603,-0.096512,0.314353,-0.211985,0.107262,0.330701,-0.209367,-0.101263,0.314120,0.200854,0.175471,0.111503,0.155480,-0.126778,0.119161,-0.125694,0.171217,0.113453,-0.145094,-0.130174,0.114425
-0.023338,0.006748,0.303806,0.165993,0.112099,0.313608,0.167322,-0.096290,0.295257,-0.213998,0.109786,0.312354,-0.212669,-0.098603,0.294003,0.195190,0.177313,0.093301,0.132014,-0.125068,0.101365,-0.119636,0.175132,0.095260,-0.136912,-0.126504,0.098194
-0.025793,0.008194,0.281309,0.164287,0.112078,0.292218,0.164120,-0.096208,0.272681,-0.215706,0.112596,0.289937,-0.215873,-0.095690,0.270400,0.186022,0.178443,0.071181,0.112108,-0.123929,0.081993,-0.115903,0.178523,0.072909,-0.135167,-0.123345,0.077872
-0.028233,0.009701,0.255302,0.162634,0.112056,0.266893,0.160869,-0.096200,0.247121,-0.217334,0.115602,0.263483,-0.219100,-0.092654,0.243712,0.174865,0.178765,0.044042,0.095493,-0.123293,0.057427,-0.112604,0.181046,0.045690,-0.138040,-0.120815,0.052182
-0.030727,0.011272,0.225936,0.160827,0.112287,0.237952,0.157637,-0.096000,0.218685,-0.219092,0.118545,0.233187,-0.222281,-0.089742,0.213920,0.165164,0.178484,0.015103,0.082105,-0.122668,0.025990,-0.109445,0.182637,0.015663,-0.144757,-0.118692,0.020560
-0.033678,0.011879,0.200386,0.157709,0.112851,0.215115,0.154786,-0.095293,0.194325,-0.222142,0.119051,0.206448,-0.225065,-0.089093,0.185658,0.163541,0.178365,0.015720,0.080931,-0.122132,0.016068,-0.108653,0.182157,0.016032,-0.144440,-0.118950,0.015899
-0.036287,0.012569,0.184717,0.155029,0.113120,0.202851,0.152058,-0.094917,0.181029,-0.224633,0.120056,0.188404,-0.227603,-0.087981,0.166583,0.162649,0.178319,0.015954,0.080394,-0.122287,0.015995,-0.108569,0.182174,0.016124,-0.144527,-0.119051,0.015759
-0.038343,0.013630,0.175216,0.152784,0.113821,0.196968,0.149830,-0.094222,0.175189,-0.226517,0.121481,0.175243,-0.229471,-0.086561,0.153464,0.162157,0.178335,0.016001,0.080100,-0.122267,0.015972,-0.108590,0.182168,0.016118,-0.144726,-0.119057,0.015805
-0.040178,0.014694,0.170163,0.150676,0.114575,0.195457,0.147735,-0.093531,0.174284,-0.228092,0.122919,0.166042,-0.231032,-0.085186,0.144870,0.161914,0.178364,0.015987,0.079753,-0.122152,0.015969,-0.108712,0.182178,0.016089,-0.144963,-0.118968,0.015882
-0.041981,0.015549,0.168640,0.148534,0.115182,0.197247,0.145611,-0.093001,0.176859,-0.229572,0.124099,0.160422,-0.232496,-0.084085,0.140034,0.161852,0.178420,0.015970,0.079517,-0.122011,0.016202,-0.108862,0.182214,0.016049,-0.145186,-0.118827,0.015913
-0.043997,0.016037,0.170051,0.146186,0.115513,0.201296,0.143291,-0.092736,0.181586,-0.231284,0.124810,0.158516,-0.234179,-0.083439,0.138806,0.161919,0.178491,0.015993,0.077477,-0.121805,0.015990,-0.109024,0.182255,0.016018,-0.145392,-0.118705,0.015970
-0.046177,0.016186,0.173375,0.143741,0.115535,0.206575,0.140841,-0.092762,0.187374,-0.233194,0.125134,0.159377,-0.236095,-0.083163,0.140176,0.162065,0.178496,0.015974,0.077304,-0.121728,0.016012,-0.109195,0.182272,0.015986,-0.145592,-0.118617,0.015931
-0.048525,0.015968,0.177768,0.141222,0.115245,0.212140,0.138336,-0.093068,0.193112,-0.235385,0.125005,0.162424,-0.238272,-0.083308,0.143396,0.162248,0.178516,0.015972,0.077188,-0.121690,0.016039,-0.109392,0.182280,0.015973,-0.145766,-0.118592,0.015949
-0.051037,0.015533,0.182364,0.138711,0.114792,0.216785,0.135817,-0.093515,0.197697,-0.237891,0.124582,0.167032,-0.240784,-0.083725,0.147944,0.162392,0.178511,0.015953,0.077069,-0.121708,0.016149,-0.109609,0.182289,0.015953,-0.145959,-0.118594,0.015977
-0.053663,0.014923,0.186251,0.136249,0.114228,0.219615,0.133346,-0.094047,0.200186,-0.240672,0.123894,0.172316,-0.243575,-0.084382,0.152888,0.162426,0.178512,0.015966,0.076405,-0.121760,0.016378,-0.109874,0.182310,0.015936,-0.146184,-0.118622,0.016004
-0.056292,0.014271,0.188651,0.133880,0.113643,0.220290,0.130936,-0.094586,0.200372,-0.243519,0.123127,0.176930,-0.246463,-0.085101,0.157012,0.162352,0.178449,0.015949,0.075960,-0.121813,0.015775,-0.110149,0.182306,0.015904,-0.146433,-0.118695,0.016054
-0.059046,0.013443,0.189611,0.131406,0.112877,0.219314,0.128422,-0.095266,0.198525,-0.246513,0.122152,0.180697,-0.249497,-0.085991,0.159908,0.162165,0.178422,0.016016,0.075721,-0.121944,0.015835,-0.110335,0.182344,0.015867,-0.146716,-0.118777,0.016052
-0.061808,0.012722,0.189644,0.128821,0.112150,0.218211,0.125790,-0.095907,0.196581,-0.249405,0.121351,0.182706,-0.252436,-0.086706,0.161076,0.161966,0.178384,0.016050,0.075411,-0.122077,0.015782,-0.110463,0.182367,0.015906,-0.147000,-0.118863,0.016030
-0.064486,0.012123,0.189035,0.126167,0.111484,0.217672,0.123145,-0.096491,0.195269,-0.252116,0.120738,0.182800,-0.255139,-0.087237,0.160397,0.161808,0.178402,0.016047,0.075128,-0.122174,0.015749,-0.110663,0.182371,0.015963,-0.147279,-0.118973,0.016043
-0.067129,0.011669,0.188080,0.123474,0.110796,0.217838,0.120394,-0.097104,0.194754,-0.254653,0.120442,0.181406,-0.257732,-0.087458,0.158322,0.161690,0.178365,0.016085,0.074863,-0.122278,0.015653,-0.110810,0.182410,0.016012,-0.147543,-0.119028,0.016053
-0.069780,0.011436,0.186950,0.120660,0.110334,0.218460,0.117587,-0.097517,0.194939,-0.257147,0.120390,0.178961,-0.260221,-0.087461,0.155441,0.161601,0.178376,0.016070,0.074615,-0.122338,0.015648,-0.110987,0.182412,0.016027,-0.147814,-0.119096,0.016062
-0.072517,0.011219,0.185686,0.117723,0.109830,0.219239,0.114637,-0.097971,0.195277,-0.259672,0.120409,0.176095,-0.262758,-0.087392,0.152134,0.161524,0.178360,0.016098,0.074373,-0.122406,0.015568,-0.111173,0.182412,0.016070,-0.148097,-0.119157,0.016035
-0.075359,0.011223,0.184406,0.114647,0.109578,0.219975,0.111563,-0.098194,0.195768,-0.262282,0.120640,0.173045,-0.265366,-0.087132,0.148838,0.161443,0.178398,0.016101,0.074110,-0.122410,0.015597,-0.111388,0.182449,0.016090,-0.148389,-0.119157,0.016023
-0.078299,0.011333,0.183199,0.111443,0.109478,0.220706,0.108380,-0.098288,0.196445,-0.264977,0.120955,0.169952,-0.268040,-0.086811,0.145691,0.161343,0.178399,0.016089,0.073850,-0.122428,0.015627,-0.111633,0.182423,0.016097,-0.148716,-0.119192,0.016017
-0.081308,0.011375,0.182046,0.108177,0.109289,0.221408,0.105115,-0.098460,0.197002,-0.267732,0.121211,0.167090,-0.270794,-0.086538,0.142684,0.161245,0.178394,0.016097,0.073591,-0.122454,0.015618,-0.111878,0.182417,0.016116,-0.149039,-0.119215,0.015978
-0.084351,0.011444,0.180972,0.104873,0.109170,0.222025,0.101837,-0.098565,0.197498,-0.270539,0.121453,0.164445,-0.273574,-0.086282,0.139918,0.161147,0.178430,0.016107,0.073323,-0.122444,0.015609,-0.112134,0.182421,0.016126,-0.149365,-0.119230,0.015944
-0.087393,0.011517,0.179983,0.101588,0.109050,0.222582,0.098554,-0.098674,0.197959,-0.273339,0.121707,0.162008,-0.276374,-0.086017,0.137384,0.161039,0.178431,0.016101,0.073062,-0.122460,0.015622,-0.112388,0.182420,0.016138,-0.149692,-0.119239,0.015892
-0.090395,0.011597,0.179072,0.098348,0.108958,0.223096,0.095318,-0.098758,0.198402,-0.276108,0.121951,0.159742,-0.279138,-0.085764,0.135049,0.160932,0.178427,0.016102,0.072803,-0.122474,0.015609,-0.112642,0.182413,0.016139,-0.150012,-0.119252,0.015851
-0.093315,0.011715,0.178204,0.095191,0.108930,0.223545,0.092175,-0.098782,0.198817,-0.278806,0.122212,0.157590,-0.281821,-0.085500,0.132862,0.160834,0.178448,0.016102,0.072564,-0.122467,0.015655,-0.112882,0.182418,0.016140,-0.150318,-0.119258,0.015875
-0.096113,0.011868,0.177362,0.092178,0.108930,0.223905,0.089149,-0.098781,0.199178,-0.281375,0.122516,0.155546,-0.284405,-0.085195,0.130820,0.160742,0.178445,0.016093,0.072326,-0.122472,0.015718,-0.113117,0.182436,0.016121,-0.150611,-0.119242,0.015899
-0.098787,0.012051,0.176557,0.089292,0.108995,0.224192,0.086262,-0.098723,0.199515,-0.283837,0.122824,0.153598,-0.286867,-0.084894,0.128921,0.160649,0.178451,0.016091,0.072104,-0.122461,0.015764,-0.113340,0.182445,0.016111,-0.150880,-0.119233,0.015976
-0.101349,0.012245,0.175813,0.086537,0.109117,0.224351,0.083521,-0.098614,0.199781,-0.286219,0.123104,0.151844,-0.289235,-0.084626,0.127275,0.160549,0.178444,0.016102,0.071892,-0.122457,0.015809,-0.113561,0.182424,0.016099,-0.151165,-0.119244,0.016025
-0.103807,0.012520,0.175118,0.083916,0.109327,0.224406,0.080895,-0.098421,0.199988,-0.288510,0.123460,0.150248,-0.291531,-0.084288,0.125830,0.160458,0.178467,0.016088,0.071702,-0.122412,0.015857,-0.113776,0.182456,0.016084,-0.151420,-0.119192,0.016070
-0.106174,0.012753,0.174467,0.081388,0.109506,0.224471,0.078364,-0.098260,0.200211,-0.290713,0.123765,0.148724,-0.293736,-0.084001,0.124463,0.160353,0.178453,0.016088,0.071507,-0.122403,0.015899,-0.113998,0.182447,0.016069,-0.151668,-0.119178,0.016095
-0.108448,0.012989,0.173858,0.078949,0.109680,0.224595,0.075921,-0.098102,0.200468,-0.292817,0.124080,0.147249,-0.295845,-0.083702,0.123122,0.160264,0.178465,0.016100,0.071334,-0.122367,0.015928,-0.114193,0.182472,0.016047,-0.151895,-0.119134,0.016112
-0.110645,0.013145,0.173289,0.076573,0.109776,0.224798,0.073553,-0.098018,0.200766,-0.294843,0.124309,0.145811,-0.297863,-0.083485,0.121779,0.160189,0.178455,0.016100,0.071166,-0.122367,0.015957,-0.114386,0.182453,0.016030,-0.152124,-0.119141,0.016123
-0.112789,0.013302,0.172752,0.074251,0.109852,0.225052,0.071225,-0.097949,0.201092,-0.296803,0.124553,0.144413,-0.299829,-0.083249,0.120453,0.159782,0.178462,0.016041,0.071004,-0.122356,0.015966,-0.114573,0.182460,0.016010,-0.152345,-0.119124,0.016132
-0.114912,0.013569,0.172260,0.072008,0.110115,0.224993,0.068982,-0.097712,0.201255,-0.298806,0.124850,0.143265,-0.301832,-0.082977,0.119527,0.157576,0.178485,0.016050,0.070861,-0.122330,0.016005,-0.114752,0.182458,0.015978,-0.152544,-0.119092,0.016138
-0.117075,0.013832,0.171891,0.069764,0.110398,0.224876,0.066735,-0.097457,0.201386,-0.300884,0.125121,0.142396,-0.303914,-0.082734,0.118906,0.155177,0.178508,0.015943,0.070699,-0.122310,0.016015,-0.114920,0.182445,0.015948,-0.152747,-0.119067,0.016134
-0.119286,0.013988,0.171733,0.067348,0.110450,0.225624,0.064292,-0.097415,0.202223,-0.302864,0.125392,0.141244,-0.305920,-0.082473,0.117843,0.154905,0.178508,0.015963,0.070557,-0.122287,0.016026,-0.115132,0.182482,0.015929,-0.152961,-0.119013,0.016133
-0.121494,0.014168,0.171658,0.064907,0.110562,0.226467,0.061848,-0.097322,0.203234,-0.304836,0.125657,0.140083,-0.307895,-0.082226,0.116850,0.153040,0.178508,0.016146,0.070457,-0.122266,0.016045,-0.115295,0.182485,0.015891,-0.153157,-0.118983,0.016116
-0.123814,0.014351,0.171598,0.062439,0.110710,0.226969,0.059369,-0.097191,0.203902,-0.306996,0.125893,0.139294,-0.310066,-0.082008,0.116227,0.150396,0.178534,0.016166,0.070322,-0.122245,0.016055,-0.115494,0.182497,0.015843,-0.153358,-0.118948,0.016114
-0.126223,0.014488,0.171522,0.059909,0.110860,0.227277,0.056864,-0.097058,0.204352,-0.309309,0.126034,0.138692,-0.312354,-0.081884,0.115767,0.147842,0.178576,0.016192,0.070175,-0.122224,0.016074,-0.115701,0.182479,0.015795,-0.153571,-0.118950,0.016096
-0.128677,0.014633,0.171408,0.057345,0.110982,0.227566,0.054291,-0.096950,0.204769,-0.311646,0.126216,0.138046,-0.314700,-0.081715,0.115249,0.145546,0.178587,0.016204,0.070024,-0.122221,0.016078,-0.115901,0.182479,0.015732,-0.153791,-0.118934,0.016084
-0.131138,0.014805,0.171199,0.054721,0.111140,0.227920,0.051684,-0.096807,0.205263,-0.313959,0.126416,0.137136,-0.316996,-0.081531,0.114479,0.143430,0.178638,0.016190,0.069896,-0.122186,0.016093,-0.116102,0.182484,0.015678,-0.154019,-0.118912,0.016067
-0.133602,0.014946,0.170876,0.052042,0.111249,0.228350,0.049026,-0.096712,0.205815,-0.316230,0.126604,0.135937,-0.319246,-0.081357,0.113402,0.141603,0.178664,0.016161,0.069749,-0.122175,0.016095,-0.116310,0.182460,0.015652,-0.154262,-0.118920,0.016040
-0.136068,0.015118,0.170448,0.049315,0.111372,0.228838,0.046324,-0.096601,0.206409,-0.318460,0.126836,0.134486,-0.321451,-0.081136,0.112057,0.139903,0.178721,0.016181,0.069632,-0.122129,0.016083,-0.116508,0.182464,0.015666,-0.154503,-0.118898,0.016018
-0.138529,0.015301,0.169926,0.046522,0.111546,0.229375,0.043612,-0.096441,0.207068,-0.320670,0.127043,0.132784,-0.323580,-0.080944,0.110477,0.138261,0.178844,0.016167,0.069562,-0.122039,0.016114,-0.116748,0.182463,0.015692,-0.154743,-0.118888,0.015992
-0.141003,0.015453,0.169351,0.043673,0.111685,0.229977,0.040866,-0.096310,0.207740,-0.322872,0.127217,0.130963,-0.325678,-0.080779,0.108726,0.136571,0.179004,0.016158,0.069534,-0.121921,0.016094,-0.116961,0.182471,0.015736,-0.154984,-0.118877,0.015957
-0.143497,0.015579,0.168743,0.040776,0.111801,0.230596,0.038093,-0.096199,0.208385,-0.325088,0.127357,0.129100,-0.327771,-0.080643,0.106889,0.134702,0.179203,0.016131,0.069543,-0.121786,0.016116,-0.117193,0.182490,0.015772,-0.155232,-0.118866,0.015921
-0.146023,0.015701,0.168099,0.037770,0.112024,0.231211,0.035327,-0.095987,0.209076,-0.327373,0.127390,0.127122,-0.329816,-0.080622,0.104987,0.132604,0.179511,0.016099,0.069798,-0.121560,0.016037,-0.117431,0.182478,0.015811,-0.155471,-0.118894,0.015850
-0.148615,0.015869,0.167438,0.034605,0.112477,0.231770,0.032600,-0.095549,0.209727,-0.329830,0.127287,0.125150,-0.331835,-0.080739,0.103107,0.130241,0.180121,0.016046,0.070710,-0.121127,0.016305,-0.117697,0.182527,0.015884,-0.155716,-0.118889,0.015779
-0.151194,0.016129,0.166713,0.031246,0.113435,0.232198,0.030087,-0.094627,0.210436,-0.332474,0.126884,0.122990,-0.333633,-0.081178,0.101227,0.127482,0.181207,0.016043,0.074012,-0.120423,0.017815,-0.117978,0.182583,0.015961,-0.155933,-0.118920,0.015696
-0.153694,0.016685,0.165889,0.027888,0.114858,0.232457,0.027641,-0.093275,0.211356,-0.335030,0.126646,0.120421,-0.335276,-0.081487,0.099321,0.124829,0.182364,0.016065,0.077213,-0.119607,0.019899,-0.118255,0.182655,0.016034,-0.156144,-0.118900,0.015651
-0.156168,0.017494,0.165040,0.024503,0.116661,0.232608,0.025205,-0.091568,0.212479,-0.337541,0.126556,0.117602,-0.336838,-0.081672,0.097473,0.122704,0.183587,0.016067,0.078771,-0.118599,0.021620,-0.118494,0.182775,0.016042,-0.156335,-0.118813,0.015630
-0.158688,0.018433,0.164206,0.020931,0.118874,0.232688,0.022822,-0.089459,0.213752,-0.340197,0.126324,0.114660,-0.338306,-0.082009,0.095724,0.120524,0.185110,0.016031,0.079042,-0.117264,0.023156,-0.118739,0.182934,0.016069,-0.156508,-0.118716,0.015605
-0.161318,0.019444,0.163415,0.017075,0.121471,0.232753,0.020427,-0.086969,0.215246,-0.343062,0.125856,0.111583,-0.339710,-0.082584,0.094077,0.118245,0.186917,0.016018,0.078804,-0.115658,0.024886,-0.119021,0.183096,0.016074,-0.156696,-0.118665,0.015607
-0.164062,0.020592,0.162664,0.012986,0.124361,0.232856,0.017882,-0.084184,0.217063,-0.346007,0.125368,0.108266,-0.341111,-0.083178,0.092472,0.115703,0.188788,0.016010,0.078738,-0.113966,0.027151,-0.119289,0.183263,0.016104,-0.156871,-0.118623,0.015600
-0.166973,0.021980,0.161981,0.008644,0.127506,0.233143,0.015042,-0.081134,0.219245,-0.348988,0.125095,0.104716,-0.342591,-0.083545,0.090819,0.113366,0.190754,0.015981,0.078552,-0.112116,0.029437,-0.119605,0.183604,0.016075,-0.156991,-0.118420,0.015668
-0.170103,0.023369,0.161350,0.003774,0.131070,0.233520,0.012027,-0.077644,0.221900,-0.352233,0.124382,0.100800,-0.343980,-0.084332,0.089180,0.110572,0.192961,0.015965,0.078575,-0.110015,0.032348,-0.119994,0.183839,0.016061,-0.157193,-0.118410,0.015683
-0.173496,0.024891,0.160790,-0.001602,0.134922,0.234184,0.008635,-0.073826,0.225011,-0.355628,0.123608,0.096570,-0.345391,-0.085140,0.087397,0.107268,0.195399,0.015962,0.078799,-0.107617,0.035751,-0.120310,0.184235,0.016027,-0.157372,-0.118317,0.015693
-0.177259,0.026627,0.160333,-0.007390,0.138849,0.235110,0.004509,-0.069916,0.228752,-0.359027,0.123169,0.091914,-0.347129,-0.085596,0.085556,0.104057,0.197416,0.016106,0.078920,-0.105461,0.039663,-0.120729,0.184609,0.015933,-0.157589,-0.118213,0.015798
-0.181458,0.028427,0.160021,-0.013974,0.143067,0.236494,-0.000210,-0.065653,0.233093,-0.362705,0.122507,0.086949,-0.348941,-0.086212,0.083548,0.100898,0.199773,0.016997,0.078919,-0.102908,0.044036,-0.121066,0.185155,0.015822,-0.157775,-0.118057,0.015844
-0.186184,0.030376,0.159864,-0.021114,0.147261,0.238166,-0.005985,-0.061392,0.238275,-0.366382,0.122144,0.081453,-0.351254,-0.086508,0.081561,0.097256,0.201298,0.018332,0.078886,-0.100906,0.049123,-0.121674,0.185423,0.015894,-0.158191,-0.118113,0.015923
-0.191517,0.032444,0.159856,-0.029055,0.151421,0.240427,-0.012797,-0.057116,0.243994,-0.370237,0.122004,0.075717,-0.353979,-0.086533,0.079285,0.093831,0.202845,0.021180,0.078326,-0.098847,0.054545,-0.122116,0.185919,0.015880,-0.158491,-0.117970,0.015949
-0.197565,0.034447,0.159990,-0.037990,0.155445,0.243275,-0.020832,-0.052928,0.250389,-0.374298,0.121822,0.069590,-0.357140,-0.086552,0.076705,0.091085,0.204280,0.025847,0.077314,-0.096958,0.060563,-0.122822,0.186327,0.015923,-0.158897,-0.117932,0.015974
-0.204342,0.036469,0.160221,-0.047871,0.159151,0.246864,-0.030362,-0.049045,0.257481,-0.378322,0.121982,0.062961,-0.360813,-0.086214,0.073578,0.088765,0.205386,0.032630,0.076235,-0.095421,0.067828,-0.123418,0.186696,0.016038,-0.159340,-0.117876,0.015980
-0.211912,0.038517,0.160475,-0.059173,0.162920,0.251227,-0.041425,-0.045049,0.265318,-0.382399,0.122083,0.055632,-0.364651,-0.085886,0.069723,0.086711,0.206892,0.041710,0.075219,-0.093612,0.076427,-0.123966,0.187166,0.015926,-0.159808,-0.117763,0.016005
-0.220387,0.040615,0.160678,-0.071916,0.166514,0.256318,-0.054478,-0.041215,0.273901,-0.386295,0.122445,0.047456,-0.368857,-0.085284,0.065039,0.085041,0.208269,0.053202,0.074264,-0.091991,0.087109,-0.124575,0.187512,0.015864,-0.160386,-0.117711,0.015955
-0.229849,0.042847,0.160741,-0.086260,0.169951,0.262072,-0.069775,-0.037543,0.283033,-0.389922,0.123236,0.038450,-0.373438,-0.084258,0.059411,0.083571,0.209637,0.067755,0.072907,-0.090493,0.100273,-0.125216,0.187801,0.015795,-0.161011,-0.117601,0.015897
-0.240458,0.045116,0.160587,-0.102708,0.173463,0.268259,-0.087435,-0.033765,0.292507,-0.393480,0.123998,0.028667,-0.378207,-0.083230,0.052915,0.081613,0.211574,0.085741,0.070579,-0.088674,0.115839,-0.125918,0.188084,0.015714,-0.161703,-0.117509,0.015715
0.000000,0.000000,0.160912,0.190000,0.104600,0.160912,0.190000,-0.104600,0.160912,-0.190000,0.104600,0.160912,-0.190000,-0.104600,0.160912,0.185302,0.150050,-0.115206,0.215468,-0.150050,0.139842,-0.192242,0.150050,-0.006606,-0.094876,-0.150050,-0.008742
0.000589,-0.004948,0.346112,0.190179,0.100383,0.344501,0.190988,-0.108815,0.345021,-0.189809,0.098920,0.347203,-0.189000,-0.110278,0.347723,0.177147,0.145084,0.063410,0.253716,-0.154295,0.235541,-0.154688,0.143943,0.120754,-0.109213,-0.155867,0.167613
0.003050,-0.009808,0.335085,0.191109,0.098224,0.333028,0.194923,-0.110930,0.335178,-0.188823,0.091315,0.334992,-0.185009,-0.117839,0.337143,0.182697,0.140842,0.071594,0.187810,-0.158623,0.130677,-0.120112,0.135557,0.094623,-0.104166,-0.163706,0.154215
0.004953,-0.014793,0.319749,0.191861,0.095160,0.315633,0.197848,-0.113940,0.318079,-0.187941,0.084353,0.321420,-0.181954,-0.124747,0.323866,0.182202,0.137436,0.065994,0.145955,-0.163282,0.114217,-0.107513,0.129338,0.082855,-0.106041,-0.170335,0.128055
0.005640,-0.019642,0.301020,0.191889,0.091274,0.293925,0.199038,-0.117767,0.297858,-0.187758,0.078483,0.304182,-0.180609,-0.130558,0.308115,0.190193,0.132274,0.058653,0.155384,-0.168354,0.106000,-0.099555,0.122578,0.070001,-0.122283,-0.177783,0.109579
0.005726,-0.024532,0.278535,0.191466,0.087061,0.269118,0.199470,-0.121924,0.274176,-0.188019,0.072860,0.282893,-0.180014,-0.136126,0.287951,0.199487,0.127432,0.044624,0.161026,-0.173505,0.083642,-0.091691,0.116500,0.053746,-0.121831,-0.184254,0.087146
0.006006,-0.029541,0.252168,0.191329,0.082638,0.241567,0.200022,-0.126323,0.246495,-0.188010,0.067241,0.257840,-0.179317,-0.141720,0.262768,0.201992,0.123357,0.019927,0.152359,-0.178433,0.050370,-0.085337,0.111670,0.031224,-0.112428,-0.189247,0.058926
0.006161,-0.035110,0.223298,0.191179,0.077776,0.215167,0.200452,-0.131218,0.215849,-0.188130,0.060997,0.230748,-0.178858,-0.147996,0.231430,0.200605,0.123038,0.015775,0.144457,-0.179852,0.015240,-0.082337,0.110484,0.015799,-0.106581,-0.190956,0.025701
0.005222,-0.041019,0.200029,0.190334,0.071950,0.196477,0.199525,-0.136980,0.191134,-0.189081,0.054941,0.208924,-0.179890,-0.153989,0.203581,0.199585,0.122483,0.015927,0.143383,-0.180479,0.015998,-0.081769,0.110106,0.015924,-0.106007,-0.191447,0.015888
0.004303,-0.044361,0.184845,0.189462,0.068587,0.185026,0.198650,-0.140198,0.175590,-0.190044,0.051475,0.194100,-0.180856,-0.157310,0.184664,0.198912,0.122181,0.016040,0.142920,-0.180974,0.015907,-0.081593,0.109839,0.015979,-0.105636,-0.191902,0.015677
0.003904,-0.046066,0.174478,0.189162,0.066649,0.178460,0.198254,-0.142006,0.166406,-0.190445,0.049873,0.182549,-0.181354,-0.158782,0.170496,0.198539,0.122007,0.016075,0.142646,-0.181302,0.015880,-0.081296,0.109817,0.016025,-0.105486,-0.192101,0.015678
0.004009,-0.046974,0.167473,0.189347,0.065373,0.175802,0.198318,-0.143185,0.162101,-0.190299,0.049237,0.172846,-0.181328,-0.159321,0.159144,0.198438,0.121849,0.016057,0.142406,-0.181573,0.015873,-0.081065,0.109826,0.016057,-0.105410,-0.192219,0.015660
0.004494,-0.047653,0.163118,0.189762,0.064349,0.176242,0.198738,-0.144127,0.161355,-0.189751,0.048821,0.164881,-0.180775,-0.159656,0.149994,0.198514,0.121772,0.016061,0.142142,-0.181783,0.015867,-0.081001,0.109737,0.016063,-0.105337,-0.192422,0.015646
0.005203,-0.048199,0.161114,0.190350,0.063330,0.179090,0.199242,-0.145079,0.163234,-0.188835,0.048681,0.158994,-0.179944,-0.159727,0.143138,0.198743,0.121714,0.016063,0.141937,-0.181936,0.015892,-0.080833,0.109786,0.016068,-0.105267,-0.192468,0.015699
0.005955,-0.048683,0.161279,0.190865,0.062440,0.183665,0.199736,-0.145920,0.167177,-0.187827,0.048554,0.155382,-0.178955,-0.159806,0.138894,0.199052,0.121685,0.016057,0.141753,-0.182050,0.015876,-0.080735,0.109770,0.016087,-0.105193,-0.192549,0.015684
0.006590,-0.049103,0.163414,0.191248,0.061650,0.189423,0.200072,-0.146684,0.172569,-0.186892,0.048478,0.154259,-0.178068,-0.159855,0.137405,0.199419,0.121661,0.016046,0.141798,-0.182114,0.015866,-0.080619,0.109797,0.016083,-0.105117,-0.192554,0.015642
0.006977,-0.049381,0.167322,0.191389,0.061147,0.195902,0.200205,-0.147188,0.179067,-0.186251,0.048426,0.155577,-0.177435,-0.159909,0.138742,0.199807,0.121679,0.016003,0.141927,-0.182103,0.015845,-0.080574,0.109808,0.016083,-0.105024,-0.192538,0.015665
0.007038,-0.049358,0.172800,0.191275,0.061112,0.202706,0.200091,-0.147267,0.186428,-0.186014,0.048550,0.159172,-0.177198,-0.159829,0.142894,0.200163,0.121708,0.015933,0.142064,-0.182028,0.015876,-0.080564,0.109820,0.016066,-0.104968,-0.192465,0.015689
0.006685,-0.049244,0.179373,0.190920,0.061338,0.208872,0.199743,-0.147097,0.193324,-0.186373,0.048609,0.165421,-0.177550,-0.159826,0.149873,0.200473,0.121755,0.015885,0.142150,-0.181953,0.016391,-0.080590,0.109846,0.016046,-0.104988,-0.192367,0.015747
0.005934,-0.049236,0.186075,0.190357,0.061558,0.213527,0.199181,-0.146917,0.198534,-0.187313,0.048445,0.173616,-0.178490,-0.160031,0.158623,0.200699,0.121818,0.015897,0.140249,-0.181930,0.016542,-0.080708,0.109897,0.016043,-0.105100,-0.192261,0.015801
0.005014,-0.049507,0.191449,0.189742,0.061548,0.215608,0.198563,-0.146940,0.200781,-0.188534,0.047925,0.182117,-0.179713,-0.160562,0.167290,0.200783,0.121824,0.015880,0.138668,-0.181974,0.016510,-0.080883,0.109895,0.016059,-0.105253,-0.192242,0.015778
0.004110,-0.050014,0.194989,0.189124,0.061275,0.215617,0.197929,-0.147196,0.200560,-0.189709,0.047167,0.189417,-0.180904,-0.161304,0.174360,0.200743,0.121800,0.015892,0.137262,-0.182066,0.016399,-0.081080,0.109885,0.016056,-0.105459,-0.192268,0.015713
0.003246,-0.050716,0.196691,0.188454,0.060744,0.214461,0.197240,-0.147686,0.198827,-0.190747,0.046253,0.194556,-0.181962,-0.162177,0.178921,0.200642,0.121769,0.015911,0.136693,-0.182143,0.016005,-0.081246,0.109876,0.016056,-0.105637,-0.192334,0.015701
0.002356,-0.051647,0.197145,0.187688,0.059857,0.213260,0.196416,-0.148505,0.196719,-0.191705,0.045211,0.197570,-0.182977,-0.163151,0.181029,0.200545,0.121692,0.015946,0.136549,-0.182295,0.015947,-0.081269,0.109878,0.016062,-0.105758,-0.192427,0.015725
0.001394,-0.052692,0.196955,0.186772,0.058803,0.212604,0.195483,-0.149475,0.195028,-0.192695,0.044090,0.198882,-0.183984,-0.164188,0.181306,0.200461,0.121622,0.015949,0.136415,-0.182486,0.015957,-0.081359,0.109825,0.016069,-0.105864,-0.192599,0.015719
0.000376,-0.053696,0.196472,0.185815,0.057619,0.212674,0.194414,-0.150568,0.193991,-0.193662,0.043176,0.198952,-0.185063,-0.165010,0.180269,0.200431,0.121548,0.015964,0.136274,-0.182657,0.015897,-0.081332,0.109900,0.016070,-0.105947,-0.192650,0.015757
-0.000702,-0.054600,0.195890,0.184742,0.056527,0.213286,0.193289,-0.151573,0.193636,-0.194692,0.042373,0.198144,-0.186146,-0.165726,0.178494,0.200422,0.121491,0.015989,0.136128,-0.182829,0.015907,-0.081340,0.109911,0.016071,-0.106023,-0.192757,0.015728
-0.001858,-0.055408,0.195244,0.183596,0.055453,0.214160,0.192048,-0.152563,0.193599,-0.195764,0.041746,0.196890,-0.187312,-0.166270,0.176328,0.200429,0.121437,0.015954,0.135992,-0.182988,0.015935,-0.081312,0.109978,0.016067,-0.106111,-0.192811,0.015788
-0.003109,-0.056114,0.194515,0.182325,0.054503,0.214991,0.190717,-0.153437,0.193657,-0.196935,0.041209,0.195373,-0.188543,-0.166731,0.174039,0.200413,0.121377,0.015976,0.135845,-0.183140,0.015901,-0.081323,0.109997,0.016068,-0.106209,-0.192896,0.015773
-0.004442,-0.056717,0.193648,0.180965,0.053663,0.215591,0.189303,-0.154204,0.193542,-0.198188,0.040771,0.193754,-0.189850,-0.167097,0.171705,0.200389,0.121355,0.016002,0.135682,-0.183251,0.015873,-0.081335,0.110048,0.016062,-0.106311,-0.192950,0.015803
-0.005819,-0.057301,0.192646,0.179553,0.052857,0.215959,0.187848,-0.154942,0.193254,-0.199486,0.040341,0.192037,-0.191192,-0.167458,0.169332,0.200340,0.121290,0.016007,0.135505,-0.183403,0.015844,-0.081402,0.110040,0.016052,-0.106427,-0.193060,0.015838
-0.007204,-0.057800,0.191581,0.178130,0.052130,0.216234,0.186377,-0.155605,0.192935,-0.200785,0.040004,0.190226,-0.192538,-0.167731,0.166927,0.200287,0.121238,0.016003,0.135352,-0.183537,0.015825,-0.081446,0.110047,0.016051,-0.106544,-0.193144,0.015854
-0.008556,-0.058159,0.190486,0.176734,0.051545,0.216440,0.184932,-0.156133,0.192622,-0.202045,0.039815,0.188349,-0.193847,-0.167863,0.164531,0.200229,0.121242,0.016014,0.135175,-0.183602,0.015811,-0.081478,0.110118,0.016044,-0.106671,-0.193157,0.015881
-0.009832,-0.058441,0.189385,0.175399,0.051061,0.216583,0.183564,-0.156575,0.192388,-0.203228,0.039692,0.186382,-0.195064,-0.167943,0.162186,0.200167,0.121199,0.016018,0.135027,-0.183693,0.015758,-0.081540,0.110120,0.016036,-0.106788,-0.193216,0.015877
-0.011017,-0.058556,0.188323,0.174148,0.050748,0.216741,0.182274,-0.156861,0.192309,-0.204308,0.039750,0.184336,-0.196182,-0.167860,0.159904,0.200111,0.121185,0.016016,0.134892,-0.183741,0.015795,-0.081579,0.110159,0.016022,-0.106904,-0.193218,0.015905
-0.012100,-0.058544,0.187324,0.172972,0.050613,0.216893,0.181094,-0.156989,0.192396,-0.205294,0.039901,0.182252,-0.197172,-0.167701,0.157756,0.200052,0.121175,0.016018,0.134783,-0.183761,0.015782,-0.081651,0.110154,0.016018,-0.107008,-0.193237,0.015919
-0.013088,-0.058475,0.186406,0.171871,0.050573,0.217058,0.180017,-0.157032,0.192592,-0.206193,0.040081,0.180221,-0.198048,-0.167524,0.155755,0.200001,0.121167,0.016028,0.134688,-0.183770,0.015755,-0.081719,0.110118,0.015992,-0.107103,-0.193276,0.015923
-0.013992,-0.058399,0.185571,0.170867,0.050519,0.217274,0.179010,-0.157085,0.192805,-0.206995,0.040287,0.178338,-0.198851,-0.167318,0.153869,0.199961,0.121180,0.016026,0.134611,-0.183756,0.015735,-0.081775,0.110133,0.015986,-0.107192,-0.193268,0.015968
-0.014809,-0.058327,0.184820,0.169953,0.050478,0.217467,0.178096,-0.157129,0.193017,-0.207713,0.040476,0.176623,-0.199570,-0.167131,0.152173,0.199927,0.121176,0.016024,0.134537,-0.183757,0.015730,-0.081822,0.110131,0.015979,-0.107277,-0.193269,0.015967
-0.015533,-0.058235,0.184131,0.169135,0.050471,0.217622,0.177278,-0.157141,0.193215,-0.208345,0.040670,0.175048,-0.200202,-0.166941,0.150641,0.199887,0.121175,0.016023,0.134465,-0.183753,0.015736,-0.081876,0.110130,0.015971,-0.107358,-0.193266,0.015977
-0.016167,-0.058128,0.183509,0.168411,0.050498,0.217753,0.176559,-0.157122,0.193416,-0.208893,0.040865,0.173603,-0.200744,-0.166754,0.149266,0.199856,0.121174,0.016023,0.134412,-0.183745,0.015742,-0.081918,0.110123,0.015962,-0.107426,-0.193265,0.015984
-0.016716,-0.057995,0.182965,0.167776,0.050562,0.217883,0.175928,-0.157069,0.193642,-0.209360,0.041079,0.172287,-0.201208,-0.166552,0.148046,0.199825,0.121182,0.016017,0.134350,-0.183734,0.015822,-0.081955,0.110126,0.015955,-0.107486,-0.193249,0.015995
-0.017223,-0.057808,0.182678,0.167155,0.050669,0.218432,0.175310,-0.156982,0.194368,-0.209757,0.041366,0.170988,-0.201602,-0.166285,0.146923,0.199816,0.121199,0.016014,0.134296,-0.183709,0.015986,-0.081991,0.110140,0.015945,-0.107551,-0.193209,0.016008
-0.017742,-0.057587,0.182718,0.166502,0.050826,0.219348,0.174668,-0.156857,0.195563,-0.210152,0.041684,0.169872,-0.201987,-0.165999,0.146087,0.199834,0.121205,0.016018,0.134239,-0.183669,0.016040,-0.082022,0.110134,0.015929,-0.107620,-0.193171,0.015982
-0.018330,-0.057545,0.182618,0.165866,0.050902,0.219395,0.174086,-0.156781,0.195636,-0.210745,0.041692,0.169600,-0.202525,-0.165992,0.145841,0.199820,0.121291,0.016047,0.132827,-0.183657,0.016094,-0.082096,0.110148,0.015914,-0.107657,-0.193163,0.015988
-0.018860,-0.057507,0.182190,0.165374,0.051001,0.218593,0.173611,-0.156683,0.194846,-0.211331,0.041670,0.169534,-0.203093,-0.166014,0.145786,0.199739,0.121306,0.016042,0.132799,-0.183605,0.015749,-0.082127,0.110143,0.015905,-0.107723,-0.193171,0.015986
