-0.007019,0.007740,0.341132,0.182228,0.113593,0.345801,0.183702,-0.095177,0.332476,-0.197740,0.110657,0.349787,-0.196266,-0.098113,0.336462,0.173394,0.172078,0.142062,0.191825,-0.129244,0.153568,-0.195336,0.167966,0.165715,-0.180204,-0.131777,0.152117
-0.009293,0.012081,0.324868,0.179112,0.119477,0.328205,0.182142,-0.089101,0.312371,-0.200727,0.113263,0.337364,-0.197697,-0.095315,0.321530,0.161555,0.180491,0.121601,0.129315,-0.120258,0.112191,-0.174456,0.175599,0.121736,-0.162000,-0.124513,0.112492
-0.012268,0.016523,0.303638,0.175573,0.124936,0.305601,0.179527,-0.083430,0.287354,-0.204063,0.116476,0.319921,-0.200109,-0.091889,0.301674,0.149857,0.188209,0.098573,0.089978,-0.113933,0.095188,-0.160947,0.182563,0.095688,-0.149224,-0.117322,0.082046
-0.015854,0.021105,0.279740,0.171693,0.130042,0.279417,0.176004,-0.078305,0.261050,-0.207712,0.120515,0.298430,-0.203401,-0.087832,0.280062,0.150442,0.193230,0.075335,0.094594,-0.109168,0.074360,-0.159091,0.187269,0.070287,-0.154759,-0.112685,0.055726
-0.019081,0.025642,0.252331,0.168344,0.134769,0.250290,0.172693,-0.073567,0.231804,-0.210855,0.124852,0.272859,-0.206507,-0.083485,0.254373,0.147440,0.198082,0.046181,0.096774,-0.104201,0.044847,-0.165305,0.192138,0.039605,-0.164549,-0.108143,0.027798
-0.022385,0.030394,0.221443,0.164891,0.139647,0.215742,0.169186,-0.068861,0.199299,-0.213955,0.129648,0.243587,-0.209661,-0.078860,0.227143,0.141923,0.200598,0.015108,0.097949,-0.101424,0.015374,-0.169220,0.194140,0.015727,-0.165242,-0.106882,0.015840
-0.022598,0.034233,0.197256,0.164392,0.143780,0.188592,0.168948,-0.064880,0.174277,-0.214144,0.133346,0.220234,-0.209589,-0.075314,0.205919,0.140455,0.200687,0.015686,0.096835,-0.101170,0.016102,-0.167851,0.193957,0.015684,-0.164418,-0.106855,0.015829
-0.019257,0.035744,0.181674,0.167938,0.145111,0.175511,0.172507,-0.063574,0.161575,-0.211020,0.135062,0.201772,-0.206452,-0.073624,0.187837,0.140219,0.200727,0.015861,0.095602,-0.101101,0.016029,-0.166900,0.194005,0.015848,-0.163565,-0.106775,0.016035
-0.014404,0.036575,0.169826,0.172983,0.145744,0.166769,0.177553,-0.062937,0.152776,-0.206362,0.136088,0.186876,-0.201792,-0.072593,0.172883,0.140424,0.200717,0.015805,0.094814,-0.101147,0.016097,-0.165975,0.193989,0.016065,-0.162697,-0.106784,0.016052
-0.009094,0.037455,0.159537,0.178397,0.146482,0.158481,0.182960,-0.062205,0.144565,-0.201149,0.137114,0.174509,-0.196586,-0.071573,0.160592,0.140725,0.200735,0.015789,0.094384,-0.101137,0.016110,-0.165136,0.194027,0.016093,-0.161840,-0.106736,0.016058
-0.003578,0.038298,0.150566,0.183984,0.147207,0.150879,0.188522,-0.061490,0.137113,-0.195679,0.138085,0.164018,-0.191141,-0.070612,0.150252,0.141126,0.200746,0.015789,0.095027,-0.101092,0.015984,-0.164314,0.194088,0.016043,-0.160982,-0.106662,0.016028
0.002060,0.039036,0.143192,0.189668,0.147861,0.144486,0.194188,-0.060850,0.130913,-0.190068,0.138921,0.155470,-0.185548,-0.069789,0.141898,0.141622,0.200745,0.015801,0.095718,-0.101060,0.015896,-0.163487,0.194126,0.015965,-0.160120,-0.106603,0.015925
0.007889,0.039629,0.137840,0.195531,0.148382,0.139884,0.200031,-0.060340,0.126489,-0.184253,0.139598,0.149192,-0.179754,-0.069124,0.135797,0.142207,0.200751,0.015792,0.096414,-0.101021,0.015758,-0.162695,0.194174,0.015849,-0.159286,-0.106536,0.015788
0.013962,0.040062,0.134917,0.201622,0.148774,0.137429,0.206113,-0.059959,0.124208,-0.178190,0.140083,0.145626,-0.173699,-0.068650,0.132405,0.142875,0.200769,0.015750,0.097085,-0.100980,0.015632,-0.161927,0.194213,0.015709,-0.158453,-0.106486,0.015751
0.020302,0.040321,0.134716,0.207975,0.149010,0.137300,0.212448,-0.059733,0.124225,-0.171844,0.140376,0.145207,-0.167372,-0.068367,0.132131,0.143555,0.200786,0.015857,0.097726,-0.100943,0.015697,-0.161243,0.194265,0.015698,-0.157662,-0.106431,0.015953
0.026741,0.040422,0.137499,0.214414,0.149120,0.139720,0.218876,-0.059636,0.126845,-0.165394,0.140481,0.148153,-0.160932,-0.068275,0.135279,0.144247,0.200799,0.015962,0.098291,-0.100914,0.015829,-0.160657,0.194294,0.015761,-0.157001,-0.106381,0.015992
0.033287,0.040363,0.143503,0.220953,0.149084,0.145085,0.225404,-0.059685,0.132430,-0.158830,0.140412,0.154575,-0.154379,-0.068358,0.141921,0.144921,0.200829,0.016038,0.098753,-0.100866,0.015909,-0.160288,0.194335,0.015814,-0.156582,-0.106315,0.015990
0.040009,0.040333,0.152991,0.227664,0.149079,0.154039,0.232122,-0.059723,0.141935,-0.152105,0.140389,0.164047,-0.147646,-0.068413,0.151944,0.145580,0.200864,0.016002,0.099157,-0.100797,0.015962,-0.160137,0.194346,0.015823,-0.156430,-0.106256,0.015993
0.046799,0.040634,0.166175,0.234436,0.149410,0.167312,0.238964,-0.059455,0.156383,-0.145366,0.140724,0.175968,-0.140838,-0.068142,0.165039,0.146251,0.200939,0.015993,0.099555,-0.100655,0.016014,-0.163726,0.194032,0.019573,-0.156538,-0.106209,0.016052
0.052940,0.041048,0.182549,0.240545,0.149886,0.182910,0.245131,-0.059042,0.173284,-0.139250,0.141138,0.191814,-0.134664,-0.067790,0.182188,0.146972,0.201034,0.015939,0.099995,-0.100493,0.016047,-0.176156,0.193045,0.035379,-0.157075,-0.106132,0.015952
0.059044,0.041210,0.202515,0.246580,0.150157,0.201171,0.251234,-0.058812,0.192537,-0.133146,0.141233,0.212493,-0.128492,-0.067737,0.203859,0.147770,0.201114,0.015840,0.100619,-0.100376,0.016064,-0.191103,0.191895,0.056312,-0.157993,-0.106134,0.016030
0.066338,0.041187,0.225736,0.253828,0.150194,0.223318,0.258526,-0.058803,0.215401,-0.125851,0.141178,0.236070,-0.121153,-0.067820,0.228153,0.148948,0.201193,0.015759,0.105702,-0.100216,0.016973,-0.203263,0.191138,0.072227,-0.159282,-0.106127,0.015784
0.074631,0.040268,0.248643,0.262173,0.149210,0.247932,0.266864,-0.059780,0.239820,-0.117603,0.140316,0.257466,-0.112912,-0.068674,0.249355,0.150570,0.201208,0.015854,0.121586,-0.100067,0.021611,-0.209072,0.190645,0.080025,-0.161354,-0.106232,0.016822
0.082794,0.039099,0.266830,0.270348,0.148020,0.267837,0.275081,-0.060952,0.259283,-0.109492,0.139149,0.274377,-0.104759,-0.069822,0.265823,0.165965,0.201152,0.023617,0.148333,-0.100005,0.031660,-0.207466,0.190368,0.080451,-0.169471,-0.107026,0.027348
0.090431,0.037977,0.280294,0.277961,0.146923,0.282424,0.282770,-0.062039,0.273677,-0.101907,0.137994,0.286911,-0.097099,-0.070968,0.278164,0.188713,0.200778,0.033800,0.173582,-0.100264,0.039822,-0.199996,0.189899,0.080024,-0.173914,-0.108309,0.040971
0.097511,0.036850,0.289437,0.285053,0.145758,0.292322,0.289853,-0.063195,0.283359,-0.094830,0.136895,0.295515,-0.090030,-0.072058,0.286551,0.211410,0.200324,0.041648,0.195273,-0.100653,0.045166,-0.188082,0.189528,0.079381,-0.170756,-0.109348,0.051860
0.104149,0.035707,0.294238,0.291743,0.144514,0.297512,0.296446,-0.064427,0.288219,-0.088148,0.135842,0.300257,-0.083445,-0.073099,0.290964,0.232521,0.199822,0.047163,0.212847,-0.101148,0.048399,-0.171990,0.189371,0.077444,-0.159956,-0.110001,0.058779
0.110420,0.034573,0.294653,0.298096,0.143234,0.298085,0.302641,-0.065689,0.288319,-0.081800,0.134834,0.300988,-0.077255,-0.074089,0.291222,0.251106,0.199310,0.050191,0.226277,-0.101698,0.049516,-0.151339,0.189453,0.073750,-0.142107,-0.110290,0.061886
0.116348,0.033426,0.290610,0.304110,0.141934,0.294157,0.308485,-0.066960,0.283738,-0.075788,0.133813,0.297481,-0.071414,-0.075082,0.287062,0.267733,0.198835,0.050652,0.237428,-0.102245,0.048766,-0.125670,0.189705,0.068530,-0.118188,-0.110351,0.061982
0.121933,0.032291,0.282020,0.309776,0.140650,0.285823,0.313991,-0.068204,0.274562,-0.070125,0.132787,0.289477,-0.065910,-0.076068,0.278217,0.284389,0.198428,0.049065,0.249676,-0.102748,0.046825,-0.095025,0.190052,0.062413,-0.089353,-0.110305,0.060080
0.127312,0.031183,0.268818,0.315244,0.139364,0.273228,0.319289,-0.069441,0.261033,-0.064666,0.131808,0.276603,-0.060621,-0.076998,0.264408,0.302498,0.197886,0.046638,0.265275,-0.103366,0.044301,-0.061048,0.190273,0.056413,-0.057479,-0.110370,0.057178
0.132736,0.030155,0.250971,0.320760,0.138128,0.256471,0.324639,-0.070628,0.243411,-0.059167,0.130938,0.258532,-0.055287,-0.077818,0.245472,0.323275,0.196924,0.045429,0.284784,-0.104313,0.041963,-0.026346,0.190032,0.051732,-0.024952,-0.110827,0.054082
0.138458,0.029198,0.228851,0.326572,0.136922,0.235915,0.330285,-0.071793,0.222164,-0.053368,0.130188,0.235538,-0.049656,-0.078526,0.221787,0.345462,0.195428,0.044458,0.308581,-0.105784,0.040786,0.004509,0.189155,0.047611,0.004510,-0.111769,0.049520
0.144760,0.028183,0.204373,0.332921,0.135731,0.212743,0.336537,-0.072947,0.198421,-0.047017,0.129313,0.210326,-0.043401,-0.079365,0.196004,0.364133,0.194431,0.029217,0.325073,-0.107108,0.029387,0.029930,0.188426,0.032338,0.038017,-0.111869,0.026278
0.151840,0.027796,0.183468,0.339918,0.135308,0.193917,0.343668,-0.073296,0.178591,-0.039987,0.128888,0.188345,-0.036237,-0.079716,0.173018,0.364225,0.194385,0.016146,0.325406,-0.107239,0.015723,0.043836,0.188637,0.015993,0.039993,-0.112354,0.015516
0.159004,0.028851,0.167805,0.347008,0.136345,0.179676,0.350860,-0.072234,0.164036,-0.032852,0.129935,0.171575,-0.028999,-0.078644,0.155935,0.363666,0.194510,0.016007,0.325504,-0.107181,0.015915,0.044754,0.188638,0.015764,0.040869,-0.112424,0.015717
0.166412,0.030396,0.154086,0.354378,0.137812,0.167197,0.358234,-0.070805,0.152062,-0.025409,0.131596,0.156109,-0.021553,-0.077020,0.140975,0.363529,0.194529,0.015976,0.325914,-0.107100,0.015885,0.045620,0.188673,0.015686,0.041658,-0.112357,0.015917
0.174019,0.031639,0.141798,0.361905,0.138991,0.156473,0.365808,-0.069644,0.141613,-0.017770,0.132922,0.141984,-0.013868,-0.075713,0.127123,0.363631,0.194595,0.016099,0.324926,-0.107036,0.016030,0.046458,0.188680,0.015857,0.042466,-0.112325,0.016106
0.181709,0.032661,0.131140,0.369544,0.139895,0.147270,0.373423,-0.068753,0.132598,-0.010004,0.134076,0.129682,-0.006125,-0.074573,0.115011,0.363973,0.194590,0.016037,0.325600,-0.107015,0.016015,0.047292,0.188707,0.015981,0.043273,-0.112276,0.016201
0.189354,0.033369,0.122214,0.377132,0.140502,0.139628,0.381005,-0.068140,0.124846,-0.002297,0.134878,0.119582,0.001576,-0.073763,0.104799,0.364468,0.194595,0.016039,0.326370,-0.107011,0.015954,0.048127,0.188719,0.016083,0.044121,-0.112270,0.016221
0.196785,0.033934,0.115232,0.384509,0.140990,0.133664,0.388386,-0.067643,0.118760,0.005184,0.135510,0.111704,0.009061,-0.073122,0.096800,0.365080,0.194604,0.016053,0.327374,-0.107005,0.015939,0.048975,0.188725,0.016119,0.045077,-0.112271,0.016225
0.203987,0.034342,0.110438,0.391666,0.141340,0.129651,0.395550,-0.067282,0.114605,0.012424,0.135966,0.106270,0.016308,-0.072656,0.091224,0.365805,0.194630,0.016019,0.328299,-0.107009,0.016139,0.049868,0.188740,0.016131,0.046167,-0.112261,0.016141
0.210953,0.034538,0.107971,0.398606,0.141494,0.127664,0.402494,-0.067115,0.112434,0.019412,0.136191,0.103507,0.023299,-0.072417,0.088277,0.366570,0.194633,0.015934,0.329201,-0.107029,0.016134,0.050851,0.188741,0.016049,0.047356,-0.112267,0.015941
0.217682,0.034575,0.107826,0.405346,0.141511,0.127527,0.409222,-0.067086,0.112137,0.026142,0.136235,0.103516,0.030018,-0.072362,0.088126,0.367342,0.194625,0.015858,0.329959,-0.107054,0.016084,0.051834,0.188757,0.015918,0.048572,-0.112275,0.015969
0.224197,0.034523,0.109995,0.411904,0.141500,0.129051,0.415773,-0.067097,0.113661,0.032622,0.136143,0.106329,0.036490,-0.072454,0.090939,0.368120,0.194622,0.015838,0.330632,-0.107057,0.016067,0.052765,0.188782,0.015729,0.049765,-0.112277,0.016225
0.230492,0.034279,0.114485,0.418284,0.141327,0.132256,0.422127,-0.067267,0.116808,0.038856,0.135825,0.112162,0.042699,-0.072769,0.096714,0.368856,0.194620,0.015840,0.331187,-0.107053,0.015929,0.053506,0.188809,0.015852,0.050731,-0.112242,0.016228
0.236771,0.033796,0.121366,0.424671,0.140969,0.137135,0.428492,-0.067614,0.121536,0.045049,0.135206,0.121197,0.048870,-0.073376,0.105597,0.369574,0.194614,0.015860,0.331704,-0.107068,0.015858,0.054060,0.188830,0.015917,0.051432,-0.112223,0.016140
0.243118,0.033247,0.130683,0.431114,0.140607,0.143814,0.434922,-0.067979,0.128265,0.051315,0.134473,0.133100,0.055122,-0.074113,0.117552,0.370272,0.194621,0.015819,0.332122,-0.107056,0.015797,0.054349,0.188846,0.015934,0.051746,-0.112194,0.016076
0.249512,0.032679,0.142601,0.437557,0.140241,0.153113,0.441367,-0.068366,0.137843,0.057657,0.133724,0.147359,0.061466,-0.074884,0.132090,0.370989,0.194640,0.016006,0.332568,-0.106994,0.015721,0.054376,0.188865,0.015901,0.051763,-0.112152,0.016137
0.255905,0.032249,0.157439,0.443941,0.139988,0.166152,0.447797,-0.068671,0.151624,0.064014,0.133170,0.163254,0.067869,-0.075489,0.148726,0.371737,0.194677,0.015985,0.332965,-0.106893,0.015638,0.052277,0.188577,0.018830,0.051452,-0.112130,0.016159
0.262108,0.032057,0.175457,0.450115,0.139934,0.182990,0.454032,-0.068799,0.169584,0.070184,0.132913,0.181330,0.074100,-0.075821,0.167924,0.372555,0.194755,0.016018,0.333402,-0.106732,0.015731,0.041240,0.187568,0.031123,0.050803,-0.112056,0.016064
0.268051,0.031960,0.196433,0.456025,0.140002,0.202266,0.460007,-0.068803,0.190048,0.076095,0.132722,0.202818,0.080078,-0.076082,0.190600,0.373464,0.194861,0.016014,0.333410,-0.106560,0.015835,0.026777,0.186196,0.051085,0.049769,-0.111984,0.016070
0.274895,0.032150,0.220585,0.462815,0.140371,0.224528,0.466888,-0.068510,0.213722,0.082901,0.132811,0.227448,0.086975,-0.076070,0.216641,0.374648,0.194965,0.015875,0.334866,-0.106381,0.016117,0.014284,0.185313,0.066592,0.048390,-0.111950,0.015758
0.282661,0.031914,0.245338,0.470564,0.140144,0.249820,0.474683,-0.068774,0.239783,0.090640,0.132602,0.250894,0.094759,-0.076317,0.240857,0.376308,0.195042,0.015758,0.345021,-0.106252,0.019357,0.007946,0.184956,0.074513,0.046445,-0.111977,0.015981
0.290474,0.031288,0.265952,0.478013,0.140115,0.271132,0.482832,-0.068836,0.262143,0.098115,0.131412,0.269761,0.102935,-0.077539,0.260772,0.386861,0.194291,0.020687,0.369316,-0.106932,0.029073,0.008825,0.183287,0.073802,0.042155,-0.114225,0.023205
0.297798,0.030722,0.281536,0.484870,0.140356,0.286613,0.490579,-0.068627,0.278974,0.105017,0.130070,0.284098,0.110727,-0.078912,0.276460,0.410529,0.193136,0.031793,0.396959,-0.107939,0.039775,0.015201,0.180832,0.072931,0.037817,-0.117668,0.037518
0.304649,0.030165,0.292801,0.491293,0.140543,0.297481,0.497812,-0.068459,0.291162,0.111487,0.128789,0.294440,0.118006,-0.080214,0.288121,0.434533,0.192029,0.040712,0.421686,-0.108962,0.047582,0.025964,0.178336,0.072111,0.040042,-0.120926,0.049571
0.311066,0.029602,0.299751,0.497326,0.140655,0.303660,0.504569,-0.068359,0.298625,0.117562,0.127563,0.300877,0.124805,-0.081451,0.295842,0.456792,0.190918,0.047259,0.442642,-0.110081,0.053115,0.040516,0.175933,0.070476,0.049353,-0.123816,0.057561
0.317177,0.029028,0.302360,0.503077,0.140715,0.305222,0.511000,-0.068300,0.301425,0.123353,0.126356,0.303296,0.131277,-0.082659,0.299499,0.476216,0.189803,0.051107,0.459099,-0.111305,0.056292,0.059027,0.173690,0.067553,0.065515,-0.126321,0.061572
0.323036,0.028431,0.300563,0.508561,0.140765,0.302256,0.517188,-0.068241,0.299630,0.128885,0.125103,0.301497,0.137511,-0.083903,0.298870,0.493090,0.188760,0.052249,0.471427,-0.112575,0.057097,0.081956,0.171652,0.063197,0.087785,-0.128479,0.062616
0.328621,0.027798,0.294278,0.513724,0.140837,0.294881,0.523133,-0.068146,0.293333,0.134108,0.123741,0.295223,0.143518,-0.085241,0.293675,0.508160,0.187892,0.050723,0.481062,-0.113779,0.055860,0.109431,0.169887,0.057652,0.115019,-0.130305,0.061829
0.334137,0.027134,0.283428,0.518780,0.140924,0.283232,0.529036,-0.068024,0.282679,0.139238,0.122292,0.284177,0.149494,-0.086656,0.283624,0.522185,0.187221,0.047106,0.489984,-0.114838,0.053162,0.140373,0.168469,0.051332,0.145554,-0.131762,0.060202
0.339668,0.026428,0.267957,0.523845,0.140970,0.267413,0.534955,-0.067935,0.267796,0.144382,0.120791,0.268118,0.155491,-0.088113,0.268501,0.536080,0.186723,0.042708,0.500110,-0.115702,0.049701,0.172291,0.167381,0.045067,0.177205,-0.132857,0.058674
0.345474,0.025696,0.247950,0.529195,0.140967,0.247536,0.541133,-0.067888,0.248862,0.149815,0.119279,0.247038,0.161753,-0.089576,0.248364,0.550815,0.186403,0.038815,0.513657,-0.116269,0.046445,0.201678,0.166449,0.039298,0.206961,-0.133730,0.057317
0.351601,0.024973,0.223981,0.534863,0.140973,0.223636,0.547624,-0.067821,0.226239,0.155577,0.117767,0.221724,0.168339,-0.091027,0.224327,0.566332,0.186067,0.033726,0.534214,-0.116429,0.045795,0.227475,0.165326,0.031359,0.232260,-0.134812,0.051593
0.358429,0.023941,0.199610,0.541420,0.140366,0.198713,0.554673,-0.068398,0.201253,0.162184,0.116280,0.197967,0.175438,-0.092484,0.200507,0.567792,0.185360,0.015872,0.528845,-0.117840,0.015719,0.243493,0.164773,0.015962,0.266033,-0.134511,0.016956
0.365540,0.022320,0.177478,0.548511,0.138778,0.177678,0.561799,-0.069999,0.178096,0.169280,0.114639,0.176861,0.182568,-0.094138,0.177279,0.567027,0.185174,0.015841,0.528559,-0.117982,0.015919,0.244508,0.164646,0.015759,0.267095,-0.134624,0.015844
0.372574,0.022007,0.160012,0.555538,0.138474,0.160868,0.568839,-0.070302,0.160336,0.176308,0.114316,0.159688,0.189610,-0.094460,0.159157,0.566605,0.185091,0.015823,0.528735,-0.118032,0.016008,0.245342,0.164623,0.015603,0.267919,-0.134648,0.015750
0.379822,0.022297,0.145318,0.562783,0.138758,0.147083,0.576083,-0.070017,0.146256,0.183561,0.114611,0.144379,0.196861,-0.094164,0.143552,0.566555,0.185061,0.015824,0.529209,-0.118030,0.016105,0.246137,0.164649,0.015742,0.268667,-0.134626,0.015778
0.387276,0.022654,0.132857,0.570221,0.139110,0.136040,0.583526,-0.069663,0.134953,0.191025,0.114970,0.130760,0.204331,-0.093803,0.129674,0.566831,0.185063,0.015871,0.529862,-0.118007,0.016057,0.246933,0.164675,0.015863,0.269426,-0.134605,0.015942
0.394875,0.022919,0.122691,0.577794,0.139356,0.127592,0.591100,-0.069415,0.126050,0.198649,0.115252,0.119331,0.211955,-0.093519,0.117789,0.567370,0.185060,0.015917,0.530642,-0.117998,0.015845,0.247734,0.164687,0.016015,0.270186,-0.134599,0.016036
0.402504,0.023113,0.114894,0.585383,0.139521,0.121666,0.598693,-0.069244,0.119485,0.206315,0.115471,0.110303,0.219625,-0.093294,0.108122,0.568144,0.185071,0.015989,0.531563,-0.117987,0.015977,0.248575,0.164695,0.016037,0.270994,-0.134603,0.016137
0.410011,0.023275,0.109525,0.592840,0.139634,0.118222,0.606150,-0.069122,0.115313,0.213873,0.115673,0.103737,0.227183,-0.093083,0.100827,0.569043,0.185088,0.016006,0.532511,-0.117980,0.016025,0.249488,0.164713,0.016027,0.271860,-0.134601,0.016166
0.417404,0.023422,0.106660,0.600180,0.139728,0.117008,0.613494,-0.069016,0.113383,0.221315,0.115861,0.099937,0.234628,-0.092884,0.096312,0.569967,0.185105,0.015961,0.533386,-0.117982,0.015933,0.250533,0.164732,0.015985,0.272821,-0.134605,0.016145
0.424660,0.023581,0.106250,0.607398,0.139840,0.117732,0.620714,-0.068893,0.113489,0.228605,0.116054,0.099010,0.241922,-0.092678,0.094768,0.570861,0.185127,0.016049,0.534175,-0.117980,0.015798,0.251673,0.164766,0.015947,0.273959,-0.134587,0.016070
0.431732,0.023708,0.108176,0.614467,0.139922,0.120148,0.627773,-0.068799,0.115350,0.235691,0.116216,0.101001,0.248997,-0.092506,0.096203,0.571755,0.185146,0.016085,0.534866,-0.117988,0.015838,0.252784,0.164816,0.015884,0.275171,-0.134549,0.016073
0.438553,0.023773,0.112377,0.621327,0.139957,0.124041,0.634614,-0.068752,0.118721,0.242492,0.116299,0.106033,0.255779,-0.092411,0.100713,0.572548,0.185161,0.016047,0.535445,-0.118000,0.015825,0.253689,0.164867,0.015866,0.276276,-0.134504,0.015995
0.445274,0.023760,0.118936,0.628119,0.139943,0.129447,0.641387,-0.068754,0.123633,0.249162,0.116274,0.114239,0.262430,-0.092424,0.108425,0.573304,0.185177,0.016039,0.535982,-0.118011,0.015798,0.254407,0.164906,0.015917,0.277222,-0.134468,0.016003
0.451996,0.023653,0.127905,0.634916,0.139868,0.136605,0.648170,-0.068818,0.130334,0.255821,0.116124,0.125475,0.269076,-0.092562,0.119204,0.574068,0.185192,0.015878,0.536474,-0.118032,0.015763,0.254823,0.164914,0.015939,0.277827,-0.134468,0.016031
0.458603,0.023640,0.139275,0.641579,0.139905,0.145849,0.654818,-0.068777,0.139425,0.262388,0.116056,0.139124,0.275627,-0.092626,0.132701,0.574782,0.185232,0.015848,0.536915,-0.118011,0.015717,0.254934,0.164938,0.015939,0.278084,-0.134440,0.015988
0.465141,0.024033,0.153404,0.648131,0.140364,0.158196,0.661377,-0.068334,0.152331,0.268906,0.116399,0.154478,0.282152,-0.092299,0.148612,0.575534,0.185314,0.015935,0.537335,-0.117928,0.015778,0.254745,0.164951,0.016043,0.278021,-0.134392,0.015963
0.471306,0.024920,0.170401,0.654281,0.141325,0.173713,0.667561,-0.067402,0.169062,0.275051,0.117241,0.171740,0.288330,-0.091486,0.167089,0.576275,0.185430,0.015948,0.537750,-0.117800,0.015860,0.250788,0.164600,0.021433,0.277592,-0.134356,0.016051
0.476830,0.025862,0.190096,0.659785,0.142341,0.191025,0.673098,-0.066405,0.187493,0.280561,0.118128,0.192699,0.293874,-0.090618,0.189167,0.577061,0.185576,0.015949,0.537918,-0.117673,0.015949,0.238554,0.163616,0.037965,0.276721,-0.134331,0.015964
0.482979,0.026747,0.213051,0.665891,0.143286,0.211291,0.679238,-0.065471,0.208641,0.286720,0.118965,0.217460,0.300067,-0.089792,0.214810,0.578064,0.185698,0.015869,0.542064,-0.117356,0.017076,0.224524,0.162597,0.054991,0.275541,-0.134383,0.015989
0.490486,0.027203,0.237835,0.673364,0.143786,0.235591,0.686761,-0.064971,0.233188,0.294212,0.119376,0.242482,0.307608,-0.089381,0.240079,0.579468,0.185836,0.015888,0.555386,-0.116501,0.020603,0.214166,0.161789,0.068469,0.274200,-0.134491,0.015866
0.498680,0.027081,0.260587,0.681500,0.143776,0.259975,0.695041,-0.064969,0.257332,0.302320,0.119130,0.263842,0.315860,-0.089615,0.261199,0.582281,0.185966,0.016923,0.577643,-0.115249,0.029544,0.210578,0.161140,0.073372,0.269564,-0.135110,0.019788
0.506569,0.026976,0.278199,0.689219,0.143937,0.278501,0.703076,-0.064786,0.275801,0.310062,0.118738,0.280596,0.323919,-0.089985,0.277897,0.600857,0.186869,0.027651,0.606340,-0.113718,0.040437,0.213729,0.160570,0.073866,0.260015,-0.136633,0.034432
0.513863,0.026863,0.291350,0.696369,0.144047,0.292094,0.710487,-0.064660,0.289472,0.317238,0.118386,0.293227,0.331356,-0.090320,0.290606,0.623212,0.187846,0.038069,0.632805,-0.112444,0.048351,0.221950,0.160250,0.074101,0.256316,-0.137918,0.048878
0.520630,0.026691,0.300178,0.703018,0.144058,0.300969,0.717347,-0.064634,0.298338,0.323913,0.118017,0.302019,0.338241,-0.090675,0.299388,0.645516,0.188884,0.046090,0.655246,-0.111377,0.053954,0.234113,0.160285,0.074138,0.260215,-0.138567,0.059399
0.527069,0.026476,0.304699,0.709362,0.143992,0.305202,0.723857,-0.064687,0.302446,0.330281,0.117639,0.306951,0.344776,-0.091040,0.304196,0.666076,0.189901,0.051399,0.672856,-0.110555,0.057271,0.249971,0.160712,0.073122,0.271723,-0.138521,0.065135
0.533226,0.026230,0.304871,0.715433,0.143882,0.304888,0.730073,-0.064784,0.301892,0.336379,0.117244,0.307850,0.351019,-0.091422,0.304854,0.684201,0.190859,0.054033,0.685803,-0.109957,0.058169,0.269782,0.161545,0.070523,0.290004,-0.137851,0.066797
0.539131,0.025957,0.300622,0.721232,0.143772,0.300130,0.736046,-0.064876,0.296745,0.342216,0.116790,0.304500,0.357031,-0.091857,0.301115,0.700325,0.191850,0.054050,0.695576,-0.109429,0.056918,0.294153,0.162813,0.066269,0.314002,-0.136663,0.065638
0.544762,0.025656,0.291870,0.726725,0.143680,0.291045,0.741766,-0.064941,0.287103,0.347758,0.116253,0.296636,0.362798,-0.092369,0.292694,0.715439,0.192964,0.051728,0.704314,-0.108814,0.054041,0.323103,0.164510,0.060664,0.342360,-0.135076,0.062885
0.550278,0.025343,0.278528,0.732095,0.143592,0.277725,0.747382,-0.064997,0.273072,0.353173,0.115682,0.283985,0.368460,-0.092906,0.279332,0.730724,0.194196,0.048134,0.714425,-0.108029,0.050456,0.355464,0.166557,0.054285,0.373372,-0.133228,0.059589
0.555817,0.025042,0.260555,0.737504,0.143493,0.260282,0.753022,-0.065059,0.254821,0.358611,0.115143,0.266288,0.374129,-0.093410,0.260827,0.747246,0.195451,0.044818,0.727296,-0.107119,0.046858,0.388362,0.168651,0.048467,0.404827,-0.131369,0.056599
0.561623,0.024786,0.238186,0.743201,0.143403,0.238916,0.758927,-0.065110,0.232638,0.364318,0.114682,0.243735,0.380045,-0.093831,0.237457,0.764922,0.196582,0.041611,0.744589,-0.106128,0.044562,0.418043,0.170376,0.043070,0.433514,-0.129837,0.052741
0.567871,0.024607,0.212893,0.749298,0.143450,0.214240,0.765300,-0.065032,0.207597,0.370442,0.114245,0.218190,0.386444,-0.094236,0.211546,0.781137,0.197412,0.028716,0.760553,-0.105547,0.036408,0.444694,0.171554,0.029807,0.463658,-0.128262,0.034099
0.574821,0.024128,0.189234,0.756160,0.143049,0.193159,0.772343,-0.065374,0.185244,0.377300,0.113630,0.193223,0.393483,-0.094793,0.185308,0.781050,0.197329,0.015999,0.752621,-0.106094,0.015907,0.458880,0.172318,0.015884,0.478713,-0.127359,0.015833
0.581673,0.024792,0.170982,0.762976,0.143678,0.177001,0.779216,-0.064713,0.168376,0.384129,0.114296,0.173589,0.400369,-0.094094,0.164964,0.780280,0.197320,0.015942,0.752664,-0.106095,0.015842,0.459798,0.172356,0.015667,0.479616,-0.127363,0.015607
0.588791,0.026224,0.155626,0.770071,0.145071,0.162983,0.786326,-0.063332,0.154703,0.391256,0.115780,0.156548,0.407511,-0.092623,0.148268,0.780006,0.197313,0.015899,0.752965,-0.106045,0.015956,0.460639,0.172414,0.015630,0.480401,-0.127299,0.015802
0.596237,0.027540,0.142231,0.777476,0.146337,0.151229,0.793744,-0.062078,0.143262,0.398731,0.117158,0.141200,0.414998,-0.091256,0.133233,0.780088,0.197334,0.015919,0.753589,-0.105969,0.016024,0.461487,0.172473,0.015761,0.481182,-0.127231,0.016000
0.603912,0.028582,0.130699,0.785104,0.147306,0.141442,0.801369,-0.061108,0.133465,0.406456,0.118272,0.127932,0.422721,-0.090142,0.119956,0.780395,0.197362,0.015953,0.754348,-0.105908,0.016107,0.462285,0.172537,0.015912,0.481960,-0.127165,0.016082
0.611633,0.029377,0.121304,0.792774,0.148018,0.133694,0.809035,-0.060384,0.125404,0.414232,0.119138,0.117204,0.430493,-0.089264,0.108914,0.780899,0.197398,0.015994,0.755105,-0.105864,0.015998,0.463091,0.172599,0.016025,0.482735,-0.127123,0.016169
0.619240,0.030058,0.114135,0.800326,0.148625,0.127946,0.816590,-0.059762,0.119288,0.421890,0.119878,0.108981,0.438153,-0.088509,0.100324,0.781603,0.197441,0.016027,0.756066,-0.105825,0.016086,0.463964,0.172648,0.016093,0.483591,-0.127095,0.016199
0.626678,0.030621,0.109206,0.807710,0.149114,0.124310,0.823978,-0.059255,0.115242,0.429379,0.120496,0.103170,0.445647,-0.087873,0.094102,0.782395,0.197481,0.016023,0.756918,-0.105806,0.016072,0.464874,0.172688,0.016098,0.484592,-0.127074,0.016208
0.633896,0.031050,0.106619,0.814880,0.149479,0.122751,0.831157,-0.058869,0.113227,0.436634,0.120968,0.100010,0.452912,-0.087380,0.090487,0.783261,0.197526,0.015970,0.757824,-0.105793,0.016075,0.465938,0.172731,0.016049,0.485761,-0.127051,0.016134
0.640892,0.031406,0.106313,0.821858,0.149787,0.122998,0.838135,-0.058542,0.113072,0.443649,0.121355,0.099554,0.459926,-0.086974,0.089627,0.784079,0.197579,0.015888,0.758591,-0.105771,0.015986,0.466981,0.172803,0.015910,0.486935,-0.126997,0.016031
0.647644,0.031662,0.108160,0.828630,0.150014,0.124836,0.844892,-0.058300,0.114565,0.450396,0.121624,0.101755,0.466658,-0.086690,0.091484,0.784904,0.197607,0.016048,0.759297,-0.105763,0.015949,0.468011,0.172880,0.015819,0.488189,-0.126929,0.015972
0.654167,0.031807,0.112150,0.835216,0.150162,0.128100,0.851454,-0.058139,0.117527,0.456880,0.121752,0.106773,0.473118,-0.086548,0.096199,0.785698,0.197643,0.015917,0.759885,-0.105761,0.015829,0.468892,0.172951,0.015829,0.489329,-0.126867,0.016150
0.660561,0.031807,0.118413,0.841704,0.150216,0.132813,0.857921,-0.058069,0.121920,0.463200,0.121683,0.114907,0.479417,-0.086603,0.104014,0.786428,0.197672,0.015987,0.760392,-0.105762,0.015784,0.469546,0.173003,0.015927,0.490162,-0.126821,0.016164
0.666962,0.031717,0.127032,0.848202,0.150224,0.139247,0.864399,-0.058052,0.128145,0.469525,0.121487,0.125919,0.485721,-0.086789,0.114816,0.787144,0.197708,0.015795,0.760836,-0.105765,0.015725,0.469947,0.173034,0.015950,0.490692,-0.126793,0.016110
0.673386,0.031610,0.138067,0.854691,0.150244,0.147835,0.870879,-0.058031,0.136700,0.475892,0.121252,0.139435,0.492080,-0.087023,0.128300,0.787877,0.197759,0.015861,0.761275,-0.105732,0.015692,0.470063,0.173053,0.015944,0.490882,-0.126767,0.016056
0.679787,0.031702,0.151803,0.861108,0.150465,0.159488,0.877310,-0.057834,0.148817,0.482263,0.121238,0.154789,0.498465,-0.087060,0.144119,0.788616,0.197827,0.015930,0.761684,-0.105652,0.015637,0.469709,0.172998,0.016393,0.490749,-0.126746,0.016041
0.685905,0.032286,0.168548,0.867200,0.151171,0.174852,0.883458,-0.057181,0.165395,0.488353,0.121753,0.171700,0.504611,-0.086600,0.162244,0.789353,0.197943,0.015981,0.762085,-0.105495,0.015752,0.462198,0.172099,0.022930,0.490321,-0.126720,0.016177
0.691498,0.033054,0.188067,0.872753,0.152080,0.192592,0.889083,-0.056323,0.184467,0.493913,0.122432,0.191668,0.510242,-0.085972,0.183543,0.790166,0.198117,0.015993,0.761888,-0.105338,0.015804,0.449482,0.170508,0.039462,0.489480,-0.126695,0.016122
0.697472,0.033848,0.210719,0.878678,0.153013,0.212941,0.895079,-0.055428,0.206017,0.499864,0.123124,0.215421,0.516265,-0.085317,0.208496,0.791165,0.198286,0.015943,0.763571,-0.105095,0.016460,0.436126,0.169007,0.056385,0.488276,-0.126742,0.016025
0.704689,0.034445,0.235490,0.885857,0.153679,0.237006,0.902321,-0.054781,0.230842,0.507057,0.123670,0.240138,0.523521,-0.084790,0.233975,0.792557,0.198463,0.015784,0.772836,-0.104361,0.019223,0.426552,0.167989,0.068823,0.486858,-0.126846,0.015832
0.712662,0.034492,0.258513,0.893764,0.153804,0.261337,0.910360,-0.054648,0.255258,0.514964,0.123633,0.261769,0.531560,-0.084819,0.255690,0.794987,0.198691,0.016562,0.792660,-0.102983,0.027267,0.423538,0.167467,0.073191,0.482457,-0.127441,0.019089
0.720314,0.034555,0.276403,0.901259,0.154088,0.279877,0.918131,-0.054345,0.273901,0.522497,0.123456,0.278905,0.539369,-0.084977,0.272929,0.813583,0.199852,0.027222,0.819935,-0.101148,0.038044,0.426833,0.167220,0.073460,0.473244,-0.129062,0.032800
0.727425,0.034597,0.289797,0.908255,0.154297,0.293484,0.925326,-0.054125,0.287707,0.529523,0.123320,0.291887,0.546595,-0.085102,0.286109,0.836259,0.201106,0.037851,0.845459,-0.099589,0.046101,0.434740,0.167220,0.073851,0.469744,-0.130378,0.046628
