0.012199,-0.006465,0.350100,0.200400,0.101126,0.356876,0.203939,-0.107745,0.345698,-0.179541,0.094814,0.354502,-0.176001,-0.114057,0.343324,0.185849,0.156298,0.171959,0.216935,-0.143876,0.174352,-0.150034,0.150903,0.166400,-0.181766,-0.150203,0.166327
0.019043,-0.009258,0.341064,0.206317,0.099853,0.349091,0.211639,-0.108860,0.335853,-0.173553,0.090345,0.346276,-0.168231,-0.118368,0.333037,0.185013,0.156094,0.172065,0.177110,-0.143083,0.143299,-0.132767,0.149805,0.143464,-0.156129,-0.151262,0.138275
0.026356,-0.011920,0.328542,0.213053,0.098128,0.337169,0.219472,-0.110498,0.323078,-0.166760,0.086657,0.334005,-0.160342,-0.121969,0.319914,0.178420,0.154335,0.163973,0.155003,-0.145035,0.130276,-0.139744,0.146858,0.129747,-0.141369,-0.152464,0.105277
0.033081,-0.014637,0.313517,0.219318,0.096127,0.322902,0.226598,-0.112448,0.308473,-0.160436,0.083173,0.318561,-0.153156,-0.125402,0.304132,0.186473,0.152404,0.151799,0.164043,-0.146882,0.115713,-0.153773,0.143146,0.113962,-0.137256,-0.154458,0.073203
0.038727,-0.017322,0.295028,0.224361,0.094376,0.305259,0.232746,-0.114195,0.291385,-0.155292,0.079551,0.298670,-0.146907,-0.129020,0.284796,0.199785,0.150555,0.131172,0.193887,-0.148387,0.096591,-0.152009,0.139043,0.091627,-0.139937,-0.158416,0.045604
0.043682,-0.019916,0.272190,0.228558,0.092955,0.283239,0.238300,-0.115638,0.270650,-0.150936,0.075806,0.273730,-0.141194,-0.132787,0.261141,0.206353,0.148626,0.098875,0.220048,-0.149980,0.070274,-0.135005,0.134636,0.066542,-0.139299,-0.163503,0.016266
0.049049,-0.021061,0.247392,0.234963,0.090232,0.256938,0.242839,-0.118376,0.243325,-0.144740,0.076253,0.251458,-0.136864,-0.132355,0.237845,0.203775,0.147586,0.058457,0.231087,-0.150480,0.030039,-0.117564,0.136557,0.041543,-0.137630,-0.163475,0.015831
0.057266,-0.019376,0.223013,0.243606,0.091564,0.226356,0.250642,-0.117105,0.213221,-0.136110,0.078353,0.232805,-0.129073,-0.130316,0.219670,0.175955,0.148102,0.015803,0.226864,-0.151042,0.015744,-0.102761,0.138718,0.015566,-0.136128,-0.163289,0.015847
0.068455,-0.016592,0.206549,0.254688,0.094565,0.205094,0.261694,-0.114184,0.193299,-0.124784,0.081000,0.219799,-0.117779,-0.127750,0.208004,0.175971,0.148157,0.015987,0.226976,-0.150873,0.015883,-0.101214,0.138864,0.015815,-0.134587,-0.162996,0.015689
0.082268,-0.014672,0.198353,0.268503,0.096428,0.194565,0.275357,-0.112386,0.183866,-0.110821,0.083041,0.212841,-0.103967,-0.125773,0.202142,0.185802,0.148387,0.016190,0.227908,-0.150869,0.015863,-0.099840,0.139027,0.015869,-0.133261,-0.162723,0.015836
0.097050,-0.012651,0.193390,0.283396,0.098285,0.190320,0.290167,-0.110598,0.181001,-0.096067,0.085296,0.205778,-0.089297,-0.123587,0.196460,0.224450,0.149095,0.028876,0.229199,-0.150732,0.016005,-0.098330,0.139216,0.015816,-0.120011,-0.162037,0.015697
0.112038,-0.011069,0.189062,0.298493,0.099719,0.187815,0.305218,-0.109208,0.179506,-0.081143,0.087070,0.198618,-0.074418,-0.121857,0.190309,0.273412,0.149849,0.051339,0.230598,-0.150616,0.016005,-0.096803,0.139348,0.015768,-0.091160,-0.160957,0.015622
0.127197,-0.010126,0.184216,0.313689,0.100608,0.183923,0.320401,-0.108331,0.175909,-0.066007,0.088080,0.192524,-0.059295,-0.120859,0.184510,0.308463,0.150404,0.067706,0.231955,-0.150543,0.015933,-0.095344,0.139423,0.015778,-0.051191,-0.159638,0.015892
0.142429,-0.009185,0.178528,0.328933,0.101527,0.177947,0.335617,-0.107423,0.170207,-0.050758,0.089052,0.186848,-0.044074,-0.119897,0.179109,0.327179,0.151186,0.064278,0.233319,-0.150481,0.015835,-0.093932,0.139505,0.015972,0.001014,-0.157936,0.016495
0.157642,-0.007752,0.171760,0.344089,0.103029,0.169178,0.350798,-0.105952,0.162330,-0.035513,0.090448,0.181189,-0.028804,-0.118532,0.174341,0.327115,0.152354,0.035754,0.234724,-0.150375,0.015816,-0.092375,0.139534,0.015995,0.065176,-0.155976,0.020645
0.172276,-0.005964,0.163165,0.358185,0.105498,0.155738,0.365585,-0.103508,0.150609,-0.021034,0.091581,0.175721,-0.013634,-0.117425,0.170591,0.318161,0.153002,0.016006,0.236453,-0.150266,0.015875,-0.082809,0.138811,0.015809,0.119988,-0.154741,0.030192
0.185757,-0.005370,0.154128,0.371602,0.105992,0.144066,0.378803,-0.103014,0.138637,-0.007290,0.092273,0.169619,-0.000089,-0.116732,0.164189,0.319400,0.153011,0.016034,0.262135,-0.149528,0.023230,-0.057429,0.140034,0.015807,0.148642,-0.153516,0.026240
0.199032,-0.005628,0.144959,0.384866,0.105775,0.135149,0.392029,-0.103194,0.128400,0.006035,0.091938,0.161518,0.013197,-0.117030,0.154769,0.320853,0.152936,0.015790,0.296477,-0.148785,0.029802,-0.024791,0.141088,0.015810,0.151876,-0.153289,0.015812
0.212231,-0.005353,0.137931,0.398093,0.106044,0.128598,0.405224,-0.102905,0.121252,0.019237,0.092200,0.154610,0.026368,-0.116750,0.147263,0.322408,0.152928,0.015903,0.328909,-0.147975,0.034817,0.005458,0.142117,0.015726,0.152995,-0.153311,0.015821
0.225574,-0.004273,0.133847,0.411399,0.107238,0.125146,0.418735,-0.101731,0.118611,0.032414,0.093185,0.149083,0.039750,-0.115785,0.142548,0.323929,0.153082,0.015970,0.357407,-0.146926,0.040002,0.035341,0.142964,0.015521,0.154208,-0.153308,0.015961
0.239166,-0.002673,0.131684,0.425053,0.108802,0.123910,0.432475,-0.100210,0.119065,0.045857,0.094864,0.144304,0.053279,-0.114148,0.139459,0.325351,0.153258,0.015820,0.382641,-0.145752,0.044948,0.064998,0.144014,0.015786,0.155541,-0.153144,0.015938
0.252911,-0.001036,0.130625,0.438832,0.110448,0.123869,0.446374,-0.098594,0.120856,0.059447,0.096522,0.140394,0.066989,-0.112520,0.137382,0.326763,0.153446,0.015852,0.408199,-0.144441,0.050414,0.092021,0.144942,0.018247,0.156961,-0.153007,0.015841
0.266872,0.000510,0.130365,0.452820,0.112012,0.124704,0.460459,-0.097044,0.123389,0.073286,0.098065,0.137341,0.080925,-0.110991,0.136026,0.328095,0.153621,0.015749,0.434650,-0.143048,0.056598,0.117155,0.145868,0.023025,0.158489,-0.152882,0.015661
0.281178,0.001962,0.130772,0.467152,0.113473,0.126285,0.474845,-0.095585,0.126472,0.087510,0.099510,0.135072,0.095203,-0.109549,0.135259,0.329431,0.153787,0.015912,0.460490,-0.141653,0.061071,0.144983,0.147009,0.027852,0.160057,-0.152750,0.015816
0.295822,0.003160,0.131427,0.481883,0.114570,0.128208,0.489477,-0.094488,0.129446,0.102168,0.100808,0.133408,0.109762,-0.108251,0.134646,0.330758,0.153897,0.015967,0.485279,-0.140530,0.060421,0.181534,0.148570,0.031821,0.161642,-0.152549,0.015969
0.310680,0.003727,0.131434,0.496733,0.115176,0.129239,0.504363,-0.093881,0.130510,0.116998,0.101336,0.132359,0.124628,-0.107721,0.133630,0.332031,0.153957,0.015921,0.507766,-0.139735,0.048886,0.228391,0.150301,0.036771,0.163303,-0.152507,0.015915
0.325508,0.003742,0.129573,0.511352,0.115529,0.126971,0.519352,-0.093518,0.127083,0.131664,0.101002,0.132062,0.139664,-0.108045,0.132175,0.333477,0.154146,0.015812,0.521115,-0.138991,0.020035,0.274431,0.151901,0.043507,0.165132,-0.152616,0.015941
0.339268,0.004162,0.126574,0.524760,0.116479,0.122227,0.533372,-0.092543,0.122981,0.145164,0.100868,0.130167,0.153776,-0.108154,0.130920,0.352630,0.154492,0.015827,0.522990,-0.138845,0.016003,0.305793,0.152641,0.037754,0.167106,-0.153509,0.015781
0.352837,0.005848,0.124166,0.537987,0.118683,0.118797,0.547244,-0.090288,0.121989,0.158429,0.101985,0.126342,0.167686,-0.106986,0.129534,0.403874,0.156690,0.017197,0.523728,-0.138451,0.015829,0.305483,0.152312,0.015951,0.169262,-0.154153,0.015845
0.366985,0.007588,0.122783,0.552130,0.120378,0.116362,0.561398,-0.088554,0.121477,0.172573,0.103730,0.124089,0.181841,-0.105202,0.129204,0.456513,0.159375,0.023629,0.525420,-0.138241,0.016000,0.306663,0.152539,0.015937,0.171116,-0.153960,0.015879
0.381134,0.008847,0.122496,0.566288,0.121569,0.115224,0.575528,-0.087335,0.121405,0.186740,0.105030,0.123587,0.195980,-0.103874,0.129769,0.502380,0.161907,0.035795,0.527169,-0.138105,0.016054,0.307977,0.152718,0.015836,0.177503,-0.153582,0.015680
0.395321,0.009611,0.122693,0.580464,0.122373,0.115761,0.589741,-0.086522,0.122182,0.200901,0.105745,0.123204,0.210178,-0.103151,0.129624,0.537686,0.163922,0.048495,0.528896,-0.138008,0.015868,0.309356,0.152778,0.015821,0.192265,-0.152964,0.015706
0.409443,0.010014,0.123124,0.594628,0.122779,0.117514,0.603858,-0.086131,0.123516,0.215028,0.106158,0.122731,0.224258,-0.102752,0.128734,0.564056,0.165234,0.058078,0.530510,-0.137980,0.015790,0.310791,0.152833,0.015943,0.212195,-0.152043,0.015813
0.423462,0.010125,0.123824,0.608710,0.122863,0.120031,0.617846,-0.086075,0.125110,0.229078,0.106325,0.122538,0.238214,-0.102614,0.127617,0.585451,0.166015,0.064980,0.532008,-0.137992,0.015838,0.312343,0.152880,0.015895,0.233636,-0.150998,0.017477
0.437412,0.010096,0.124764,0.622704,0.122810,0.122783,0.631764,-0.086156,0.126737,0.243060,0.106349,0.122792,0.252121,-0.102617,0.126746,0.604297,0.166511,0.069846,0.533391,-0.138018,0.015966,0.313972,0.152898,0.015681,0.254500,-0.150004,0.021634
0.451389,0.010091,0.125971,0.636733,0.122734,0.125384,0.645692,-0.086254,0.128257,0.257087,0.106436,0.123684,0.266046,-0.102552,0.126558,0.621975,0.166865,0.072148,0.534730,-0.138051,0.015943,0.315645,0.152959,0.015815,0.275520,-0.149022,0.026217
0.465431,0.010270,0.127387,0.650805,0.122864,0.127701,0.659702,-0.086136,0.129831,0.271160,0.106675,0.124943,0.280057,-0.102325,0.127073,0.638835,0.167258,0.069823,0.536028,-0.138056,0.015770,0.317286,0.153022,0.015963,0.299658,-0.147983,0.029011
0.479702,0.010857,0.128862,0.665080,0.123443,0.129552,0.673964,-0.085558,0.131618,0.285440,0.107273,0.126106,0.294324,-0.101729,0.128171,0.654979,0.167819,0.059872,0.537334,-0.138002,0.015912,0.318955,0.153101,0.015857,0.331285,-0.146636,0.028507
0.494446,0.012184,0.130186,0.679895,0.124655,0.130222,0.688647,-0.084337,0.133444,0.300244,0.108706,0.126928,0.308996,-0.100286,0.130151,0.668917,0.168320,0.041338,0.538560,-0.137929,0.015962,0.320854,0.153352,0.015886,0.373638,-0.144652,0.027877
0.509842,0.014400,0.130892,0.695449,0.126573,0.128031,0.703922,-0.082374,0.133885,0.315762,0.111173,0.127900,0.324234,-0.097774,0.133753,0.673917,0.168047,0.015310,0.539946,-0.137831,0.015974,0.322779,0.153820,0.015724,0.426071,-0.141998,0.032051
0.524738,0.016222,0.131234,0.710539,0.127944,0.125106,0.718629,-0.080968,0.132534,0.330848,0.113413,0.129935,0.338937,-0.095499,0.137363,0.675659,0.168224,0.015946,0.543605,-0.137410,0.015779,0.324830,0.154635,0.015823,0.473329,-0.139262,0.040217
0.538853,0.016984,0.130749,0.725206,0.127717,0.123546,0.732214,-0.081262,0.130124,0.345492,0.115230,0.131374,0.352500,-0.093749,0.137951,0.677317,0.168226,0.016047,0.581770,-0.135400,0.015902,0.332633,0.156657,0.015726,0.498223,-0.137476,0.038944
0.552525,0.017292,0.128586,0.739564,0.126864,0.121428,0.745236,-0.082200,0.126404,0.359813,0.116784,0.130767,0.365485,-0.092280,0.135743,0.679122,0.168192,0.015877,0.626924,-0.133422,0.020012,0.347239,0.159184,0.015729,0.505294,-0.136707,0.020642
0.566040,0.017463,0.125663,0.753098,0.126982,0.118188,0.758717,-0.082086,0.123049,0.373363,0.117012,0.128278,0.378982,-0.092056,0.133139,0.680802,0.168137,0.015777,0.676378,-0.131997,0.027576,0.365505,0.159661,0.015686,0.506706,-0.136831,0.015806
0.579475,0.018163,0.124117,0.766644,0.127495,0.116664,0.772066,-0.081565,0.122033,0.386885,0.117892,0.126200,0.392307,-0.091169,0.131569,0.682385,0.168201,0.015838,0.713050,-0.130717,0.038654,0.387376,0.160546,0.015666,0.507903,-0.136624,0.015820
0.593044,0.019138,0.124100,0.780225,0.128505,0.117528,0.785681,-0.080524,0.124001,0.400408,0.118799,0.124200,0.405863,-0.090230,0.130673,0.683812,0.168331,0.015979,0.739069,-0.129592,0.047630,0.412823,0.161252,0.015754,0.509228,-0.136573,0.015913
0.606743,0.020357,0.125192,0.793941,0.129761,0.119843,0.799407,-0.079218,0.127744,0.414079,0.119931,0.122641,0.419545,-0.089048,0.130542,0.685149,0.168487,0.015989,0.762680,-0.128418,0.055252,0.439740,0.162080,0.016296,0.510678,-0.136494,0.015969
0.620548,0.021650,0.126878,0.807765,0.131074,0.122707,0.813200,-0.077845,0.132080,0.427896,0.121146,0.121676,0.433331,-0.087773,0.131050,0.686428,0.168633,0.015824,0.786467,-0.127191,0.062111,0.464998,0.163049,0.019753,0.512173,-0.136404,0.015800
0.634544,0.022905,0.128873,0.821770,0.132351,0.125821,0.827158,-0.076505,0.136537,0.441930,0.122315,0.121208,0.447319,-0.086541,0.131925,0.687690,0.168772,0.015819,0.811102,-0.125971,0.067794,0.491354,0.164139,0.024234,0.513732,-0.136320,0.015629
0.648720,0.023970,0.130775,0.835963,0.133412,0.128877,0.841260,-0.075391,0.140613,0.456180,0.123331,0.120937,0.461477,-0.085472,0.132672,0.688920,0.168874,0.015990,0.835731,-0.125033,0.070057,0.524450,0.165369,0.027876,0.515280,-0.136212,0.015808
0.663052,0.024478,0.131885,0.850292,0.133939,0.131074,0.855538,-0.074858,0.142957,0.470565,0.123813,0.120813,0.475812,-0.084983,0.132696,0.690164,0.168906,0.016032,0.858730,-0.124802,0.064121,0.568474,0.166745,0.031793,0.516895,-0.136140,0.015838
0.677299,0.024356,0.131198,0.864400,0.134057,0.130508,0.869930,-0.074780,0.141521,0.484669,0.123492,0.120875,0.490199,-0.085344,0.131889,0.691340,0.168962,0.015965,0.875861,-0.125338,0.043186,0.616042,0.168170,0.038755,0.518593,-0.136230,0.016057
0.691116,0.023838,0.127858,0.877777,0.134262,0.125541,0.884242,-0.074642,0.134611,0.497991,0.122317,0.121106,0.504455,-0.086586,0.130176,0.704319,0.169651,0.015945,0.875636,-0.125580,0.015829,0.651271,0.169011,0.039009,0.520376,-0.136567,0.015962
0.704758,0.023990,0.124038,0.890946,0.135153,0.119792,0.898327,-0.073677,0.129803,0.511189,0.121658,0.118273,0.518569,-0.087172,0.128284,0.751918,0.170814,0.016432,0.877052,-0.125424,0.015831,0.656213,0.167411,0.015990,0.522220,-0.137969,0.015744
0.719219,0.025258,0.121687,0.905440,0.136322,0.116425,0.912762,-0.072431,0.127960,0.525677,0.122948,0.115415,0.532998,-0.085806,0.126950,0.804771,0.173054,0.020774,0.878721,-0.125358,0.016011,0.657357,0.167620,0.016002,0.523958,-0.137812,0.015800
0.733494,0.026056,0.121233,0.919732,0.137052,0.115209,0.927024,-0.071674,0.127248,0.539964,0.123786,0.115219,0.547255,-0.084940,0.127258,0.853056,0.175488,0.032202,0.880421,-0.125268,0.016076,0.658680,0.167756,0.015871,0.530823,-0.137506,0.015627
0.747707,0.026253,0.121774,0.933974,0.137228,0.116264,0.941211,-0.071533,0.127698,0.554203,0.124040,0.115849,0.561441,-0.084722,0.127284,0.890031,0.177359,0.045218,0.882076,-0.125252,0.015900,0.660124,0.167780,0.015847,0.545765,-0.136925,0.015646
0.761833,0.026117,0.122783,0.948146,0.137074,0.118631,0.955290,-0.071752,0.128888,0.568377,0.123987,0.116679,0.575520,-0.084839,0.126936,0.917084,0.178427,0.055188,0.883662,-0.125293,0.015705,0.661659,0.167765,0.016003,0.565097,-0.136188,0.015760
0.775787,0.025771,0.124048,0.962169,0.136664,0.121662,0.969166,-0.072236,0.130413,0.582409,0.123778,0.117684,0.589405,-0.085121,0.126434,0.938734,0.178906,0.062263,0.885124,-0.125367,0.015797,0.663272,0.167741,0.015959,0.585593,-0.135312,0.017882
0.789619,0.025375,0.125497,0.976067,0.136181,0.124797,0.982917,-0.072782,0.132015,0.596322,0.123532,0.118978,0.603172,-0.085432,0.126196,0.957673,0.179085,0.067066,0.886495,-0.125452,0.015980,0.664969,0.167717,0.015725,0.605740,-0.134434,0.022414
0.803432,0.025044,0.127144,0.989925,0.135776,0.127693,0.996673,-0.073234,0.133531,0.610192,0.123323,0.120758,0.616940,-0.085687,0.126595,0.975348,0.179166,0.069319,0.887810,-0.125523,0.015977,0.666663,0.167707,0.015843,0.626653,-0.133636,0.027375
0.817337,0.024957,0.128962,1.003850,0.135647,0.130289,1.010548,-0.073389,0.135175,0.624126,0.123303,0.122749,0.630824,-0.085733,0.127635,0.992114,0.179266,0.066518,0.889115,-0.125555,0.015819,0.668363,0.167709,0.015925,0.651444,-0.132843,0.029865
0.831486,0.025333,0.130773,1.018021,0.135983,0.132399,1.024670,-0.073059,0.137073,0.638301,0.123726,0.124472,0.644951,-0.085316,0.129146,1.008245,0.179460,0.056534,0.890412,-0.125525,0.015855,0.670046,0.167793,0.015921,0.684285,-0.131782,0.029287
0.846130,0.026483,0.132344,1.032709,0.137068,0.133211,1.039285,-0.071951,0.138905,0.652975,0.124917,0.125783,0.659552,-0.084102,0.131477,1.021591,0.179636,0.038811,0.891697,-0.125434,0.015937,0.671893,0.168008,0.015884,0.728131,-0.130216,0.029334
0.861382,0.028529,0.133151,1.048063,0.138921,0.130943,1.054497,-0.070021,0.139105,0.668266,0.127078,0.127198,0.674700,-0.081863,0.135359,1.024956,0.179193,0.015169,0.893033,-0.125307,0.016025,0.673770,0.168397,0.015662,0.780950,-0.128022,0.034893
0.876148,0.030163,0.133437,1.063032,0.140095,0.127907,1.069104,-0.068791,0.137622,0.683193,0.129116,0.129252,0.689265,-0.079770,0.138968,1.026652,0.179350,0.015982,0.900376,-0.124871,0.015989,0.675992,0.169148,0.015788,0.825904,-0.125793,0.042725
0.890274,0.030779,0.132885,1.077639,0.139831,0.126312,1.082776,-0.069111,0.135340,0.697772,0.130669,0.130431,0.702909,-0.078273,0.139459,1.028346,0.179364,0.016119,0.941292,-0.123260,0.015822,0.684016,0.170878,0.015670,0.848685,-0.124532,0.039087
0.903999,0.030770,0.130431,1.091969,0.138781,0.123944,1.095923,-0.070254,0.131252,0.712076,0.131793,0.129610,0.716030,-0.077242,0.136918,1.030104,0.179320,0.015923,0.986444,-0.121653,0.021347,0.699356,0.173056,0.015697,0.854176,-0.124223,0.019411
0.917526,0.030675,0.127332,1.105539,0.138582,0.120367,1.109390,-0.070466,0.127341,0.725663,0.131816,0.127323,0.729514,-0.077232,0.134297,1.031710,0.179216,0.015775,1.032816,-0.120586,0.030627,0.718167,0.173438,0.015710,0.855544,-0.124347,0.015786
0.931049,0.031197,0.125832,1.119126,0.138986,0.118770,1.122858,-0.070048,0.126223,0.739241,0.132443,0.125441,0.742972,-0.076591,0.132894,1.033278,0.179271,0.015872,1.067855,-0.119506,0.042366,0.740971,0.174046,0.015674,0.856795,-0.124220,0.015813
0.944778,0.032064,0.125881,1.132870,0.139883,0.119754,1.136610,-0.069109,0.128287,0.752947,0.133237,0.123476,0.756686,-0.075755,0.132009,1.034688,0.179384,0.015967,1.093031,-0.118538,0.051046,0.767662,0.174600,0.015827,0.858174,-0.124172,0.015983
0.958580,0.033158,0.126977,1.146693,0.141003,0.122076,1.150407,-0.067931,0.131955,0.766753,0.134247,0.121998,0.770467,-0.074687,0.131877,1.035998,0.179528,0.015992,1.116586,-0.117506,0.058638,0.795079,0.175301,0.017143,0.859612,-0.124093,0.015915
0.972507,0.034310,0.128621,1.160652,0.142148,0.124883,1.164283,-0.066718,0.136132,0.780731,0.135339,0.121109,0.784363,-0.073527,0.132359,1.037271,0.179651,0.015823,1.140407,-0.116482,0.065102,0.821002,0.176173,0.021054,0.861115,-0.123993,0.015812
0.986629,0.035403,0.130512,1.174791,0.143244,0.127891,1.178337,-0.065553,0.140375,0.794922,0.136360,0.120649,0.798468,-0.072437,0.133132,1.038558,0.179768,0.015822,1.165243,-0.115520,0.070015,0.848835,0.177122,0.025464,0.862669,-0.123909,0.015643
1.000923,0.036181,0.132174,1.189094,0.144027,0.130765,1.192546,-0.064725,0.144002,0.809301,0.137088,0.120345,0.812752,-0.071665,0.133582,1.039810,0.179831,0.016017,1.189878,-0.114960,0.070771,0.884920,0.178080,0.028794,0.864272,-0.123831,0.015768
1.015308,0.036343,0.132819,1.203452,0.144245,0.132391,1.206904,-0.064519,0.145440,0.823713,0.137205,0.120199,0.827164,-0.071559,0.133248,1.041069,0.179833,0.016037,1.212158,-0.115201,0.061867,0.931617,0.179112,0.033449,0.865898,-0.123798,0.015897
1.029533,0.035970,0.131377,1.217426,0.144308,0.130659,1.221418,-0.064519,0.142485,0.837649,0.136460,0.120269,0.841641,-0.072367,0.132095,1.042379,0.179997,0.015950,1.226310,-0.115949,0.036683,0.977006,0.180147,0.040659,0.867646,-0.123973,0.016046
1.043251,0.035349,0.127562,1.230682,0.144452,0.124869,1.235670,-0.064421,0.135442,0.850832,0.135119,0.119682,0.855820,-0.073754,0.130255,1.062847,0.180453,0.015973,1.225389,-0.116240,0.015871,1.007465,0.180146,0.036031,0.869673,-0.124732,0.015928
1.057068,0.035747,0.123617,1.244312,0.145126,0.119485,1.249681,-0.063697,0.130846,0.864455,0.135191,0.116389,0.869824,-0.073631,0.127749,1.113021,0.181737,0.017556,1.226769,-0.116071,0.015909,1.009504,0.178993,0.016037,0.871955,-0.125208,0.015637
1.071468,0.036625,0.121474,1.258725,0.145933,0.116192,1.264079,-0.062826,0.128658,0.878858,0.136077,0.114289,0.884212,-0.072683,0.126756,1.166798,0.183616,0.024004,1.228363,-0.116014,0.016037,1.010717,0.179136,0.016015,0.873805,-0.125123,0.015783
1.085732,0.037011,0.121093,1.273030,0.146223,0.115335,1.278309,-0.062538,0.127818,0.893154,0.136560,0.114369,0.898433,-0.072201,0.126851,1.212863,0.185510,0.036108,1.230031,-0.115987,0.016052,1.012060,0.179224,0.015894,0.881315,-0.124829,0.015639
1.099915,0.036928,0.121628,1.287231,0.146143,0.116571,1.292473,-0.062666,0.128218,0.907356,0.136523,0.115038,0.912598,-0.072287,0.126685,1.247186,0.186872,0.048420,1.231690,-0.115990,0.015949,1.013525,0.179190,0.015845,0.896627,-0.124417,0.015649
1.113979,0.036565,0.122643,1.301343,0.145757,0.119042,1.306484,-0.063125,0.129356,0.921475,0.136255,0.115930,0.926615,-0.072627,0.126245,1.272512,0.187519,0.057324,1.233276,-0.116057,0.015729,1.015076,0.179143,0.016001,0.916117,-0.123861,0.015737
1.127876,0.036012,0.123940,1.315298,0.145151,0.122173,1.320305,-0.063808,0.130881,0.935447,0.135832,0.116999,0.940455,-0.073127,0.125708,1.293253,0.187687,0.063677,1.234779,-0.116154,0.015846,1.016724,0.179072,0.015959,0.936808,-0.123218,0.017701
1.141636,0.035431,0.125433,1.329126,0.144466,0.125408,1.333973,-0.064559,0.132476,0.949298,0.135420,0.118390,0.954146,-0.073605,0.125458,1.311652,0.187608,0.068007,1.236107,-0.116256,0.015985,1.018401,0.179039,0.015726,0.956989,-0.122521,0.022143
1.155373,0.034939,0.127133,1.342896,0.143909,0.128390,1.347658,-0.065161,0.134024,0.963087,0.135038,0.120242,0.967849,-0.074031,0.125876,1.328941,0.187490,0.069756,1.237430,-0.116331,0.015972,1.020089,0.179002,0.015845,0.977838,-0.121951,0.026823
1.169216,0.034696,0.128993,1.356755,0.143627,0.131055,1.361474,-0.065468,0.135709,0.976958,0.134861,0.122276,0.981677,-0.074234,0.126930,1.345564,0.187415,0.066729,1.238722,-0.116380,0.015813,1.021775,0.178978,0.015954,1.002554,-0.121411,0.029234
1.183304,0.034909,0.130840,1.370871,0.143786,0.133217,1.375528,-0.065316,0.137617,0.991079,0.135134,0.124064,0.995737,-0.073968,0.128463,1.361594,0.187439,0.056622,1.239994,-0.116368,0.015864,1.023425,0.179050,0.015912,1.035359,-0.120656,0.028709
1.197945,0.035896,0.132449,1.385556,0.144710,0.134073,1.390139,-0.064371,0.139452,1.005750,0.136162,0.125446,1.010333,-0.072918,0.130825,1.374836,0.187503,0.038929,1.241280,-0.116287,0.015941,1.025292,0.179248,0.015866,1.079179,-0.119506,0.028963
1.213192,0.037764,0.133294,1.400922,0.146376,0.131831,1.405342,-0.062631,0.139647,1.021042,0.138160,0.126941,1.025462,-0.070848,0.134757,1.378032,0.187023,0.015197,1.242587,-0.116188,0.016005,1.027171,0.179620,0.015662,1.131846,-0.117829,0.034747
1.227962,0.039242,0.133564,1.415902,0.147394,0.128735,1.419952,-0.061559,0.138065,1.035973,0.140043,0.129062,1.040023,-0.068910,0.138393,1.379720,0.187160,0.015968,1.250156,-0.115808,0.015943,1.029444,0.180362,0.015785,1.176494,-0.116041,0.042699
1.242092,0.039745,0.132890,1.430513,0.147000,0.126974,1.433618,-0.061997,0.135651,1.050566,0.141486,0.130129,1.053671,-0.067511,0.138806,1.381441,0.187160,0.016044,1.290328,-0.114594,0.015840,1.037816,0.182043,0.015763,1.198818,-0.114972,0.039471
1.255756,0.039610,0.130538,1.444857,0.145664,0.124653,1.446611,-0.063418,0.131479,1.064902,0.142638,0.129597,1.066655,-0.066443,0.136423,1.383188,0.187071,0.015897,1.328063,-0.113479,0.021481,1.052284,0.184289,0.015696,1.204770,-0.114576,0.019561
1.269218,0.039407,0.127545,1.458377,0.145336,0.121286,1.460004,-0.063754,0.127874,1.078433,0.142567,0.127216,1.080060,-0.066523,0.133804,1.384732,0.186913,0.015777,1.375505,-0.112982,0.029569,1.070634,0.184470,0.015800,1.206148,-0.114734,0.015794
1.282646,0.039765,0.126037,1.471874,0.145562,0.119635,1.473366,-0.063516,0.126646,1.091927,0.143045,0.125428,1.093418,-0.066032,0.132440,1.386283,0.186946,0.015814,1.412482,-0.112303,0.040892,1.092508,0.184846,0.015696,1.207364,-0.114607,0.015812
1.296265,0.040440,0.125945,1.485509,0.146255,0.120364,1.486999,-0.062786,0.128389,1.105530,0.143666,0.123501,1.107021,-0.065374,0.131527,1.387676,0.187035,0.015999,1.439239,-0.111614,0.050174,1.118725,0.185109,0.015775,1.208723,-0.114571,0.015972
1.310005,0.041359,0.126924,1.499255,0.147218,0.122515,1.500745,-0.061767,0.131868,1.119265,0.144486,0.121980,1.120755,-0.064500,0.131333,1.389000,0.187162,0.016001,1.463509,-0.110836,0.057988,1.146035,0.185478,0.017068,1.210160,-0.114522,0.015978
1.323879,0.042331,0.128545,1.513148,0.148198,0.125295,1.514577,-0.060724,0.135976,1.133181,0.145386,0.121114,1.134610,-0.063537,0.131795,1.390272,0.187272,0.015825,1.487961,-0.110050,0.064901,1.171813,0.186046,0.021086,1.211658,-0.114451,0.015776
1.337952,0.043271,0.130479,1.527230,0.149149,0.128292,1.528587,-0.059707,0.140212,1.147316,0.146249,0.120747,1.148673,-0.062607,0.132667,1.391542,0.187373,0.015824,1.513030,-0.109338,0.070039,1.198944,0.186691,0.025807,1.213214,-0.114391,0.015634
1.352211,0.043929,0.132254,1.541487,0.149829,0.131216,1.542775,-0.058981,0.143924,1.161647,0.146839,0.120584,1.162935,-0.061971,0.133292,1.392787,0.187435,0.016010,1.537894,-0.108978,0.071097,1.233673,0.187253,0.029150,1.214806,-0.114337,0.015792
1.366570,0.043999,0.133050,1.555831,0.149929,0.132983,1.557091,-0.058887,0.145587,1.176048,0.146885,0.120514,1.177308,-0.061931,0.133118,1.394036,0.187427,0.016034,1.560623,-0.109381,0.063065,1.279560,0.187771,0.033171,1.216492,-0.114302,0.015930
1.380810,0.043508,0.131822,1.569889,0.149762,0.131551,1.571554,-0.059113,0.143085,1.190066,0.146128,0.120559,1.191730,-0.062747,0.132094,1.395375,0.187509,0.015951,1.576089,-0.110326,0.039339,1.326300,0.188300,0.040257,1.218196,-0.114463,0.016070
1.394604,0.042828,0.128250,1.583226,0.149876,0.126367,1.585892,-0.059058,0.136572,1.203316,0.144715,0.119929,1.205981,-0.064219,0.130134,1.412772,0.187817,0.015966,1.575515,-0.110593,0.015880,1.359428,0.188193,0.037598,1.220064,-0.115124,0.015956
1.408390,0.042940,0.124359,1.596568,0.150726,0.120875,1.600125,-0.058125,0.132415,1.216655,0.144005,0.116303,1.220212,-0.064846,0.127843,1.459300,0.188146,0.016472,1.576913,-0.110486,0.015861,1.361828,0.186458,0.015954,1.221855,-0.116539,0.015742
1.422787,0.043626,0.121875,1.610953,0.151398,0.117448,1.614542,-0.057393,0.130017,1.231031,0.144645,0.113734,1.234620,-0.064147,0.126303,1.513660,0.189479,0.021330,1.578502,-0.110413,0.016032,1.362943,0.186570,0.016045,1.223733,-0.116526,0.015784
1.436985,0.043845,0.121409,1.625161,0.151578,0.116442,1.628741,-0.057213,0.129020,1.245229,0.144903,0.113797,1.248809,-0.063888,0.126375,1.561968,0.191040,0.033555,1.580150,-0.110387,0.016113,1.364309,0.186587,0.015901,1.231014,-0.116402,0.015656
1.451118,0.043643,0.121978,1.639337,0.151329,0.117627,1.642832,-0.057515,0.129324,1.259404,0.144801,0.114632,1.262900,-0.064042,0.126328,1.597920,0.192188,0.046646,1.581814,-0.110414,0.015926,1.365758,0.186577,0.015844,1.246059,-0.116049,0.015665
1.465137,0.043162,0.123016,1.653397,0.150821,0.120033,1.656798,-0.058095,0.130391,1.273477,0.144419,0.115641,1.276878,-0.064497,0.125999,1.624184,0.192702,0.056397,1.583385,-0.110487,0.015721,1.367291,0.186517,0.015999,1.265598,-0.115660,0.015730
1.478981,0.042489,0.124301,1.667307,0.150068,0.123131,1.670552,-0.058925,0.131852,1.287410,0.143903,0.116751,1.290655,-0.065090,0.125472,1.645342,0.192724,0.063269,1.584817,-0.110592,0.015841,1.368959,0.186455,0.015890,1.286529,-0.115154,0.017521
1.492725,0.041777,0.125772,1.681103,0.149270,0.126308,1.684214,-0.059786,0.133400,1.301237,0.143339,0.118143,1.304348,-0.065717,0.125235,1.663912,0.192513,0.067853,1.586170,-0.110710,0.015985,1.370682,0.186380,0.015724,1.306874,-0.114666,0.021894
1.506458,0.041158,0.127462,1.694878,0.148563,0.129268,1.697883,-0.060539,0.134918,1.315034,0.142855,0.120006,1.318039,-0.066248,0.125656,1.681331,0.192232,0.069752,1.587450,-0.110811,0.015972,1.372415,0.186334,0.015777,1.327810,-0.114254,0.026624
1.520294,0.040781,0.129310,1.708728,0.148146,0.131916,1.711692,-0.060981,0.136562,1.328897,0.142544,0.122058,1.331861,-0.066583,0.126705,1.698032,0.192013,0.066795,1.588746,-0.110872,0.015828,1.374109,0.186293,0.015956,1.352624,-0.113924,0.029059
1.534370,0.040866,0.131144,1.722812,0.148208,0.134062,1.725751,-0.060925,0.138445,1.342990,0.142656,0.123844,1.345929,-0.066477,0.128227,1.714036,0.191928,0.056678,1.590025,-0.110866,0.015858,1.375795,0.186320,0.015913,1.385546,-0.113472,0.028598
1.549000,0.041722,0.132753,1.737500,0.148979,0.134891,1.740338,-0.060132,0.140260,1.357661,0.143577,0.125246,1.360499,-0.065535,0.130614,1.727170,0.191847,0.039013,1.591293,-0.110816,0.015942,1.377663,0.186510,0.015879,1.429465,-0.112679,0.028934
1.564255,0.043438,0.133606,1.752912,0.150436,0.132618,1.755520,-0.058602,0.140440,1.372989,0.145477,0.126771,1.375598,-0.063561,0.134594,1.730431,0.191249,0.015252,1.592504,-0.110777,0.016018,1.379538,0.186887,0.015681,1.481943,-0.111450,0.034904
1.579048,0.044771,0.133878,1.767890,0.151356,0.129472,1.770183,-0.057621,0.138838,1.387913,0.147162,0.128918,1.390206,-0.061815,0.138285,1.732090,0.191375,0.015978,1.598705,-0.110508,0.015978,1.381716,0.187522,0.015793,1.526308,-0.110080,0.043250
1.593143,0.045122,0.133320,1.782449,0.150827,0.127748,1.783822,-0.058189,0.136406,1.402465,0.148433,0.130233,1.403838,-0.060583,0.138891,1.733723,0.191371,0.016070,1.638026,-0.109631,0.015859,1.389620,0.189097,0.015763,1.549160,-0.109228,0.039685
1.606789,0.044865,0.131037,1.796745,0.149391,0.125386,1.796805,-0.059698,0.132196,1.416772,0.149428,0.129877,1.416832,-0.059661,0.136687,1.735447,0.191282,0.015904,1.677017,-0.108819,0.021294,1.404082,0.191183,0.015790,1.554433,-0.108903,0.019774
1.620277,0.044487,0.128076,1.810303,0.148857,0.121874,1.810205,-0.060244,0.128317,1.430350,0.149219,0.127835,1.430252,-0.059882,0.134278,1.737024,0.191094,0.015780,1.724674,-0.108727,0.029275,1.422245,0.191242,0.015807,1.555796,-0.109063,0.015790
1.633755,0.044710,0.126478,1.823853,0.148937,0.120127,1.823610,-0.060152,0.126946,1.443900,0.149571,0.126011,1.443656,-0.059517,0.132830,1.738564,0.191109,0.015815,1.762329,-0.108363,0.040829,1.444807,0.191446,0.015686,1.557020,-0.108940,0.015817
