0.007080,0.001276,0.324801,0.197002,0.105597,0.334181,0.196762,-0.103598,0.332748,-0.182602,0.106150,0.316855,-0.182842,-0.103045,0.315421,0.190981,0.152173,0.170992,0.199809,-0.147896,0.163990,-0.179134,0.152809,0.140027,-0.172267,-0.147201,0.124668
0.011795,0.001997,0.305499,0.201555,0.106393,0.317061,0.201407,-0.102802,0.315768,-0.177817,0.106796,0.295230,-0.177965,-0.102399,0.293937,0.195383,0.153019,0.127651,0.190811,-0.146955,0.106964,-0.123404,0.153495,0.087160,-0.137891,-0.146685,0.100865
0.016975,0.002831,0.283035,0.206603,0.107304,0.295999,0.206472,-0.101895,0.295857,-0.172521,0.107558,0.270212,-0.172652,-0.101641,0.270070,0.198035,0.152908,0.077157,0.188158,-0.147172,0.057142,-0.078422,0.153101,0.047230,-0.110325,-0.146992,0.066804
0.022751,0.003724,0.257013,0.212264,0.108304,0.270757,0.212164,-0.100894,0.271805,-0.166663,0.108342,0.242221,-0.166763,-0.100855,0.243269,0.205366,0.152554,0.030562,0.194518,-0.147615,0.016443,-0.056508,0.152605,0.015803,-0.097100,-0.147427,0.026143
0.028008,0.005128,0.236902,0.217548,0.109860,0.249017,0.217533,-0.099326,0.251407,-0.161518,0.109582,0.222397,-0.161533,-0.099604,0.224787,0.207322,0.152650,0.015898,0.193525,-0.147469,0.015849,-0.055290,0.152668,0.015870,-0.096336,-0.147449,0.015841
0.030739,0.005817,0.227211,0.220398,0.110574,0.237035,0.220396,-0.098603,0.240157,-0.158919,0.110237,0.214265,-0.158921,-0.098939,0.217387,0.206777,0.152729,0.015892,0.194478,-0.147405,0.015837,-0.054822,0.152731,0.015873,-0.095845,-0.147405,0.015713
0.031822,0.005817,0.219808,0.221609,0.110539,0.227265,0.221602,-0.098636,0.230493,-0.157958,0.110271,0.209123,-0.157964,-0.098904,0.212351,0.206299,0.152734,0.015978,0.194477,-0.147402,0.015901,-0.065722,0.152790,0.019039,-0.095603,-0.147397,0.015656
0.032005,0.005587,0.212216,0.221875,0.110283,0.217626,0.221880,-0.098894,0.220747,-0.157869,0.110067,0.203685,-0.157865,-0.099110,0.206806,0.205837,0.152729,0.015926,0.196034,-0.147377,0.017752,-0.080922,0.152823,0.022617,-0.095395,-0.147415,0.015617
0.031830,0.005085,0.203785,0.221747,0.109761,0.207708,0.221765,-0.099421,0.210442,-0.158105,0.109591,0.197129,-0.158088,-0.099591,0.199863,0.205328,0.152708,0.015961,0.195039,-0.147376,0.019228,-0.095819,0.152811,0.025832,-0.095183,-0.147448,0.015611
0.031578,0.004552,0.194932,0.221526,0.109208,0.197787,0.221546,-0.099980,0.200066,-0.158390,0.109083,0.189798,-0.158370,-0.100104,0.192077,0.204844,0.152678,0.015937,0.190217,-0.147385,0.021105,-0.109694,0.152784,0.028480,-0.095005,-0.147472,0.015624
0.031349,0.004247,0.186574,0.221301,0.108914,0.188631,0.221347,-0.100276,0.190684,-0.158649,0.108770,0.182463,-0.158603,-0.100420,0.184517,0.204416,0.152667,0.015874,0.183762,-0.147371,0.024164,-0.121519,0.152743,0.030961,-0.094826,-0.147516,0.015644
0.031120,0.004362,0.179624,0.221081,0.109023,0.181101,0.221124,-0.100164,0.183370,-0.158883,0.108889,0.175879,-0.158840,-0.100299,0.178147,0.204094,0.152681,0.015853,0.176857,-0.147298,0.029229,-0.130407,0.152803,0.033455,-0.094715,-0.147500,0.015657
0.030907,0.004957,0.174687,0.220875,0.109611,0.175632,0.220906,-0.099567,0.178674,-0.159093,0.109482,0.170700,-0.159062,-0.099696,0.173741,0.203856,0.152739,0.015838,0.167729,-0.147109,0.035690,-0.136737,0.152959,0.034487,-0.094654,-0.147440,0.015665
0.030685,0.006021,0.171917,0.220668,0.110652,0.172193,0.220671,-0.098502,0.176576,-0.159300,0.110543,0.167259,-0.159297,-0.098611,0.171642,0.203692,0.152835,0.015820,0.153205,-0.146798,0.041311,-0.141706,0.153160,0.031608,-0.094658,-0.147339,0.015655
0.030342,0.007957,0.171563,0.220348,0.112547,0.171163,0.220290,-0.096544,0.177916,-0.159606,0.112459,0.165211,-0.159663,-0.096632,0.171964,0.203628,0.153007,0.015803,0.142954,-0.146453,0.039930,-0.145787,0.153328,0.022755,-0.094698,-0.147172,0.015629
0.029938,0.010419,0.171833,0.219961,0.114971,0.170700,0.219841,-0.094002,0.180436,-0.159966,0.114840,0.163229,-0.160085,-0.094134,0.172965,0.203544,0.153262,0.015762,0.132530,-0.146136,0.036962,-0.146684,0.153473,0.016025,-0.094781,-0.147001,0.015606
0.029778,0.012218,0.172541,0.219829,0.116703,0.170395,0.219649,-0.092155,0.182343,-0.160094,0.116592,0.162738,-0.160274,-0.092267,0.174687,0.203499,0.153397,0.015787,0.119254,-0.146111,0.033454,-0.146678,0.153706,0.015927,-0.094897,-0.146947,0.015619
0.029762,0.012863,0.173278,0.219831,0.117297,0.170313,0.219633,-0.091518,0.183013,-0.160109,0.117244,0.163543,-0.160306,-0.091570,0.176243,0.203480,0.153448,0.015797,0.107044,-0.146228,0.030389,-0.146719,0.153790,0.015979,-0.094994,-0.146935,0.015624
0.029785,0.012595,0.173498,0.219860,0.117007,0.170213,0.219666,-0.091828,0.182566,-0.160096,0.117019,0.164431,-0.160290,-0.091816,0.176783,0.203491,0.153417,0.015794,0.098478,-0.146395,0.027866,-0.146750,0.153756,0.015999,-0.094974,-0.146939,0.015621
0.029854,0.011857,0.173023,0.219920,0.116286,0.169788,0.219755,-0.092598,0.181265,-0.160047,0.116313,0.164780,-0.160212,-0.092572,0.176257,0.203485,0.153357,0.015794,0.093989,-0.146571,0.025589,-0.146801,0.153646,0.016006,-0.094947,-0.146970,0.015600
0.029968,0.010985,0.171979,0.220011,0.115465,0.168953,0.219900,-0.093471,0.179458,-0.159963,0.115442,0.164499,-0.160074,-0.093494,0.175004,0.203495,0.153281,0.015799,0.092966,-0.146752,0.023513,-0.146842,0.153478,0.016021,-0.094880,-0.147050,0.015592
0.030136,0.010175,0.170662,0.220152,0.114708,0.167870,0.220099,-0.094272,0.177468,-0.159826,0.114621,0.163857,-0.159880,-0.094358,0.173455,0.203454,0.153225,0.015775,0.094334,-0.146891,0.021717,-0.146869,0.153325,0.015989,-0.094851,-0.147123,0.015587
0.030418,0.009579,0.169329,0.220419,0.114143,0.166659,0.220400,-0.094866,0.175602,-0.159564,0.114023,0.163055,-0.159583,-0.094985,0.171999,0.203432,0.153180,0.015786,0.097395,-0.146984,0.020487,-0.146827,0.153221,0.015992,-0.094803,-0.147175,0.015600
0.030746,0.009285,0.168194,0.220740,0.113862,0.165486,0.220739,-0.095160,0.174129,-0.159246,0.113730,0.162258,-0.159247,-0.095292,0.170901,0.203444,0.153160,0.015773,0.101495,-0.147020,0.020038,-0.146767,0.153170,0.015978,-0.094730,-0.147202,0.015614
0.031151,0.009303,0.167396,0.221146,0.113872,0.164501,0.221144,-0.095147,0.173213,-0.158843,0.113753,0.161578,-0.158844,-0.095265,0.170290,0.203444,0.153162,0.015774,0.105831,-0.147007,0.020354,-0.146683,0.153173,0.015966,-0.094674,-0.147202,0.015615
0.031540,0.009598,0.167001,0.221539,0.114150,0.163785,0.221532,-0.094851,0.172897,-0.158452,0.114047,0.161105,-0.158459,-0.094955,0.170217,0.203431,0.153192,0.015774,0.109563,-0.146951,0.021246,-0.146652,0.153212,0.015967,-0.094680,-0.147190,0.015622
0.031921,0.010094,0.167007,0.221935,0.114606,0.163382,0.221900,-0.094368,0.173109,-0.158057,0.114555,0.160905,-0.158092,-0.094418,0.170631,0.203460,0.153238,0.015780,0.112128,-0.146862,0.022409,-0.146577,0.153307,0.015980,-0.094639,-0.147143,0.015617
0.032341,0.010692,0.167338,0.222374,0.115152,0.163254,0.222301,-0.093786,0.173705,-0.157619,0.115170,0.160972,-0.157692,-0.093769,0.171422,0.203514,0.153290,0.015789,0.113385,-0.146765,0.023559,-0.146461,0.153421,0.015984,-0.094594,-0.147091,0.015612
0.032692,0.011331,0.167883,0.222746,0.115734,0.163321,0.222633,-0.093166,0.174531,-0.157249,0.115827,0.161236,-0.157362,-0.093072,0.172445,0.203543,0.153343,0.015789,0.113456,-0.146669,0.024581,-0.146410,0.153542,0.015992,-0.094588,-0.147037,0.015617
0.032936,0.011957,0.168522,0.223012,0.116299,0.163495,0.222856,-0.092560,0.175433,-0.156984,0.116475,0.161610,-0.157140,-0.092384,0.173549,0.203546,0.153394,0.015785,0.112592,-0.146578,0.025401,-0.146399,0.153667,0.015991,-0.094624,-0.146983,0.015613
0.033104,0.012505,0.169144,0.223200,0.116789,0.163708,0.223005,-0.092033,0.176277,-0.156797,0.117042,0.162012,-0.156992,-0.091780,0.174581,0.203584,0.153437,0.015794,0.111185,-0.146506,0.025991,-0.146416,0.153775,0.015981,-0.094612,-0.146939,0.015601
0.033272,0.012938,0.169656,0.223384,0.117176,0.163900,0.223157,-0.091615,0.176963,-0.156613,0.117492,0.162350,-0.156840,-0.091299,0.175413,0.203609,0.153471,0.015807,0.109627,-0.146455,0.026340,-0.146339,0.153862,0.015981,-0.094618,-0.146906,0.015591
0.033394,0.013231,0.170010,0.223517,0.117437,0.164040,0.223268,-0.091334,0.177428,-0.156480,0.117796,0.162592,-0.156729,-0.090975,0.175980,0.203602,0.153499,0.015810,0.108201,-0.146420,0.026479,-0.146295,0.153926,0.015985,-0.094642,-0.146878,0.015583
0.033501,0.013406,0.170187,0.223633,0.117587,0.164083,0.223366,-0.091171,0.177669,-0.156365,0.117983,0.162706,-0.156631,-0.090775,0.176292,0.203631,0.153509,0.015805,0.107092,-0.146410,0.026456,-0.146262,0.153968,0.015990,-0.094622,-0.146860,0.015580
0.033592,0.013503,0.170188,0.223729,0.117671,0.163991,0.223453,-0.091080,0.177694,-0.156269,0.118086,0.162682,-0.156544,-0.090664,0.176385,0.203635,0.153518,0.015806,0.106436,-0.146409,0.026331,-0.146256,0.153992,0.015996,-0.094616,-0.146848,0.015590
0.033684,0.013553,0.170047,0.223824,0.117711,0.163803,0.223542,-0.091035,0.177575,-0.156174,0.118140,0.162519,-0.156456,-0.090606,0.176290,0.203626,0.153524,0.015811,0.106270,-0.146414,0.026170,-0.146216,0.154009,0.015993,-0.094624,-0.146841,0.015579
0.033783,0.013586,0.169818,0.223925,0.117738,0.163535,0.223639,-0.091003,0.177371,-0.156073,0.118175,0.162265,-0.156359,-0.090566,0.176101,0.203626,0.153525,0.015815,0.106495,-0.146424,0.026025,-0.146184,0.154016,0.015986,-0.094615,-0.146840,0.015580
0.033875,0.013637,0.169566,0.224019,0.117780,0.163222,0.223727,-0.090957,0.177139,-0.155978,0.118230,0.161993,-0.156270,-0.090507,0.175910,0.203609,0.153530,0.015797,0.106966,-0.146425,0.025940,-0.146162,0.154032,0.015978,-0.094619,-0.146833,0.015588
0.033989,0.013714,0.169343,0.224137,0.117847,0.162925,0.223839,-0.090881,0.176955,-0.155861,0.118309,0.161730,-0.156159,-0.090420,0.175760,0.203628,0.153541,0.015809,0.107635,-0.146418,0.025958,-0.146089,0.154052,0.015988,-0.094575,-0.146827,0.015581
0.034103,0.013821,0.169177,0.224257,0.117938,0.162676,0.223948,-0.090781,0.176850,-0.155741,0.118422,0.161504,-0.156050,-0.090297,0.175678,0.203630,0.153551,0.015815,0.108272,-0.146404,0.026053,-0.146031,0.154081,0.015990,-0.094572,-0.146815,0.015583
0.034233,0.013955,0.169076,0.224391,0.118059,0.162493,0.224073,-0.090648,0.176840,-0.155606,0.118559,0.161312,-0.155925,-0.090149,0.175659,0.203640,0.153565,0.015814,0.108864,-0.146383,0.026220,-0.145936,0.154111,0.015988,-0.094562,-0.146804,0.015582
0.034355,0.014115,0.169035,0.224521,0.118200,0.162360,0.224187,-0.090494,0.176906,-0.155477,0.118725,0.161164,-0.155811,-0.089969,0.175710,0.203639,0.153578,0.015811,0.109291,-0.146359,0.026428,-0.145866,0.154150,0.015984,-0.094553,-0.146789,0.015577
0.034454,0.014291,0.169056,0.224628,0.118355,0.162277,0.224279,-0.090324,0.177038,-0.155370,0.118905,0.161074,-0.155719,-0.089773,0.175835,0.203652,0.153593,0.015811,0.109526,-0.146333,0.026657,-0.145801,0.154190,0.015989,-0.094540,-0.146775,0.015578
0.034531,0.014465,0.169120,0.224712,0.118508,0.162244,0.224347,-0.090155,0.177214,-0.155286,0.119086,0.161027,-0.155651,-0.089578,0.175996,0.203650,0.153606,0.015803,0.109590,-0.146306,0.026883,-0.145792,0.154231,0.015988,-0.094552,-0.146760,0.015581
0.034607,0.014636,0.169204,0.224797,0.118658,0.162240,0.224415,-0.089991,0.177411,-0.155201,0.119263,0.160997,-0.155583,-0.089386,0.176168,0.203643,0.153619,0.015802,0.109548,-0.146281,0.027093,-0.145782,0.154273,0.015995,-0.094566,-0.146744,0.015584
0.034637,0.014792,0.169294,0.224834,0.118796,0.162249,0.224438,-0.089839,0.177603,-0.155163,0.119424,0.160985,-0.155559,-0.089211,0.176339,0.203637,0.153633,0.015812,0.109361,-0.146257,0.027265,-0.145799,0.154309,0.015986,-0.094567,-0.146730,0.015579
0.034668,0.014926,0.169380,0.224871,0.118914,0.162270,0.224462,-0.089711,0.177776,-0.155126,0.119562,0.160984,-0.155535,-0.089062,0.176490,0.203656,0.153645,0.015813,0.109185,-0.146236,0.027415,-0.145815,0.154343,0.015995,-0.094560,-0.146717,0.015579
0.034706,0.015041,0.169445,0.224915,0.119016,0.162291,0.224495,-0.089598,0.177933,-0.155082,0.119681,0.160958,-0.155502,-0.088933,0.176600,0.203658,0.153654,0.015820,0.109014,-0.146220,0.027529,-0.145824,0.154370,0.015981,-0.094574,-0.146707,0.015570
0.034706,0.015141,0.169483,0.224918,0.119108,0.162310,0.224491,-0.089498,0.178067,-0.155079,0.119779,0.160899,-0.155506,-0.088827,0.176656,0.203658,0.153665,0.015812,0.108869,-0.146205,0.027622,-0.145862,0.154393,0.015991,-0.094569,-0.146699,0.015567
0.034714,0.015219,0.169500,0.224930,0.119176,0.162305,0.224494,-0.089421,0.178160,-0.155067,0.119859,0.160840,-0.155502,-0.088739,0.176694,0.203660,0.153668,0.015809,0.108713,-0.146198,0.027672,-0.145899,0.154412,0.015989,-0.094574,-0.146694,0.015570
0.034760,0.015286,0.169495,0.224979,0.119238,0.162288,0.224537,-0.089354,0.178223,-0.155018,0.119927,0.160766,-0.155460,-0.088665,0.176702,0.203645,0.153676,0.015818,0.108672,-0.146189,0.027711,-0.145883,0.154430,0.015991,-0.094578,-0.146687,0.015563
0.034775,0.015347,0.169477,0.224997,0.119292,0.162267,0.224549,-0.089294,0.178277,-0.154999,0.119987,0.160676,-0.155447,-0.088599,0.176686,0.203664,0.153681,0.015813,0.108698,-0.146181,0.027762,-0.145902,0.154446,0.015988,-0.094559,-0.146680,0.015575
0.034828,0.015412,0.169452,0.225054,0.119350,0.162229,0.224598,-0.089229,0.178321,-0.154942,0.120054,0.160583,-0.155398,-0.088526,0.176675,0.203663,0.153686,0.015815,0.108802,-0.146173,0.027819,-0.145866,0.154464,0.015987,-0.094556,-0.146674,0.015559
0.034882,0.015478,0.169428,0.225111,0.119409,0.162193,0.224648,-0.089164,0.178368,-0.154885,0.120120,0.160488,-0.155348,-0.088453,0.176663,0.203675,0.153692,0.015819,0.108916,-0.146164,0.027883,-0.145846,0.154480,0.015984,-0.094550,-0.146668,0.015561
0.034958,0.015542,0.169416,0.225189,0.119469,0.162178,0.224722,-0.089098,0.178432,-0.154806,0.120182,0.160400,-0.155274,-0.088385,0.176654,0.203689,0.153699,0.015818,0.109049,-0.146154,0.027956,-0.145803,0.154495,0.015983,-0.094523,-0.146663,0.015559
0.035019,0.015603,0.169416,0.225254,0.119523,0.162171,0.224779,-0.089038,0.178501,-0.154741,0.120244,0.160332,-0.155216,-0.088317,0.176661,0.203693,0.153703,0.015818,0.109150,-0.146145,0.028034,-0.145758,0.154511,0.015984,-0.094534,-0.146658,0.015561
0.035095,0.015672,0.169431,0.225333,0.119584,0.162166,0.224852,-0.088971,0.178574,-0.154661,0.120314,0.160287,-0.155143,-0.088241,0.176696,0.203721,0.153712,0.015834,0.109286,-0.146131,0.028130,-0.145687,0.154531,0.015987,-0.094502,-0.146649,0.015558
0.035164,0.015743,0.169447,0.225406,0.119647,0.162158,0.224916,-0.088901,0.178654,-0.154588,0.120388,0.160241,-0.155078,-0.088160,0.176737,0.203711,0.153715,0.015824,0.109403,-0.146120,0.028235,-0.145612,0.154549,0.015997,-0.094511,-0.146644,0.015555
0.035233,0.015816,0.169465,0.225478,0.119713,0.162160,0.224982,-0.088829,0.178740,-0.154516,0.120460,0.160191,-0.155013,-0.088081,0.176771,0.203729,0.153724,0.015826,0.109498,-0.146105,0.028331,-0.145512,0.154568,0.015993,-0.094501,-0.146636,0.015552
0.035286,0.015893,0.169484,0.225531,0.119789,0.162163,0.225035,-0.088746,0.178829,-0.154463,0.120532,0.160138,-0.154959,-0.088003,0.176804,0.203734,0.153741,0.015826,0.109548,-0.146086,0.028419,-0.145421,0.154585,0.015990,-0.094498,-0.146628,0.015555
0.035332,0.015971,0.169501,0.225581,0.119859,0.162167,0.225076,-0.088668,0.178929,-0.154412,0.120611,0.160074,-0.154918,-0.087916,0.176836,0.203732,0.153744,0.015817,0.109613,-0.146075,0.028526,-0.145361,0.154603,0.015987,-0.094502,-0.146624,0.015556
0.035385,0.016048,0.169520,0.225638,0.119927,0.162167,0.225125,-0.088592,0.179019,-0.154355,0.120689,0.160021,-0.154868,-0.087830,0.176873,0.203735,0.153752,0.015820,0.109645,-0.146062,0.028613,-0.145283,0.154625,0.015984,-0.094485,-0.146614,0.015555
0.035446,0.016117,0.169542,0.225703,0.119988,0.162167,0.225183,-0.088524,0.179105,-0.154290,0.120758,0.159978,-0.154810,-0.087754,0.176916,0.203744,0.153755,0.015825,0.109667,-0.146054,0.028696,-0.145195,0.154639,0.015990,-0.094486,-0.146613,0.015550
0.035507,0.016179,0.169566,0.225767,0.120044,0.162172,0.225241,-0.088463,0.179180,-0.154226,0.120821,0.159953,-0.154752,-0.087686,0.176961,0.203755,0.153763,0.015829,0.109675,-0.146043,0.028762,-0.145098,0.154656,0.015984,-0.094487,-0.146605,0.015554
0.035568,0.016232,0.169593,0.225831,0.120088,0.162170,0.225298,-0.088413,0.179242,-0.154161,0.120878,0.159945,-0.154695,-0.087623,0.177017,0.203760,0.153764,0.015825,0.109720,-0.146035,0.028838,-0.145023,0.154670,0.015989,-0.094485,-0.146601,0.015550
0.035614,0.016287,0.169616,0.225879,0.120136,0.162164,0.225341,-0.088360,0.179299,-0.154113,0.120934,0.159934,-0.154651,-0.087563,0.177068,0.203755,0.153770,0.015822,0.109776,-0.146024,0.028913,-0.144968,0.154685,0.016001,-0.094487,-0.146595,0.015553
0.035660,0.016336,0.169629,0.225927,0.120181,0.162167,0.225385,-0.088310,0.179362,-0.154065,0.120983,0.159896,-0.154608,-0.087508,0.177091,0.203760,0.153775,0.015827,0.109871,-0.146015,0.028991,-0.144909,0.154696,0.015990,-0.094487,-0.146591,0.015551
0.035698,0.016398,0.169630,0.225969,0.120236,0.162161,0.225419,-0.088250,0.179427,-0.154023,0.121046,0.159833,-0.154573,-0.087439,0.177099,0.203771,0.153782,0.015830,0.109997,-0.146002,0.029080,-0.144832,0.154715,0.015988,-0.094469,-0.146583,0.015550
0.035728,0.016460,0.169631,0.226002,0.120292,0.162142,0.225447,-0.088187,0.179486,-0.153990,0.121108,0.159775,-0.154545,-0.087371,0.177119,0.203762,0.153786,0.015829,0.110062,-0.145993,0.029155,-0.144794,0.154729,0.016000,-0.094480,-0.146580,0.015548
0.035759,0.016515,0.169636,0.226036,0.120341,0.162148,0.225473,-0.088133,0.179557,-0.153955,0.121163,0.159715,-0.154518,-0.087311,0.177125,0.203768,0.153790,0.015826,0.110097,-0.145985,0.029221,-0.144752,0.154744,0.015990,-0.094476,-0.146575,0.015547
0.035789,0.016567,0.169641,0.226068,0.120389,0.162146,0.225502,-0.088080,0.179618,-0.153923,0.121214,0.159664,-0.154489,-0.087254,0.177136,0.203771,0.153796,0.015825,0.110132,-0.145975,0.029280,-0.144703,0.154758,0.015992,-0.094468,-0.146570,0.015547
0.035820,0.016613,0.169641,0.226101,0.120431,0.162137,0.225530,-0.088033,0.179667,-0.153890,0.121259,0.159615,-0.154461,-0.087205,0.177144,0.203777,0.153799,0.015826,0.110160,-0.145969,0.029327,-0.144637,0.154766,0.015985,-0.094476,-0.146568,0.015547
0.035851,0.016658,0.169642,0.226135,0.120468,0.162125,0.225557,-0.087991,0.179709,-0.153856,0.121306,0.159575,-0.154434,-0.087153,0.177159,0.203772,0.153801,0.015827,0.110196,-0.145964,0.029377,-0.144601,0.154780,0.015987,-0.094472,-0.146563,0.015546
0.035881,0.016705,0.169645,0.226168,0.120510,0.162121,0.225584,-0.087945,0.179759,-0.153822,0.121354,0.159532,-0.154406,-0.087100,0.177169,0.203782,0.153807,0.015831,0.110255,-0.145954,0.029434,-0.144546,0.154796,0.015995,-0.094464,-0.146556,0.015545
0.035912,0.016747,0.169654,0.226200,0.120548,0.162123,0.225613,-0.087901,0.179815,-0.153790,0.121396,0.159492,-0.154377,-0.087054,0.177184,0.203782,0.153809,0.015828,0.110331,-0.145947,0.029503,-0.144505,0.154804,0.015991,-0.094465,-0.146555,0.015545
0.035942,0.016795,0.169662,0.226233,0.120591,0.162124,0.225641,-0.087854,0.179871,-0.153756,0.121444,0.159452,-0.154349,-0.087001,0.177200,0.203783,0.153814,0.015830,0.110379,-0.145938,0.029564,-0.144452,0.154818,0.016001,-0.094467,-0.146549,0.015549
0.035973,0.016841,0.169676,0.226266,0.120633,0.162142,0.225668,-0.087807,0.179946,-0.153723,0.121489,0.159406,-0.154321,-0.086951,0.177211,0.203787,0.153815,0.015825,0.110425,-0.145932,0.029633,-0.144407,0.154828,0.015995,-0.094463,-0.146548,0.015544
0.036003,0.016891,0.169696,0.226299,0.120678,0.162162,0.225696,-0.087757,0.180024,-0.153690,0.121538,0.159367,-0.154293,-0.086897,0.177229,0.203791,0.153820,0.015833,0.110474,-0.145922,0.029709,-0.144346,0.154840,0.015987,-0.094466,-0.146543,0.015544
0.036041,0.016941,0.169724,0.226340,0.120723,0.162184,0.225731,-0.087708,0.180101,-0.153648,0.121590,0.159347,-0.154258,-0.086841,0.177264,0.203803,0.153826,0.015835,0.110537,-0.145909,0.029793,-0.144286,0.154858,0.015999,-0.094464,-0.146535,0.015546
0.036072,0.016987,0.169750,0.226372,0.120765,0.162202,0.225759,-0.087661,0.180174,-0.153616,0.121634,0.159325,-0.154229,-0.086791,0.177297,0.203796,0.153829,0.015830,0.110547,-0.145902,0.029858,-0.144238,0.154867,0.016000,-0.094453,-0.146533,0.015542
0.036102,0.017034,0.169764,0.226405,0.120807,0.162206,0.225787,-0.087614,0.180235,-0.153583,0.121681,0.159293,-0.154201,-0.086739,0.177322,0.203799,0.153831,0.015830,0.110535,-0.145896,0.029910,-0.144196,0.154877,0.015989,-0.094455,-0.146531,0.015541
0.036133,0.017069,0.169776,0.226438,0.120838,0.162214,0.225815,-0.087580,0.180282,-0.153550,0.121717,0.159271,-0.154172,-0.086700,0.177338,0.203802,0.153836,0.015834,0.110532,-0.145889,0.029946,-0.144145,0.154888,0.015983,-0.094465,-0.146525,0.015542
0.036148,0.017093,0.169789,0.226454,0.120861,0.162240,0.225830,-0.087553,0.180339,-0.153533,0.121739,0.159238,-0.154158,-0.086676,0.177338,0.203800,0.153835,0.015824,0.110582,-0.145886,0.029998,-0.144110,0.154891,0.015983,-0.094466,-0.146527,0.015541
0.036163,0.017121,0.169795,0.226471,0.120888,0.162257,0.225843,-0.087525,0.180385,-0.153516,0.121767,0.159205,-0.154144,-0.086645,0.177333,0.203796,0.153842,0.015832,0.110625,-0.145876,0.030039,-0.144074,0.154904,0.015999,-0.094452,-0.146520,0.015539
0.036163,0.017151,0.169794,0.226473,0.120914,0.162265,0.225840,-0.087495,0.180427,-0.153514,0.121797,0.159161,-0.154146,-0.086613,0.177324,0.203797,0.153844,0.015828,0.110626,-0.145871,0.030071,-0.144022,0.154913,0.015989,-0.094454,-0.146515,0.015541
0.036156,0.017180,0.169786,0.226466,0.120941,0.162255,0.225831,-0.087464,0.180461,-0.153520,0.121825,0.159112,-0.154155,-0.086580,0.177317,0.203805,0.153842,0.015830,0.110647,-0.145871,0.030110,-0.144000,0.154917,0.015996,-0.094454,-0.146518,0.015541
0.036163,0.017200,0.169781,0.226474,0.120961,0.162249,0.225838,-0.087442,0.180480,-0.153512,0.121843,0.159082,-0.154147,-0.086560,0.177313,0.203799,0.153845,0.015824,0.110631,-0.145868,0.030117,-0.143977,0.154921,0.015992,-0.094461,-0.146517,0.015542
0.036163,0.017221,0.169776,0.226475,0.120979,0.162235,0.225837,-0.087422,0.180487,-0.153510,0.121865,0.159065,-0.154149,-0.086536,0.177316,0.203798,0.153851,0.015829,0.110643,-0.145861,0.030134,-0.143966,0.154930,0.015995,-0.094454,-0.146512,0.015539
0.036148,0.017241,0.169768,0.226462,0.120996,0.162226,0.225820,-0.087403,0.180503,-0.153524,0.121886,0.159032,-0.154165,-0.086513,0.177310,0.203795,0.153852,0.015833,0.110648,-0.145859,0.030155,-0.143951,0.154936,0.015996,-0.094470,-0.146509,0.015542
0.036156,0.017269,0.169765,0.226471,0.121022,0.162230,0.225826,-0.087375,0.180540,-0.153514,0.121913,0.158990,-0.154159,-0.086483,0.177300,0.203808,0.153855,0.015835,0.110716,-0.145853,0.030200,-0.143910,0.154945,0.016004,-0.094462,-0.146506,0.015538
0.036171,0.017286,0.169777,0.226486,0.121039,0.162249,0.225840,-0.087356,0.180580,-0.153498,0.121928,0.158974,-0.154144,-0.086466,0.177305,0.203808,0.153855,0.015831,0.110762,-0.145849,0.030240,-0.143864,0.154948,0.016001,-0.094456,-0.146506,0.015536
0.036201,0.017310,0.169788,0.226519,0.121059,0.162264,0.225869,-0.087332,0.180624,-0.153466,0.121953,0.158952,-0.154116,-0.086439,0.177311,0.203814,0.153856,0.015837,0.110816,-0.145845,0.030284,-0.143807,0.154955,0.016000,-0.094447,-0.146504,0.015540
0.036217,0.017341,0.169796,0.226535,0.121087,0.162272,0.225882,-0.087301,0.180669,-0.153449,0.121983,0.158922,-0.154102,-0.086406,0.177319,0.203807,0.153858,0.015830,0.110852,-0.145840,0.030331,-0.143763,0.154961,0.015991,-0.094456,-0.146502,0.015537
0.036232,0.017378,0.169803,0.226552,0.121121,0.162277,0.225896,-0.087263,0.180718,-0.153432,0.122019,0.158888,-0.154088,-0.086366,0.177329,0.203828,0.153861,0.015831,0.110897,-0.145832,0.030386,-0.143715,0.154971,0.015997,-0.094446,-0.146499,0.015537
0.036247,0.017400,0.169810,0.226568,0.121143,0.162294,0.225910,-0.087239,0.180763,-0.153415,0.122039,0.158857,-0.154074,-0.086343,0.177327,0.203820,0.153862,0.015831,0.110902,-0.145830,0.030415,-0.143650,0.154975,0.016003,-0.094445,-0.146500,0.015536
0.036247,0.017417,0.169821,0.226569,0.121158,0.162312,0.225908,-0.087222,0.180796,-0.153414,0.122056,0.158846,-0.154075,-0.086325,0.177329,0.203811,0.153866,0.015829,0.110837,-0.145825,0.030421,-0.143638,0.154983,0.015999,-0.094459,-0.146493,0.015540
0.036247,0.017431,0.169821,0.226571,0.121171,0.162317,0.225907,-0.087209,0.180819,-0.153412,0.122071,0.158822,-0.154076,-0.086308,0.177324,0.203812,0.153865,0.015831,0.110834,-0.145824,0.030439,-0.143600,0.154987,0.015993,-0.094463,-0.146492,0.015538
0.036247,0.017451,0.169816,0.226572,0.121187,0.162307,0.225905,-0.087190,0.180834,-0.153410,0.122092,0.158798,-0.154078,-0.086284,0.177326,0.203811,0.153865,0.015830,0.110861,-0.145821,0.030465,-0.143588,0.154993,0.015996,-0.094453,-0.146490,0.015538
0.036247,0.017468,0.169812,0.226572,0.121204,0.162299,0.225905,-0.087171,0.180847,-0.153410,0.122108,0.158777,-0.154078,-0.086267,0.177325,0.203815,0.153869,0.015830,0.110884,-0.145817,0.030483,-0.143568,0.154997,0.015999,-0.094452,-0.146490,0.015534
0.036247,0.017482,0.169807,0.226572,0.121218,0.162298,0.225905,-0.087155,0.180863,-0.153410,0.122119,0.158752,-0.154078,-0.086255,0.177316,0.203812,0.153872,0.015829,0.110918,-0.145813,0.030502,-0.143536,0.155000,0.016003,-0.094456,-0.146489,0.015535
0.036247,0.017495,0.169804,0.226574,0.121228,0.162297,0.225903,-0.087144,0.180878,-0.153408,0.122134,0.158731,-0.154079,-0.086238,0.177312,0.203813,0.153871,0.015830,0.110897,-0.145813,0.030509,-0.143508,0.155005,0.015999,-0.094456,-0.146486,0.015537
0.036263,0.017511,0.169803,0.226590,0.121242,0.162293,0.225917,-0.087128,0.180896,-0.153392,0.122150,0.158710,-0.154065,-0.086220,0.177313,0.203811,0.153871,0.015830,0.110923,-0.145811,0.030531,-0.143486,0.155009,0.016001,-0.094457,-0.146486,0.015537
0.036270,0.017528,0.169810,0.226598,0.121258,0.162307,0.225924,-0.087110,0.180928,-0.153384,0.122165,0.158693,-0.154058,-0.086203,0.177314,0.203809,0.153874,0.015833,0.110958,-0.145807,0.030563,-0.143454,0.155011,0.015984,-0.094459,-0.146485,0.015537
0.036285,0.017547,0.169824,0.226615,0.121274,0.162321,0.225937,-0.087092,0.180964,-0.153366,0.122185,0.158684,-0.154044,-0.086181,0.177327,0.203819,0.153874,0.015836,0.111010,-0.145803,0.030607,-0.143405,0.155018,0.015993,-0.094460,-0.146483,0.015534
0.036293,0.017566,0.169839,0.226623,0.121292,0.162336,0.225944,-0.087072,0.181001,-0.153358,0.122204,0.158678,-0.154037,-0.086161,0.177342,0.203817,0.153875,0.015827,0.111043,-0.145798,0.030648,-0.143373,0.155023,0.016001,-0.094453,-0.146482,0.015529
0.036293,0.017576,0.169852,0.226624,0.121302,0.162345,0.225944,-0.087062,0.181019,-0.153358,0.122214,0.158684,-0.154038,-0.086149,0.177359,0.203816,0.153878,0.015835,0.110983,-0.145795,0.030651,-0.143332,0.155026,0.016003,-0.094458,-0.146479,0.015536
0.036293,0.017578,0.169867,0.226624,0.121305,0.162373,0.225943,-0.087059,0.181049,-0.153357,0.122215,0.158685,-0.154038,-0.086149,0.177361,0.203815,0.153877,0.015835,0.110967,-0.145795,0.030665,-0.143313,0.155025,0.015997,-0.094457,-0.146480,0.015537
0.036308,0.017584,0.169879,0.226639,0.121311,0.162398,0.225958,-0.087052,0.181082,-0.153342,0.122219,0.158677,-0.154022,-0.086144,0.177361,0.203823,0.153876,0.015831,0.111044,-0.145793,0.030705,-0.143291,0.155026,0.016006,-0.094450,-0.146482,0.015536
0.036324,0.017585,0.169885,0.226653,0.121316,0.162422,0.225974,-0.087047,0.181105,-0.153327,0.122217,0.158665,-0.154006,-0.086146,0.177348,0.203836,0.153879,0.015830,0.111045,-0.145791,0.030707,-0.143258,0.155024,0.016000,-0.094437,-0.146482,0.015537
0.036339,0.017587,0.169885,0.226669,0.121318,0.162439,0.225989,-0.087044,0.181126,-0.153311,0.122218,0.158645,-0.153991,-0.086145,0.177332,0.203833,0.153877,0.015832,0.111072,-0.145791,0.030717,-0.143211,0.155025,0.016006,-0.094436,-0.146483,0.015534
0.036354,0.017586,0.169886,0.226684,0.121318,0.162453,0.226004,-0.087044,0.181139,-0.153296,0.122216,0.158633,-0.153976,-0.086147,0.177319,0.203831,0.153877,0.015829,0.111081,-0.145792,0.030717,-0.143166,0.155025,0.016005,-0.094440,-0.146482,0.015539
0.036362,0.017586,0.169884,0.226692,0.121318,0.162457,0.226011,-0.087045,0.181142,-0.153288,0.122216,0.158627,-0.153968,-0.086147,0.177312,0.203820,0.153877,0.015835,0.111120,-0.145791,0.030725,-0.143123,0.155025,0.016002,-0.094445,-0.146482,0.015536
0.036362,0.017590,0.169884,0.226692,0.121322,0.162462,0.226011,-0.087041,0.181152,-0.153287,0.122220,0.158616,-0.153969,-0.086142,0.177306,0.203823,0.153876,0.015831,0.111189,-0.145789,0.030751,-0.143107,0.155027,0.016003,-0.094445,-0.146480,0.015537
0.036369,0.017602,0.169879,0.226701,0.121332,0.162458,0.226017,-0.087030,0.181160,-0.153278,0.122234,0.158597,-0.153963,-0.086128,0.177299,0.203831,0.153879,0.015831,0.111245,-0.145784,0.030772,-0.143097,0.155034,0.016006,-0.094441,-0.146476,0.015537
0.036369,0.017614,0.169871,0.226701,0.121344,0.162450,0.226017,-0.087015,0.181171,-0.153278,0.122244,0.158572,-0.153962,-0.086116,0.177292,0.203823,0.153880,0.015838,0.111255,-0.145784,0.030784,-0.143090,0.155035,0.016006,-0.094449,-0.146478,0.015537
0.036369,0.017618,0.169874,0.226700,0.121351,0.162468,0.226017,-0.087008,0.181196,-0.153278,0.122245,0.158551,-0.153962,-0.086114,0.177279,0.203825,0.153879,0.015828,0.111275,-0.145783,0.030799,-0.143048,0.155032,0.016001,-0.094450,-0.146480,0.015537
0.036369,0.017618,0.169882,0.226700,0.121352,0.162496,0.226017,-0.087007,0.181221,-0.153278,0.122244,0.158544,-0.153962,-0.086116,0.177268,0.203827,0.153880,0.015831,0.111277,-0.145781,0.030809,-0.143017,0.155033,0.015999,-0.094447,-0.146479,0.015535
0.036369,0.017626,0.169893,0.226701,0.121359,0.162521,0.226015,-0.087000,0.181251,-0.153277,0.122251,0.158536,-0.153963,-0.086107,0.177266,0.203827,0.153881,0.015832,0.111257,-0.145778,0.030822,-0.143004,0.155037,0.015996,-0.094446,-0.146475,0.015538
0.036369,0.017644,0.169898,0.226702,0.121375,0.162522,0.226015,-0.086981,0.181274,-0.153276,0.122269,0.158523,-0.153963,-0.086088,0.177274,0.203831,0.153884,0.015836,0.111268,-0.145775,0.030847,-0.142961,0.155043,0.016003,-0.094452,-0.146474,0.015537
0.036369,0.017660,0.169902,0.226703,0.121390,0.162524,0.226014,-0.086965,0.181293,-0.153275,0.122285,0.158510,-0.153964,-0.086070,0.177280,0.203828,0.153885,0.015829,0.111262,-0.145771,0.030866,-0.142917,0.155047,0.016001,-0.094448,-0.146472,0.015533
