0.004448,-0.016777,0.336718,0.192878,0.090617,0.335337,0.195970,-0.118559,0.335942,-0.187075,0.085005,0.337495,-0.183982,-0.124171,0.338100,0.173389,0.135161,0.119920,0.203642,-0.164466,0.140585,-0.189077,0.129838,0.132460,-0.169654,-0.169984,0.141069
0.007492,-0.025148,0.322800,0.194822,0.084133,0.320295,0.200024,-0.125000,0.321310,-0.185040,0.074704,0.324289,-0.179838,-0.134429,0.325305,0.195039,0.128495,0.092237,0.176426,-0.172212,0.082404,-0.167830,0.119454,0.089228,-0.144770,-0.180174,0.088058
0.010559,-0.033617,0.303706,0.197197,0.076846,0.301412,0.203717,-0.132251,0.302110,-0.182599,0.065017,0.305301,-0.176079,-0.144080,0.305999,0.208076,0.121845,0.058088,0.164552,-0.179811,0.042562,-0.164741,0.110236,0.062679,-0.130127,-0.188967,0.052112
0.013348,-0.041723,0.280663,0.199324,0.069860,0.278903,0.207090,-0.139196,0.278674,-0.180395,0.055750,0.282652,-0.172629,-0.153306,0.282423,0.214891,0.116204,0.019871,0.169884,-0.185771,0.015929,-0.164861,0.102077,0.038172,-0.113345,-0.196292,0.016045
0.014278,-0.046446,0.265010,0.200279,0.065039,0.269034,0.208001,-0.143980,0.265009,-0.179444,0.051088,0.265011,-0.171722,-0.157931,0.260986,0.214552,0.115931,0.015804,0.168969,-0.186116,0.015936,-0.165845,0.101742,0.022862,-0.111816,-0.196487,0.015835
0.013531,-0.048098,0.258084,0.199497,0.063246,0.265839,0.207184,-0.145742,0.260394,-0.180122,0.049547,0.255774,-0.172436,-0.159441,0.250328,0.214269,0.115800,0.015840,0.168548,-0.186290,0.015978,-0.168198,0.101659,0.018691,-0.111290,-0.196578,0.015817
0.012772,-0.047871,0.255229,0.198718,0.063470,0.263492,0.206412,-0.145521,0.258198,-0.180869,0.049780,0.252260,-0.173175,-0.159211,0.246966,0.214043,0.115803,0.015840,0.163344,-0.186493,0.017027,-0.171775,0.101460,0.021331,-0.111170,-0.196568,0.015805
0.012222,-0.046865,0.254531,0.198153,0.064515,0.262617,0.205862,-0.144495,0.258152,-0.181418,0.050764,0.250911,-0.173708,-0.158246,0.246446,0.213928,0.115859,0.015888,0.151823,-0.186888,0.019782,-0.173779,0.101384,0.024015,-0.111190,-0.196504,0.015798
0.011753,-0.045448,0.254662,0.197657,0.065983,0.262666,0.205384,-0.143049,0.259386,-0.181878,0.052152,0.249938,-0.174151,-0.156879,0.246658,0.213883,0.115941,0.015914,0.137791,-0.187321,0.022726,-0.174042,0.101491,0.022841,-0.111244,-0.196419,0.015813
0.011246,-0.043753,0.254746,0.197110,0.067735,0.262894,0.204852,-0.141314,0.261027,-0.182361,0.053808,0.248465,-0.174618,-0.155240,0.246598,0.213847,0.116043,0.015966,0.125221,-0.187638,0.025062,-0.173086,0.101698,0.017556,-0.111277,-0.196315,0.015829
0.010685,-0.042057,0.254532,0.196522,0.069490,0.262472,0.204275,-0.139565,0.262020,-0.182905,0.055451,0.247044,-0.175152,-0.153604,0.246592,0.213748,0.116143,0.015981,0.115459,-0.187830,0.025667,-0.173117,0.101795,0.015916,-0.111343,-0.196220,0.015862
0.010204,-0.041002,0.254137,0.196050,0.070582,0.261324,0.203808,-0.138474,0.261752,-0.183399,0.056469,0.246521,-0.175641,-0.152586,0.246949,0.213623,0.116213,0.015997,0.109714,-0.187935,0.023390,-0.173108,0.101861,0.015904,-0.111410,-0.196157,0.015874
0.009735,-0.040758,0.253341,0.195611,0.070832,0.259589,0.203369,-0.138223,0.260230,-0.183899,0.056707,0.246452,-0.176141,-0.152348,0.247094,0.213462,0.116228,0.015995,0.109115,-0.187945,0.018548,-0.173140,0.101880,0.015907,-0.111464,-0.196139,0.015880
0.009369,-0.041164,0.252377,0.195280,0.070416,0.257662,0.203039,-0.138640,0.257987,-0.184301,0.056311,0.246766,-0.176543,-0.152745,0.247092,0.213315,0.116190,0.015963,0.108976,-0.187990,0.015866,-0.173181,0.101846,0.015904,-0.111488,-0.196172,0.015879
0.009090,-0.041666,0.252015,0.195015,0.069902,0.257084,0.202771,-0.139155,0.256997,-0.184591,0.055822,0.247033,-0.176835,-0.153234,0.246945,0.213262,0.116161,0.015967,0.108893,-0.188018,0.015869,-0.173223,0.101822,0.015906,-0.111497,-0.196194,0.015876
0.008839,-0.042126,0.252157,0.194767,0.069432,0.257309,0.202522,-0.139623,0.256847,-0.184845,0.055372,0.247467,-0.177090,-0.153684,0.247006,0.213289,0.116134,0.015964,0.108875,-0.188047,0.015866,-0.173256,0.101795,0.015909,-0.111502,-0.196222,0.015874
0.008633,-0.042540,0.252523,0.194563,0.069010,0.257783,0.202318,-0.140044,0.256984,-0.185053,0.054965,0.248062,-0.177298,-0.154089,0.247263,0.213307,0.116111,0.015958,0.108849,-0.188072,0.015863,-0.173321,0.101769,0.015906,-0.111537,-0.196247,0.015871
0.008434,-0.042917,0.252922,0.194366,0.068626,0.258291,0.202121,-0.140428,0.257190,-0.185253,0.054593,0.248654,-0.177497,-0.154460,0.247553,0.213335,0.116087,0.015955,0.108842,-0.188099,0.015862,-0.173380,0.101741,0.015907,-0.111572,-0.196276,0.015870
0.008247,-0.043242,0.253255,0.194180,0.068294,0.258724,0.201935,-0.140758,0.257362,-0.185440,0.054275,0.249148,-0.177686,-0.154777,0.247785,0.213364,0.116070,0.015958,0.108838,-0.188119,0.015858,-0.173424,0.101723,0.015901,-0.111590,-0.196296,0.015868
0.008060,-0.043510,0.253490,0.193994,0.068020,0.259040,0.201749,-0.141030,0.257464,-0.185628,0.054009,0.249516,-0.177873,-0.155041,0.247940,0.213382,0.116055,0.015954,0.108821,-0.188138,0.015856,-0.173460,0.101705,0.015898,-0.111607,-0.196315,0.015868
0.007893,-0.043728,0.253630,0.193827,0.067798,0.259243,0.201582,-0.141251,0.257490,-0.185796,0.053796,0.249769,-0.178042,-0.155253,0.248016,0.213401,0.116046,0.015954,0.108822,-0.188149,0.015857,-0.173478,0.101696,0.015893,-0.111612,-0.196326,0.015865
0.007717,-0.043905,0.253696,0.193652,0.067616,0.259362,0.201407,-0.141431,0.257468,-0.185972,0.053621,0.249923,-0.178218,-0.155427,0.248029,0.213402,0.116037,0.015954,0.108799,-0.188161,0.015855,-0.173507,0.101686,0.015894,-0.111630,-0.196337,0.015864
0.007553,-0.044046,0.253709,0.193489,0.067473,0.259419,0.201243,-0.141574,0.257416,-0.186137,0.053481,0.250001,-0.178382,-0.155566,0.247998,0.213401,0.116028,0.015952,0.108787,-0.188172,0.015856,-0.173523,0.101676,0.015894,-0.111637,-0.196349,0.015863
0.007381,-0.044159,0.253692,0.193317,0.067358,0.259441,0.201072,-0.141688,0.257352,-0.186309,0.053370,0.250033,-0.178554,-0.155676,0.247944,0.213394,0.116020,0.015947,0.108765,-0.188182,0.015856,-0.173536,0.101667,0.015894,-0.111646,-0.196358,0.015863
0.007206,-0.044252,0.253663,0.193142,0.067262,0.259442,0.200896,-0.141783,0.257279,-0.186484,0.053278,0.250047,-0.178730,-0.155767,0.247883,0.213382,0.116017,0.015949,0.108742,-0.188186,0.015856,-0.173557,0.101665,0.015890,-0.111666,-0.196361,0.015863
0.007065,-0.044333,0.253637,0.193001,0.067180,0.259446,0.200755,-0.141865,0.257218,-0.186625,0.053200,0.250056,-0.178872,-0.155845,0.247829,0.213375,0.116014,0.015952,0.108730,-0.188189,0.015857,-0.173563,0.101663,0.015887,-0.111668,-0.196364,0.015861
0.006905,-0.044399,0.253628,0.192841,0.067112,0.259458,0.200595,-0.141932,0.257181,-0.186785,0.053134,0.250074,-0.179032,-0.155910,0.247797,0.213368,0.116009,0.015949,0.108708,-0.188196,0.015856,-0.173580,0.101658,0.015891,-0.111682,-0.196370,0.015863
0.006744,-0.044474,0.253635,0.192681,0.067037,0.259497,0.200435,-0.142007,0.257166,-0.186946,0.053059,0.250104,-0.179192,-0.155984,0.247773,0.213359,0.116003,0.015954,0.108694,-0.188203,0.015858,-0.173600,0.101650,0.015886,-0.111695,-0.196378,0.015862
0.006603,-0.044546,0.253662,0.192540,0.066962,0.259555,0.200293,-0.142081,0.257172,-0.187087,0.052989,0.250152,-0.179333,-0.156054,0.247769,0.213371,0.115995,0.015951,0.108698,-0.188212,0.015858,-0.173594,0.101643,0.015889,-0.111695,-0.196386,0.015864
0.006432,-0.044607,0.253701,0.192368,0.066899,0.259627,0.200121,-0.142143,0.257197,-0.187258,0.052928,0.250205,-0.179505,-0.156114,0.247775,0.213368,0.115995,0.015955,0.108682,-0.188213,0.015858,-0.173614,0.101643,0.015887,-0.111708,-0.196387,0.015862
0.006260,-0.044668,0.253747,0.192196,0.066837,0.259714,0.199949,-0.142205,0.257239,-0.187429,0.052869,0.250255,-0.179676,-0.156173,0.247780,0.213356,0.115992,0.015957,0.108658,-0.188218,0.015859,-0.173641,0.101639,0.015882,-0.111732,-0.196392,0.015865
0.006069,-0.044724,0.253803,0.192004,0.066781,0.259810,0.199759,-0.142260,0.257294,-0.187620,0.052813,0.250312,-0.179866,-0.156228,0.247796,0.213354,0.115993,0.015947,0.108650,-0.188219,0.015858,-0.173650,0.101637,0.015881,-0.111740,-0.196394,0.015863
0.005871,-0.044775,0.253867,0.191806,0.066727,0.259913,0.199559,-0.142314,0.257361,-0.187817,0.052764,0.250373,-0.180064,-0.156277,0.247821,0.213347,0.115989,0.015951,0.108628,-0.188222,0.015858,-0.173681,0.101636,0.015881,-0.111770,-0.196396,0.015865
0.005653,-0.044819,0.253939,0.191588,0.066683,0.260021,0.199341,-0.142358,0.257446,-0.188035,0.052720,0.250432,-0.180281,-0.156320,0.247857,0.213351,0.115982,0.015951,0.108619,-0.188231,0.015857,-0.173689,0.101627,0.015876,-0.111780,-0.196406,0.015868
0.005432,-0.044855,0.254014,0.191366,0.066645,0.260136,0.199119,-0.142395,0.257533,-0.188255,0.052685,0.250494,-0.180502,-0.156356,0.247892,0.213359,0.115986,0.015955,0.108622,-0.188228,0.015859,-0.173692,0.101630,0.015869,-0.111790,-0.196403,0.015865
0.005203,-0.044891,0.254087,0.191135,0.066609,0.260250,0.198891,-0.142430,0.257626,-0.188484,0.052648,0.250549,-0.180729,-0.156392,0.247925,0.213346,0.115985,0.015954,0.108600,-0.188230,0.015860,-0.173722,0.101626,0.015869,-0.111810,-0.196407,0.015867
0.004959,-0.044918,0.254157,0.190891,0.066580,0.260362,0.198645,-0.142460,0.257726,-0.188726,0.052624,0.250587,-0.180973,-0.156416,0.247951,0.213342,0.115980,0.015959,0.108586,-0.188234,0.015861,-0.173741,0.101625,0.015867,-0.111837,-0.196410,0.015867
0.004696,-0.044931,0.254221,0.190627,0.066567,0.260469,0.198381,-0.142473,0.257831,-0.188989,0.052610,0.250612,-0.181235,-0.156430,0.247974,0.213331,0.115980,0.015954,0.108567,-0.188236,0.015864,-0.173766,0.101622,0.015862,-0.111857,-0.196412,0.015868
0.004417,-0.044933,0.254277,0.190349,0.066561,0.260561,0.198100,-0.142479,0.257927,-0.189265,0.052612,0.250628,-0.181514,-0.156428,0.247994,0.213324,0.115980,0.015959,0.108545,-0.188234,0.015862,-0.173790,0.101629,0.015859,-0.111883,-0.196406,0.015871
0.004143,-0.044930,0.254330,0.190074,0.066564,0.260647,0.197823,-0.142476,0.258024,-0.189538,0.052617,0.250635,-0.181789,-0.156423,0.248012,0.213319,0.115980,0.015960,0.108535,-0.188233,0.015864,-0.173804,0.101631,0.015851,-0.111894,-0.196404,0.015868
0.003849,-0.044920,0.254383,0.189779,0.066575,0.260728,0.197529,-0.142466,0.258123,-0.189831,0.052626,0.250642,-0.182081,-0.156414,0.248037,0.213313,0.115983,0.015960,0.108512,-0.188231,0.015864,-0.173831,0.101630,0.015852,-0.111928,-0.196404,0.015872
0.003544,-0.044916,0.254437,0.189472,0.066578,0.260818,0.197223,-0.142462,0.258229,-0.190135,0.052630,0.250645,-0.182385,-0.156411,0.248056,0.213293,0.115979,0.015962,0.108490,-0.188235,0.015867,-0.173855,0.101626,0.015845,-0.111959,-0.196408,0.015873
0.003246,-0.044889,0.254496,0.189174,0.066606,0.260898,0.196924,-0.142435,0.258343,-0.190432,0.052656,0.250650,-0.182681,-0.156384,0.248094,0.213295,0.115979,0.015958,0.108481,-0.188235,0.015869,-0.173866,0.101626,0.015845,-0.111974,-0.196409,0.015873
0.002930,-0.044859,0.254553,0.188856,0.066637,0.260978,0.196607,-0.142404,0.258455,-0.190747,0.052686,0.250651,-0.182997,-0.156355,0.248129,0.213279,0.115984,0.015964,0.108459,-0.188230,0.015868,-0.173892,0.101630,0.015841,-0.112003,-0.196404,0.015876
0.002605,-0.044821,0.254599,0.188530,0.066676,0.261046,0.196282,-0.142366,0.258563,-0.191071,0.052724,0.250635,-0.183320,-0.156317,0.248152,0.213265,0.115989,0.015963,0.108435,-0.188224,0.015869,-0.173915,0.101634,0.015837,-0.112034,-0.196399,0.015880
0.002277,-0.044775,0.254642,0.188200,0.066724,0.261105,0.195953,-0.142318,0.258672,-0.191398,0.052768,0.250612,-0.183646,-0.156274,0.248180,0.213256,0.115990,0.015960,0.108423,-0.188223,0.015872,-0.173924,0.101633,0.015831,-0.112050,-0.196400,0.015883
0.001934,-0.044716,0.254682,0.187856,0.066785,0.261156,0.195609,-0.142258,0.258782,-0.191741,0.052826,0.250582,-0.183988,-0.156216,0.248208,0.213241,0.115994,0.015963,0.108400,-0.188219,0.015874,-0.173948,0.101636,0.015824,-0.112080,-0.196396,0.015880
0.001583,-0.044662,0.254716,0.187504,0.066839,0.261211,0.195256,-0.142205,0.258895,-0.192090,0.052880,0.250537,-0.184337,-0.156164,0.248220,0.213227,0.115995,0.015962,0.108381,-0.188217,0.015876,-0.173968,0.101637,0.015817,-0.112106,-0.196394,0.015882
0.001244,-0.044601,0.254752,0.187163,0.066901,0.261269,0.194915,-0.142143,0.259010,-0.192428,0.052940,0.250494,-0.184675,-0.156104,0.248236,0.213208,0.116001,0.015968,0.108361,-0.188210,0.015877,-0.173992,0.101643,0.015814,-0.112137,-0.196387,0.015882
0.000881,-0.044542,0.254790,0.186799,0.066961,0.261319,0.194551,-0.142084,0.259121,-0.192789,0.052999,0.250458,-0.185037,-0.156046,0.248260,0.213205,0.116003,0.015970,0.108349,-0.188207,0.015880,-0.174004,0.101646,0.015812,-0.112156,-0.196384,0.015884
0.000530,-0.044460,0.254821,0.186447,0.067046,0.261341,0.194200,-0.141999,0.259226,-0.193139,0.053079,0.250417,-0.185386,-0.155967,0.248302,0.213183,0.116004,0.015977,0.108329,-0.188206,0.015882,-0.174019,0.101645,0.015802,-0.112176,-0.196383,0.015882
0.000187,-0.044378,0.254848,0.186102,0.067131,0.261356,0.193856,-0.141916,0.259318,-0.193482,0.053159,0.250377,-0.185728,-0.155887,0.248339,0.213166,0.116010,0.015975,0.108308,-0.188199,0.015884,-0.174045,0.101650,0.015800,-0.112208,-0.196378,0.015889
-0.000160,-0.044291,0.254870,0.185755,0.067219,0.261366,0.193507,-0.141828,0.259408,-0.193827,0.053247,0.250331,-0.186076,-0.155800,0.248373,0.213156,0.116017,0.015977,0.108289,-0.188191,0.015885,-0.174059,0.101660,0.015794,-0.112229,-0.196368,0.015892
-0.000511,-0.044189,0.254897,0.185404,0.067323,0.261361,0.193155,-0.141725,0.259497,-0.194178,0.053346,0.250297,-0.186426,-0.155702,0.248433,0.213124,0.116021,0.015974,0.108259,-0.188185,0.015889,-0.174090,0.101665,0.015792,-0.112271,-0.196362,0.015896
-0.000854,-0.044079,0.254928,0.185060,0.067437,0.261355,0.192812,-0.141612,0.259592,-0.194521,0.053454,0.250264,-0.186769,-0.155595,0.248501,0.213115,0.116029,0.015976,0.108244,-0.188176,0.015888,-0.174101,0.101671,0.015785,-0.112295,-0.196354,0.015892
-0.001213,-0.043962,0.254956,0.184700,0.067557,0.261348,0.192453,-0.141493,0.259691,-0.194879,0.053568,0.250221,-0.187126,-0.155482,0.248564,0.213089,0.116037,0.015979,0.108220,-0.188167,0.015891,-0.174120,0.101679,0.015777,-0.112327,-0.196346,0.015906
-0.001568,-0.043837,0.254978,0.184346,0.067684,0.261323,0.192097,-0.141366,0.259777,-0.195233,0.053693,0.250179,-0.187482,-0.155358,0.248633,0.213061,0.116046,0.015977,0.108193,-0.188156,0.015894,-0.174147,0.101691,0.015774,-0.112329,-0.196332,0.015905
-0.001900,-0.043701,0.254984,0.184012,0.067824,0.261307,0.191764,-0.141227,0.259881,-0.195564,0.053825,0.250087,-0.187812,-0.155226,0.248662,0.213042,0.116055,0.015982,0.108174,-0.188146,0.015896,-0.174162,0.101699,0.015769,-0.112357,-0.196324,0.015905
-0.002251,-0.043566,0.254989,0.183660,0.067963,0.261303,0.191412,-0.141090,0.260001,-0.195913,0.053958,0.249977,-0.188161,-0.155094,0.248675,0.213027,0.116062,0.015979,0.108158,-0.188138,0.015897,-0.174172,0.101706,0.015761,-0.112210,-0.196310,0.015906
-0.002586,-0.043482,0.254895,0.183315,0.068049,0.261422,0.191069,-0.141004,0.260198,-0.196242,0.054040,0.249592,-0.188488,-0.155013,0.248367,0.213016,0.116071,0.015981,0.108139,-0.188130,0.015901,-0.174169,0.101711,0.015756,-0.109926,-0.196219,0.015884
-0.002888,-0.043484,0.254747,0.182999,0.068045,0.261732,0.190754,-0.141008,0.260517,-0.196529,0.054040,0.248977,-0.188774,-0.155012,0.247762,0.213024,0.116070,0.015979,0.108135,-0.188132,0.015903,-0.174158,0.101708,0.015755,-0.105189,-0.196046,0.015902
-0.003113,-0.043501,0.254680,0.182760,0.068022,0.262108,0.190512,-0.141031,0.260880,-0.196738,0.054029,0.248481,-0.188985,-0.155024,0.247253,0.213039,0.116073,0.015982,0.108134,-0.188129,0.015902,-0.174140,0.101716,0.015758,-0.098797,-0.195803,0.015959
-0.003250,-0.043480,0.254721,0.182613,0.068042,0.262385,0.190366,-0.141011,0.261189,-0.196866,0.054051,0.248253,-0.189114,-0.155002,0.247057,0.213063,0.116063,0.015986,0.108147,-0.188138,0.015903,-0.174127,0.101707,0.015758,-0.093018,-0.195603,0.016816
-0.003307,-0.043381,0.254849,0.182561,0.068138,0.262451,0.190306,-0.140915,0.261338,-0.196920,0.054154,0.248361,-0.189175,-0.154900,0.247248,0.213053,0.116062,0.015985,0.108141,-0.188135,0.015904,-0.174147,0.101718,0.015759,-0.088750,-0.195442,0.018356
-0.003300,-0.043171,0.255033,0.182577,0.068356,0.262289,0.190323,-0.140698,0.261342,-0.196922,0.054356,0.248725,-0.189177,-0.154698,0.247777,0.213044,0.116083,0.015980,0.108151,-0.188112,0.015904,-0.174165,0.101737,0.015760,-0.085759,-0.195316,0.020082
-0.003250,-0.042854,0.255252,0.182641,0.068682,0.261966,0.190386,-0.140373,0.261281,-0.196886,0.054665,0.249222,-0.189142,-0.154391,0.248538,0.213010,0.116094,0.015989,0.108148,-0.188098,0.015909,-0.174192,0.101751,0.015749,-0.083795,-0.195227,0.021709
-0.003170,-0.042471,0.255481,0.182736,0.069078,0.261550,0.190482,-0.139978,0.261181,-0.196822,0.055037,0.249781,-0.189076,-0.154020,0.249412,0.212972,0.116113,0.015986,0.108153,-0.188077,0.015914,-0.174223,0.101768,0.015742,-0.082580,-0.195156,0.023152
-0.003059,-0.042023,0.255712,0.182863,0.069535,0.261086,0.190606,-0.139521,0.261076,-0.196725,0.055476,0.250348,-0.188982,-0.153581,0.250338,0.212947,0.116143,0.015985,0.108171,-0.188043,0.015915,-0.174228,0.101802,0.015736,-0.081827,-0.195081,0.024419
-0.002953,-0.041563,0.255944,0.182983,0.070004,0.260628,0.190726,-0.139052,0.260989,-0.196632,0.055926,0.250898,-0.188888,-0.153130,0.251260,0.212897,0.116170,0.015987,0.108169,-0.188015,0.015919,-0.174266,0.101829,0.015734,-0.081304,-0.195017,0.025509
-0.002850,-0.041088,0.256178,0.183097,0.070486,0.260191,0.190841,-0.138569,0.260937,-0.196540,0.056393,0.251419,-0.188797,-0.152662,0.252165,0.212868,0.116199,0.015991,0.108178,-0.187987,0.015922,-0.174288,0.101858,0.015728,-0.080906,-0.194953,0.026451
-0.002754,-0.040623,0.256410,0.183202,0.070957,0.259795,0.190945,-0.138097,0.260925,-0.196454,0.056852,0.251895,-0.188711,-0.152202,0.253025,0.212834,0.116218,0.015993,0.108190,-0.187969,0.015926,-0.174304,0.101877,0.015721,-0.080590,-0.194900,0.027303
-0.002651,-0.040154,0.256638,0.183314,0.071428,0.259428,0.191056,-0.137623,0.260935,-0.196358,0.057316,0.252340,-0.188616,-0.151735,0.253847,0.212810,0.116248,0.015996,0.108206,-0.187940,0.015932,-0.174314,0.101909,0.015716,-0.080277,-0.194833,0.028091
-0.002560,-0.039680,0.256860,0.183412,0.071902,0.259087,0.191153,-0.137146,0.260973,-0.196272,0.057785,0.252747,-0.188532,-0.151263,0.254633,0.212774,0.116279,0.015998,0.108219,-0.187911,0.015933,-0.174334,0.101942,0.015715,-0.079972,-0.194763,0.028805
-0.002472,-0.039217,0.257070,0.183506,0.072365,0.258759,0.191246,-0.136679,0.261023,-0.196190,0.058245,0.253118,-0.188450,-0.150799,0.255382,0.212758,0.116302,0.015995,0.108238,-0.187892,0.015937,-0.174342,0.101966,0.015713,-0.079692,-0.194703,0.029491
-0.002365,-0.038765,0.257269,0.183618,0.072815,0.258445,0.191357,-0.136225,0.261073,-0.196087,0.058695,0.253465,-0.188348,-0.150345,0.256093,0.212733,0.116330,0.016007,0.108258,-0.187868,0.015941,-0.174346,0.101996,0.015702,-0.079379,-0.194637,0.030119
-0.002270,-0.038332,0.257453,0.183720,0.073241,0.258142,0.191453,-0.135795,0.261114,-0.195993,0.059131,0.253791,-0.188260,-0.149905,0.256764,0.212711,0.116356,0.016006,0.108272,-0.187844,0.015944,-0.174359,0.102032,0.015703,-0.079086,-0.194566,0.030694
-0.002171,-0.037924,0.257630,0.183820,0.073650,0.257861,0.191558,-0.135381,0.261163,-0.195899,0.059533,0.254098,-0.188161,-0.149498,0.257400,0.212684,0.116385,0.016014,0.108284,-0.187824,0.015947,-0.174374,0.102051,0.015694,-0.078794,-0.194509,0.031207
-0.002079,-0.037531,0.257794,0.183909,0.074047,0.257599,0.191657,-0.134978,0.261217,-0.195815,0.059916,0.254372,-0.188067,-0.149109,0.257990,0.212669,0.116420,0.016014,0.108301,-0.187801,0.015950,-0.174379,0.102068,0.015691,-0.078537,-0.194454,0.031658
-0.001984,-0.037146,0.257944,0.184005,0.074430,0.257351,0.191755,-0.134590,0.261271,-0.195723,0.060298,0.254616,-0.187972,-0.148721,0.258536,0.212658,0.116456,0.016017,0.108316,-0.187773,0.015953,-0.174382,0.102099,0.015691,-0.078307,-0.194390,0.032088
-0.001892,-0.036791,0.258085,0.184092,0.074790,0.257132,0.191854,-0.134224,0.261331,-0.195638,0.060643,0.254839,-0.187876,-0.148371,0.259038,0.212646,0.116497,0.016017,0.108335,-0.187745,0.015954,-0.174391,0.102118,0.015689,-0.078047,-0.194334,0.032481
-0.001812,-0.036455,0.258219,0.184175,0.075117,0.256938,0.191933,-0.133892,0.261402,-0.195557,0.060982,0.255037,-0.187799,-0.148027,0.259500,0.212620,0.116519,0.016022,0.108338,-0.187728,0.015958,-0.174403,0.102147,0.015682,-0.077785,-0.194275,0.032865
-0.001724,-0.036137,0.258342,0.184259,0.075437,0.256741,0.192026,-0.133565,0.261461,-0.195474,0.061292,0.255223,-0.187708,-0.147710,0.259944,0.212605,0.116547,0.016023,0.108362,-0.187712,0.015960,-0.174397,0.102158,0.015681,-0.077529,-0.194230,0.033218
-0.001648,-0.035835,0.258454,0.184332,0.075740,0.256544,0.192107,-0.133257,0.261505,-0.195403,0.061586,0.255402,-0.187628,-0.147410,0.260364,0.212575,0.116575,0.016027,0.108371,-0.187696,0.015961,-0.174401,0.102171,0.015682,-0.077303,-0.194185,0.033551
-0.001553,-0.035545,0.258560,0.184429,0.076022,0.256370,0.192202,-0.132969,0.261556,-0.195307,0.061879,0.255564,-0.187534,-0.147113,0.260751,0.212579,0.116600,0.016023,0.108389,-0.187676,0.015961,-0.174394,0.102199,0.015678,-0.077079,-0.194131,0.033849
-0.001476,-0.035273,0.258661,0.184502,0.076295,0.256203,0.192282,-0.132691,0.261605,-0.195234,0.062146,0.255717,-0.187454,-0.146840,0.261119,0.212570,0.116628,0.016020,0.108397,-0.187659,0.015964,-0.174400,0.102214,0.015673,-0.076920,-0.194089,0.034097
-0.001396,-0.035027,0.258758,0.184580,0.076539,0.256058,0.192364,-0.132441,0.261657,-0.195157,0.062388,0.255859,-0.187372,-0.146592,0.261459,0.212554,0.116648,0.016021,0.108408,-0.187649,0.015965,-0.174406,0.102223,0.015670,-0.076798,-0.194057,0.034319
-0.001328,-0.034798,0.258848,0.184645,0.076768,0.255928,0.192436,-0.132207,0.261706,-0.195091,0.062612,0.255991,-0.187300,-0.146363,0.261769,0.212553,0.116673,0.016022,0.108421,-0.187633,0.015965,-0.174405,0.102237,0.015670,-0.076681,-0.194021,0.034524
-0.001263,-0.034601,0.258932,0.184708,0.076963,0.255814,0.192503,-0.132008,0.261745,-0.195028,0.062806,0.256120,-0.187233,-0.146165,0.262050,0.212541,0.116695,0.016022,0.108431,-0.187619,0.015968,-0.174411,0.102250,0.015670,-0.076541,-0.193987,0.034736
-0.001209,-0.034424,0.259009,0.184758,0.077139,0.255708,0.192559,-0.131827,0.261783,-0.194977,0.062979,0.256236,-0.187177,-0.145987,0.262310,0.212533,0.116710,0.016025,0.108433,-0.187613,0.015968,-0.174418,0.102255,0.015664,-0.076402,-0.193963,0.034909
-0.001148,-0.034252,0.259075,0.184817,0.077310,0.255610,0.192622,-0.131653,0.261812,-0.194918,0.063148,0.256338,-0.187114,-0.145814,0.262541,0.212533,0.116735,0.016025,0.108450,-0.187596,0.015969,-0.174410,0.102272,0.015666,-0.076304,-0.193929,0.035075
-0.001095,-0.034088,0.259133,0.184871,0.077468,0.255505,0.192675,-0.131490,0.261839,-0.194865,0.063314,0.256428,-0.187060,-0.145645,0.262761,0.212515,0.116745,0.016022,0.108452,-0.187590,0.015969,-0.174417,0.102283,0.015666,-0.076209,-0.193904,0.035213
-0.001049,-0.033947,0.259184,0.184913,0.077610,0.255405,0.192723,-0.131345,0.261852,-0.194821,0.063451,0.256517,-0.187011,-0.145504,0.262963,0.212498,0.116759,0.016020,0.108449,-0.187584,0.015971,-0.174421,0.102286,0.015664,-0.076131,-0.193885,0.035360
-0.000996,-0.033806,0.259234,0.184965,0.077748,0.255317,0.192777,-0.131203,0.261874,-0.194769,0.063591,0.256593,-0.186957,-0.145360,0.263150,0.212486,0.116773,0.016026,0.108458,-0.187576,0.015972,-0.174425,0.102296,0.015661,-0.076021,-0.193859,0.035526
-0.000957,-0.033674,0.259283,0.185001,0.077879,0.255243,0.192817,-0.131068,0.261905,-0.194732,0.063720,0.256662,-0.186916,-0.145228,0.263324,0.212476,0.116785,0.016025,0.108474,-0.187570,0.015973,-0.174413,0.102301,0.015659,-0.075903,-0.193839,0.035656
-0.000904,-0.033554,0.259324,0.185051,0.078001,0.255169,0.192873,-0.130943,0.261923,-0.194682,0.063835,0.256725,-0.186859,-0.145109,0.263480,0.212463,0.116802,0.016027,0.108481,-0.187559,0.015973,-0.174414,0.102307,0.015660,-0.075806,-0.193818,0.035785
-0.000854,-0.033432,0.259361,0.185103,0.078116,0.255099,0.192921,-0.130826,0.261949,-0.194630,0.063962,0.256773,-0.186812,-0.144980,0.263623,0.212462,0.116809,0.016025,0.108487,-0.187555,0.015973,-0.174414,0.102320,0.015660,-0.075708,-0.193793,0.035919
-0.000809,-0.033319,0.259400,0.185145,0.078231,0.255035,0.192970,-0.130708,0.261979,-0.194587,0.064069,0.256820,-0.186762,-0.144869,0.263764,0.212448,0.116817,0.016026,0.108482,-0.187554,0.015973,-0.174422,0.102316,0.015661,-0.075597,-0.193781,0.036048
-0.000771,-0.033216,0.259436,0.185183,0.078330,0.254975,0.193007,-0.130606,0.261996,-0.194548,0.064173,0.256875,-0.186724,-0.144762,0.263896,0.212445,0.116828,0.016031,0.108489,-0.187546,0.015973,-0.174419,0.102328,0.015659,-0.075505,-0.193758,0.036179
-0.000740,-0.033112,0.259469,0.185215,0.078428,0.254912,0.193036,-0.130505,0.262019,-0.194516,0.064282,0.256920,-0.186695,-0.144651,0.264026,0.212450,0.116831,0.016025,0.108506,-0.187545,0.015974,-0.174411,0.102337,0.015661,-0.075432,-0.193740,0.036283
-0.000706,-0.033009,0.259499,0.185249,0.078528,0.254847,0.193071,-0.130402,0.262036,-0.194482,0.064385,0.256963,-0.186660,-0.144545,0.264152,0.212444,0.116838,0.016026,0.108512,-0.187543,0.015974,-0.174413,0.102342,0.015659,-0.075392,-0.193726,0.036366
-0.000671,-0.032911,0.259527,0.185284,0.078621,0.254778,0.193104,-0.130307,0.262044,-0.194447,0.064484,0.257011,-0.186626,-0.144443,0.264276,0.212439,0.116844,0.016024,0.108513,-0.187540,0.015974,-0.174412,0.102351,0.015658,-0.075372,-0.193711,0.036453
-0.000652,-0.032837,0.259557,0.185302,0.078692,0.254729,0.193123,-0.130233,0.262055,-0.194428,0.064559,0.257058,-0.186607,-0.144366,0.264384,0.212428,0.116847,0.016027,0.108507,-0.187539,0.015975,-0.174421,0.102353,0.015656,-0.075332,-0.193701,0.036527
-0.000626,-0.032780,0.259586,0.185329,0.078747,0.254698,0.193150,-0.130177,0.262067,-0.194401,0.064617,0.257105,-0.186580,-0.144307,0.264474,0.212421,0.116853,0.016022,0.108522,-0.187534,0.015976,-0.174408,0.102360,0.015654,-0.075272,-0.193688,0.036589
-0.000599,-0.032734,0.259612,0.185353,0.078794,0.254664,0.193178,-0.130128,0.262072,-0.194376,0.064660,0.257153,-0.186551,-0.144262,0.264561,0.212414,0.116857,0.016025,0.108519,-0.187535,0.015975,-0.174417,0.102355,0.015653,-0.075236,-0.193685,0.036636
-0.000568,-0.032688,0.259635,0.185381,0.078842,0.254633,0.193210,-0.130079,0.262075,-0.194347,0.064703,0.257194,-0.186518,-0.144218,0.264636,0.212415,0.116867,0.016028,0.108527,-0.187529,0.015975,-0.174416,0.102357,0.015657,-0.075208,-0.193679,0.036646
-0.000526,-0.032642,0.259655,0.185424,0.078885,0.254607,0.193252,-0.130035,0.262078,-0.194304,0.064751,0.257231,-0.186476,-0.144169,0.264702,0.212413,0.116875,0.016028,0.108530,-0.187521,0.015976,-0.174411,0.102368,0.015652,-0.075181,-0.193664,0.036688
-0.000488,-0.032600,0.259675,0.185461,0.078925,0.254584,0.193290,-0.129993,0.262087,-0.194266,0.064793,0.257262,-0.186438,-0.144126,0.264766,0.212416,0.116878,0.016027,0.108539,-0.187520,0.015977,-0.174407,0.102370,0.015653,-0.075131,-0.193656,0.036735
-0.000458,-0.032566,0.259686,0.185491,0.078960,0.254556,0.193321,-0.129958,0.262089,-0.194236,0.064826,0.257284,-0.186406,-0.144092,0.264816,0.212414,0.116880,0.016026,0.108532,-0.187521,0.015976,-0.174414,0.102369,0.015656,-0.075089,-0.193653,0.036781
-0.000420,-0.032526,0.259694,0.185527,0.079001,0.254523,0.193361,-0.129915,0.262086,-0.194200,0.064863,0.257302,-0.186366,-0.144053,0.264864,0.212419,0.116888,0.016028,0.108541,-0.187516,0.015976,-0.174412,0.102369,0.015656,-0.075019,-0.193645,0.036810
-0.000412,-0.032478,0.259701,0.185535,0.079046,0.254491,0.193367,-0.129870,0.262086,-0.194191,0.064913,0.257316,-0.186359,-0.144002,0.264911,0.212403,0.116896,0.016023,0.108534,-0.187509,0.015975,-0.174418,0.102381,0.015653,-0.074998,-0.193631,0.036841
-0.000389,-0.032440,0.259712,0.185557,0.079084,0.254470,0.193391,-0.129830,0.262102,-0.194169,0.064950,0.257322,-0.186336,-0.143964,0.264954,0.212419,0.116893,0.016029,0.108547,-0.187515,0.015978,-0.174402,0.102375,0.015655,-0.074983,-0.193634,0.036862
-0.000362,-0.032410,0.259726,0.185584,0.079113,0.254468,0.193417,-0.129800,0.262122,-0.194142,0.064980,0.257330,-0.186309,-0.143933,0.264984,0.212414,0.116896,0.016030,0.108551,-0.187512,0.015977,-0.174407,0.102378,0.015652,-0.074963,-0.193627,0.036890
-0.000340,-0.032387,0.259741,0.185605,0.079139,0.254470,0.193442,-0.129773,0.262140,-0.194121,0.065000,0.257342,-0.186284,-0.143913,0.265013,0.212418,0.116903,0.016032,0.108556,-0.187508,0.015977,-0.174404,0.102378,0.015650,-0.074925,-0.193623,0.036909
-0.000332,-0.032377,0.259752,0.185612,0.079149,0.254469,0.193450,-0.129763,0.262147,-0.194114,0.065008,0.257357,-0.186276,-0.143904,0.265036,0.212416,0.116903,0.016031,0.108555,-0.187509,0.015976,-0.174407,0.102376,0.015656,-0.074915,-0.193623,0.036926
-0.000313,-0.032356,0.259759,0.185631,0.079168,0.254457,0.193469,-0.129743,0.262150,-0.194094,0.065031,0.257368,-0.186257,-0.143881,0.265061,0.212416,0.116906,0.016032,0.108554,-0.187507,0.015976,-0.174405,0.102380,0.015653,-0.074899,-0.193616,0.036957
-0.000298,-0.032354,0.259762,0.185646,0.079171,0.254448,0.193484,-0.129741,0.262146,-0.194079,0.065032,0.257378,-0.186241,-0.143879,0.265076,0.212415,0.116902,0.016032,0.108563,-0.187511,0.015976,-0.174405,0.102375,0.015654,-0.074873,-0.193620,0.036954
-0.000286,-0.032343,0.259765,0.185658,0.079181,0.254443,0.193495,-0.129730,0.262145,-0.194068,0.065044,0.257384,-0.186230,-0.143867,0.265087,0.212416,0.116908,0.016028,0.108561,-0.187505,0.015977,-0.174401,0.102383,0.015654,-0.074872,-0.193613,0.036968
-0.000271,-0.032324,0.259770,0.185674,0.079199,0.254431,0.193510,-0.129712,0.262149,-0.194052,0.065064,0.257391,-0.186215,-0.143847,0.265108,0.212416,0.116908,0.016031,0.108563,-0.187505,0.015978,-0.174403,0.102384,0.015652,-0.074856,-0.193609,0.037004
-0.000256,-0.032309,0.259775,0.185689,0.079213,0.254422,0.193525,-0.129698,0.262150,-0.194036,0.065081,0.257400,-0.186201,-0.143830,0.265129,0.212416,0.116909,0.016030,0.108564,-0.187505,0.015976,-0.174402,0.102387,0.015653,-0.074824,-0.193604,0.037015
-0.000237,-0.032299,0.259779,0.185707,0.079224,0.254416,0.193545,-0.129686,0.262150,-0.194018,0.065088,0.257407,-0.186180,-0.143822,0.265142,0.212417,0.116913,0.016030,0.108563,-0.187502,0.015976,-0.174404,0.102386,0.015652,-0.074804,-0.193603,0.037002
