-0.020218,-0.014205,0.325527,0.164371,0.099582,0.330064,0.174708,-0.109310,0.325396,-0.215144,0.080900,0.325659,-0.204807,-0.127992,0.320991,0.163795,0.149113,0.149201,0.182023,-0.150773,0.160192,-0.234982,0.129170,0.158535,-0.199240,-0.169523,0.154968
-0.029110,-0.021486,0.310407,0.153948,0.094810,0.312859,0.167071,-0.113853,0.305645,-0.225291,0.070880,0.315169,-0.212168,-0.137783,0.307955,0.185970,0.149169,0.116808,0.180054,-0.153736,0.164869,-0.229384,0.123469,0.104607,-0.187546,-0.173938,0.080513
-0.035748,-0.028155,0.291501,0.147113,0.088477,0.291757,0.160563,-0.120216,0.286179,-0.232058,0.063905,0.296822,-0.218608,-0.144787,0.291245,0.153038,0.140382,0.068657,0.189898,-0.160394,0.155513,-0.213034,0.117699,0.034628,-0.199521,-0.181996,0.024778
-0.042534,-0.032930,0.272488,0.142026,0.080846,0.266681,0.151986,-0.127998,0.259634,-0.237054,0.062137,0.285341,-0.227094,-0.146707,0.278294,0.107942,0.132779,0.028672,0.185606,-0.166865,0.109746,-0.206431,0.118214,0.015969,-0.199765,-0.182071,0.015707
-0.046368,-0.035240,0.257556,0.137618,0.077538,0.235845,0.145777,-0.131348,0.227806,-0.238512,0.060867,0.287306,-0.230353,-0.148019,0.279267,0.088940,0.129614,0.016038,0.153194,-0.169730,0.049890,-0.212104,0.117451,0.026570,-0.200065,-0.182217,0.015841
-0.047741,-0.036525,0.244043,0.133428,0.076952,0.207408,0.141515,-0.131874,0.197872,-0.236997,0.058824,0.290213,-0.228910,-0.150001,0.280677,0.087397,0.129452,0.015761,0.107403,-0.170529,0.018359,-0.199720,0.117535,0.033219,-0.200075,-0.182318,0.015740
-0.047333,-0.036839,0.230959,0.130891,0.077205,0.183299,0.138937,-0.131583,0.172921,-0.233602,0.057905,0.288996,-0.225557,-0.150882,0.278619,0.086367,0.129353,0.015823,0.094616,-0.171044,0.016273,-0.178126,0.117845,0.042295,-0.199735,-0.182357,0.015673
-0.044453,-0.036013,0.217884,0.131918,0.078222,0.164173,0.139944,-0.130570,0.153867,-0.228849,0.058545,0.281900,-0.220824,-0.150247,0.271595,0.085940,0.129310,0.015930,0.094351,-0.171050,0.015879,-0.157702,0.118410,0.047035,-0.198981,-0.182314,0.015648
-0.039867,-0.034930,0.203762,0.135359,0.079376,0.146570,0.143387,-0.129426,0.136459,-0.223122,0.059565,0.271065,-0.215094,-0.149236,0.260954,0.085986,0.129343,0.015875,0.091649,-0.171121,0.016070,-0.146885,0.118919,0.046269,-0.197867,-0.182238,0.015795
-0.034512,-0.034029,0.189393,0.140266,0.080304,0.130897,0.148270,-0.128497,0.120780,-0.217293,0.060439,0.258007,-0.209289,-0.148362,0.247889,0.086443,0.129354,0.015811,0.092395,-0.171087,0.015753,-0.143698,0.119334,0.040554,-0.196641,-0.182177,0.015984
-0.029156,-0.033485,0.175110,0.145913,0.080882,0.117558,0.153834,-0.127900,0.106979,-0.212145,0.060929,0.243242,-0.204224,-0.147853,0.232662,0.087213,0.129354,0.015776,0.093463,-0.171114,0.015857,-0.146407,0.119670,0.031963,-0.195431,-0.182085,0.016063
-0.024254,-0.032928,0.161119,0.152148,0.081276,0.107444,0.159859,-0.127484,0.096289,-0.208367,0.061627,0.225948,-0.200655,-0.147133,0.214793,0.088228,0.129353,0.015890,0.094725,-0.171143,0.015955,-0.153773,0.120147,0.020879,-0.193917,-0.181811,0.016063
-0.019924,-0.032213,0.147782,0.158738,0.081711,0.101497,0.166417,-0.127038,0.090105,-0.206265,0.062611,0.205459,-0.198586,-0.146137,0.194067,0.089261,0.129371,0.015974,0.095916,-0.171133,0.015963,-0.155793,0.120368,0.015769,-0.188999,-0.181651,0.016657
-0.015377,-0.031911,0.136885,0.165719,0.081722,0.100375,0.173412,-0.126988,0.088306,-0.204167,0.063166,0.185465,-0.196473,-0.145543,0.173395,0.090151,0.129372,0.016008,0.096881,-0.171178,0.015885,-0.154985,0.120343,0.015874,-0.187189,-0.182137,0.024322
-0.010319,-0.031838,0.127974,0.172896,0.081456,0.102720,0.180677,-0.127189,0.089635,-0.201315,0.063512,0.166313,-0.193534,-0.145133,0.153228,0.104759,0.129432,0.023849,0.097619,-0.171228,0.015815,-0.154275,0.120266,0.015965,-0.175560,-0.182338,0.030511
-0.004406,-0.031841,0.120860,0.180370,0.080956,0.107601,0.188243,-0.127610,0.093365,-0.197055,0.063927,0.148355,-0.189182,-0.144639,0.134120,0.126318,0.129506,0.034323,0.098231,-0.171297,0.015729,-0.153551,0.120190,0.016021,-0.161722,-0.182364,0.034102
0.002224,-0.031851,0.115535,0.187856,0.080309,0.114019,0.195816,-0.128174,0.098648,-0.191368,0.064472,0.132422,-0.183408,-0.144010,0.117051,0.146311,0.129568,0.042958,0.098730,-0.171367,0.015630,-0.152765,0.120135,0.016023,-0.149525,-0.182252,0.034705
0.009254,-0.031857,0.112096,0.195075,0.079637,0.121094,0.203150,-0.128765,0.104722,-0.184641,0.065052,0.119469,-0.176567,-0.143350,0.103097,0.162309,0.129797,0.047189,0.099191,-0.171424,0.015708,-0.151833,0.120080,0.015951,-0.139216,-0.182014,0.032930
0.016468,-0.031784,0.110558,0.202061,0.079055,0.128192,0.210202,-0.129293,0.111179,-0.177266,0.065725,0.109937,-0.169125,-0.142623,0.092923,0.174530,0.130377,0.045389,0.099615,-0.171458,0.015759,-0.150792,0.120083,0.015795,-0.130542,-0.181608,0.029933
0.023697,-0.031517,0.110553,0.208888,0.078812,0.134483,0.217054,-0.129532,0.117439,-0.169660,0.066498,0.103667,-0.161495,-0.141846,0.086623,0.182298,0.131456,0.036094,0.100044,-0.171447,0.015893,-0.149659,0.120119,0.015657,-0.122903,-0.180999,0.025847
0.030987,-0.030880,0.111663,0.215836,0.079110,0.139484,0.223910,-0.129304,0.123264,-0.161936,0.067544,0.100062,-0.153863,-0.140870,0.083842,0.184052,0.132924,0.018393,0.100478,-0.171356,0.015962,-0.148470,0.120243,0.015828,-0.114894,-0.179982,0.019594
0.038250,-0.030125,0.114643,0.222662,0.079602,0.146163,0.230613,-0.128918,0.131301,-0.154113,0.068669,0.097984,-0.146162,-0.139851,0.083122,0.184988,0.133058,0.015762,0.100851,-0.171246,0.016002,-0.147208,0.120374,0.015993,-0.110561,-0.179318,0.016139
0.045116,-0.029687,0.121408,0.228692,0.079849,0.158053,0.236698,-0.128746,0.144322,-0.146465,0.069372,0.098494,-0.138459,-0.139223,0.084762,0.185846,0.133150,0.015817,0.101047,-0.171088,0.016031,-0.145923,0.120389,0.016244,-0.109117,-0.179149,0.015948
0.051380,-0.029555,0.130728,0.233659,0.079689,0.174102,0.241729,-0.128956,0.161191,-0.138969,0.069846,0.100265,-0.130899,-0.138800,0.087354,0.186723,0.133237,0.015851,0.104749,-0.170880,0.016627,-0.144441,0.119626,0.028817,-0.107672,-0.179041,0.015748
0.057079,-0.029635,0.141222,0.237709,0.079231,0.191839,0.245809,-0.129444,0.179437,-0.131650,0.070173,0.103006,-0.123551,-0.138502,0.090605,0.187612,0.133316,0.015743,0.119663,-0.170336,0.018431,-0.139384,0.118302,0.054807,-0.106369,-0.178956,0.015842
0.062454,-0.029759,0.152377,0.241407,0.078782,0.209261,0.249517,-0.129918,0.197290,-0.124608,0.070399,0.107463,-0.116499,-0.138301,0.095493,0.188528,0.133378,0.015897,0.139100,-0.169683,0.021491,-0.130883,0.117092,0.083439,-0.105223,-0.178862,0.016000
0.067638,-0.029847,0.163643,0.244977,0.078476,0.225759,0.253115,-0.130248,0.214230,-0.117839,0.070553,0.113055,-0.109700,-0.138170,0.101526,0.189496,0.133452,0.015991,0.162960,-0.168844,0.024624,-0.120521,0.116113,0.111054,-0.104311,-0.178792,0.016033
0.072872,-0.029967,0.174854,0.248801,0.078196,0.241119,0.256978,-0.130543,0.229904,-0.111234,0.070609,0.119804,-0.103057,-0.138130,0.108589,0.190491,0.133555,0.016027,0.192305,-0.167739,0.027239,-0.113012,0.115959,0.122233,-0.103612,-0.178729,0.016008
0.078205,-0.030086,0.185527,0.252991,0.077965,0.254926,0.261187,-0.130788,0.243990,-0.104776,0.070617,0.127064,-0.096580,-0.138136,0.116127,0.191507,0.133615,0.015996,0.225165,-0.166559,0.030386,-0.106557,0.115970,0.129437,-0.103098,-0.178692,0.015968
0.083710,-0.030155,0.195347,0.257778,0.077859,0.266580,0.265988,-0.130906,0.255886,-0.098569,0.070595,0.134808,-0.090359,-0.138170,0.124114,0.192507,0.133680,0.015863,0.259237,-0.165353,0.034058,-0.100353,0.115951,0.137131,-0.102792,-0.178662,0.015942
0.089546,-0.030128,0.204058,0.263479,0.077957,0.275514,0.271697,-0.130821,0.265077,-0.092605,0.070564,0.143039,-0.084387,-0.138214,0.132601,0.193504,0.133731,0.015746,0.293245,-0.164163,0.038010,-0.094390,0.115922,0.145309,-0.102650,-0.178640,0.015893
0.095852,-0.030012,0.211526,0.270250,0.078247,0.281573,0.278479,-0.130543,0.271376,-0.086775,0.070518,0.151676,-0.078546,-0.138271,0.141480,0.194427,0.133780,0.015749,0.326321,-0.163020,0.042521,-0.088563,0.115879,0.153896,-0.102656,-0.178627,0.015889
0.102810,-0.029744,0.217601,0.278246,0.078802,0.284543,0.286491,-0.130000,0.274619,-0.080872,0.070511,0.160583,-0.072626,-0.138290,0.150659,0.195262,0.133831,0.015850,0.356940,-0.161928,0.046823,-0.082663,0.115875,0.162744,-0.102745,-0.178611,0.015887
0.110466,-0.029233,0.222008,0.287425,0.079729,0.284088,0.295693,-0.129090,0.274550,-0.074761,0.070624,0.169465,-0.066493,-0.138194,0.159927,0.195924,0.133886,0.015954,0.382939,-0.160871,0.049098,-0.076557,0.115991,0.171544,-0.102909,-0.178591,0.015899
0.118855,-0.028485,0.224457,0.297650,0.080976,0.280058,0.305935,-0.127863,0.270999,-0.068226,0.070893,0.177915,-0.059941,-0.137947,0.168855,0.196439,0.133944,0.016004,0.402440,-0.159852,0.047121,-0.070026,0.116264,0.179887,-0.103077,-0.178553,0.015937
0.127846,-0.027575,0.224714,0.308603,0.082453,0.272272,0.316929,-0.126406,0.263716,-0.061237,0.071257,0.185713,-0.052912,-0.137602,0.177156,0.196820,0.134020,0.016028,0.414356,-0.158854,0.039347,-0.062834,0.116795,0.183803,-0.103230,-0.178528,0.015963
0.137291,-0.026666,0.222695,0.319929,0.083903,0.260893,0.328272,-0.124972,0.252750,-0.053690,0.071641,0.192641,-0.045347,-0.137234,0.184498,0.197088,0.134062,0.016048,0.418301,-0.158019,0.025014,-0.054116,0.117582,0.181427,-0.103341,-0.178501,0.015967
0.146915,-0.025844,0.219070,0.331036,0.085147,0.247738,0.339329,-0.123742,0.239902,-0.045499,0.072054,0.198237,-0.037205,-0.136834,0.190401,0.197325,0.134048,0.016044,0.417659,-0.157751,0.016020,-0.042371,0.118640,0.173081,-0.103370,-0.178436,0.015988
0.155746,-0.024841,0.215956,0.340665,0.086500,0.237153,0.348950,-0.122409,0.229879,-0.037458,0.072727,0.202032,-0.029172,-0.136183,0.194758,0.197802,0.134046,0.016053,0.417229,-0.157768,0.016011,-0.026172,0.120217,0.158103,-0.103323,-0.178412,0.015980
0.163990,-0.023952,0.213483,0.349342,0.087656,0.228634,0.357643,-0.121268,0.221813,-0.029663,0.073363,0.205153,-0.021361,-0.135561,0.198333,0.198281,0.134104,0.016035,0.416998,-0.157701,0.015994,-0.005506,0.121923,0.141133,-0.103278,-0.178373,0.015974
0.171936,-0.023220,0.211368,0.357528,0.088580,0.221242,0.365828,-0.120356,0.214776,-0.021956,0.073916,0.207961,-0.013656,-0.135020,0.201494,0.198784,0.134134,0.015979,0.416897,-0.157682,0.015991,0.018386,0.123590,0.125122,-0.103251,-0.178344,0.015963
0.179699,-0.022590,0.209484,0.365393,0.089366,0.214468,0.373691,-0.119578,0.208281,-0.014293,0.074399,0.210688,-0.005995,-0.134545,0.204500,0.199293,0.134154,0.015949,0.416867,-0.157674,0.015983,0.043964,0.125176,0.110812,-0.103252,-0.178330,0.015955
0.187428,-0.022027,0.207835,0.373105,0.090066,0.208019,0.381403,-0.118884,0.202049,-0.006548,0.074830,0.213620,0.001750,-0.134120,0.207650,0.199850,0.134180,0.015895,0.416924,-0.157661,0.015984,0.069325,0.126651,0.097994,-0.103297,-0.178319,0.015957
0.195194,-0.021482,0.206430,0.380731,0.090740,0.201596,0.389028,-0.118216,0.195836,0.001361,0.075252,0.217025,0.009657,-0.133704,0.211265,0.200416,0.134204,0.015820,0.417023,-0.157650,0.015974,0.092748,0.128000,0.085820,-0.103424,-0.178314,0.015959
0.203056,-0.020926,0.205164,0.388302,0.091418,0.194962,0.396598,-0.117544,0.189423,0.009515,0.075693,0.220905,0.017811,-0.133269,0.215366,0.201015,0.134235,0.015755,0.417167,-0.157632,0.015975,0.112830,0.129200,0.073612,-0.103645,-0.178307,0.015962
0.211021,-0.020318,0.203766,0.395802,0.092133,0.187894,0.404097,-0.116836,0.182617,0.017946,0.076200,0.224915,0.026240,-0.132769,0.219638,0.201652,0.134273,0.015813,0.417362,-0.157601,0.015978,0.128929,0.130240,0.061210,-0.103910,-0.178292,0.015968
0.218960,-0.019645,0.201804,0.403116,0.092887,0.180257,0.411410,-0.116090,0.175303,0.026509,0.076800,0.228305,0.034804,-0.132176,0.223350,0.202267,0.134311,0.015874,0.417569,-0.157566,0.015971,0.140814,0.131075,0.049479,-0.104202,-0.178275,0.015962
0.226685,-0.018904,0.198721,0.410122,0.093671,0.171910,0.418415,-0.115315,0.167330,0.034954,0.077507,0.230113,0.043247,-0.131478,0.225533,0.202905,0.134363,0.015915,0.417805,-0.157518,0.015964,0.149273,0.131732,0.038870,-0.104371,-0.178241,0.016022
0.233799,-0.018142,0.193911,0.416561,0.094429,0.162809,0.424846,-0.114566,0.158631,0.042752,0.078282,0.229190,0.051037,-0.130712,0.225012,0.203519,0.134414,0.015933,0.418044,-0.157477,0.015944,0.154610,0.132217,0.028814,-0.102031,-0.178095,0.015913
0.240261,-0.017210,0.186806,0.422489,0.095282,0.152457,0.430751,-0.113724,0.148861,0.049771,0.079304,0.224751,0.058034,-0.129702,0.221155,0.204119,0.134491,0.015923,0.418269,-0.157422,0.015932,0.154862,0.132508,0.017998,-0.094324,-0.177685,0.015877
0.245941,-0.016358,0.177635,0.427811,0.096042,0.141159,0.436071,-0.112974,0.138172,0.055811,0.080257,0.217099,0.064071,-0.128759,0.214112,0.205982,0.134558,0.015764,0.418517,-0.157410,0.015913,0.155561,0.132563,0.015932,-0.078334,-0.177119,0.021184
0.251263,-0.015819,0.167477,0.433264,0.096475,0.131323,0.441428,-0.112546,0.128466,0.061097,0.080909,0.206487,0.069262,-0.128112,0.203630,0.218654,0.135158,0.015940,0.418890,-0.157378,0.015981,0.156214,0.132719,0.015931,-0.050382,-0.175945,0.033208
0.256878,-0.015347,0.156951,0.439595,0.096894,0.124425,0.447750,-0.112130,0.121710,0.066006,0.081437,0.192192,0.074161,-0.127587,0.189477,0.236027,0.135769,0.022021,0.419539,-0.157344,0.015841,0.156922,0.132762,0.015897,-0.014228,-0.174585,0.040257
0.262970,-0.015042,0.146537,0.446812,0.097180,0.121053,0.454989,-0.111841,0.118256,0.070951,0.081757,0.174817,0.079128,-0.127265,0.172020,0.255698,0.136377,0.032544,0.420420,-0.157314,0.015947,0.157601,0.132762,0.015851,0.023127,-0.173218,0.042994
0.269665,-0.014921,0.136817,0.454697,0.097235,0.121805,0.462866,-0.111780,0.118573,0.076464,0.081938,0.155061,0.084633,-0.127078,0.151829,0.279975,0.137128,0.042171,0.421389,-0.157305,0.016018,0.158217,0.132777,0.015781,0.056445,-0.172023,0.045386
0.277111,-0.014909,0.128436,0.462837,0.097093,0.126809,0.471022,-0.111911,0.122928,0.083200,0.082094,0.133944,0.091385,-0.126910,0.130063,0.308112,0.137983,0.048369,0.422385,-0.157320,0.015851,0.158781,0.132742,0.015694,0.083334,-0.171203,0.048476
0.285282,-0.014802,0.122195,0.470703,0.096879,0.135893,0.478896,-0.112113,0.131442,0.091669,0.082509,0.112947,0.099861,-0.126483,0.108497,0.337198,0.138950,0.050916,0.423259,-0.157326,0.015765,0.159339,0.132730,0.015607,0.103448,-0.170587,0.049797
0.293747,-0.014540,0.119022,0.477566,0.096703,0.148634,0.485753,-0.112284,0.143939,0.101741,0.083205,0.094106,0.109928,-0.125782,0.089410,0.366515,0.140025,0.051752,0.423977,-0.157320,0.015736,0.159923,0.132742,0.015719,0.118456,-0.170021,0.048314
0.301838,-0.014199,0.119576,0.482837,0.096596,0.164351,0.491017,-0.112392,0.159709,0.112659,0.083994,0.079444,0.120839,-0.124995,0.074802,0.395172,0.141127,0.053342,0.424579,-0.157293,0.015860,0.160691,0.132783,0.015803,0.130726,-0.169435,0.044714
0.308987,-0.013885,0.123806,0.486380,0.096531,0.181953,0.494562,-0.112462,0.177523,0.123411,0.084693,0.070090,0.131593,-0.124300,0.065659,0.421378,0.142151,0.056039,0.425148,-0.157249,0.015937,0.161769,0.132837,0.015962,0.141838,-0.168862,0.040560
0.314995,-0.013702,0.130937,0.488639,0.096393,0.199986,0.496830,-0.112603,0.195711,0.133159,0.085198,0.066163,0.141350,-0.123798,0.061889,0.442948,0.143040,0.056093,0.425742,-0.157205,0.015890,0.163252,0.132896,0.016098,0.152511,-0.168325,0.035975
0.320099,-0.013714,0.139637,0.490557,0.096091,0.216632,0.498764,-0.112903,0.212311,0.141434,0.085476,0.066964,0.149641,-0.123518,0.062643,0.458657,0.143763,0.050705,0.426343,-0.157183,0.015969,0.164960,0.132948,0.015990,0.163162,-0.167782,0.028746
0.324936,-0.013976,0.148418,0.493267,0.095511,0.230383,0.501493,-0.113474,0.225677,0.148379,0.085522,0.071160,0.156604,-0.123463,0.066453,0.467644,0.144264,0.041013,0.427004,-0.157180,0.015956,0.166581,0.132979,0.015925,0.173805,-0.167151,0.016222
0.330009,-0.013893,0.156429,0.497919,0.095525,0.239345,0.506060,-0.113466,0.234741,0.153959,0.085680,0.078117,0.162100,-0.123311,0.073513,0.466681,0.144531,0.024804,0.427669,-0.157193,0.015903,0.167789,0.133088,0.015758,0.175117,-0.167032,0.015957
0.335369,-0.013451,0.163821,0.503532,0.096206,0.245904,0.511649,-0.112798,0.241902,0.159089,0.085897,0.085740,0.167206,-0.123108,0.081738,0.465954,0.144644,0.015876,0.435924,-0.156936,0.017588,0.167117,0.132972,0.019370,0.176049,-0.166998,0.015986
0.340553,-0.013026,0.171471,0.508695,0.096811,0.253356,0.516818,-0.112201,0.249805,0.164288,0.086148,0.093137,0.172411,-0.122864,0.089587,0.466709,0.144703,0.015936,0.453952,-0.156268,0.022166,0.163921,0.132452,0.044454,0.176784,-0.166934,0.015942
0.345650,-0.012659,0.179959,0.513716,0.097328,0.261798,0.521858,-0.111689,0.258603,0.169442,0.086371,0.101315,0.177583,-0.122646,0.098120,0.467553,0.144777,0.015947,0.475195,-0.155466,0.027618,0.166042,0.132063,0.079420,0.177312,-0.166890,0.015889
0.350826,-0.012300,0.189180,0.518904,0.097827,0.270806,0.527058,-0.111194,0.267943,0.174595,0.086593,0.110416,0.182748,-0.122428,0.107554,0.468457,0.144839,0.015911,0.501711,-0.154454,0.032959,0.172824,0.132004,0.111039,0.177610,-0.166862,0.015861
0.356339,-0.011984,0.198563,0.524734,0.098264,0.279368,0.532891,-0.110761,0.276751,0.179786,0.086793,0.120374,0.187943,-0.122231,0.117757,0.469422,0.144894,0.015821,0.532186,-0.153283,0.037717,0.178014,0.132205,0.120945,0.177726,-0.166842,0.015889
0.362194,-0.011593,0.207155,0.531232,0.098806,0.286398,0.539397,-0.110221,0.284050,0.184991,0.087036,0.130260,0.193156,-0.121992,0.127913,0.470376,0.144955,0.015895,0.564473,-0.152018,0.042664,0.183218,0.132448,0.130773,0.177719,-0.166824,0.015871
0.368492,-0.011152,0.214630,0.538608,0.099419,0.291284,0.546773,-0.109612,0.289215,0.190212,0.087307,0.140044,0.198377,-0.121723,0.137975,0.471282,0.145002,0.015856,0.596605,-0.150761,0.047717,0.188438,0.132720,0.140499,0.177614,-0.166812,0.015866
0.375347,-0.010612,0.220753,0.546996,0.100166,0.293596,0.555162,-0.108867,0.291844,0.195533,0.087642,0.149662,0.203699,-0.121391,0.147910,0.472093,0.145055,0.015775,0.627142,-0.149536,0.052656,0.193759,0.133056,0.150049,0.177443,-0.166796,0.015882
0.382854,-0.009952,0.225367,0.556419,0.101066,0.293127,0.564585,-0.107970,0.291758,0.201124,0.088066,0.158976,0.209290,-0.120970,0.157607,0.472767,0.145100,0.015891,0.654248,-0.148411,0.056404,0.199350,0.133481,0.159280,0.177253,-0.166778,0.015890
0.391014,-0.009160,0.228293,0.566757,0.102120,0.289713,0.574932,-0.106918,0.288781,0.207096,0.088598,0.167805,0.215271,-0.120440,0.166874,0.473298,0.145171,0.015930,0.675914,-0.147421,0.057095,0.205320,0.134012,0.168014,0.177052,-0.166748,0.015904
0.399773,-0.008316,0.229377,0.577825,0.103205,0.283243,0.585998,-0.105835,0.282776,0.213548,0.089203,0.175979,0.221720,-0.119837,0.175511,0.473679,0.145216,0.015925,0.690899,-0.146705,0.053110,0.211861,0.134626,0.174012,0.176864,-0.166718,0.015907
0.409023,-0.007487,0.228428,0.589373,0.104236,0.273518,0.597548,-0.104804,0.273473,0.220498,0.089829,0.183383,0.228674,-0.119211,0.183339,0.473970,0.145263,0.015937,0.698958,-0.146274,0.043396,0.219460,0.135275,0.174357,0.176726,-0.166692,0.015918
0.418591,-0.006821,0.225396,0.601032,0.105042,0.260654,0.609218,-0.103998,0.260878,0.227963,0.090356,0.189914,0.236149,-0.118683,0.190139,0.474189,0.145297,0.015974,0.699729,-0.146188,0.027385,0.229277,0.135870,0.168796,0.176625,-0.166686,0.015924
0.428349,-0.006432,0.220661,0.612455,0.105476,0.245615,0.620629,-0.103565,0.245853,0.236068,0.090701,0.195469,0.244242,-0.118339,0.195707,0.474466,0.145303,0.015984,0.696587,-0.146342,0.015824,0.243249,0.136424,0.158016,0.176611,-0.166673,0.015928
0.437229,-0.005819,0.216639,0.622214,0.106133,0.233621,0.630386,-0.102907,0.234118,0.244072,0.091268,0.199161,0.252244,-0.117771,0.199657,0.474869,0.145340,0.015986,0.696018,-0.146345,0.015870,0.263329,0.137369,0.141440,0.176666,-0.166647,0.015913
0.445389,-0.005253,0.213521,0.630822,0.106715,0.224416,0.638994,-0.102324,0.225163,0.251784,0.091818,0.201879,0.259955,-0.117221,0.202626,0.475346,0.145378,0.015976,0.695711,-0.146339,0.015918,0.287918,0.138441,0.125033,0.176740,-0.166625,0.015910
0.453251,-0.004807,0.210810,0.638922,0.107156,0.216454,0.647093,-0.101883,0.217349,0.259409,0.092270,0.204271,0.267580,-0.116769,0.205166,0.475870,0.145409,0.015944,0.695544,-0.146337,0.015918,0.314115,0.139496,0.111415,0.176809,-0.166612,0.015901
0.460960,-0.004399,0.208377,0.646726,0.107546,0.209147,0.654896,-0.101492,0.210160,0.267025,0.092694,0.206593,0.275195,-0.116344,0.207606,0.476419,0.145439,0.015910,0.695479,-0.146333,0.015903,0.339573,0.140498,0.100092,0.176856,-0.166601,0.015899
0.468658,-0.004027,0.206298,0.654398,0.107892,0.202304,0.662568,-0.101145,0.203395,0.274749,0.093091,0.209201,0.282919,-0.115947,0.210291,0.476996,0.145472,0.015832,0.695484,-0.146322,0.015909,0.362901,0.141397,0.089553,0.176833,-0.166593,0.015896
0.476402,-0.003663,0.204575,0.661991,0.108222,0.195653,0.670161,-0.100815,0.196814,0.282644,0.093489,0.212335,0.290813,-0.115548,0.213496,0.477601,0.145502,0.015811,0.695569,-0.146312,0.015899,0.383368,0.142167,0.078487,0.176743,-0.166590,0.015895
0.484283,-0.003270,0.203035,0.669580,0.108569,0.188954,0.677750,-0.100468,0.190212,0.290817,0.093928,0.215859,0.298987,-0.115109,0.217117,0.478236,0.145534,0.015746,0.695723,-0.146300,0.015905,0.400648,0.142807,0.066406,0.176564,-0.166590,0.015899
0.492237,-0.002834,0.201287,0.677092,0.108942,0.181895,0.685261,-0.100094,0.183298,0.299213,0.094425,0.219277,0.307383,-0.114611,0.220679,0.478864,0.145566,0.015809,0.695907,-0.146287,0.015896,0.414507,0.143306,0.053744,0.176338,-0.166592,0.015896
0.500107,-0.002347,0.198773,0.684394,0.109349,0.174209,0.692563,-0.099686,0.175817,0.307651,0.094992,0.221728,0.315819,-0.114043,0.223337,0.479521,0.145610,0.015871,0.696124,-0.146263,0.015880,0.424777,0.143669,0.041543,0.176157,-0.166582,0.015899
0.507565,-0.001838,0.194788,0.691241,0.109766,0.165654,0.699413,-0.099266,0.167528,0.315716,0.095590,0.222048,0.323888,-0.113441,0.223922,0.480136,0.145657,0.015893,0.696317,-0.146233,0.015873,0.431806,0.143894,0.030068,0.176279,-0.166565,0.015791
0.514336,-0.001207,0.188618,0.697450,0.110299,0.155807,0.705657,-0.098726,0.158163,0.323015,0.096312,0.219072,0.331221,-0.112714,0.221428,0.480773,0.145704,0.015917,0.696526,-0.146177,0.015862,0.434510,0.143917,0.018596,0.181908,-0.166382,0.015804
0.520378,-0.000615,0.180212,0.703148,0.110755,0.145098,0.711336,-0.098265,0.147952,0.329420,0.097035,0.212472,0.337608,-0.111985,0.215326,0.482223,0.145826,0.015951,0.696728,-0.146131,0.015835,0.435160,0.143982,0.015875,0.196542,-0.165700,0.017567
0.525967,-0.000336,0.170554,0.708798,0.110942,0.135468,0.716916,-0.098078,0.138522,0.335018,0.097407,0.202586,0.343135,-0.111613,0.205641,0.491929,0.146263,0.016030,0.697046,-0.146131,0.015868,0.435839,0.144083,0.015896,0.220584,-0.164430,0.029945
0.531792,-0.000223,0.160171,0.715149,0.111107,0.128128,0.723259,-0.097913,0.131218,0.340325,0.097467,0.189125,0.348434,-0.111553,0.192214,0.508746,0.146986,0.019707,0.697610,-0.146102,0.015887,0.436543,0.144128,0.015878,0.253515,-0.162973,0.040118
0.537994,-0.000277,0.149508,0.722239,0.111197,0.123650,0.730343,-0.097826,0.126547,0.345645,0.097272,0.172469,0.353750,-0.111751,0.175366,0.527980,0.147841,0.028898,0.698356,-0.146087,0.015954,0.437211,0.144142,0.015943,0.290218,-0.161512,0.044768
0.544701,-0.000489,0.139251,0.729913,0.111189,0.122950,0.738016,-0.097841,0.125350,0.351386,0.096862,0.153152,0.359489,-0.112167,0.155552,0.550829,0.148765,0.038623,0.699210,-0.146087,0.016069,0.437778,0.144122,0.015900,0.324869,-0.160241,0.047141
0.552082,-0.000792,0.130168,0.737872,0.111057,0.126565,0.745968,-0.097980,0.128186,0.358196,0.096396,0.132151,0.366292,-0.112641,0.133772,0.577724,0.149712,0.045525,0.700150,-0.146110,0.015933,0.438263,0.144081,0.015819,0.353866,-0.159258,0.049880
0.560188,-0.000976,0.123173,0.745634,0.110929,0.134497,0.753727,-0.098113,0.135357,0.366650,0.096161,0.110989,0.374742,-0.112880,0.111850,0.606173,0.150662,0.048858,0.701043,-0.146128,0.015852,0.438706,0.144043,0.015753,0.375838,-0.158571,0.051454
0.568714,-0.000945,0.119295,0.752553,0.110893,0.146436,0.760641,-0.098150,0.146798,0.376787,0.096260,0.091793,0.384875,-0.112784,0.092155,0.634937,0.151660,0.050014,0.701838,-0.146136,0.015810,0.439179,0.144026,0.015681,0.391976,-0.158065,0.050671
0.577045,-0.000749,0.119295,0.758037,0.110962,0.161767,0.766125,-0.098081,0.161913,0.387965,0.096584,0.076677,0.396054,-0.112459,0.076823,0.663394,0.152707,0.051301,0.702518,-0.146128,0.015737,0.439802,0.144031,0.015657,0.404811,-0.157625,0.047739
0.584549,-0.000477,0.123150,0.761853,0.111092,0.179337,0.769943,-0.097952,0.179444,0.399155,0.096998,0.066857,0.407245,-0.112046,0.066963,0.689964,0.153730,0.053743,0.703140,-0.146104,0.015854,0.440769,0.144066,0.015815,0.416293,-0.157191,0.043809
0.590801,-0.000196,0.130094,0.764174,0.111277,0.197595,0.772296,-0.097765,0.197778,0.409306,0.097372,0.062409,0.417428,-0.111670,0.062592,0.712310,0.154621,0.054491,0.703775,-0.146071,0.015848,0.442195,0.144093,0.016102,0.427356,-0.156790,0.038935
0.595890,-0.000017,0.138817,0.765832,0.111337,0.214720,0.773975,-0.097705,0.214870,0.417805,0.097670,0.062764,0.425948,-0.111371,0.062914,0.728839,0.155262,0.049976,0.704416,-0.146042,0.015878,0.443895,0.144138,0.016142,0.438152,-0.156403,0.031617
0.600525,-0.000099,0.147810,0.768125,0.111038,0.229049,0.776292,-0.098002,0.228817,0.424758,0.097804,0.066803,0.432924,-0.111236,0.066572,0.738914,0.155590,0.040876,0.705098,-0.146032,0.015910,0.445632,0.144160,0.016080,0.449054,-0.156038,0.018541
0.605320,-0.000214,0.155915,0.772116,0.110639,0.239173,0.780173,-0.098404,0.238536,0.430467,0.097977,0.073295,0.438524,-0.111067,0.072657,0.740851,0.155562,0.027945,0.705767,-0.146077,0.015873,0.447057,0.144276,0.015812,0.451286,-0.155886,0.015935
0.610813,0.000542,0.163030,0.778268,0.111568,0.244720,0.786083,-0.097486,0.244959,0.435543,0.098569,0.081102,0.443358,-0.110484,0.081341,0.736382,0.155223,0.015870,0.712871,-0.145965,0.016450,0.448103,0.144446,0.015783,0.452214,-0.155710,0.015902
0.616360,0.001249,0.170285,0.784175,0.112527,0.250886,0.791993,-0.096526,0.251736,0.440727,0.099024,0.088833,0.448544,-0.110028,0.089683,0.737126,0.155294,0.015852,0.730861,-0.145232,0.020896,0.444004,0.144418,0.036886,0.452922,-0.155646,0.015905
0.621742,0.001708,0.178443,0.789658,0.113101,0.258675,0.797493,-0.095950,0.259781,0.445991,0.099366,0.097106,0.453826,-0.109685,0.098212,0.737935,0.155360,0.015899,0.751457,-0.144392,0.026441,0.443839,0.144636,0.072208,0.453424,-0.155618,0.015851
0.627182,0.002146,0.187466,0.795294,0.113627,0.267163,0.803135,-0.095422,0.268472,0.451229,0.099714,0.106460,0.459070,-0.109335,0.107769,0.738834,0.155418,0.015853,0.777133,-0.143361,0.032068,0.449525,0.145131,0.106180,0.453709,-0.155595,0.015817
0.632946,0.002472,0.196866,0.801528,0.113984,0.275519,0.809368,-0.095065,0.276884,0.456524,0.100009,0.116848,0.464364,-0.109040,0.118213,0.739781,0.155455,0.015926,0.807135,-0.142197,0.037172,0.454821,0.145426,0.116554,0.453819,-0.155587,0.015837
0.639046,0.002836,0.205613,0.808363,0.114394,0.282606,0.816200,-0.094654,0.284055,0.461891,0.100327,0.127171,0.469729,-0.108721,0.128620,0.740752,0.155493,0.015936,0.839523,-0.140937,0.042625,0.460189,0.145744,0.126859,0.453803,-0.155583,0.015818
0.645561,0.003255,0.213231,0.816014,0.114886,0.287564,0.823859,-0.094161,0.289133,0.467263,0.100671,0.137328,0.475108,-0.108376,0.138897,0.741684,0.155541,0.015882,0.872084,-0.139644,0.048060,0.465559,0.146088,0.136992,0.453705,-0.155586,0.015837
0.652599,0.003756,0.219437,0.824614,0.115480,0.289932,0.832466,-0.093565,0.291672,0.472733,0.101076,0.147201,0.480584,-0.107969,0.148941,0.742535,0.155599,0.015792,0.903245,-0.138374,0.053267,0.471027,0.146492,0.146830,0.453546,-0.155576,0.015853
0.660252,0.004373,0.224033,0.834201,0.116214,0.289409,0.842054,-0.092829,0.291419,0.478449,0.101574,0.156646,0.486302,-0.107469,0.158656,0.743238,0.155652,0.015851,0.930880,-0.137227,0.057213,0.476743,0.146990,0.156217,0.453352,-0.155564,0.015863
0.668541,0.005102,0.226842,0.844684,0.117067,0.285821,0.852535,-0.091972,0.288195,0.484547,0.102176,0.165489,0.492398,-0.106863,0.167863,0.743800,0.155699,0.015898,0.952721,-0.136310,0.057815,0.482841,0.147591,0.164981,0.453154,-0.155548,0.015868
0.677387,0.005916,0.227613,0.855871,0.117976,0.278870,0.863705,-0.091058,0.281678,0.491070,0.102889,0.173549,0.498904,-0.106145,0.176357,0.744219,0.155746,0.015927,0.967449,-0.135727,0.053050,0.489600,0.148278,0.170431,0.452994,-0.155508,0.015886
0.686638,0.006692,0.226201,0.867430,0.118817,0.268432,0.875279,-0.090211,0.271649,0.497997,0.103595,0.180753,0.505846,-0.105433,0.183971,0.744521,0.155802,0.015950,0.974568,-0.135503,0.042119,0.497796,0.148899,0.169355,0.452847,-0.155498,0.015886
0.696228,0.007224,0.222759,0.879087,0.119314,0.255000,0.886945,-0.089710,0.258422,0.505511,0.104159,0.187096,0.513369,-0.104866,0.190518,0.744790,0.155840,0.015955,0.973498,-0.135784,0.023942,0.509027,0.149369,0.162057,0.452765,-0.155492,0.015891
0.705814,0.007508,0.218078,0.890205,0.119496,0.240441,0.898065,-0.089529,0.243860,0.513564,0.104545,0.192296,0.521424,-0.104479,0.195716,0.745147,0.155857,0.015960,0.971357,-0.135992,0.015815,0.525153,0.149770,0.149582,0.452768,-0.155491,0.015886
0.714481,0.007977,0.214437,0.899656,0.119885,0.229535,0.907510,-0.089136,0.233146,0.521452,0.105089,0.195728,0.529307,-0.103932,0.199340,0.745591,0.155894,0.015949,0.970872,-0.135999,0.015838,0.547185,0.150462,0.133047,0.452841,-0.155464,0.015875
0.722569,0.008349,0.211556,0.908172,0.120180,0.220847,0.916027,-0.088839,0.224574,0.529110,0.105538,0.198539,0.536965,-0.103481,0.202266,0.746105,0.155926,0.015949,0.970608,-0.135999,0.015876,0.572744,0.151227,0.117759,0.452913,-0.155453,0.015873
0.730377,0.008653,0.208991,0.916217,0.120401,0.213099,0.924072,-0.088617,0.216879,0.536683,0.105923,0.201103,0.544537,-0.103096,0.204882,0.746657,0.155954,0.015938,0.970467,-0.135998,0.015876,0.599011,0.152019,0.105156,0.452979,-0.155443,0.015867
