0.007584,0.018333,0.331062,0.199486,0.119189,0.324514,0.195459,-0.089958,0.326953,-0.180292,0.126625,0.335172,-0.184319,-0.082522,0.337610,0.182069,0.162906,0.146154,0.207504,-0.137597,0.160046,-0.198775,0.170596,0.176873,-0.168190,-0.130280,0.167311
0.009876,0.027500,0.314997,0.203192,0.125514,0.307024,0.196138,-0.083536,0.310671,-0.176386,0.138536,0.319322,-0.183440,-0.070513,0.322969,0.150821,0.169469,0.118162,0.210122,-0.132296,0.149799,-0.200661,0.181867,0.149014,-0.154379,-0.120193,0.138589
0.011711,0.036575,0.295848,0.205932,0.132733,0.287289,0.196899,-0.076234,0.291295,-0.173477,0.149384,0.300401,-0.182509,-0.059582,0.304407,0.143208,0.177137,0.088646,0.212056,-0.125453,0.131501,-0.202861,0.192714,0.120917,-0.150242,-0.110202,0.110162
0.013519,0.045700,0.273228,0.208205,0.140859,0.264105,0.198138,-0.068045,0.268854,-0.171100,0.159445,0.277602,-0.181167,-0.049459,0.282351,0.148164,0.184569,0.057421,0.207811,-0.117926,0.097250,-0.199702,0.201920,0.083272,-0.157415,-0.100686,0.081394
0.014980,0.054859,0.246541,0.210023,0.149212,0.236697,0.199138,-0.059632,0.242190,-0.169177,0.169350,0.250891,-0.180063,-0.039494,0.256385,0.158869,0.191921,0.028199,0.194597,-0.110082,0.046071,-0.184859,0.209878,0.029762,-0.160221,-0.091421,0.052436
0.016449,0.062077,0.218015,0.211012,0.156493,0.201528,0.200728,-0.052167,0.212474,-0.167830,0.176320,0.223556,-0.178114,-0.032340,0.234502,0.164513,0.194616,0.015929,0.184942,-0.107258,0.016108,-0.180861,0.211640,0.015977,-0.155650,-0.089872,0.027543
0.018562,0.064728,0.196411,0.212843,0.158637,0.174563,0.202654,-0.049760,0.189773,-0.165529,0.179216,0.203048,-0.175718,-0.029182,0.218258,0.163844,0.195081,0.015946,0.184233,-0.107165,0.016033,-0.179370,0.211856,0.015855,-0.162779,-0.090163,0.016524
0.021320,0.064095,0.182379,0.215458,0.157902,0.158881,0.205330,-0.050456,0.174660,-0.162690,0.178646,0.190098,-0.172817,-0.029713,0.205877,0.163740,0.195221,0.015901,0.183809,-0.107066,0.015908,-0.178350,0.211843,0.015824,-0.163901,-0.090166,0.015904
0.024971,0.062363,0.174962,0.219119,0.156280,0.151996,0.208963,-0.052167,0.166540,-0.159021,0.176892,0.183384,-0.169177,-0.031554,0.197929,0.164108,0.195079,0.015908,0.183807,-0.107069,0.015858,-0.177673,0.211720,0.015775,-0.163178,-0.090159,0.015937
0.029190,0.060394,0.172287,0.223384,0.154586,0.150895,0.213255,-0.053989,0.163474,-0.154875,0.174778,0.181100,-0.165004,-0.033798,0.193679,0.164574,0.194885,0.015860,0.184047,-0.107058,0.015883,-0.177277,0.211479,0.015735,-0.162516,-0.090224,0.015936
0.033619,0.058666,0.172491,0.227832,0.153166,0.152688,0.217794,-0.055519,0.163397,-0.150556,0.172851,0.181584,-0.160594,-0.035833,0.192293,0.165044,0.194725,0.015809,0.184481,-0.107045,0.015951,-0.177163,0.211183,0.015752,-0.162060,-0.090375,0.015936
0.038265,0.057228,0.174092,0.232467,0.152040,0.155722,0.222575,-0.056727,0.164848,-0.146044,0.171183,0.183336,-0.155937,-0.037584,0.192463,0.165519,0.194637,0.015730,0.193301,-0.107242,0.019397,-0.178865,0.211139,0.019923,-0.161686,-0.090573,0.015926
0.043343,0.055996,0.176437,0.237545,0.150982,0.158998,0.227706,-0.057840,0.166818,-0.141021,0.169832,0.186055,-0.150860,-0.038990,0.193875,0.166050,0.194518,0.015734,0.208036,-0.107629,0.028405,-0.179131,0.211384,0.031804,-0.161351,-0.090693,0.015902
0.048973,0.054668,0.179780,0.243152,0.149809,0.162933,0.233358,-0.059063,0.169357,-0.135412,0.168399,0.190204,-0.145206,-0.040472,0.196627,0.166622,0.194395,0.015797,0.219470,-0.108010,0.036769,-0.174506,0.211266,0.044251,-0.161069,-0.090808,0.015882
0.055038,0.052933,0.183903,0.249170,0.148259,0.167562,0.239428,-0.060663,0.172172,-0.129351,0.166528,0.195634,-0.139093,-0.042394,0.200244,0.167222,0.194243,0.015839,0.225665,-0.108427,0.040948,-0.165215,0.210544,0.052133,-0.160823,-0.090960,0.015859
0.061344,0.050766,0.187999,0.255406,0.146285,0.171958,0.245697,-0.062676,0.174361,-0.123009,0.164208,0.201638,-0.132717,-0.044753,0.204041,0.167825,0.194061,0.015883,0.226073,-0.108844,0.037140,-0.151377,0.209319,0.053073,-0.160595,-0.091125,0.015836
0.067436,0.048431,0.190666,0.261304,0.144268,0.174181,0.251745,-0.064714,0.174250,-0.116873,0.161576,0.207081,-0.126432,-0.047405,0.207150,0.168521,0.193957,0.015894,0.220992,-0.108854,0.023670,-0.131958,0.207711,0.047369,-0.160458,-0.091409,0.015797
0.072891,0.046261,0.191178,0.266360,0.142914,0.174767,0.257559,-0.066097,0.173439,-0.111777,0.158619,0.208917,-0.120577,-0.050392,0.207589,0.197316,0.192306,0.018376,0.218124,-0.108926,0.015971,-0.106314,0.204976,0.036443,-0.163737,-0.092870,0.019434
0.077782,0.044872,0.189541,0.270794,0.142747,0.175125,0.263314,-0.066313,0.173514,-0.107751,0.156057,0.205569,-0.115231,-0.053003,0.203958,0.237319,0.190574,0.026151,0.218708,-0.108982,0.015927,-0.081576,0.202019,0.021657,-0.166546,-0.095292,0.028163
0.082268,0.044209,0.186159,0.275360,0.142319,0.174720,0.268143,-0.066747,0.172727,-0.103608,0.155164,0.199592,-0.110824,-0.053902,0.197599,0.266365,0.189443,0.034787,0.219153,-0.109040,0.015925,-0.075830,0.201434,0.015999,-0.162938,-0.096036,0.035340
0.086765,0.043644,0.183118,0.279997,0.141732,0.174096,0.272758,-0.067328,0.171586,-0.099228,0.154616,0.194650,-0.106466,-0.054444,0.192141,0.283186,0.188738,0.037831,0.219582,-0.109098,0.015874,-0.075269,0.201412,0.015904,-0.157311,-0.096362,0.041957
0.091507,0.043083,0.181656,0.284799,0.141181,0.174144,0.277571,-0.067873,0.171165,-0.094557,0.154040,0.192146,-0.101785,-0.055014,0.189167,0.294412,0.188266,0.038321,0.220030,-0.109152,0.015811,-0.074772,0.201350,0.015857,-0.151784,-0.096747,0.047414
0.096416,0.042774,0.181776,0.289746,0.140853,0.175040,0.282505,-0.068198,0.171898,-0.089672,0.153746,0.191654,-0.096913,-0.055305,0.188512,0.303016,0.187933,0.038170,0.220528,-0.109186,0.015763,-0.074321,0.201340,0.015812,-0.146200,-0.097029,0.052104
0.101360,0.042973,0.182950,0.294711,0.141025,0.176427,0.287463,-0.068032,0.173727,-0.084742,0.153977,0.192172,-0.091990,-0.055080,0.189472,0.309516,0.187785,0.037645,0.221037,-0.109171,0.015819,-0.073935,0.201361,0.015837,-0.140156,-0.097166,0.055862
0.106346,0.043751,0.184670,0.299723,0.141737,0.177932,0.292445,-0.067331,0.176342,-0.079753,0.154832,0.192999,-0.087030,-0.054235,0.191409,0.314257,0.187784,0.036659,0.221544,-0.109121,0.015868,-0.073556,0.201442,0.015858,-0.133170,-0.097100,0.058954
0.111370,0.045139,0.186576,0.304763,0.143049,0.179239,0.297468,-0.066024,0.179409,-0.074728,0.156302,0.193743,-0.082023,-0.052770,0.193913,0.317447,0.187967,0.034837,0.222059,-0.109003,0.015832,-0.073162,0.201581,0.015872,-0.124772,-0.096864,0.061261
0.116432,0.047112,0.188407,0.309834,0.144927,0.180103,0.302533,-0.064130,0.182660,-0.069668,0.158353,0.194154,-0.076970,-0.050704,0.196711,0.319135,0.188265,0.031452,0.222584,-0.108859,0.015849,-0.072760,0.201762,0.015879,-0.114345,-0.096526,0.062068
0.121532,0.049660,0.189881,0.314912,0.147388,0.180145,0.307655,-0.061613,0.185672,-0.064590,0.160933,0.194090,-0.071847,-0.048068,0.199617,0.318606,0.188658,0.025296,0.223087,-0.108661,0.015865,-0.072339,0.201982,0.015872,-0.100821,-0.096244,0.060141
0.126648,0.052563,0.190491,0.320062,0.149953,0.178348,0.312667,-0.058920,0.187394,-0.059371,0.164046,0.193589,-0.066766,-0.044828,0.202635,0.314511,0.188626,0.015685,0.223416,-0.108708,0.015931,-0.071896,0.202313,0.015850,-0.082162,-0.096258,0.053598
0.131596,0.055004,0.190222,0.324998,0.152117,0.175880,0.317551,-0.056604,0.187912,-0.054360,0.166612,0.192532,-0.061807,-0.042109,0.204564,0.314780,0.188808,0.015810,0.244903,-0.109520,0.015249,-0.071588,0.202598,0.015891,-0.055246,-0.097253,0.042273
0.136387,0.056194,0.189057,0.329958,0.152847,0.173907,0.322127,-0.055781,0.187230,-0.049353,0.168170,0.190885,-0.057184,-0.040459,0.204207,0.315152,0.188886,0.015865,0.276140,-0.110275,0.020518,-0.072436,0.203433,0.015833,-0.023697,-0.098212,0.033163
0.141235,0.056107,0.186712,0.334864,0.152748,0.172241,0.326986,-0.055862,0.185811,-0.044515,0.168075,0.187613,-0.052393,-0.040535,0.201183,0.315532,0.188887,0.015894,0.319316,-0.111419,0.027966,-0.072014,0.203514,0.015779,0.007305,-0.099812,0.025264
0.146393,0.054642,0.182570,0.340087,0.151448,0.170238,0.332200,-0.057237,0.182601,-0.039414,0.166520,0.182539,-0.047302,-0.042165,0.194902,0.315944,0.188780,0.015909,0.352462,-0.112244,0.036103,-0.071304,0.203406,0.015744,0.026654,-0.101096,0.016419
0.151497,0.053047,0.178109,0.345191,0.150050,0.167433,0.337376,-0.058712,0.178467,-0.034382,0.164806,0.177751,-0.042198,-0.043956,0.188785,0.316339,0.188667,0.015905,0.373783,-0.112692,0.044666,-0.070004,0.203220,0.017589,0.027260,-0.101244,0.015806
0.156487,0.051842,0.174796,0.350176,0.148982,0.165339,0.342415,-0.059833,0.175376,-0.029442,0.163517,0.174216,-0.037203,-0.045298,0.184252,0.316756,0.188580,0.016009,0.385923,-0.113016,0.049882,-0.068887,0.203117,0.020263,0.027816,-0.101350,0.015685
0.161343,0.050983,0.173118,0.355034,0.148225,0.164826,0.347310,-0.060625,0.174129,-0.024624,0.162592,0.172106,-0.032349,-0.046259,0.181409,0.317238,0.188522,0.016032,0.393185,-0.113327,0.051122,-0.067076,0.203040,0.022866,0.028336,-0.101414,0.015620
0.166039,0.050327,0.172907,0.359737,0.147654,0.165870,0.352036,-0.061221,0.174608,-0.019959,0.161876,0.171206,-0.027660,-0.047000,0.179944,0.317736,0.188456,0.016039,0.397927,-0.113640,0.050154,-0.063800,0.202869,0.024341,0.028803,-0.101473,0.015681
0.170593,0.049812,0.173780,0.364300,0.147214,0.168121,0.356613,-0.061681,0.176408,-0.015427,0.161306,0.171153,-0.023113,-0.047589,0.179439,0.318246,0.188389,0.015967,0.401224,-0.113925,0.048203,-0.059478,0.202639,0.024860,0.029241,-0.101524,0.015769
0.175056,0.049419,0.175267,0.368761,0.146897,0.171061,0.361095,-0.062011,0.179009,-0.010982,0.160850,0.171526,-0.018648,-0.048058,0.179474,0.318747,0.188344,0.015935,0.403621,-0.114136,0.046265,-0.054559,0.202391,0.025072,0.029643,-0.101570,0.015825
0.179466,0.049129,0.176969,0.373157,0.146685,0.174154,0.365519,-0.062233,0.181870,-0.006586,0.160492,0.172068,-0.014224,-0.048426,0.179784,0.319224,0.188324,0.015897,0.405377,-0.114261,0.044873,-0.049319,0.202158,0.025656,0.030039,-0.101610,0.015863
0.183880,0.048908,0.178649,0.377556,0.146521,0.177092,0.369930,-0.062404,0.184655,-0.002171,0.160220,0.172643,-0.009797,-0.048704,0.180206,0.319713,0.188305,0.015850,0.406923,-0.114344,0.044309,-0.043877,0.201978,0.026923,0.030437,-0.101631,0.015889
0.188290,0.048721,0.180220,0.381949,0.146379,0.179715,0.374332,-0.062549,0.187188,0.002248,0.159991,0.173252,-0.005369,-0.048937,0.180724,0.320181,0.188277,0.015789,0.408461,-0.114393,0.044840,-0.038405,0.201832,0.029254,0.030808,-0.101660,0.015907
0.192707,0.048573,0.181739,0.386344,0.146274,0.182044,0.378744,-0.062656,0.189454,0.006670,0.159801,0.174023,-0.000930,-0.049129,0.181433,0.320654,0.188274,0.015716,0.409956,-0.114377,0.046305,-0.032899,0.201740,0.032779,0.031173,-0.101676,0.015905
0.197151,0.048367,0.183355,0.390773,0.146095,0.184281,0.383180,-0.062840,0.191566,0.011122,0.159573,0.175145,0.003529,-0.049362,0.182430,0.321091,0.188259,0.015758,0.411226,-0.114358,0.048421,-0.027182,0.201668,0.037329,0.031515,-0.101693,0.015901
0.201717,0.048031,0.185280,0.395320,0.145792,0.186688,0.387750,-0.063153,0.193713,0.015685,0.159215,0.176848,0.008115,-0.049730,0.183872,0.321561,0.188224,0.015793,0.412052,-0.114333,0.051106,-0.020949,0.201535,0.042605,0.031867,-0.101743,0.015890
0.206413,0.047478,0.187687,0.399999,0.145265,0.189523,0.392455,-0.063698,0.196027,0.020371,0.158653,0.179347,0.012827,-0.050309,0.185851,0.322020,0.188175,0.015818,0.411984,-0.114329,0.053900,-0.013871,0.201303,0.047991,0.032180,-0.101800,0.015888
0.211372,0.046658,0.190653,0.404947,0.144458,0.192917,0.397424,-0.064529,0.198611,0.025320,0.157844,0.182695,0.017798,-0.051143,0.188389,0.322525,0.188097,0.015839,0.410761,-0.114380,0.056398,-0.005295,0.200897,0.052556,0.032488,-0.101867,0.015906
0.216633,0.045536,0.194072,0.410192,0.143358,0.196694,0.402711,-0.065658,0.201291,0.030555,0.156730,0.186852,0.023074,-0.052286,0.191449,0.323045,0.187990,0.015877,0.407993,-0.114491,0.057879,0.005476,0.200222,0.055201,0.032803,-0.101986,0.015905
0.222153,0.044250,0.197538,0.415708,0.142080,0.200134,0.408265,-0.066961,0.203481,0.036040,0.155462,0.191596,0.028597,-0.053579,0.194943,0.323564,0.187896,0.015932,0.403885,-0.114644,0.056440,0.019027,0.199360,0.054666,0.033097,-0.102091,0.015899
0.227730,0.043060,0.200111,0.421275,0.140935,0.201572,0.413917,-0.068124,0.203797,0.041543,0.154244,0.196425,0.034185,-0.054814,0.198650,0.324046,0.187862,0.015946,0.398833,-0.114721,0.049003,0.035829,0.198371,0.050278,0.033335,-0.102210,0.015902
0.233078,0.042107,0.200656,0.426231,0.140763,0.200387,0.419742,-0.068335,0.201236,0.046414,0.152548,0.200075,0.039925,-0.056550,0.200925,0.353898,0.187730,0.015933,0.392914,-0.113657,0.033197,0.056409,0.197069,0.042246,0.032849,-0.102554,0.015890
0.238373,0.041279,0.197754,0.430791,0.141330,0.195255,0.425818,-0.067811,0.195573,0.050927,0.150369,0.199935,0.045955,-0.058772,0.200254,0.398988,0.187285,0.022309,0.389978,-0.112696,0.015608,0.080637,0.194869,0.031552,0.025458,-0.104022,0.020325
0.243561,0.040901,0.191777,0.435400,0.142004,0.187658,0.431589,-0.067158,0.188671,0.055532,0.148961,0.194883,0.051721,-0.060202,0.195896,0.433846,0.186738,0.032155,0.390237,-0.112699,0.016006,0.101137,0.192722,0.016217,0.015975,-0.105805,0.031641
0.248749,0.041088,0.185851,0.440587,0.142175,0.181300,0.436768,-0.066986,0.182662,0.060730,0.149162,0.189041,0.056911,-0.059999,0.190403,0.452922,0.186467,0.036742,0.390534,-0.112686,0.015880,0.101785,0.192744,0.015931,0.012033,-0.105600,0.042667
0.253994,0.041157,0.182334,0.445822,0.142218,0.176864,0.441986,-0.066941,0.178434,0.066002,0.149254,0.186234,0.062166,-0.059905,0.187803,0.463421,0.186308,0.037451,0.390894,-0.112682,0.015849,0.102325,0.192770,0.015935,0.012859,-0.105477,0.052096
0.259266,0.041309,0.181493,0.451063,0.142352,0.174753,0.447225,-0.066805,0.176608,0.071307,0.149424,0.186379,0.067469,-0.059733,0.188234,0.470669,0.186228,0.036842,0.391336,-0.112664,0.015850,0.102773,0.192795,0.015944,0.016654,-0.105411,0.058342
0.264648,0.041763,0.182520,0.456405,0.142782,0.174409,0.452577,-0.066368,0.176901,0.076720,0.149895,0.188138,0.072892,-0.059255,0.190630,0.476163,0.186222,0.035185,0.391858,-0.112637,0.015804,0.103173,0.192819,0.015913,0.021984,-0.105312,0.062421
0.270149,0.042664,0.184443,0.461870,0.143630,0.174958,0.458048,-0.065504,0.178544,0.082250,0.150832,0.190342,0.078428,-0.058303,0.193929,0.480346,0.186321,0.032919,0.392427,-0.112561,0.015774,0.103566,0.192914,0.015843,0.028491,-0.105060,0.065289
0.275745,0.044071,0.186536,0.467424,0.144971,0.175597,0.463632,-0.064129,0.180836,0.087859,0.152272,0.192237,0.084067,-0.056828,0.197475,0.483432,0.186507,0.030070,0.392981,-0.112455,0.015762,0.103976,0.193033,0.015894,0.036300,-0.104690,0.067488
0.281403,0.045990,0.188372,0.473025,0.146812,0.175851,0.469300,-0.062222,0.183293,0.093505,0.154202,0.193452,0.089780,-0.054832,0.200893,0.485605,0.186745,0.026150,0.393563,-0.112322,0.015788,0.104413,0.193174,0.015932,0.045826,-0.104238,0.068797
0.287079,0.048466,0.189696,0.478632,0.149182,0.175381,0.475004,-0.059739,0.185562,0.099154,0.156670,0.193830,0.095526,-0.052250,0.204012,0.486668,0.187000,0.020402,0.394109,-0.112119,0.015784,0.104863,0.193413,0.015949,0.057687,-0.103711,0.068434
0.292717,0.051319,0.190377,0.484202,0.151851,0.174013,0.480663,-0.056888,0.187429,0.104771,0.159526,0.193324,0.101231,-0.049213,0.206740,0.486641,0.187187,0.015739,0.394576,-0.112003,0.015909,0.105373,0.193665,0.015937,0.072936,-0.103389,0.065068
0.298050,0.053890,0.190707,0.489535,0.154115,0.172557,0.485957,-0.054410,0.188953,0.110143,0.162191,0.192460,0.106565,-0.046335,0.208856,0.487033,0.187417,0.015633,0.395064,-0.112044,0.016035,0.105834,0.193983,0.015947,0.093135,-0.103603,0.057491
0.303020,0.055611,0.190753,0.494534,0.155621,0.171730,0.490913,-0.052728,0.190240,0.115128,0.163949,0.191266,0.111507,-0.044399,0.209776,0.487419,0.187519,0.015712,0.427278,-0.112775,0.015576,0.106183,0.194166,0.015958,0.119575,-0.104611,0.047281
0.308018,0.055912,0.189534,0.499607,0.155837,0.170837,0.495890,-0.052463,0.189859,0.120146,0.164287,0.189209,0.116428,-0.044013,0.208232,0.487840,0.187536,0.015810,0.474353,-0.113263,0.019708,0.106421,0.194354,0.015935,0.151869,-0.105893,0.037405
0.313309,0.054646,0.186430,0.504970,0.154717,0.169319,0.501209,-0.053678,0.187258,0.125409,0.162969,0.185601,0.121647,-0.045426,0.203540,0.488285,0.187432,0.015845,0.515189,-0.113258,0.028082,0.107063,0.194320,0.015920,0.183474,-0.107276,0.028027
0.318939,0.051945,0.181600,0.510703,0.152353,0.167966,0.506904,-0.056258,0.183177,0.130974,0.160148,0.180024,0.127175,-0.048464,0.195235,0.488772,0.187242,0.015891,0.543360,-0.113245,0.035828,0.107737,0.194169,0.015725,0.203952,-0.108542,0.015545
0.324699,0.048775,0.176406,0.516408,0.149719,0.166446,0.512847,-0.059101,0.178537,0.136552,0.156650,0.174276,0.132991,-0.052170,0.186367,0.489274,0.186998,0.015901,0.561296,-0.113305,0.043051,0.108206,0.193488,0.015759,0.204719,-0.108801,0.015817
0.330235,0.046326,0.173016,0.521870,0.147601,0.165243,0.518497,-0.061356,0.174730,0.141972,0.154008,0.171302,0.138600,-0.054950,0.180789,0.489754,0.186846,0.015988,0.570574,-0.113464,0.047761,0.107823,0.193156,0.019220,0.205365,-0.109027,0.015683
0.335514,0.044395,0.171742,0.527103,0.145871,0.165611,0.523844,-0.063176,0.172921,0.147184,0.151966,0.170563,0.143925,-0.057080,0.177873,0.490287,0.186693,0.015909,0.574460,-0.113781,0.048994,0.108252,0.192930,0.023957,0.205933,-0.109203,0.015650
0.340611,0.042854,0.172249,0.532173,0.144453,0.167494,0.528981,-0.064649,0.173016,0.152240,0.150358,0.171483,0.149048,-0.058745,0.177004,0.490849,0.186553,0.015934,0.576097,-0.114173,0.046768,0.110484,0.192669,0.027660,0.206440,-0.109350,0.015721
0.345596,0.041603,0.173955,0.537148,0.143272,0.170441,0.533988,-0.065865,0.174494,0.157204,0.149071,0.173416,0.154044,-0.060066,0.177469,0.491394,0.186435,0.016007,0.576848,-0.114521,0.043149,0.114388,0.192408,0.030272,0.206897,-0.109460,0.015837
0.350555,0.040577,0.176217,0.542096,0.142300,0.173793,0.538967,-0.066857,0.176669,0.162144,0.148011,0.175764,0.159015,-0.061146,0.178641,0.491956,0.186338,0.015908,0.577094,-0.114776,0.039264,0.119587,0.192132,0.032154,0.207340,-0.109566,0.015892
0.355541,0.039703,0.178527,0.547073,0.141460,0.177043,0.543966,-0.067708,0.178942,0.167117,0.147115,0.178113,0.164009,-0.062053,0.180012,0.492501,0.186265,0.015860,0.577258,-0.114956,0.036067,0.125643,0.191879,0.033893,0.207747,-0.109649,0.015935
0.360588,0.038921,0.180606,0.552119,0.140688,0.179880,0.549015,-0.068486,0.180920,0.172161,0.146329,0.180291,0.169057,-0.062845,0.181332,0.493044,0.186204,0.015797,0.577697,-0.115098,0.034102,0.132202,0.191661,0.036115,0.208175,-0.109704,0.015959
0.365685,0.038181,0.182389,0.557216,0.139949,0.182189,0.554111,-0.069227,0.182476,0.177258,0.145590,0.182302,0.174153,-0.063587,0.182589,0.493583,0.186121,0.015756,0.578524,-0.115249,0.033326,0.139022,0.191416,0.039143,0.208590,-0.109782,0.015976
0.370850,0.037350,0.184005,0.562381,0.139119,0.184219,0.559277,-0.070057,0.183632,0.182422,0.144756,0.184377,0.179319,-0.064420,0.183791,0.494109,0.186059,0.015840,0.579636,-0.115394,0.033557,0.146066,0.191147,0.043012,0.209007,-0.109845,0.015974
0.376137,0.036366,0.185654,0.567663,0.138142,0.186154,0.564568,-0.071029,0.184563,0.187705,0.143760,0.186744,0.184610,-0.065411,0.185153,0.494622,0.185974,0.015866,0.580498,-0.115577,0.034090,0.153734,0.190780,0.047229,0.209396,-0.109947,0.015929
0.381634,0.035206,0.187502,0.573164,0.136975,0.188116,0.570059,-0.072184,0.185331,0.193209,0.142595,0.189672,0.190103,-0.066563,0.186887,0.495162,0.185885,0.015901,0.580336,-0.115780,0.034013,0.162708,0.190354,0.050929,0.209802,-0.110038,0.015892
0.387375,0.033791,0.189520,0.578903,0.135565,0.190080,0.575793,-0.073570,0.185866,0.198956,0.141151,0.193174,0.195847,-0.067983,0.188960,0.495699,0.185774,0.015969,0.578510,-0.115973,0.031914,0.173809,0.189816,0.052860,0.210216,-0.110173,0.015838
0.393307,0.032227,0.191326,0.584832,0.134006,0.191349,0.581697,-0.075090,0.185549,0.204916,0.139543,0.197103,0.201781,-0.069553,0.191302,0.496238,0.185673,0.015958,0.574560,-0.116019,0.025620,0.187833,0.189308,0.051630,0.210629,-0.110289,0.015787
0.399231,0.030762,0.192120,0.590638,0.132749,0.190357,0.587636,-0.076303,0.183082,0.210826,0.137827,0.201158,0.207824,-0.071225,0.193883,0.496777,0.185648,0.015948,0.569920,-0.115710,0.015787,0.205036,0.188762,0.046853,0.210932,-0.110554,0.015776
0.404671,0.029892,0.192011,0.595697,0.132549,0.188618,0.593356,-0.076502,0.181079,0.215986,0.136286,0.202943,0.213644,-0.072765,0.195404,0.527424,0.185039,0.015531,0.570354,-0.115767,0.015831,0.225669,0.187566,0.039171,0.210088,-0.111731,0.015828
0.409733,0.029816,0.190198,0.600019,0.133813,0.186075,0.599166,-0.075290,0.179743,0.220300,0.134921,0.200653,0.219447,-0.074182,0.194321,0.564377,0.184456,0.020095,0.570864,-0.115681,0.015834,0.244633,0.185552,0.027005,0.204172,-0.114216,0.016868
0.414383,0.030392,0.186216,0.604346,0.134995,0.182551,0.604217,-0.074143,0.177452,0.224549,0.134927,0.194979,0.224420,-0.074211,0.189880,0.596213,0.184191,0.029636,0.571261,-0.115647,0.015881,0.253085,0.184735,0.016031,0.198093,-0.115595,0.023232
0.418964,0.031048,0.182340,0.608946,0.135631,0.179082,0.608825,-0.073522,0.174638,0.229104,0.135618,0.190042,0.228983,-0.073535,0.185598,0.614052,0.184137,0.035561,0.571612,-0.115588,0.015889,0.253654,0.184763,0.015914,0.194821,-0.115699,0.031377
0.423748,0.031502,0.180294,0.613745,0.136049,0.176804,0.613593,-0.073114,0.172835,0.233903,0.136117,0.187754,0.233751,-0.073045,0.183785,0.623529,0.184145,0.037386,0.572021,-0.115564,0.015899,0.254174,0.184823,0.015853,0.194244,-0.115735,0.039442
0.428703,0.031898,0.180277,0.618698,0.136428,0.176172,0.618528,-0.072743,0.172668,0.238878,0.136540,0.187886,0.238709,-0.072631,0.184381,0.629807,0.184197,0.037616,0.572488,-0.115535,0.015899,0.254589,0.184867,0.015785,0.196298,-0.115736,0.046082
0.433781,0.032490,0.181679,0.623765,0.137005,0.176818,0.623590,-0.072176,0.174015,0.243972,0.137156,0.189342,0.243796,-0.072026,0.186540,0.634604,0.184322,0.037103,0.573024,-0.115469,0.015883,0.254977,0.184925,0.015826,0.200512,-0.115623,0.050632
0.438942,0.033413,0.183773,0.628941,0.137860,0.178070,0.628716,-0.071333,0.176344,0.249168,0.138159,0.191203,0.248943,-0.071034,0.189477,0.638516,0.184472,0.036151,0.573554,-0.115401,0.015827,0.255333,0.185051,0.015855,0.206404,-0.115321,0.053959
0.444118,0.034737,0.185988,0.634110,0.139139,0.179328,0.633886,-0.070061,0.179141,0.254351,0.139534,0.192836,0.254127,-0.069666,0.192648,0.641778,0.184710,0.034854,0.574125,-0.115300,0.015786,0.255698,0.185141,0.015873,0.213784,-0.114951,0.056573
0.449295,0.036541,0.187980,0.639284,0.140870,0.180198,0.639057,-0.068321,0.182031,0.259533,0.141403,0.193930,0.259306,-0.067788,0.195762,0.644380,0.185025,0.032727,0.574683,-0.115159,0.015792,0.256072,0.185299,0.015885,0.222818,-0.114403,0.058447
0.454468,0.038845,0.189566,0.644440,0.143097,0.180442,0.644242,-0.066057,0.184815,0.264694,0.143747,0.194316,0.264495,-0.065407,0.198689,0.645969,0.185388,0.028939,0.575213,-0.114986,0.015771,0.256480,0.185485,0.015880,0.234203,-0.113763,0.058763
0.459618,0.041649,0.190528,0.649555,0.145799,0.179671,0.649410,-0.063270,0.187067,0.269825,0.146568,0.193990,0.269681,-0.062501,0.201385,0.645113,0.185696,0.021814,0.575746,-0.114757,0.015785,0.256910,0.185754,0.015855,0.249346,-0.113110,0.055945
0.464684,0.044567,0.190428,0.654631,0.148380,0.176862,0.654383,-0.060541,0.187658,0.274984,0.149675,0.193199,0.274736,-0.059246,0.203995,0.642745,0.185583,0.015823,0.576481,-0.114840,0.015802,0.257323,0.186043,0.015854,0.270730,-0.112802,0.048209
0.469521,0.046715,0.189695,0.659516,0.150206,0.174450,0.659127,-0.058577,0.187647,0.279914,0.152006,0.191743,0.279525,-0.056777,0.204940,0.643069,0.185754,0.015873,0.607599,-0.114750,0.017915,0.257327,0.186469,0.015816,0.300449,-0.112935,0.037578
0.474426,0.047390,0.187657,0.664554,0.150669,0.172623,0.663951,-0.058064,0.186580,0.284902,0.152844,0.188733,0.284299,-0.055889,0.202690,0.643451,0.185804,0.015911,0.653064,-0.114399,0.024829,0.257330,0.186912,0.015810,0.335335,-0.113274,0.027931
0.479679,0.046532,0.183823,0.669869,0.149939,0.170556,0.669253,-0.058839,0.183818,0.290105,0.151902,0.183828,0.289490,-0.056876,0.197090,0.643870,0.185736,0.015941,0.689044,-0.113964,0.033876,0.258033,0.186862,0.015739,0.365103,-0.114038,0.017664
0.485203,0.045013,0.179227,0.675414,0.148593,0.167733,0.674822,-0.060274,0.179511,0.295583,0.150301,0.178942,0.294992,-0.058566,0.190721,0.644309,0.185644,0.015945,0.712810,-0.113685,0.041534,0.258679,0.186727,0.015795,0.367261,-0.114156,0.015824
0.490608,0.043674,0.175500,0.680777,0.147451,0.165146,0.680299,-0.061485,0.175635,0.300917,0.148834,0.175365,0.300439,-0.060102,0.185855,0.644758,0.185549,0.015918,0.726648,-0.113550,0.047140,0.259265,0.186595,0.019169,0.367877,-0.114305,0.015716
0.495804,0.042568,0.173408,0.685959,0.146487,0.164293,0.685542,-0.062506,0.173584,0.306066,0.147643,0.173232,0.305649,-0.061351,0.182523,0.645256,0.185469,0.015967,0.734232,-0.113588,0.050086,0.261170,0.186584,0.023797,0.368432,-0.114392,0.015599
0.500805,0.041611,0.173043,0.690950,0.145660,0.165315,0.690588,-0.063381,0.173480,0.311021,0.146602,0.172606,0.310659,-0.062438,0.180770,0.645780,0.185390,0.015970,0.738731,-0.113769,0.050073,0.264584,0.186484,0.027096,0.368939,-0.114472,0.015682
0.505676,0.040806,0.173999,0.695803,0.144986,0.167724,0.695510,-0.064091,0.174875,0.315842,0.145703,0.173124,0.315549,-0.063374,0.180274,0.646318,0.185341,0.015942,0.741706,-0.113959,0.048369,0.269118,0.186327,0.029314,0.369415,-0.114552,0.015788
0.510456,0.040150,0.175716,0.700583,0.144405,0.170840,0.700313,-0.064700,0.177155,0.320599,0.144999,0.174277,0.320329,-0.064105,0.180592,0.646857,0.185266,0.015910,0.743573,-0.114188,0.045968,0.274349,0.186204,0.031050,0.369843,-0.114616,0.015847
0.515247,0.039566,0.177734,0.705368,0.143885,0.174172,0.705123,-0.065240,0.179746,0.325372,0.144372,0.175722,0.325126,-0.064753,0.181296,0.647395,0.185200,0.015860,0.744756,-0.114378,0.043746,0.280089,0.186080,0.032725,0.370269,-0.114681,0.015894
0.520039,0.039036,0.179756,0.710143,0.143418,0.177363,0.709934,-0.065724,0.182254,0.330143,0.143796,0.177259,0.329934,-0.065347,0.182150,0.647912,0.185165,0.015796,0.745631,-0.114495,0.042295,0.286145,0.185972,0.034858,0.370664,-0.114737,0.015925
0.524868,0.038567,0.181661,0.714965,0.142980,0.180200,0.714768,-0.066176,0.184487,0.334968,0.143309,0.178835,0.334771,-0.065847,0.183121,0.648434,0.185131,0.015716,0.746423,-0.114590,0.041807,0.292461,0.185918,0.037815,0.371074,-0.114767,0.015944
0.529758,0.038025,0.183487,0.719838,0.142478,0.182755,0.719672,-0.066690,0.186407,0.339844,0.142740,0.180566,0.339679,-0.066428,0.184219,0.648952,0.185075,0.015790,0.747136,-0.114688,0.042195,0.299057,0.185803,0.041645,0.371481,-0.114849,0.015949
0.534744,0.037388,0.185397,0.724808,0.141871,0.185242,0.724672,-0.067309,0.188121,0.344817,0.142084,0.182673,0.344680,-0.067096,0.185552,0.649442,0.185043,0.015837,0.747567,-0.114771,0.043313,0.306126,0.185684,0.046063,0.371863,-0.114902,0.015934
0.539890,0.036545,0.187554,0.729948,0.141040,0.187871,0.729824,-0.068151,0.189778,0.349956,0.141241,0.185331,0.349833,-0.067950,0.187238,0.649945,0.184971,0.015864,0.747385,-0.114937,0.044583,0.314095,0.185485,0.050511,0.372224,-0.114978,0.015854
0.545296,0.035442,0.190038,0.735337,0.139965,0.190733,0.735248,-0.069234,0.191411,0.355343,0.140119,0.188666,0.355254,-0.069080,0.189344,0.650470,0.184884,0.015910,0.746090,-0.115163,0.045292,0.323697,0.185146,0.053977,0.372599,-0.115100,0.015844
0.551003,0.034115,0.192711,0.741034,0.138653,0.193583,0.740970,-0.070545,0.192801,0.361036,0.138775,0.192621,0.360971,-0.070424,0.191840,0.651014,0.184795,0.015903,0.743195,-0.115440,0.043852,0.335752,0.184746,0.055160,0.372992,-0.115221,0.015844
0.556877,0.032711,0.195044,0.746912,0.137247,0.195397,0.746839,-0.071941,0.193090,0.366916,0.137363,0.196997,0.366842,-0.071824,0.194691,0.651531,0.184713,0.015870,0.738556,-0.115676,0.037644,0.350938,0.184412,0.052740,0.373349,-0.115307,0.015836
0.562714,0.031555,0.196025,0.752497,0.136537,0.194506,0.752869,-0.072629,0.190767,0.372558,0.135739,0.201283,0.372930,-0.073427,0.197545,0.656167,0.185016,0.015851,0.732319,-0.115148,0.024300,0.369568,0.183955,0.046644,0.373631,-0.115635,0.015840
0.568043,0.030422,0.195007,0.757286,0.136304,0.190842,0.758591,-0.072854,0.186849,0.377494,0.133698,0.203165,0.378800,-0.075460,0.199172,0.687722,0.184630,0.017923,0.729239,-0.115233,0.015894,0.391250,0.182407,0.037427,0.367761,-0.117497,0.016324
0.572765,0.029877,0.191860,0.761178,0.137193,0.186849,0.764077,-0.071960,0.183474,0.381454,0.131714,0.200247,0.384353,-0.077439,0.196872,0.733389,0.184852,0.026731,0.729661,-0.115193,0.015899,0.412200,0.180459,0.023078,0.357835,-0.120461,0.022973
0.577133,0.030209,0.186914,0.765354,0.137897,0.182738,0.768699,-0.071258,0.179966,0.385568,0.131676,0.193862,0.388913,-0.077479,0.191090,0.763676,0.185264,0.036797,0.729986,-0.115163,0.015868,0.418681,0.180022,0.015995,0.353250,-0.121384,0.030731
0.581604,0.030476,0.182816,0.769844,0.138153,0.179277,0.773190,-0.071004,0.176665,0.390018,0.131955,0.188967,0.393364,-0.077201,0.186355,0.778641,0.185495,0.039764,0.730316,-0.115141,0.015836,0.419236,0.180043,0.015994,0.352348,-0.121472,0.038674
0.586304,0.030521,0.180947,0.774544,0.138198,0.177411,0.777888,-0.070958,0.174746,0.394719,0.132001,0.187148,0.398064,-0.077156,0.184483,0.787215,0.185613,0.039865,0.730721,-0.115147,0.015819,0.419696,0.180041,0.015894,0.354039,-0.121548,0.045480
0.591167,0.030605,0.181221,0.779399,0.138284,0.177325,0.782741,-0.070872,0.174656,0.399594,0.132083,0.187786,0.402936,-0.077074,0.185117,0.793513,0.185732,0.039264,0.731164,-0.115128,0.015855,0.420073,0.180064,0.015882,0.357739,-0.121536,0.050470
