0.020729,0.008245,0.334817,0.210038,0.113472,0.323378,0.210993,-0.095669,0.328291,-0.169535,0.112160,0.341342,-0.168580,-0.096981,0.346256,0.193917,0.154320,0.130078,0.191898,-0.145791,0.133674,-0.156124,0.153121,0.147096,-0.175336,-0.146684,0.167044
0.030083,0.012206,0.319687,0.219114,0.117546,0.305137,0.220384,-0.091544,0.311789,-0.160219,0.115957,0.327585,-0.158949,-0.093134,0.334236,0.177610,0.156817,0.118089,0.185543,-0.142850,0.135132,-0.124738,0.155405,0.131398,-0.143183,-0.144492,0.146240
0.039776,0.016044,0.301002,0.228555,0.121415,0.283673,0.230006,-0.087653,0.290960,-0.150454,0.119740,0.311044,-0.149004,-0.089328,0.318331,0.174168,0.160524,0.111735,0.175035,-0.139169,0.128690,-0.111989,0.158609,0.113753,-0.118615,-0.141227,0.128091
0.049728,0.019944,0.280101,0.238303,0.125197,0.260034,0.239796,-0.083842,0.268101,-0.140339,0.123730,0.292102,-0.138846,-0.085309,0.300168,0.175080,0.163944,0.097108,0.173654,-0.135718,0.114726,-0.112225,0.161584,0.089132,-0.107929,-0.138082,0.105594
0.059566,0.023979,0.256940,0.247979,0.129013,0.234367,0.249496,-0.079955,0.244078,-0.130363,0.127914,0.269802,-0.128846,-0.081055,0.279513,0.175084,0.166223,0.067356,0.187690,-0.132924,0.093030,-0.111868,0.163701,0.057911,-0.103503,-0.135811,0.076386
0.068798,0.028145,0.230712,0.256888,0.133255,0.205913,0.258848,-0.075587,0.217983,-0.121251,0.131877,0.243440,-0.119292,-0.076966,0.255510,0.176143,0.167469,0.023252,0.212501,-0.130352,0.065683,-0.099686,0.164864,0.022960,-0.098961,-0.134690,0.041171
0.077427,0.030004,0.204603,0.265274,0.134767,0.176691,0.267370,-0.073890,0.191609,-0.112517,0.133897,0.217597,-0.110421,-0.074760,0.232515,0.176346,0.167952,0.015982,0.236191,-0.131282,0.030609,-0.097389,0.165189,0.015793,-0.094588,-0.135663,0.015805
0.088028,0.029251,0.186471,0.275406,0.133641,0.154323,0.277498,-0.074977,0.169770,-0.101442,0.133479,0.203172,-0.099350,-0.075139,0.218619,0.177265,0.167996,0.016054,0.242342,-0.132285,0.016101,-0.095816,0.165252,0.015981,-0.093060,-0.135670,0.015801
0.101238,0.028207,0.177045,0.288473,0.132632,0.144187,0.290584,-0.076030,0.159042,-0.088107,0.132443,0.195049,-0.085997,-0.076218,0.209904,0.178645,0.167964,0.016022,0.243356,-0.132259,0.015981,-0.094304,0.165203,0.016022,-0.091691,-0.135654,0.015897
0.115372,0.027388,0.170920,0.302523,0.131905,0.137878,0.304662,-0.076801,0.152078,-0.073919,0.131576,0.189761,-0.071779,-0.077130,0.203961,0.180131,0.167913,0.015963,0.244698,-0.132239,0.015886,-0.092852,0.165112,0.015910,-0.090328,-0.135669,0.015962
0.129230,0.027196,0.164827,0.316078,0.131624,0.129840,0.318286,-0.077074,0.144164,-0.059825,0.131466,0.185489,-0.057617,-0.077232,0.199813,0.181790,0.167941,0.015875,0.246107,-0.132214,0.015691,-0.091495,0.165036,0.015683,-0.089218,-0.135743,0.015969
0.143002,0.027599,0.159489,0.329569,0.131779,0.122333,0.331806,-0.076858,0.137516,-0.045803,0.132056,0.181461,-0.043566,-0.076580,0.196644,0.183293,0.168047,0.016029,0.247550,-0.132191,0.015805,-0.090211,0.165091,0.015711,-0.087780,-0.135801,0.015616
0.157143,0.028511,0.156265,0.343575,0.132426,0.117718,0.345853,-0.076107,0.134254,-0.031568,0.133129,0.178277,-0.029289,-0.075404,0.194813,0.184659,0.168223,0.016046,0.248998,-0.132138,0.016002,-0.089043,0.165206,0.015714,-0.078856,-0.135762,0.015476
0.172363,0.029889,0.155798,0.358799,0.133650,0.116856,0.361208,-0.074744,0.135040,-0.016481,0.134522,0.176555,-0.014073,-0.073872,0.194739,0.187193,0.168486,0.015938,0.250491,-0.132036,0.016005,-0.088028,0.165301,0.015892,-0.056159,-0.135619,0.015567
0.188835,0.031466,0.157552,0.375398,0.135186,0.119112,0.377950,-0.073066,0.138843,-0.000279,0.135997,0.176262,0.002272,-0.072255,0.195992,0.191063,0.168781,0.015637,0.252030,-0.131917,0.015869,-0.087173,0.165409,0.016032,-0.018540,-0.135226,0.015933
0.205097,0.032299,0.159167,0.391495,0.136388,0.120925,0.394534,-0.071795,0.141303,0.015660,0.136393,0.177030,0.018699,-0.071790,0.197409,0.192411,0.168884,0.016010,0.253404,-0.131796,0.015966,-0.082293,0.164880,0.016075,0.028679,-0.135024,0.016507
0.220001,0.031433,0.159371,0.406155,0.136581,0.122876,0.409910,-0.071769,0.141342,0.030092,0.134635,0.177401,0.033848,-0.073715,0.195866,0.193415,0.168912,0.016022,0.307205,-0.129960,0.020556,-0.040979,0.165022,0.019809,0.073791,-0.133945,0.023073
0.234833,0.029972,0.157510,0.420430,0.137235,0.124503,0.425848,-0.071301,0.140248,0.043817,0.131245,0.174773,0.049236,-0.077291,0.190517,0.194561,0.168773,0.016049,0.379279,-0.125799,0.038347,0.031875,0.164757,0.018843,0.102301,-0.133682,0.029254
0.250492,0.029110,0.153519,0.435136,0.138788,0.123213,0.442913,-0.069748,0.137942,0.058071,0.127968,0.169095,0.065848,-0.080568,0.183824,0.205463,0.168243,0.015960,0.428135,-0.122590,0.043133,0.110802,0.164848,0.017865,0.107673,-0.135142,0.034618
0.266685,0.028074,0.147424,0.450185,0.140149,0.118995,0.460267,-0.068434,0.131497,0.073104,0.124582,0.163351,0.083186,-0.084000,0.175853,0.218504,0.168355,0.015876,0.461010,-0.120605,0.021004,0.183676,0.167272,0.025894,0.101597,-0.136772,0.041095
0.281399,0.026660,0.140471,0.464204,0.139755,0.111608,0.475265,-0.068878,0.122320,0.087532,0.122198,0.158622,0.098594,-0.086435,0.169334,0.245121,0.168806,0.016032,0.463420,-0.120550,0.015776,0.215583,0.167751,0.026000,0.098512,-0.139010,0.033056
0.295200,0.026010,0.134312,0.477139,0.140950,0.107325,0.490215,-0.067553,0.118296,0.100186,0.119572,0.150327,0.113262,-0.088931,0.161298,0.303235,0.170829,0.015792,0.463809,-0.120197,0.015925,0.216069,0.165365,0.015844,0.100993,-0.142963,0.015696
0.310032,0.026343,0.130372,0.492304,0.141481,0.106675,0.505325,-0.067057,0.117030,0.114738,0.119743,0.143714,0.127760,-0.088794,0.154069,0.363095,0.174514,0.016199,0.465670,-0.120138,0.016116,0.217360,0.165404,0.015989,0.102624,-0.142825,0.015766
0.325176,0.027117,0.128711,0.507631,0.142297,0.106690,0.520574,-0.066258,0.116795,0.129778,0.120491,0.140628,0.142721,-0.088063,0.150732,0.420963,0.178435,0.022617,0.467581,-0.120021,0.015999,0.218758,0.165565,0.015993,0.108055,-0.142348,0.015687
0.340446,0.027706,0.128059,0.523100,0.142946,0.108098,0.535941,-0.065642,0.117610,0.144952,0.121055,0.138508,0.157793,-0.087534,0.148021,0.468769,0.181898,0.036018,0.469426,-0.119968,0.015708,0.220293,0.165678,0.015765,0.123866,-0.141238,0.015755
0.355900,0.028135,0.128105,0.538769,0.143453,0.110727,0.551495,-0.065180,0.119389,0.160305,0.121451,0.136820,0.173031,-0.087182,0.145482,0.503513,0.184328,0.049358,0.471153,-0.119955,0.015805,0.221968,0.165756,0.015661,0.147822,-0.139680,0.015740
0.371464,0.028456,0.128710,0.554494,0.143875,0.113887,0.567148,-0.064803,0.121520,0.175780,0.121714,0.135899,0.188434,-0.086963,0.143532,0.529492,0.185929,0.059398,0.472735,-0.119952,0.015992,0.223702,0.165795,0.015891,0.174487,-0.137931,0.018912
0.387222,0.028779,0.129848,0.570341,0.144286,0.116939,0.582959,-0.064430,0.123500,0.191485,0.121988,0.136195,0.204103,-0.086728,0.142757,0.551150,0.187073,0.065780,0.474286,-0.119936,0.015961,0.225469,0.165816,0.015891,0.202553,-0.136128,0.023460
0.403427,0.029318,0.131570,0.586609,0.144860,0.119927,0.599184,-0.063881,0.125719,0.207670,0.122517,0.137422,0.220246,-0.086225,0.143214,0.570544,0.187951,0.066182,0.475800,-0.119915,0.015782,0.227322,0.165880,0.015940,0.235452,-0.134132,0.025231
0.420151,0.030320,0.133591,0.603389,0.145848,0.122712,0.615918,-0.062899,0.128427,0.224384,0.123539,0.138756,0.236913,-0.085207,0.144471,0.588048,0.188671,0.056787,0.477280,-0.119849,0.015918,0.229204,0.166011,0.015822,0.279826,-0.131485,0.023790
0.437416,0.032154,0.135227,0.620671,0.147599,0.123765,0.633175,-0.061113,0.130658,0.241657,0.125421,0.139796,0.254162,-0.083291,0.146688,0.599740,0.188934,0.033906,0.478752,-0.119708,0.015998,0.231043,0.166248,0.015837,0.339464,-0.127755,0.025022
0.454464,0.034454,0.135354,0.637480,0.149902,0.120579,0.650238,-0.058714,0.129592,0.258690,0.127623,0.141115,0.271448,-0.080993,0.150128,0.599437,0.188636,0.016035,0.480190,-0.119601,0.015949,0.233028,0.166214,0.015757,0.398556,-0.123738,0.035752
0.470322,0.035827,0.134756,0.653817,0.150337,0.118692,0.665550,-0.058358,0.127257,0.275093,0.130011,0.142255,0.286826,-0.078684,0.150820,0.601438,0.188744,0.016161,0.515716,-0.116907,0.016019,0.243128,0.168583,0.015759,0.433715,-0.120556,0.039444
0.485577,0.036445,0.132773,0.669838,0.149769,0.117069,0.680098,-0.059069,0.123841,0.291056,0.131959,0.141705,0.301316,-0.076880,0.148477,0.603375,0.188749,0.015810,0.569108,-0.113321,0.022995,0.264533,0.172098,0.015695,0.440509,-0.119583,0.024721
0.500786,0.036738,0.129600,0.685309,0.149763,0.114845,0.695135,-0.059125,0.120672,0.306437,0.132602,0.138527,0.316262,-0.076286,0.144354,0.605248,0.188753,0.015826,0.619871,-0.110631,0.032927,0.292143,0.174022,0.015722,0.442644,-0.119447,0.015728
0.516151,0.037608,0.127476,0.700739,0.150660,0.113769,0.710580,-0.058216,0.119975,0.321723,0.133433,0.134977,0.331564,-0.075444,0.141184,0.606978,0.188857,0.015962,0.659576,-0.108407,0.043685,0.322769,0.175455,0.015585,0.444066,-0.119387,0.015855
0.531776,0.039053,0.126843,0.716455,0.152130,0.114658,0.726326,-0.056704,0.122105,0.337227,0.134810,0.131581,0.347098,-0.074024,0.139029,0.608559,0.189041,0.015985,0.691306,-0.106350,0.053095,0.356456,0.177125,0.015981,0.445606,-0.119287,0.015972
0.547691,0.040737,0.127434,0.732500,0.153773,0.116949,0.742299,-0.055006,0.125895,0.353084,0.136480,0.128972,0.362883,-0.072299,0.137919,0.610038,0.189233,0.015800,0.720403,-0.104325,0.061713,0.389050,0.179047,0.020159,0.447242,-0.119110,0.015888
0.563919,0.042414,0.128840,0.748855,0.155386,0.120069,0.758524,-0.053333,0.130442,0.369314,0.138160,0.127238,0.378983,-0.070559,0.137611,0.611494,0.189399,0.015865,0.748390,-0.102448,0.068256,0.422770,0.181124,0.025288,0.448993,-0.118934,0.015608
0.580414,0.043827,0.130389,0.765434,0.156780,0.123305,0.774992,-0.051893,0.134658,0.385836,0.139547,0.126119,0.395393,-0.069126,0.137472,0.612917,0.189523,0.016025,0.775301,-0.101016,0.069000,0.464529,0.183460,0.029501,0.450786,-0.118770,0.015850
0.597034,0.044573,0.131105,0.782056,0.157599,0.125335,0.791616,-0.051080,0.136564,0.402453,0.140226,0.125647,0.412013,-0.068454,0.136876,0.614285,0.189594,0.015997,0.799864,-0.100460,0.058608,0.516136,0.186144,0.035453,0.452599,-0.118668,0.015882
0.613525,0.044789,0.129705,0.798163,0.158434,0.123780,0.808428,-0.050284,0.133588,0.418622,0.139862,0.125822,0.428888,-0.068855,0.135630,0.616459,0.189981,0.015866,0.815648,-0.100323,0.030604,0.563805,0.188677,0.043232,0.454607,-0.118768,0.015980
0.629360,0.045013,0.126469,0.813284,0.159711,0.118866,0.824833,-0.048932,0.128832,0.433887,0.138959,0.124106,0.445437,-0.069684,0.134072,0.640748,0.190809,0.015816,0.816542,-0.100359,0.015850,0.595007,0.189259,0.036378,0.457096,-0.120258,0.015812
0.645184,0.046419,0.123227,0.828733,0.161643,0.114599,0.840959,-0.046878,0.126199,0.449408,0.139716,0.120255,0.461634,-0.068804,0.131854,0.701361,0.194306,0.016337,0.817522,-0.099985,0.015917,0.594155,0.188004,0.016038,0.459880,-0.120966,0.015720
0.661449,0.048002,0.121532,0.844995,0.163154,0.111933,0.857222,-0.045291,0.124802,0.465677,0.141296,0.118262,0.477904,-0.067150,0.131131,0.761458,0.198491,0.024828,0.819355,-0.099838,0.016098,0.595555,0.188215,0.016004,0.462983,-0.120768,0.015670
0.677654,0.048932,0.121315,0.861231,0.164033,0.111697,0.873400,-0.044419,0.124515,0.481908,0.142283,0.118114,0.494078,-0.066169,0.130933,0.810239,0.202236,0.039605,0.821226,-0.099749,0.016036,0.597116,0.188329,0.015789,0.474608,-0.120005,0.015695
0.693859,0.049380,0.122014,0.877483,0.164498,0.113576,0.889580,-0.044015,0.125443,0.498138,0.142775,0.118585,0.510235,-0.065737,0.130453,0.845102,0.204784,0.053226,0.823103,-0.099715,0.015733,0.598752,0.188371,0.015948,0.494771,-0.118767,0.015666
0.709969,0.049487,0.123197,0.893677,0.164603,0.116802,0.905637,-0.043998,0.127167,0.514300,0.142972,0.119227,0.526261,-0.065629,0.129593,0.871106,0.206210,0.062872,0.824840,-0.099745,0.015789,0.600526,0.188367,0.016001,0.519522,-0.117252,0.015767
0.725998,0.049447,0.124694,0.909810,0.164500,0.120537,0.921582,-0.044190,0.129177,0.530414,0.143084,0.120211,0.542186,-0.065605,0.128851,0.892801,0.206979,0.069273,0.826447,-0.099804,0.015985,0.602457,0.188385,0.015763,0.543889,-0.115589,0.019696
0.742031,0.049439,0.126495,0.925925,0.164411,0.124106,0.937540,-0.044350,0.131095,0.546523,0.143229,0.121896,0.558137,-0.065532,0.128885,0.912616,0.207495,0.072701,0.827982,-0.099844,0.015977,0.604445,0.188443,0.015726,0.568060,-0.114014,0.024661
0.758175,0.049638,0.128658,0.942109,0.164563,0.127460,0.953642,-0.044240,0.133199,0.562707,0.143516,0.124116,0.574240,-0.065287,0.129855,0.931471,0.207957,0.070879,0.829499,-0.099860,0.015785,0.606395,0.188492,0.015950,0.595760,-0.112449,0.027494
0.774605,0.050289,0.131039,0.958584,0.165148,0.130478,0.970028,-0.043674,0.135709,0.579181,0.144252,0.126370,0.590625,-0.064569,0.131600,0.949755,0.208449,0.060711,0.830999,-0.099826,0.015908,0.608340,0.188616,0.015930,0.632516,-0.110426,0.027007
0.791603,0.051762,0.133293,0.975663,0.166487,0.132174,0.986964,-0.042321,0.138190,0.596243,0.145844,0.128396,0.607544,-0.062964,0.134412,0.964874,0.208811,0.040987,0.832433,-0.099741,0.015973,0.610412,0.188905,0.015909,0.682269,-0.107537,0.027452
0.809170,0.054129,0.134570,0.993330,0.168611,0.130106,1.004470,-0.040125,0.138458,0.613869,0.148382,0.130681,0.625010,-0.060354,0.139034,0.967408,0.208182,0.015230,0.833849,-0.099684,0.015964,0.612527,0.189261,0.015710,0.740322,-0.103906,0.035178
0.826077,0.056099,0.135094,1.010477,0.170016,0.127323,1.021148,-0.038691,0.136922,0.631005,0.150889,0.133266,0.641676,-0.057818,0.142865,0.969376,0.208354,0.016050,0.848845,-0.098622,0.015926,0.615796,0.190264,0.015752,0.784783,-0.100631,0.043457
0.842194,0.057105,0.134602,1.027171,0.170016,0.125903,1.036734,-0.038786,0.134575,0.647653,0.152996,0.134628,0.657216,-0.055806,0.143300,0.971399,0.208435,0.016033,0.897471,-0.095569,0.017352,0.627442,0.192666,0.015670,0.805847,-0.098916,0.037809
0.857887,0.057455,0.132056,1.043471,0.169382,0.123567,1.051879,-0.039531,0.130608,0.663895,0.154441,0.133504,0.672303,-0.054472,0.140546,0.973309,0.208436,0.015727,0.952939,-0.092583,0.025040,0.648653,0.195369,0.015694,0.809949,-0.098602,0.017200
0.873440,0.057848,0.128873,1.059010,0.169784,0.120214,1.067433,-0.039131,0.127164,0.679446,0.154826,0.130583,0.687869,-0.054088,0.137533,0.975131,0.208442,0.015819,1.003370,-0.090240,0.036533,0.674113,0.196300,0.015646,0.811479,-0.098669,0.015719
0.889050,0.058975,0.127387,1.074739,0.170745,0.119137,1.082978,-0.038147,0.126931,0.695121,0.156098,0.127843,0.703360,-0.052795,0.135637,0.976840,0.208552,0.015989,1.041476,-0.088195,0.049359,0.704328,0.197794,0.015712,0.812925,-0.098459,0.015872
0.904987,0.060451,0.127493,1.090728,0.172230,0.120650,1.098935,-0.036606,0.129865,0.711040,0.157507,0.125120,0.719247,-0.051329,0.134335,0.978402,0.208727,0.015982,1.070874,-0.086378,0.058689,0.737907,0.199321,0.016997,0.814547,-0.098336,0.015986
0.921116,0.062040,0.128713,1.106939,0.173768,0.123423,1.115009,-0.035004,0.134086,0.727222,0.159085,0.123340,0.735293,-0.049687,0.134004,0.979896,0.208902,0.015785,1.098501,-0.084648,0.066300,0.770652,0.201103,0.021455,0.816274,-0.098137,0.015802
0.937473,0.063506,0.130494,1.123357,0.175194,0.126719,1.131282,-0.033518,0.138606,0.743665,0.160530,0.122383,0.751590,-0.048182,0.134270,0.981362,0.209047,0.015901,1.125921,-0.083116,0.071202,0.806358,0.202999,0.026373,0.818077,-0.097972,0.015609
0.954018,0.064494,0.132092,1.139910,0.176209,0.129828,1.147758,-0.032478,0.142192,0.760277,0.161466,0.121992,0.768125,-0.047220,0.134356,0.982795,0.209120,0.016036,1.152410,-0.082172,0.069496,0.851953,0.205097,0.031204,0.819893,-0.097858,0.015817
0.970566,0.064808,0.132432,1.156350,0.176715,0.130935,1.164381,-0.031999,0.142696,0.776751,0.161615,0.122168,0.784782,-0.047099,0.133929,0.984171,0.209168,0.015978,1.175116,-0.082129,0.054196,0.904082,0.207381,0.038947,0.821745,-0.097878,0.016012
0.986908,0.064754,0.130186,1.172013,0.177769,0.127927,1.181379,-0.031007,0.137395,0.792437,0.160516,0.122978,0.801803,-0.048260,0.132445,0.993204,0.210210,0.015908,1.183132,-0.081852,0.018732,0.945304,0.209348,0.044287,0.823766,-0.098100,0.015951
1.002651,0.064891,0.126720,1.186936,0.179155,0.121838,1.197844,-0.029488,0.132500,0.807458,0.159270,0.120939,0.818366,-0.049374,0.131601,1.028947,0.211058,0.015997,1.184980,-0.081691,0.015876,0.965031,0.208345,0.028303,0.826112,-0.100463,0.015702
1.018532,0.066179,0.124016,1.202411,0.181066,0.118479,1.214058,-0.027465,0.130462,0.823006,0.159824,0.117571,0.834653,-0.048708,0.129554,1.084401,0.214401,0.019811,1.185967,-0.081209,0.015958,0.965080,0.207520,0.016038,0.829496,-0.101128,0.015811
1.034538,0.067322,0.123336,1.218438,0.182133,0.116989,1.230051,-0.026372,0.129445,0.839026,0.161016,0.117227,0.850638,-0.047490,0.129683,1.140327,0.218195,0.030119,1.187714,-0.081104,0.016085,0.966488,0.207668,0.015980,0.832568,-0.100905,0.015724
1.050533,0.068063,0.123779,1.234496,0.182770,0.117361,1.245996,-0.025763,0.129448,0.855071,0.161889,0.118111,0.866571,-0.046645,0.130198,1.185254,0.221411,0.044231,1.189601,-0.081047,0.015949,0.968069,0.207786,0.015797,0.844964,-0.100065,0.015753
1.066536,0.068393,0.124680,1.250545,0.183080,0.119328,1.261958,-0.025515,0.130384,0.871114,0.162301,0.118976,0.882527,-0.046295,0.130033,1.218195,0.223557,0.056416,1.191407,-0.081036,0.015699,0.969743,0.207820,0.015974,0.866394,-0.098821,0.015660
1.082485,0.068397,0.125764,1.266559,0.183053,0.122324,1.277841,-0.025625,0.131858,0.887129,0.162418,0.119670,0.898411,-0.046259,0.129204,1.243499,0.224752,0.065029,1.193075,-0.081071,0.015873,0.971513,0.207807,0.015988,0.892120,-0.097327,0.016191
1.098419,0.068253,0.127012,1.282572,0.182826,0.125660,1.293685,-0.025934,0.133453,0.903154,0.162439,0.120571,0.914266,-0.046320,0.128363,1.265014,0.225387,0.070748,1.194615,-0.081137,0.016003,0.973403,0.207810,0.015719,0.917304,-0.095733,0.020443
1.114471,0.068165,0.128555,1.298657,0.182693,0.128778,1.309688,-0.026125,0.134952,0.919254,0.162455,0.122157,0.930285,-0.046363,0.128331,1.284870,0.225858,0.073310,1.196152,-0.081174,0.015948,0.975337,0.207805,0.015771,0.942376,-0.094305,0.025253
1.130650,0.068340,0.130476,1.314882,0.182786,0.131768,1.325813,-0.026069,0.136747,0.935486,0.162750,0.124206,0.946417,-0.046105,0.129185,1.303873,0.226263,0.070021,1.197648,-0.081185,0.015803,0.977275,0.207881,0.015967,0.971635,-0.092737,0.027429
1.147186,0.069036,0.132637,1.331432,0.183455,0.134382,1.342328,-0.025409,0.139033,0.952045,0.163482,0.126241,0.962940,-0.045382,0.130891,1.322041,0.226788,0.058016,1.199133,-0.081143,0.015931,0.979318,0.207972,0.015920,1.010939,-0.090720,0.026758
1.164379,0.070612,0.134631,1.348685,0.184944,0.135375,1.359488,-0.023900,0.141040,0.969270,0.165124,0.128222,0.980073,-0.043720,0.133886,1.335769,0.227135,0.036977,1.200597,-0.081039,0.015979,0.981488,0.208236,0.015869,1.063228,-0.087805,0.028512
1.181934,0.072950,0.135487,1.366341,0.187075,0.132167,1.377025,-0.021692,0.140351,0.986844,0.167593,0.130623,0.997528,-0.041174,0.138806,1.336078,0.226512,0.015880,1.202161,-0.081062,0.015935,0.983622,0.208473,0.015847,1.120020,-0.084393,0.038215
1.198780,0.074739,0.135726,1.383600,0.188062,0.129364,1.393520,-0.020716,0.138200,1.004041,0.170193,0.133251,1.013960,-0.038585,0.142087,1.337944,0.226643,0.016138,1.224161,-0.079480,0.015912,0.988594,0.210028,0.015739,1.159746,-0.081326,0.044607
1.214867,0.075761,0.134593,1.400415,0.187831,0.127293,1.408951,-0.021049,0.135103,1.020782,0.172570,0.134082,1.029318,-0.036309,0.141892,1.339938,0.226716,0.015937,1.276663,-0.076336,0.018467,1.003272,0.212948,0.015689,1.176252,-0.079799,0.035591
1.230656,0.076113,0.131407,1.416857,0.187114,0.124398,1.424155,-0.021861,0.130789,1.037157,0.174087,0.132025,1.044455,-0.034888,0.138417,1.341907,0.226674,0.015804,1.331879,-0.073759,0.026938,1.026560,0.215657,0.015674,1.179510,-0.079420,0.015844
1.246468,0.076268,0.128061,1.432598,0.187431,0.121798,1.440047,-0.021548,0.127847,1.052888,0.174085,0.128275,1.060337,-0.034895,0.134324,1.343687,0.226694,0.015876,1.376847,-0.071884,0.038551,1.053780,0.216350,0.015507,1.180949,-0.079525,0.015779
1.262257,0.077116,0.126546,1.448430,0.188265,0.121387,1.455831,-0.020700,0.127975,1.068682,0.174932,0.125117,1.076084,-0.034033,0.131705,1.345330,0.226792,0.015996,1.412714,-0.070166,0.050648,1.084899,0.217563,0.015857,1.182418,-0.079420,0.015863
1.278282,0.078442,0.126823,1.464454,0.189642,0.122895,1.471871,-0.019278,0.130756,1.084694,0.176161,0.122891,1.092110,-0.032759,0.130751,1.346879,0.226954,0.015901,1.443360,-0.068438,0.060681,1.116876,0.218895,0.018709,1.184078,-0.079324,0.015977
1.294518,0.079928,0.128318,1.480716,0.191121,0.125567,1.488060,-0.017745,0.134831,1.100975,0.177602,0.121804,1.108319,-0.031264,0.131069,1.348361,0.227121,0.015810,1.472162,-0.066773,0.068421,1.148412,0.220455,0.024010,1.185832,-0.079176,0.015749
1.311020,0.081256,0.130326,1.497240,0.192437,0.128837,1.504487,-0.016381,0.139196,1.117553,0.178893,0.121457,1.124800,-0.029925,0.131815,1.349815,0.227255,0.015978,1.500092,-0.065408,0.071838,1.185327,0.222180,0.028760,1.187677,-0.079035,0.015718
1.327702,0.082024,0.131916,1.513897,0.193255,0.131631,1.521130,-0.015555,0.142169,1.134273,0.179602,0.121664,1.141506,-0.029207,0.132202,1.351239,0.227321,0.016020,1.526471,-0.064714,0.066681,1.233414,0.224130,0.033665,1.189528,-0.078950,0.015866
1.344307,0.082153,0.131811,1.530311,0.193705,0.131679,1.537920,-0.015135,0.141316,1.150694,0.179441,0.122307,1.158303,-0.029398,0.131944,1.352664,0.227419,0.015908,1.547383,-0.064717,0.045999,1.284693,0.226137,0.041797,1.191529,-0.079067,0.015987
1.360519,0.081884,0.128960,1.545998,0.194294,0.127216,1.554686,-0.014591,0.134725,1.166353,0.178359,0.123194,1.175041,-0.030525,0.130704,1.368198,0.228413,0.015836,1.549467,-0.064601,0.015830,1.323031,0.227509,0.042939,1.193543,-0.079399,0.015976
1.376511,0.082200,0.125502,1.561443,0.195447,0.121466,1.571166,-0.013355,0.129927,1.181855,0.177755,0.121077,1.191578,-0.031047,0.129538,1.424054,0.230325,0.016311,1.550951,-0.064457,0.015831,1.328799,0.225878,0.016024,1.195895,-0.080998,0.015644
1.393196,0.083415,0.122978,1.578122,0.196628,0.117857,1.587858,-0.012134,0.127256,1.198534,0.178964,0.118700,1.208270,-0.029798,0.128100,1.482173,0.233388,0.022105,1.552846,-0.064321,0.016002,1.330229,0.226026,0.015987,1.198094,-0.080871,0.015858
1.409527,0.084184,0.122481,1.594470,0.197341,0.116764,1.604173,-0.011422,0.126184,1.214881,0.179789,0.118779,1.224584,-0.028973,0.128199,1.535414,0.236543,0.037023,1.554799,-0.064232,0.016042,1.331770,0.226120,0.015803,1.206878,-0.080421,0.015643
1.425838,0.084585,0.123120,1.610805,0.197743,0.118215,1.620467,-0.011051,0.126961,1.231210,0.180221,0.119279,1.240872,-0.028572,0.128024,1.574607,0.238863,0.052730,1.556717,-0.064195,0.015806,1.333423,0.226160,0.015907,1.224926,-0.079555,0.015668
1.442009,0.084663,0.124277,1.627011,0.197822,0.121024,1.636604,-0.011022,0.128562,1.247414,0.180349,0.119991,1.257007,-0.028495,0.127529,1.603012,0.240197,0.064217,1.558493,-0.064207,0.015805,1.335189,0.226154,0.015982,1.248542,-0.078445,0.015779
1.458088,0.084558,0.125671,1.643138,0.197678,0.124450,1.652625,-0.011220,0.130492,1.263551,0.180335,0.120851,1.273038,-0.028563,0.126892,1.625759,0.240875,0.071584,1.560111,-0.064250,0.015937,1.337078,0.226150,0.015754,1.273581,-0.077193,0.018325
1.474148,0.084426,0.127302,1.659240,0.197483,0.127817,1.668627,-0.011457,0.132353,1.279669,0.180309,0.122251,1.289056,-0.028631,0.126787,1.646026,0.241263,0.075630,1.561635,-0.064297,0.015970,1.339040,0.226171,0.015740,1.298497,-0.075973,0.022709
1.490295,0.084453,0.129282,1.675407,0.197465,0.130974,1.684741,-0.011500,0.134301,1.295850,0.180405,0.124263,1.305183,-0.028560,0.127590,1.665142,0.241611,0.074667,1.563141,-0.064319,0.015804,1.340984,0.226198,0.015971,1.326173,-0.074747,0.025649
1.506668,0.084900,0.131518,1.691804,0.197862,0.133858,1.701080,-0.011114,0.136665,1.312256,0.180914,0.126371,1.321532,-0.028062,0.129177,1.683574,0.242079,0.065613,1.564625,-0.064292,0.015896,1.342936,0.226291,0.015917,1.362035,-0.073155,0.025544
1.523582,0.086131,0.133711,1.708790,0.198984,0.135605,1.717936,-0.009986,0.139122,1.329229,0.182248,0.128300,1.338375,-0.026722,0.131817,1.699291,0.242576,0.046959,1.566083,-0.064206,0.015961,1.344998,0.226546,0.015848,1.410512,-0.070845,0.026017
1.541088,0.088228,0.135110,1.726476,0.200795,0.133992,1.735339,-0.008137,0.139754,1.346838,0.184594,0.130466,1.355701,-0.024339,0.136228,1.703276,0.242130,0.018362,1.567491,-0.064180,0.015962,1.347069,0.226948,0.015764,1.468300,-0.067911,0.033253
1.558147,0.090141,0.135609,1.743686,0.202366,0.130899,1.752284,-0.006533,0.138110,1.364011,0.186815,0.133108,1.372609,-0.022084,0.140319,1.705263,0.242334,0.015989,1.573479,-0.063627,0.015885,1.349567,0.227688,0.015820,1.514649,-0.065076,0.044052
1.574200,0.091096,0.135190,1.760304,0.202317,0.129187,1.767816,-0.006647,0.135672,1.380584,0.188839,0.134708,1.388095,-0.020126,0.141193,1.707155,0.242396,0.016033,1.618846,-0.061222,0.015865,1.360720,0.229933,0.015706,1.538233,-0.063352,0.040576
1.589737,0.091457,0.132988,1.776598,0.201394,0.126818,1.782648,-0.007663,0.131630,1.396826,0.190577,0.134346,1.402876,-0.018480,0.139157,1.709095,0.242367,0.015784,1.666904,-0.058998,0.022780,1.380298,0.232850,0.015727,1.543735,-0.062627,0.019973
1.605118,0.091729,0.130011,1.792058,0.201508,0.123439,1.797939,-0.007557,0.128128,1.412297,0.191015,0.131893,1.418178,-0.018050,0.136583,1.710898,0.242291,0.015829,1.720178,-0.057356,0.033041,1.404499,0.233669,0.015699,1.545268,-0.062664,0.015768
1.620571,0.092627,0.128311,1.807548,0.202350,0.121859,1.813380,-0.006696,0.127366,1.427762,0.191949,0.129257,1.433595,-0.017097,0.134764,1.712585,0.242394,0.015946,1.761455,-0.055779,0.045718,1.433254,0.234590,0.015550,1.546722,-0.062557,0.015845
1.636295,0.093892,0.127960,1.823313,0.203607,0.122658,1.829116,-0.005399,0.129547,1.443474,0.193183,0.126374,1.449277,-0.015823,0.133262,1.714154,0.242553,0.015983,1.792615,-0.054339,0.055698,1.466090,0.235667,0.016024,1.548264,-0.062432,0.015968
1.652218,0.095317,0.128748,1.839279,0.205011,0.124717,1.845013,-0.003939,0.133171,1.459423,0.194573,0.124324,1.465156,-0.014377,0.132779,1.715641,0.242717,0.015806,1.821078,-0.052901,0.063957,1.497913,0.236915,0.020059,1.549948,-0.062284,0.015912
1.668369,0.096697,0.130278,1.855477,0.206353,0.127542,1.861093,-0.002537,0.137426,1.475645,0.195931,0.123129,1.481262,-0.012960,0.133014,1.717100,0.242865,0.015862,1.848981,-0.051568,0.070061,1.530676,0.238296,0.025241,1.551725,-0.062136,0.015640
1.684803,0.097776,0.131933,1.871945,0.207400,0.130547,1.877434,-0.001448,0.141377,1.492172,0.197001,0.122489,1.497661,-0.011847,0.133319,1.718517,0.242955,0.016018,1.876295,-0.050649,0.071098,1.571415,0.239799,0.029715,1.553526,-0.061999,0.015798
1.701344,0.098208,0.132727,1.888470,0.207866,0.132338,1.893942,-0.000986,0.143091,1.508745,0.197403,0.122363,1.514217,-0.011449,0.133115,1.719948,0.242986,0.015999,1.901204,-0.050521,0.061521,1.622079,0.241441,0.035781,1.555396,-0.061933,0.015848
1.717697,0.098186,0.131303,1.904425,0.208517,0.130449,1.910709,-0.000379,0.139820,1.524685,0.196750,0.122787,1.530969,-0.012146,0.132158,1.722316,0.243415,0.015871,1.917175,-0.050444,0.034091,1.668929,0.243043,0.043382,1.557436,-0.062077,0.015983
1.733440,0.098001,0.127629,1.919672,0.209120,0.124257,1.926969,0.000228,0.132936,1.539911,0.195773,0.122322,1.547209,-0.013119,0.131000,1.748601,0.244159,0.015887,1.916551,-0.050517,0.015855,1.699136,0.243278,0.036276,1.559530,-0.062990,0.015846
1.749348,0.098990,0.124261,1.935311,0.210495,0.119213,1.943119,0.001689,0.129396,1.555577,0.196292,0.119127,1.563384,-0.012514,0.129310,1.805511,0.246225,0.017668,1.918230,-0.050311,0.015944,1.699717,0.242189,0.016021,1.562034,-0.063637,0.015765
1.765724,0.100240,0.122842,1.951699,0.211666,0.116629,1.959486,0.002921,0.127998,1.571962,0.197559,0.117687,1.579749,-0.011187,0.129056,1.865991,0.249109,0.026485,1.920047,-0.050192,0.016130,1.701129,0.242387,0.015981,1.565000,-0.063460,0.015700
1.782032,0.100883,0.122987,1.968018,0.212280,0.116557,1.975784,0.003534,0.127939,1.588280,0.198233,0.118035,1.596046,-0.010513,0.129416,1.915739,0.251781,0.041318,1.921986,-0.050120,0.016005,1.702711,0.242464,0.015790,1.576620,-0.062986,0.015676
1.798328,0.101030,0.123817,1.984342,0.212435,0.118409,1.992056,0.003642,0.128922,1.604600,0.198419,0.118712,1.612315,-0.010374,0.129225,1.951537,0.253570,0.055025,1.923858,-0.050117,0.015726,1.704399,0.242472,0.015971,1.597075,-0.062193,0.015685
1.814510,0.100816,0.124932,2.000581,0.212200,0.121394,2.008180,0.003335,0.130472,1.620841,0.198296,0.119392,1.628440,-0.010568,0.128470,1.978192,0.254444,0.064691,1.925604,-0.050177,0.015792,1.706224,0.242432,0.015988,1.622147,-0.061217,0.015802
1.830593,0.100464,0.126271,2.016747,0.211754,0.124758,2.024169,0.002817,0.132166,1.637017,0.198110,0.120376,1.644439,-0.010827,0.127785,2.000254,0.254764,0.070844,1.927179,-0.050255,0.015988,1.708114,0.242432,0.015714,1.646721,-0.060076,0.019979
1.846695,0.100148,0.127916,2.032900,0.211363,0.127947,2.040206,0.002373,0.133807,1.653184,0.197924,0.122025,1.660489,-0.011066,0.127885,2.020394,0.254903,0.073808,1.928713,-0.050325,0.015965,1.710095,0.242430,0.015778,1.671479,-0.059067,0.024849
1.862919,0.100074,0.129932,2.049158,0.211228,0.130978,2.056386,0.002206,0.135717,1.669451,0.197941,0.124147,1.676680,-0.011080,0.128887,2.039506,0.255022,0.070948,1.930230,-0.050365,0.015778,1.712053,0.242451,0.015970,1.700462,-0.058051,0.027233
1.879429,0.100515,0.132180,2.065703,0.211606,0.133651,2.072855,0.002576,0.138109,1.686002,0.198455,0.126252,1.693155,-0.010575,0.130709,2.057772,0.255236,0.059301,1.931726,-0.050346,0.015917,1.713977,0.242546,0.015903,1.739263,-0.056704,0.026635
