0.011158,0.013934,0.335437,0.199485,0.121055,0.345409,0.202715,-0.087760,0.333144,-0.180399,0.115629,0.337730,-0.177169,-0.093187,0.325465,0.197021,0.178498,0.141984,0.192280,-0.121336,0.126792,-0.158450,0.173619,0.131421,-0.157391,-0.127189,0.134345
0.016663,0.021319,0.321505,0.204148,0.129963,0.330820,0.209049,-0.078725,0.317036,-0.175723,0.121363,0.325974,-0.170823,-0.087324,0.312190,0.223925,0.189575,0.125143,0.231230,-0.111495,0.131263,-0.123392,0.182915,0.102505,-0.126984,-0.118759,0.113895
0.023384,0.028789,0.303518,0.210062,0.138833,0.312613,0.216515,-0.069752,0.297941,-0.169747,0.127330,0.309094,-0.163294,-0.081255,0.294422,0.243381,0.199628,0.111010,0.250295,-0.101561,0.116959,-0.097389,0.191836,0.071902,-0.105995,-0.111079,0.095566
0.031200,0.036342,0.281591,0.216828,0.148095,0.291326,0.225250,-0.060399,0.276359,-0.162849,0.133082,0.286823,-0.154427,-0.075412,0.271856,0.251710,0.209915,0.085074,0.248281,-0.091109,0.081850,-0.076210,0.199839,0.040918,-0.087361,-0.103771,0.069374
0.039444,0.043892,0.255246,0.223774,0.157733,0.265437,0.234582,-0.050670,0.250738,-0.155694,0.138453,0.259755,-0.144886,-0.069950,0.245056,0.256702,0.219830,0.056095,0.243736,-0.081936,0.053909,-0.063016,0.206081,0.015927,-0.075325,-0.097507,0.040055
0.047874,0.048923,0.228539,0.229503,0.167312,0.234568,0.245160,-0.040827,0.220506,-0.149411,0.138674,0.236571,-0.133754,-0.069465,0.222509,0.248303,0.228721,0.022714,0.233788,-0.073555,0.016120,-0.061446,0.205880,0.015914,-0.071209,-0.096469,0.015685
0.057121,0.051766,0.205618,0.238760,0.170288,0.204553,0.254051,-0.037897,0.190774,-0.139808,0.141430,0.220461,-0.124518,-0.066755,0.206683,0.243769,0.228810,0.015949,0.233121,-0.073532,0.015900,-0.060026,0.206495,0.015975,-0.069964,-0.095788,0.015823
0.068161,0.054524,0.189152,0.249677,0.173183,0.185535,0.265000,-0.035061,0.172719,-0.128678,0.144110,0.205584,-0.113355,-0.064134,0.192768,0.243545,0.228828,0.015936,0.233511,-0.073388,0.015949,-0.058516,0.206611,0.015802,-0.068490,-0.095612,0.015986
0.081306,0.057096,0.177788,0.262763,0.175804,0.172985,0.278130,-0.032499,0.161222,-0.115517,0.146690,0.194354,-0.100150,-0.061613,0.182591,0.244072,0.228945,0.015824,0.234525,-0.073160,0.015983,-0.057021,0.206740,0.015705,-0.066966,-0.095403,0.016004
0.095600,0.059801,0.169871,0.276972,0.178561,0.163425,0.292400,-0.029817,0.153148,-0.101200,0.149419,0.186594,-0.085772,-0.058958,0.176318,0.245012,0.229105,0.015787,0.235915,-0.072862,0.015957,-0.055461,0.206850,0.015962,-0.065365,-0.095163,0.015839
0.110424,0.062472,0.164541,0.291719,0.181241,0.156325,0.307185,-0.027209,0.147702,-0.086337,0.152153,0.181380,-0.070871,-0.056296,0.172758,0.246274,0.229292,0.015866,0.237443,-0.072554,0.016102,-0.053996,0.207005,0.016061,-0.063809,-0.094890,0.015729
0.125607,0.064707,0.162370,0.306811,0.183482,0.152442,0.322315,-0.025014,0.145137,-0.071102,0.154428,0.179603,-0.055598,-0.054069,0.172297,0.247761,0.229480,0.015854,0.238998,-0.072289,0.016005,-0.052610,0.207140,0.015980,-0.062438,-0.094698,0.015824
0.141388,0.066365,0.164489,0.322514,0.185147,0.153288,0.338039,-0.023372,0.146687,-0.055263,0.156102,0.182290,-0.039738,-0.052416,0.175689,0.249367,0.229648,0.015915,0.240537,-0.072087,0.015820,-0.051305,0.207264,0.015839,-0.061339,-0.094567,0.015960
0.157833,0.067453,0.171983,0.338952,0.186237,0.160689,0.354485,-0.022284,0.154200,-0.038819,0.157191,0.189766,-0.023286,-0.051331,0.183277,0.250983,0.229785,0.015988,0.242022,-0.071952,0.015787,-0.050338,0.207345,0.015804,-0.060668,-0.094507,0.015972
0.175064,0.068245,0.185579,0.356301,0.186993,0.175913,0.371835,-0.021526,0.169338,-0.021706,0.158016,0.201819,-0.006172,-0.050503,0.195244,0.252643,0.229916,0.015879,0.243544,-0.071841,0.015849,-0.051225,0.207204,0.018260,-0.060465,-0.094493,0.015984
0.193096,0.069578,0.205271,0.374512,0.188241,0.198309,0.390066,-0.020295,0.192359,-0.003874,0.159452,0.218183,0.011680,-0.049085,0.212233,0.254512,0.230092,0.015826,0.245243,-0.071660,0.016025,-0.063816,0.205840,0.033666,-0.060882,-0.094497,0.016154
0.211823,0.070978,0.227854,0.393369,0.189568,0.223554,0.408939,-0.018983,0.218195,0.014706,0.160939,0.237513,0.030276,-0.047612,0.232154,0.256695,0.230289,0.016005,0.254826,-0.070918,0.017309,-0.077348,0.204429,0.051854,-0.061929,-0.094529,0.015869
0.229530,0.071696,0.246795,0.411349,0.189920,0.244311,0.426550,-0.018660,0.239035,0.032511,0.162052,0.254555,0.047712,-0.046528,0.249279,0.273191,0.231200,0.016457,0.283558,-0.069187,0.022433,-0.084595,0.203864,0.066322,-0.059522,-0.094211,0.023265
0.246014,0.072421,0.260336,0.428004,0.190379,0.257727,0.442912,-0.018237,0.253031,0.049115,0.163079,0.267640,0.064024,-0.045537,0.262945,0.315243,0.233177,0.023210,0.321021,-0.067507,0.030115,-0.083631,0.203400,0.079696,-0.049741,-0.094170,0.037517
0.261810,0.073159,0.269664,0.443924,0.190906,0.266284,0.458600,-0.017744,0.262464,0.065021,0.164062,0.276865,0.079697,-0.044588,0.273044,0.351232,0.234310,0.028557,0.356465,-0.066324,0.034578,-0.073725,0.203342,0.087413,-0.035314,-0.094191,0.051569
0.277184,0.073886,0.274783,0.459284,0.191601,0.269908,0.473927,-0.017065,0.266969,0.080440,0.164837,0.282597,0.095083,-0.043829,0.279658,0.382608,0.235128,0.032637,0.389874,-0.065294,0.037164,-0.055345,0.203626,0.087243,-0.017733,-0.094253,0.062439
0.292160,0.074591,0.275700,0.474086,0.192467,0.268676,0.488921,-0.016195,0.266526,0.095399,0.165377,0.284873,0.110234,-0.043286,0.282724,0.411217,0.235972,0.034899,0.421058,-0.064235,0.038172,-0.028868,0.204216,0.080307,0.003539,-0.094235,0.068792
0.306618,0.075264,0.272397,0.488202,0.193469,0.262610,0.503436,-0.015171,0.261211,0.109799,0.165699,0.283583,0.125033,-0.042941,0.282184,0.439582,0.237016,0.035282,0.452112,-0.062994,0.038151,0.005864,0.205125,0.068411,0.029335,-0.094079,0.070169
0.320457,0.075906,0.264800,0.501539,0.194572,0.251807,0.517356,-0.014028,0.251236,0.123559,0.165840,0.278364,0.139376,-0.042761,0.277793,0.469586,0.238326,0.034030,0.484374,-0.061526,0.037893,0.049091,0.206387,0.054129,0.060620,-0.093736,0.066689
0.333748,0.076507,0.252737,0.514232,0.195677,0.236461,0.530727,-0.012871,0.236866,0.136769,0.165884,0.268609,0.153263,-0.042664,0.269014,0.501186,0.239840,0.031845,0.515317,-0.060070,0.037338,0.099607,0.208093,0.039810,0.099232,-0.092940,0.057868
0.346737,0.077033,0.235981,0.526684,0.196610,0.216965,0.543764,-0.011888,0.218240,0.149710,0.165954,0.253723,0.166790,-0.042544,0.254998,0.533321,0.241612,0.029802,0.542512,-0.058709,0.035779,0.154193,0.210540,0.027403,0.146894,-0.091060,0.045273
0.359608,0.077463,0.214517,0.539203,0.197280,0.193762,0.556633,-0.011186,0.195452,0.162582,0.166113,0.233583,0.180013,-0.042353,0.235273,0.567434,0.243932,0.031219,0.570292,-0.056957,0.034699,0.208583,0.213823,0.018192,0.201785,-0.087777,0.033671
0.373096,0.077866,0.189711,0.552582,0.197751,0.168408,0.570076,-0.010712,0.169854,0.176117,0.166443,0.209569,0.193611,-0.042019,0.211015,0.596790,0.246061,0.022777,0.596966,-0.055093,0.021770,0.232679,0.215455,0.015705,0.253023,-0.083952,0.022541
0.387852,0.078459,0.171841,0.566786,0.198362,0.146404,0.584293,-0.010103,0.147166,0.191411,0.167021,0.196515,0.208918,-0.041444,0.197278,0.596799,0.246015,0.015967,0.597258,-0.055105,0.015907,0.234405,0.215581,0.015748,0.255327,-0.083821,0.015756
0.404041,0.079382,0.162321,0.582903,0.199347,0.136670,0.600417,-0.009118,0.136916,0.207665,0.167882,0.187725,0.225180,-0.040583,0.187971,0.597668,0.246055,0.016090,0.598439,-0.055037,0.016107,0.236114,0.215680,0.015988,0.257060,-0.083718,0.016005
0.421196,0.081276,0.156433,0.600081,0.201176,0.130640,0.617606,-0.007287,0.131519,0.224786,0.169839,0.181347,0.242311,-0.038624,0.182226,0.599284,0.246235,0.015739,0.600066,-0.054859,0.016077,0.237837,0.215849,0.015901,0.258806,-0.083549,0.015986
0.438343,0.083981,0.153353,0.617103,0.203631,0.125608,0.634622,-0.004818,0.128242,0.242064,0.172779,0.178463,0.259583,-0.035670,0.181097,0.601119,0.246515,0.015894,0.601953,-0.054594,0.016154,0.239531,0.216125,0.015888,0.260342,-0.083307,0.015933
0.455372,0.086861,0.153694,0.634004,0.206201,0.123867,0.651515,-0.002214,0.128498,0.259229,0.175935,0.178890,0.276740,-0.032480,0.183521,0.603172,0.246832,0.015842,0.603939,-0.054327,0.016198,0.240999,0.216401,0.015805,0.261568,-0.083101,0.015845
0.472713,0.089645,0.158708,0.651306,0.208721,0.127614,0.668802,0.000348,0.133882,0.276625,0.178943,0.183535,0.294121,-0.029430,0.189802,0.605255,0.247132,0.016140,0.605839,-0.054119,0.015854,0.242059,0.216625,0.015784,0.262374,-0.082961,0.015753
0.491093,0.092284,0.169884,0.669872,0.211280,0.139567,0.687372,0.002939,0.146797,0.294813,0.181629,0.192971,0.312314,-0.026712,0.200202,0.607360,0.247384,0.016154,0.607678,-0.053936,0.015880,0.242629,0.216734,0.015802,0.262726,-0.082914,0.015803
0.510643,0.095073,0.187991,0.689928,0.214147,0.161172,0.707401,0.005824,0.168965,0.313885,0.184321,0.207017,0.331358,-0.024002,0.214809,0.609476,0.247604,0.015841,0.609552,-0.053747,0.015972,0.243028,0.216869,0.015860,0.262551,-0.082854,0.015942
0.530949,0.098446,0.211881,0.710837,0.217669,0.190265,0.728274,0.009374,0.198846,0.333623,0.187518,0.224916,0.351061,-0.020777,0.233497,0.611685,0.247837,0.015999,0.611707,-0.053568,0.015929,0.238655,0.216983,0.025097,0.261719,-0.082856,0.016209
0.551262,0.101314,0.236989,0.731610,0.220692,0.220729,0.748939,0.012391,0.229400,0.353584,0.190236,0.244579,0.370913,-0.018065,0.253250,0.614065,0.248037,0.015985,0.627209,-0.052094,0.020100,0.231810,0.217165,0.038297,0.261618,-0.082654,0.016602
0.569660,0.103428,0.257917,0.750484,0.222606,0.246061,0.767315,0.014228,0.253796,0.372005,0.192628,0.262038,0.388837,-0.015751,0.269772,0.642270,0.251080,0.019355,0.661173,-0.048321,0.028924,0.231426,0.219131,0.052682,0.274117,-0.079762,0.024190
0.586876,0.105499,0.273965,0.768044,0.224391,0.264796,0.784417,0.015968,0.272308,0.389335,0.195031,0.275622,0.405708,-0.013392,0.283134,0.681336,0.254656,0.027786,0.699399,-0.044790,0.037595,0.239002,0.221401,0.069222,0.292011,-0.076800,0.037421
0.603710,0.107552,0.285670,0.785082,0.226265,0.278423,0.801165,0.017815,0.285833,0.406255,0.197288,0.285507,0.422338,-0.011161,0.292917,0.715113,0.257865,0.036077,0.737764,-0.041253,0.044938,0.254610,0.223855,0.078847,0.309758,-0.074056,0.051131
0.620312,0.109568,0.293163,0.801687,0.228352,0.287285,0.817791,0.019893,0.294344,0.422832,0.199243,0.291983,0.438937,-0.009217,0.299041,0.745355,0.261324,0.042529,0.773619,-0.037367,0.051126,0.277678,0.226478,0.080466,0.328131,-0.071410,0.062165
0.636669,0.111530,0.296473,0.817864,0.230631,0.291513,0.834292,0.022177,0.297974,0.439046,0.200884,0.294972,0.455474,-0.007570,0.301434,0.773779,0.265176,0.046534,0.805350,-0.033235,0.055433,0.307675,0.229343,0.075605,0.348928,-0.068772,0.069394
0.652718,0.113456,0.295583,0.833587,0.233070,0.291130,0.850585,0.024642,0.296908,0.454850,0.202270,0.294258,0.471848,-0.006159,0.300037,0.801836,0.269362,0.048113,0.833737,-0.028992,0.057333,0.344649,0.232571,0.065947,0.373323,-0.066117,0.072629
0.668335,0.115348,0.290402,0.848768,0.235625,0.286103,0.866522,0.027245,0.291319,0.470148,0.203451,0.289484,0.487902,-0.004929,0.294700,0.830580,0.273737,0.047697,0.859639,-0.024844,0.056671,0.388816,0.236246,0.053594,0.402457,-0.063417,0.071785
0.683563,0.117221,0.280753,0.863509,0.238225,0.276447,0.882102,0.029911,0.281376,0.485024,0.204531,0.280129,0.503617,-0.003783,0.285058,0.859988,0.278098,0.045862,0.882677,-0.021073,0.053502,0.439537,0.240449,0.040723,0.438009,-0.060460,0.066236
0.698566,0.119065,0.266401,0.878077,0.240722,0.262285,0.897420,0.032475,0.267154,0.499713,0.205656,0.265649,0.519056,-0.002591,0.270517,0.889224,0.282296,0.043307,0.902968,-0.017772,0.048847,0.494602,0.245314,0.029300,0.481475,-0.056754,0.056024
0.713600,0.120862,0.247194,0.892831,0.242957,0.244013,0.912658,0.034752,0.248725,0.514543,0.206972,0.245664,0.534369,-0.001233,0.250376,0.918099,0.286433,0.040872,0.922164,-0.014648,0.043770,0.549599,0.250890,0.020892,0.532346,-0.051776,0.043473
0.728878,0.122577,0.223211,0.908035,0.244818,0.222215,0.927982,0.036606,0.226041,0.529774,0.208547,0.220381,0.549721,0.000335,0.224207,0.947798,0.290939,0.039698,0.944912,-0.010842,0.040811,0.594267,0.256658,0.017230,0.586539,-0.045315,0.033096
0.744831,0.123852,0.195794,0.923744,0.246453,0.196372,0.944100,0.038254,0.198238,0.545562,0.209450,0.193350,0.565918,0.001251,0.195216,0.968233,0.295040,0.036689,0.973589,-0.005969,0.037836,0.599975,0.258845,0.015594,0.636559,-0.039007,0.028311
0.761177,0.125754,0.175460,0.939951,0.248524,0.172535,0.960544,0.040352,0.174773,0.561810,0.211156,0.176147,0.582403,0.002984,0.178385,0.967649,0.295255,0.015865,0.973815,-0.005716,0.016010,0.601961,0.259081,0.015962,0.641418,-0.038598,0.015976
0.777641,0.127725,0.164927,0.956307,0.250395,0.156459,0.976889,0.042229,0.159274,0.578393,0.213220,0.170580,0.598976,0.005054,0.173394,0.968015,0.295328,0.015839,0.974527,-0.005614,0.016230,0.603653,0.259302,0.015890,0.643074,-0.038390,0.015986
0.794685,0.130774,0.158849,0.973149,0.253239,0.144911,0.993728,0.045107,0.149651,0.595643,0.216440,0.168047,0.616222,0.008308,0.172787,0.969052,0.295578,0.015875,0.975843,-0.005390,0.015916,0.605490,0.259633,0.015958,0.644680,-0.038134,0.015910
0.811699,0.134688,0.155366,0.989938,0.256763,0.136136,1.010502,0.048726,0.144018,0.612895,0.220651,0.166713,0.633460,0.012613,0.174595,0.970545,0.295994,0.015866,0.977396,-0.005094,0.016174,0.607213,0.260078,0.015856,0.646205,-0.037839,0.016022
0.828663,0.138525,0.155567,1.006694,0.260110,0.131836,1.027215,0.052201,0.142667,0.630111,0.224850,0.168468,0.650632,0.016940,0.179298,0.972338,0.296418,0.016027,0.979171,-0.004862,0.016192,0.608672,0.260506,0.015660,0.647415,-0.037617,0.015978
0.846153,0.141930,0.161008,1.024031,0.263183,0.134581,1.044552,0.055380,0.147294,0.647754,0.228479,0.174722,0.668276,0.020677,0.187435,0.974328,0.296784,0.016129,0.981036,-0.004679,0.016019,0.609739,0.260754,0.015729,0.648260,-0.037544,0.015990
0.864773,0.145198,0.173089,1.042693,0.266346,0.146470,1.063193,0.058595,0.160024,0.666353,0.231801,0.186154,0.686853,0.024049,0.199708,0.976407,0.297072,0.016169,0.982933,-0.004495,0.015892,0.610200,0.260905,0.015686,0.648619,-0.037486,0.015842
0.884502,0.148986,0.192330,1.062748,0.270252,0.168576,1.083186,0.062534,0.182730,0.685819,0.235438,0.201931,0.706257,0.027720,0.216085,0.978521,0.297329,0.015808,0.984871,-0.004270,0.016064,0.610689,0.261132,0.015735,0.648453,-0.037372,0.016051
0.905018,0.153254,0.216730,1.083599,0.274734,0.196922,1.103978,0.067052,0.211680,0.706058,0.239455,0.221780,0.726436,0.031773,0.236538,0.980697,0.297567,0.016066,0.992802,-0.003399,0.018041,0.608477,0.261534,0.022972,0.647568,-0.037408,0.016168
0.925495,0.156588,0.241487,1.104426,0.278242,0.226481,1.124568,0.070502,0.240740,0.726422,0.242673,0.242235,0.746564,0.034933,0.256494,0.983190,0.297808,0.015980,1.016418,-0.000626,0.024062,0.605831,0.262403,0.033211,0.648292,-0.036749,0.017788
0.944141,0.159093,0.261864,1.123536,0.280462,0.250541,1.143027,0.072596,0.263816,0.745255,0.245590,0.259911,0.764747,0.037723,0.273186,1.016060,0.301503,0.021576,1.054051,0.003884,0.034788,0.609403,0.264938,0.046112,0.661065,-0.033428,0.027555
0.961723,0.161522,0.277622,1.141463,0.282583,0.268739,1.160411,0.074636,0.281539,0.763036,0.248408,0.273706,0.781983,0.040461,0.286506,1.057754,0.305964,0.029668,1.093268,0.008152,0.043653,0.619847,0.267984,0.060869,0.678014,-0.029790,0.041949
0.978989,0.163920,0.289048,1.158925,0.284806,0.281917,1.177544,0.076805,0.294319,0.780433,0.251036,0.283776,0.799052,0.043035,0.296178,1.095046,0.310243,0.037778,1.132050,0.012524,0.051177,0.637687,0.271163,0.068981,0.694259,-0.026353,0.056408
0.996056,0.166270,0.296245,1.175997,0.287213,0.290329,1.194603,0.079176,0.302124,0.797508,0.253364,0.290365,0.816114,0.045328,0.302160,1.128527,0.314708,0.044057,1.167856,0.017209,0.057472,0.662807,0.274519,0.069849,0.711390,-0.023030,0.067803
1.012897,0.168575,0.299240,1.192684,0.289783,0.294079,1.211553,0.081727,0.305105,0.814242,0.255423,0.293375,0.833111,0.047368,0.304402,1.159588,0.319432,0.047862,1.199385,0.022026,0.061741,0.694767,0.278184,0.065002,0.731355,-0.019720,0.074983
1.029457,0.170837,0.298010,1.208970,0.292464,0.293193,1.228309,0.084413,0.303457,0.830605,0.257262,0.292562,0.849944,0.049211,0.302827,1.189602,0.324331,0.049276,1.227145,0.026761,0.063417,0.733395,0.282266,0.056212,0.755287,-0.016392,0.077767
1.045658,0.173074,0.292452,1.224823,0.295214,0.287660,1.244759,0.087192,0.297361,0.846557,0.258956,0.287543,0.866493,0.050934,0.297244,1.219389,0.329261,0.048806,1.251050,0.031106,0.061899,0.778534,0.286856,0.045506,0.784558,-0.012942,0.076034
1.061604,0.175282,0.282401,1.240424,0.297924,0.277531,1.260948,0.089946,0.286938,0.862259,0.260619,0.277864,0.882784,0.052641,0.287271,1.248458,0.333996,0.046748,1.271094,0.034853,0.057518,0.829228,0.292067,0.034446,0.820802,-0.009051,0.069309
1.077400,0.177456,0.267645,1.255976,0.300460,0.262951,1.276913,0.092518,0.272237,0.877887,0.262394,0.263054,0.898825,0.054452,0.272339,1.276267,0.338438,0.043724,1.288300,0.038082,0.051500,0.883218,0.298016,0.024786,0.864818,-0.004256,0.058283
1.093281,0.179574,0.248053,1.271788,0.302707,0.244240,1.292834,0.094763,0.253234,0.893728,0.264385,0.242873,0.914774,0.056441,0.251867,1.303668,0.342865,0.040923,1.305520,0.041344,0.045656,0.936672,0.304717,0.017696,0.915623,0.001873,0.045410
1.109360,0.181588,0.223745,1.287991,0.304586,0.221882,1.308800,0.096579,0.229920,0.909919,0.266598,0.217570,0.930728,0.058590,0.225608,1.332166,0.347657,0.039226,1.327568,0.045512,0.042735,0.977011,0.311227,0.015915,0.969267,0.009353,0.034582
1.125854,0.183305,0.195574,1.304482,0.306322,0.195618,1.325269,0.098257,0.202038,0.926440,0.268353,0.189110,0.947227,0.060287,0.195530,1.357610,0.352457,0.037761,1.355692,0.050658,0.041945,0.990920,0.315144,0.015767,1.019627,0.016658,0.028148
1.142788,0.185965,0.174858,1.321351,0.309019,0.171102,1.342308,0.101032,0.179284,0.943268,0.270897,0.170431,0.964225,0.062910,0.178613,1.359279,0.352457,0.016068,1.356257,0.050300,0.016037,0.992916,0.315530,0.015788,1.026502,0.017060,0.015690
1.159817,0.188347,0.163702,1.338365,0.311156,0.154787,1.359305,0.103229,0.164404,0.960328,0.273464,0.163000,0.981268,0.065537,0.172617,1.359530,0.352598,0.016008,1.356971,0.050406,0.016080,0.994739,0.315851,0.015815,1.028222,0.017287,0.015861
1.177464,0.191198,0.157219,1.355860,0.313661,0.142429,1.376819,0.105831,0.153917,0.978108,0.276566,0.160522,0.999067,0.068736,0.172010,1.360468,0.352875,0.015797,1.358309,0.050591,0.016008,0.996612,0.316194,0.016024,1.029885,0.017474,0.016066
1.195095,0.195008,0.153387,1.373260,0.316869,0.132212,1.394194,0.109231,0.146809,0.995997,0.280785,0.159964,1.016930,0.073148,0.174562,1.361906,0.353328,0.015749,1.359829,0.050808,0.016419,0.998465,0.316704,0.015984,1.031419,0.017683,0.016197
1.212505,0.198867,0.153123,1.390445,0.320049,0.126789,1.411318,0.112631,0.144298,1.013692,0.285103,0.161948,1.034566,0.077685,0.179458,1.363774,0.353838,0.015822,1.361605,0.050973,0.016185,1.000127,0.317229,0.015656,1.032647,0.017861,0.016100
1.230186,0.202462,0.157950,1.407980,0.323136,0.128478,1.428795,0.115885,0.147931,1.031578,0.289039,0.167968,1.052393,0.081788,0.187421,1.365819,0.354229,0.016078,1.363381,0.051041,0.015855,1.001383,0.317583,0.015602,1.033509,0.017918,0.015930
1.248810,0.206104,0.169351,1.426597,0.326592,0.139092,1.447381,0.119427,0.159465,1.050239,0.292782,0.179238,1.071023,0.085616,0.199611,1.367883,0.354522,0.016293,1.365236,0.051181,0.016004,1.002025,0.317740,0.015512,1.033851,0.017924,0.015902
1.268551,0.210390,0.188037,1.446615,0.331038,0.160139,1.467327,0.123909,0.180955,1.069775,0.296871,0.195119,1.090486,0.089742,0.215936,1.370054,0.354778,0.015777,1.367148,0.051423,0.016138,1.002298,0.317984,0.015579,1.033709,0.018076,0.016091
1.289066,0.215234,0.212302,1.467445,0.336233,0.188188,1.488115,0.129138,0.209386,1.090018,0.301329,0.215219,1.110688,0.094235,0.236416,1.372239,0.355020,0.016019,1.374346,0.052254,0.017728,1.000733,0.318470,0.021194,1.032826,0.018019,0.016281
1.309685,0.219089,0.237658,1.488417,0.340456,0.218532,1.508865,0.133259,0.238930,1.110504,0.304918,0.236387,1.130952,0.097721,0.256785,1.374640,0.355188,0.016101,1.398803,0.055393,0.024446,0.996783,0.319325,0.030595,1.033010,0.018597,0.017377
1.328487,0.221989,0.259037,1.507756,0.343199,0.244477,1.527463,0.135780,0.263281,1.129512,0.308198,0.254793,1.149219,0.100779,0.273597,1.404132,0.358836,0.019920,1.437574,0.060759,0.035613,0.998347,0.322417,0.043463,1.046147,0.022633,0.025274
1.346092,0.224797,0.275682,1.525777,0.345717,0.264156,1.544824,0.138167,0.282178,1.147361,0.311428,0.269187,1.166407,0.103877,0.287209,1.444560,0.363553,0.027802,1.478446,0.065674,0.045046,1.007242,0.326104,0.058702,1.064051,0.027082,0.038555
1.363354,0.227572,0.287930,1.543304,0.348289,0.278633,1.561896,0.140647,0.296065,1.164812,0.314498,0.279794,1.183403,0.106856,0.297227,1.480794,0.368131,0.036211,1.519080,0.070650,0.053410,1.023894,0.329828,0.067254,1.081073,0.031341,0.052315
1.380436,0.230289,0.295918,1.560443,0.351037,0.288289,1.578921,0.143320,0.304928,1.181950,0.317257,0.286907,1.200428,0.109540,0.303546,1.513567,0.372996,0.043038,1.556510,0.075995,0.060778,1.047979,0.333614,0.068442,1.098535,0.035465,0.063405
1.397293,0.232941,0.299693,1.577171,0.353953,0.293289,1.595858,0.146178,0.308937,1.198728,0.319703,0.290449,1.217415,0.111928,0.306098,1.544361,0.378253,0.047505,1.589079,0.081515,0.066060,1.079016,0.337637,0.063921,1.118438,0.039542,0.070791
1.413879,0.235550,0.299245,1.593479,0.357017,0.293683,1.612637,0.149209,0.308302,1.215122,0.321891,0.290188,1.234280,0.114083,0.304807,1.574383,0.383841,0.049607,1.617061,0.086983,0.068360,1.116970,0.342069,0.055244,1.141940,0.043605,0.074368
1.430119,0.238119,0.294480,1.609333,0.360178,0.289462,1.629147,0.152373,0.303211,1.231090,0.323866,0.285749,1.250904,0.116061,0.299499,1.604329,0.389596,0.049765,1.640541,0.092076,0.067013,1.161827,0.347043,0.044337,1.170357,0.047702,0.073952
1.446095,0.240656,0.285237,1.624895,0.363337,0.280655,1.645410,0.155560,0.293797,1.246779,0.325752,0.276677,1.267294,0.117975,0.289820,1.633679,0.395263,0.048221,1.659798,0.096589,0.062497,1.212554,0.352723,0.033039,1.205356,0.052122,0.068864
1.461933,0.243156,0.271313,1.640399,0.366346,0.267392,1.661466,0.158600,0.280144,1.262400,0.327713,0.262483,1.283467,0.119967,0.275235,1.661581,0.400637,0.045430,1.675902,0.100539,0.056031,1.266756,0.359237,0.023236,1.247859,0.057338,0.059374
1.477863,0.245600,0.252575,1.656157,0.369073,0.249965,1.677476,0.161326,0.262262,1.278250,0.329873,0.242889,1.299570,0.122126,0.255186,1.688511,0.405874,0.042379,1.691428,0.104379,0.049207,1.320603,0.366567,0.016156,1.297094,0.063802,0.047340
1.494087,0.247794,0.229427,1.672264,0.371461,0.228601,1.693728,0.163664,0.239752,1.294446,0.331925,0.219101,1.315910,0.124128,0.230252,1.715756,0.411567,0.039602,1.710925,0.109217,0.044735,1.350805,0.372566,0.015298,1.349225,0.071414,0.036488
1.510391,0.249404,0.202688,1.687747,0.374244,0.201648,1.710621,0.166549,0.211860,1.310161,0.332259,0.193516,1.333035,0.124564,0.203728,1.740142,0.417708,0.037193,1.738109,0.115638,0.045929,1.357246,0.374472,0.015520,1.398106,0.077357,0.028931
1.526909,0.251408,0.181543,1.703963,0.376582,0.176595,1.727439,0.168997,0.187640,1.326378,0.333818,0.175447,1.349855,0.126234,0.186492,1.740590,0.417981,0.015963,1.738598,0.115321,0.015965,1.359190,0.374839,0.015814,1.416041,0.078822,0.015597
1.543835,0.253492,0.169066,1.720916,0.378335,0.159190,1.744331,0.170804,0.171326,1.343338,0.336180,0.166806,1.366753,0.128649,0.178942,1.740742,0.418011,0.015932,1.739219,0.115338,0.016145,1.360997,0.375160,0.015846,1.417760,0.079049,0.015804
1.561546,0.256029,0.162223,1.738478,0.380429,0.146072,1.761884,0.172974,0.159450,1.361208,0.339084,0.164995,1.384615,0.131629,0.178374,1.741636,0.418219,0.015831,1.740268,0.115457,0.016075,1.362839,0.375486,0.015919,1.419391,0.079243,0.015913
1.579212,0.259577,0.159100,1.755906,0.383397,0.136983,1.779294,0.176105,0.152714,1.379130,0.343049,0.165485,1.402519,0.135756,0.181216,1.743081,0.418622,0.015799,1.741831,0.115654,0.016261,1.364507,0.375902,0.015729,1.420815,0.079425,0.016144
1.596844,0.263513,0.160665,1.773369,0.386752,0.134357,1.796699,0.179652,0.152518,1.396988,0.347374,0.168811,1.420319,0.140273,0.186972,1.744952,0.419077,0.015941,1.743591,0.115794,0.016087,1.365880,0.376342,0.015577,1.421954,0.079561,0.016083
1.615314,0.267549,0.168533,1.791743,0.390401,0.139877,1.815040,0.183450,0.159697,1.415589,0.351648,0.177368,1.438886,0.144696,0.197189,1.747008,0.419453,0.016088,1.745524,0.115892,0.015731,1.366716,0.376586,0.015490,1.422703,0.079583,0.016065
1.635052,0.272074,0.183736,1.811572,0.394864,0.155380,1.834848,0.188012,0.176240,1.435255,0.356135,0.191232,1.458531,0.149283,0.212093,1.749156,0.419775,0.016241,1.747524,0.116064,0.016037,1.366879,0.376693,0.015580,1.422899,0.079540,0.016076
1.655708,0.277609,0.205884,1.832528,0.400628,0.180539,1.855749,0.193868,0.202354,1.455668,0.361350,0.209415,1.478889,0.154590,0.231230,1.751472,0.420124,0.015755,1.749772,0.116326,0.016080,1.367037,0.377129,0.017461,1.422451,0.079584,0.016262
1.676846,0.282906,0.231146,1.853960,0.406236,0.209669,1.877052,0.199489,0.231736,1.476639,0.366322,0.230555,1.499731,0.159575,0.252622,1.753842,0.420382,0.016092,1.767782,0.118998,0.022827,1.366128,0.377894,0.023738,1.421291,0.079583,0.016127
1.696892,0.286882,0.254190,1.874587,0.410193,0.238055,1.896952,0.203257,0.259081,1.496832,0.370508,0.249300,1.519197,0.163572,0.270326,1.763509,0.421665,0.016900,1.801874,0.124170,0.034057,1.369379,0.380655,0.032525,1.426065,0.082342,0.022133
1.715172,0.290537,0.272360,1.893298,0.413627,0.259670,1.914994,0.206546,0.279953,1.515349,0.374527,0.264766,1.537046,0.167447,0.285050,1.802774,0.427076,0.025042,1.843320,0.130145,0.045380,1.379126,0.384780,0.046386,1.440792,0.087004,0.035502
1.732754,0.294122,0.286177,1.911220,0.416954,0.276006,1.932334,0.209771,0.295863,1.533173,0.378472,0.276491,1.554288,0.171290,0.296348,1.842917,0.432670,0.033773,1.885350,0.135947,0.054384,1.395486,0.389341,0.057464,1.457384,0.091944,0.050342
1.750126,0.297652,0.295713,1.928755,0.420389,0.287449,1.949560,0.213125,0.306775,1.550692,0.382179,0.284651,1.571496,0.174915,0.303978,1.879594,0.438411,0.041662,1.925267,0.142031,0.062457,1.418795,0.394010,0.061536,1.474072,0.096801,0.063105
1.767303,0.301115,0.301017,1.945910,0.423974,0.294188,1.966721,0.216643,0.312780,1.567886,0.385587,0.289254,1.588697,0.178256,0.307845,1.913447,0.444447,0.047419,1.960546,0.148297,0.068922,1.448934,0.398904,0.059494,1.492756,0.101629,0.072119
1.784264,0.304523,0.302089,1.962693,0.427692,0.296300,1.983780,0.220319,0.314081,1.584747,0.388728,0.290096,1.605834,0.181354,0.307877,1.945647,0.450756,0.050776,1.990781,0.154484,0.072710,1.485906,0.404183,0.052830,1.514875,0.106464,0.077075
1.800934,0.307896,0.298861,1.979072,0.431518,0.293798,2.000635,0.224136,0.310894,1.601233,0.391656,0.286828,1.622796,0.184274,0.303924,1.977033,0.457223,0.052027,2.015739,0.160228,0.072782,1.529716,0.409995,0.043335,1.541702,0.111359,0.077886
1.817356,0.311225,0.291189,1.995163,0.435345,0.286706,2.017265,0.227984,0.303366,1.617447,0.394466,0.279011,1.639549,0.187105,0.295671,2.007377,0.463595,0.051417,2.035649,0.165284,0.069296,1.579544,0.416506,0.032905,1.574879,0.116559,0.074128
1.833656,0.314516,0.278883,2.011199,0.439037,0.275132,2.033711,0.231706,0.291605,1.633602,0.397327,0.266162,1.656113,0.189995,0.282634,2.035792,0.469617,0.049194,2.051593,0.169650,0.063317,1.633379,0.423875,0.023409,1.615461,0.122502,0.065904
1.850021,0.317755,0.261782,2.027448,0.442474,0.259317,2.050082,0.235146,0.275665,1.649961,0.400364,0.247899,1.672595,0.193035,0.264246,2.062362,0.475331,0.046059,2.065835,0.173708,0.056283,1.687909,0.432118,0.016455,1.662924,0.129602,0.054770
1.866741,0.320572,0.240576,2.043899,0.445687,0.239046,2.066935,0.238367,0.254934,1.666548,0.402777,0.226218,1.689583,0.195457,0.242105,2.088247,0.481354,0.041703,2.082708,0.178641,0.051145,1.713623,0.437687,0.015045,1.713544,0.137124,0.044635
1.883667,0.322371,0.216063,2.059572,0.449181,0.211872,2.084814,0.242145,0.228106,1.682520,0.402596,0.204019,1.707762,0.195560,0.220253,2.107238,0.487270,0.037817,2.105770,0.184968,0.052021,1.718015,0.438094,0.015857,1.764419,0.142359,0.039373
1.900833,0.323652,0.191785,2.075619,0.451652,0.181432,2.102820,0.244836,0.197307,1.698846,0.402469,0.186263,1.726047,0.195653,0.202138,2.108346,0.489229,0.015962,2.115062,0.186451,0.014643,1.719909,0.438127,0.015782,1.805256,0.146209,0.021204
1.918560,0.324326,0.173929,2.093192,0.451701,0.156037,2.120351,0.244852,0.171544,1.716769,0.403799,0.176313,1.743928,0.196950,0.191821,2.108150,0.489123,0.015866,2.115087,0.186533,0.015990,1.722034,0.438427,0.015860,1.806987,0.146046,0.015528
1.936317,0.325749,0.164694,2.110632,0.452715,0.141558,2.137798,0.245847,0.156797,1.734837,0.405651,0.172592,1.762003,0.198783,0.187831,2.109064,0.489222,0.015987,2.116132,0.186671,0.016046,1.723887,0.438635,0.015924,1.808691,0.146276,0.015757
1.953888,0.328408,0.161172,2.127929,0.454981,0.134146,2.155094,0.248175,0.150216,1.752682,0.408641,0.172127,1.779847,0.201836,0.188197,2.110700,0.489502,0.015847,2.117641,0.186867,0.016210,1.725461,0.438884,0.015668,1.810205,0.146470,0.016045
1.971668,0.332006,0.163255,2.145520,0.458173,0.133274,2.172673,0.251485,0.150817,1.770664,0.412527,0.175693,1.797817,0.205840,0.193236,2.112693,0.489912,0.016034,2.119486,0.187057,0.016045,1.726634,0.439160,0.015632,1.811420,0.146595,0.016158
