-0.010422,-0.021408,0.342549,0.177699,0.085493,0.357512,0.181265,-0.122798,0.338357,-0.202108,0.079982,0.346740,-0.198543,-0.128309,0.327586,0.160450,0.150555,0.143190,0.184261,-0.147915,0.115651,-0.158347,0.146779,0.124913,-0.163442,-0.153508,0.111749
-0.015337,-0.031330,0.334202,0.171700,0.077360,0.349854,0.177345,-0.130809,0.329890,-0.208019,0.068149,0.338515,-0.202374,-0.140020,0.318551,0.173411,0.144800,0.123383,0.146087,-0.153468,0.081055,-0.176741,0.137135,0.104284,-0.167193,-0.160543,0.066232
-0.019453,-0.040878,0.320084,0.166635,0.069267,0.336834,0.174021,-0.138853,0.316930,-0.212927,0.057096,0.323238,-0.205541,-0.151024,0.303334,0.164001,0.137083,0.104460,0.113879,-0.162004,0.058990,-0.191050,0.126151,0.087014,-0.187932,-0.170174,0.032412
-0.023930,-0.049805,0.302224,0.162664,0.059301,0.320107,0.169102,-0.148595,0.297691,-0.216961,0.048986,0.306756,-0.210524,-0.158910,0.284341,0.142078,0.130087,0.081847,0.091309,-0.168567,0.036399,-0.205183,0.120264,0.073229,-0.196693,-0.175232,0.015507
-0.027424,-0.055992,0.286600,0.161808,0.049347,0.298270,0.163327,-0.158301,0.272875,-0.218174,0.046316,0.300325,-0.216656,-0.161331,0.274930,0.105412,0.125639,0.045488,0.078761,-0.173250,0.015643,-0.216976,0.120344,0.069504,-0.196512,-0.175280,0.015783
-0.029291,-0.058125,0.275633,0.159830,0.047917,0.281088,0.161168,-0.159381,0.252968,-0.219750,0.043132,0.298297,-0.218412,-0.164166,0.270177,0.071487,0.128644,0.019896,0.077294,-0.173616,0.015789,-0.216127,0.120711,0.064687,-0.196440,-0.175376,0.015737
-0.030495,-0.057217,0.268966,0.158465,0.049210,0.271954,0.159862,-0.158093,0.243876,-0.220851,0.043660,0.294056,-0.219454,-0.163643,0.265978,0.067188,0.129137,0.015932,0.076766,-0.173635,0.015852,-0.211473,0.120836,0.063352,-0.196159,-0.175459,0.015740
-0.031511,-0.055477,0.264863,0.157449,0.050947,0.267862,0.158902,-0.156481,0.240734,-0.221924,0.045527,0.288992,-0.220472,-0.161901,0.261863,0.066772,0.129106,0.015875,0.076593,-0.173503,0.015986,-0.207154,0.121077,0.062600,-0.195955,-0.175384,0.015778
-0.032522,-0.053562,0.261454,0.156362,0.052999,0.264372,0.158016,-0.154570,0.238349,-0.223060,0.047445,0.284559,-0.221407,-0.160123,0.258536,0.066451,0.129255,0.015792,0.076459,-0.173153,0.016017,-0.206232,0.120964,0.064593,-0.195800,-0.175294,0.015797
-0.033499,-0.051895,0.258614,0.155325,0.054780,0.261270,0.157126,-0.152915,0.236286,-0.224123,0.049124,0.280943,-0.222323,-0.158570,0.255959,0.066163,0.129328,0.015693,0.076437,-0.172898,0.016028,-0.207962,0.120463,0.069630,-0.195694,-0.175230,0.015801
-0.034410,-0.050625,0.256371,0.154359,0.056156,0.258657,0.156270,-0.151633,0.234476,-0.225091,0.050384,0.278265,-0.223180,-0.157405,0.254084,0.065922,0.129379,0.015658,0.076760,-0.172703,0.016042,-0.211046,0.119827,0.075847,-0.195636,-0.175183,0.015818
-0.035250,-0.049759,0.254717,0.153480,0.057097,0.256713,0.155466,-0.150752,0.233057,-0.225965,0.051234,0.276376,-0.223980,-0.156615,0.252720,0.065727,0.129440,0.015650,0.076837,-0.172550,0.016051,-0.214867,0.119204,0.082041,-0.195618,-0.175127,0.015824
-0.036007,-0.049217,0.253613,0.152698,0.057687,0.255434,0.154732,-0.150200,0.232116,-0.226746,0.051766,0.275110,-0.224712,-0.156121,0.251793,0.065584,0.129464,0.015670,0.076719,-0.172467,0.016059,-0.218712,0.118643,0.087330,-0.195617,-0.175107,0.015827
-0.036713,-0.048946,0.252941,0.151986,0.057969,0.254734,0.154039,-0.149936,0.231586,-0.227464,0.052043,0.274296,-0.225411,-0.155862,0.251148,0.065486,0.129464,0.015682,0.076650,-0.172437,0.016069,-0.222141,0.118194,0.091393,-0.195623,-0.175100,0.015828
-0.037413,-0.048893,0.252550,0.151292,0.058009,0.254456,0.153345,-0.149897,0.231318,-0.228170,0.052112,0.273782,-0.226118,-0.155795,0.250643,0.065410,0.129467,0.015690,0.076583,-0.172433,0.016075,-0.225115,0.117830,0.094476,-0.195649,-0.175094,0.015829
-0.038105,-0.048992,0.252359,0.150610,0.057887,0.254487,0.152660,-0.150009,0.231258,-0.228870,0.052025,0.273461,-0.226820,-0.155871,0.250232,0.065367,0.129463,0.015700,0.076537,-0.172451,0.016071,-0.227568,0.117530,0.096637,-0.195671,-0.175107,0.015822
-0.038794,-0.049168,0.252289,0.149939,0.057674,0.254706,0.151977,-0.150206,0.231335,-0.229564,0.051871,0.273244,-0.227527,-0.156010,0.249873,0.065327,0.129453,0.015708,0.076494,-0.172483,0.016068,-0.229569,0.117298,0.098119,-0.195703,-0.175122,0.015817
-0.039478,-0.049374,0.252273,0.149282,0.057412,0.255014,0.151289,-0.150449,0.231476,-0.230246,0.051702,0.273070,-0.228238,-0.156160,0.249532,0.065297,0.129442,0.015707,0.076478,-0.172524,0.016080,-0.231212,0.117130,0.099143,-0.195735,-0.175123,0.015813
-0.040154,-0.049583,0.252287,0.148625,0.057161,0.255359,0.150620,-0.150682,0.231658,-0.230927,0.051516,0.272916,-0.228932,-0.156328,0.249214,0.065275,0.129435,0.015715,0.076444,-0.172557,0.016072,-0.232579,0.116989,0.099786,-0.195760,-0.175139,0.015803
-0.040827,-0.049793,0.252306,0.147977,0.056897,0.255700,0.149945,-0.150929,0.231841,-0.231599,0.051342,0.272771,-0.229631,-0.156483,0.248912,0.065239,0.129414,0.015714,0.076431,-0.172605,0.016068,-0.233762,0.116879,0.100239,-0.195799,-0.175152,0.015797
-0.041485,-0.049999,0.252326,0.147338,0.056647,0.256044,0.149290,-0.151159,0.232012,-0.232260,0.051160,0.272640,-0.230307,-0.156645,0.248608,0.065219,0.129423,0.015721,0.076399,-0.172624,0.016055,-0.234791,0.116796,0.100523,-0.195828,-0.175152,0.015792
-0.042128,-0.050232,0.252338,0.146719,0.056360,0.256361,0.148643,-0.151427,0.232161,-0.232899,0.050963,0.272516,-0.230975,-0.156824,0.248316,0.065192,0.129390,0.015719,0.076376,-0.172688,0.016068,-0.235713,0.116699,0.100766,-0.195856,-0.175176,0.015790
-0.042747,-0.050438,0.252339,0.146113,0.056119,0.256656,0.148029,-0.151648,0.232288,-0.233524,0.050772,0.272390,-0.231608,-0.156995,0.248022,0.065169,0.129393,0.015731,0.076344,-0.172713,0.016062,-0.236530,0.116613,0.100970,-0.195883,-0.175190,0.015782
-0.043341,-0.050625,0.252367,0.145536,0.055892,0.256948,0.147436,-0.151858,0.232436,-0.234117,0.050608,0.272299,-0.232217,-0.157142,0.247787,0.065145,0.129384,0.015742,0.076323,-0.172746,0.016066,-0.237245,0.116551,0.101065,-0.195918,-0.175202,0.015776
-0.043913,-0.050785,0.252419,0.144981,0.055691,0.257237,0.146862,-0.152046,0.232609,-0.234688,0.050476,0.272229,-0.232806,-0.157261,0.247602,0.065123,0.129367,0.015747,0.076311,-0.172783,0.016067,-0.237922,0.116491,0.101208,-0.195948,-0.175214,0.015773
-0.044479,-0.050934,0.252498,0.144426,0.055511,0.257536,0.146297,-0.152214,0.232809,-0.235256,0.050346,0.272188,-0.233385,-0.157379,0.247461,0.065095,0.129350,0.015757,0.076271,-0.172817,0.016066,-0.238521,0.116438,0.101251,-0.195988,-0.175234,0.015768
-0.045010,-0.051067,0.252593,0.143911,0.055341,0.257836,0.145765,-0.152374,0.233017,-0.235784,0.050239,0.272170,-0.233930,-0.157475,0.247351,0.065072,0.129337,0.015757,0.076274,-0.172848,0.016076,-0.239084,0.116396,0.101346,-0.196018,-0.175241,0.015764
-0.045525,-0.051197,0.252689,0.143407,0.055182,0.258120,0.145251,-0.152521,0.233207,-0.236300,0.050127,0.272170,-0.234456,-0.157577,0.247257,0.065056,0.129334,0.015766,0.076249,-0.172866,0.016073,-0.239610,0.116355,0.101427,-0.196052,-0.175246,0.015759
-0.046017,-0.051304,0.252789,0.142925,0.055048,0.258399,0.144759,-0.152645,0.233401,-0.236792,0.050037,0.272178,-0.234958,-0.157656,0.247180,0.065045,0.129343,0.015775,0.076240,-0.172871,0.016067,-0.240079,0.116335,0.101462,-0.196084,-0.175238,0.015755
-0.046492,-0.051411,0.252895,0.142460,0.054916,0.258651,0.144283,-0.152770,0.233589,-0.237266,0.049948,0.272201,-0.235443,-0.157737,0.247140,0.065017,0.129325,0.015774,0.076224,-0.172902,0.016080,-0.240519,0.116298,0.101508,-0.196117,-0.175252,0.015750
-0.046953,-0.051495,0.253007,0.142006,0.054812,0.258896,0.143821,-0.152866,0.233766,-0.237728,0.049876,0.272248,-0.235912,-0.157801,0.247118,0.064998,0.129339,0.015782,0.076203,-0.172899,0.016075,-0.240930,0.116289,0.101530,-0.196152,-0.175240,0.015744
-0.047379,-0.051586,0.253128,0.141586,0.054703,0.259134,0.143397,-0.152968,0.233953,-0.238154,0.049795,0.272303,-0.236343,-0.157875,0.247122,0.064986,0.129328,0.015787,0.076182,-0.172919,0.016073,-0.241281,0.116261,0.101529,-0.196185,-0.175253,0.015740
-0.047791,-0.051674,0.253242,0.141180,0.054599,0.259358,0.142986,-0.153067,0.234131,-0.238567,0.049719,0.272352,-0.236761,-0.157947,0.247125,0.064971,0.129310,0.015794,0.076166,-0.172944,0.016070,-0.241617,0.116228,0.101541,-0.196218,-0.175272,0.015737
-0.048191,-0.051735,0.253348,0.140787,0.054519,0.259564,0.142583,-0.153141,0.234290,-0.238965,0.049671,0.272406,-0.237169,-0.157989,0.247132,0.064945,0.129319,0.015791,0.076153,-0.172945,0.016086,-0.241962,0.116222,0.101589,-0.196251,-0.175259,0.015732
-0.048569,-0.051800,0.253459,0.140413,0.054443,0.259757,0.142207,-0.153213,0.234451,-0.239344,0.049614,0.272467,-0.237550,-0.158042,0.247160,0.064931,0.129310,0.015795,0.076135,-0.172960,0.016082,-0.242277,0.116203,0.101566,-0.196278,-0.175270,0.015727
-0.048937,-0.051895,0.253558,0.140050,0.054333,0.259943,0.141837,-0.153316,0.234578,-0.239711,0.049526,0.272537,-0.237924,-0.158123,0.247173,0.064918,0.129298,0.015801,0.076116,-0.172981,0.016077,-0.242589,0.116174,0.101578,-0.196305,-0.175283,0.015723
-0.049276,-0.051979,0.253646,0.139714,0.054237,0.260115,0.141498,-0.153404,0.234687,-0.240050,0.049446,0.272604,-0.238267,-0.158195,0.247177,0.064906,0.129304,0.015805,0.076099,-0.172986,0.016076,-0.242864,0.116154,0.101603,-0.196328,-0.175282,0.015717
-0.049612,-0.052036,0.253733,0.139383,0.054168,0.260261,0.141160,-0.153469,0.234796,-0.240384,0.049396,0.272670,-0.238607,-0.158240,0.247205,0.064894,0.129302,0.015811,0.076086,-0.172994,0.016074,-0.243124,0.116145,0.101604,-0.196356,-0.175281,0.015712
-0.049925,-0.052074,0.253826,0.139079,0.054112,0.260397,0.140841,-0.153521,0.234904,-0.240691,0.049373,0.272748,-0.238929,-0.158261,0.247256,0.064871,0.129305,0.015807,0.076072,-0.172998,0.016085,-0.243371,0.116154,0.101614,-0.196386,-0.175264,0.015711
-0.050228,-0.052128,0.253919,0.138778,0.054053,0.260527,0.140537,-0.153577,0.235003,-0.240993,0.049322,0.272835,-0.239234,-0.158308,0.247311,0.064861,0.129303,0.015810,0.076063,-0.173006,0.016085,-0.243620,0.116140,0.101620,-0.196407,-0.175268,0.015706
-0.050512,-0.052181,0.254004,0.138493,0.053999,0.260638,0.140255,-0.153628,0.235093,-0.241279,0.049266,0.272916,-0.239517,-0.158361,0.247371,0.064850,0.129290,0.015812,0.076042,-0.173023,0.016086,-0.243856,0.116112,0.101629,-0.196439,-0.175288,0.015707
-0.050791,-0.052261,0.254077,0.138218,0.053909,0.260751,0.139973,-0.153710,0.235139,-0.241554,0.049187,0.273015,-0.239800,-0.158432,0.247403,0.064841,0.129300,0.015819,0.076029,-0.173024,0.016090,-0.244098,0.116102,0.101642,-0.196458,-0.175278,0.015697
-0.051052,-0.052372,0.254137,0.137958,0.053795,0.260836,0.139710,-0.153816,0.235158,-0.241814,0.049072,0.273117,-0.240063,-0.158539,0.247439,0.064831,0.129280,0.015822,0.076009,-0.173055,0.016085,-0.244293,0.116062,0.101615,-0.196479,-0.175305,0.015695
-0.051302,-0.052456,0.254195,0.137714,0.053699,0.260906,0.139452,-0.153902,0.235152,-0.242056,0.048990,0.273238,-0.240318,-0.158611,0.247484,0.064810,0.129293,0.015822,0.075986,-0.173057,0.016090,-0.244485,0.116060,0.101624,-0.196504,-0.175289,0.015690
-0.051535,-0.052547,0.254279,0.137483,0.053605,0.260999,0.139217,-0.153990,0.235191,-0.242287,0.048895,0.273366,-0.240552,-0.158700,0.247558,0.064805,0.129279,0.015825,0.075972,-0.173081,0.016087,-0.244634,0.116036,0.101558,-0.196521,-0.175308,0.015688
-0.051762,-0.052612,0.254361,0.137259,0.053534,0.261080,0.138985,-0.154055,0.235227,-0.242509,0.048830,0.273495,-0.240783,-0.158759,0.247643,0.064790,0.129277,0.015829,0.075952,-0.173091,0.016086,-0.244827,0.116024,0.101570,-0.196547,-0.175307,0.015683
-0.051977,-0.052677,0.254431,0.137046,0.053465,0.261146,0.138766,-0.154119,0.235251,-0.242720,0.048765,0.273611,-0.241001,-0.158819,0.247715,0.064784,0.129273,0.015831,0.075941,-0.173103,0.016085,-0.245026,0.116005,0.101616,-0.196563,-0.175310,0.015681
-0.052183,-0.052727,0.254499,0.136843,0.053412,0.261206,0.138556,-0.154168,0.235278,-0.242922,0.048715,0.273721,-0.241209,-0.158865,0.247792,0.064771,0.129271,0.015832,0.075928,-0.173111,0.016091,-0.245238,0.115991,0.101666,-0.196581,-0.175308,0.015675
-0.052376,-0.052780,0.254578,0.136649,0.053361,0.261270,0.138362,-0.154214,0.235306,-0.243113,0.048654,0.273850,-0.241401,-0.158921,0.247885,0.064764,0.129274,0.015835,0.075910,-0.173114,0.016088,-0.245450,0.115975,0.101689,-0.196602,-0.175311,0.015672
-0.052567,-0.052814,0.254652,0.136460,0.053326,0.261325,0.138168,-0.154247,0.235339,-0.243301,0.048618,0.273965,-0.241593,-0.158955,0.247978,0.064750,0.129275,0.015837,0.075897,-0.173117,0.016088,-0.245670,0.115964,0.101760,-0.196623,-0.175308,0.015669
-0.052752,-0.052834,0.254723,0.136273,0.053311,0.261379,0.137983,-0.154261,0.235387,-0.243486,0.048594,0.274059,-0.241776,-0.158978,0.248067,0.064741,0.129274,0.015841,0.075881,-0.173119,0.016087,-0.245851,0.115952,0.101790,-0.196641,-0.175312,0.015665
-0.052919,-0.052834,0.254791,0.136103,0.053315,0.261424,0.137816,-0.154257,0.235436,-0.243654,0.048590,0.274146,-0.241942,-0.158983,0.248158,0.064732,0.129280,0.015840,0.075876,-0.173112,0.016088,-0.246021,0.115952,0.101813,-0.196655,-0.175307,0.015663
-0.053083,-0.052841,0.254851,0.135939,0.053309,0.261463,0.137650,-0.154264,0.235479,-0.243817,0.048581,0.274223,-0.242106,-0.158992,0.248239,0.064719,0.129275,0.015841,0.075857,-0.173116,0.016089,-0.246175,0.115950,0.101811,-0.196677,-0.175310,0.015660
-0.053244,-0.052872,0.254906,0.135780,0.053278,0.261509,0.137488,-0.154294,0.235510,-0.243975,0.048550,0.274301,-0.242267,-0.159021,0.248302,0.064713,0.129270,0.015844,0.075847,-0.173124,0.016088,-0.246331,0.115942,0.101813,-0.196692,-0.175313,0.015657
-0.053396,-0.052891,0.254961,0.135626,0.053261,0.261555,0.137335,-0.154309,0.235542,-0.244128,0.048527,0.274380,-0.242419,-0.159042,0.248367,0.064703,0.129276,0.015845,0.075833,-0.173120,0.016089,-0.246492,0.115939,0.101831,-0.196708,-0.175309,0.015653
-0.053537,-0.052914,0.255017,0.135486,0.053238,0.261596,0.137193,-0.154331,0.235582,-0.244267,0.048504,0.274451,-0.242560,-0.159065,0.248438,0.064702,0.129261,0.015846,0.075831,-0.173135,0.016087,-0.246623,0.115926,0.101821,-0.196713,-0.175323,0.015664
-0.053675,-0.052952,0.255058,0.135349,0.053199,0.261645,0.137054,-0.154366,0.235595,-0.244404,0.048463,0.274521,-0.242698,-0.159102,0.248470,0.064693,0.129275,0.015847,0.075819,-0.173128,0.016088,-0.246742,0.115926,0.101824,-0.196728,-0.175314,0.015663
-0.053808,-0.052975,0.255105,0.135216,0.053174,0.261687,0.136919,-0.154390,0.235636,-0.244536,0.048441,0.274575,-0.242833,-0.159124,0.248524,0.064684,0.129259,0.015848,0.075802,-0.173145,0.016087,-0.246838,0.115920,0.101761,-0.196742,-0.175327,0.015658
-0.053942,-0.052990,0.255146,0.135084,0.053156,0.261722,0.136783,-0.154407,0.235663,-0.244667,0.048427,0.274629,-0.242968,-0.159136,0.248569,0.064671,0.129257,0.015850,0.075790,-0.173148,0.016088,-0.246971,0.115921,0.101757,-0.196761,-0.175325,0.015659
-0.054062,-0.053024,0.255175,0.134962,0.053126,0.261751,0.136665,-0.154436,0.235675,-0.244788,0.048387,0.274675,-0.243086,-0.159174,0.248599,0.064664,0.129250,0.015852,0.075782,-0.173158,0.016086,-0.247103,0.115899,0.101772,-0.196770,-0.175339,0.015655
-0.054180,-0.053062,0.255196,0.134848,0.053080,0.261781,0.136542,-0.154476,0.235664,-0.244902,0.048351,0.274728,-0.243208,-0.159205,0.248612,0.064666,0.129262,0.015854,0.075775,-0.173153,0.016087,-0.247256,0.115897,0.101832,-0.196775,-0.175323,0.015652
-0.054298,-0.053085,0.255235,0.134729,0.053059,0.261817,0.136424,-0.154497,0.235695,-0.245021,0.048326,0.274775,-0.243326,-0.159229,0.248653,0.064658,0.129252,0.015855,0.075761,-0.173164,0.016087,-0.247390,0.115881,0.101849,-0.196786,-0.175335,0.015651
-0.054411,-0.053120,0.255270,0.134617,0.053022,0.261859,0.136310,-0.154531,0.235713,-0.245132,0.048292,0.274828,-0.243439,-0.159261,0.248682,0.064651,0.129252,0.015854,0.075751,-0.173169,0.016087,-0.247533,0.115868,0.101891,-0.196795,-0.175336,0.015647
-0.054512,-0.053143,0.255303,0.134517,0.052998,0.261894,0.136208,-0.154553,0.235733,-0.245232,0.048268,0.274873,-0.243541,-0.159283,0.248712,0.064649,0.129252,0.015856,0.075744,-0.173171,0.016089,-0.247637,0.115860,0.101918,-0.196803,-0.175336,0.015647
-0.054609,-0.053158,0.255334,0.134421,0.052981,0.261920,0.136109,-0.154569,0.235749,-0.245328,0.048253,0.274920,-0.243639,-0.159297,0.248748,0.064643,0.129253,0.015856,0.075736,-0.173172,0.016087,-0.247740,0.115860,0.101912,-0.196817,-0.175334,0.015648
-0.054710,-0.053177,0.255363,0.134319,0.052963,0.261942,0.136008,-0.154585,0.235761,-0.245428,0.048231,0.274964,-0.243740,-0.159317,0.248783,0.064636,0.129251,0.015858,0.075723,-0.173176,0.016085,-0.247854,0.115854,0.101907,-0.196828,-0.175337,0.015642
-0.054806,-0.053196,0.255387,0.134223,0.052945,0.261969,0.135913,-0.154602,0.235779,-0.245524,0.048210,0.274994,-0.243834,-0.159337,0.248804,0.064628,0.129247,0.015860,0.075714,-0.173181,0.016085,-0.247954,0.115843,0.101911,-0.196837,-0.175344,0.015640
-0.054895,-0.053211,0.255420,0.134133,0.052930,0.262013,0.135824,-0.154616,0.235810,-0.245614,0.048194,0.275029,-0.243924,-0.159352,0.248826,0.064624,0.129252,0.015861,0.075704,-0.173178,0.016087,-0.248030,0.115845,0.101887,-0.196847,-0.175341,0.015639
-0.054979,-0.053223,0.255451,0.134050,0.052917,0.262044,0.135739,-0.154628,0.235837,-0.245697,0.048183,0.275065,-0.244009,-0.159362,0.248858,0.064621,0.129250,0.015861,0.075700,-0.173181,0.016085,-0.248128,0.115840,0.101911,-0.196851,-0.175342,0.015639
-0.055061,-0.053238,0.255492,0.133969,0.052900,0.262073,0.135654,-0.154644,0.235857,-0.245777,0.048168,0.275128,-0.244092,-0.159376,0.248912,0.064621,0.129250,0.015861,0.075694,-0.173183,0.016087,-0.248216,0.115841,0.101911,-0.196855,-0.175340,0.015645
-0.055147,-0.053238,0.255558,0.133884,0.052902,0.262102,0.135566,-0.154643,0.235892,-0.245860,0.048167,0.275223,-0.244178,-0.159378,0.249013,0.064609,0.129250,0.015861,0.075681,-0.173182,0.016087,-0.248323,0.115845,0.101922,-0.196878,-0.175337,0.015653
-0.055220,-0.053215,0.255660,0.133807,0.052937,0.262138,0.135494,-0.154611,0.235952,-0.245933,0.048181,0.275369,-0.244246,-0.159367,0.249183,0.064606,0.129259,0.015862,0.075684,-0.173169,0.016091,-0.248434,0.115853,0.101948,-0.196890,-0.175330,0.015661
-0.055265,-0.053219,0.255808,0.133757,0.052945,0.262195,0.135446,-0.154605,0.236028,-0.245977,0.048167,0.275589,-0.244288,-0.159383,0.249422,0.064610,0.129251,0.015861,0.075682,-0.173174,0.016099,-0.248534,0.115843,0.102007,-0.196902,-0.175338,0.015672
-0.055307,-0.053234,0.255974,0.133712,0.052941,0.262265,0.135400,-0.154610,0.236101,-0.246014,0.048142,0.275848,-0.244327,-0.159409,0.249684,0.064609,0.129252,0.015861,0.075680,-0.173173,0.016100,-0.248585,0.115839,0.102062,-0.196919,-0.175336,0.015681
-0.055342,-0.053257,0.256143,0.133674,0.052931,0.262345,0.135362,-0.154618,0.236168,-0.246046,0.048104,0.276118,-0.244357,-0.159445,0.249941,0.064611,0.129267,0.015863,0.075682,-0.173160,0.016102,-0.248603,0.115836,0.102151,-0.196938,-0.175326,0.015690
-0.055361,-0.053272,0.256305,0.133651,0.052928,0.262404,0.135339,-0.154622,0.236234,-0.246061,0.048078,0.276376,-0.244373,-0.159472,0.250206,0.064616,0.129264,0.015862,0.075684,-0.173162,0.016100,-0.248603,0.115821,0.102276,-0.196947,-0.175328,0.015693
-0.055384,-0.053314,0.256458,0.133627,0.052894,0.262470,0.135311,-0.154654,0.236282,-0.246078,0.048025,0.276634,-0.244394,-0.159522,0.250446,0.064612,0.129263,0.015860,0.075680,-0.173168,0.016103,-0.248581,0.115807,0.102362,-0.196966,-0.175329,0.015699
-0.055387,-0.053375,0.256594,0.133619,0.052843,0.262525,0.135303,-0.154702,0.236316,-0.246078,0.047951,0.276872,-0.244394,-0.159594,0.250663,0.064620,0.129245,0.015862,0.075681,-0.173188,0.016101,-0.248539,0.115774,0.102420,-0.196973,-0.175350,0.015700
-0.055399,-0.053413,0.256704,0.133606,0.052812,0.262559,0.135286,-0.154730,0.236325,-0.246084,0.047903,0.277082,-0.244404,-0.159639,0.250848,0.064625,0.129250,0.015864,0.075683,-0.173188,0.016101,-0.248515,0.115767,0.102481,-0.196987,-0.175345,0.015705
-0.055416,-0.053432,0.256797,0.133586,0.052804,0.262561,0.135265,-0.154737,0.236324,-0.246097,0.047872,0.277270,-0.244418,-0.159669,0.251032,0.064621,0.129247,0.015862,0.075675,-0.173192,0.016098,-0.248519,0.115756,0.102533,-0.196998,-0.175349,0.015710
-0.055433,-0.053463,0.256861,0.133568,0.052779,0.262548,0.135242,-0.154760,0.236294,-0.246109,0.047834,0.277428,-0.244434,-0.159705,0.251174,0.064619,0.129243,0.015862,0.075670,-0.173199,0.016095,-0.248537,0.115746,0.102582,-0.197004,-0.175351,0.015713
-0.055445,-0.053490,0.256930,0.133553,0.052761,0.262560,0.135228,-0.154776,0.236289,-0.246118,0.047797,0.277570,-0.244443,-0.159740,0.251299,0.064622,0.129247,0.015864,0.075670,-0.173198,0.016099,-0.248558,0.115740,0.102604,-0.197014,-0.175350,0.015714
-0.055454,-0.053497,0.256993,0.133542,0.052760,0.262563,0.135216,-0.154776,0.236290,-0.246124,0.047782,0.277695,-0.244450,-0.159755,0.251422,0.064625,0.129249,0.015863,0.075673,-0.173196,0.016099,-0.248607,0.115732,0.102678,-0.197016,-0.175348,0.015716
-0.055466,-0.053509,0.257039,0.133528,0.052756,0.262547,0.135201,-0.154780,0.236271,-0.246133,0.047763,0.277806,-0.244459,-0.159774,0.251530,0.064618,0.129247,0.015864,0.075663,-0.173198,0.016098,-0.248659,0.115721,0.102743,-0.197026,-0.175349,0.015716
-0.055473,-0.053509,0.257081,0.133518,0.052763,0.262532,0.135192,-0.154773,0.236259,-0.246138,0.047756,0.277903,-0.244465,-0.159781,0.251629,0.064614,0.129249,0.015863,0.075665,-0.173197,0.016102,-0.248688,0.115721,0.102769,-0.197035,-0.175347,0.015717
-0.055489,-0.053513,0.257115,0.133501,0.052765,0.262514,0.135173,-0.154773,0.236245,-0.246150,0.047748,0.277985,-0.244478,-0.159790,0.251716,0.064612,0.129244,0.015862,0.075664,-0.173201,0.016099,-0.248734,0.115715,0.102802,-0.197038,-0.175351,0.015721
-0.055504,-0.053528,0.257129,0.133485,0.052752,0.262490,0.135155,-0.154783,0.236208,-0.246163,0.047728,0.278051,-0.244493,-0.159808,0.251769,0.064611,0.129245,0.015865,0.075661,-0.173202,0.016101,-0.248779,0.115708,0.102854,-0.197043,-0.175348,0.015721
-0.055517,-0.053535,0.257153,0.133471,0.052748,0.262482,0.135139,-0.154788,0.236195,-0.246174,0.047717,0.278110,-0.244506,-0.159819,0.251823,0.064611,0.129246,0.015865,0.075654,-0.173202,0.016098,-0.248826,0.115704,0.102887,-0.197046,-0.175347,0.015723
-0.055532,-0.053535,0.257179,0.133454,0.052753,0.262479,0.135124,-0.154782,0.236194,-0.246189,0.047711,0.278165,-0.244519,-0.159824,0.251880,0.064605,0.129248,0.015865,0.075649,-0.173200,0.016098,-0.248874,0.115702,0.102901,-0.197048,-0.175346,0.015719
-0.055546,-0.053532,0.257211,0.133439,0.052760,0.262489,0.135110,-0.154776,0.236208,-0.246202,0.047712,0.278214,-0.244531,-0.159823,0.251933,0.064605,0.129251,0.015863,0.075652,-0.173196,0.016100,-0.248887,0.115710,0.102869,-0.197052,-0.175343,0.015723
-0.055561,-0.053513,0.257247,0.133422,0.052785,0.262495,0.135095,-0.154753,0.236233,-0.246218,0.047728,0.278261,-0.244544,-0.159810,0.251999,0.064600,0.129253,0.015863,0.075650,-0.173191,0.016101,-0.248909,0.115716,0.102854,-0.197061,-0.175343,0.015722
-0.055578,-0.053501,0.257281,0.133404,0.052798,0.262500,0.135076,-0.154742,0.236251,-0.246233,0.047740,0.278312,-0.244561,-0.159800,0.252062,0.064602,0.129251,0.015864,0.075648,-0.173190,0.016098,-0.248924,0.115726,0.102832,-0.197065,-0.175340,0.015725
-0.055593,-0.053501,0.257318,0.133389,0.052800,0.262515,0.135060,-0.154741,0.236273,-0.246247,0.047739,0.278363,-0.244576,-0.159802,0.252121,0.064602,0.129246,0.015864,0.075648,-0.173194,0.016102,-0.248928,0.115727,0.102813,-0.197069,-0.175343,0.015726
-0.055609,-0.053501,0.257340,0.133371,0.052805,0.262518,0.135045,-0.154736,0.236279,-0.246263,0.047734,0.278401,-0.244589,-0.159807,0.252162,0.064598,0.129247,0.015865,0.075646,-0.173191,0.016096,-0.248961,0.115717,0.102875,-0.197071,-0.175345,0.015725
-0.055618,-0.053513,0.257344,0.133363,0.052792,0.262506,0.135033,-0.154748,0.236258,-0.246270,0.047723,0.278430,-0.244599,-0.159817,0.252182,0.064597,0.129245,0.015864,0.075646,-0.173196,0.016100,-0.248962,0.115714,0.102898,-0.197073,-0.175344,0.015725
-0.055628,-0.053535,0.257367,0.133355,0.052767,0.262523,0.135021,-0.154771,0.236258,-0.246276,0.047700,0.278476,-0.244610,-0.159838,0.252211,0.064602,0.129244,0.015865,0.075642,-0.173200,0.016100,-0.248951,0.115717,0.102862,-0.197078,-0.175342,0.015728
-0.055641,-0.053558,0.257395,0.133339,0.052748,0.262545,0.135008,-0.154788,0.236265,-0.246291,0.047671,0.278525,-0.244621,-0.159865,0.252245,0.064604,0.129247,0.015864,0.075647,-0.173200,0.016100,-0.248973,0.115707,0.102872,-0.197076,-0.175347,0.015729
-0.055643,-0.053585,0.257406,0.133337,0.052722,0.262547,0.135005,-0.154812,0.236253,-0.246291,0.047642,0.278558,-0.244623,-0.159892,0.252264,0.064606,0.129239,0.015865,0.075646,-0.173210,0.016097,-0.248994,0.115689,0.102922,-0.197073,-0.175355,0.015728
-0.055649,-0.053596,0.257413,0.133334,0.052706,0.262548,0.134996,-0.154826,0.236238,-0.246293,0.047633,0.278589,-0.244632,-0.159899,0.252279,0.064605,0.129245,0.015868,0.075639,-0.173208,0.016097,-0.248999,0.115697,0.102926,-0.197083,-0.175345,0.015728
-0.055664,-0.053596,0.257422,0.133316,0.052712,0.262543,0.134982,-0.154820,0.236234,-0.246310,0.047627,0.278609,-0.244644,-0.159905,0.252301,0.064606,0.129246,0.015867,0.075635,-0.173206,0.016099,-0.249029,0.115687,0.102961,-0.197083,-0.175349,0.015730
-0.055677,-0.053581,0.257424,0.133302,0.052729,0.262522,0.134967,-0.154805,0.236223,-0.246322,0.047643,0.278625,-0.244657,-0.159891,0.252325,0.064599,0.129250,0.015867,0.075623,-0.173201,0.016096,-0.249068,0.115693,0.102993,-0.197089,-0.175342,0.015731
-0.055693,-0.053566,0.257430,0.133285,0.052748,0.262507,0.134953,-0.154787,0.236223,-0.246338,0.047655,0.278636,-0.244671,-0.159880,0.252352,0.064595,0.129247,0.015868,0.075616,-0.173200,0.016099,-0.249096,0.115693,0.102992,-0.197091,-0.175344,0.015730
-0.055708,-0.053551,0.257430,0.133269,0.052766,0.262488,0.134937,-0.154771,0.236213,-0.246353,0.047669,0.278648,-0.244685,-0.159867,0.252373,0.064593,0.129252,0.015866,0.075621,-0.173194,0.016101,-0.249145,0.115695,0.103033,-0.197091,-0.175339,0.015733
-0.055723,-0.053551,0.257426,0.133252,0.052770,0.262467,0.134922,-0.154767,0.236195,-0.246369,0.047665,0.278657,-0.244698,-0.159872,0.252385,0.064588,0.129249,0.015866,0.075612,-0.173196,0.016099,-0.249187,0.115686,0.103057,-0.197093,-0.175345,0.015730
-0.055737,-0.053551,0.257423,0.133238,0.052772,0.262459,0.134909,-0.154765,0.236185,-0.246382,0.047664,0.278661,-0.244711,-0.159873,0.252388,0.064585,0.129251,0.015867,0.075613,-0.173195,0.016100,-0.249202,0.115689,0.103032,-0.197096,-0.175344,0.015732
-0.055750,-0.053551,0.257423,0.133224,0.052773,0.262453,0.134896,-0.154764,0.236180,-0.246396,0.047662,0.278665,-0.244724,-0.159875,0.252393,0.064585,0.129250,0.015867,0.075611,-0.173195,0.016098,-0.249220,0.115688,0.103025,-0.197097,-0.175346,0.015730
-0.055763,-0.053551,0.257431,0.133211,0.052773,0.262458,0.134882,-0.154764,0.236189,-0.246409,0.047663,0.278674,-0.244737,-0.159874,0.252404,0.064587,0.129247,0.015869,0.075605,-0.173197,0.016099,-0.249229,0.115689,0.103013,-0.197097,-0.175347,0.015730
-0.055771,-0.053551,0.257450,0.133204,0.052771,0.262478,0.134874,-0.154766,0.236209,-0.246416,0.047665,0.278692,-0.244746,-0.159873,0.252423,0.064587,0.129248,0.015869,0.075607,-0.173197,0.016099,-0.249234,0.115695,0.102997,-0.197097,-0.175344,0.015729
-0.055782,-0.053551,0.257464,0.133192,0.052772,0.262486,0.134862,-0.154766,0.236219,-0.246427,0.047664,0.278709,-0.244757,-0.159873,0.252442,0.064589,0.129247,0.015868,0.075607,-0.173197,0.016098,-0.249240,0.115696,0.102990,-0.197097,-0.175344,0.015731
-0.055792,-0.053551,0.257476,0.133184,0.052771,0.262491,0.134851,-0.154767,0.236223,-0.246435,0.047665,0.278728,-0.244767,-0.159872,0.252460,0.064585,0.129249,0.015867,0.075606,-0.173196,0.016102,-0.249244,0.115700,0.102994,-0.197103,-0.175341,0.015735
-0.055799,-0.053551,0.257491,0.133175,0.052773,0.262508,0.134845,-0.154765,0.236245,-0.246444,0.047664,0.278737,-0.244774,-0.159874,0.252473,0.064588,0.129247,0.015868,0.075607,-0.173197,0.016099,-0.249240,0.115699,0.102966,-0.197102,-0.175345,0.015730
-0.055809,-0.053558,0.257490,0.133165,0.052765,0.262513,0.134836,-0.154772,0.236242,-0.246454,0.047655,0.278739,-0.244783,-0.159882,0.252467,0.064587,0.129250,0.015868,0.075603,-0.173195,0.016097,-0.249260,0.115695,0.102982,-0.197104,-0.175345,0.015733
-0.055819,-0.053555,0.257494,0.133156,0.052769,0.262508,0.134825,-0.154769,0.236240,-0.246462,0.047660,0.278748,-0.244793,-0.159878,0.252480,0.064586,0.129249,0.015867,0.075598,-0.173196,0.016100,-0.249275,0.115697,0.102992,-0.197105,-0.175343,0.015732
-0.055826,-0.053566,0.257505,0.133149,0.052756,0.262525,0.134817,-0.154780,0.236248,-0.246470,0.047648,0.278763,-0.244801,-0.159888,0.252486,0.064588,0.129250,0.015869,0.075597,-0.173197,0.016099,-0.249273,0.115696,0.102991,-0.197104,-0.175343,0.015734
-0.055832,-0.053566,0.257519,0.133142,0.052757,0.262544,0.134813,-0.154779,0.236268,-0.246477,0.047647,0.278770,-0.244806,-0.159889,0.252494,0.064589,0.129251,0.015868,0.075604,-0.173195,0.016100,-0.249273,0.115695,0.102989,-0.197104,-0.175344,0.015733
-0.055841,-0.053566,0.257529,0.133133,0.052757,0.262556,0.134804,-0.154780,0.236283,-0.246486,0.047648,0.278775,-0.244816,-0.159889,0.252503,0.064587,0.129248,0.015869,0.075597,-0.173197,0.016097,-0.249280,0.115693,0.102990,-0.197107,-0.175346,0.015731
-0.055851,-0.053566,0.257527,0.133124,0.052756,0.262556,0.134794,-0.154781,0.236282,-0.246496,0.047649,0.278772,-0.244826,-0.159888,0.252498,0.064585,0.129249,0.015868,0.075599,-0.173196,0.016099,-0.249282,0.115693,0.102999,-0.197108,-0.175344,0.015733
-0.055859,-0.053566,0.257522,0.133116,0.052756,0.262552,0.134786,-0.154780,0.236278,-0.246504,0.047648,0.278766,-0.244833,-0.159888,0.252492,0.064585,0.129249,0.015869,0.075599,-0.173197,0.016100,-0.249286,0.115692,0.102999,-0.197108,-0.175345,0.015732
-0.055866,-0.053562,0.257517,0.133109,0.052759,0.262545,0.134778,-0.154778,0.236275,-0.246511,0.047654,0.278758,-0.244841,-0.159884,0.252488,0.064584,0.129247,0.015868,0.075599,-0.173198,0.016099,-0.249295,0.115694,0.102994,-0.197109,-0.175345,0.015733
-0.055874,-0.053555,0.257516,0.133101,0.052768,0.262544,0.134771,-0.154770,0.236275,-0.246519,0.047661,0.278756,-0.244849,-0.159877,0.252488,0.064585,0.129253,0.015868,0.075594,-0.173192,0.016098,-0.249297,0.115703,0.102965,-0.197109,-0.175340,0.015734
