0.007185,0.001465,0.343600,0.196729,0.106586,0.351589,0.197598,-0.102354,0.341202,-0.183228,0.105284,0.345998,-0.182359,-0.103657,0.335611,0.186576,0.162798,0.135391,0.188055,-0.137855,0.139121,-0.164928,0.160808,0.146006,-0.161576,-0.139135,0.135618
0.010606,0.002773,0.334079,0.199338,0.109301,0.342642,0.201792,-0.099627,0.332263,-0.180580,0.105174,0.335896,-0.178126,-0.103754,0.325517,0.207339,0.165665,0.126031,0.213632,-0.135125,0.133532,-0.129943,0.161667,0.126747,-0.121456,-0.138575,0.123755
0.014836,0.004070,0.319953,0.202194,0.112914,0.329512,0.207277,-0.095966,0.319112,-0.177604,0.104106,0.320794,-0.172521,-0.104773,0.310394,0.231859,0.169626,0.119227,0.227893,-0.131524,0.129130,-0.098429,0.161887,0.113241,-0.097715,-0.138795,0.116017
0.019992,0.005295,0.302062,0.205792,0.116647,0.313035,0.213766,-0.092134,0.302473,-0.173783,0.102724,0.301650,-0.165808,-0.106057,0.291089,0.249704,0.174416,0.104464,0.229515,-0.127687,0.116918,-0.074441,0.162408,0.097078,-0.078197,-0.138608,0.100457
0.026040,0.006535,0.280077,0.210324,0.120150,0.293193,0.221006,-0.088471,0.281883,-0.168926,0.101540,0.278272,-0.158244,-0.107081,0.266962,0.257390,0.179553,0.082616,0.218374,-0.124063,0.095237,-0.056316,0.163860,0.075781,-0.059255,-0.137462,0.080170
0.032514,0.007824,0.254066,0.215464,0.123311,0.269337,0.228435,-0.085151,0.257493,-0.163408,0.100799,0.250639,-0.150437,-0.107663,0.238795,0.257694,0.183629,0.056731,0.205799,-0.121565,0.070840,-0.041821,0.165358,0.050302,-0.043339,-0.136215,0.055841
0.039040,0.009224,0.224543,0.220792,0.126352,0.241527,0.235723,-0.082012,0.230287,-0.157643,0.100460,0.218799,-0.142712,-0.107904,0.207559,0.253564,0.185987,0.025473,0.197779,-0.120199,0.041859,-0.027834,0.166126,0.019847,-0.032884,-0.135881,0.026171
0.044717,0.009724,0.194658,0.226301,0.127040,0.212131,0.241564,-0.081214,0.199400,-0.152131,0.100661,0.189917,-0.136867,-0.107592,0.177186,0.250874,0.186479,0.016134,0.194804,-0.119073,0.015775,-0.026881,0.166143,0.015778,-0.030256,-0.135580,0.015983
0.049359,0.009846,0.172229,0.230969,0.127063,0.190096,0.246247,-0.081069,0.175530,-0.147528,0.100761,0.168928,-0.132250,-0.107372,0.154361,0.249842,0.186311,0.016084,0.194412,-0.119373,0.015729,-0.026380,0.166045,0.015932,-0.029840,-0.135858,0.016056
0.053864,0.011044,0.155925,0.235412,0.128124,0.175261,0.250680,-0.079982,0.160316,-0.142951,0.102069,0.151534,-0.127683,-0.106037,0.136589,0.249270,0.186261,0.016071,0.194627,-0.119401,0.015737,-0.026013,0.166070,0.016003,-0.029640,-0.135873,0.015999
0.058427,0.012596,0.143594,0.239852,0.129565,0.164668,0.255111,-0.078576,0.150218,-0.138258,0.103769,0.136970,-0.122999,-0.104373,0.122519,0.249015,0.186240,0.015985,0.194829,-0.119350,0.015871,-0.025769,0.166093,0.016020,-0.029493,-0.135799,0.015927
0.063201,0.013885,0.134222,0.244439,0.130749,0.157390,0.259722,-0.077421,0.143371,-0.133320,0.105192,0.125073,-0.118037,-0.102978,0.111055,0.249016,0.186281,0.016005,0.195114,-0.119262,0.016010,-0.025563,0.166125,0.015977,-0.029350,-0.135736,0.015938
0.068191,0.014763,0.127499,0.249241,0.131476,0.152794,0.264525,-0.076699,0.138850,-0.128144,0.106224,0.116147,-0.112860,-0.101950,0.102204,0.249225,0.186309,0.016024,0.195466,-0.119218,0.016053,-0.025305,0.166157,0.015992,-0.029141,-0.135700,0.015943
0.073337,0.015263,0.123240,0.254232,0.131811,0.150339,0.269507,-0.076346,0.136131,-0.122834,0.106872,0.110348,-0.107559,-0.101286,0.096140,0.249589,0.186314,0.016052,0.195802,-0.119238,0.016078,-0.024949,0.166171,0.016010,-0.028821,-0.135711,0.015933
0.078559,0.015484,0.121287,0.259363,0.131870,0.149668,0.274619,-0.076252,0.134933,-0.117501,0.107220,0.107641,-0.102245,-0.100902,0.092907,0.250074,0.186333,0.016060,0.196331,-0.119260,0.016059,-0.024448,0.166213,0.016027,-0.028323,-0.135721,0.015961
0.083782,0.015545,0.121439,0.264572,0.131800,0.150439,0.279791,-0.076286,0.135171,-0.112227,0.107376,0.107708,-0.097008,-0.100710,0.092440,0.250642,0.186335,0.016045,0.196876,-0.119309,0.016123,-0.023816,0.166264,0.016010,-0.027656,-0.135716,0.015910
0.088965,0.015453,0.123491,0.269796,0.131629,0.152557,0.284990,-0.076418,0.136732,-0.107059,0.107324,0.110251,-0.091865,-0.100722,0.094425,0.251254,0.186362,0.016025,0.197388,-0.119336,0.016029,-0.023110,0.166326,0.016006,-0.026717,-0.135678,0.015702
0.094069,0.015266,0.127185,0.274991,0.131392,0.155881,0.290142,-0.076620,0.139574,-0.102003,0.107153,0.114795,-0.086852,-0.100860,0.098488,0.251876,0.186389,0.015941,0.197848,-0.119362,0.015969,-0.022352,0.166414,0.015939,-0.025527,-0.135629,0.015921
0.099030,0.014919,0.132329,0.280089,0.130996,0.160349,0.295167,-0.076982,0.143543,-0.097106,0.106821,0.121116,-0.082028,-0.101157,0.104310,0.252519,0.186391,0.015844,0.198275,-0.119409,0.015896,-0.021596,0.166520,0.015821,-0.024252,-0.135559,0.016107
0.103859,0.014435,0.138905,0.285089,0.130488,0.165893,0.300081,-0.077456,0.148602,-0.092363,0.106326,0.129208,-0.077371,-0.101619,0.111917,0.253178,0.186399,0.015722,0.198668,-0.119452,0.015830,-0.020903,0.166644,0.015664,-0.022996,-0.135460,0.016153
0.108592,0.013966,0.146952,0.290009,0.130056,0.172487,0.304914,-0.077875,0.154965,-0.087730,0.105807,0.138939,-0.072825,-0.102125,0.121417,0.253849,0.186402,0.015722,0.199054,-0.119460,0.015765,-0.020308,0.166751,0.015706,-0.021941,-0.135339,0.016204
0.113193,0.013660,0.156683,0.294745,0.129932,0.180361,0.309648,-0.078020,0.163088,-0.083263,0.105341,0.150279,-0.068360,-0.102611,0.133005,0.254528,0.186447,0.015735,0.199445,-0.119396,0.015681,-0.019887,0.166775,0.015814,-0.021256,-0.135256,0.016206
0.117640,0.013615,0.168423,0.299315,0.130143,0.189788,0.314234,-0.077866,0.173233,-0.078955,0.105096,0.163614,-0.064035,-0.102914,0.147059,0.255237,0.186545,0.015724,0.199858,-0.119235,0.015611,-0.019608,0.166823,0.015839,-0.020833,-0.135110,0.016189
0.121596,0.013733,0.181584,0.303448,0.130722,0.198461,0.318423,-0.077363,0.182938,-0.075231,0.104829,0.180230,-0.060255,-0.103256,0.164708,0.255861,0.186624,0.015702,0.200237,-0.119090,0.015735,-0.025392,0.166214,0.017955,-0.020783,-0.135024,0.016114
0.124992,0.014229,0.195265,0.306941,0.131852,0.205303,0.322032,-0.076322,0.191132,-0.072047,0.104779,0.199398,-0.056956,-0.103394,0.185226,0.256385,0.186762,0.015798,0.200575,-0.118868,0.015846,-0.047420,0.164038,0.026074,-0.021099,-0.134958,0.016137
0.128033,0.014862,0.208546,0.309895,0.132998,0.211875,0.325084,-0.075252,0.198993,-0.069019,0.104976,0.218098,-0.053830,-0.103274,0.205217,0.256860,0.186909,0.015899,0.200942,-0.118638,0.015890,-0.066890,0.162013,0.036641,-0.021615,-0.134883,0.016093
0.130974,0.015293,0.221218,0.312643,0.133759,0.219439,0.327907,-0.074542,0.207507,-0.065960,0.105128,0.234930,-0.050696,-0.103173,0.222998,0.257387,0.187013,0.015951,0.205689,-0.118181,0.016118,-0.076967,0.160925,0.043638,-0.022179,-0.134875,0.016046
0.134037,0.015461,0.232847,0.315525,0.134112,0.227832,0.330837,-0.074216,0.216453,-0.062763,0.105138,0.249242,-0.047451,-0.103190,0.237863,0.257967,0.187093,0.015994,0.213038,-0.117615,0.016904,-0.079615,0.160626,0.046278,-0.022712,-0.134894,0.016002
0.137184,0.015404,0.242349,0.318539,0.134166,0.235494,0.333888,-0.074171,0.224320,-0.059520,0.104978,0.260377,-0.044171,-0.103359,0.249203,0.258542,0.187156,0.016023,0.225863,-0.116635,0.016765,-0.077174,0.160816,0.045969,-0.023138,-0.134936,0.015956
0.140246,0.015118,0.248157,0.321521,0.133947,0.240401,0.336885,-0.074380,0.229065,-0.056392,0.104616,0.267249,-0.041029,-0.103711,0.255914,0.259004,0.187185,0.016030,0.239848,-0.115636,0.016971,-0.070280,0.161384,0.043912,-0.024314,-0.135101,0.016669
0.142946,0.014698,0.249437,0.324125,0.133652,0.241346,0.339551,-0.074625,0.229211,-0.053659,0.104021,0.269664,-0.038232,-0.104256,0.257529,0.263916,0.187956,0.016302,0.252055,-0.114337,0.016032,-0.060156,0.162455,0.042006,-0.025140,-0.135126,0.020460
0.145258,0.014278,0.246218,0.326325,0.133369,0.237649,0.341814,-0.074857,0.224726,-0.051298,0.103413,0.267709,-0.035809,-0.104812,0.254786,0.274478,0.188922,0.016150,0.255792,-0.113959,0.015925,-0.047738,0.163475,0.039977,-0.021207,-0.135102,0.024604
0.147110,0.013988,0.238885,0.328094,0.133161,0.229731,0.343580,-0.075021,0.216126,-0.049360,0.102998,0.261645,-0.033874,-0.105184,0.248039,0.287190,0.189846,0.014660,0.258524,-0.113940,0.015980,-0.034529,0.164393,0.037954,-0.011904,-0.134779,0.027048
0.148362,0.013729,0.227947,0.329176,0.133048,0.217435,0.344654,-0.075076,0.202965,-0.047930,0.102534,0.252930,-0.032452,-0.105590,0.238459,0.286892,0.189609,0.015779,0.261173,-0.113971,0.016008,-0.021368,0.165441,0.033642,0.001379,-0.133997,0.026146
0.148745,0.013351,0.214346,0.329409,0.132829,0.203097,0.344896,-0.075210,0.187461,-0.047407,0.101913,0.241231,-0.031920,-0.106126,0.225595,0.297983,0.190236,0.016253,0.263100,-0.114120,0.016056,-0.012016,0.166123,0.030044,0.016066,-0.132964,0.022097
0.148376,0.013336,0.198139,0.328792,0.133103,0.186015,0.344417,-0.074838,0.169258,-0.047666,0.101511,0.227020,-0.032041,-0.106431,0.210263,0.306316,0.190862,0.015733,0.263697,-0.114285,0.016083,-0.004562,0.166886,0.023374,0.026572,-0.132060,0.015546
0.147805,0.013832,0.183780,0.328210,0.133682,0.172335,0.343913,-0.074199,0.154912,-0.048303,0.101863,0.212647,-0.032600,-0.106018,0.195225,0.305744,0.190836,0.015875,0.263603,-0.114365,0.016043,-0.000103,0.167739,0.015812,0.027040,-0.132211,0.015766
0.148377,0.014729,0.173454,0.329019,0.134412,0.164202,0.344721,-0.073469,0.146781,-0.047966,0.102926,0.200127,-0.032264,-0.104955,0.182705,0.305513,0.190805,0.015888,0.263721,-0.114367,0.016022,0.000403,0.167760,0.015864,0.027407,-0.132215,0.016003
0.150146,0.015728,0.165820,0.331074,0.135164,0.159387,0.346762,-0.072740,0.142222,-0.046469,0.104196,0.189418,-0.030781,-0.103708,0.172253,0.305534,0.190818,0.015875,0.262936,-0.114360,0.015779,0.000888,0.167825,0.015946,0.027746,-0.132126,0.016020
0.152689,0.016647,0.159902,0.333860,0.135835,0.156382,0.349539,-0.072091,0.139488,-0.044161,0.105386,0.180316,-0.028482,-0.102540,0.163422,0.305706,0.190859,0.015838,0.262083,-0.114358,0.015717,0.001364,0.167897,0.016004,0.028122,-0.132024,0.016019
0.155827,0.017422,0.155246,0.337188,0.136371,0.154620,0.352859,-0.071574,0.137947,-0.041206,0.106417,0.172545,-0.025534,-0.101528,0.155872,0.305981,0.190875,0.015784,0.262384,-0.114338,0.015985,0.001848,0.167934,0.016048,0.028531,-0.131974,0.016141
0.159350,0.018051,0.151683,0.340852,0.136769,0.153791,0.356502,-0.071185,0.137213,-0.037801,0.107287,0.166154,-0.022151,-0.100667,0.149575,0.306327,0.190902,0.015707,0.262766,-0.114292,0.015927,0.002329,0.167994,0.016082,0.028967,-0.131908,0.016182
0.163105,0.018578,0.149160,0.344687,0.137107,0.153648,0.360332,-0.070852,0.137116,-0.034122,0.108007,0.161204,-0.018477,-0.099951,0.144673,0.306711,0.190934,0.015745,0.263137,-0.114246,0.015855,0.002802,0.168042,0.016092,0.029419,-0.131860,0.016240
0.166982,0.019032,0.147685,0.348612,0.137399,0.154067,0.364242,-0.070565,0.137596,-0.030279,0.108628,0.157774,-0.014649,-0.099336,0.141302,0.307120,0.190957,0.015733,0.263521,-0.114207,0.015774,0.003271,0.168092,0.016093,0.029972,-0.131792,0.016180
0.170927,0.019417,0.147315,0.352579,0.137670,0.155045,0.368201,-0.070300,0.138646,-0.026347,0.109134,0.155985,-0.010725,-0.098837,0.139586,0.307546,0.190989,0.015765,0.263870,-0.114165,0.015754,0.003722,0.168144,0.016068,0.030566,-0.131722,0.016163
0.174917,0.019768,0.148129,0.356576,0.137956,0.156654,0.372195,-0.070026,0.140406,-0.022361,0.109562,0.155851,-0.006742,-0.098421,0.139603,0.307984,0.191029,0.015764,0.264232,-0.114106,0.015673,0.004141,0.168189,0.016049,0.031166,-0.131648,0.016182
0.178930,0.020065,0.150173,0.360598,0.138219,0.158994,0.376204,-0.069780,0.142953,-0.018343,0.109911,0.157393,-0.002737,-0.098089,0.141353,0.308428,0.191063,0.015765,0.264546,-0.114056,0.015686,0.004502,0.168240,0.016016,0.031649,-0.131564,0.016133
0.182971,0.020397,0.153560,0.364632,0.138571,0.162236,0.380249,-0.069456,0.146565,-0.014307,0.110250,0.160555,0.001310,-0.097776,0.144885,0.308889,0.191129,0.015728,0.264875,-0.113968,0.015734,0.004813,0.168285,0.015956,0.032083,-0.131466,0.016026
0.187077,0.020718,0.158517,0.368743,0.138917,0.166730,0.384350,-0.069146,0.151545,-0.010197,0.110582,0.165489,0.005410,-0.097482,0.150305,0.309369,0.191179,0.015763,0.265201,-0.113871,0.015730,0.005042,0.168339,0.015918,0.032407,-0.131350,0.015953
0.191262,0.021076,0.165408,0.372927,0.139320,0.172992,0.388536,-0.068792,0.158493,-0.006012,0.110944,0.172323,0.009598,-0.097168,0.157824,0.309871,0.191229,0.015812,0.265513,-0.113767,0.015823,0.005185,0.168372,0.015862,0.032640,-0.131240,0.015901
0.195394,0.021610,0.174398,0.377023,0.139961,0.181098,0.392691,-0.068213,0.167569,-0.001904,0.111433,0.181227,0.013764,-0.096740,0.167698,0.310422,0.191357,0.015925,0.265841,-0.113575,0.015874,0.005120,0.168383,0.015869,0.032686,-0.131122,0.015863
0.198902,0.022366,0.184948,0.380466,0.140933,0.189139,0.396220,-0.067318,0.176978,0.001584,0.112049,0.192918,0.017338,-0.096202,0.180757,0.310885,0.191440,0.015950,0.266147,-0.113411,0.015926,0.000255,0.167742,0.019353,0.032485,-0.131089,0.015962
0.201661,0.023434,0.196938,0.383065,0.142316,0.196132,0.398920,-0.066015,0.185590,0.004402,0.112883,0.208285,0.020257,-0.095449,0.197743,0.311282,0.191608,0.015988,0.266454,-0.113153,0.015963,-0.013300,0.166135,0.031217,0.031908,-0.131005,0.015992
0.204203,0.024429,0.210413,0.385340,0.143554,0.204109,0.401269,-0.064840,0.195017,0.007137,0.113699,0.225810,0.023065,-0.094696,0.216718,0.311698,0.191758,0.016006,0.266780,-0.112935,0.015991,-0.026440,0.164647,0.044999,0.031105,-0.130952,0.016046
0.207056,0.024921,0.224858,0.387932,0.144180,0.214734,0.403913,-0.064245,0.206476,0.010199,0.114088,0.243240,0.026180,-0.094337,0.234982,0.312240,0.191868,0.016007,0.271231,-0.112518,0.016664,-0.034772,0.163747,0.054230,0.030243,-0.130971,0.016054
0.210435,0.024937,0.239084,0.391162,0.144255,0.227163,0.407166,-0.064179,0.219176,0.013704,0.114053,0.258992,0.029708,-0.094381,0.251006,0.312938,0.191957,0.015982,0.282295,-0.111641,0.017094,-0.038364,0.163350,0.058594,0.029437,-0.131016,0.016047
0.214092,0.024551,0.250891,0.394788,0.143876,0.238572,0.410770,-0.064553,0.230410,0.017415,0.113656,0.271372,0.033396,-0.094773,0.263211,0.313675,0.191993,0.015918,0.296659,-0.110667,0.019634,-0.036322,0.163490,0.058478,0.028658,-0.131078,0.016094
0.217460,0.024048,0.258207,0.398144,0.143406,0.246040,0.414112,-0.064998,0.237233,0.020808,0.113094,0.279180,0.036775,-0.095310,0.270373,0.317301,0.192498,0.017404,0.311589,-0.109404,0.022551,-0.027884,0.164398,0.056496,0.025456,-0.131284,0.021521
0.220359,0.023525,0.260835,0.400979,0.142981,0.248675,0.417001,-0.065390,0.239224,0.023717,0.112441,0.282447,0.039739,-0.095930,0.272996,0.325889,0.193208,0.020048,0.323801,-0.108399,0.023408,-0.014959,0.165423,0.054813,0.025271,-0.131621,0.029311
0.222842,0.022987,0.259016,0.403394,0.142539,0.246795,0.419445,-0.065789,0.236495,0.026239,0.111764,0.281537,0.042290,-0.096565,0.271236,0.337999,0.194291,0.021300,0.333384,-0.107447,0.021859,0.000879,0.166763,0.052745,0.031807,-0.131333,0.035017
0.224938,0.022438,0.252770,0.405447,0.142056,0.240544,0.421458,-0.066214,0.229063,0.028419,0.111090,0.276478,0.044430,-0.097180,0.264997,0.353398,0.195804,0.021105,0.342571,-0.106312,0.018281,0.019180,0.168527,0.049834,0.044826,-0.130303,0.038270
0.226753,0.021828,0.242040,0.407255,0.141458,0.229847,0.423126,-0.066732,0.216818,0.030380,0.110387,0.267263,0.046251,-0.097803,0.254233,0.371753,0.197526,0.020467,0.352147,-0.105248,0.016044,0.039416,0.170600,0.045907,0.062841,-0.128750,0.039175
0.228354,0.021275,0.227138,0.408996,0.140651,0.214532,0.424479,-0.067528,0.200872,0.032228,0.110077,0.253404,0.047711,-0.098102,0.239744,0.391943,0.197799,0.020336,0.358672,-0.105963,0.015983,0.059500,0.171701,0.041230,0.082111,-0.128037,0.038901
0.229683,0.021069,0.208796,0.410548,0.140044,0.195609,0.425526,-0.068167,0.181893,0.033840,0.110304,0.235699,0.048818,-0.097907,0.221983,0.410766,0.197383,0.018656,0.374006,-0.106612,0.016010,0.078244,0.172404,0.034714,0.100386,-0.127533,0.034799
0.230989,0.020878,0.191221,0.412004,0.139834,0.180093,0.426951,-0.068280,0.164937,0.035026,0.110036,0.217505,0.049973,-0.098079,0.202348,0.410246,0.197334,0.016160,0.373846,-0.106913,0.015716,0.093113,0.174622,0.015286,0.116440,-0.125380,0.015438
0.232721,0.020927,0.178371,0.414006,0.139744,0.170656,0.428942,-0.068277,0.154263,0.036501,0.110132,0.202479,0.051436,-0.097889,0.186086,0.409900,0.197339,0.016071,0.373751,-0.107029,0.015715,0.093919,0.174682,0.015696,0.117137,-0.125461,0.015807
0.235392,0.021534,0.168495,0.416934,0.140123,0.163996,0.431848,-0.067868,0.147204,0.038935,0.110936,0.189786,0.053850,-0.097055,0.172994,0.409840,0.197273,0.016055,0.373530,-0.107159,0.015849,0.094524,0.174681,0.015825,0.117629,-0.125511,0.015871
0.238731,0.022392,0.159926,0.420499,0.140717,0.158853,0.435403,-0.067267,0.141967,0.042060,0.112052,0.177885,0.056964,-0.095932,0.160999,0.409942,0.197270,0.016044,0.373516,-0.107220,0.016361,0.095116,0.174719,0.015928,0.118108,-0.125489,0.015944
0.242455,0.023281,0.152353,0.424396,0.141318,0.154861,0.439290,-0.066668,0.137980,0.045621,0.113230,0.166726,0.060515,-0.094755,0.149845,0.410152,0.197281,0.016032,0.372406,-0.107274,0.016023,0.095705,0.174765,0.016012,0.118591,-0.125452,0.016048
0.246497,0.024010,0.145521,0.428529,0.141776,0.151578,0.443432,-0.066197,0.134546,0.049562,0.114216,0.156496,0.064465,-0.093756,0.139465,0.410436,0.197299,0.016013,0.372476,-0.107297,0.016065,0.096284,0.174781,0.016087,0.119082,-0.125462,0.016154
0.250773,0.024666,0.139382,0.432847,0.142156,0.148680,0.447735,-0.065797,0.131408,0.053811,0.115129,0.147357,0.068700,-0.092825,0.130085,0.410778,0.197320,0.015993,0.372879,-0.107301,0.016095,0.096860,0.174834,0.016118,0.119581,-0.125444,0.016183
0.255117,0.025318,0.134092,0.437188,0.142564,0.146129,0.452060,-0.065378,0.128702,0.058175,0.116014,0.139482,0.073047,-0.091927,0.122055,0.411142,0.197336,0.015951,0.373391,-0.107292,0.016097,0.097425,0.174884,0.016136,0.120078,-0.125421,0.016246
0.259382,0.025986,0.129831,0.441415,0.143050,0.144016,0.456288,-0.064894,0.126615,0.062477,0.116865,0.133048,0.077350,-0.091079,0.115646,0.411529,0.197358,0.015900,0.373899,-0.107265,0.016127,0.097998,0.174916,0.016109,0.120625,-0.125391,0.016263
0.263536,0.026543,0.126757,0.445529,0.143462,0.142562,0.460394,-0.064483,0.125176,0.066679,0.117569,0.128337,0.081544,-0.090377,0.110951,0.411933,0.197380,0.015833,0.374369,-0.107235,0.016069,0.098558,0.174957,0.016075,0.121244,-0.125343,0.016219
0.267570,0.027020,0.125018,0.449530,0.143844,0.141859,0.464385,-0.064110,0.124557,0.070754,0.118149,0.125479,0.085609,-0.089805,0.108177,0.412340,0.197402,0.015754,0.374802,-0.107197,0.015977,0.099095,0.175003,0.016016,0.121889,-0.125280,0.016166
0.271492,0.027378,0.124673,0.453432,0.144161,0.142011,0.468286,-0.063800,0.124794,0.074698,0.118556,0.124553,0.089552,-0.089405,0.107335,0.412763,0.197428,0.015777,0.375194,-0.107155,0.015915,0.099602,0.175047,0.015949,0.122536,-0.125217,0.016109
0.275311,0.027660,0.125692,0.457259,0.144438,0.142989,0.472097,-0.063536,0.125921,0.078526,0.118857,0.125463,0.093364,-0.089117,0.108396,0.413184,0.197452,0.015763,0.375543,-0.107109,0.015850,0.100063,0.175103,0.015889,0.123174,-0.125129,0.016034
0.279026,0.027832,0.128055,0.460994,0.144651,0.144854,0.475824,-0.063336,0.127945,0.082228,0.119000,0.128165,0.097058,-0.088987,0.111257,0.413616,0.197484,0.015750,0.375852,-0.107065,0.015829,0.100460,0.175151,0.015792,0.123794,-0.125043,0.015896
0.282629,0.027946,0.131766,0.464632,0.144835,0.147678,0.479449,-0.063171,0.130985,0.085809,0.119064,0.132548,0.100626,-0.088942,0.115855,0.414033,0.197528,0.015761,0.376142,-0.106992,0.015741,0.100764,0.175217,0.015706,0.124389,-0.124928,0.015761
0.286128,0.028069,0.136869,0.468169,0.145068,0.151482,0.482979,-0.062971,0.135204,0.089277,0.119108,0.138535,0.104087,-0.088931,0.122257,0.414454,0.197569,0.015741,0.376393,-0.106911,0.015687,0.100978,0.175260,0.015657,0.124836,-0.124825,0.015771
0.289568,0.028122,0.143402,0.471647,0.145248,0.156438,0.486447,-0.062830,0.140646,0.092689,0.119074,0.146158,0.107489,-0.089004,0.130366,0.414873,0.197585,0.015716,0.376616,-0.106851,0.015651,0.101084,0.175271,0.015646,0.125078,-0.124757,0.015847
0.293046,0.028111,0.151529,0.475147,0.145366,0.163000,0.489951,-0.062744,0.147656,0.096141,0.118965,0.155402,0.110945,-0.089145,0.140058,0.415318,0.197653,0.015782,0.376834,-0.106742,0.015596,0.101073,0.175310,0.015626,0.125191,-0.124667,0.015920
0.296626,0.028202,0.161588,0.478710,0.145610,0.171685,0.493565,-0.062551,0.157086,0.099688,0.118955,0.166089,0.114542,-0.089206,0.151491,0.415804,0.197730,0.015807,0.377059,-0.106623,0.015651,0.100993,0.175275,0.015655,0.125123,-0.124614,0.015843
0.299997,0.028500,0.173550,0.482038,0.146100,0.182051,0.496982,-0.062127,0.168542,0.103013,0.119127,0.178559,0.117956,-0.089101,0.165049,0.416315,0.197824,0.015916,0.376461,-0.106514,0.015561,0.098996,0.174969,0.017206,0.124875,-0.124577,0.015692
0.302629,0.029247,0.186963,0.484611,0.147143,0.191901,0.499648,-0.061175,0.179982,0.105611,0.119670,0.193943,0.120648,-0.088648,0.182024,0.416748,0.197955,0.015954,0.376725,-0.106297,0.015819,0.089144,0.173775,0.025268,0.124273,-0.124517,0.015792
0.304829,0.030319,0.202138,0.486662,0.148546,0.201846,0.501807,-0.059859,0.191720,0.107850,0.120498,0.212557,0.122995,-0.087908,0.202431,0.417222,0.198153,0.015998,0.376681,-0.106030,0.015848,0.076087,0.172216,0.039615,0.123367,-0.124439,0.015859
0.307248,0.031178,0.218730,0.488892,0.149590,0.213722,0.504081,-0.058876,0.205009,0.110415,0.121231,0.232452,0.125604,-0.087235,0.223739,0.417766,0.198282,0.016011,0.378451,-0.105757,0.016426,0.065919,0.171152,0.051760,0.122288,-0.124402,0.015976
0.310243,0.031536,0.235694,0.491750,0.150033,0.228304,0.506981,-0.058460,0.220337,0.113504,0.121532,0.251052,0.128735,-0.086961,0.243085,0.418529,0.198402,0.015978,0.386453,-0.105141,0.018121,0.060626,0.170616,0.058894,0.121234,-0.124436,0.016034
0.313668,0.031487,0.250919,0.495147,0.149989,0.242945,0.510378,-0.058512,0.235214,0.116958,0.121485,0.266623,0.132189,-0.087016,0.258893,0.419406,0.198476,0.015933,0.399890,-0.104267,0.021630,0.061107,0.170647,0.060569,0.120317,-0.124481,0.016018
0.316947,0.031334,0.261764,0.498387,0.149890,0.253693,0.513665,-0.058603,0.245804,0.120229,0.121270,0.277724,0.135507,-0.087222,0.269835,0.422958,0.198876,0.018235,0.416037,-0.103061,0.026473,0.067940,0.171309,0.059287,0.116559,-0.124818,0.021508
0.319826,0.031185,0.267847,0.501178,0.149854,0.259472,0.516568,-0.058626,0.251489,0.123084,0.120996,0.284205,0.138474,-0.087484,0.276222,0.431744,0.199389,0.023036,0.429873,-0.102141,0.029713,0.079286,0.172021,0.058287,0.113976,-0.125500,0.030750
0.322319,0.031002,0.269489,0.503581,0.149780,0.260713,0.519062,-0.058683,0.252466,0.125576,0.120687,0.286512,0.141057,-0.087776,0.278264,0.443161,0.200179,0.026288,0.440090,-0.101379,0.030558,0.093359,0.172976,0.057232,0.117911,-0.125590,0.037745
0.324460,0.030796,0.266745,0.505658,0.149642,0.257566,0.521161,-0.058797,0.248779,0.127759,0.120390,0.284711,0.143263,-0.088050,0.275923,0.456523,0.201305,0.027441,0.447926,-0.100594,0.028997,0.109649,0.174327,0.055390,0.128771,-0.124868,0.041691
0.326296,0.030525,0.259580,0.507471,0.149383,0.250125,0.522909,-0.059023,0.240457,0.129683,0.120073,0.278703,0.145120,-0.088332,0.269035,0.471433,0.202692,0.026888,0.455515,-0.099665,0.025477,0.128139,0.176085,0.052295,0.145430,-0.123463,0.043340
0.327950,0.030239,0.247957,0.509156,0.149044,0.238445,0.524433,-0.059313,0.227566,0.131466,0.119791,0.268348,0.146743,-0.088566,0.257469,0.487651,0.204210,0.025694,0.465440,-0.098485,0.020966,0.148186,0.178163,0.047871,0.165847,-0.121623,0.043409
0.329583,0.029976,0.232009,0.510847,0.148707,0.222666,0.525931,-0.059587,0.210396,0.133235,0.119539,0.253622,0.148319,-0.088756,0.241352,0.504768,0.205616,0.024009,0.480187,-0.097140,0.016741,0.168328,0.180182,0.042186,0.186449,-0.119882,0.041713
0.331318,0.029758,0.212403,0.512561,0.148508,0.202889,0.527530,-0.059707,0.189210,0.135106,0.119224,0.235596,0.150074,-0.088991,0.221916,0.521866,0.207036,0.017289,0.495949,-0.096242,0.015691,0.188803,0.182109,0.032242,0.207587,-0.117930,0.030257
0.333106,0.029919,0.193483,0.514378,0.148800,0.186490,0.529594,-0.059331,0.171851,0.136618,0.119169,0.215116,0.151834,-0.088963,0.200477,0.521136,0.206959,0.016143,0.495524,-0.096523,0.015701,0.202262,0.183667,0.015848,0.221227,-0.116574,0.015657
0.335264,0.030869,0.178891,0.516764,0.149573,0.176037,0.532069,-0.058531,0.161100,0.138459,0.120268,0.196682,0.153764,-0.087836,0.181746,0.520727,0.207036,0.016060,0.495347,-0.096497,0.015859,0.203027,0.183701,0.015633,0.221870,-0.116610,0.015862
0.338322,0.032097,0.167318,0.520024,0.150521,0.168296,0.535317,-0.057599,0.153582,0.141327,0.121793,0.181053,0.156619,-0.086328,0.166339,0.520593,0.207014,0.016025,0.495426,-0.096486,0.015948,0.203686,0.183749,0.015730,0.222376,-0.116546,0.015908
0.342042,0.033245,0.157178,0.523843,0.151420,0.162119,0.539164,-0.056713,0.147604,0.144920,0.123203,0.166752,0.160241,-0.084930,0.152238,0.520615,0.207050,0.016068,0.494017,-0.096536,0.015923,0.204295,0.183780,0.015854,0.222888,-0.116510,0.016137
0.346342,0.034168,0.147981,0.528179,0.152053,0.156911,0.543484,-0.056077,0.142341,0.149200,0.124414,0.153621,0.164505,-0.083716,0.139052,0.520782,0.207053,0.016053,0.493913,-0.096553,0.015871,0.204897,0.183829,0.015965,0.223390,-0.116466,0.016149
0.351050,0.034878,0.139632,0.532853,0.152481,0.152215,0.548141,-0.055627,0.137315,0.153960,0.125383,0.141949,0.169247,-0.082725,0.127049,0.521037,0.207050,0.016059,0.494083,-0.096589,0.015840,0.205492,0.183871,0.016048,0.223889,-0.116461,0.016173
0.355908,0.035461,0.132299,0.537635,0.152813,0.147965,0.552911,-0.055263,0.132607,0.158905,0.126186,0.131991,0.174182,-0.081890,0.116633,0.521362,0.207050,0.016042,0.494358,-0.096646,0.015939,0.206081,0.183898,0.016107,0.224413,-0.116487,0.016231
0.360723,0.036034,0.126135,0.542360,0.153180,0.144193,0.557631,-0.054868,0.128473,0.163816,0.126936,0.123797,0.179087,-0.081113,0.108077,0.521731,0.207052,0.016021,0.494741,-0.096695,0.016100,0.206658,0.183917,0.016131,0.224948,-0.116514,0.016301
0.365377,0.036545,0.121311,0.546936,0.153527,0.141130,0.562198,-0.054497,0.125075,0.168557,0.127586,0.117546,0.183819,-0.080438,0.101492,0.522128,0.207072,0.015987,0.495041,-0.096724,0.016142,0.207219,0.183955,0.016153,0.225475,-0.116509,0.016235
0.369837,0.036987,0.117900,0.551334,0.153864,0.138870,0.566598,-0.054140,0.122570,0.173075,0.128115,0.113230,0.188340,-0.079890,0.096930,0.522538,0.207095,0.015952,0.495428,-0.096734,0.016137,0.207778,0.183982,0.016135,0.226081,-0.116506,0.016221
0.374097,0.037338,0.115943,0.555563,0.154152,0.137520,0.570825,-0.053839,0.121045,0.177369,0.128516,0.110841,0.192630,-0.079476,0.094366,0.522970,0.207107,0.015911,0.495932,-0.096735,0.016095,0.208359,0.184009,0.016089,0.226742,-0.116497,0.016216
0.378140,0.037624,0.115405,0.559601,0.154427,0.137097,0.574866,-0.053557,0.120534,0.181415,0.128806,0.110277,0.196680,-0.079178,0.093714,0.523404,0.207144,0.015814,0.496394,-0.096714,0.016076,0.208920,0.184047,0.016017,0.227427,-0.116459,0.016134
0.381982,0.037777,0.116237,0.563468,0.154592,0.137639,0.578726,-0.053385,0.120979,0.185238,0.128938,0.111495,0.200495,-0.079038,0.094834,0.523839,0.207160,0.015831,0.496802,-0.096702,0.015997,0.209438,0.184086,0.015941,0.228143,-0.116413,0.016014
0.385606,0.037846,0.118374,0.567140,0.154717,0.139051,0.582393,-0.053258,0.122372,0.188818,0.128949,0.114376,0.204072,-0.079026,0.097697,0.524263,0.207173,0.015815,0.497149,-0.096693,0.015954,0.209894,0.184115,0.015836,0.228816,-0.116367,0.015874
0.389034,0.037819,0.121739,0.570636,0.154777,0.141298,0.585882,-0.053197,0.124593,0.192186,0.128835,0.118884,0.207432,-0.079139,0.102179,0.524675,0.207205,0.015816,0.497437,-0.096672,0.015948,0.210261,0.184161,0.015749,0.229408,-0.116318,0.015919
0.392319,0.037807,0.126294,0.573993,0.154910,0.144259,0.589242,-0.053078,0.127733,0.195395,0.128693,0.124854,0.210645,-0.079295,0.108328,0.525068,0.207241,0.015848,0.497693,-0.096623,0.015950,0.210535,0.184193,0.015684,0.229882,-0.116263,0.016004
0.395514,0.037804,0.132048,0.577270,0.155062,0.148058,0.592501,-0.052955,0.131884,0.198526,0.128562,0.132211,0.213757,-0.079455,0.116037,0.525460,0.207258,0.015827,0.497909,-0.096570,0.015885,0.210702,0.184224,0.015668,0.230205,-0.116185,0.016050
0.398669,0.037750,0.139000,0.580488,0.155181,0.152898,0.595714,-0.052864,0.137086,0.201625,0.128364,0.140914,0.216851,-0.079681,0.125102,0.525860,0.207307,0.015781,0.498117,-0.096496,0.015863,0.210761,0.184256,0.015648,0.230367,-0.116105,0.016038
0.401852,0.037674,0.147206,0.583713,0.155274,0.158953,0.598934,-0.052805,0.143589,0.204769,0.128153,0.150824,0.219991,-0.079926,0.135460,0.526263,0.207340,0.015749,0.498313,-0.096429,0.015854,0.210720,0.184266,0.015627,0.230385,-0.116039,0.015998
0.405162,0.037605,0.156972,0.587026,0.155375,0.166817,0.602276,-0.052738,0.151953,0.208048,0.127949,0.161990,0.223298,-0.080165,0.147126,0.526725,0.207431,0.015786,0.498532,-0.096299,0.015743,0.210572,0.184274,0.015641,0.230285,-0.115974,0.015993
0.408602,0.037777,0.168726,0.590432,0.155715,0.177072,0.605751,-0.052460,0.163180,0.211453,0.128014,0.174272,0.226772,-0.080161,0.160380,0.527232,0.207499,0.015819,0.498762,-0.096171,0.015797,0.209968,0.184139,0.016029,0.230021,-0.115957,0.015939
0.411729,0.038319,0.182140,0.593526,0.156419,0.188709,0.608902,-0.051838,0.176172,0.214555,0.128475,0.188108,0.229932,-0.079782,0.175571,0.527773,0.207620,0.015942,0.496328,-0.096138,0.015577,0.206570,0.183672,0.019813,0.229592,-0.115851,0.015903
0.414177,0.039040,0.196813,0.595880,0.157444,0.199157,0.611353,-0.050892,0.188134,0.217001,0.128971,0.205493,0.232474,-0.079365,0.194469,0.528239,0.207752,0.015964,0.496615,-0.095932,0.015782,0.194855,0.182148,0.031941,0.228756,-0.115826,0.015812
