0.003746,0.002972,0.341643,0.192038,0.110598,0.343616,0.195232,-0.098445,0.351071,-0.187740,0.104388,0.332215,-0.184546,-0.104655,0.339670,0.209024,0.149907,0.163190,0.200051,-0.149621,0.189398,-0.190362,0.143414,0.152227,-0.161884,-0.156246,0.158698
0.006027,0.003798,0.335951,0.193850,0.112236,0.338156,0.198032,-0.096884,0.342164,-0.185977,0.104479,0.329738,-0.181796,-0.104641,0.333745,0.228968,0.154746,0.147168,0.195612,-0.145542,0.178156,-0.201630,0.145318,0.104552,-0.160167,-0.153769,0.120138
0.008759,0.004993,0.325782,0.196737,0.113179,0.326877,0.200659,-0.095945,0.330955,-0.183142,0.105932,0.320609,-0.179220,-0.103192,0.324688,0.217445,0.154850,0.112363,0.204293,-0.144510,0.168589,-0.190195,0.145956,0.048320,-0.152154,-0.153028,0.074605
0.010788,0.006302,0.311092,0.198797,0.114439,0.310777,0.202676,-0.094647,0.316508,-0.181100,0.107251,0.305677,-0.177221,-0.101835,0.311408,0.193919,0.153375,0.075517,0.218969,-0.144315,0.152503,-0.174938,0.144894,0.015785,-0.149198,-0.154269,0.038524
0.013405,0.005627,0.296531,0.199811,0.116371,0.291091,0.206726,-0.092683,0.294725,-0.179917,0.103936,0.298336,-0.173001,-0.105118,0.301971,0.168780,0.156510,0.042805,0.219482,-0.141025,0.105915,-0.174185,0.144697,0.015892,-0.163682,-0.155233,0.017739
0.017609,0.006195,0.283178,0.202394,0.117939,0.262963,0.210734,-0.091067,0.266328,-0.175516,0.103457,0.300028,-0.167177,-0.105549,0.303393,0.137306,0.156894,0.018216,0.206836,-0.140179,0.051155,-0.172869,0.144498,0.016978,-0.163600,-0.155525,0.016004
0.023376,0.006298,0.268799,0.206630,0.117315,0.235117,0.214436,-0.091715,0.238290,-0.167683,0.104311,0.299309,-0.159877,-0.104719,0.302482,0.136433,0.156852,0.015835,0.177382,-0.141728,0.031289,-0.166838,0.145613,0.021516,-0.179825,-0.155297,0.016170
0.028839,0.006620,0.255943,0.209900,0.117311,0.211156,0.217676,-0.091717,0.214570,-0.159997,0.104958,0.297316,-0.152221,-0.104070,0.300730,0.135784,0.156853,0.015966,0.158094,-0.142675,0.015315,-0.121737,0.147428,0.025455,-0.179415,-0.155226,0.015604
0.035477,0.007448,0.245403,0.215057,0.117967,0.194632,0.223001,-0.091041,0.198758,-0.152047,0.105938,0.292048,-0.144103,-0.103071,0.296173,0.135744,0.156918,0.015969,0.154051,-0.142761,0.015990,-0.062120,0.149795,0.036118,-0.180776,-0.155495,0.015609
0.044037,0.008068,0.235719,0.223166,0.118404,0.182992,0.231081,-0.090597,0.187545,-0.143008,0.106733,0.283893,-0.135092,-0.102267,0.288446,0.136300,0.156966,0.015866,0.165641,-0.142206,0.020574,-0.020869,0.151771,0.050657,-0.179589,-0.155385,0.015808
0.054581,0.008343,0.226557,0.233851,0.118661,0.174276,0.241750,-0.090339,0.178905,-0.132589,0.107024,0.274208,-0.124689,-0.101976,0.278838,0.137212,0.156993,0.015894,0.181077,-0.141561,0.023810,0.001012,0.152755,0.056940,-0.178329,-0.155321,0.015902
0.066444,0.007992,0.217006,0.246301,0.118484,0.167164,0.254164,-0.090529,0.171222,-0.121275,0.106512,0.262790,-0.113412,-0.102500,0.266848,0.138341,0.156978,0.015952,0.195533,-0.141080,0.024184,0.010160,0.152888,0.053685,-0.176875,-0.155251,0.015890
0.079002,0.006964,0.205977,0.259876,0.117614,0.160341,0.267444,-0.091433,0.162976,-0.109439,0.105360,0.248978,-0.101871,-0.103686,0.251613,0.139630,0.156923,0.015906,0.209401,-0.140813,0.020499,0.013033,0.152693,0.043953,-0.174974,-0.154787,0.015908
0.091347,0.005394,0.192082,0.273689,0.115584,0.151455,0.280079,-0.093518,0.151615,-0.097386,0.104306,0.232550,-0.090996,-0.104796,0.232709,0.140962,0.156896,0.015838,0.212854,-0.141147,0.015826,0.011469,0.152951,0.031570,-0.166409,-0.152738,0.015812
0.102409,0.004900,0.176440,0.286408,0.114726,0.142917,0.292038,-0.094394,0.141469,-0.087219,0.104194,0.211412,-0.081590,-0.104926,0.209964,0.143176,0.157217,0.015967,0.214015,-0.141092,0.015871,0.010018,0.153634,0.015697,-0.148698,-0.150936,0.027455
0.112564,0.004877,0.161290,0.298020,0.114757,0.137338,0.303667,-0.094357,0.135341,-0.078539,0.104111,0.187239,-0.072892,-0.105003,0.185241,0.159114,0.157605,0.018997,0.215272,-0.141072,0.015922,0.011297,0.153642,0.015891,-0.112075,-0.150146,0.040346
0.123405,0.004660,0.148626,0.310100,0.114495,0.137555,0.315739,-0.094609,0.134669,-0.068928,0.103929,0.162584,-0.063289,-0.105175,0.159698,0.189536,0.158308,0.022075,0.216447,-0.141118,0.015866,0.012453,0.153620,0.015795,-0.069027,-0.149240,0.046604
0.135933,0.004618,0.139244,0.323030,0.114226,0.143905,0.328658,-0.094866,0.140279,-0.056792,0.104102,0.138208,-0.051164,-0.104991,0.134582,0.233524,0.159355,0.024871,0.217614,-0.141171,0.015875,0.013645,0.153596,0.015639,-0.031065,-0.148388,0.046011
0.149605,0.004742,0.134290,0.335870,0.114058,0.154199,0.341540,-0.095024,0.150068,-0.042330,0.104508,0.118513,-0.036660,-0.104575,0.114382,0.283574,0.160534,0.031787,0.218645,-0.141179,0.015769,0.015057,0.153569,0.015791,0.001686,-0.147541,0.040002
0.163391,0.004883,0.133682,0.348198,0.113894,0.165368,0.353893,-0.095179,0.160842,-0.027111,0.104945,0.106523,-0.021416,-0.104128,0.101997,0.326952,0.161484,0.041058,0.219700,-0.141175,0.015905,0.016775,0.153577,0.016009,0.032532,-0.146638,0.032760
0.177010,0.005125,0.136050,0.360550,0.113891,0.175091,0.366207,-0.095181,0.170459,-0.012188,0.105432,0.101641,-0.006530,-0.103641,0.097008,0.357540,0.162242,0.041743,0.220769,-0.141172,0.015957,0.018803,0.153649,0.015828,0.056644,-0.145855,0.026873
0.190880,0.005619,0.139600,0.373768,0.114300,0.181807,0.379366,-0.094780,0.177468,0.002393,0.106018,0.101732,0.007992,-0.103062,0.097392,0.373615,0.162973,0.027576,0.221949,-0.141120,0.016024,0.020996,0.153776,0.015812,0.073484,-0.145116,0.017013
0.205162,0.007067,0.144336,0.387973,0.116085,0.186006,0.393557,-0.093025,0.183450,0.016767,0.107159,0.105221,0.022351,-0.101951,0.102666,0.374249,0.163268,0.015805,0.223246,-0.140996,0.015917,0.023067,0.153888,0.015912,0.075645,-0.144938,0.015921
0.218658,0.008551,0.152101,0.400959,0.117904,0.195106,0.406565,-0.091219,0.194273,0.030752,0.108320,0.109929,0.036358,-0.100803,0.109096,0.375604,0.163404,0.016211,0.227903,-0.140763,0.015808,0.023878,0.153920,0.030356,0.077646,-0.144792,0.015964
0.231239,0.009466,0.162221,0.412291,0.118975,0.209856,0.417921,-0.090149,0.209842,0.044557,0.109082,0.114600,0.050187,-0.100043,0.114586,0.377161,0.163509,0.016054,0.256987,-0.139935,0.016162,0.032032,0.154214,0.062646,0.079619,-0.144710,0.015884
0.243515,0.010126,0.173380,0.423106,0.119712,0.226097,0.428750,-0.089411,0.226498,0.058280,0.109664,0.120263,0.063924,-0.099460,0.120663,0.378745,0.163579,0.015772,0.293882,-0.138911,0.021303,0.047377,0.154773,0.087239,0.081377,-0.144656,0.015823
0.255577,0.010839,0.184951,0.433815,0.120521,0.241893,0.439471,-0.088601,0.242708,0.071683,0.110279,0.127194,0.077339,-0.098842,0.128009,0.380334,0.163661,0.015860,0.330069,-0.137864,0.027778,0.062910,0.155412,0.102394,0.082826,-0.144598,0.015840
0.267334,0.011627,0.196938,0.444470,0.121436,0.256986,0.450139,-0.087683,0.258263,0.084529,0.110938,0.135612,0.090197,-0.098182,0.136889,0.381852,0.163734,0.015876,0.369246,-0.136717,0.033282,0.076871,0.156059,0.112864,0.083838,-0.144561,0.015895
0.279015,0.012465,0.208849,0.455421,0.122408,0.270771,0.461102,-0.086708,0.272490,0.096927,0.111637,0.145208,0.102608,-0.097479,0.146927,0.383420,0.163825,0.015954,0.412186,-0.135429,0.038466,0.089540,0.156699,0.120157,0.084531,-0.144515,0.015890
0.290718,0.013342,0.219971,0.466941,0.123419,0.282179,0.472624,-0.085692,0.284343,0.108813,0.112376,0.155599,0.114496,-0.096735,0.157764,0.385009,0.163905,0.015873,0.457763,-0.134052,0.044156,0.101113,0.157297,0.122794,0.084873,-0.144478,0.015878
0.302650,0.014353,0.229630,0.479428,0.124588,0.289956,0.485114,-0.084518,0.292662,0.120187,0.113223,0.166599,0.125873,-0.095882,0.169304,0.386594,0.163988,0.015913,0.503564,-0.132615,0.050850,0.112618,0.157857,0.117828,0.084948,-0.144451,0.015854
0.315010,0.015457,0.237519,0.493023,0.125842,0.293803,0.498717,-0.083255,0.297093,0.131304,0.114169,0.177945,0.136998,-0.094928,0.181235,0.388076,0.164085,0.015963,0.546152,-0.131192,0.058358,0.127965,0.158363,0.102490,0.084784,-0.144424,0.015879
0.327950,0.016752,0.243340,0.507749,0.127271,0.293328,0.513452,-0.081813,0.297331,0.142447,0.115317,0.189348,0.148150,-0.093767,0.193351,0.389382,0.164208,0.015955,0.580448,-0.129954,0.062628,0.154704,0.158976,0.077006,0.084499,-0.144375,0.015885
0.341393,0.018190,0.246657,0.523255,0.128788,0.288315,0.528966,-0.080278,0.293146,0.153819,0.116659,0.200169,0.159530,-0.092407,0.205000,0.390344,0.164342,0.015914,0.602997,-0.129112,0.060427,0.198774,0.159916,0.050863,0.084097,-0.144318,0.015854
0.355232,0.019609,0.247154,0.538999,0.130279,0.279143,0.544849,-0.078766,0.284688,0.165615,0.117985,0.209621,0.171466,-0.091060,0.215165,0.392009,0.164666,0.015861,0.613318,-0.128540,0.050674,0.253205,0.161344,0.037101,0.083694,-0.144287,0.015838
0.369537,0.020720,0.244904,0.554902,0.131255,0.266424,0.560790,-0.077773,0.272521,0.178285,0.119212,0.217287,0.184173,-0.089816,0.223384,0.393907,0.164896,0.015799,0.613464,-0.128670,0.036219,0.301225,0.162898,0.036811,0.083499,-0.144197,0.015717
0.384041,0.021229,0.239753,0.570501,0.131517,0.250260,0.576428,-0.077506,0.256479,0.191654,0.119964,0.223028,0.197581,-0.089060,0.229247,0.397239,0.165116,0.015763,0.606724,-0.129196,0.019169,0.335926,0.164090,0.039745,0.084312,-0.144109,0.015847
0.398262,0.021364,0.232012,0.585180,0.131376,0.232309,0.591126,-0.077651,0.238373,0.205398,0.120380,0.225652,0.211344,-0.088648,0.231716,0.399778,0.165307,0.015762,0.605137,-0.129192,0.015984,0.358426,0.164832,0.039914,0.088575,-0.143892,0.015782
0.411736,0.021666,0.222474,0.598581,0.131536,0.214828,0.604633,-0.077481,0.221143,0.218838,0.120812,0.223806,0.224890,-0.088205,0.230120,0.404465,0.165394,0.015814,0.604942,-0.129159,0.016008,0.371172,0.164929,0.032333,0.099849,-0.143725,0.017921
0.424721,0.022249,0.210513,0.611310,0.132050,0.197499,0.617506,-0.076941,0.204480,0.231936,0.121440,0.216545,0.238132,-0.087552,0.223526,0.414021,0.165629,0.015832,0.604998,-0.129103,0.016000,0.372581,0.164416,0.016296,0.117962,-0.143119,0.028657
0.437073,0.022627,0.196532,0.623512,0.132340,0.180893,0.629747,-0.076631,0.188432,0.244398,0.121885,0.204632,0.250634,-0.087087,0.212171,0.430259,0.166186,0.017692,0.605295,-0.129078,0.016073,0.373870,0.164437,0.015841,0.148501,-0.141604,0.046683
0.449303,0.022783,0.182755,0.635800,0.132535,0.168118,0.642055,-0.076423,0.175983,0.256551,0.121990,0.189528,0.262805,-0.086969,0.197392,0.450957,0.167098,0.024440,0.605908,-0.129021,0.016199,0.375183,0.164505,0.015812,0.189535,-0.139858,0.059395
0.461906,0.022932,0.170017,0.648643,0.132919,0.161440,0.654904,-0.076028,0.169604,0.268909,0.121892,0.170430,0.275170,-0.087055,0.178594,0.476542,0.168277,0.033713,0.606928,-0.128970,0.016049,0.376361,0.164580,0.015913,0.234010,-0.138230,0.065043
0.475273,0.022749,0.158963,0.661919,0.133204,0.161000,0.668247,-0.075747,0.168994,0.282299,0.121245,0.148932,0.288627,-0.087707,0.156927,0.508522,0.169412,0.039452,0.608154,-0.128929,0.015871,0.377481,0.164547,0.016015,0.275136,-0.137052,0.067188
0.489555,0.022478,0.150582,0.675300,0.133327,0.166471,0.681566,-0.075647,0.173915,0.297544,0.120603,0.127250,0.303810,-0.088371,0.134693,0.548973,0.170524,0.039731,0.609495,-0.128940,0.015762,0.378758,0.164572,0.015928,0.309567,-0.136194,0.064611
0.504288,0.022448,0.146347,0.687935,0.133667,0.177090,0.694179,-0.075323,0.184073,0.314396,0.120218,0.108620,0.320641,-0.088772,0.115604,0.597562,0.171852,0.039109,0.610808,-0.128932,0.015826,0.380201,0.164575,0.015713,0.339193,-0.135702,0.056106
0.518707,0.022655,0.147009,0.699471,0.134152,0.190988,0.705709,-0.074849,0.197648,0.331705,0.120160,0.096370,0.337944,-0.088841,0.103029,0.647460,0.173385,0.043233,0.612072,-0.128927,0.015951,0.382023,0.164589,0.015834,0.367352,-0.135297,0.045264
0.532303,0.022985,0.151730,0.710384,0.134618,0.205268,0.716616,-0.074393,0.211624,0.347990,0.120364,0.091835,0.354221,-0.088647,0.098191,0.688495,0.174659,0.047492,0.613341,-0.128912,0.015997,0.384253,0.164628,0.015926,0.394281,-0.134864,0.035042
0.545494,0.023214,0.158601,0.721977,0.134798,0.217289,0.728198,-0.074228,0.223143,0.362790,0.120657,0.094060,0.369011,-0.088369,0.099914,0.716682,0.175280,0.044190,0.614622,-0.128900,0.015900,0.386643,0.164668,0.015986,0.416015,-0.134543,0.025481
0.558952,0.023403,0.165378,0.735085,0.134836,0.225388,0.741286,-0.074205,0.230710,0.376619,0.121011,0.100046,0.382820,-0.088029,0.105368,0.731301,0.175285,0.032032,0.615960,-0.128878,0.015819,0.388835,0.164714,0.015812,0.428434,-0.134436,0.016008
0.572762,0.024536,0.170894,0.749881,0.135923,0.228017,0.755731,-0.073098,0.234383,0.389792,0.122171,0.107405,0.395643,-0.086851,0.113771,0.730610,0.174416,0.016022,0.622000,-0.128984,0.015912,0.390701,0.164901,0.016008,0.430148,-0.134354,0.015905
0.585793,0.025768,0.177111,0.763407,0.137313,0.232355,0.769231,-0.071683,0.239519,0.402354,0.123220,0.114703,0.408178,-0.085776,0.121866,0.731788,0.174510,0.016016,0.640121,-0.128430,0.016185,0.392787,0.165632,0.032567,0.431681,-0.134246,0.015940
0.598122,0.026531,0.185087,0.775531,0.138158,0.240822,0.781383,-0.070831,0.248150,0.414860,0.123894,0.122023,0.420712,-0.085096,0.129351,0.733127,0.174575,0.015735,0.674713,-0.127352,0.018893,0.401744,0.166851,0.060090,0.433024,-0.134229,0.015798
0.610344,0.027138,0.194288,0.787437,0.138793,0.250964,0.793313,-0.070198,0.258236,0.427375,0.124473,0.130341,0.433251,-0.084518,0.137612,0.734553,0.174620,0.015811,0.710763,-0.126128,0.025035,0.415526,0.168065,0.085214,0.434148,-0.134228,0.015744
0.622574,0.027733,0.204357,0.799467,0.139383,0.261665,0.805349,-0.069611,0.268843,0.439799,0.125077,0.139870,0.445681,-0.083917,0.147048,0.735977,0.174651,0.015929,0.749632,-0.124816,0.031792,0.429942,0.169047,0.103565,0.434929,-0.134223,0.015793
0.634979,0.028341,0.214696,0.811914,0.139967,0.271924,0.817800,-0.069030,0.279011,0.452158,0.125713,0.150380,0.458045,-0.083284,0.157468,0.737435,0.174685,0.016006,0.792849,-0.123366,0.039020,0.443374,0.169756,0.114878,0.435419,-0.134219,0.015817
0.647690,0.029001,0.224418,0.825090,0.140592,0.280254,0.830987,-0.068405,0.287309,0.464393,0.126408,0.161527,0.470290,-0.082590,0.168581,0.738982,0.174734,0.015909,0.838487,-0.121804,0.046857,0.455956,0.170180,0.117580,0.435696,-0.134216,0.015818
0.660759,0.029732,0.232753,0.839172,0.141268,0.285381,0.845075,-0.067727,0.292506,0.476443,0.127191,0.173001,0.482346,-0.081804,0.180126,0.740468,0.174786,0.015856,0.883491,-0.120223,0.055309,0.470041,0.170331,0.109242,0.435722,-0.134217,0.015835
0.674332,0.030575,0.239183,0.854254,0.142023,0.286598,0.860151,-0.066965,0.293939,0.488512,0.128114,0.184427,0.494409,-0.080874,0.191767,0.741852,0.174842,0.015959,0.922594,-0.118849,0.061886,0.491973,0.170337,0.088454,0.435549,-0.134210,0.015842
0.688416,0.031540,0.243278,0.870153,0.142872,0.283499,0.876062,-0.066103,0.291193,0.500770,0.129183,0.195362,0.506678,-0.079792,0.203056,0.743082,0.174929,0.015997,0.950572,-0.117919,0.062418,0.530221,0.170554,0.060628,0.435278,-0.134203,0.015824
0.702789,0.032547,0.244553,0.886360,0.143720,0.275912,0.892318,-0.065237,0.284026,0.513260,0.130331,0.205080,0.519218,-0.078626,0.213194,0.744064,0.175072,0.015963,0.965381,-0.117573,0.054389,0.585644,0.171476,0.039685,0.434938,-0.134197,0.015814
0.717545,0.033428,0.242959,0.902693,0.144355,0.264323,0.908715,-0.064589,0.272751,0.526374,0.131445,0.213168,0.532396,-0.077498,0.221595,0.745848,0.175320,0.015908,0.968250,-0.117800,0.039176,0.640286,0.173067,0.035491,0.434660,-0.134123,0.015783
0.732567,0.033863,0.238534,0.918834,0.144487,0.248935,0.924971,-0.064451,0.257408,0.540163,0.132178,0.219661,0.546300,-0.076761,0.228134,0.747715,0.175515,0.015836,0.962483,-0.118458,0.020629,0.681402,0.174502,0.038884,0.435062,-0.134147,0.015748
0.747360,0.033892,0.231467,0.934178,0.144074,0.231146,0.940295,-0.064874,0.239374,0.554425,0.132658,0.223559,0.560543,-0.076291,0.231788,0.749282,0.175684,0.015771,0.960087,-0.118597,0.015982,0.708321,0.175472,0.040834,0.437202,-0.133886,0.016468
0.761253,0.034132,0.222803,0.948001,0.144075,0.213903,0.954233,-0.064862,0.222342,0.568274,0.133126,0.223264,0.574506,-0.075811,0.231702,0.751660,0.175727,0.015866,0.959852,-0.118538,0.015926,0.724417,0.175706,0.035463,0.446554,-0.133723,0.019056
0.774529,0.034683,0.211982,0.960938,0.144529,0.196933,0.967388,-0.064371,0.206101,0.581669,0.133737,0.217864,0.588119,-0.075162,0.227032,0.758782,0.175857,0.015904,0.959897,-0.118463,0.015944,0.727927,0.175216,0.023002,0.462034,-0.133282,0.028545
0.787079,0.035437,0.199169,0.973388,0.145028,0.181287,0.979760,-0.063832,0.191373,0.594397,0.134705,0.206965,0.600770,-0.074155,0.217050,0.773234,0.176575,0.018295,0.960204,-0.118419,0.016022,0.728984,0.175110,0.015925,0.489939,-0.131110,0.050333
0.799583,0.036106,0.185836,0.985841,0.145909,0.168734,0.992480,-0.062880,0.180026,0.606687,0.135093,0.191645,0.613326,-0.073697,0.202937,0.792067,0.177512,0.024969,0.960881,-0.118290,0.016096,0.730340,0.175053,0.015798,0.529969,-0.129405,0.063926
0.812355,0.036362,0.172979,0.998913,0.146324,0.160908,1.005434,-0.062440,0.172732,0.619276,0.135163,0.173227,0.625797,-0.073601,0.185050,0.817027,0.179036,0.034634,0.961793,-0.118220,0.016081,0.731544,0.175304,0.015882,0.574781,-0.127282,0.069529
0.825829,0.036053,0.161424,1.012405,0.146606,0.158565,1.019003,-0.062159,0.170322,0.632654,0.134264,0.152527,0.639252,-0.074501,0.164283,0.848649,0.180379,0.041418,0.962986,-0.118169,0.015914,0.732702,0.175283,0.016014,0.617278,-0.125970,0.071409
0.840126,0.035513,0.152169,1.026089,0.146701,0.161976,1.032674,-0.062099,0.173106,0.647578,0.133125,0.131232,0.654163,-0.075675,0.142362,0.887861,0.181476,0.041863,0.964347,-0.118181,0.015693,0.733856,0.175241,0.015999,0.653561,-0.125096,0.069854
0.855003,0.035240,0.146501,1.039313,0.146975,0.170715,1.045815,-0.061861,0.181193,0.664192,0.132341,0.111809,0.670693,-0.076495,0.122288,0.935621,0.182688,0.039417,0.965652,-0.118185,0.015785,0.735209,0.175263,0.015783,0.684101,-0.124589,0.062849
0.869789,0.035360,0.145584,1.051489,0.147580,0.183439,1.057951,-0.061278,0.193515,0.681627,0.131998,0.097654,0.688089,-0.076859,0.107730,0.987249,0.184246,0.041012,0.966932,-0.118183,0.015972,0.736901,0.175276,0.015636,0.712250,-0.124309,0.052314
0.883804,0.035780,0.149040,1.062745,0.148384,0.197432,1.069231,-0.060484,0.207274,0.698377,0.132044,0.090805,0.704864,-0.076824,0.100647,1.032401,0.185828,0.046006,0.968195,-0.118155,0.016029,0.739008,0.175298,0.015892,0.739971,-0.124038,0.041607
0.897171,0.036226,0.155189,1.074243,0.148976,0.209726,1.080739,-0.059907,0.219240,0.713603,0.132360,0.091138,0.720099,-0.076523,0.100652,1.065028,0.186710,0.045111,0.969476,-0.118144,0.015973,0.741355,0.175320,0.016009,0.764111,-0.123799,0.032037
0.910706,0.036587,0.161929,1.087204,0.149258,0.218452,1.093694,-0.059647,0.227468,0.727717,0.132821,0.096391,0.734207,-0.076084,0.105407,1.084223,0.186768,0.035136,0.970791,-0.118116,0.015774,0.743775,0.175361,0.015925,0.783174,-0.123772,0.019782
0.924500,0.037636,0.167863,1.102346,0.149822,0.221021,1.108052,-0.059056,0.231110,0.740947,0.134328,0.104616,0.746653,-0.074551,0.114704,1.086865,0.185015,0.015965,0.974960,-0.118606,0.015910,0.745642,0.175673,0.015520,0.785792,-0.123778,0.015804
0.938179,0.039461,0.174140,1.116984,0.151811,0.223612,1.122635,-0.056998,0.235072,0.753723,0.135921,0.113207,0.759374,-0.072889,0.124667,1.088028,0.185170,0.016028,0.981170,-0.118383,0.016046,0.746876,0.176313,0.022873,0.787286,-0.123632,0.016014
0.950882,0.040731,0.181942,1.129515,0.153252,0.231645,1.135169,-0.055523,0.243703,0.766595,0.136986,0.120181,0.772249,-0.071790,0.132239,1.089342,0.185250,0.015957,1.006762,-0.117630,0.017113,0.753148,0.178277,0.052879,0.788677,-0.123604,0.015942
0.963203,0.041454,0.190919,1.141207,0.154057,0.242654,1.146888,-0.054727,0.254562,0.779519,0.137635,0.127275,0.785200,-0.071148,0.139184,1.090796,0.185282,0.015717,1.043825,-0.116310,0.022470,0.767423,0.180348,0.083463,0.789883,-0.123600,0.015781
0.975449,0.042158,0.200636,1.152912,0.154794,0.254125,1.158591,-0.054000,0.265857,0.792306,0.138316,0.135416,0.797985,-0.070478,0.147147,1.092192,0.185295,0.015890,1.082830,-0.114871,0.029642,0.783391,0.181951,0.105851,0.790800,-0.123601,0.015637
0.987778,0.042892,0.210869,1.164889,0.155540,0.265489,1.170572,-0.053262,0.277064,0.804984,0.139047,0.144674,0.810667,-0.069755,0.156250,1.093643,0.185309,0.016036,1.126231,-0.113315,0.036980,0.797855,0.183025,0.120062,0.791513,-0.123602,0.015749
1.000244,0.043655,0.220948,1.177344,0.156284,0.275643,1.183048,-0.052526,0.287077,0.817440,0.139836,0.154819,0.823144,-0.068973,0.166252,1.095216,0.185359,0.016009,1.172910,-0.111602,0.044820,0.810344,0.183606,0.126118,0.791909,-0.123602,0.015757
1.012993,0.044455,0.230088,1.190621,0.157012,0.283194,1.196347,-0.051800,0.294567,0.829639,0.140709,0.165610,0.835365,-0.068103,0.176983,1.096763,0.185410,0.015813,1.219958,-0.109814,0.053546,0.822115,0.183687,0.122467,0.792015,-0.123607,0.015762
1.026131,0.045341,0.237613,1.204901,0.157754,0.287066,1.210622,-0.051053,0.298541,0.841639,0.141736,0.176684,0.847360,-0.067071,0.188159,1.098228,0.185468,0.015951,1.263456,-0.108149,0.061821,0.837256,0.183291,0.106442,0.791915,-0.123598,0.015784
1.039780,0.046289,0.243126,1.220155,0.158495,0.286895,1.225884,-0.050298,0.298598,0.853675,0.142877,0.187654,0.859404,-0.065916,0.199358,1.099591,0.185543,0.016027,1.298267,-0.106850,0.066699,0.864078,0.182602,0.078847,0.791680,-0.123603,0.015783
1.053787,0.047279,0.246123,1.235976,0.159238,0.282369,1.241780,-0.049537,0.294356,0.865794,0.144096,0.197891,0.871599,-0.064680,0.209878,1.100630,0.185724,0.016004,1.320652,-0.106108,0.064089,0.910225,0.182338,0.049221,0.791368,-0.123598,0.015762
1.068008,0.048227,0.246117,1.251962,0.159855,0.273343,1.257855,-0.048896,0.285695,0.878162,0.145351,0.206539,0.884054,-0.063401,0.218891,1.101667,0.185929,0.015938,1.330469,-0.106150,0.053234,0.968284,0.183221,0.033807,0.791024,-0.123597,0.015715
1.082504,0.048878,0.243174,1.267948,0.160033,0.260385,1.273896,-0.048703,0.272979,0.891113,0.146459,0.213369,0.897060,-0.062277,0.225963,1.103271,0.186139,0.015869,1.329690,-0.106898,0.037063,1.018587,0.184814,0.033897,0.791047,-0.123535,0.015694
1.097122,0.048891,0.237311,1.283564,0.159519,0.243797,1.289621,-0.049221,0.256268,0.904623,0.147003,0.218354,0.910680,-0.061737,0.230825,1.105043,0.186266,0.015794,1.321389,-0.108078,0.018120,1.053553,0.186072,0.037547,0.792280,-0.123573,0.015749
1.111389,0.048405,0.228832,1.298282,0.158396,0.225052,1.304304,-0.050368,0.237137,0.918474,0.147177,0.220528,0.924497,-0.061587,0.232613,1.105752,0.186277,0.015872,1.320038,-0.108259,0.016019,1.074712,0.186605,0.037003,0.799498,-0.123267,0.016177
1.124802,0.048285,0.218876,1.311575,0.157952,0.207479,1.317733,-0.050802,0.219667,0.931871,0.147371,0.218085,0.938028,-0.061383,0.230273,1.110147,0.186374,0.015934,1.319821,-0.108179,0.016000,1.084424,0.186512,0.031298,0.811426,-0.122902,0.020662
1.137283,0.048536,0.207457,1.323799,0.158104,0.191708,1.330170,-0.050599,0.204637,0.944396,0.147671,0.210278,0.950768,-0.061031,0.223207,1.123266,0.186650,0.015912,1.319864,-0.108152,0.016084,1.081792,0.185576,0.019012,0.831705,-0.121580,0.039900
1.149521,0.048914,0.194502,1.336091,0.158236,0.177729,1.342299,-0.050425,0.191395,0.956743,0.148252,0.197610,0.962951,-0.060408,0.211276,1.140623,0.187555,0.018434,1.320259,-0.108131,0.016056,1.083023,0.185669,0.015790,0.864420,-0.119043,0.056526
1.161858,0.048836,0.181329,1.348540,0.158288,0.166807,1.354742,-0.050344,0.180915,0.968973,0.148015,0.181744,0.975175,-0.060616,0.195852,1.162206,0.188792,0.025858,1.320892,-0.108064,0.016163,1.084239,0.185799,0.015879,0.905949,-0.116970,0.066863
1.174728,0.048475,0.168953,1.361507,0.158444,0.161089,1.367778,-0.050176,0.175331,0.981678,0.147127,0.162574,0.987950,-0.061493,0.176816,1.189449,0.190224,0.034761,1.321929,-0.108004,0.016060,1.085426,0.185816,0.016005,0.949584,-0.115479,0.070529
1.188347,0.047806,0.158348,1.374822,0.158528,0.161310,1.381143,-0.050121,0.175114,0.995551,0.145732,0.141581,1.001871,-0.062916,0.155386,1.223265,0.191421,0.039104,1.323180,-0.107982,0.015878,1.086539,0.185753,0.016040,0.989637,-0.114469,0.070557
1.202736,0.047222,0.150619,1.388072,0.158635,0.167321,1.394284,-0.050064,0.180383,1.011188,0.144509,0.120856,1.017400,-0.064191,0.133917,1.265503,0.192456,0.038052,1.324476,-0.108009,0.015678,1.087840,0.185782,0.015918,1.023484,-0.113828,0.065858
1.217400,0.046984,0.147210,1.400485,0.159048,0.178234,1.406626,-0.049692,0.190665,1.028173,0.143660,0.103755,1.034314,-0.065080,0.116186,1.315031,0.193688,0.037249,1.325763,-0.108037,0.015760,1.089316,0.185761,0.015640,1.053032,-0.113641,0.056390
1.231590,0.047186,0.148628,1.411803,0.159782,0.192063,1.417911,-0.048982,0.204104,1.045270,0.143354,0.093153,1.051377,-0.065410,0.105194,1.364108,0.195247,0.041489,1.327013,-0.108035,0.016014,1.091211,0.185781,0.015788,1.081040,-0.113537,0.045391
1.244965,0.047581,0.153840,1.422723,0.160485,0.205761,1.428826,-0.048300,0.217426,1.061104,0.143462,0.090254,1.067207,-0.065324,0.101918,1.402879,0.196420,0.044204,1.328262,-0.108031,0.016039,1.093491,0.185797,0.015938,1.107415,-0.113449,0.034612
1.258163,0.047873,0.160845,1.434712,0.160768,0.216759,1.440801,-0.048051,0.227804,1.075526,0.143797,0.093887,1.081615,-0.065023,0.104931,1.428549,0.196729,0.039180,1.329575,-0.108032,0.015954,1.095916,0.185803,0.015975,1.128385,-0.113481,0.023851
1.271690,0.048307,0.167553,1.448560,0.160920,0.223022,1.454431,-0.047920,0.233790,1.088950,0.144535,0.101316,1.094821,-0.064306,0.112084,1.439572,0.195969,0.024669,1.330968,-0.108162,0.015750,1.098057,0.185909,0.015788,1.136139,-0.113625,0.016034
1.285416,0.049442,0.173670,1.462836,0.162258,0.226921,1.468923,-0.046555,0.238097,1.101908,0.145439,0.109244,1.107995,-0.063373,0.120419,1.441171,0.195874,0.016024,1.336080,-0.107803,0.016837,1.100445,0.185994,0.016987,1.137767,-0.113627,0.016016
1.298378,0.050598,0.180579,1.475814,0.163533,0.233526,1.481901,-0.045253,0.245177,1.114855,0.146450,0.115982,1.120942,-0.062337,0.127633,1.442454,0.195962,0.015993,1.362814,-0.106931,0.018212,1.104546,0.187208,0.035685,1.139248,-0.113578,0.015902
1.310806,0.051445,0.188755,1.487843,0.164461,0.242853,1.493953,-0.044323,0.254533,1.127659,0.147213,0.122977,1.133769,-0.061571,0.134658,1.443831,0.196006,0.015718,1.397070,-0.105644,0.023156,1.114689,0.188974,0.062198,1.140506,-0.113564,0.015799
1.323021,0.052223,0.198101,1.499643,0.165271,0.253472,1.505760,-0.043520,0.265040,1.140282,0.147966,0.131161,1.146399,-0.060824,0.142729,1.445244,0.196047,0.015766,1.432453,-0.104245,0.029707,1.128593,0.190634,0.085512,1.141510,-0.113544,0.015702
1.335182,0.052998,0.208384,1.511524,0.166048,0.264636,1.517643,-0.042749,0.276071,1.152721,0.148745,0.140697,1.158840,-0.060053,0.152133,1.446685,0.196068,0.015999,1.472060,-0.102732,0.036728,1.142917,0.191943,0.103232,1.142193,-0.113548,0.015749
1.347504,0.053774,0.218855,1.523844,0.166790,0.275181,1.529972,-0.042016,0.286462,1.165035,0.149564,0.151247,1.171163,-0.059242,0.162529,1.448211,0.196104,0.016030,1.515726,-0.101042,0.044512,1.156237,0.192831,0.114027,1.142588,-0.113546,0.015765
1.360085,0.054619,0.228557,1.536921,0.167576,0.283427,1.543075,-0.041233,0.294648,1.177094,0.150470,0.162467,1.183248,-0.058338,0.173688,1.449771,0.196166,0.015908,1.561045,-0.099229,0.052913,1.168659,0.193231,0.115473,1.142717,-0.113554,0.015773
1.373009,0.055532,0.236739,1.550929,0.168363,0.288265,1.557083,-0.040440,0.299566,1.188935,0.151505,0.173913,1.195089,-0.057299,0.185214,1.451278,0.196220,0.015878,1.604819,-0.097448,0.061617,1.183182,0.193147,0.105093,1.142641,-0.113552,0.015762
1.386391,0.056499,0.243003,1.565871,0.169139,0.289266,1.572020,-0.039654,0.300773,1.200761,0.152653,0.185233,1.206910,-0.056140,0.196740,1.452643,0.196284,0.016012,1.641769,-0.095972,0.067901,1.206844,0.192699,0.082320,1.142395,-0.113552,0.015784
1.400215,0.057550,0.246904,1.581562,0.169923,0.285980,1.587706,-0.038850,0.297848,1.212724,0.153951,0.195959,1.218868,-0.054822,0.207828,1.453806,0.196359,0.016024,1.667380,-0.095143,0.067503,1.247733,0.192470,0.054278,1.142049,-0.113545,0.015759
1.414299,0.058596,0.247920,1.597546,0.170587,0.278245,1.603668,-0.038160,0.290569,1.224930,0.155351,0.205271,1.231052,-0.053396,0.217596,1.454741,0.196464,0.015980,1.680518,-0.095125,0.059028,1.304003,0.193220,0.035918,1.141663,-0.113484,0.015732
1.428658,0.059439,0.245970,1.613536,0.170979,0.266462,1.619694,-0.037744,0.279162,1.237621,0.156621,0.212779,1.243779,-0.052102,0.225479,1.456090,0.196643,0.015920,1.682532,-0.095740,0.044196,1.356958,0.194826,0.034127,1.141506,-0.113443,0.015618
1.443207,0.059731,0.241127,1.629261,0.170756,0.251041,1.635521,-0.037962,0.263762,1.250892,0.157424,0.218492,1.257153,-0.051295,0.231214,1.457846,0.196835,0.015859,1.676702,-0.096751,0.026381,1.395922,0.196344,0.038281,1.142416,-0.113424,0.015765
1.457611,0.059280,0.233356,1.644335,0.169620,0.232638,1.650547,-0.039132,0.244840,1.264675,0.157692,0.221873,1.270887,-0.051059,0.234074,1.459253,0.196985,0.015789,1.671326,-0.097429,0.016137,1.420511,0.197244,0.039944,1.146900,-0.113059,0.015731
1.471313,0.058910,0.223727,1.657973,0.168951,0.214219,1.664422,-0.039799,0.226321,1.278205,0.157620,0.221134,1.284654,-0.051130,0.233236,1.463142,0.196981,0.015877,1.670942,-0.097341,0.015962,1.434920,0.197164,0.034062,1.158497,-0.113101,0.017182
1.484451,0.059019,0.212123,1.670907,0.168750,0.196804,1.677411,-0.039974,0.209318,1.291491,0.158012,0.214928,1.297996,-0.050712,0.227441,1.470711,0.197220,0.015919,1.670907,-0.097322,0.015976,1.438246,0.196422,0.019484,1.175023,-0.112192,0.025717
1.496925,0.059107,0.198578,1.683315,0.168525,0.180473,1.689686,-0.040179,0.193388,1.304165,0.158393,0.203768,1.310536,-0.050311,0.216684,1.486880,0.197900,0.015868,1.671077,-0.097281,0.016029,1.439453,0.196457,0.015953,1.201615,-0.109854,0.044426
