0.012997,0.000813,0.352907,0.204232,0.103028,0.348178,0.201676,-0.106136,0.351117,-0.175683,0.107761,0.354696,-0.178238,-0.101403,0.357636,0.189545,0.146217,0.173979,0.176627,-0.153943,0.162185,-0.171716,0.150671,0.176853,-0.182125,-0.149291,0.181262
0.021114,0.001293,0.347771,0.212579,0.103047,0.342430,0.209568,-0.106068,0.347586,-0.167339,0.108654,0.347955,-0.170351,-0.100460,0.353111,0.181316,0.144672,0.168302,0.183510,-0.155855,0.157225,-0.177329,0.149572,0.157546,-0.185715,-0.150221,0.170072
0.030041,0.001774,0.338842,0.221080,0.104313,0.333290,0.218961,-0.104752,0.340510,-0.158879,0.108299,0.337174,-0.160999,-0.100765,0.344394,0.175018,0.144128,0.155753,0.170919,-0.156492,0.145114,-0.179749,0.146948,0.133252,-0.197999,-0.152682,0.147128
0.038712,0.002312,0.326397,0.228988,0.106284,0.321331,0.228431,-0.102730,0.330131,-0.151008,0.107353,0.322663,-0.151565,-0.101661,0.331463,0.174096,0.144042,0.134196,0.153755,-0.156561,0.127312,-0.175570,0.143723,0.104500,-0.208725,-0.156293,0.110728
0.046318,0.002777,0.310356,0.235723,0.108378,0.306437,0.236903,-0.100602,0.315943,-0.144267,0.106156,0.304769,-0.143087,-0.102824,0.314274,0.181508,0.144338,0.103452,0.141902,-0.156257,0.104432,-0.162830,0.140993,0.072670,-0.209769,-0.159892,0.068166
0.052601,0.003231,0.290221,0.241277,0.110163,0.287389,0.243866,-0.098775,0.297530,-0.138665,0.105237,0.282912,-0.136075,-0.103701,0.293053,0.199252,0.144629,0.070627,0.138468,-0.156382,0.075123,-0.145173,0.138943,0.041400,-0.201913,-0.162675,0.032374
0.058372,0.003971,0.266426,0.246880,0.111199,0.263525,0.249783,-0.097670,0.274933,-0.133038,0.105612,0.257919,-0.130135,-0.103257,0.269327,0.217974,0.143889,0.035941,0.140639,-0.157536,0.040079,-0.133140,0.137901,0.015672,-0.195469,-0.163541,0.015677
0.067261,0.005066,0.243979,0.255756,0.112157,0.237481,0.258727,-0.096603,0.250719,-0.124205,0.106734,0.237238,-0.121234,-0.102025,0.250476,0.216476,0.143089,0.015834,0.137494,-0.158771,0.015789,-0.131243,0.138135,0.015751,-0.193497,-0.163473,0.015930
0.080132,0.005871,0.231201,0.268639,0.112931,0.224551,0.271583,-0.095739,0.239143,-0.111320,0.107481,0.223258,-0.108376,-0.101189,0.237850,0.216883,0.143166,0.015767,0.138099,-0.158794,0.015961,-0.129576,0.138288,0.015893,-0.191963,-0.163455,0.015890
0.095413,0.006165,0.224965,0.283932,0.113211,0.218412,0.286850,-0.095423,0.233507,-0.096024,0.107752,0.216423,-0.093105,-0.100882,0.231518,0.217902,0.143194,0.015697,0.139278,-0.158795,0.016050,-0.128103,0.138369,0.015912,-0.190951,-0.163430,0.015832
0.111683,0.006126,0.221436,0.300213,0.113147,0.214782,0.303111,-0.095487,0.229880,-0.079745,0.107740,0.212991,-0.076847,-0.100894,0.228089,0.219128,0.143202,0.015900,0.154904,-0.158585,0.016169,-0.122882,0.138718,0.019593,-0.190243,-0.163413,0.015698
0.128498,0.005894,0.220386,0.317021,0.112962,0.214325,0.319927,-0.095699,0.229054,-0.062931,0.107486,0.211718,-0.060025,-0.101174,0.226446,0.220485,0.143189,0.016043,0.191042,-0.158109,0.015872,-0.104742,0.139517,0.028199,-0.189813,-0.163431,0.015616
0.145512,0.004910,0.221284,0.333987,0.112142,0.216879,0.336965,-0.096605,0.230322,-0.045942,0.106424,0.212246,-0.042964,-0.102323,0.225689,0.221955,0.143152,0.015924,0.232391,-0.157462,0.015760,-0.070039,0.139900,0.030117,-0.189494,-0.163482,0.015735
0.162132,0.002758,0.222592,0.350891,0.109572,0.221185,0.353258,-0.099332,0.232057,-0.028994,0.104848,0.213127,-0.026627,-0.104056,0.223999,0.223584,0.142955,0.015798,0.274107,-0.156825,0.019119,-0.021470,0.140739,0.026565,-0.186430,-0.162219,0.015746
0.177971,0.000103,0.222334,0.367751,0.105090,0.223850,0.368038,-0.103968,0.231540,-0.012097,0.104174,0.213127,-0.011809,-0.104884,0.220818,0.225207,0.142726,0.015916,0.326194,-0.157184,0.022832,0.039758,0.142793,0.024666,-0.173961,-0.158131,0.015775
0.193432,-0.002506,0.218331,0.384767,0.099620,0.219840,0.381959,-0.109475,0.225834,0.004905,0.104463,0.210828,0.002097,-0.104633,0.216822,0.231481,0.141362,0.017884,0.361461,-0.160544,0.021018,0.102514,0.143445,0.030128,-0.149653,-0.153831,0.015766
0.209126,-0.004704,0.210760,0.401860,0.094767,0.210996,0.396233,-0.114326,0.214626,0.022018,0.104919,0.206894,0.016391,-0.104174,0.210524,0.256867,0.140942,0.026631,0.363671,-0.162372,0.015938,0.141916,0.144138,0.032569,-0.114420,-0.149509,0.015704
0.225025,-0.005646,0.202653,0.418448,0.092480,0.202921,0.411376,-0.116588,0.205208,0.038675,0.105296,0.200097,0.031602,-0.103772,0.202385,0.286559,0.140651,0.041278,0.364416,-0.162550,0.015896,0.157288,0.144745,0.015728,-0.080570,-0.147498,0.015753
0.240433,-0.007229,0.196876,0.433924,0.090752,0.198310,0.426694,-0.118320,0.199475,0.054172,0.103862,0.194276,0.046942,-0.105210,0.195441,0.325353,0.139126,0.044313,0.365522,-0.162706,0.015823,0.158897,0.144724,0.015918,-0.044768,-0.148517,0.015787
0.255726,-0.009624,0.193294,0.449246,0.088266,0.196202,0.441941,-0.120804,0.195321,0.069511,0.101555,0.191267,0.062206,-0.107515,0.190386,0.357943,0.137555,0.049029,0.366743,-0.162899,0.015879,0.160337,0.144599,0.015921,-0.007511,-0.149822,0.015848
0.271179,-0.012276,0.190996,0.464733,0.085460,0.196059,0.457321,-0.123583,0.192791,0.085038,0.099031,0.189201,0.077625,-0.110012,0.185932,0.383095,0.136070,0.053423,0.368022,-0.163135,0.015949,0.161812,0.144505,0.015738,0.027508,-0.151079,0.017075
0.286781,-0.014786,0.189525,0.480312,0.082848,0.196924,0.472889,-0.126148,0.191427,0.100674,0.096577,0.187623,0.093251,-0.112419,0.182126,0.405576,0.134658,0.057720,0.369358,-0.163346,0.015836,0.163294,0.144368,0.015735,0.057861,-0.152418,0.020985
0.302422,-0.017006,0.188990,0.495923,0.080498,0.198541,0.488483,-0.128440,0.191180,0.116360,0.094428,0.186801,0.108920,-0.114510,0.179439,0.430236,0.133199,0.060745,0.370722,-0.163576,0.015833,0.164722,0.144232,0.015968,0.083086,-0.153723,0.026924
0.318069,-0.018867,0.189375,0.511528,0.078518,0.200820,0.504088,-0.130364,0.192010,0.132051,0.092629,0.186740,0.124611,-0.116253,0.177929,0.461038,0.131662,0.062685,0.372109,-0.163753,0.015874,0.166053,0.144136,0.016068,0.106960,-0.155077,0.034105
0.333809,-0.020317,0.190276,0.527198,0.077024,0.203191,0.519817,-0.131817,0.193414,0.147801,0.091183,0.187139,0.140420,-0.117658,0.177362,0.496622,0.130164,0.063677,0.373545,-0.163873,0.016042,0.167383,0.144032,0.015986,0.133904,-0.156478,0.038987
0.349720,-0.021217,0.191159,0.543063,0.076095,0.204937,0.535711,-0.132731,0.194819,0.163729,0.090296,0.187500,0.156377,-0.118530,0.177381,0.533857,0.128868,0.062172,0.374983,-0.163942,0.016071,0.168691,0.143972,0.015815,0.166786,-0.157698,0.038501
0.366055,-0.021286,0.191491,0.559418,0.075987,0.205269,0.551994,-0.132864,0.195735,0.180115,0.090292,0.187247,0.172691,-0.118559,0.177713,0.568172,0.128112,0.053887,0.376476,-0.163942,0.015909,0.170035,0.144005,0.015744,0.206462,-0.158726,0.034039
0.383076,-0.020447,0.190827,0.576554,0.076800,0.203085,0.568960,-0.132113,0.195183,0.197192,0.091219,0.186472,0.189597,-0.117693,0.178570,0.593329,0.128076,0.034579,0.378004,-0.163899,0.015812,0.171383,0.144122,0.015893,0.248916,-0.159778,0.030922
0.400532,-0.019337,0.188943,0.594156,0.077999,0.197689,0.586463,-0.130975,0.191737,0.214601,0.092302,0.186150,0.206907,-0.116672,0.180198,0.595974,0.128610,0.015862,0.379641,-0.163853,0.015956,0.172607,0.144194,0.015958,0.286756,-0.160764,0.027559
0.417427,-0.019402,0.187318,0.611240,0.077688,0.194472,0.603228,-0.131281,0.188778,0.231626,0.092478,0.185858,0.223614,-0.116491,0.180165,0.597117,0.128595,0.015941,0.397827,-0.164196,0.015925,0.174572,0.144797,0.015885,0.307099,-0.160715,0.015834
0.433773,-0.019382,0.186799,0.627517,0.077904,0.193100,0.619676,-0.131092,0.188229,0.247870,0.092327,0.185369,0.240029,-0.116669,0.180498,0.598431,0.128621,0.015846,0.427460,-0.165357,0.015818,0.185880,0.144096,0.015932,0.308780,-0.160900,0.015633
0.449902,-0.018536,0.187331,0.643603,0.078912,0.192322,0.635876,-0.130121,0.189129,0.263927,0.093050,0.185533,0.256200,-0.115983,0.182340,0.599769,0.128713,0.015898,0.457208,-0.166460,0.022656,0.208286,0.143116,0.020380,0.310306,-0.160925,0.015805
0.465988,-0.017105,0.188571,0.659652,0.080467,0.192479,0.652006,-0.128591,0.191618,0.279970,0.094381,0.185523,0.272325,-0.114677,0.184662,0.601193,0.128814,0.015810,0.494339,-0.167634,0.028540,0.236641,0.142094,0.028344,0.311735,-0.160904,0.015985
0.482025,-0.015522,0.189865,0.675665,0.082127,0.192940,0.668058,-0.126929,0.194490,0.295992,0.095885,0.185240,0.288385,-0.113171,0.186790,0.602627,0.128953,0.015853,0.536606,-0.168814,0.034443,0.266423,0.141344,0.037123,0.313036,-0.160816,0.015960
0.498104,-0.014194,0.191028,0.691739,0.083484,0.193405,0.684131,-0.125545,0.197048,0.312078,0.097157,0.185009,0.304470,-0.111873,0.188652,0.604038,0.129069,0.015856,0.574550,-0.169754,0.041574,0.295786,0.140782,0.044151,0.314290,-0.160728,0.015926
0.514210,-0.013332,0.192380,0.707853,0.084339,0.194332,0.700212,-0.124657,0.199525,0.328207,0.097992,0.185235,0.320567,-0.111004,0.190428,0.605448,0.129145,0.015982,0.612227,-0.170726,0.046951,0.325866,0.140162,0.048030,0.315538,-0.160651,0.015934
0.530365,-0.013031,0.194141,0.723997,0.084660,0.196172,0.716353,-0.124310,0.202299,0.344377,0.098248,0.185983,0.336733,-0.110722,0.192110,0.606874,0.129160,0.015942,0.653708,-0.172006,0.049251,0.359188,0.139171,0.048340,0.316675,-0.160656,0.015869
0.546696,-0.013371,0.196064,0.740295,0.084372,0.198666,0.732683,-0.124594,0.204968,0.360709,0.097853,0.187160,0.353096,-0.111113,0.193462,0.608364,0.129163,0.015765,0.696707,-0.173492,0.048875,0.399052,0.137664,0.044810,0.317727,-0.160685,0.015748
0.563377,-0.014519,0.197652,0.756943,0.083267,0.201020,0.749371,-0.125719,0.206709,0.377384,0.096681,0.188596,0.369811,-0.112304,0.194285,0.609887,0.129053,0.015935,0.736117,-0.175173,0.043684,0.447081,0.135623,0.040569,0.318719,-0.160807,0.015831
0.580364,-0.016224,0.197328,0.773945,0.081546,0.200306,0.766400,-0.127470,0.204822,0.394328,0.095022,0.189834,0.386784,-0.113993,0.194350,0.611371,0.128921,0.015975,0.760477,-0.176613,0.025817,0.496703,0.133570,0.039553,0.319723,-0.160918,0.015898
0.597374,-0.017418,0.194751,0.790777,0.080728,0.196689,0.783669,-0.128307,0.201002,0.411079,0.093471,0.188500,0.403971,-0.115563,0.192814,0.633699,0.127848,0.017023,0.761976,-0.176872,0.016049,0.533187,0.131646,0.035418,0.324348,-0.161995,0.015786
0.614063,-0.017414,0.191254,0.807207,0.081252,0.192579,0.800654,-0.127775,0.197997,0.427472,0.092947,0.184510,0.420920,-0.116080,0.189928,0.667249,0.126752,0.023767,0.763279,-0.176807,0.016041,0.548895,0.130255,0.015795,0.335291,-0.163399,0.015715
0.630268,-0.017925,0.188512,0.823437,0.080688,0.189967,0.816823,-0.128335,0.195461,0.443714,0.092484,0.181563,0.437099,-0.116539,0.187057,0.701493,0.125819,0.029543,0.764593,-0.176891,0.015869,0.550386,0.130242,0.015876,0.355884,-0.163960,0.015751
0.646114,-0.019665,0.187648,0.839389,0.078730,0.189794,0.832551,-0.130319,0.193841,0.459678,0.090989,0.181454,0.452840,-0.118060,0.185502,0.737552,0.124563,0.035807,0.765935,-0.177070,0.015761,0.552030,0.130247,0.015972,0.384342,-0.164571,0.016647
0.661980,-0.021965,0.187589,0.855313,0.076272,0.191182,0.848326,-0.132802,0.193200,0.475633,0.088872,0.181979,0.468646,-0.120202,0.183997,0.767206,0.123265,0.043159,0.767299,-0.177283,0.015869,0.553579,0.130140,0.015751,0.415275,-0.165470,0.020917
0.677902,-0.024277,0.187859,0.871241,0.073878,0.193055,0.864206,-0.135204,0.193069,0.491598,0.086650,0.182649,0.484564,-0.122432,0.182663,0.792221,0.122003,0.049732,0.768662,-0.177476,0.015863,0.555079,0.129979,0.015716,0.443558,-0.166538,0.027076
0.693802,-0.026283,0.188479,0.887143,0.071779,0.195130,0.880061,-0.137294,0.193496,0.507543,0.084728,0.183462,0.500461,-0.124346,0.181827,0.817806,0.120706,0.054292,0.770054,-0.177657,0.015915,0.556523,0.129856,0.015932,0.468430,-0.167583,0.034088
0.709648,-0.027939,0.189550,0.902988,0.070028,0.197505,0.895857,-0.139031,0.194650,0.523439,0.083153,0.184450,0.516308,-0.125906,0.181594,0.848937,0.119272,0.056960,0.771452,-0.177825,0.015811,0.557867,0.129760,0.016010,0.492657,-0.168665,0.041441
0.725544,-0.029259,0.190765,0.918871,0.068647,0.199728,0.911719,-0.140398,0.196046,0.539369,0.081881,0.185484,0.532217,-0.127164,0.181803,0.885210,0.117767,0.058617,0.772874,-0.177960,0.015941,0.559210,0.129672,0.015925,0.520130,-0.169844,0.046030
0.741611,-0.030071,0.191681,0.934944,0.067772,0.201177,0.927746,-0.141266,0.197225,0.555477,0.081124,0.186138,0.548279,-0.127915,0.182186,0.922980,0.116375,0.058069,0.774329,-0.178043,0.016024,0.560565,0.129652,0.015869,0.553621,-0.170991,0.045034
0.758038,-0.030132,0.191875,0.951381,0.067709,0.201182,0.944154,-0.141338,0.197801,0.571921,0.081074,0.185949,0.564694,-0.127974,0.182569,0.956996,0.115436,0.050436,0.775800,-0.178061,0.015957,0.561923,0.129654,0.015805,0.594131,-0.172167,0.039883
0.775139,-0.029350,0.191013,0.968550,0.068492,0.198781,0.961246,-0.140572,0.196920,0.589031,0.081872,0.185107,0.581728,-0.127193,0.183246,0.981482,0.115012,0.031114,0.777334,-0.178014,0.015769,0.563285,0.129757,0.015847,0.637952,-0.173327,0.036204
0.792656,-0.028404,0.189184,0.986132,0.069514,0.193698,0.978846,-0.139559,0.193540,0.606466,0.082751,0.184828,0.599180,-0.126322,0.184670,0.983630,0.115213,0.015803,0.778945,-0.177937,0.015864,0.564545,0.129817,0.015920,0.677516,-0.174415,0.032678
0.809544,-0.028812,0.188007,1.003167,0.068864,0.191251,0.995621,-0.140199,0.191067,0.623466,0.082575,0.184948,0.615921,-0.126489,0.184763,0.984851,0.115160,0.016003,0.796955,-0.178354,0.015836,0.566324,0.130266,0.015865,0.702468,-0.174945,0.017211
0.825802,-0.029198,0.187662,1.019370,0.068616,0.189947,1.011967,-0.140453,0.190090,0.639637,0.082058,0.185234,0.632234,-0.127011,0.185377,0.986178,0.115150,0.015984,0.824983,-0.179430,0.015771,0.577117,0.129634,0.015864,0.704059,-0.175149,0.015695
0.841759,-0.028816,0.188347,1.035294,0.069083,0.189381,1.027977,-0.139985,0.190633,0.655540,0.082353,0.186061,0.648224,-0.126716,0.187313,0.987562,0.115193,0.015884,0.852147,-0.180311,0.023682,0.599670,0.128804,0.022141,0.705542,-0.175228,0.015722
0.857700,-0.027985,0.189560,1.051209,0.069971,0.189995,1.043946,-0.139084,0.192800,0.671455,0.083115,0.186319,0.664191,-0.125940,0.189125,0.989031,0.115274,0.015739,0.884999,-0.181203,0.031885,0.628444,0.128002,0.030663,0.706943,-0.175231,0.015912
0.873566,-0.026859,0.190859,1.067072,0.071102,0.190957,1.059803,-0.137921,0.195582,0.687329,0.084202,0.186136,0.680059,-0.124820,0.190761,0.990467,0.115380,0.015841,0.927620,-0.182314,0.037317,0.658683,0.127441,0.039393,0.708219,-0.175156,0.015939
0.889515,-0.025970,0.191901,1.083022,0.071989,0.191795,1.075736,-0.136992,0.197985,0.703294,0.085051,0.185816,0.696008,-0.123930,0.192006,0.991858,0.115456,0.015917,0.965574,-0.183202,0.044271,0.688369,0.126927,0.045968,0.709453,-0.175112,0.015924
0.905590,-0.025486,0.193051,1.099101,0.072467,0.192929,1.091790,-0.136477,0.200241,0.719390,0.085505,0.185861,0.712079,-0.123439,0.193173,0.993268,0.115484,0.016003,1.002682,-0.184136,0.049617,0.718428,0.126281,0.049744,0.710715,-0.175098,0.015968
0.921753,-0.025433,0.194582,1.115262,0.072523,0.194824,1.107928,-0.136398,0.202743,0.735578,0.085533,0.186420,0.728244,-0.123388,0.194339,0.994726,0.115483,0.015896,1.043308,-0.185371,0.051540,0.751669,0.125298,0.049744,0.711872,-0.175087,0.015932
0.938122,-0.026016,0.196270,1.131603,0.071989,0.197342,1.124290,-0.136935,0.205188,0.751954,0.084903,0.187351,0.744641,-0.124022,0.195197,0.996220,0.115421,0.015819,1.085793,-0.186902,0.050649,0.791470,0.123726,0.046136,0.712979,-0.175160,0.015819
0.954853,-0.027340,0.197629,1.148306,0.070703,0.199760,1.141015,-0.138252,0.206763,0.768691,0.083572,0.188496,0.761400,-0.125383,0.195498,0.997753,0.115301,0.015952,1.125155,-0.188630,0.044786,0.839479,0.121692,0.041872,0.714057,-0.175257,0.015791
0.971886,-0.029205,0.197012,1.165349,0.068821,0.198958,1.158081,-0.140176,0.204628,0.785690,0.081765,0.189396,0.778422,-0.127232,0.195066,0.999297,0.115126,0.015980,1.149839,-0.190221,0.026295,0.888808,0.119637,0.040621,0.715123,-0.175386,0.015851
0.988953,-0.030590,0.194149,1.182252,0.067772,0.195246,1.175381,-0.141249,0.200508,0.802525,0.080068,0.187790,0.795653,-0.128952,0.193051,1.022948,0.114018,0.017259,1.151153,-0.190583,0.016097,0.922489,0.117750,0.034294,0.719456,-0.176399,0.015781
1.005718,-0.030693,0.190343,1.198711,0.068273,0.191217,1.192478,-0.140739,0.197532,0.818958,0.079353,0.183153,0.812726,-0.129659,0.189468,1.057276,0.112925,0.023885,1.152467,-0.190521,0.016016,0.937481,0.116255,0.015858,0.729816,-0.177928,0.015704
1.021950,-0.031223,0.187561,1.215063,0.067501,0.188977,1.208552,-0.141504,0.195224,0.835347,0.079058,0.179899,0.828837,-0.129948,0.186146,1.095371,0.111931,0.028677,1.153789,-0.190652,0.015848,0.939027,0.116418,0.015862,0.749120,-0.178050,0.015739
1.037827,-0.032993,0.186776,1.231004,0.065592,0.188945,1.224354,-0.143448,0.193737,0.851299,0.077461,0.179816,0.844649,-0.131578,0.184608,1.131152,0.110730,0.035263,1.155139,-0.190810,0.015786,0.940597,0.116349,0.015956,0.776991,-0.178753,0.016990
1.053703,-0.035290,0.186920,1.246944,0.063130,0.190484,1.240137,-0.145941,0.193242,0.867270,0.075361,0.180597,0.860463,-0.133710,0.183355,1.160701,0.109470,0.042971,1.156498,-0.191036,0.015887,0.942139,0.116226,0.015693,0.807739,-0.179601,0.021942
1.069641,-0.037510,0.187410,1.262905,0.060800,0.192457,1.256016,-0.148285,0.193285,0.883267,0.073265,0.181535,0.876377,-0.135819,0.182363,1.185713,0.108253,0.049730,1.157868,-0.191229,0.015890,0.943665,0.116094,0.015745,0.835879,-0.180568,0.028706
1.085548,-0.039413,0.188304,1.278814,0.058817,0.194670,1.271883,-0.150267,0.193956,0.899214,0.071440,0.182652,0.892283,-0.137644,0.181938,1.212215,0.106980,0.054040,1.159260,-0.191401,0.015918,0.945097,0.115964,0.015973,0.860860,-0.181580,0.036207
1.101440,-0.040997,0.189605,1.294699,0.057163,0.197152,1.287738,-0.151912,0.195258,0.915143,0.069919,0.183951,0.908182,-0.139156,0.182057,1.244765,0.105578,0.056358,1.160674,-0.191533,0.015788,0.946447,0.115876,0.015992,0.885932,-0.182637,0.043432
1.117397,-0.042202,0.190913,1.310644,0.055914,0.199298,1.303670,-0.153154,0.196700,0.931125,0.068750,0.185125,0.924151,-0.140318,0.182527,1.281879,0.104112,0.057728,1.162112,-0.191664,0.015912,0.947790,0.115776,0.015877,0.914810,-0.183801,0.046988
1.133545,-0.042843,0.191764,1.326787,0.055250,0.200503,1.319797,-0.153816,0.197794,0.947293,0.068130,0.185734,0.940302,-0.140935,0.183026,1.319269,0.102854,0.055892,1.163568,-0.191717,0.016017,0.949139,0.115748,0.015876,0.950278,-0.184952,0.044407
1.150162,-0.042706,0.191743,1.343434,0.055368,0.200019,1.336388,-0.153704,0.198082,0.963935,0.068293,0.185403,0.956889,-0.140779,0.183467,1.351675,0.101993,0.046203,1.165061,-0.191721,0.015928,0.950523,0.115794,0.015789,0.992208,-0.186113,0.039454
1.167446,-0.041767,0.190551,1.360801,0.056297,0.196760,1.353676,-0.152781,0.196513,0.981217,0.069247,0.184589,0.974092,-0.139831,0.184343,1.371807,0.101604,0.022545,1.166570,-0.191669,0.015722,0.951855,0.115923,0.015864,1.036154,-0.187248,0.036149
1.184734,-0.041298,0.188986,1.378172,0.056723,0.192844,1.370976,-0.152352,0.193715,0.998493,0.069756,0.184258,0.991296,-0.139319,0.185128,1.373384,0.101628,0.015923,1.169387,-0.191631,0.015754,0.953216,0.116090,0.015924,1.073775,-0.188274,0.031589
1.201241,-0.042316,0.187869,1.394777,0.055519,0.191473,1.387395,-0.153550,0.191689,1.015086,0.068917,0.184050,1.007704,-0.140152,0.184266,1.374648,0.101527,0.015932,1.190205,-0.192248,0.015734,0.955552,0.116324,0.015842,1.094086,-0.188854,0.015933
1.217228,-0.042980,0.186984,1.410681,0.055015,0.190736,1.403473,-0.154060,0.190887,1.030983,0.068100,0.183081,1.023775,-0.140976,0.183232,1.376040,0.101561,0.015915,1.221768,-0.193398,0.017508,0.971327,0.115513,0.015881,1.095701,-0.189053,0.015687
1.233112,-0.042652,0.186850,1.426540,0.055411,0.190103,1.419387,-0.153663,0.191286,1.046838,0.068359,0.182415,1.039685,-0.140716,0.183598,1.377408,0.101583,0.015877,1.252739,-0.194371,0.026549,0.997991,0.114599,0.021937,1.097212,-0.189111,0.015729
1.249001,-0.041553,0.187659,1.442418,0.056542,0.190510,1.435265,-0.152513,0.193559,1.062737,0.069406,0.181758,1.055583,-0.139649,0.184807,1.378857,0.101651,0.015815,1.292658,-0.195476,0.031651,1.028274,0.113852,0.029891,1.098623,-0.189066,0.015933
1.264954,-0.040367,0.188659,1.458350,0.057780,0.191140,1.451214,-0.151239,0.196120,1.078693,0.070505,0.181198,1.071557,-0.138514,0.186178,1.380293,0.101758,0.015840,1.331277,-0.196388,0.038552,1.057892,0.113285,0.037700,1.099953,-0.189029,0.015938
1.280952,-0.039444,0.189850,1.474359,0.058692,0.191964,1.467180,-0.150281,0.198536,1.094725,0.071393,0.181163,1.087546,-0.137580,0.187735,1.381696,0.101838,0.015934,1.366455,-0.197125,0.045781,1.086446,0.112853,0.043674,1.101191,-0.188951,0.015936
1.296993,-0.038925,0.191514,1.490399,0.059216,0.193500,1.483198,-0.149718,0.201209,1.110789,0.071868,0.181819,1.103588,-0.137066,0.189527,1.383095,0.101873,0.016006,1.402953,-0.198016,0.050635,1.116076,0.112211,0.046771,1.102423,-0.188938,0.015964
1.313118,-0.038937,0.193667,1.506503,0.059237,0.195994,1.499308,-0.149678,0.204197,1.126928,0.071805,0.183138,1.119733,-0.137110,0.191341,1.384533,0.101876,0.015853,1.443021,-0.199222,0.052149,1.149589,0.111165,0.046333,1.103576,-0.188954,0.015923
1.329510,-0.039600,0.195925,1.522857,0.058626,0.199023,1.515692,-0.150298,0.207028,1.143327,0.071097,0.184822,1.136163,-0.137827,0.192827,1.386043,0.101809,0.015833,1.484231,-0.200712,0.050876,1.190153,0.109564,0.042914,1.104663,-0.189039,0.015804
1.346272,-0.040958,0.197644,1.539570,0.057334,0.201553,1.532479,-0.151626,0.208632,1.160064,0.069709,0.186656,1.152973,-0.139251,0.193736,1.387566,0.101707,0.015960,1.521125,-0.202325,0.043875,1.238076,0.107594,0.039959,1.105694,-0.189177,0.015789
1.363316,-0.042747,0.196924,1.556628,0.055544,0.200113,1.549607,-0.153459,0.205861,1.177025,0.067964,0.187987,1.170003,-0.141039,0.193735,1.389893,0.101575,0.015967,1.540578,-0.203680,0.022902,1.285194,0.105738,0.039475,1.106795,-0.189300,0.015867
1.380394,-0.044067,0.193515,1.573510,0.054647,0.195143,1.567004,-0.154384,0.200451,1.193784,0.066249,0.186580,1.187278,-0.142782,0.191888,1.414487,0.100602,0.018656,1.541992,-0.203774,0.016107,1.315159,0.104048,0.032614,1.111574,-0.190385,0.015778
1.397190,-0.044163,0.189553,1.590085,0.054989,0.190800,1.584045,-0.154032,0.196984,1.210335,0.065706,0.182122,1.204295,-0.143315,0.188306,1.448189,0.099721,0.026596,1.543288,-0.203699,0.015946,1.327126,0.102901,0.015838,1.122705,-0.191553,0.015699
1.413353,-0.045059,0.187478,1.606277,0.054028,0.189281,1.600158,-0.155004,0.195030,1.226547,0.064885,0.179927,1.220429,-0.144146,0.185676,1.487919,0.098579,0.029321,1.544628,-0.203793,0.015845,1.328637,0.102871,0.015867,1.142663,-0.192030,0.015754
1.429256,-0.046917,0.186994,1.622265,0.051985,0.189690,1.615962,-0.157080,0.193815,1.242551,0.063246,0.180173,1.236248,-0.145819,0.184298,1.523591,0.097416,0.036472,1.545982,-0.203962,0.015802,1.330268,0.102840,0.015936,1.170672,-0.192611,0.017547
1.445141,-0.049225,0.187248,1.638206,0.049516,0.191401,1.631757,-0.159575,0.193463,1.258525,0.061125,0.181033,1.252076,-0.147966,0.183095,1.552462,0.096182,0.044114,1.547361,-0.204197,0.015891,1.331817,0.102707,0.015660,1.201037,-0.193449,0.022496
1.461060,-0.051422,0.187775,1.654147,0.047202,0.193420,1.647616,-0.161896,0.193567,1.274504,0.059052,0.181982,1.267973,-0.150046,0.182130,1.577292,0.094974,0.050671,1.548715,-0.204404,0.015887,1.333299,0.102570,0.015778,1.228723,-0.194400,0.029113
1.476933,-0.053291,0.188692,1.670020,0.045247,0.195667,1.663447,-0.163845,0.194297,1.290418,0.057263,0.183088,1.283845,-0.151830,0.181718,1.604127,0.093714,0.054855,1.550084,-0.204586,0.015927,1.334706,0.102439,0.015989,1.253483,-0.195397,0.036450
1.492802,-0.054844,0.190005,1.685881,0.043617,0.198192,1.679274,-0.165464,0.195695,1.306329,0.055776,0.184315,1.299722,-0.153304,0.181818,1.636989,0.092321,0.057238,1.551526,-0.204755,0.015774,1.336068,0.102323,0.015991,1.278746,-0.196465,0.043468
1.508739,-0.056004,0.191293,1.701805,0.042409,0.200332,1.695185,-0.166661,0.197140,1.322294,0.054654,0.185447,1.315674,-0.154417,0.182255,1.674108,0.090929,0.058589,1.552957,-0.204869,0.015922,1.337378,0.102244,0.015861,1.308037,-0.197581,0.046579
1.524895,-0.056602,0.192108,1.717951,0.041796,0.201503,1.711324,-0.167273,0.198227,1.338466,0.054068,0.185989,1.331839,-0.155001,0.182713,1.711275,0.089759,0.056433,1.554433,-0.204923,0.016021,1.338754,0.102203,0.015870,1.343973,-0.198684,0.043614
1.541500,-0.056396,0.192047,1.734582,0.041996,0.200963,1.727909,-0.167083,0.198485,1.355091,0.054290,0.185609,1.348418,-0.154789,0.183132,1.743302,0.089027,0.046278,1.555904,-0.204906,0.015922,1.340117,0.102257,0.015772,1.386035,-0.199755,0.038730
1.558823,-0.055428,0.190815,1.751987,0.042976,0.197549,1.745247,-0.166114,0.196776,1.372398,0.055259,0.184853,1.365658,-0.153831,0.184080,1.762471,0.088763,0.021616,1.557437,-0.204865,0.015746,1.341446,0.102355,0.015878,1.429670,-0.200819,0.035468
1.576088,-0.054993,0.189198,1.769354,0.043343,0.193601,1.762511,-0.165745,0.193827,1.389665,0.055760,0.184569,1.382821,-0.153328,0.184795,1.763985,0.088800,0.015953,1.560617,-0.204805,0.015785,1.342962,0.102580,0.015911,1.466253,-0.201700,0.030542
1.592499,-0.055943,0.188035,1.785830,0.042282,0.192048,1.778879,-0.166802,0.191729,1.406118,0.054917,0.184341,1.399168,-0.154168,0.184021,1.765220,0.088711,0.015961,1.582763,-0.205489,0.015686,1.346554,0.102629,0.015859,1.482766,-0.202165,0.015812
1.608452,-0.056324,0.187292,1.801723,0.042030,0.191025,1.794907,-0.167059,0.190926,1.421996,0.054411,0.183658,1.415181,-0.154678,0.183559,1.766565,0.088733,0.015918,1.616023,-0.206620,0.017230,1.363679,0.101866,0.015955,1.484329,-0.202326,0.015632
1.624405,-0.055798,0.187087,1.817652,0.042624,0.190230,1.810888,-0.166463,0.191357,1.437921,0.054868,0.182817,1.431158,-0.154220,0.183943,1.767949,0.088767,0.015862,1.647601,-0.207541,0.026998,1.391166,0.100990,0.022372,1.485841,-0.202369,0.015759
1.640369,-0.054550,0.187819,1.833595,0.043927,0.190504,1.826855,-0.165141,0.193624,1.453883,0.056041,0.182014,1.447144,-0.153027,0.185135,1.769409,0.088868,0.015820,1.687462,-0.208535,0.032253,1.421165,0.100313,0.030498,1.487238,-0.202324,0.015921
1.656349,-0.053288,0.188732,1.849551,0.045246,0.190998,1.842837,-0.163784,0.196093,1.469862,0.057209,0.181372,1.463147,-0.151821,0.186466,1.770827,0.088993,0.015839,1.725459,-0.209320,0.039378,1.450219,0.099843,0.038417,1.488543,-0.202281,0.015927
1.672390,-0.052334,0.189897,1.865608,0.046178,0.191774,1.858840,-0.162805,0.198482,1.485940,0.058138,0.181313,1.479172,-0.150845,0.188021,1.772250,0.089054,0.015939,1.760355,-0.209994,0.046413,1.478586,0.099474,0.044261,1.489836,-0.202211,0.015948
1.688450,-0.051792,0.191598,1.881657,0.046742,0.193391,1.874886,-0.162203,0.201191,1.502014,0.058619,0.182004,1.495243,-0.150326,0.189804,1.773659,0.089125,0.016005,1.797196,-0.210807,0.050751,1.508414,0.098877,0.046994,1.491059,-0.202186,0.015956
1.704617,-0.051800,0.193780,1.897800,0.046773,0.195970,1.891040,-0.162155,0.204231,1.518193,0.058555,0.183328,1.511433,-0.150372,0.191589,1.775117,0.089129,0.015848,1.837620,-0.211960,0.051861,1.542569,0.097849,0.046093,1.492209,-0.202207,0.015895
1.721031,-0.052486,0.196024,1.914169,0.046154,0.199035,1.907456,-0.162785,0.207034,1.534606,0.057812,0.185013,1.527894,-0.151127,0.193012,1.776627,0.089067,0.015839,1.878738,-0.213373,0.050198,1.584057,0.096268,0.042349,1.493282,-0.202307,0.015772
1.737835,-0.053886,0.197617,1.930929,0.044813,0.201407,1.924285,-0.164165,0.208395,1.551385,0.056392,0.186839,1.544741,-0.152586,0.193828,1.778171,0.088966,0.015962,1.914637,-0.214914,0.042213,1.632557,0.094387,0.039622,1.494323,-0.202434,0.015808
1.754917,-0.055668,0.196596,1.947995,0.043092,0.199530,1.941495,-0.165934,0.205039,1.568340,0.054598,0.188153,1.561839,-0.154428,0.193662,1.782140,0.088900,0.015971,1.930693,-0.215984,0.019184,1.678770,0.092726,0.039185,1.495521,-0.202540,0.015828
1.771931,-0.056778,0.193240,1.964728,0.042559,0.194807,1.958895,-0.166488,0.200259,1.584967,0.052932,0.186221,1.579133,-0.156115,0.191672,1.807256,0.087865,0.019491,1.931947,-0.216023,0.016051,1.706817,0.090975,0.031293,1.500898,-0.204002,0.015776
1.788635,-0.056709,0.189524,1.981149,0.043177,0.191047,1.975889,-0.165857,0.197514,1.601381,0.052439,0.181535,1.596121,-0.156595,0.188002,1.840239,0.087125,0.026726,1.933286,-0.215889,0.015921,1.718180,0.089859,0.015827,1.513074,-0.205322,0.015696
1.804806,-0.057697,0.187626,1.997353,0.042115,0.189712,1.992010,-0.166935,0.195560,1.617602,0.051540,0.179692,1.612259,-0.157510,0.185540,1.878811,0.086144,0.029446,1.934649,-0.215980,0.015821,1.719743,0.089829,0.015868,1.534866,-0.205764,0.015751
1.820766,-0.059643,0.187248,2.013406,0.039968,0.190238,2.007866,-0.169119,0.194309,1.633667,0.049833,0.180187,1.628127,-0.159254,0.184258,1.913375,0.085096,0.036327,1.935991,-0.216165,0.015816,1.721334,0.089787,0.015933,1.563542,-0.206271,0.017139
1.836731,-0.061920,0.187512,2.029401,0.037575,0.191989,2.023769,-0.171540,0.193946,1.649693,0.047700,0.181077,1.644060,-0.161415,0.183034,1.942279,0.084004,0.043887,1.937372,-0.216348,0.015900,1.722883,0.089650,0.015657,1.593752,-0.207033,0.022219
1.852695,-0.064056,0.188016,2.045387,0.035318,0.193988,2.039672,-0.173804,0.194038,1.665718,0.045691,0.181994,1.660003,-0.163431,0.182044,1.967548,0.082878,0.050351,1.938741,-0.216555,0.015908,1.724365,0.089516,0.015777,1.621110,-0.207871,0.029114
1.868599,-0.065876,0.188914,2.061270,0.033450,0.196210,2.055557,-0.175667,0.194722,1.681641,0.043915,0.183106,1.675927,-0.165202,0.181618,1.995277,0.081730,0.054456,1.940122,-0.216708,0.015917,1.725805,0.089366,0.015991,1.645744,-0.208815,0.036868
1.884472,-0.067345,0.190192,2.077137,0.031900,0.198655,2.071389,-0.177204,0.196026,1.697555,0.042515,0.184357,1.691807,-0.166590,0.181729,2.029099,0.080475,0.056802,1.941534,-0.216840,0.015812,1.727144,0.089288,0.016000,1.671152,-0.209761,0.044006
