-0.006960,-0.011438,0.353473,0.180896,0.096960,0.352447,0.184888,-0.111929,0.341766,-0.198808,0.089052,0.365180,-0.194816,-0.119837,0.354498,0.147527,0.153166,0.130952,0.165075,-0.146424,0.118794,-0.193379,0.145445,0.154534,-0.189675,-0.154921,0.152388
-0.009230,-0.016800,0.349825,0.177012,0.094352,0.348987,0.184039,-0.114383,0.336933,-0.202498,0.080783,0.362716,-0.195471,-0.127952,0.350663,0.152325,0.152532,0.115908,0.145550,-0.147587,0.100690,-0.184889,0.140299,0.131154,-0.171969,-0.158774,0.109311
-0.009512,-0.021841,0.341043,0.174894,0.092331,0.341555,0.185401,-0.116246,0.329308,-0.204425,0.072564,0.352777,-0.193918,-0.136013,0.340530,0.137745,0.150003,0.103837,0.117242,-0.151189,0.089572,-0.189465,0.132840,0.115410,-0.187154,-0.165823,0.077657
-0.009508,-0.026768,0.327936,0.173284,0.089940,0.330639,0.186812,-0.118457,0.318313,-0.205828,0.064922,0.337559,-0.192301,-0.143476,0.325233,0.114796,0.145970,0.090539,0.095680,-0.155714,0.076815,-0.200924,0.124916,0.100002,-0.210109,-0.173948,0.049504
-0.010338,-0.031809,0.310926,0.171030,0.087008,0.316351,0.187144,-0.121162,0.303290,-0.207819,0.057544,0.318563,-0.191706,-0.150625,0.305502,0.087982,0.141814,0.068375,0.090468,-0.159070,0.060240,-0.211723,0.117589,0.084729,-0.227594,-0.181277,0.021795
-0.010761,-0.034737,0.294629,0.171556,0.082741,0.295403,0.185772,-0.125497,0.281276,-0.207295,0.056023,0.307982,-0.193078,-0.152214,0.293855,0.058351,0.137892,0.041583,0.095462,-0.160891,0.039070,-0.222299,0.116442,0.075338,-0.227099,-0.181327,0.015699
-0.009443,-0.035814,0.279556,0.173916,0.079620,0.269783,0.185048,-0.128814,0.255779,-0.203935,0.057185,0.303333,-0.192802,-0.151249,0.289329,0.024272,0.134305,0.015851,0.090766,-0.163329,0.015588,-0.219354,0.118119,0.063097,-0.228212,-0.180403,0.016148
-0.006117,-0.036612,0.269660,0.177594,0.078200,0.259184,0.187816,-0.130170,0.243624,-0.200050,0.056947,0.295695,-0.189828,-0.151423,0.280135,0.023590,0.134446,0.015861,0.090316,-0.163560,0.015648,-0.198250,0.120608,0.055431,-0.231090,-0.179355,0.016016
-0.002361,-0.036238,0.263444,0.181467,0.078487,0.254142,0.191661,-0.129866,0.238340,-0.196384,0.057390,0.288549,-0.186189,-0.150963,0.272747,0.024125,0.134490,0.015938,0.090425,-0.163563,0.015634,-0.169353,0.122657,0.047142,-0.230317,-0.179287,0.016036
0.001730,-0.034945,0.258411,0.185662,0.079682,0.249994,0.195869,-0.128714,0.234776,-0.192409,0.058825,0.282047,-0.182202,-0.149571,0.266829,0.024290,0.134499,0.015893,0.090658,-0.163493,0.015687,-0.145346,0.124545,0.038439,-0.229655,-0.179207,0.016055
0.005907,-0.032913,0.253899,0.189960,0.081582,0.246391,0.200191,-0.126899,0.232414,-0.188377,0.061073,0.275384,-0.178146,-0.147409,0.261406,0.024607,0.134531,0.015849,0.090963,-0.163339,0.015741,-0.128307,0.126219,0.027908,-0.229065,-0.179064,0.016048
0.009943,-0.029989,0.249640,0.194079,0.084438,0.243201,0.204461,-0.124168,0.231357,-0.184575,0.064190,0.267922,-0.174193,-0.144417,0.256079,0.025742,0.134549,0.015821,0.091328,-0.163140,0.015803,-0.119081,0.127333,0.015962,-0.228447,-0.179064,0.015961
0.013824,-0.027641,0.247673,0.198151,0.086502,0.241650,0.208348,-0.122207,0.231579,-0.180699,0.066924,0.263767,-0.170502,-0.141784,0.253696,0.041972,0.135321,0.015910,0.091639,-0.163056,0.015843,-0.118477,0.127480,0.015953,-0.226417,-0.178749,0.019011
0.018316,-0.026373,0.249113,0.202703,0.087682,0.243264,0.212864,-0.121072,0.234133,-0.176232,0.068326,0.264094,-0.166070,-0.140428,0.254963,0.067564,0.136352,0.021484,0.092114,-0.162951,0.015906,-0.118153,0.127552,0.015983,-0.225467,-0.179104,0.031769
0.023560,-0.025452,0.252560,0.208009,0.088521,0.247101,0.218131,-0.120263,0.238638,-0.171012,0.069360,0.266482,-0.160890,-0.139424,0.258019,0.093241,0.137346,0.028788,0.092722,-0.162859,0.015990,-0.117913,0.127629,0.015962,-0.221074,-0.179120,0.041848
0.029268,-0.024591,0.256336,0.213813,0.089255,0.251500,0.223849,-0.119556,0.243640,-0.165312,0.070373,0.269031,-0.155277,-0.138438,0.261171,0.113329,0.138143,0.034110,0.093413,-0.162792,0.016022,-0.117668,0.127725,0.015931,-0.211169,-0.178555,0.045897
0.035130,-0.023590,0.259456,0.219737,0.090181,0.255287,0.229744,-0.118656,0.248111,-0.159485,0.071476,0.270801,-0.149478,-0.137361,0.263625,0.132274,0.139033,0.036600,0.094122,-0.162711,0.016056,-0.117367,0.127782,0.015886,-0.196528,-0.177669,0.046073
0.041059,-0.022367,0.261454,0.225743,0.091300,0.257870,0.235686,-0.117566,0.251503,-0.153567,0.072831,0.271405,-0.143624,-0.136035,0.265038,0.152176,0.140064,0.036656,0.094816,-0.162617,0.016039,-0.116998,0.127885,0.015825,-0.177920,-0.176454,0.044028
0.047049,-0.020887,0.262126,0.231793,0.092692,0.258910,0.241681,-0.116205,0.253525,-0.147584,0.074430,0.270728,-0.137696,-0.134467,0.265343,0.173634,0.141241,0.034460,0.095450,-0.162518,0.015958,-0.116539,0.127988,0.015757,-0.156019,-0.175065,0.040934
0.053141,-0.019121,0.261404,0.237950,0.094353,0.258195,0.247755,-0.114574,0.253992,-0.141474,0.076332,0.268816,-0.131668,-0.132596,0.264614,0.196093,0.142491,0.029841,0.096038,-0.162416,0.015905,-0.115996,0.128128,0.015693,-0.131362,-0.173513,0.037005
0.059359,-0.016920,0.259222,0.244218,0.096459,0.255581,0.253951,-0.112498,0.252895,-0.135233,0.078657,0.265550,-0.125501,-0.130299,0.262864,0.218831,0.143772,0.022757,0.096573,-0.162283,0.015834,-0.115308,0.128301,0.015639,-0.104117,-0.171841,0.032239
0.065794,-0.014378,0.255570,0.250791,0.098729,0.250638,0.260255,-0.110255,0.249773,-0.128667,0.081500,0.261368,-0.119203,-0.127484,0.260503,0.232514,0.144369,0.015923,0.097017,-0.162176,0.015749,-0.114704,0.128646,0.015728,-0.076169,-0.170070,0.028029
0.071949,-0.012646,0.251747,0.256958,0.100403,0.246014,0.266391,-0.108584,0.246327,-0.122493,0.083293,0.257167,-0.113060,-0.125694,0.257481,0.232630,0.144456,0.015823,0.099978,-0.161938,0.015775,-0.114048,0.128808,0.015837,-0.049945,-0.168695,0.021900
0.077686,-0.012199,0.248774,0.262739,0.100811,0.243762,0.272131,-0.108177,0.244216,-0.116758,0.083779,0.253333,-0.107367,-0.125210,0.253787,0.232914,0.144471,0.015800,0.108279,-0.161533,0.015810,-0.113397,0.128909,0.015925,-0.038653,-0.168136,0.015847
0.083179,-0.011995,0.247836,0.268206,0.101076,0.243210,0.277664,-0.107910,0.243662,-0.111305,0.083919,0.252011,-0.101847,-0.125067,0.252462,0.233269,0.144500,0.015795,0.121692,-0.160957,0.015853,-0.113004,0.128829,0.015961,-0.038134,-0.168191,0.015896
0.088665,-0.011482,0.248398,0.273704,0.101590,0.244357,0.283166,-0.107394,0.245031,-0.105836,0.084430,0.251765,-0.096374,-0.124555,0.252439,0.233717,0.144540,0.015844,0.137413,-0.160224,0.017492,-0.114438,0.128783,0.017873,-0.037728,-0.168159,0.015874
0.094208,-0.010540,0.249783,0.279260,0.102526,0.246226,0.288723,-0.106456,0.247475,-0.100307,0.085376,0.252090,-0.090845,-0.123606,0.253340,0.234225,0.144607,0.015825,0.152133,-0.159492,0.020942,-0.114748,0.128845,0.022300,-0.037374,-0.168103,0.015818
0.099857,-0.009266,0.251653,0.284924,0.103789,0.248486,0.294380,-0.105187,0.250576,-0.094666,0.086655,0.252731,-0.085209,-0.122321,0.254821,0.234740,0.144691,0.015851,0.161095,-0.158956,0.026608,-0.110691,0.129171,0.026926,-0.037067,-0.168031,0.015784
0.105549,-0.007816,0.253717,0.290632,0.105223,0.250983,0.300072,-0.103741,0.254036,-0.088975,0.088109,0.253397,-0.079534,-0.120856,0.256450,0.235271,0.144788,0.015861,0.167100,-0.158482,0.032828,-0.102943,0.129727,0.030826,-0.036774,-0.167942,0.015743
0.111259,-0.006285,0.255726,0.296353,0.106748,0.253448,0.305780,-0.102200,0.257521,-0.083261,0.089630,0.253931,-0.073834,-0.119318,0.258004,0.235813,0.144890,0.015859,0.172990,-0.157967,0.038398,-0.093425,0.130396,0.034347,-0.036479,-0.167861,0.015704
0.116957,-0.004736,0.257507,0.302065,0.108280,0.255640,0.311461,-0.100647,0.260733,-0.077547,0.091175,0.254282,-0.068152,-0.117752,0.259374,0.236328,0.144989,0.015892,0.180100,-0.157378,0.042720,-0.083516,0.131139,0.037803,-0.036198,-0.167765,0.015658
0.122646,-0.003256,0.258992,0.307765,0.109749,0.257499,0.317130,-0.099154,0.263560,-0.071837,0.092642,0.254423,-0.062472,-0.116260,0.260484,0.236822,0.145075,0.015949,0.188969,-0.156735,0.045688,-0.073711,0.131885,0.041163,-0.035909,-0.167688,0.015649
0.128351,-0.001917,0.260158,0.313479,0.111077,0.259035,0.322810,-0.097800,0.265942,-0.066107,0.093966,0.254375,-0.056776,-0.114911,0.261282,0.237314,0.145158,0.015987,0.199682,-0.156049,0.047353,-0.064076,0.132631,0.044298,-0.035609,-0.167609,0.015621
0.134071,-0.000753,0.261017,0.319201,0.112241,0.260230,0.328508,-0.096613,0.267842,-0.060365,0.095107,0.254192,-0.051058,-0.113748,0.261803,0.237804,0.145238,0.016002,0.212274,-0.155336,0.047846,-0.054520,0.133344,0.047070,-0.035284,-0.167541,0.015657
0.139807,0.000175,0.261579,0.324934,0.113174,0.261115,0.334223,-0.095661,0.269253,-0.054610,0.096012,0.253905,-0.045321,-0.112823,0.262043,0.238288,0.145298,0.015999,0.226751,-0.154618,0.047355,-0.044814,0.134008,0.049432,-0.034951,-0.167492,0.015692
0.145561,0.000826,0.261848,0.330679,0.113842,0.261715,0.339966,-0.094981,0.270154,-0.048844,0.096633,0.253543,-0.039556,-0.112191,0.261982,0.238763,0.145356,0.015979,0.243207,-0.153872,0.046074,-0.034613,0.134630,0.051423,-0.034604,-0.167452,0.015775
0.151320,0.001102,0.261858,0.336420,0.114146,0.262193,0.345717,-0.094676,0.270650,-0.043078,0.096881,0.253066,-0.033781,-0.111941,0.261523,0.239253,0.145377,0.015889,0.261869,-0.153113,0.044188,-0.023349,0.135188,0.052976,-0.034231,-0.167445,0.015817
0.157099,0.000967,0.261573,0.342180,0.114039,0.262441,0.351494,-0.094795,0.270588,-0.037297,0.096729,0.252558,-0.027983,-0.112105,0.260705,0.239738,0.145379,0.015832,0.282423,-0.152331,0.041791,-0.010586,0.135705,0.054032,-0.033841,-0.167448,0.015856
0.162951,0.000410,0.261001,0.348011,0.113512,0.262340,0.357357,-0.095345,0.269841,-0.031456,0.096165,0.252162,-0.022110,-0.112692,0.259662,0.240224,0.145359,0.015793,0.304050,-0.151560,0.038581,0.003457,0.136152,0.054438,-0.033430,-0.167477,0.015891
0.168926,-0.000622,0.260233,0.353970,0.112501,0.261956,0.363356,-0.096388,0.268431,-0.025503,0.095144,0.252036,-0.016118,-0.113745,0.258510,0.240699,0.145300,0.015809,0.325414,-0.150882,0.033808,0.018915,0.136512,0.053769,-0.033017,-0.167541,0.015920
0.175081,-0.002176,0.259241,0.360113,0.110964,0.261130,0.369551,-0.097963,0.266146,-0.019388,0.093610,0.252337,-0.009951,-0.115317,0.257352,0.241179,0.145214,0.015873,0.344584,-0.150358,0.026292,0.036117,0.136810,0.051688,-0.032591,-0.167644,0.015948
0.181477,-0.004251,0.257909,0.366508,0.108894,0.259498,0.375998,-0.100068,0.262602,-0.013044,0.091565,0.253217,-0.003555,-0.117397,0.256321,0.241643,0.145107,0.015922,0.360181,-0.149956,0.015640,0.053558,0.137060,0.049166,-0.032167,-0.167768,0.015963
0.188005,-0.006029,0.257421,0.373055,0.107083,0.259313,0.382529,-0.101898,0.260737,-0.006518,0.089840,0.254105,0.002956,-0.119141,0.255529,0.242227,0.144991,0.015976,0.360437,-0.150066,0.015828,0.069629,0.137373,0.046297,-0.031766,-0.167845,0.015946
0.194002,-0.006783,0.257601,0.379063,0.106313,0.259351,0.388530,-0.102672,0.259944,-0.000525,0.089107,0.255258,0.008942,-0.119878,0.255852,0.242769,0.144945,0.015985,0.360776,-0.150119,0.015830,0.085044,0.137868,0.039892,-0.031500,-0.167888,0.015926
0.199705,-0.006643,0.257446,0.384774,0.106449,0.258433,0.394239,-0.102536,0.258934,0.005171,0.089250,0.255957,0.014637,-0.119735,0.256459,0.243242,0.144954,0.015964,0.361101,-0.150117,0.015854,0.096312,0.138337,0.031789,-0.031282,-0.167889,0.015902
0.205257,-0.005791,0.256626,0.390331,0.107297,0.256753,0.399793,-0.101686,0.257747,0.010722,0.090105,0.255505,0.020184,-0.118879,0.256500,0.243638,0.145007,0.015944,0.361414,-0.150071,0.015865,0.103856,0.138707,0.021948,-0.031054,-0.167840,0.015885
0.210560,-0.004435,0.255183,0.395634,0.108648,0.254275,0.405096,-0.100329,0.256186,0.016023,0.091460,0.254179,0.025485,-0.117517,0.256091,0.243981,0.145100,0.015913,0.361710,-0.149990,0.015863,0.107661,0.138927,0.015859,-0.030812,-0.167762,0.015912
0.215446,-0.003445,0.254698,0.400506,0.109635,0.252063,0.409988,-0.099335,0.254607,0.020905,0.092445,0.254788,0.030386,-0.116524,0.257332,0.248190,0.145350,0.015942,0.361974,-0.149919,0.015865,0.108028,0.138990,0.015877,-0.030563,-0.167727,0.016068
0.220093,-0.003021,0.255747,0.405135,0.110057,0.252016,0.414632,-0.098910,0.254737,0.025554,0.092868,0.256757,0.035050,-0.116099,0.259478,0.264114,0.146085,0.016769,0.362314,-0.149899,0.015887,0.108296,0.138992,0.015888,-0.032651,-0.167767,0.022146
0.224968,-0.003176,0.258071,0.410008,0.109895,0.254021,0.419497,-0.099076,0.256417,0.030439,0.092725,0.259725,0.039928,-0.116246,0.262121,0.282473,0.146927,0.020618,0.362754,-0.149911,0.015869,0.108521,0.138974,0.015900,-0.034403,-0.167779,0.030311
0.230171,-0.003862,0.261000,0.415213,0.109211,0.257102,0.424692,-0.099768,0.258730,0.035651,0.092043,0.263271,0.045130,-0.116936,0.264898,0.294611,0.147445,0.026732,0.363236,-0.149945,0.015874,0.108720,0.138929,0.015909,-0.032037,-0.167717,0.035891
0.235514,-0.004913,0.264044,0.420553,0.108178,0.260611,0.430033,-0.100806,0.261196,0.040995,0.090979,0.266892,0.050474,-0.118005,0.267477,0.303259,0.147717,0.032770,0.363738,-0.149997,0.015905,0.108903,0.138854,0.015914,-0.024743,-0.167555,0.038368
0.240864,-0.006178,0.266921,0.425903,0.106935,0.264212,0.435386,-0.102050,0.263607,0.046342,0.089694,0.270236,0.055825,-0.119290,0.269630,0.311840,0.147911,0.038156,0.364247,-0.150057,0.015912,0.109075,0.138774,0.015920,-0.014042,-0.167291,0.039535
0.246197,-0.007580,0.269491,0.431236,0.105551,0.267704,0.440725,-0.103425,0.265831,0.051668,0.088266,0.273151,0.061158,-0.120711,0.271278,0.321600,0.148086,0.042929,0.364756,-0.150133,0.015900,0.109252,0.138685,0.015921,-0.001794,-0.167002,0.040832
0.251545,-0.009024,0.271686,0.436580,0.104125,0.270998,0.446087,-0.104835,0.267842,0.057003,0.086788,0.275529,0.066510,-0.122172,0.272373,0.332635,0.148282,0.046963,0.365260,-0.150209,0.015878,0.109448,0.138597,0.015921,0.011015,-0.166724,0.042248
0.256905,-0.010429,0.273433,0.441936,0.102727,0.273957,0.451461,-0.106210,0.269551,0.062348,0.085351,0.277316,0.071873,-0.123585,0.272909,0.344673,0.148521,0.050096,0.365767,-0.150272,0.015822,0.109678,0.138529,0.015924,0.024015,-0.166434,0.043421
0.262285,-0.011736,0.274644,0.447304,0.101427,0.276431,0.456862,-0.107480,0.270862,0.067709,0.084008,0.278425,0.077266,-0.124899,0.272857,0.357535,0.148816,0.051999,0.366264,-0.150339,0.015759,0.109948,0.138451,0.015917,0.037389,-0.166133,0.043859
0.267658,-0.012861,0.275305,0.452663,0.100297,0.278404,0.462253,-0.108579,0.271799,0.073064,0.082856,0.278811,0.082653,-0.126019,0.272206,0.371339,0.149219,0.052765,0.366727,-0.150391,0.015846,0.110252,0.138398,0.015897,0.051438,-0.165746,0.043641
0.273001,-0.013741,0.275439,0.457985,0.099409,0.279825,0.467613,-0.109437,0.272367,0.078388,0.081956,0.278510,0.088016,-0.126890,0.271053,0.385918,0.149731,0.052497,0.367178,-0.150437,0.015932,0.110604,0.138346,0.015862,0.066509,-0.165259,0.042824
0.278345,-0.014332,0.275082,0.463309,0.098797,0.280679,0.472968,-0.110022,0.272569,0.083722,0.081359,0.277594,0.093381,-0.127461,0.269485,0.401145,0.150363,0.051294,0.367625,-0.150463,0.015988,0.111005,0.138320,0.015810,0.082807,-0.164631,0.041568
0.283712,-0.014606,0.274254,0.468654,0.098499,0.280937,0.478341,-0.110302,0.272400,0.089084,0.081089,0.276108,0.098770,-0.127712,0.267570,0.417053,0.151120,0.049140,0.368061,-0.150472,0.016027,0.111446,0.138310,0.015701,0.100441,-0.163868,0.040020
0.289124,-0.014456,0.272970,0.474052,0.098609,0.280645,0.483741,-0.110187,0.271987,0.094506,0.081275,0.273953,0.104195,-0.127521,0.265294,0.434067,0.152011,0.046282,0.368498,-0.150459,0.016051,0.111943,0.138334,0.015628,0.119573,-0.162926,0.038137
0.294594,-0.013844,0.271085,0.479513,0.099185,0.279486,0.489191,-0.109621,0.271048,0.099997,0.081934,0.271121,0.109674,-0.126872,0.262683,0.452062,0.153012,0.042822,0.368911,-0.150427,0.016065,0.112496,0.138373,0.015650,0.139887,-0.161844,0.035922
0.300125,-0.012707,0.268494,0.485050,0.100288,0.277216,0.494691,-0.108543,0.269382,0.105559,0.083129,0.267605,0.115200,-0.125702,0.259771,0.470555,0.154101,0.038583,0.369303,-0.150359,0.016062,0.113114,0.138456,0.015749,0.160957,-0.160632,0.033521
0.305740,-0.011034,0.265195,0.490696,0.101937,0.273561,0.500271,-0.106933,0.266747,0.111210,0.084864,0.263642,0.120784,-0.124005,0.256829,0.488291,0.155207,0.032676,0.369647,-0.150264,0.016046,0.113753,0.138586,0.015871,0.181717,-0.159371,0.031115
0.311537,-0.008917,0.261076,0.496555,0.104052,0.267970,0.506045,-0.104862,0.262559,0.117029,0.087028,0.259592,0.126519,-0.121886,0.254181,0.501936,0.156161,0.022722,0.369937,-0.150171,0.015981,0.114404,0.138732,0.015947,0.200574,-0.158187,0.028425
0.317602,-0.006863,0.256585,0.502647,0.106168,0.261456,0.512130,-0.102777,0.257393,0.123075,0.089052,0.255776,0.132558,-0.119894,0.251713,0.502279,0.156434,0.015819,0.370205,-0.150029,0.015967,0.115059,0.138856,0.015988,0.215797,-0.157206,0.024675
0.323456,-0.006054,0.252731,0.508505,0.106999,0.256865,0.517992,-0.101954,0.253190,0.128920,0.089846,0.252272,0.138407,-0.119107,0.248597,0.502302,0.156460,0.015842,0.371970,-0.149915,0.015976,0.115630,0.138902,0.016018,0.223168,-0.156671,0.015978
0.328924,-0.006069,0.249900,0.513985,0.106989,0.253269,0.523465,-0.101958,0.249329,0.134384,0.089820,0.250472,0.143863,-0.119128,0.246532,0.502410,0.156446,0.015832,0.374407,-0.149826,0.015979,0.116060,0.138914,0.016026,0.223695,-0.156663,0.015926
0.334213,-0.006073,0.248798,0.519272,0.107005,0.251550,0.528762,-0.101938,0.247396,0.139665,0.089792,0.250200,0.149154,-0.119151,0.246046,0.502643,0.156442,0.015823,0.384998,-0.149373,0.015994,0.116361,0.138895,0.016024,0.224134,-0.156677,0.015905
0.339611,-0.005522,0.249117,0.524672,0.107552,0.251922,0.534157,-0.101396,0.248027,0.145065,0.090353,0.250208,0.154550,-0.118596,0.246313,0.503025,0.156476,0.015785,0.395099,-0.148952,0.019446,0.117689,0.138959,0.017149,0.224540,-0.156628,0.015868
0.345152,-0.004280,0.250391,0.530202,0.108808,0.253348,0.539701,-0.100154,0.250300,0.150603,0.091594,0.250481,0.160102,-0.117368,0.247433,0.503473,0.156559,0.015842,0.403723,-0.148538,0.024116,0.122380,0.139191,0.018868,0.224904,-0.156546,0.015847
0.350811,-0.002518,0.252049,0.535844,0.110594,0.255157,0.545360,-0.098382,0.253385,0.156262,0.093346,0.250714,0.165778,-0.115630,0.248941,0.503947,0.156670,0.015878,0.409517,-0.148169,0.029607,0.130992,0.139653,0.019695,0.225247,-0.156443,0.015831
0.356527,-0.000381,0.253661,0.541543,0.112754,0.256902,0.551066,-0.096229,0.256684,0.161989,0.095466,0.250637,0.171511,-0.113517,0.250419,0.504427,0.156811,0.015851,0.414604,-0.147713,0.034761,0.142105,0.140297,0.019581,0.225584,-0.156306,0.015787
0.362238,0.002016,0.254980,0.547241,0.115172,0.258273,0.556753,-0.093806,0.259806,0.167723,0.097838,0.250154,0.177235,-0.111140,0.251687,0.504872,0.156963,0.015854,0.420452,-0.147129,0.038929,0.153942,0.141013,0.019076,0.225909,-0.156154,0.015756
0.367941,0.004595,0.255917,0.552934,0.117768,0.259147,0.562421,-0.091188,0.262571,0.173461,0.100378,0.249263,0.182948,-0.108579,0.252687,0.505299,0.157122,0.015855,0.427393,-0.146436,0.041966,0.165454,0.141736,0.018475,0.226232,-0.155999,0.015716
0.373604,0.007233,0.256539,0.558595,0.120412,0.259641,0.568035,-0.088506,0.265003,0.179172,0.102971,0.248075,0.188612,-0.105947,0.253437,0.505710,0.157277,0.015851,0.435287,-0.145684,0.044136,0.176207,0.142443,0.017986,0.226562,-0.155846,0.015670
0.379223,0.009859,0.256989,0.564221,0.123032,0.259937,0.573593,-0.085831,0.267221,0.184853,0.105550,0.246757,0.194224,-0.103313,0.254042,0.506113,0.157435,0.015865,0.443865,-0.144899,0.045768,0.186202,0.143152,0.017904,0.226882,-0.155685,0.015667
0.384787,0.012396,0.257452,0.569798,0.125551,0.260272,0.579084,-0.083243,0.269409,0.190489,0.108034,0.245496,0.199776,-0.100760,0.254633,0.506509,0.157582,0.015934,0.453024,-0.144113,0.047168,0.195654,0.143872,0.018579,0.227187,-0.155539,0.015618
0.390285,0.014784,0.258061,0.575311,0.127918,0.260789,0.584504,-0.080798,0.271650,0.196067,0.110365,0.244472,0.205260,-0.098350,0.255333,0.506917,0.157722,0.015991,0.462676,-0.143331,0.048503,0.204913,0.144631,0.020047,0.227471,-0.155402,0.015620
0.395716,0.017010,0.258860,0.580762,0.130112,0.261473,0.589851,-0.078520,0.273914,0.201580,0.112539,0.243805,0.210669,-0.096093,0.256247,0.507335,0.157851,0.016027,0.472867,-0.142555,0.049787,0.214143,0.145448,0.022238,0.227732,-0.155270,0.015650
0.401066,0.019047,0.259818,0.586130,0.132124,0.262275,0.595129,-0.076422,0.276131,0.207002,0.114516,0.243505,0.216002,-0.094031,0.257361,0.507767,0.157974,0.016047,0.483773,-0.141784,0.050922,0.223350,0.146296,0.025008,0.227964,-0.155166,0.015668
0.406366,0.020866,0.260841,0.591449,0.133917,0.263146,0.600363,-0.074549,0.278228,0.212369,0.116281,0.243455,0.221284,-0.092184,0.258537,0.508211,0.158090,0.016053,0.495601,-0.141023,0.051766,0.232623,0.147164,0.027921,0.228175,-0.155070,0.015679
0.411625,0.022398,0.261810,0.596722,0.135427,0.264002,0.605565,-0.072967,0.280079,0.217684,0.117763,0.243541,0.226528,-0.090631,0.259619,0.508654,0.158186,0.016047,0.508541,-0.140295,0.052147,0.242030,0.148005,0.030742,0.228379,-0.154997,0.015694
0.416845,0.023579,0.262684,0.601950,0.136595,0.264905,0.610734,-0.071745,0.281697,0.222956,0.118903,0.243671,0.231741,-0.089437,0.260463,0.509117,0.158257,0.016020,0.523059,-0.139587,0.052088,0.252009,0.148816,0.033388,0.228604,-0.154935,0.015706
0.422028,0.024372,0.263386,0.607120,0.137405,0.265778,0.615883,-0.070903,0.282981,0.228172,0.119647,0.243791,0.236935,-0.088660,0.260994,0.509585,0.158313,0.015939,0.539272,-0.138879,0.051602,0.262913,0.149568,0.035700,0.228842,-0.154903,0.015701
0.427206,0.024765,0.263788,0.612279,0.137823,0.266417,0.621043,-0.070475,0.283731,0.233369,0.120005,0.243844,0.242133,-0.088293,0.261158,0.510043,0.158343,0.015871,0.557034,-0.138191,0.050620,0.275087,0.150253,0.037473,0.229105,-0.154889,0.015725
0.432434,0.024748,0.263863,0.617481,0.137843,0.266758,0.626275,-0.070470,0.283877,0.238593,0.119966,0.243849,0.247387,-0.088347,0.260968,0.510498,0.158350,0.015837,0.576024,-0.137536,0.048999,0.288578,0.150845,0.038505,0.229402,-0.154901,0.015752
0.437763,0.024311,0.263728,0.622784,0.137443,0.266867,0.631631,-0.070910,0.283461,0.243896,0.119532,0.243994,0.252743,-0.088821,0.260589,0.510950,0.158331,0.015787,0.595898,-0.136919,0.046709,0.303348,0.151343,0.038736,0.229711,-0.154931,0.015788
0.443264,0.023420,0.263426,0.628262,0.136584,0.266724,0.637188,-0.071834,0.282437,0.249340,0.118674,0.244415,0.258266,-0.089744,0.260128,0.511400,0.158289,0.015896,0.615161,-0.136450,0.042998,0.319439,0.151748,0.038179,0.230040,-0.154992,0.015816
0.448977,0.022013,0.262930,0.633959,0.135203,0.266214,0.642994,-0.073305,0.280625,0.254959,0.117330,0.245234,0.263994,-0.091177,0.259646,0.511860,0.158215,0.015952,0.632350,-0.136183,0.037326,0.336135,0.152077,0.037310,0.230366,-0.155086,0.015857
0.454981,0.020088,0.262083,0.639971,0.133278,0.264914,0.649132,-0.075336,0.277603,0.260830,0.115512,0.246562,0.269991,-0.093102,0.259251,0.512315,0.158109,0.015983,0.645846,-0.136179,0.028991,0.351674,0.152300,0.036460,0.230707,-0.155206,0.015906
0.461361,0.017685,0.260705,0.646385,0.130842,0.262341,0.655677,-0.077884,0.272913,0.267045,0.113254,0.248496,0.276337,-0.095472,0.259069,0.512745,0.157968,0.016002,0.654325,-0.136441,0.017398,0.364031,0.152329,0.035379,0.231025,-0.155358,0.015934
0.467918,0.015665,0.259930,0.652969,0.128784,0.261081,0.662307,-0.080025,0.269808,0.273530,0.111355,0.250052,0.282867,-0.097454,0.258778,0.513284,0.157830,0.016010,0.654565,-0.136525,0.015734,0.372806,0.152247,0.032732,0.231365,-0.155442,0.015919
0.474037,0.014753,0.259448,0.659131,0.127808,0.259896,0.668451,-0.081038,0.267711,0.279623,0.110545,0.251185,0.288944,-0.098301,0.259000,0.513850,0.157725,0.016001,0.654780,-0.136605,0.015708,0.380180,0.152132,0.025973,0.231618,-0.155482,0.015931
0.479837,0.014832,0.258305,0.664957,0.127843,0.257684,0.674275,-0.081007,0.265402,0.285400,0.110670,0.251208,0.294718,-0.098180,0.258926,0.514243,0.157713,0.015987,0.654979,-0.136620,0.015746,0.384219,0.151940,0.016727,0.231846,-0.155490,0.015946
0.485050,0.015268,0.257176,0.670201,0.128201,0.254608,0.679508,-0.080642,0.262518,0.290592,0.111179,0.251835,0.299900,-0.097665,0.259745,0.514565,0.157754,0.015971,0.655128,-0.136602,0.015751,0.384573,0.151956,0.015847,0.231954,-0.155453,0.015974
0.489708,0.015457,0.257183,0.674872,0.128325,0.253148,0.684168,-0.080520,0.261034,0.295248,0.111434,0.253332,0.304544,-0.097411,0.261218,0.523273,0.158149,0.015978,0.655336,-0.136591,0.015775,0.384879,0.151985,0.015867,0.232297,-0.155372,0.017073
0.494217,0.015146,0.258254,0.679383,0.128002,0.253973,0.688676,-0.080858,0.261426,0.299758,0.111151,0.255083,0.309051,-0.097710,0.262535,0.538443,0.158791,0.016741,0.655653,-0.136615,0.015807,0.385145,0.151939,0.015883,0.232797,-0.155282,0.019947
0.498861,0.014263,0.259780,0.684046,0.127103,0.255917,0.693304,-0.081790,0.262445,0.304419,0.110316,0.257115,0.313677,-0.098577,0.263643,0.554786,0.159457,0.018004,0.656012,-0.136666,0.015829,0.385400,0.151884,0.015903,0.234963,-0.155140,0.021817
0.503719,0.012894,0.261272,0.688928,0.125719,0.258229,0.698142,-0.083212,0.263452,0.309297,0.109000,0.259093,0.318511,-0.099932,0.264316,0.566373,0.159875,0.020297,0.656381,-0.136752,0.015859,0.385669,0.151797,0.015912,0.240656,-0.154955,0.021068
0.508654,0.011171,0.262493,0.693881,0.123991,0.260542,0.703060,-0.084976,0.264194,0.314247,0.107318,0.260791,0.323426,-0.101648,0.264443,0.574615,0.160099,0.022876,0.656736,-0.136851,0.015865,0.385932,0.151688,0.015901,0.249786,-0.154685,0.018324
0.513601,0.009211,0.263376,0.698843,0.122022,0.262761,0.707995,-0.086969,0.264673,0.319208,0.105391,0.262079,0.328360,-0.103600,0.263991,0.581769,0.160220,0.025472,0.657082,-0.136970,0.015868,0.386217,0.151568,0.015890,0.259885,-0.154364,0.015847
0.518549,0.007097,0.264028,0.703788,0.119910,0.264907,0.712941,-0.089090,0.264971,0.324157,0.103284,0.263085,0.333310,-0.105716,0.263149,0.588950,0.160302,0.028040,0.657414,-0.137091,0.015863,0.386502,0.151432,0.015923,0.267759,-0.154156,0.015772
0.523495,0.004906,0.264614,0.708728,0.117706,0.267085,0.717886,-0.091286,0.265245,0.329103,0.101097,0.263984,0.338262,-0.107894,0.262143,0.596260,0.160355,0.030638,0.657764,-0.137219,0.015850,0.386791,0.151305,0.015895,0.275187,-0.153984,0.015803
0.528437,0.002693,0.265247,0.713647,0.115481,0.269385,0.722836,-0.093483,0.265630,0.334037,0.098870,0.264863,0.343226,-0.110095,0.261108,0.603720,0.160390,0.033336,0.658106,-0.137343,0.015853,0.387061,0.151176,0.015878,0.282686,-0.153851,0.015839
0.533369,0.000484,0.265949,0.718542,0.113255,0.271845,0.727782,-0.095664,0.266190,0.338956,0.096633,0.265708,0.348196,-0.112286,0.260053,0.611471,0.160412,0.036124,0.658482,-0.137463,0.015837,0.387330,0.151047,0.015864,0.290814,-0.153725,0.015876
0.538313,-0.001692,0.266729,0.723439,0.111049,0.274414,0.732742,-0.097809,0.266898,0.343884,0.094425,0.266559,0.353187,-0.114433,0.259044,0.619641,0.160427,0.038841,0.658869,-0.137589,0.015820,0.387588,0.150918,0.015851,0.299085,-0.153619,0.015922
0.543240,-0.003782,0.267558,0.728300,0.108923,0.277104,0.737688,-0.099859,0.267812,0.348791,0.092295,0.267304,0.358179,-0.116488,0.258011,0.628479,0.160465,0.041423,0.659276,-0.137708,0.015761,0.387836,0.150785,0.015796,0.308043,-0.153510,0.015955
0.548182,-0.005787,0.268427,0.733170,0.106859,0.279884,0.742643,-0.101836,0.268880,0.353720,0.090263,0.267974,0.363193,-0.118433,0.256971,0.638070,0.160541,0.043961,0.659703,-0.137814,0.015735,0.388092,0.150680,0.015783,0.317830,-0.153347,0.016011
0.553137,-0.007713,0.269251,0.738038,0.104871,0.282569,0.747616,-0.103727,0.269929,0.358658,0.088300,0.268572,0.368236,-0.120298,0.255933,0.648387,0.160655,0.046258,0.660132,-0.137921,0.015722,0.388344,0.150563,0.015763,0.327885,-0.153217,0.016393
0.558111,-0.009504,0.269919,0.742913,0.103018,0.285024,0.752610,-0.105476,0.270846,0.363613,0.086467,0.268993,0.373309,-0.122026,0.254815,0.659672,0.160867,0.048018,0.660569,-0.138017,0.015806,0.388614,0.150457,0.015727,0.338416,-0.153065,0.016767
0.563046,-0.011097,0.270394,0.747745,0.101349,0.287221,0.757557,-0.107039,0.271649,0.368534,0.084846,0.269140,0.378346,-0.123543,0.253567,0.672105,0.161196,0.049276,0.660981,-0.138101,0.015891,0.388872,0.150371,0.015681,0.349397,-0.152866,0.017150
0.567972,-0.012430,0.270666,0.752569,0.099922,0.289160,0.762482,-0.108369,0.272384,0.373462,0.083508,0.268948,0.383375,-0.124782,0.252172,0.685621,0.161636,0.050124,0.661414,-0.138175,0.015965,0.389162,0.150305,0.015643,0.361071,-0.152585,0.017417
0.572886,-0.013475,0.270661,0.757377,0.098779,0.290737,0.767384,-0.109425,0.272960,0.378387,0.082474,0.268362,0.388394,-0.125729,0.250586,0.700036,0.162210,0.050399,0.661844,-0.138228,0.016024,0.389496,0.150247,0.015699,0.373955,-0.152169,0.017247
0.577782,-0.014217,0.270308,0.762173,0.097937,0.291811,0.772258,-0.110193,0.273244,0.383305,0.081758,0.267371,0.393390,-0.126372,0.248804,0.715219,0.162920,0.049967,0.662258,-0.138264,0.016065,0.389854,0.150206,0.015756,0.388410,-0.151589,0.016682
0.582659,-0.014627,0.269561,0.766960,0.097433,0.292293,0.777105,-0.110642,0.273151,0.388212,0.081387,0.265970,0.398358,-0.126688,0.246829,0.731183,0.163782,0.048821,0.662645,-0.138272,0.016094,0.390237,0.150191,0.015845,0.404289,-0.150866,0.016064
0.587587,-0.014662,0.268341,0.771822,0.097307,0.292047,0.781989,-0.110739,0.272599,0.393185,0.081416,0.264083,0.403353,-0.126630,0.244635,0.747905,0.164752,0.046939,0.663036,-0.138279,0.016110,0.390666,0.150192,0.015921,0.420296,-0.150132,0.015999
0.592594,-0.014236,0.266536,0.776788,0.097659,0.290889,0.786944,-0.110388,0.271449,0.398244,0.081915,0.261622,0.408400,-0.126132,0.242182,0.764748,0.165816,0.044288,0.663397,-0.138263,0.016117,0.391142,0.150222,0.015997,0.435791,-0.149352,0.015896
0.597719,-0.013279,0.264048,0.781914,0.098577,0.288582,0.792016,-0.109507,0.269514,0.403422,0.082949,0.258583,0.413525,-0.125135,0.239515,0.780782,0.166947,0.040514,0.663732,-0.138209,0.016115,0.391673,0.150297,0.016055,0.449383,-0.148586,0.015782
