-0.016338,-0.018091,0.337086,0.172167,0.088851,0.345482,0.175110,-0.119475,0.326601,-0.207787,0.083292,0.347572,-0.204843,-0.125033,0.328691,0.163749,0.148165,0.193307,0.168612,-0.147838,0.134957,-0.204059,0.144659,0.174646,-0.210544,-0.154576,0.150182
-0.024178,-0.025862,0.322334,0.163063,0.083453,0.328043,0.168410,-0.125015,0.311389,-0.216765,0.073291,0.333279,-0.211418,-0.135176,0.316625,0.145500,0.140472,0.179586,0.108149,-0.155829,0.106841,-0.196993,0.134026,0.150310,-0.208967,-0.164264,0.110610
-0.032230,-0.033718,0.304314,0.153822,0.077701,0.307680,0.161361,-0.130837,0.292857,-0.225822,0.063401,0.315772,-0.218283,-0.145137,0.300949,0.132844,0.132855,0.162515,0.055516,-0.165471,0.084830,-0.194661,0.123785,0.123555,-0.214474,-0.174433,0.073588
-0.040768,-0.041777,0.283742,0.144495,0.070979,0.286033,0.153474,-0.137558,0.272023,-0.235009,0.054005,0.295460,-0.226030,-0.154532,0.281451,0.130387,0.125780,0.139947,0.023009,-0.174257,0.055981,-0.207606,0.114184,0.095928,-0.222404,-0.183769,0.040286
-0.049809,-0.049759,0.260580,0.135363,0.063147,0.262802,0.144473,-0.145305,0.247664,-0.244090,0.045787,0.273496,-0.234980,-0.162665,0.258358,0.130735,0.119954,0.105877,0.011337,-0.179913,0.016000,-0.225221,0.107580,0.062047,-0.230076,-0.190456,0.015892
-0.056240,-0.052647,0.241260,0.129087,0.060000,0.243680,0.137791,-0.148174,0.224908,-0.250272,0.042881,0.257611,-0.241567,-0.165293,0.238839,0.114781,0.122317,0.052475,0.009794,-0.180358,0.015953,-0.254056,0.107328,0.047679,-0.229358,-0.190350,0.015867
-0.058575,-0.049362,0.228897,0.126650,0.063479,0.229205,0.135468,-0.144873,0.212579,-0.252617,0.046149,0.245214,-0.243799,-0.162203,0.228589,0.088224,0.124518,0.015777,0.009372,-0.180152,0.015916,-0.284994,0.108023,0.024530,-0.228929,-0.190242,0.015970
-0.058567,-0.044504,0.219957,0.126539,0.068528,0.219187,0.135658,-0.140086,0.206472,-0.252792,0.051078,0.233443,-0.243673,-0.157536,0.220728,0.087610,0.124801,0.015801,0.009509,-0.179562,0.015902,-0.298161,0.107944,0.015704,-0.228584,-0.189978,0.016040
-0.056580,-0.040659,0.212293,0.128495,0.072425,0.211577,0.137790,-0.136353,0.202091,-0.250950,0.055035,0.222495,-0.241654,-0.153743,0.213008,0.087385,0.125032,0.015814,0.009334,-0.179318,0.019503,-0.300946,0.107747,0.015711,-0.228020,-0.189725,0.015978
-0.053658,-0.037199,0.203676,0.131449,0.075833,0.203002,0.140766,-0.133057,0.196464,-0.248081,0.058659,0.210888,-0.238764,-0.150231,0.204350,0.087246,0.125237,0.015845,0.004945,-0.179188,0.022521,-0.299848,0.107973,0.015808,-0.227470,-0.189349,0.015971
-0.050182,-0.034588,0.195242,0.134917,0.078449,0.193846,0.144267,-0.130499,0.189628,-0.244632,0.061324,0.200855,-0.235282,-0.147625,0.196638,0.087210,0.125411,0.015875,0.000431,-0.179042,0.021267,-0.298846,0.108135,0.015912,-0.226835,-0.189102,0.015851
-0.046318,-0.032654,0.188117,0.138751,0.080417,0.185707,0.148157,-0.128558,0.183305,-0.240793,0.063250,0.192930,-0.231387,-0.145724,0.190528,0.087277,0.125551,0.015897,0.004063,-0.178647,0.018477,-0.297033,0.108253,0.015961,-0.226215,-0.188982,0.015822
-0.041973,-0.030895,0.182855,0.143090,0.082162,0.179551,0.152508,-0.126825,0.178873,-0.236454,0.065034,0.186838,-0.227036,-0.143953,0.186159,0.087501,0.125685,0.015893,0.014949,-0.178004,0.019867,-0.287927,0.108764,0.016379,-0.225645,-0.188833,0.015804
-0.037186,-0.028896,0.179502,0.147882,0.084136,0.175667,0.157311,-0.124846,0.177061,-0.231682,0.067054,0.181944,-0.222253,-0.141929,0.183338,0.087858,0.125860,0.015850,0.032890,-0.176981,0.023496,-0.271811,0.109689,0.024324,-0.225120,-0.188673,0.015799
-0.032085,-0.026880,0.177591,0.153000,0.086105,0.173269,0.162413,-0.122853,0.176794,-0.226584,0.069093,0.178389,-0.217171,-0.139866,0.181914,0.088294,0.126036,0.015789,0.056624,-0.175625,0.028376,-0.253602,0.110966,0.035387,-0.224659,-0.188507,0.015831
-0.026730,-0.025328,0.176641,0.158380,0.087601,0.171872,0.167758,-0.121326,0.176976,-0.221217,0.070671,0.176306,-0.211839,-0.138257,0.181410,0.088820,0.126173,0.015725,0.077995,-0.174330,0.035124,-0.235809,0.112278,0.043393,-0.224203,-0.188367,0.015819
-0.021236,-0.024399,0.176664,0.163884,0.088505,0.171733,0.173247,-0.120401,0.177652,-0.215720,0.071604,0.175676,-0.206357,-0.137303,0.181594,0.089347,0.126260,0.015770,0.096934,-0.173211,0.040873,-0.218459,0.113344,0.046814,-0.223793,-0.188296,0.015773
-0.015678,-0.024069,0.177583,0.169442,0.088846,0.172904,0.178809,-0.120058,0.178895,-0.210166,0.071921,0.176270,-0.200799,-0.136984,0.182261,0.089889,0.126288,0.015810,0.116013,-0.172261,0.043878,-0.200118,0.114171,0.046751,-0.223412,-0.188288,0.015735
-0.010025,-0.024277,0.178991,0.175086,0.088674,0.174852,0.184473,-0.120246,0.180251,-0.204523,0.071692,0.177732,-0.195136,-0.137227,0.183131,0.090427,0.126272,0.015837,0.134897,-0.171508,0.043885,-0.179593,0.114888,0.044791,-0.223058,-0.188317,0.015780
-0.004181,-0.025040,0.180415,0.180912,0.087966,0.177040,0.190334,-0.120980,0.181199,-0.198696,0.070901,0.179631,-0.189274,-0.138046,0.183790,0.090988,0.126208,0.015854,0.152446,-0.170989,0.040742,-0.156203,0.115585,0.042140,-0.222661,-0.188400,0.015835
0.002010,-0.026300,0.181404,0.187087,0.086755,0.178870,0.196538,-0.122218,0.181210,-0.192517,0.069617,0.181599,-0.183066,-0.139356,0.183938,0.091564,0.126109,0.015869,0.166381,-0.170745,0.032575,-0.129916,0.116357,0.039474,-0.222222,-0.188507,0.015885
0.008659,-0.027969,0.181388,0.193720,0.085119,0.179277,0.203187,-0.123866,0.179353,-0.185868,0.067927,0.183422,-0.176402,-0.141058,0.183499,0.092177,0.125957,0.015889,0.172471,-0.170814,0.015954,-0.102233,0.117158,0.036547,-0.221700,-0.188668,0.015914
0.015331,-0.029110,0.180953,0.200398,0.083976,0.179217,0.209842,-0.125004,0.177611,-0.179179,0.066785,0.184296,-0.169735,-0.142196,0.182689,0.092779,0.125866,0.015898,0.173023,-0.170923,0.015872,-0.078855,0.117982,0.032641,-0.221204,-0.188737,0.015919
0.021683,-0.028803,0.180639,0.206756,0.084277,0.179204,0.216195,-0.124704,0.177625,-0.172830,0.067098,0.183653,-0.163390,-0.141883,0.182074,0.093351,0.125887,0.015902,0.173622,-0.170902,0.015926,-0.065624,0.118667,0.021075,-0.220777,-0.188717,0.015908
0.027649,-0.027588,0.179469,0.212731,0.085469,0.177523,0.222155,-0.123518,0.177043,-0.166857,0.068342,0.181896,-0.157434,-0.140645,0.181416,0.092634,0.125918,0.017272,0.174189,-0.170807,0.015884,-0.063960,0.118860,0.015916,-0.219680,-0.188567,0.015836
0.033310,-0.026800,0.178560,0.218397,0.086239,0.176108,0.227808,-0.122749,0.176250,-0.161189,0.069149,0.180869,-0.151777,-0.139840,0.181011,0.094198,0.126038,0.022588,0.174717,-0.170745,0.015848,-0.063437,0.118935,0.015923,-0.212838,-0.188198,0.015851
0.038876,-0.026983,0.178673,0.223975,0.086048,0.176863,0.233371,-0.122940,0.176492,-0.155620,0.068974,0.180853,-0.146224,-0.140015,0.180483,0.104968,0.126463,0.024488,0.175260,-0.170764,0.015790,-0.062916,0.118930,0.015930,-0.201276,-0.187694,0.015874
0.044476,-0.027607,0.178956,0.229600,0.085396,0.178359,0.238961,-0.123590,0.176959,-0.150009,0.068376,0.180953,-0.140649,-0.140610,0.179553,0.116389,0.126833,0.027368,0.175781,-0.170837,0.015840,-0.062408,0.118902,0.015892,-0.188286,-0.187144,0.015944
0.050079,-0.028427,0.179150,0.235202,0.084577,0.180081,0.244574,-0.124396,0.177433,-0.144415,0.067542,0.180867,-0.135043,-0.141432,0.178220,0.126632,0.127106,0.030189,0.176327,-0.170910,0.015890,-0.061885,0.118833,0.015833,-0.175976,-0.186712,0.016042
0.055603,-0.029333,0.179198,0.240713,0.083665,0.181819,0.250109,-0.125286,0.177831,-0.138902,0.066619,0.180564,-0.129507,-0.142331,0.176577,0.136070,0.127307,0.032843,0.176847,-0.170994,0.015886,-0.061379,0.118755,0.015752,-0.164790,-0.186357,0.015963
0.061062,-0.030222,0.179163,0.246161,0.082740,0.183503,0.255567,-0.126181,0.178187,-0.133443,0.065737,0.180139,-0.124038,-0.143184,0.174823,0.145150,0.127472,0.035414,0.177364,-0.171084,0.015972,-0.060861,0.118700,0.015660,-0.154973,-0.186053,0.016278
0.066429,-0.031042,0.179083,0.251496,0.081899,0.185066,0.260944,-0.126985,0.178501,-0.128085,0.064900,0.179665,-0.118638,-0.143983,0.173101,0.154256,0.127640,0.038048,0.177859,-0.171153,0.015973,-0.060360,0.118637,0.015643,-0.146268,-0.185864,0.017591
0.071709,-0.031744,0.179032,0.256738,0.081170,0.186493,0.266230,-0.127674,0.178828,-0.122813,0.064186,0.179236,-0.113321,-0.144658,0.171571,0.163682,0.127812,0.040904,0.178348,-0.171218,0.015967,-0.059860,0.118576,0.015707,-0.138182,-0.185757,0.020113
0.076862,-0.032295,0.179085,0.261866,0.080571,0.187817,0.271378,-0.128237,0.179230,-0.117653,0.063646,0.178939,-0.108141,-0.145161,0.170352,0.173416,0.127988,0.044078,0.178804,-0.171273,0.015908,-0.059397,0.118544,0.015799,-0.130259,-0.185669,0.023582
0.081951,-0.032648,0.179291,0.266931,0.080172,0.189047,0.276459,-0.128605,0.179760,-0.112557,0.063308,0.178823,-0.103029,-0.145468,0.169536,0.183511,0.128200,0.047590,0.179260,-0.171292,0.015880,-0.058927,0.118546,0.015884,-0.122090,-0.185567,0.027612
0.087021,-0.032850,0.179699,0.271980,0.079928,0.190295,0.281518,-0.128826,0.180529,-0.107476,0.063125,0.178869,-0.097938,-0.145629,0.169104,0.194993,0.128504,0.050361,0.179715,-0.171320,0.015832,-0.058459,0.118534,0.015949,-0.113387,-0.185450,0.031614
0.092152,-0.032934,0.180242,0.277099,0.079791,0.191589,0.286628,-0.128948,0.181482,-0.102325,0.063079,0.179002,-0.092796,-0.145659,0.168896,0.209508,0.129021,0.051861,0.180174,-0.171335,0.015776,-0.057978,0.118547,0.015995,-0.103643,-0.185240,0.035372
0.097370,-0.032925,0.180744,0.282306,0.079749,0.192775,0.291823,-0.128978,0.182422,-0.097083,0.063129,0.179067,-0.087565,-0.145598,0.168714,0.227035,0.129754,0.052205,0.180643,-0.171332,0.015712,-0.057517,0.118573,0.016021,-0.092461,-0.184921,0.038606
0.102764,-0.032785,0.181052,0.287683,0.079846,0.193709,0.297194,-0.128876,0.183257,-0.091665,0.063306,0.178846,-0.082155,-0.145417,0.168395,0.247217,0.130667,0.051704,0.181132,-0.171330,0.015741,-0.057019,0.118591,0.016036,-0.079340,-0.184451,0.040756
0.108364,-0.032417,0.180990,0.293280,0.080170,0.194079,0.302761,-0.128560,0.183754,-0.086033,0.063725,0.178226,-0.076552,-0.145005,0.167901,0.268371,0.131722,0.049925,0.181636,-0.171303,0.015748,-0.056512,0.118642,0.016026,-0.064086,-0.183737,0.041464
0.114162,-0.031670,0.180415,0.299093,0.080895,0.193499,0.308526,-0.127863,0.183703,-0.080201,0.064523,0.177126,-0.070768,-0.144234,0.167330,0.288267,0.132921,0.044985,0.182147,-0.171242,0.015831,-0.055948,0.118726,0.016011,-0.046804,-0.182744,0.040461
0.120243,-0.030354,0.179271,0.305224,0.082200,0.191715,0.314564,-0.126613,0.183088,-0.074078,0.065906,0.175455,-0.064738,-0.142907,0.166828,0.304653,0.134183,0.035013,0.182675,-0.171139,0.015912,-0.055304,0.118870,0.015948,-0.027883,-0.181521,0.039228
0.126621,-0.028280,0.177678,0.311692,0.084298,0.188447,0.320904,-0.124598,0.181937,-0.067662,0.068037,0.173419,-0.058450,-0.140858,0.166910,0.314903,0.135245,0.018713,0.183174,-0.171015,0.015932,-0.054594,0.119041,0.015812,-0.007685,-0.180141,0.038711
0.132809,-0.025644,0.177192,0.317895,0.087048,0.186390,0.327085,-0.121917,0.182641,-0.061467,0.070628,0.171742,-0.052278,-0.138336,0.167994,0.315508,0.135503,0.015861,0.183808,-0.170729,0.015978,-0.053909,0.119258,0.015844,0.013497,-0.178635,0.039232
0.138767,-0.024197,0.177444,0.323855,0.088546,0.185988,0.333036,-0.120440,0.183624,-0.055501,0.072046,0.171265,-0.046320,-0.136939,0.168901,0.315952,0.135620,0.015810,0.184338,-0.170573,0.016012,-0.053332,0.119396,0.015806,0.034783,-0.177374,0.036429
0.144714,-0.023651,0.177690,0.329804,0.089114,0.185873,0.338993,-0.119874,0.183853,-0.049565,0.072572,0.171528,-0.040375,-0.136417,0.169508,0.316428,0.135666,0.015800,0.184868,-0.170525,0.016012,-0.052803,0.119431,0.015806,0.048737,-0.176648,0.030253
0.150570,-0.023842,0.177358,0.335658,0.088910,0.185758,0.344855,-0.120072,0.183209,-0.043715,0.072389,0.171507,-0.034518,-0.136593,0.168958,0.316895,0.135654,0.015846,0.185406,-0.170547,0.015977,-0.052305,0.119408,0.015766,0.057935,-0.176218,0.021042
0.156223,-0.024321,0.176646,0.341306,0.088410,0.185437,0.350517,-0.120560,0.182053,-0.038070,0.071918,0.171239,-0.028860,-0.137051,0.167856,0.317373,0.135601,0.015849,0.185906,-0.170626,0.015938,-0.051804,0.119330,0.015787,0.060829,-0.176137,0.015815
0.161461,-0.023851,0.177213,0.346555,0.088899,0.185486,0.355769,-0.120075,0.182389,-0.032847,0.072372,0.172037,-0.023634,-0.136602,0.168939,0.317834,0.135645,0.015941,0.191309,-0.170358,0.015977,-0.051360,0.119370,0.015856,0.061360,-0.176084,0.015766
0.166454,-0.023113,0.177525,0.351546,0.089681,0.185261,0.360778,-0.119301,0.182781,-0.027869,0.073074,0.172269,-0.018637,-0.135907,0.169789,0.318259,0.135717,0.015903,0.205325,-0.169696,0.016786,-0.048344,0.119524,0.015789,0.061829,-0.176022,0.015705
0.171429,-0.021767,0.177594,0.356502,0.091093,0.184784,0.365756,-0.117899,0.183638,-0.022899,0.074366,0.171550,-0.013645,-0.134626,0.170404,0.318666,0.135839,0.015934,0.222644,-0.168825,0.018478,-0.040928,0.119917,0.015761,0.062302,-0.175910,0.015633
0.176479,-0.019924,0.177424,0.361513,0.093041,0.183940,0.370816,-0.115951,0.184722,-0.017858,0.076102,0.170127,-0.008555,-0.132889,0.170908,0.319097,0.136020,0.015943,0.240027,-0.167879,0.021334,-0.031277,0.120423,0.015704,0.062814,-0.175788,0.015643
0.181541,-0.017784,0.177111,0.366577,0.095219,0.182875,0.375844,-0.113754,0.185920,-0.012761,0.078186,0.168301,-0.003495,-0.130787,0.171347,0.319487,0.136197,0.015965,0.255510,-0.166937,0.024853,-0.021759,0.121063,0.015735,0.063267,-0.175595,0.015673
0.186577,-0.015453,0.176797,0.371619,0.097582,0.181661,0.380841,-0.111341,0.187202,-0.007687,0.080434,0.166391,0.001535,-0.128489,0.171932,0.319951,0.136416,0.015901,0.268813,-0.166002,0.028628,-0.013270,0.121705,0.015829,0.063764,-0.175396,0.015711
0.191486,-0.013050,0.176638,0.376539,0.100006,0.180523,0.385707,-0.108834,0.188683,-0.002734,0.082734,0.164593,0.006434,-0.126106,0.172753,0.320363,0.136634,0.015876,0.280140,-0.165100,0.032498,-0.005781,0.122321,0.015962,0.064188,-0.175233,0.015775
0.196255,-0.010603,0.176699,0.381358,0.102399,0.179626,0.390393,-0.106327,0.190430,0.002117,0.085121,0.162967,0.011151,-0.123605,0.173771,0.320801,0.136853,0.015844,0.289987,-0.164197,0.036446,0.000929,0.123046,0.016589,0.064594,-0.175022,0.015789
0.200848,-0.008165,0.177024,0.386010,0.104760,0.179017,0.394893,-0.103820,0.192440,0.006802,0.087490,0.161607,0.015685,-0.121090,0.175030,0.321233,0.137082,0.015795,0.298603,-0.163288,0.040437,0.006990,0.123829,0.017804,0.064973,-0.174824,0.015791
0.205246,-0.005817,0.177621,0.390485,0.106994,0.178742,0.399182,-0.101418,0.194664,0.011310,0.089783,0.160578,0.020007,-0.118629,0.176501,0.321647,0.137290,0.015737,0.305931,-0.162421,0.044278,0.012739,0.124667,0.019244,0.065293,-0.174641,0.015760
0.209465,-0.003584,0.178450,0.394785,0.109100,0.178766,0.403288,-0.099127,0.197032,0.015642,0.091959,0.159867,0.024145,-0.116268,0.178133,0.322048,0.137484,0.015664,0.312032,-0.161602,0.047858,0.018399,0.125516,0.020585,0.065586,-0.174483,0.015752
0.213493,-0.001537,0.179440,0.398895,0.111012,0.179075,0.407201,-0.097029,0.199439,0.019786,0.093954,0.159440,0.028092,-0.114087,0.179805,0.322434,0.137659,0.015581,0.317226,-0.160843,0.051119,0.024010,0.126353,0.021802,0.065862,-0.174340,0.015751
0.217377,0.000294,0.180559,0.402858,0.112709,0.179685,0.410965,-0.095151,0.201888,0.023788,0.095739,0.159231,0.031896,-0.112122,0.181433,0.322807,0.137816,0.015725,0.321918,-0.160144,0.054188,0.029617,0.127149,0.022924,0.066112,-0.174214,0.015876
0.221146,0.001907,0.181839,0.406697,0.114204,0.180665,0.414615,-0.093492,0.204414,0.027676,0.097307,0.159264,0.035595,-0.110390,0.183013,0.323179,0.137949,0.015813,0.326579,-0.159456,0.057244,0.035186,0.127950,0.024390,0.066345,-0.174103,0.015920
0.224873,0.003334,0.183219,0.410475,0.115543,0.181862,0.418237,-0.092005,0.206926,0.031508,0.098673,0.159513,0.039270,-0.108875,0.184577,0.323535,0.138060,0.015880,0.331050,-0.158801,0.060155,0.040992,0.128707,0.025924,0.066561,-0.174029,0.015963
0.228577,0.004549,0.184642,0.414225,0.116683,0.183232,0.421840,-0.090741,0.209346,0.035313,0.099839,0.159939,0.042929,-0.107585,0.186053,0.323879,0.138143,0.015938,0.335491,-0.158188,0.062900,0.047051,0.129429,0.027449,0.066782,-0.173958,0.015997
0.232330,0.005541,0.186064,0.418015,0.117615,0.184731,0.425499,-0.089713,0.211629,0.039162,0.100795,0.160498,0.046646,-0.106533,0.187396,0.324243,0.138200,0.016008,0.340151,-0.157610,0.065525,0.053418,0.130119,0.029076,0.067029,-0.173892,0.016019
0.236134,0.006317,0.187402,0.421819,0.118392,0.186208,0.429245,-0.088867,0.213650,0.043022,0.101502,0.161154,0.050448,-0.105758,0.188596,0.324587,0.138253,0.016042,0.345018,-0.157056,0.067925,0.060152,0.130713,0.030656,0.067249,-0.173878,0.016043
0.240093,0.006857,0.188660,0.425773,0.118943,0.187724,0.433155,-0.088282,0.215438,0.047032,0.101996,0.161882,0.054413,-0.105229,0.189596,0.324934,0.138277,0.016067,0.350482,-0.156539,0.070160,0.067384,0.131282,0.032362,0.067501,-0.173853,0.016067
0.244213,0.007177,0.189922,0.429859,0.119322,0.189394,0.437245,-0.087901,0.217120,0.051181,0.102256,0.162723,0.058567,-0.104967,0.190449,0.325297,0.138290,0.016084,0.357667,-0.156066,0.071794,0.075274,0.131812,0.034275,0.067774,-0.173853,0.016084
0.248539,0.007288,0.191263,0.434135,0.119517,0.191284,0.441554,-0.087736,0.218775,0.055524,0.102312,0.163751,0.062943,-0.104941,0.191242,0.325684,0.138272,0.016079,0.367516,-0.155640,0.072694,0.084222,0.132311,0.036298,0.068087,-0.173872,0.016049
0.253113,0.007147,0.192731,0.438620,0.119520,0.193479,0.446141,-0.087804,0.220405,0.060085,0.102097,0.165057,0.067606,-0.105226,0.191982,0.326102,0.138259,0.016068,0.379807,-0.155218,0.072977,0.094533,0.132752,0.038343,0.068426,-0.173904,0.016069
0.258022,0.006733,0.194246,0.443409,0.119295,0.195878,0.451091,-0.088137,0.221913,0.064954,0.101603,0.166578,0.072635,-0.105829,0.192613,0.326552,0.138234,0.016047,0.394011,-0.154841,0.072503,0.107020,0.133091,0.039842,0.068789,-0.173967,0.016067
0.263302,0.005997,0.195666,0.448557,0.118754,0.198367,0.456418,-0.088820,0.223181,0.070186,0.100813,0.168151,0.078046,-0.106761,0.192965,0.327045,0.138157,0.015997,0.409636,-0.154576,0.071118,0.122597,0.133343,0.040495,0.069207,-0.174051,0.016052
0.269062,0.004927,0.196794,0.454153,0.117918,0.200747,0.462253,-0.089829,0.223990,0.075871,0.099682,0.169597,0.083971,-0.108064,0.192841,0.327566,0.138070,0.015912,0.425842,-0.154451,0.068167,0.141899,0.133595,0.040621,0.069681,-0.174173,0.016024
0.275307,0.003513,0.197369,0.460252,0.116695,0.202497,0.468597,-0.091246,0.223838,0.082016,0.098273,0.170901,0.090362,-0.109669,0.192241,0.328114,0.137962,0.015853,0.440749,-0.154709,0.061894,0.164092,0.133810,0.039541,0.070219,-0.174297,0.015928
0.282055,0.001614,0.197062,0.466891,0.114930,0.203090,0.475497,-0.093227,0.222094,0.088613,0.096454,0.172030,0.097219,-0.111703,0.191035,0.328731,0.137800,0.015833,0.451884,-0.155578,0.050161,0.182573,0.133504,0.034977,0.070802,-0.174462,0.015899
0.289150,-0.000450,0.194726,0.473965,0.112896,0.200848,0.482793,-0.095456,0.217474,0.095507,0.094556,0.171977,0.104336,-0.113796,0.188603,0.329332,0.137648,0.015948,0.454772,-0.157171,0.030840,0.200675,0.133315,0.029972,0.071515,-0.174613,0.015774
0.296474,-0.002359,0.189815,0.481407,0.110864,0.194460,0.490365,-0.097632,0.209071,0.102584,0.092914,0.170559,0.111542,-0.115583,0.185171,0.329843,0.137450,0.015997,0.449979,-0.158506,0.015922,0.216148,0.133064,0.023124,0.072264,-0.174753,0.015655
0.303486,-0.003071,0.184440,0.488509,0.110047,0.187920,0.497475,-0.098495,0.201858,0.109496,0.092354,0.167021,0.118463,-0.116189,0.180960,0.339298,0.137729,0.015917,0.450290,-0.158546,0.015904,0.221406,0.132661,0.015944,0.073527,-0.174759,0.015708
0.309692,-0.004137,0.181848,0.494810,0.108837,0.184917,0.503721,-0.099797,0.197447,0.115664,0.091523,0.166249,0.124575,-0.117111,0.178779,0.347359,0.137956,0.015796,0.450651,-0.158547,0.015802,0.222004,0.132611,0.015943,0.076206,-0.174545,0.015697
0.315041,-0.006422,0.182426,0.500346,0.106225,0.186102,0.508999,-0.102576,0.195680,0.121082,0.089732,0.169171,0.129735,-0.119070,0.178749,0.360508,0.138279,0.018503,0.451034,-0.158767,0.015771,0.222565,0.132449,0.016029,0.079585,-0.174161,0.015752
0.320213,-0.008348,0.182810,0.505592,0.104146,0.187384,0.514145,-0.104757,0.194507,0.126281,0.088061,0.171112,0.134835,-0.120843,0.178235,0.375526,0.138702,0.022169,0.451428,-0.158936,0.015735,0.223026,0.132247,0.016006,0.083352,-0.174005,0.015791
0.325237,-0.010021,0.182861,0.510667,0.102344,0.188429,0.519139,-0.106625,0.193400,0.131336,0.086583,0.172323,0.139807,-0.122386,0.177294,0.387131,0.138953,0.025166,0.451825,-0.159079,0.015794,0.223501,0.132100,0.015965,0.087412,-0.173852,0.015812
0.330093,-0.011499,0.182752,0.515566,0.100744,0.189266,0.523965,-0.108265,0.192317,0.136222,0.085266,0.173186,0.144621,-0.123743,0.176237,0.396982,0.139112,0.027710,0.452211,-0.159216,0.015835,0.223969,0.131988,0.015924,0.092030,-0.173689,0.015830
0.334816,-0.012835,0.182645,0.520312,0.099311,0.190117,0.528666,-0.109718,0.191412,0.140966,0.084049,0.173877,0.149320,-0.124980,0.175172,0.406473,0.139258,0.030276,0.452598,-0.159333,0.015867,0.224408,0.131892,0.015872,0.097845,-0.173512,0.015851
0.339474,-0.014080,0.182565,0.524968,0.097993,0.191102,0.533310,-0.111040,0.190762,0.145637,0.082880,0.174368,0.153980,-0.126153,0.174028,0.416118,0.139392,0.033070,0.452982,-0.159448,0.015926,0.224832,0.131786,0.015772,0.105300,-0.173325,0.015879
0.344090,-0.015259,0.182460,0.529558,0.096759,0.192194,0.537918,-0.112265,0.190292,0.150261,0.081748,0.174628,0.158621,-0.127276,0.172726,0.425920,0.139522,0.036093,0.453377,-0.159549,0.015931,0.225275,0.131682,0.015696,0.114238,-0.173113,0.015901
0.348698,-0.016367,0.182286,0.534130,0.095592,0.193292,0.542515,-0.113412,0.189908,0.154880,0.080679,0.174663,0.163265,-0.128326,0.171279,0.435796,0.139633,0.039264,0.453775,-0.159649,0.015926,0.225714,0.131588,0.015607,0.123808,-0.172898,0.016612
0.353294,-0.017363,0.182056,0.538689,0.094527,0.194328,0.547095,-0.114450,0.189580,0.159494,0.079725,0.174531,0.167900,-0.129252,0.169783,0.445658,0.139732,0.042534,0.454162,-0.159740,0.015894,0.226151,0.131514,0.015655,0.133391,-0.172696,0.018261
0.357876,-0.018208,0.181844,0.543235,0.093611,0.195251,0.551659,-0.115335,0.189301,0.164093,0.078920,0.174386,0.172516,-0.130026,0.168436,0.455419,0.139829,0.045892,0.454545,-0.159816,0.015867,0.226585,0.131463,0.015729,0.142650,-0.172533,0.020880
0.362465,-0.018885,0.181713,0.547797,0.092863,0.196049,0.556231,-0.116051,0.189103,0.168699,0.078282,0.174323,0.177133,-0.130632,0.167377,0.465215,0.139923,0.049240,0.454952,-0.159890,0.015825,0.227020,0.131419,0.015812,0.151761,-0.172406,0.024151
0.367069,-0.019423,0.181763,0.552376,0.092267,0.196867,0.560824,-0.116618,0.189080,0.173315,0.077773,0.174447,0.181763,-0.131112,0.166660,0.476413,0.140122,0.051773,0.455352,-0.159941,0.015767,0.227444,0.131391,0.015891,0.161055,-0.172284,0.027608
0.371742,-0.019861,0.181986,0.557016,0.091789,0.197770,0.565493,-0.117066,0.189269,0.177992,0.077344,0.174702,0.186469,-0.131511,0.166202,0.490710,0.140510,0.053124,0.455761,-0.159983,0.015767,0.227886,0.131356,0.015944,0.171098,-0.172165,0.031179
0.376530,-0.020185,0.182308,0.561772,0.091417,0.198778,0.570265,-0.117413,0.189689,0.182794,0.077042,0.174927,0.191287,-0.131788,0.165838,0.508283,0.141092,0.053571,0.456200,-0.160013,0.015776,0.228324,0.131342,0.015988,0.182533,-0.171960,0.034544
0.381481,-0.020380,0.182516,0.566695,0.091176,0.199606,0.575197,-0.117633,0.190074,0.187765,0.076873,0.174958,0.196267,-0.131936,0.165426,0.528388,0.141829,0.053327,0.456632,-0.160037,0.015736,0.228767,0.131333,0.016017,0.195727,-0.171631,0.036996
0.386684,-0.020380,0.182332,0.571894,0.091124,0.199810,0.580374,-0.117675,0.190018,0.192994,0.076915,0.174646,0.201475,-0.131884,0.164854,0.549514,0.142683,0.052022,0.457098,-0.160049,0.015789,0.229253,0.131362,0.016058,0.210748,-0.171087,0.037819
0.392124,-0.020008,0.181649,0.577349,0.091468,0.199145,0.585790,-0.117338,0.189490,0.198458,0.077322,0.173808,0.206900,-0.131484,0.164153,0.569683,0.143666,0.048371,0.457564,-0.160029,0.015861,0.229760,0.131418,0.016051,0.227589,-0.170303,0.036983
0.397873,-0.019058,0.180449,0.583149,0.092415,0.197403,0.591510,-0.116428,0.188515,0.204236,0.078312,0.172384,0.212596,-0.130532,0.163496,0.586581,0.144754,0.040579,0.458058,-0.159954,0.015941,0.230314,0.131539,0.015996,0.245852,-0.169300,0.035958
0.404034,-0.017471,0.178706,0.589393,0.094073,0.194229,0.597670,-0.114834,0.186872,0.210397,0.079891,0.170540,0.218674,-0.129016,0.163184,0.597871,0.145803,0.027234,0.458592,-0.159840,0.015990,0.230991,0.131665,0.015928,0.265192,-0.168199,0.035750
0.410503,-0.015108,0.176855,0.595952,0.096619,0.189772,0.604203,-0.112360,0.184845,0.216804,0.082144,0.168865,0.225055,-0.126836,0.163939,0.599524,0.146357,0.015899,0.459189,-0.159601,0.015933,0.231706,0.131837,0.015827,0.285200,-0.166945,0.036089
0.416695,-0.012934,0.176619,0.602170,0.098943,0.187740,0.610429,-0.110077,0.185067,0.222960,0.084210,0.168170,0.231219,-0.124810,0.165497,0.599895,0.146540,0.015861,0.459727,-0.159359,0.016020,0.232349,0.132018,0.015851,0.306416,-0.165665,0.035463
0.422798,-0.012009,0.176740,0.608290,0.099914,0.187091,0.616550,-0.109114,0.185226,0.229047,0.085097,0.168254,0.237306,-0.123932,0.166389,0.600343,0.146616,0.015801,0.460249,-0.159268,0.016009,0.232926,0.132097,0.015826,0.325237,-0.164744,0.031833
0.428864,-0.011971,0.176737,0.614364,0.099956,0.186888,0.622636,-0.109070,0.184801,0.235091,0.085128,0.168673,0.243363,-0.123897,0.166586,0.600828,0.146617,0.015806,0.460826,-0.159276,0.015985,0.233475,0.132078,0.015812,0.337249,-0.164253,0.024709
0.434731,-0.012634,0.176132,0.620234,0.099258,0.186617,0.628521,-0.109754,0.183489,0.240940,0.084486,0.168775,0.249228,-0.124526,0.165647,0.601314,0.146554,0.015855,0.461303,-0.159368,0.015923,0.233978,0.131990,0.015772,0.342184,-0.164090,0.015859
0.440289,-0.012632,0.176471,0.625795,0.099266,0.186819,0.634099,-0.109742,0.183445,0.246479,0.084477,0.169497,0.254782,-0.124531,0.166123,0.601786,0.146564,0.015864,0.463459,-0.159308,0.015927,0.234418,0.131971,0.015788,0.342661,-0.164105,0.015806
0.445389,-0.012241,0.176978,0.630909,0.099704,0.186539,0.639240,-0.109306,0.183413,0.251538,0.084824,0.170543,0.259868,-0.124187,0.167417,0.602214,0.146604,0.015867,0.476796,-0.158769,0.016071,0.235687,0.131997,0.015773,0.343150,-0.164091,0.015744
0.450386,-0.011259,0.177297,0.635900,0.100751,0.186209,0.644254,-0.108270,0.184013,0.256518,0.085752,0.170581,0.264872,-0.123269,0.168386,0.602614,0.146698,0.015956,0.496652,-0.157907,0.017285,0.241325,0.132260,0.015787,0.343630,-0.164006,0.015677
0.455490,-0.009649,0.177352,0.640988,0.102444,0.185535,0.649360,-0.106588,0.185003,0.261620,0.087289,0.169701,0.269993,-0.121742,0.169169,0.603032,0.146842,0.015938,0.515519,-0.157015,0.020029,0.249895,0.132698,0.015731,0.344122,-0.163869,0.015602
0.460682,-0.007637,0.177182,0.646158,0.104550,0.184518,0.654546,-0.104476,0.186136,0.266818,0.089202,0.168228,0.275206,-0.119824,0.169846,0.603460,0.147020,0.015944,0.531885,-0.156144,0.023540,0.258972,0.133195,0.015756,0.344636,-0.163719,0.015666
0.465839,-0.005405,0.176961,0.651313,0.106844,0.183354,0.659678,-0.102150,0.187358,0.272000,0.091339,0.166563,0.280366,-0.117655,0.170567,0.603867,0.147232,0.015932,0.545512,-0.155283,0.027225,0.267091,0.133750,0.015825,0.345105,-0.163525,0.015691
0.470905,-0.003069,0.176833,0.656398,0.109202,0.182203,0.664698,-0.099731,0.188741,0.277112,0.093593,0.164926,0.285412,-0.115340,0.171464,0.604297,0.147436,0.015896,0.556987,-0.154456,0.030967,0.274206,0.134321,0.015863,0.345570,-0.163331,0.015724
0.475803,-0.000679,0.176858,0.661322,0.111595,0.181166,0.669544,-0.097243,0.190321,0.282063,0.095885,0.163394,0.290285,-0.112953,0.172550,0.604718,0.147649,0.015874,0.566986,-0.153630,0.034746,0.280735,0.134909,0.016213,0.345999,-0.163161,0.015789
0.480515,0.001743,0.177085,0.666084,0.113969,0.180367,0.674176,-0.094743,0.192144,0.286853,0.098229,0.162026,0.294946,-0.110482,0.173803,0.605140,0.147878,0.015838,0.575771,-0.152781,0.038554,0.286860,0.135601,0.016980,0.346384,-0.162960,0.015791
0.485046,0.004122,0.177542,0.670682,0.116262,0.179845,0.678612,-0.092295,0.194195,0.291481,0.100538,0.160890,0.299411,-0.108018,0.175239,0.605563,0.148088,0.015785,0.583398,-0.151955,0.042317,0.292656,0.136346,0.018063,0.346732,-0.162781,0.015768
0.489395,0.006411,0.178220,0.675113,0.118429,0.179621,0.682849,-0.089954,0.196401,0.295941,0.102775,0.160039,0.303677,-0.105608,0.176818,0.605999,0.148294,0.015725,0.590031,-0.151143,0.045944,0.298246,0.137162,0.019370,0.347064,-0.162594,0.015764
0.493557,0.008564,0.179072,0.679348,0.120467,0.179658,0.686906,-0.087727,0.198701,0.300208,0.104855,0.159443,0.307766,-0.103339,0.178486,0.606384,0.148487,0.015651,0.595708,-0.150371,0.049316,0.303781,0.137958,0.020644,0.347346,-0.162454,0.015783
0.497555,0.010542,0.180043,0.683430,0.122308,0.179939,0.690789,-0.085699,0.201005,0.304320,0.106782,0.159082,0.311680,-0.101224,0.180148,0.606767,0.148662,0.015591,0.600763,-0.149639,0.052462,0.309313,0.138775,0.021889,0.347615,-0.162304,0.015843
0.501408,0.012304,0.181144,0.687352,0.123952,0.180530,0.694532,-0.083873,0.203373,0.308283,0.108481,0.158915,0.315463,-0.099344,0.181758,0.607137,0.148820,0.015747,0.605369,-0.148965,0.055429,0.314839,0.139530,0.023095,0.347863,-0.162206,0.015898
0.505150,0.013847,0.182391,0.691167,0.125373,0.181479,0.698153,-0.082289,0.205815,0.312146,0.109984,0.158968,0.319133,-0.097679,0.183304,0.607495,0.148931,0.015820,0.609888,-0.148326,0.058358,0.320354,0.140290,0.024519,0.348099,-0.162104,0.015940
0.508858,0.015194,0.183728,0.694927,0.126632,0.182663,0.701755,-0.080889,0.208224,0.315961,0.111277,0.159233,0.322789,-0.096244,0.184794,0.607845,0.149043,0.015891,0.614357,-0.147695,0.061165,0.326090,0.141020,0.026020,0.348328,-0.162014,0.015978
0.512566,0.016333,0.185106,0.698666,0.127717,0.184002,0.705373,-0.079683,0.210551,0.319758,0.112348,0.159661,0.326465,-0.095052,0.186210,0.608187,0.149122,0.015939,0.618861,-0.147107,0.063831,0.332117,0.141685,0.027588,0.348546,-0.161969,0.016015
