-0.019047,0.009960,0.363459,0.168192,0.119409,0.361594,0.173455,-0.089631,0.355356,-0.211549,0.109552,0.371563,-0.206286,-0.099489,0.365325,0.163198,0.170142,0.181512,0.152650,-0.130178,0.172338,-0.239342,0.158937,0.217407,-0.206878,-0.140051,0.199874
-0.026651,0.014933,0.365465,0.159896,0.125562,0.363928,0.166437,-0.083379,0.355834,-0.219740,0.113244,0.375097,-0.213199,-0.095697,0.367003,0.187782,0.179294,0.174129,0.177939,-0.122445,0.198888,-0.257374,0.163591,0.219730,-0.226378,-0.134304,0.178260
-0.032038,0.019852,0.362765,0.154715,0.130142,0.362025,0.160831,-0.078693,0.351284,-0.224907,0.118396,0.374247,-0.218791,-0.090439,0.363506,0.166953,0.186821,0.152224,0.186612,-0.116692,0.219552,-0.270891,0.172456,0.182202,-0.244516,-0.125931,0.153699
-0.037239,0.024857,0.356072,0.149796,0.134670,0.355713,0.155344,-0.074089,0.343314,-0.229822,0.123802,0.368829,-0.224274,-0.084957,0.356430,0.133810,0.193418,0.126279,0.181413,-0.111020,0.209927,-0.273228,0.182202,0.132988,-0.243575,-0.116381,0.110021
-0.043128,0.029917,0.345000,0.143990,0.139588,0.345155,0.149373,-0.069102,0.331595,-0.235629,0.128936,0.358405,-0.230246,-0.079755,0.344845,0.104250,0.199890,0.102516,0.175480,-0.104842,0.190811,-0.263593,0.191265,0.089249,-0.239096,-0.107861,0.072709
-0.049786,0.035067,0.329700,0.137158,0.145028,0.330932,0.142925,-0.063617,0.316845,-0.242496,0.133750,0.342555,-0.236730,-0.074895,0.328467,0.081502,0.206169,0.077555,0.170639,-0.098015,0.162712,-0.252008,0.198275,0.057950,-0.240954,-0.101301,0.042906
-0.056634,0.040169,0.310367,0.130142,0.150360,0.314061,0.136332,-0.058217,0.299159,-0.249600,0.138554,0.321575,-0.243410,-0.070023,0.306673,0.062441,0.212871,0.049046,0.162022,-0.090402,0.122262,-0.253205,0.204698,0.032330,-0.251480,-0.095261,0.018528
-0.062543,0.045988,0.291912,0.124146,0.156323,0.288098,0.130119,-0.052495,0.276957,-0.255205,0.144471,0.306868,-0.249232,-0.064346,0.295727,0.042849,0.214055,0.015851,0.145887,-0.087074,0.080088,-0.257905,0.205447,0.015974,-0.251009,-0.094988,0.015656
-0.064337,0.049099,0.279600,0.121400,0.159926,0.263461,0.127427,-0.048979,0.254137,-0.256101,0.147177,0.305063,-0.250073,-0.061728,0.295738,0.040885,0.214177,0.015695,0.114640,-0.085644,0.047620,-0.257748,0.205550,0.015911,-0.251080,-0.094768,0.015626
-0.064826,0.050186,0.270431,0.119834,0.161344,0.246232,0.125949,-0.047582,0.237455,-0.255601,0.147954,0.303407,-0.249486,-0.060972,0.294629,0.039865,0.214191,0.015869,0.086499,-0.085709,0.034248,-0.246752,0.205516,0.022688,-0.250978,-0.094806,0.015670
-0.064569,0.051138,0.261618,0.118821,0.162530,0.229975,0.124977,-0.046413,0.221650,-0.254114,0.148689,0.301586,-0.247958,-0.060254,0.293261,0.039102,0.214216,0.015927,0.075875,-0.086096,0.039198,-0.213940,0.206306,0.027322,-0.250780,-0.094782,0.015637
-0.063213,0.052605,0.252651,0.118813,0.164087,0.214193,0.125013,-0.044888,0.206746,-0.251439,0.150097,0.298557,-0.245240,-0.058878,0.291110,0.038557,0.214268,0.015992,0.073363,-0.086157,0.045049,-0.178455,0.207156,0.034923,-0.250452,-0.094714,0.015627
-0.060336,0.054510,0.243420,0.120384,0.165941,0.199095,0.126664,-0.043074,0.192926,-0.247336,0.152094,0.293914,-0.241056,-0.056921,0.287744,0.038259,0.214369,0.015989,0.074591,-0.085870,0.048667,-0.154121,0.207802,0.042648,-0.249970,-0.094648,0.015676
-0.056013,0.056484,0.233731,0.123662,0.167649,0.184738,0.129905,-0.041403,0.179937,-0.241931,0.154371,0.287525,-0.235688,-0.054681,0.282725,0.038267,0.214456,0.015971,0.076758,-0.085471,0.049231,-0.141551,0.208402,0.045763,-0.249295,-0.094439,0.015744
-0.050569,0.058250,0.223462,0.128346,0.169138,0.171169,0.134588,-0.039939,0.167632,-0.235725,0.156440,0.279292,-0.229483,-0.052637,0.275756,0.038541,0.214560,0.015944,0.080272,-0.085002,0.047345,-0.136327,0.208871,0.043608,-0.248423,-0.094283,0.015875
-0.044268,0.059568,0.212669,0.134230,0.170248,0.158542,0.140497,-0.038842,0.155937,-0.229033,0.157979,0.269400,-0.222766,-0.051111,0.266795,0.039049,0.214646,0.015901,0.086525,-0.084538,0.043917,-0.134777,0.209165,0.037677,-0.247395,-0.094199,0.015988
-0.037341,0.060301,0.201252,0.141132,0.170867,0.146811,0.147386,-0.038228,0.144603,-0.222068,0.158830,0.257900,-0.215814,-0.050265,0.255692,0.039775,0.214691,0.015861,0.094937,-0.084148,0.038343,-0.134170,0.209338,0.030081,-0.246233,-0.094116,0.015977
-0.029990,0.060396,0.188887,0.148761,0.171055,0.135560,0.155047,-0.038036,0.133089,-0.215028,0.158829,0.244685,-0.208742,-0.050262,0.242214,0.040685,0.214694,0.015891,0.103245,-0.083830,0.028353,-0.133152,0.209394,0.022134,-0.244804,-0.094145,0.015881
-0.022702,0.059799,0.174839,0.156635,0.170536,0.123684,0.162669,-0.038545,0.120002,-0.208074,0.158143,0.229676,-0.202039,-0.050938,0.225994,0.041778,0.214596,0.015828,0.105828,-0.083825,0.015708,-0.133019,0.209552,0.015768,-0.242893,-0.093892,0.015836
-0.016726,0.059624,0.160898,0.163573,0.170580,0.113757,0.169688,-0.038483,0.109264,-0.203141,0.157730,0.212532,-0.197026,-0.051332,0.208038,0.042808,0.214632,0.015847,0.106791,-0.083793,0.015774,-0.132018,0.209520,0.015764,-0.237553,-0.094055,0.024636
-0.011323,0.059900,0.148665,0.170441,0.170862,0.107549,0.176603,-0.038194,0.102811,-0.199249,0.157995,0.194518,-0.193087,-0.051061,0.189780,0.053825,0.214903,0.019421,0.107892,-0.083729,0.015852,-0.131163,0.209537,0.015635,-0.224277,-0.094001,0.037098
-0.005798,0.060089,0.137983,0.177429,0.171002,0.103821,0.183602,-0.038046,0.098762,-0.195198,0.158224,0.177204,-0.189026,-0.050824,0.172145,0.078304,0.215435,0.026290,0.108920,-0.083730,0.015963,-0.130415,0.209528,0.015696,-0.205136,-0.093739,0.046391
0.000281,0.060093,0.128778,0.184841,0.170959,0.102556,0.191032,-0.038072,0.096852,-0.190469,0.158257,0.160703,-0.184278,-0.050773,0.154999,0.109145,0.216071,0.034133,0.109874,-0.083752,0.015875,-0.129713,0.209498,0.015791,-0.184478,-0.093415,0.050505
0.007035,0.059996,0.121020,0.192648,0.170788,0.103296,0.198880,-0.038215,0.096700,-0.184810,0.158206,0.145340,-0.178577,-0.050797,0.138745,0.139324,0.216628,0.041932,0.110747,-0.083783,0.015828,-0.129013,0.209447,0.015907,-0.165422,-0.093107,0.050316
0.014350,0.059864,0.114830,0.200649,0.170512,0.105297,0.206912,-0.038456,0.097680,-0.178213,0.158184,0.131980,-0.171949,-0.050784,0.124363,0.164254,0.216973,0.049008,0.111577,-0.083828,0.015782,-0.128255,0.209410,0.015981,-0.148921,-0.092807,0.047910
0.021995,0.059772,0.110412,0.208633,0.170230,0.107916,0.214925,-0.038701,0.099368,-0.170936,0.158246,0.121457,-0.164644,-0.050685,0.112908,0.182291,0.217214,0.052462,0.112324,-0.083877,0.015743,-0.127423,0.209378,0.016046,-0.134418,-0.092481,0.044409
0.029780,0.059835,0.107532,0.216530,0.170099,0.110321,0.222836,-0.038807,0.101184,-0.163276,0.158477,0.113881,-0.156969,-0.050428,0.104743,0.193909,0.217648,0.048189,0.113045,-0.083902,0.015833,-0.126500,0.209384,0.015970,-0.121465,-0.092046,0.040175
0.037626,0.060238,0.105845,0.224387,0.170357,0.111791,0.230685,-0.038557,0.102840,-0.155433,0.159033,0.108850,-0.149135,-0.049881,0.099898,0.199388,0.218451,0.033939,0.113742,-0.083871,0.015950,-0.125433,0.209434,0.015862,-0.110208,-0.091465,0.035620
0.045471,0.061260,0.105099,0.232255,0.171284,0.112014,0.238471,-0.037695,0.104678,-0.147528,0.160216,0.105520,-0.141313,-0.048763,0.098184,0.197651,0.219137,0.015618,0.114375,-0.083772,0.016008,-0.124271,0.209557,0.015747,-0.100198,-0.090641,0.029898
0.052900,0.062000,0.107188,0.239544,0.171925,0.118231,0.245769,-0.037091,0.112055,-0.139969,0.161091,0.102321,-0.133743,-0.047925,0.096144,0.198545,0.219221,0.015800,0.114748,-0.083644,0.015952,-0.123116,0.209640,0.015796,-0.087455,-0.089689,0.016711
0.060332,0.062349,0.112951,0.246514,0.172091,0.131241,0.252745,-0.036940,0.125605,-0.132080,0.161639,0.100297,-0.125849,-0.047392,0.094662,0.199412,0.219285,0.015834,0.114892,-0.083583,0.016031,-0.121872,0.209705,0.015918,-0.086329,-0.089581,0.016040
0.067309,0.062616,0.121541,0.252591,0.172190,0.148104,0.258848,-0.036853,0.142986,-0.124229,0.162086,0.100095,-0.117972,-0.046958,0.094977,0.200215,0.219344,0.015852,0.118449,-0.083436,0.016177,-0.121178,0.209611,0.020471,-0.085102,-0.089523,0.015935
0.073752,0.062696,0.131407,0.257615,0.172043,0.167170,0.263880,-0.037006,0.162264,-0.116375,0.162399,0.100549,-0.110110,-0.046650,0.095643,0.201009,0.219381,0.015811,0.129292,-0.083153,0.018694,-0.119980,0.209172,0.040960,-0.083830,-0.089473,0.015867
0.079703,0.062773,0.141991,0.261828,0.171900,0.186298,0.268083,-0.037154,0.181600,-0.108676,0.162699,0.102381,-0.102421,-0.046354,0.097683,0.201840,0.219419,0.015754,0.145411,-0.082714,0.021768,-0.114173,0.208838,0.065839,-0.082564,-0.089402,0.015824
0.085213,0.062889,0.152692,0.265464,0.171866,0.204408,0.271731,-0.037193,0.199974,-0.101306,0.162971,0.105410,-0.095039,-0.046088,0.100976,0.202680,0.219462,0.015916,0.163897,-0.082198,0.025146,-0.105124,0.208641,0.091119,-0.081438,-0.089356,0.015881
0.090479,0.063036,0.163331,0.268902,0.171906,0.221243,0.275174,-0.037159,0.217087,-0.094216,0.163231,0.109574,-0.087944,-0.045834,0.105419,0.203556,0.219506,0.015927,0.185886,-0.081561,0.028130,-0.095582,0.208652,0.110463,-0.080479,-0.089311,0.015966
0.095697,0.063137,0.173846,0.272503,0.171912,0.236687,0.278776,-0.037156,0.232708,-0.087381,0.163430,0.114984,-0.081108,-0.045638,0.111006,0.204464,0.219550,0.015961,0.211093,-0.080819,0.030593,-0.088745,0.208851,0.115844,-0.079720,-0.089267,0.015964
0.100904,0.063248,0.183846,0.276363,0.171961,0.250455,0.282634,-0.037110,0.246646,-0.080825,0.163606,0.121046,-0.074555,-0.045466,0.117238,0.205387,0.219583,0.015899,0.239517,-0.080001,0.033629,-0.082188,0.209028,0.121870,-0.079139,-0.089236,0.015936
0.106202,0.063360,0.193193,0.280719,0.172043,0.262282,0.286991,-0.037031,0.258599,-0.074587,0.163751,0.127786,-0.068314,-0.045322,0.124104,0.206330,0.219628,0.015877,0.270097,-0.079111,0.036950,-0.075950,0.209174,0.128585,-0.078737,-0.089207,0.015911
0.111732,0.063478,0.201712,0.285822,0.172169,0.271855,0.292099,-0.036906,0.268282,-0.068636,0.163863,0.135142,-0.062359,-0.045212,0.131569,0.207276,0.219663,0.015881,0.301789,-0.078199,0.040482,-0.070000,0.209286,0.135921,-0.078508,-0.089197,0.015896
0.117640,0.063614,0.209210,0.291890,0.172347,0.278890,0.298168,-0.036730,0.275404,-0.062889,0.163958,0.143017,-0.056610,-0.045119,0.139531,0.208205,0.219696,0.015812,0.333579,-0.077294,0.044530,-0.064254,0.209381,0.143778,-0.078422,-0.089190,0.015889
0.124066,0.063866,0.215434,0.299093,0.172712,0.282957,0.305376,-0.036367,0.279631,-0.057243,0.164099,0.151236,-0.050960,-0.044980,0.147910,0.209050,0.219730,0.015877,0.364306,-0.076400,0.048683,-0.058608,0.209522,0.151963,-0.078457,-0.089183,0.015892
0.131137,0.064299,0.220159,0.307504,0.173335,0.283775,0.313792,-0.035749,0.280730,-0.051518,0.164346,0.159588,-0.045230,-0.044737,0.156543,0.209786,0.219771,0.015959,0.392041,-0.075540,0.051984,-0.052885,0.209771,0.160256,-0.078566,-0.089167,0.015901
0.138889,0.064924,0.223126,0.317018,0.174206,0.281167,0.323308,-0.034883,0.278529,-0.045529,0.164732,0.167723,-0.039240,-0.044357,0.165085,0.210366,0.219817,0.016000,0.414349,-0.074764,0.052224,-0.046896,0.210157,0.168302,-0.078724,-0.089137,0.015911
0.147264,0.065704,0.224046,0.327403,0.175259,0.274928,0.333695,-0.033836,0.272796,-0.039166,0.165244,0.175297,-0.032875,-0.043850,0.173165,0.210797,0.219863,0.016014,0.429660,-0.074124,0.047541,-0.040534,0.210671,0.175765,-0.078873,-0.089104,0.015920
0.156116,0.066557,0.222709,0.338347,0.176379,0.264805,0.344650,-0.032720,0.263209,-0.032418,0.165834,0.182209,-0.026115,-0.043265,0.180613,0.211096,0.219915,0.016012,0.437430,-0.073666,0.036699,-0.032923,0.211331,0.176856,-0.079009,-0.089075,0.015939
0.165332,0.067215,0.219298,0.349455,0.177232,0.251486,0.355772,-0.031869,0.250221,-0.025108,0.166299,0.188375,-0.018791,-0.042802,0.187109,0.211353,0.219957,0.016002,0.436987,-0.073485,0.018559,-0.022815,0.211941,0.171542,-0.079095,-0.089059,0.015934
0.174325,0.067923,0.215139,0.359732,0.178063,0.238258,0.366033,-0.031041,0.237395,-0.017383,0.166886,0.192884,-0.011082,-0.042218,0.192020,0.211722,0.219991,0.015997,0.436526,-0.073472,0.015860,-0.008528,0.212760,0.159804,-0.079078,-0.089010,0.015920
0.182483,0.068665,0.212132,0.368544,0.178888,0.228660,0.374845,-0.030216,0.228268,-0.009880,0.167545,0.195996,-0.003578,-0.041559,0.195604,0.212161,0.220046,0.015966,0.436191,-0.073440,0.015913,0.010957,0.213743,0.143212,-0.079010,-0.088966,0.015916
0.190221,0.069191,0.209788,0.376668,0.179451,0.220811,0.382968,-0.029654,0.220709,-0.002526,0.168036,0.198868,0.003774,-0.041069,0.198765,0.212653,0.220080,0.015935,0.436012,-0.073426,0.015917,0.033731,0.214634,0.127378,-0.078955,-0.088942,0.015909
0.197702,0.069633,0.207685,0.384369,0.179908,0.213700,0.390669,-0.029197,0.213813,0.004736,0.168464,0.201557,0.011035,-0.040641,0.201671,0.213168,0.220113,0.015886,0.435921,-0.073413,0.015928,0.057998,0.215492,0.113467,-0.078922,-0.088923,0.015903
0.205065,0.070023,0.205750,0.391824,0.180297,0.206988,0.398123,-0.028808,0.207274,0.012007,0.168853,0.204225,0.018305,-0.040252,0.204511,0.213703,0.220141,0.015813,0.435905,-0.073402,0.015924,0.082182,0.216297,0.101194,-0.078917,-0.088909,0.015900
0.212414,0.070374,0.204045,0.399149,0.180639,0.200524,0.405449,-0.028465,0.200946,0.019379,0.169212,0.207144,0.025678,-0.039892,0.207566,0.214262,0.220168,0.015785,0.435948,-0.073390,0.015922,0.104888,0.217022,0.089623,-0.078963,-0.088902,0.015898
0.219821,0.070705,0.202589,0.406410,0.180952,0.194132,0.412708,-0.028153,0.194676,0.026933,0.169564,0.210502,0.033232,-0.039541,0.211045,0.214851,0.220189,0.015770,0.436046,-0.073385,0.015920,0.125135,0.217647,0.077743,-0.079082,-0.088902,0.015901
0.227298,0.071051,0.201231,0.413599,0.181267,0.187617,0.419898,-0.027837,0.188286,0.034698,0.169938,0.214176,0.040996,-0.039166,0.214845,0.215450,0.220219,0.015826,0.436186,-0.073369,0.015916,0.142240,0.218172,0.065077,-0.079275,-0.088896,0.015905
0.234831,0.071442,0.199613,0.420698,0.181612,0.180723,0.426997,-0.027491,0.181567,0.042665,0.170374,0.217659,0.048963,-0.038729,0.218502,0.216068,0.220255,0.015882,0.436367,-0.073348,0.015911,0.155754,0.218584,0.052069,-0.079492,-0.088887,0.015905
0.242286,0.071882,0.197176,0.427599,0.181988,0.173155,0.433897,-0.027114,0.174240,0.050675,0.170879,0.220113,0.056973,-0.038223,0.221197,0.216689,0.220291,0.015906,0.436567,-0.073326,0.015900,0.165438,0.218871,0.039700,-0.079664,-0.088875,0.015904
0.249328,0.072374,0.193180,0.434035,0.182400,0.164566,0.440340,-0.026700,0.165979,0.058316,0.171448,0.220381,0.064621,-0.037652,0.221794,0.217292,0.220332,0.015898,0.436754,-0.073294,0.015886,0.171848,0.219044,0.028046,-0.079524,-0.088862,0.015786
0.255684,0.073029,0.186925,0.439819,0.182952,0.154487,0.446154,-0.026142,0.156473,0.065214,0.172200,0.217378,0.071549,-0.036895,0.219363,0.217879,0.220385,0.015935,0.436911,-0.073230,0.015877,0.173827,0.219053,0.016213,-0.074715,-0.088732,0.015844
0.261131,0.073545,0.178607,0.444782,0.183334,0.143110,0.451109,-0.025756,0.145610,0.071153,0.172847,0.211604,0.077480,-0.036243,0.214104,0.220726,0.220507,0.015939,0.437039,-0.073207,0.015865,0.174482,0.219107,0.015892,-0.062659,-0.088270,0.020725
0.266269,0.073790,0.169477,0.449857,0.183529,0.133509,0.456178,-0.025557,0.136222,0.076360,0.173137,0.202731,0.082680,-0.035950,0.205444,0.231589,0.220880,0.015970,0.437306,-0.073164,0.015910,0.175122,0.219173,0.015899,-0.040478,-0.087389,0.032739
0.271669,0.073986,0.159623,0.455742,0.183766,0.126353,0.462090,-0.025317,0.129294,0.081248,0.173289,0.189952,0.087597,-0.035794,0.192893,0.248379,0.221458,0.020590,0.437825,-0.073125,0.015838,0.175782,0.219187,0.015876,-0.008801,-0.086323,0.041620
0.277558,0.073969,0.149387,0.462537,0.183880,0.122115,0.468898,-0.025204,0.124991,0.086219,0.173141,0.173782,0.092580,-0.035942,0.176658,0.267795,0.222159,0.029707,0.438546,-0.073102,0.015933,0.176409,0.219190,0.015939,0.027086,-0.085218,0.045218
0.284024,0.073740,0.139413,0.470031,0.183843,0.121531,0.476389,-0.025246,0.123962,0.091660,0.172726,0.154865,0.098017,-0.036363,0.157296,0.290746,0.222907,0.039050,0.439412,-0.073100,0.016001,0.176989,0.219179,0.015892,0.061301,-0.084236,0.046985
0.291155,0.073381,0.130427,0.477842,0.183653,0.125012,0.484185,-0.025445,0.126697,0.098125,0.172207,0.134156,0.104468,-0.036890,0.135842,0.317380,0.223618,0.045647,0.440348,-0.073139,0.016021,0.177477,0.219133,0.015804,0.090169,-0.083492,0.049483
0.298981,0.073109,0.123284,0.485478,0.183442,0.132576,0.491807,-0.025660,0.133470,0.106154,0.171878,0.113098,0.112483,-0.037225,0.113992,0.345313,0.224313,0.048849,0.441235,-0.073165,0.015956,0.177904,0.219104,0.015732,0.112237,-0.082972,0.051204
0.307223,0.073036,0.119008,0.492300,0.183331,0.143964,0.498631,-0.025773,0.144328,0.115816,0.171846,0.093689,0.122146,-0.037258,0.094053,0.373423,0.225039,0.049897,0.442021,-0.073182,0.015839,0.178351,0.219074,0.015657,0.128416,-0.082615,0.050707
0.315331,0.073151,0.118471,0.497749,0.183334,0.158774,0.504069,-0.025770,0.158889,0.126592,0.172071,0.078052,0.132912,-0.037033,0.078167,0.401248,0.225829,0.050973,0.442693,-0.073175,0.015781,0.178917,0.219089,0.015676,0.141077,-0.082274,0.048067
0.322667,0.073339,0.121776,0.501522,0.183417,0.175950,0.507850,-0.025687,0.176018,0.137484,0.172366,0.067534,0.143812,-0.036739,0.067602,0.427282,0.226602,0.053246,0.443308,-0.073162,0.015831,0.179812,0.219101,0.015816,0.152246,-0.081962,0.044298
0.328788,0.073578,0.128238,0.503757,0.183569,0.194031,0.510089,-0.025535,0.194175,0.147487,0.172691,0.062301,0.153818,-0.036414,0.062445,0.449422,0.227298,0.054349,0.443920,-0.073132,0.015812,0.181112,0.219148,0.016090,0.162945,-0.081624,0.039527
0.333724,0.073717,0.136669,0.505170,0.183619,0.211295,0.511517,-0.025484,0.211434,0.155931,0.172919,0.061904,0.162278,-0.036185,0.062043,0.466049,0.227796,0.050436,0.444529,-0.073119,0.015870,0.182766,0.219174,0.016138,0.173448,-0.081337,0.032520
0.338120,0.073618,0.145620,0.507035,0.183322,0.226080,0.513396,-0.025781,0.225864,0.162843,0.173017,0.065376,0.169204,-0.036086,0.065159,0.476573,0.228057,0.041816,0.445178,-0.073110,0.015924,0.184547,0.219199,0.016073,0.184026,-0.081060,0.020261
0.342460,0.073540,0.154134,0.510732,0.182967,0.236301,0.516837,-0.026144,0.235969,0.168083,0.173224,0.072299,0.174187,-0.035887,0.071968,0.479010,0.227838,0.029041,0.445784,-0.073339,0.015908,0.185952,0.219304,0.015861,0.186630,-0.080905,0.016060
0.347645,0.074146,0.161647,0.516548,0.183703,0.242334,0.522362,-0.025416,0.242903,0.172928,0.173708,0.080391,0.178742,-0.035410,0.080960,0.474089,0.227374,0.015875,0.451433,-0.073471,0.016536,0.187057,0.219393,0.015772,0.187452,-0.080813,0.015884
0.352988,0.074671,0.169014,0.522159,0.184398,0.248903,0.527968,-0.024719,0.249916,0.178009,0.174060,0.088112,0.183817,-0.035057,0.089125,0.474839,0.227423,0.015851,0.467169,-0.072985,0.020798,0.182655,0.219405,0.036113,0.188166,-0.080759,0.015910
0.358195,0.074999,0.177049,0.527402,0.184799,0.256761,0.533224,-0.024317,0.257934,0.183166,0.174315,0.096163,0.188988,-0.034801,0.097336,0.475649,0.227476,0.015910,0.486456,-0.072387,0.026158,0.181806,0.219605,0.071185,0.188693,-0.080734,0.015870
0.363440,0.075321,0.185873,0.532790,0.185184,0.265193,0.538618,-0.023931,0.266512,0.188261,0.174573,0.105233,0.194089,-0.034542,0.106552,0.476517,0.227512,0.015864,0.511078,-0.071649,0.031511,0.186995,0.220005,0.104949,0.188995,-0.080724,0.015823
0.368995,0.075546,0.195117,0.538767,0.185428,0.273505,0.544605,-0.023686,0.274836,0.193385,0.174779,0.115398,0.199223,-0.034336,0.116729,0.477433,0.227544,0.015923,0.540280,-0.070794,0.036375,0.192116,0.220210,0.115113,0.189112,-0.080729,0.015835
0.374892,0.075808,0.203790,0.545341,0.185712,0.280663,0.551178,-0.023402,0.282033,0.198607,0.175017,0.125546,0.204444,-0.034097,0.126916,0.478370,0.227577,0.015943,0.572047,-0.069863,0.041716,0.197339,0.220448,0.125250,0.189120,-0.080721,0.015831
0.381177,0.076103,0.211398,0.552696,0.186050,0.285788,0.558540,-0.023063,0.287223,0.203814,0.175269,0.135572,0.209658,-0.033844,0.137007,0.479271,0.227615,0.015901,0.604078,-0.068907,0.047059,0.202544,0.220701,0.135264,0.189025,-0.080721,0.015842
0.387976,0.076460,0.217652,0.560999,0.186465,0.288382,0.566840,-0.022647,0.289946,0.209111,0.175567,0.145358,0.214952,-0.033545,0.146921,0.480101,0.227636,0.015801,0.634984,-0.067991,0.052222,0.207842,0.220998,0.145023,0.188869,-0.080723,0.015854
0.395384,0.076939,0.222331,0.570303,0.187026,0.288098,0.576139,-0.022085,0.289881,0.214628,0.175962,0.154781,0.220465,-0.033149,0.156564,0.480797,0.227677,0.015853,0.662712,-0.067129,0.056283,0.213360,0.221393,0.154399,0.188677,-0.080705,0.015869
0.403424,0.077536,0.225245,0.580517,0.187724,0.284724,0.586352,-0.021384,0.286835,0.220496,0.176455,0.163654,0.226332,-0.032653,0.165765,0.481348,0.227713,0.015884,0.684904,-0.066421,0.057288,0.219228,0.221885,0.163202,0.188475,-0.080692,0.015877
0.412017,0.078238,0.226111,0.591432,0.188507,0.277994,0.597253,-0.020596,0.280523,0.226781,0.177071,0.171699,0.232601,-0.032032,0.174229,0.481755,0.227755,0.015918,0.700139,-0.065955,0.052995,0.225516,0.222501,0.171152,0.188300,-0.080652,0.015891
0.421020,0.078922,0.224768,0.602745,0.189243,0.267740,0.608571,-0.019855,0.270690,0.233469,0.177700,0.178847,0.239294,-0.031398,0.181797,0.482043,0.227799,0.015948,0.707916,-0.065779,0.042522,0.232924,0.223077,0.173200,0.188155,-0.080636,0.015892
0.430329,0.079380,0.221373,0.614127,0.189672,0.254467,0.619969,-0.019423,0.257647,0.240689,0.178183,0.185099,0.246531,-0.030911,0.188279,0.482305,0.227834,0.015956,0.707523,-0.065994,0.024571,0.242672,0.223465,0.168899,0.188081,-0.080639,0.015894
0.439705,0.079556,0.216700,0.625064,0.189743,0.239978,0.630910,-0.019351,0.243142,0.248500,0.178462,0.190259,0.254346,-0.030632,0.193423,0.482661,0.227845,0.015967,0.705570,-0.066176,0.015833,0.256412,0.223683,0.158981,0.188105,-0.080644,0.015891
0.448162,0.079952,0.213120,0.634324,0.190063,0.229259,0.640160,-0.019029,0.232630,0.256164,0.178933,0.193610,0.262000,-0.030158,0.196981,0.483124,0.227877,0.015962,0.705085,-0.066185,0.015853,0.275151,0.224137,0.143999,0.188183,-0.080612,0.015878
0.455994,0.080282,0.210439,0.642591,0.190325,0.221076,0.648426,-0.018764,0.224601,0.263561,0.179329,0.196278,0.269396,-0.029760,0.199802,0.483631,0.227905,0.015958,0.704841,-0.066182,0.015853,0.297251,0.224610,0.129069,0.188272,-0.080598,0.015876
0.463536,0.080532,0.208134,0.650386,0.190506,0.213992,0.656223,-0.018582,0.217593,0.270850,0.179646,0.198676,0.276687,-0.029441,0.202277,0.484162,0.227928,0.015943,0.704721,-0.066177,0.015862,0.320638,0.225088,0.116072,0.188355,-0.080592,0.015870
0.470923,0.080769,0.206053,0.657902,0.190670,0.207463,0.663739,-0.018417,0.211126,0.278108,0.179954,0.200980,0.283945,-0.029133,0.204643,0.484715,0.227954,0.015927,0.704681,-0.066169,0.015862,0.343960,0.225579,0.104639,0.188408,-0.080581,0.015866
0.478273,0.080982,0.204264,0.665279,0.190808,0.201358,0.671115,-0.018278,0.205052,0.285432,0.180243,0.203475,0.291268,-0.028843,0.207170,0.485282,0.227981,0.015868,0.704711,-0.066158,0.015863,0.366179,0.226035,0.093868,0.188414,-0.080569,0.015862
0.485668,0.081173,0.202794,0.672599,0.190919,0.195454,0.678436,-0.018167,0.199162,0.292900,0.180513,0.206426,0.298737,-0.028573,0.210134,0.485879,0.227994,0.015809,0.704807,-0.066157,0.015861,0.386578,0.226410,0.082783,0.188355,-0.080575,0.015863
0.493129,0.081415,0.201476,0.679866,0.191068,0.189366,0.685703,-0.018016,0.193130,0.300555,0.180847,0.209822,0.306392,-0.028238,0.213586,0.486493,0.228019,0.015754,0.704943,-0.066146,0.015855,0.404824,0.226727,0.070650,0.188214,-0.080572,0.015866
0.500657,0.081696,0.200063,0.687066,0.191242,0.182955,0.692903,-0.017841,0.186827,0.308411,0.181232,0.213298,0.314248,-0.027850,0.217170,0.487106,0.228039,0.015819,0.705115,-0.066142,0.015850,0.420317,0.226947,0.057494,0.188019,-0.080578,0.015870
0.508177,0.082020,0.198090,0.694127,0.191444,0.175956,0.699964,-0.017636,0.179984,0.316390,0.181675,0.216196,0.322226,-0.027405,0.220224,0.487730,0.228075,0.015867,0.705309,-0.066124,0.015853,0.432228,0.227073,0.044313,0.187831,-0.080569,0.015868
0.515449,0.082355,0.194858,0.700856,0.191649,0.168025,0.706692,-0.017427,0.172261,0.324205,0.182138,0.217455,0.330041,-0.026938,0.221692,0.488345,0.228112,0.015905,0.705496,-0.066107,0.015848,0.440342,0.227097,0.031918,0.187755,-0.080556,0.015904
0.522118,0.082756,0.189616,0.706975,0.191939,0.158824,0.712849,-0.017128,0.163427,0.331386,0.182640,0.215805,0.337261,-0.026427,0.220408,0.488953,0.228146,0.015963,0.705664,-0.066059,0.015835,0.444524,0.226986,0.019956,0.191126,-0.080517,0.015790
0.528054,0.083155,0.182069,0.712533,0.192146,0.148461,0.718351,-0.016912,0.153521,0.337757,0.183221,0.210617,0.343575,-0.025837,0.215677,0.490664,0.228245,0.015960,0.705818,-0.066075,0.015812,0.445245,0.226979,0.015861,0.202709,-0.080065,0.016251
0.533485,0.083307,0.173163,0.717735,0.192312,0.138362,0.723661,-0.016735,0.143737,0.343310,0.183350,0.202589,0.349236,-0.025697,0.207964,0.498812,0.228445,0.016075,0.706039,-0.066007,0.015824,0.445990,0.226944,0.015927,0.217698,-0.079462,0.030907
0.538864,0.083279,0.163697,0.723334,0.192345,0.130285,0.729295,-0.016699,0.135739,0.348433,0.183256,0.191655,0.354394,-0.025788,0.197109,0.511410,0.228859,0.018078,0.706437,-0.065962,0.015840,0.446618,0.226955,0.015939,0.245712,-0.078400,0.042689
0.544565,0.083124,0.153874,0.729707,0.192338,0.124960,0.735669,-0.016708,0.130340,0.353461,0.182957,0.177408,0.359423,-0.026089,0.182789,0.529627,0.229551,0.025362,0.707056,-0.065952,0.015932,0.447237,0.226960,0.015982,0.281023,-0.077280,0.047919
0.550812,0.082792,0.143999,0.736866,0.192264,0.122996,0.742824,-0.016791,0.128011,0.358800,0.182376,0.159987,0.364758,-0.026679,0.165002,0.550601,0.230329,0.035146,0.707844,-0.065957,0.016002,0.447813,0.226939,0.015950,0.316647,-0.076312,0.049120
0.557702,0.082294,0.134638,0.744506,0.192065,0.124833,0.750446,-0.017007,0.129133,0.364958,0.181596,0.140143,0.370899,-0.027476,0.144443,0.575595,0.231059,0.042934,0.708723,-0.065998,0.015976,0.448300,0.226886,0.015898,0.348225,-0.075530,0.050501
0.565301,0.081821,0.126625,0.752171,0.191842,0.130656,0.758100,-0.017247,0.134064,0.372502,0.180890,0.119185,0.378431,-0.028199,0.122593,0.603252,0.231734,0.047280,0.709612,-0.066020,0.015997,0.448706,0.226839,0.015805,0.373263,-0.074967,0.052212
0.573475,0.081541,0.120993,0.759303,0.191698,0.140338,0.765221,-0.017401,0.143014,0.381728,0.180483,0.098971,0.387646,-0.028616,0.101647,0.631488,0.232383,0.048927,0.710429,-0.066050,0.015875,0.449100,0.226797,0.015746,0.391663,-0.074602,0.052596
0.581739,0.081507,0.118826,0.765274,0.191715,0.153618,0.771183,-0.017390,0.155864,0.392296,0.180403,0.081788,0.398205,-0.028701,0.084033,0.659618,0.233085,0.049782,0.711157,-0.066061,0.015814,0.449554,0.226782,0.015668,0.405491,-0.074324,0.050707
0.589489,0.081615,0.120618,0.769696,0.191839,0.169784,0.775614,-0.017268,0.171811,0.403364,0.180499,0.069425,0.409282,-0.028608,0.071451,0.686753,0.233817,0.051718,0.711809,-0.066056,0.015743,0.450274,0.226776,0.015702,0.417141,-0.074089,0.047346
0.596193,0.081827,0.125919,0.772553,0.192063,0.187452,0.778486,-0.017043,0.189442,0.413901,0.180697,0.062395,0.419833,-0.028409,0.064385,0.710716,0.234507,0.053795,0.712431,-0.066040,0.015791,0.451417,0.226790,0.015902,0.428049,-0.073850,0.043033
0.601615,0.082060,0.133667,0.774235,0.192322,0.204983,0.780203,-0.016783,0.206999,0.423027,0.180903,0.060335,0.428995,-0.028202,0.062352,0.729545,0.235042,0.051983,0.713068,-0.066013,0.015847,0.452965,0.226801,0.016108,0.438669,-0.073641,0.037088
0.606139,0.082144,0.142459,0.775851,0.192322,0.220561,0.781833,-0.016784,0.222372,0.430445,0.181072,0.062547,0.436428,-0.028035,0.064357,0.742398,0.235314,0.044880,0.713714,-0.065992,0.015872,0.454705,0.226833,0.016019,0.449056,-0.073465,0.027241
0.610517,0.081942,0.150912,0.778614,0.191839,0.232809,0.784544,-0.017273,0.234051,0.436489,0.181156,0.067773,0.442420,-0.027956,0.069015,0.748574,0.235276,0.034116,0.714369,-0.066028,0.015895,0.456356,0.226881,0.015948,0.456724,-0.073337,0.015586
0.615601,0.082270,0.158473,0.784012,0.191935,0.240034,0.789289,-0.017189,0.242028,0.441912,0.181728,0.074918,0.447189,-0.027396,0.076912,0.744583,0.234283,0.017300,0.714981,-0.066687,0.015868,0.457741,0.227031,0.015811,0.457702,-0.073179,0.015869
0.620918,0.082796,0.165623,0.789729,0.192637,0.246116,0.795021,-0.016482,0.248529,0.446816,0.182074,0.082718,0.452107,-0.027045,0.085131,0.745393,0.234325,0.015826,0.725283,-0.066364,0.018973,0.455315,0.227088,0.024805,0.458505,-0.073149,0.015916
0.626031,0.083149,0.173362,0.794803,0.193052,0.253851,0.800093,-0.016065,0.256428,0.451968,0.182363,0.090296,0.457259,-0.026754,0.092874,0.746182,0.234357,0.015859,0.742953,-0.065845,0.023881,0.452173,0.227405,0.055277,0.459133,-0.073124,0.015869
0.631085,0.083548,0.181891,0.799860,0.193530,0.262267,0.805154,-0.015584,0.265043,0.457017,0.182679,0.098740,0.462311,-0.026435,0.101516,0.747013,0.234390,0.015876,0.765334,-0.065188,0.029472,0.455563,0.228044,0.093686,0.459522,-0.073112,0.015818
0.636335,0.083841,0.191187,0.805387,0.193833,0.270965,0.810674,-0.015282,0.273782,0.461997,0.182964,0.108592,0.467283,-0.026150,0.111409,0.747920,0.234413,0.015910,0.793752,-0.064397,0.034801,0.460849,0.228396,0.107982,0.459703,-0.073098,0.015824
0.641869,0.084143,0.200288,0.811379,0.194148,0.279068,0.816670,-0.014966,0.281915,0.467067,0.183251,0.118660,0.472358,-0.025863,0.121508,0.748855,0.234452,0.015960,0.825233,-0.063506,0.040432,0.465917,0.228682,0.118045,0.459754,-0.073089,0.015822
0.647761,0.084484,0.208556,0.818093,0.194516,0.285506,0.823379,-0.014597,0.288446,0.472143,0.183565,0.128666,0.477430,-0.025548,0.131606,0.749787,0.234468,0.015944,0.857025,-0.062624,0.046043,0.470995,0.228996,0.128031,0.459695,-0.073093,0.015819
0.654088,0.084873,0.215634,0.825671,0.194943,0.289695,0.830962,-0.014168,0.292756,0.477214,0.183914,0.138512,0.482505,-0.025197,0.141574,0.750671,0.234506,0.015869,0.888182,-0.061722,0.051474,0.476065,0.229345,0.137852,0.459555,-0.073088,0.015832
