0.003983,-0.002285,0.334933,0.195107,0.100245,0.334692,0.192801,-0.108889,0.329995,-0.184836,0.104319,0.339870,-0.187142,-0.104815,0.335173,0.210310,0.149398,0.162995,0.182038,-0.150591,0.167737,-0.182802,0.153796,0.160194,-0.197994,-0.146584,0.175958
0.006397,-0.003914,0.320156,0.197602,0.098454,0.321770,0.195088,-0.110437,0.310679,-0.182293,0.102609,0.329633,-0.184808,-0.106282,0.318542,0.222172,0.153388,0.138844,0.185640,-0.147052,0.145144,-0.212454,0.158180,0.147111,-0.151034,-0.141918,0.124777
0.009811,-0.005167,0.301880,0.200335,0.098475,0.301519,0.199027,-0.110300,0.288253,-0.179404,0.099966,0.315508,-0.180712,-0.108809,0.302242,0.203107,0.156948,0.097759,0.183357,-0.144956,0.118476,-0.192572,0.160309,0.083879,-0.116132,-0.139866,0.067906
0.013493,-0.006056,0.279128,0.202837,0.099687,0.276265,0.203698,-0.109133,0.263694,-0.176713,0.097021,0.294563,-0.175852,-0.111799,0.281991,0.176446,0.158028,0.061707,0.186859,-0.144256,0.089630,-0.157318,0.158445,0.031920,-0.112713,-0.141423,0.022058
0.016663,-0.005497,0.257106,0.205501,0.100657,0.246500,0.206293,-0.108157,0.233820,-0.172968,0.097163,0.280392,-0.172176,-0.111651,0.267712,0.154500,0.159499,0.024159,0.192439,-0.142997,0.056851,-0.147598,0.158859,0.015826,-0.111872,-0.141665,0.015899
0.021511,-0.004358,0.238770,0.208870,0.102298,0.215061,0.209388,-0.106533,0.202662,-0.166366,0.097817,0.274877,-0.165848,-0.111015,0.262478,0.153713,0.159509,0.016031,0.171277,-0.141214,0.018337,-0.136441,0.158807,0.015744,-0.111118,-0.141770,0.015909
0.027348,-0.002922,0.222939,0.213327,0.104186,0.191621,0.213948,-0.104674,0.179719,-0.159253,0.098830,0.266160,-0.158631,-0.110030,0.254258,0.153301,0.159544,0.015916,0.170265,-0.140989,0.015825,-0.115399,0.158729,0.016191,-0.110101,-0.141812,0.015637
0.034027,-0.001467,0.208273,0.219099,0.105804,0.172463,0.219757,-0.103090,0.161173,-0.151703,0.100156,0.255373,-0.151045,-0.108738,0.244083,0.153394,0.159575,0.015920,0.170424,-0.140908,0.015857,-0.105017,0.158774,0.015693,-0.108994,-0.141776,0.015668
0.041058,-0.000519,0.193991,0.225574,0.106848,0.155685,0.226222,-0.102054,0.144536,-0.144107,0.101017,0.243447,-0.143459,-0.107885,0.232297,0.153841,0.159597,0.015963,0.170943,-0.140870,0.015810,-0.103741,0.158814,0.015661,-0.107825,-0.141740,0.015889
0.048122,-0.000141,0.180159,0.232504,0.107349,0.141552,0.233173,-0.101530,0.129982,-0.136928,0.101248,0.230336,-0.136259,-0.107631,0.218766,0.154558,0.159572,0.016014,0.171784,-0.140923,0.015823,-0.102519,0.158756,0.015883,-0.106389,-0.141829,0.016076
0.055107,0.000046,0.167173,0.239946,0.107554,0.130871,0.240622,-0.101286,0.118621,-0.130408,0.101378,0.215724,-0.129732,-0.107462,0.203474,0.155458,0.159544,0.016042,0.172876,-0.141013,0.015975,-0.101308,0.158715,0.016011,-0.101194,-0.141993,0.017569
0.062347,0.000212,0.155686,0.248133,0.107647,0.124343,0.248898,-0.101147,0.111343,-0.124203,0.101571,0.200029,-0.123439,-0.107224,0.187029,0.168107,0.159554,0.017348,0.174080,-0.141026,0.016038,-0.100154,0.158654,0.016018,-0.091368,-0.142392,0.022358
0.070370,0.000402,0.145963,0.257269,0.107587,0.121037,0.258088,-0.101166,0.107405,-0.117349,0.101971,0.184522,-0.116529,-0.106783,0.170890,0.193998,0.159345,0.022125,0.175281,-0.141065,0.015928,-0.098915,0.158601,0.015910,-0.076511,-0.142841,0.027985
0.079323,0.000603,0.137866,0.267175,0.107439,0.119460,0.268004,-0.101280,0.105298,-0.109358,0.102485,0.170434,-0.108529,-0.106233,0.156273,0.220283,0.159094,0.026811,0.176440,-0.141128,0.015827,-0.097601,0.158581,0.015760,-0.058723,-0.143039,0.030243
0.088940,0.000906,0.131269,0.277422,0.107420,0.118208,0.278262,-0.101280,0.103765,-0.100382,0.103091,0.158772,-0.099542,-0.105608,0.144329,0.238284,0.159389,0.023302,0.177602,-0.141146,0.015647,-0.096232,0.158572,0.015639,-0.040895,-0.142840,0.027413
0.098503,0.001379,0.126425,0.287399,0.107552,0.117120,0.288175,-0.101168,0.102974,-0.091169,0.103926,0.149876,-0.090393,-0.104794,0.135730,0.239878,0.159801,0.015740,0.178707,-0.141221,0.015809,-0.094875,0.158546,0.015905,-0.026151,-0.142323,0.020825
0.107964,0.001709,0.126032,0.297340,0.107410,0.123767,0.298139,-0.101338,0.110047,-0.082212,0.104756,0.142018,-0.081413,-0.103992,0.128298,0.241054,0.159845,0.015703,0.179354,-0.141156,0.015934,-0.093563,0.158544,0.016001,-0.021943,-0.141938,0.016090
0.117424,0.002050,0.130694,0.306954,0.107190,0.138765,0.307876,-0.101621,0.126043,-0.073027,0.105722,0.135345,-0.072106,-0.103089,0.122623,0.242065,0.159928,0.015832,0.179746,-0.141016,0.015982,-0.090592,0.158450,0.015996,-0.020875,-0.141902,0.016006
0.126518,0.002493,0.138757,0.315433,0.107035,0.159326,0.316436,-0.101852,0.147945,-0.063400,0.106838,0.129569,-0.062397,-0.102050,0.118188,0.242991,0.160015,0.015993,0.183231,-0.140899,0.017431,-0.079647,0.157848,0.027348,-0.019692,-0.141798,0.016056
0.135185,0.002819,0.148539,0.322577,0.106886,0.181641,0.323649,-0.102061,0.171401,-0.053279,0.107699,0.125677,-0.052206,-0.101247,0.115436,0.243952,0.160104,0.016022,0.192568,-0.140932,0.022308,-0.065524,0.156717,0.052720,-0.018361,-0.141702,0.015941
0.143456,0.003069,0.158816,0.328773,0.106797,0.202848,0.329887,-0.102192,0.193524,-0.042976,0.108330,0.124108,-0.041862,-0.100659,0.114784,0.244933,0.160183,0.016000,0.208308,-0.140963,0.028277,-0.050676,0.155928,0.076063,-0.016903,-0.141607,0.015827
0.151318,0.003315,0.168939,0.334400,0.106844,0.221889,0.335541,-0.102179,0.213369,-0.032906,0.108809,0.124510,-0.031765,-0.100214,0.115989,0.245938,0.160248,0.015870,0.229308,-0.140863,0.032234,-0.037170,0.155417,0.096466,-0.015507,-0.141528,0.015751
0.158825,0.003584,0.178688,0.339833,0.107034,0.238482,0.340991,-0.102018,0.230696,-0.023342,0.109186,0.126680,-0.022183,-0.099866,0.118894,0.246975,0.160296,0.015795,0.255391,-0.140649,0.034016,-0.025226,0.155088,0.115117,-0.014283,-0.141470,0.015928
0.166130,0.003857,0.187942,0.345477,0.107322,0.252524,0.346659,-0.101752,0.245363,-0.014399,0.109465,0.130521,-0.013217,-0.099609,0.123359,0.248049,0.160357,0.015802,0.286628,-0.140369,0.035183,-0.014655,0.154888,0.132083,-0.013330,-0.141408,0.015978
0.173492,0.004059,0.196642,0.351818,0.107595,0.263885,0.353023,-0.101495,0.257208,-0.006038,0.109613,0.136077,-0.004833,-0.099477,0.129400,0.249158,0.160396,0.015877,0.321178,-0.140086,0.035906,-0.006300,0.155039,0.137529,-0.012608,-0.141374,0.015977
0.181087,0.004345,0.204407,0.359063,0.108042,0.272325,0.360307,-0.101062,0.266139,0.001868,0.109752,0.142675,0.003112,-0.099353,0.136490,0.250275,0.160448,0.016009,0.358164,-0.139788,0.037693,0.001598,0.155181,0.144027,-0.012123,-0.141348,0.015939
0.189152,0.004738,0.211003,0.367486,0.108670,0.277608,0.368772,-0.100449,0.271940,0.009532,0.109925,0.150065,0.010818,-0.099194,0.144397,0.251376,0.160512,0.016053,0.395400,-0.139481,0.040522,0.009253,0.155357,0.151308,-0.011838,-0.141319,0.015917
0.197842,0.005270,0.216091,0.377255,0.109505,0.279234,0.378583,-0.099629,0.274142,0.017100,0.110169,0.158040,0.018428,-0.098965,0.152948,0.252393,0.160585,0.016030,0.430028,-0.139145,0.043250,0.016895,0.155724,0.154242,-0.011731,-0.141285,0.015919
0.207275,0.005951,0.219332,0.388362,0.110543,0.276861,0.389748,-0.098604,0.272370,0.024802,0.110506,0.166295,0.026189,-0.098641,0.161804,0.253176,0.160711,0.015924,0.458405,-0.138700,0.043688,0.026024,0.156345,0.149096,-0.011731,-0.141221,0.015920
0.217457,0.006804,0.220383,0.400602,0.111797,0.270134,0.402055,-0.097364,0.266361,0.032859,0.110971,0.174405,0.034311,-0.098190,0.170632,0.253788,0.160824,0.015845,0.477572,-0.138197,0.039066,0.039548,0.157170,0.135937,-0.011786,-0.141178,0.015941
0.228271,0.007601,0.219226,0.413536,0.112958,0.259454,0.415061,-0.096213,0.256289,0.041482,0.111414,0.182164,0.043007,-0.097756,0.178999,0.254350,0.160941,0.015762,0.486024,-0.137695,0.027846,0.061795,0.158031,0.115289,-0.011852,-0.141145,0.015935
0.239445,0.008059,0.216158,0.426619,0.113590,0.245652,0.428093,-0.095585,0.242823,0.050797,0.111702,0.189492,0.052270,-0.097473,0.186663,0.254975,0.160946,0.015768,0.486030,-0.137564,0.015934,0.096208,0.158799,0.091810,-0.011921,-0.141072,0.015938
0.250160,0.008415,0.213077,0.438514,0.114110,0.232888,0.439990,-0.095069,0.230313,0.060331,0.111899,0.195841,0.061806,-0.097280,0.193266,0.255614,0.160947,0.015803,0.485624,-0.137562,0.015893,0.139238,0.159441,0.071474,-0.011978,-0.141072,0.015929
0.260418,0.008751,0.210341,0.449413,0.114567,0.221531,0.450887,-0.094615,0.219184,0.069949,0.112117,0.201498,0.071423,-0.097065,0.199150,0.256286,0.160967,0.015880,0.485437,-0.137545,0.015931,0.176910,0.159926,0.058822,-0.012041,-0.141051,0.015932
0.270451,0.009171,0.207578,0.459699,0.115083,0.210574,0.461173,-0.094102,0.208547,0.079728,0.112443,0.206609,0.081203,-0.096742,0.204582,0.256993,0.160993,0.015918,0.485375,-0.137519,0.015914,0.202890,0.160289,0.049289,-0.012133,-0.141025,0.015928
0.280312,0.009737,0.204195,0.469493,0.115709,0.199559,0.470966,-0.093480,0.198007,0.089657,0.112954,0.210383,0.091130,-0.096235,0.208831,0.257718,0.161032,0.015922,0.485414,-0.137480,0.015918,0.218681,0.160584,0.039234,-0.012184,-0.140984,0.015921
0.289719,0.010490,0.199149,0.478608,0.116475,0.187775,0.480085,-0.092718,0.186909,0.099352,0.113699,0.211389,0.100829,-0.095494,0.210522,0.258415,0.161084,0.015896,0.485486,-0.137423,0.015905,0.227672,0.160818,0.027717,-0.011471,-0.140932,0.015886
0.298153,0.011351,0.191803,0.486566,0.117374,0.174462,0.488148,-0.091820,0.174521,0.108157,0.114521,0.209085,0.109740,-0.094673,0.209144,0.259778,0.161065,0.015950,0.485537,-0.137336,0.015885,0.228528,0.160828,0.015708,-0.004811,-0.141044,0.018934
0.305847,0.012194,0.182584,0.493938,0.118117,0.161526,0.495517,-0.091075,0.162534,0.116177,0.115462,0.202634,0.117757,-0.093730,0.203642,0.269383,0.161171,0.015944,0.485693,-0.137307,0.015913,0.229431,0.160869,0.015869,0.008676,-0.140830,0.032502
0.313652,0.012772,0.172640,0.501714,0.118637,0.151047,0.503310,-0.090550,0.152746,0.123994,0.116093,0.192534,0.125590,-0.093094,0.194233,0.288394,0.161393,0.019376,0.486095,-0.137246,0.015873,0.230314,0.160922,0.015901,0.032447,-0.140460,0.046100
0.321941,0.013090,0.162377,0.510341,0.118958,0.143974,0.511950,-0.090225,0.146128,0.131933,0.116405,0.178627,0.133542,-0.092778,0.180780,0.308676,0.161674,0.028692,0.486786,-0.137213,0.015894,0.231189,0.160947,0.015883,0.064222,-0.140083,0.052715
0.330715,0.013073,0.152363,0.519615,0.119032,0.140937,0.521244,-0.090150,0.143139,0.140187,0.116296,0.161587,0.141815,-0.092886,0.163788,0.332091,0.161958,0.039454,0.487673,-0.137203,0.016008,0.232025,0.160932,0.015924,0.098278,-0.139824,0.055049
0.340054,0.012835,0.143308,0.529237,0.118901,0.142540,0.530858,-0.090284,0.144429,0.149249,0.115953,0.142186,0.150870,-0.093232,0.144075,0.359765,0.162182,0.047384,0.488709,-0.137223,0.016059,0.232838,0.160913,0.015854,0.130030,-0.139636,0.056677
0.349987,0.012558,0.136068,0.538688,0.118715,0.148869,0.540310,-0.090474,0.150310,0.159664,0.115590,0.121825,0.161286,-0.093599,0.123266,0.390758,0.162343,0.050492,0.489804,-0.137244,0.015949,0.233640,0.160885,0.015719,0.156722,-0.139542,0.057117
0.360287,0.012411,0.131725,0.547332,0.118619,0.159566,0.548958,-0.090572,0.160685,0.171615,0.115394,0.102765,0.173242,-0.093797,0.103884,0.424447,0.162530,0.050048,0.490812,-0.137251,0.015835,0.234523,0.160869,0.015670,0.178025,-0.139475,0.054587
0.370369,0.012409,0.131148,0.554600,0.118643,0.173744,0.556218,-0.090548,0.174749,0.184520,0.115367,0.087546,0.186138,-0.093825,0.088551,0.459894,0.162768,0.049954,0.491725,-0.137263,0.015812,0.235600,0.160869,0.015772,0.195563,-0.139391,0.049596
0.379547,0.012518,0.134529,0.560272,0.118805,0.190051,0.561901,-0.090386,0.191087,0.197193,0.115422,0.077971,0.198822,-0.093769,0.079007,0.494082,0.163060,0.052451,0.492590,-0.137246,0.015840,0.237006,0.160877,0.015985,0.210891,-0.139300,0.044079
0.387642,0.012596,0.141126,0.564919,0.118911,0.206785,0.566560,-0.090280,0.207804,0.208724,0.115472,0.074448,0.210365,-0.093719,0.075467,0.522698,0.163285,0.053586,0.493456,-0.137241,0.015878,0.238816,0.160875,0.015892,0.225167,-0.139238,0.037842
0.395042,0.012478,0.149467,0.569700,0.118697,0.221947,0.571337,-0.090495,0.222666,0.218748,0.115451,0.076269,0.220385,-0.093742,0.076987,0.543670,0.163352,0.049161,0.494328,-0.137259,0.015896,0.240835,0.160868,0.015971,0.238743,-0.139214,0.029130
0.402348,0.012089,0.157719,0.575606,0.118080,0.233801,0.577244,-0.091114,0.233887,0.227451,0.115291,0.081551,0.229089,-0.093902,0.081637,0.556058,0.163298,0.039713,0.495168,-0.137297,0.015881,0.242597,0.160834,0.015811,0.251109,-0.139208,0.016070
0.410091,0.012142,0.165012,0.583528,0.118055,0.240798,0.585047,-0.091139,0.240936,0.235135,0.115424,0.089088,0.236655,-0.093771,0.089226,0.557335,0.163173,0.024173,0.495964,-0.137387,0.015934,0.243905,0.160890,0.015858,0.252496,-0.139155,0.015811
0.417915,0.012535,0.171763,0.591889,0.118618,0.246064,0.593427,-0.090576,0.246630,0.242404,0.115646,0.096896,0.243941,-0.093548,0.097462,0.558356,0.163200,0.015731,0.505569,-0.137294,0.017071,0.244428,0.160905,0.020422,0.253581,-0.139149,0.015903
0.425423,0.012854,0.178832,0.599560,0.119041,0.252599,0.601099,-0.090151,0.253458,0.249746,0.115858,0.104207,0.251285,-0.093334,0.105066,0.559265,0.163224,0.015839,0.526139,-0.137110,0.020864,0.245294,0.161033,0.044689,0.254473,-0.139129,0.015892
0.432789,0.013079,0.186915,0.606985,0.119321,0.260463,0.608526,-0.089870,0.261473,0.257051,0.116028,0.112357,0.258593,-0.093164,0.113367,0.560244,0.163248,0.015878,0.549970,-0.136890,0.026073,0.251416,0.161266,0.076728,0.255130,-0.139112,0.015877
0.440235,0.013309,0.195872,0.614534,0.119602,0.269103,0.616078,-0.089589,0.270251,0.264392,0.116208,0.121493,0.265936,-0.092983,0.122640,0.561296,0.163272,0.015858,0.579094,-0.136622,0.031687,0.261599,0.161571,0.109054,0.255562,-0.139097,0.015859
0.447899,0.013533,0.205121,0.622528,0.119868,0.277500,0.624073,-0.089323,0.278774,0.271725,0.116388,0.131469,0.273270,-0.092802,0.132742,0.562381,0.163283,0.015938,0.614055,-0.136319,0.037377,0.271390,0.161836,0.131193,0.255796,-0.139095,0.015842
0.455940,0.013763,0.213820,0.631282,0.120134,0.284403,0.632827,-0.089056,0.285796,0.279054,0.116583,0.141845,0.280599,-0.092607,0.143238,0.563482,0.163297,0.015930,0.651744,-0.135986,0.042946,0.278719,0.162030,0.141546,0.255851,-0.139090,0.015843
0.464439,0.014086,0.221231,0.640929,0.120515,0.288799,0.642481,-0.088673,0.290389,0.286398,0.116845,0.152073,0.287950,-0.092343,0.153664,0.564537,0.163325,0.015837,0.689531,-0.135613,0.048873,0.286061,0.162292,0.151735,0.255790,-0.139082,0.015853
0.473518,0.014494,0.227049,0.651601,0.120985,0.290197,0.653150,-0.088201,0.292067,0.293887,0.117189,0.162031,0.295436,-0.091997,0.163902,0.565473,0.163347,0.015865,0.724539,-0.135250,0.054429,0.293378,0.162618,0.159797,0.255656,-0.139068,0.015882
0.483276,0.014952,0.231081,0.663309,0.121485,0.288354,0.664849,-0.087698,0.290540,0.301704,0.117602,0.171621,0.303244,-0.091581,0.173807,0.566253,0.163377,0.015901,0.753455,-0.134937,0.057231,0.300892,0.162931,0.160269,0.255460,-0.139037,0.015880
0.493717,0.015427,0.233186,0.675875,0.121994,0.283217,0.677434,-0.087185,0.285724,0.310001,0.118038,0.180648,0.311560,-0.091141,0.183155,0.566953,0.163434,0.015956,0.773889,-0.134686,0.055024,0.310328,0.163168,0.153336,0.255280,-0.139020,0.015889
0.504726,0.015835,0.233304,0.689029,0.122380,0.274798,0.690596,-0.086796,0.277582,0.318857,0.118465,0.189026,0.320424,-0.090710,0.191809,0.567488,0.163480,0.015964,0.784829,-0.134623,0.046269,0.324236,0.163297,0.139124,0.255095,-0.138996,0.015890
0.516113,0.016005,0.231424,0.702394,0.122454,0.263192,0.703965,-0.086720,0.266073,0.328261,0.118729,0.196775,0.329833,-0.090445,0.199655,0.567930,0.163496,0.015962,0.786545,-0.134793,0.030870,0.346190,0.163245,0.118764,0.254921,-0.138994,0.015895
0.527607,0.015846,0.227744,0.715458,0.122158,0.248979,0.717046,-0.087019,0.251677,0.338168,0.118711,0.203811,0.339756,-0.090465,0.206509,0.568369,0.163490,0.015949,0.783815,-0.135014,0.015538,0.379148,0.163094,0.096594,0.254778,-0.139025,0.015899
0.538433,0.015934,0.224178,0.727163,0.122124,0.236252,0.728737,-0.087052,0.238987,0.348129,0.118920,0.209369,0.349703,-0.090256,0.212104,0.568946,0.163508,0.015941,0.783181,-0.135015,0.015796,0.420500,0.163202,0.078011,0.254672,-0.138992,0.015886
0.548737,0.016071,0.220857,0.737869,0.122158,0.224813,0.739440,-0.087016,0.227649,0.358033,0.119159,0.214065,0.359604,-0.090016,0.216901,0.569546,0.163517,0.015911,0.782866,-0.135017,0.015852,0.460399,0.163391,0.067103,0.254554,-0.138986,0.015879
0.558838,0.016237,0.217637,0.748034,0.122220,0.213975,0.749606,-0.086953,0.216934,0.368070,0.119427,0.218340,0.369641,-0.089746,0.221299,0.570193,0.163538,0.015845,0.782669,-0.135004,0.015865,0.490781,0.163575,0.060686,0.254379,-0.138973,0.015871
0.568878,0.016460,0.214238,0.757852,0.122332,0.203231,0.759427,-0.086839,0.206380,0.378330,0.119759,0.222096,0.379904,-0.089411,0.225245,0.570891,0.163559,0.015766,0.782594,-0.134989,0.015862,0.511125,0.163683,0.053893,0.254204,-0.138966,0.015863
0.578819,0.016737,0.210123,0.767339,0.122481,0.192243,0.768913,-0.086685,0.195653,0.388725,0.120159,0.224594,0.390300,-0.089007,0.228003,0.571627,0.163590,0.015794,0.782611,-0.134970,0.015859,0.524370,0.163713,0.045160,0.254059,-0.138948,0.015857
0.588356,0.016956,0.204611,0.776306,0.122578,0.180947,0.777882,-0.086584,0.184601,0.398830,0.120497,0.224620,0.400406,-0.088665,0.228275,0.572365,0.163615,0.015861,0.782682,-0.134955,0.015847,0.532916,0.163650,0.034881,0.255052,-0.138931,0.015823
0.597267,0.017292,0.197022,0.784644,0.122807,0.168777,0.786256,-0.086347,0.172866,0.408279,0.120931,0.221178,0.409891,-0.088223,0.225268,0.573116,0.163648,0.015927,0.782806,-0.134904,0.015834,0.536197,0.163504,0.023096,0.260503,-0.138927,0.015952
0.605453,0.017883,0.187117,0.792490,0.123151,0.155859,0.794004,-0.085988,0.160651,0.416903,0.121755,0.213583,0.418417,-0.087385,0.218375,0.574848,0.163834,0.015972,0.782976,-0.134850,0.015817,0.536200,0.163549,0.015764,0.273234,-0.138421,0.021003
0.612946,0.018242,0.175922,0.799926,0.123439,0.144094,0.801488,-0.085683,0.149604,0.424403,0.122166,0.202241,0.425965,-0.086955,0.207751,0.586762,0.163938,0.015980,0.783337,-0.134810,0.015829,0.537176,0.163564,0.015839,0.299890,-0.137887,0.036114
0.620594,0.018379,0.164286,0.807993,0.123606,0.135127,0.809575,-0.085502,0.141133,0.431613,0.122261,0.187439,0.433195,-0.086847,0.193445,0.604113,0.164267,0.021397,0.783937,-0.134763,0.015915,0.538031,0.163608,0.015870,0.337483,-0.137289,0.045543
0.628666,0.018160,0.152762,0.816856,0.123562,0.130045,0.818426,-0.085545,0.136104,0.438905,0.121864,0.169420,0.440476,-0.087242,0.175479,0.624504,0.164728,0.031338,0.784779,-0.134747,0.016011,0.538829,0.163638,0.015941,0.378453,-0.136831,0.049400
0.637306,0.017584,0.142115,0.826285,0.123291,0.129697,0.827831,-0.085829,0.135253,0.446781,0.120997,0.148977,0.448328,-0.088123,0.154533,0.649328,0.165089,0.040848,0.785797,-0.134773,0.016125,0.539539,0.163616,0.015967,0.416184,-0.136548,0.052164
0.646736,0.016916,0.133132,0.835928,0.122963,0.134430,0.837461,-0.086177,0.139206,0.456011,0.120010,0.127057,0.457544,-0.089130,0.131833,0.678054,0.165263,0.046611,0.786896,-0.134823,0.016051,0.540151,0.163552,0.015920,0.447191,-0.136435,0.054518
0.656853,0.016396,0.126923,0.845118,0.122709,0.144089,0.846632,-0.086447,0.148099,0.467074,0.119238,0.105748,0.468587,-0.089918,0.109758,0.709289,0.165342,0.047918,0.787924,-0.134867,0.015854,0.540762,0.163507,0.015818,0.470971,-0.136432,0.053865
0.667175,0.016106,0.124655,0.853118,0.122609,0.158173,0.854612,-0.086557,0.161657,0.479739,0.118768,0.087653,0.481232,-0.090397,0.091137,0.742850,0.165437,0.047592,0.788865,-0.134914,0.015762,0.541500,0.163468,0.015704,0.489474,-0.136477,0.050221
0.676971,0.016031,0.126859,0.859421,0.122702,0.175591,0.860926,-0.086469,0.178778,0.493017,0.118531,0.074939,0.494522,-0.090639,0.078126,0.776874,0.165639,0.049238,0.789704,-0.134921,0.015788,0.542573,0.163442,0.015714,0.505170,-0.136520,0.045223
0.685616,0.016087,0.133032,0.864070,0.122896,0.194570,0.865594,-0.086276,0.197615,0.505638,0.118449,0.068449,0.507161,-0.090723,0.071494,0.807818,0.165873,0.052404,0.790544,-0.134925,0.015854,0.544161,0.163423,0.016021,0.519620,-0.136548,0.039891
0.692951,0.016144,0.141795,0.867760,0.123028,0.212920,0.869310,-0.086146,0.215793,0.516593,0.118434,0.067797,0.518143,-0.090741,0.070670,0.831916,0.165999,0.051317,0.791365,-0.134924,0.015879,0.546148,0.163398,0.016088,0.533425,-0.136601,0.032956
0.699623,0.015945,0.151366,0.871980,0.122689,0.228437,0.873518,-0.086492,0.230792,0.525729,0.118383,0.071940,0.527266,-0.090798,0.074294,0.848065,0.165895,0.044305,0.792190,-0.134963,0.015904,0.548249,0.163373,0.016070,0.546567,-0.136704,0.021607
0.706219,0.015696,0.160457,0.878214,0.122103,0.238791,0.879471,-0.087083,0.240840,0.532967,0.118474,0.080073,0.534224,-0.090712,0.082122,0.854677,0.165390,0.032044,0.793009,-0.135258,0.015949,0.549908,0.163400,0.015819,0.550545,-0.136715,0.015963
0.713615,0.016335,0.168006,0.886923,0.122638,0.243538,0.887518,-0.086535,0.246854,0.539713,0.119204,0.089157,0.540308,-0.089969,0.092474,0.849812,0.164378,0.015816,0.800270,-0.135896,0.016201,0.551058,0.163529,0.015828,0.551487,-0.136608,0.015835
0.721115,0.016983,0.175059,0.895045,0.123495,0.248849,0.895652,-0.085667,0.252783,0.546579,0.119633,0.097335,0.547186,-0.089529,0.101270,0.850668,0.164441,0.015839,0.818642,-0.135744,0.019136,0.548807,0.163895,0.033381,0.552354,-0.136579,0.015866
0.728436,0.017269,0.182866,0.902494,0.123833,0.256274,0.903111,-0.085326,0.260351,0.553760,0.119864,0.105382,0.554377,-0.089295,0.109458,0.851616,0.164456,0.015852,0.840661,-0.135577,0.023942,0.550836,0.164511,0.064138,0.553066,-0.136582,0.015851
0.735813,0.017534,0.191551,0.910007,0.124124,0.264600,0.910623,-0.085034,0.268768,0.561003,0.120102,0.114334,0.561619,-0.089055,0.118502,0.852630,0.164458,0.015877,0.867301,-0.135386,0.029638,0.558573,0.165223,0.097732,0.553564,-0.136584,0.015828
0.743393,0.017771,0.200807,0.917874,0.124353,0.273179,0.918482,-0.084804,0.277380,0.568304,0.120345,0.124233,0.568912,-0.088812,0.128435,0.853671,0.164459,0.015965,0.899987,-0.135176,0.035504,0.568172,0.165786,0.123321,0.553840,-0.136577,0.015829
0.751328,0.017975,0.209893,0.926426,0.124536,0.280791,0.927041,-0.084621,0.284994,0.575614,0.120570,0.134792,0.576230,-0.088586,0.138995,0.854801,0.164463,0.015960,0.936386,-0.134950,0.041263,0.575481,0.166011,0.133883,0.553936,-0.136587,0.015812
0.759670,0.018270,0.217887,0.935798,0.124819,0.286208,0.936417,-0.084336,0.290506,0.582923,0.120877,0.145268,0.583543,-0.088278,0.149566,0.855903,0.164486,0.015869,0.973993,-0.134680,0.047442,0.582789,0.166317,0.144339,0.553913,-0.136574,0.015821
0.768524,0.018656,0.224355,0.946132,0.125196,0.288742,0.946752,-0.083954,0.293255,0.590296,0.121266,0.155455,0.590916,-0.087885,0.159969,0.856905,0.164503,0.015815,1.010127,-0.134397,0.053675,0.590162,0.166705,0.154482,0.553791,-0.136566,0.015837
0.778008,0.019094,0.229032,0.957507,0.125602,0.288001,0.958121,-0.083542,0.292798,0.597894,0.121731,0.165266,0.598508,-0.087413,0.170062,0.857764,0.164531,0.015903,1.041387,-0.134148,0.057824,0.597544,0.167017,0.157626,0.553621,-0.136543,0.015857
0.788162,0.019558,0.231741,0.969809,0.125998,0.283858,0.970418,-0.083138,0.288989,0.605906,0.122254,0.174492,0.606516,-0.086882,0.179623,0.858479,0.164564,0.015938,1.064738,-0.134007,0.057469,0.606428,0.167184,0.152693,0.553436,-0.136519,0.015863
0.798912,0.019976,0.232416,0.982784,0.126290,0.276341,0.983387,-0.082837,0.281809,0.614437,0.122789,0.183023,0.615040,-0.086339,0.188491,0.859051,0.164591,0.015956,1.078568,-0.134072,0.050678,0.619268,0.167144,0.140012,0.553233,-0.136496,0.015862
0.810108,0.020161,0.231090,0.996090,0.126259,0.265660,0.996681,-0.082864,0.271308,0.623535,0.123185,0.190871,0.624127,-0.085938,0.196519,0.859584,0.164596,0.015970,1.082834,-0.134408,0.037272,0.639682,0.166794,0.120393,0.553072,-0.136484,0.015861
0.821507,0.019945,0.227834,1.009281,0.125772,0.251972,1.009902,-0.083355,0.257456,0.633111,0.123245,0.198213,0.633732,-0.085882,0.203697,0.860026,0.164606,0.015977,1.077834,-0.134923,0.017050,0.670970,0.166189,0.097760,0.552921,-0.136513,0.015874
0.832527,0.019808,0.223837,1.021435,0.125380,0.238313,1.022058,-0.083749,0.243715,0.642996,0.123365,0.203959,0.643620,-0.085765,0.209361,0.860551,0.164623,0.015961,1.077312,-0.134938,0.015737,0.711765,0.165811,0.079156,0.552839,-0.136499,0.015846
0.842873,0.019770,0.220523,1.032335,0.125136,0.227097,1.032953,-0.083993,0.232519,0.652792,0.123533,0.208527,0.653410,-0.085596,0.213949,0.861174,0.164621,0.015931,1.076987,-0.134948,0.015785,0.752671,0.165624,0.066980,0.552769,-0.136495,0.015852
0.853008,0.019722,0.217243,1.042692,0.124888,0.216014,1.043311,-0.084241,0.221445,0.662705,0.123685,0.213040,0.663325,-0.085444,0.218472,0.861846,0.164619,0.015836,1.076762,-0.134947,0.015813,0.784302,0.165527,0.059653,0.552646,-0.136500,0.015836
0.862995,0.019825,0.213706,1.052586,0.124786,0.204774,1.053205,-0.084339,0.210364,0.672785,0.123989,0.217048,0.673404,-0.085136,0.222639,0.862541,0.164635,0.015730,1.076634,-0.134937,0.015812,0.805895,0.165443,0.052211,0.552461,-0.136489,0.015842
0.872856,0.019978,0.209513,1.062092,0.124733,0.193471,1.062712,-0.084385,0.199291,0.683000,0.124340,0.219735,0.683621,-0.084778,0.225555,0.863272,0.164667,0.015811,1.076592,-0.134918,0.015810,0.819592,0.165293,0.042984,0.552330,-0.136473,0.015834
0.882324,0.020090,0.203933,1.071065,0.124650,0.181904,1.071680,-0.084461,0.187970,0.692969,0.124641,0.219895,0.693584,-0.084470,0.225961,0.864012,0.164696,0.015910,1.076631,-0.134910,0.015799,0.828067,0.165062,0.032194,0.553266,-0.136449,0.015792
0.891129,0.020338,0.196156,1.079333,0.124769,0.169429,1.080019,-0.084327,0.175989,0.702238,0.125003,0.216322,0.702924,-0.084093,0.222883,0.864772,0.164723,0.015978,1.076714,-0.134837,0.015787,0.830871,0.164732,0.019811,0.560942,-0.136532,0.015699
0.899212,0.020672,0.186009,1.087116,0.124856,0.156360,1.087718,-0.084220,0.163549,0.710706,0.125563,0.208469,0.711308,-0.083512,0.215658,0.867296,0.164868,0.015838,1.076859,-0.134810,0.015756,0.831283,0.164762,0.015764,0.576110,-0.136050,0.021642
0.906803,0.020758,0.174656,1.094732,0.124804,0.144684,1.095260,-0.084254,0.152351,0.718346,0.125770,0.196961,0.718875,-0.083289,0.204628,0.882296,0.165032,0.016090,1.077167,-0.134788,0.015815,0.832148,0.164895,0.015826,0.602389,-0.135197,0.037403
0.914673,0.020632,0.162856,1.103019,0.124764,0.135960,1.103562,-0.084280,0.144006,0.725783,0.125544,0.181707,0.726327,-0.083501,0.189752,0.901610,0.165347,0.022229,1.077776,-0.134760,0.015932,0.832973,0.164926,0.015937,0.638400,-0.134699,0.047218
0.922970,0.020140,0.151297,1.112009,0.124545,0.131169,1.112557,-0.084503,0.139140,0.733383,0.124782,0.163454,0.733931,-0.084265,0.171424,0.922936,0.165764,0.032360,1.078613,-0.134767,0.016092,0.833734,0.164906,0.015978,0.677551,-0.134476,0.051305
0.931824,0.019339,0.140784,1.121470,0.124149,0.131290,1.121998,-0.084922,0.138641,0.741649,0.123599,0.142926,0.742177,-0.085471,0.150277,0.948277,0.166031,0.041460,1.079568,-0.134815,0.016122,0.834381,0.164848,0.015986,0.713790,-0.134410,0.053899
0.941429,0.018526,0.132158,1.131030,0.123751,0.136655,1.131510,-0.085348,0.143141,0.751348,0.122400,0.121175,0.751828,-0.086699,0.127661,0.977125,0.166074,0.046506,1.080636,-0.134881,0.015992,0.834980,0.164799,0.015941,0.743585,-0.134427,0.055537
0.951653,0.017893,0.126602,1.139986,0.123500,0.147064,1.140446,-0.085622,0.152735,0.762859,0.121408,0.100469,0.763319,-0.087715,0.106140,1.008492,0.165974,0.047353,1.081664,-0.134930,0.015860,0.835547,0.164741,0.015875,0.766458,-0.134583,0.054191
0.961952,0.017538,0.125179,1.147629,0.123456,0.161878,1.148071,-0.085681,0.166974,0.775834,0.120757,0.083384,0.776276,-0.088380,0.088480,1.041940,0.165901,0.047166,1.082586,-0.134968,0.015775,0.836313,0.164700,0.015737,0.784457,-0.134760,0.050183
0.971573,0.017408,0.128225,1.153535,0.123587,0.179770,1.153976,-0.085558,0.184512,0.789170,0.120375,0.071938,0.789611,-0.088771,0.076680,1.075387,0.165924,0.049185,1.083462,-0.134995,0.015774,0.837465,0.164663,0.015691,0.799912,-0.134926,0.045122
0.979961,0.017431,0.135041,1.157851,0.123834,0.198874,1.158321,-0.085316,0.203392,0.801602,0.120179,0.066689,0.802071,-0.088972,0.071207,1.105139,0.166002,0.051915,1.084313,-0.134995,0.015841,0.839140,0.164629,0.015999,0.814335,-0.135092,0.039424
0.987061,0.017447,0.144111,1.161410,0.123962,0.216897,1.161905,-0.085195,0.221152,0.812216,0.120088,0.067069,0.812711,-0.089068,0.071324,1.127757,0.165941,0.049724,1.085161,-0.135012,0.015856,0.841184,0.164579,0.016100,0.828127,-0.135301,0.031531
0.993610,0.017166,0.153618,1.165729,0.123528,0.231742,1.166222,-0.085640,0.235333,0.820999,0.119972,0.071904,0.821491,-0.089196,0.075495,1.142390,0.165674,0.042037,1.086007,-0.135053,0.015924,0.843249,0.164524,0.016108,0.841189,-0.135582,0.018662
1.000320,0.016783,0.162156,1.171940,0.122800,0.241831,1.172322,-0.086380,0.244702,0.828319,0.119946,0.079609,0.828701,-0.089234,0.082480,1.147519,0.165299,0.029761,1.086828,-0.135130,0.015963,0.844897,0.164555,0.015814,0.843617,-0.135576,0.015817
1.007774,0.017380,0.169226,1.180624,0.123439,0.246138,1.180642,-0.085725,0.250019,0.834907,0.120485,0.088433,0.834924,-0.088679,0.092314,1.142824,0.164620,0.015793,1.095396,-0.135518,0.016760,0.846060,0.164597,0.015893,0.844550,-0.135557,0.015761
1.015263,0.017965,0.176269,1.188818,0.124151,0.251397,1.188792,-0.085003,0.255806,0.841733,0.120933,0.096732,0.841707,-0.088220,0.101141,1.143660,0.164651,0.015858,1.115161,-0.135430,0.019771,0.844005,0.165086,0.034732,0.845383,-0.135479,0.015877
1.022572,0.018219,0.184276,1.196369,0.124442,0.258790,1.196356,-0.084710,0.263306,0.848787,0.121148,0.105247,0.848774,-0.088004,0.109762,1.144619,0.164660,0.015861,1.138449,-0.135318,0.024722,0.846251,0.165777,0.066760,0.846032,-0.135492,0.015833
