-0.010361,0.000416,0.356175,0.181992,0.100486,0.350918,0.177090,-0.108645,0.353157,-0.197812,0.109477,0.359193,-0.202713,-0.099654,0.361433,0.164629,0.144512,0.178520,0.167637,-0.155855,0.169517,-0.219325,0.153709,0.197009,-0.194100,-0.147187,0.187229
-0.013643,0.000595,0.352322,0.180369,0.097332,0.345816,0.171885,-0.111679,0.348482,-0.199172,0.112869,0.356162,-0.207656,-0.096141,0.358828,0.140263,0.142232,0.171803,0.204870,-0.160543,0.189022,-0.219372,0.156921,0.179009,-0.159205,-0.145867,0.180988
-0.014898,0.000759,0.345033,0.180051,0.095548,0.337900,0.169513,-0.113354,0.341587,-0.199310,0.114872,0.348480,-0.209848,-0.094030,0.352167,0.115783,0.141198,0.161901,0.211322,-0.163596,0.193297,-0.234451,0.159000,0.169490,-0.152270,-0.145624,0.172323
-0.015768,0.001080,0.334280,0.179527,0.095059,0.325972,0.168224,-0.113741,0.332241,-0.199760,0.115901,0.336319,-0.211063,-0.092900,0.342588,0.094314,0.139818,0.146428,0.211310,-0.165807,0.192472,-0.246239,0.158747,0.162905,-0.163700,-0.146594,0.156307
-0.017187,0.001392,0.320063,0.178014,0.095504,0.311086,0.166937,-0.113234,0.319473,-0.201311,0.116019,0.320653,-0.212389,-0.092719,0.329040,0.088503,0.138248,0.123005,0.210480,-0.166529,0.184259,-0.250635,0.157573,0.156037,-0.177578,-0.147931,0.134569
-0.019396,0.001671,0.301933,0.175472,0.096443,0.292668,0.165143,-0.112288,0.302131,-0.203935,0.115629,0.301735,-0.214264,-0.093101,0.311197,0.103748,0.136772,0.099179,0.208377,-0.166344,0.161750,-0.247849,0.155841,0.136001,-0.184959,-0.149149,0.111666
-0.021715,0.001865,0.279715,0.172760,0.097418,0.270216,0.163287,-0.111340,0.279969,-0.206717,0.115071,0.279460,-0.216191,-0.093687,0.289213,0.123131,0.136198,0.077175,0.200310,-0.165780,0.125557,-0.240422,0.153692,0.098491,-0.184801,-0.150181,0.085363
-0.023619,0.001980,0.253584,0.170502,0.098262,0.244212,0.161802,-0.110539,0.253759,-0.209039,0.114498,0.253409,-0.217740,-0.094303,0.262956,0.133987,0.136513,0.051584,0.181562,-0.165069,0.075072,-0.229528,0.151498,0.048017,-0.182487,-0.150791,0.055554
-0.025414,0.001892,0.223794,0.168277,0.099019,0.214227,0.160489,-0.109828,0.223539,-0.211316,0.113612,0.224049,-0.219104,-0.095235,0.233360,0.138190,0.137028,0.020436,0.154565,-0.164273,0.018555,-0.219242,0.150151,0.015817,-0.176394,-0.151791,0.021714
-0.025352,0.000362,0.198365,0.168222,0.097404,0.186002,0.160454,-0.111463,0.194875,-0.211159,0.112188,0.201855,-0.218927,-0.096679,0.210729,0.137258,0.136857,0.016021,0.153251,-0.164323,0.015866,-0.217889,0.150060,0.015881,-0.175595,-0.152100,0.015680
-0.022455,-0.001072,0.184307,0.170995,0.095936,0.169895,0.163234,-0.112966,0.177936,-0.208144,0.110822,0.190679,-0.215905,-0.098079,0.198719,0.137019,0.136788,0.015964,0.152669,-0.164329,0.015777,-0.217022,0.149937,0.015825,-0.174849,-0.152161,0.015786
-0.017565,-0.002441,0.176948,0.175796,0.094635,0.161815,0.168071,-0.114306,0.168786,-0.203201,0.109424,0.185109,-0.210926,-0.099517,0.192080,0.137305,0.136697,0.015938,0.152688,-0.164350,0.015742,-0.216351,0.149767,0.015803,-0.174182,-0.152261,0.015869
-0.012337,-0.003674,0.173549,0.180993,0.093520,0.158783,0.173313,-0.115457,0.164623,-0.197987,0.108110,0.182474,-0.205667,-0.100867,0.188314,0.137768,0.136615,0.015919,0.153180,-0.164375,0.015757,-0.215841,0.149606,0.015749,-0.173600,-0.152362,0.015885
-0.007177,-0.004654,0.172828,0.186158,0.092666,0.158992,0.178532,-0.116338,0.163896,-0.192887,0.107030,0.181761,-0.200513,-0.101974,0.186665,0.138299,0.136547,0.015913,0.164167,-0.164760,0.016721,-0.217208,0.149515,0.015789,-0.173105,-0.152474,0.015900
-0.001816,-0.005405,0.173394,0.191538,0.092005,0.160482,0.183949,-0.117015,0.164687,-0.187581,0.106204,0.182101,-0.195170,-0.102816,0.186306,0.138876,0.136497,0.015890,0.182961,-0.165313,0.023277,-0.221564,0.149745,0.023943,-0.172634,-0.152551,0.015896
0.003813,-0.006054,0.174966,0.197181,0.091416,0.162734,0.189611,-0.117616,0.166358,-0.181985,0.105508,0.183574,-0.189555,-0.103524,0.187198,0.139487,0.136445,0.015850,0.197964,-0.165781,0.029294,-0.222866,0.149897,0.034861,-0.172197,-0.152609,0.015863
0.009737,-0.006855,0.177396,0.203114,0.090679,0.165836,0.195563,-0.118365,0.168715,-0.176089,0.104655,0.186076,-0.183640,-0.104389,0.188956,0.140125,0.136371,0.015779,0.207554,-0.166149,0.033216,-0.219545,0.149765,0.044927,-0.171757,-0.152686,0.015887
0.015993,-0.007977,0.180472,0.209369,0.089647,0.169669,0.201850,-0.119410,0.171473,-0.169864,0.103457,0.189471,-0.177383,-0.105600,0.191275,0.140788,0.136267,0.015843,0.212697,-0.166453,0.035745,-0.212735,0.149300,0.052732,-0.171327,-0.152812,0.015896
0.022556,-0.009506,0.183970,0.215932,0.088208,0.174028,0.208428,-0.120857,0.174291,-0.163316,0.101845,0.193648,-0.170820,-0.107220,0.193911,0.141471,0.136161,0.015855,0.214423,-0.166724,0.037525,-0.203405,0.148592,0.057849,-0.170902,-0.152921,0.015881
0.029411,-0.011475,0.187606,0.222765,0.086360,0.178453,0.215296,-0.122700,0.176797,-0.156474,0.099751,0.198415,-0.163943,-0.109309,0.196758,0.142164,0.136008,0.015899,0.213395,-0.167009,0.037517,-0.191468,0.147579,0.059942,-0.170493,-0.153122,0.015851
0.036440,-0.013702,0.190903,0.229769,0.084217,0.182135,0.222282,-0.124814,0.178334,-0.149402,0.097409,0.203472,-0.156889,-0.111622,0.199671,0.142835,0.135840,0.015951,0.209583,-0.167197,0.032689,-0.176044,0.146492,0.058199,-0.170101,-0.153292,0.015805
0.043364,-0.015831,0.192861,0.236569,0.082254,0.183254,0.229115,-0.126732,0.177414,-0.142388,0.095070,0.208309,-0.149842,-0.113916,0.202469,0.143445,0.135747,0.015931,0.202935,-0.166907,0.020389,-0.155798,0.145412,0.052031,-0.169769,-0.153484,0.015764
0.049704,-0.017628,0.192936,0.242475,0.081226,0.182521,0.235762,-0.127757,0.175762,-0.136355,0.092502,0.210110,-0.143068,-0.116481,0.203350,0.173915,0.134240,0.018211,0.201963,-0.166998,0.015891,-0.129416,0.143241,0.041154,-0.172895,-0.154959,0.015974
0.055449,-0.018692,0.190852,0.247618,0.081438,0.181563,0.242341,-0.127591,0.174931,-0.131444,0.090207,0.206772,-0.136720,-0.118822,0.200141,0.217205,0.132592,0.027133,0.202601,-0.167029,0.015901,-0.103066,0.140718,0.025832,-0.177427,-0.157628,0.021939
0.060740,-0.018993,0.186919,0.252787,0.081554,0.179910,0.248057,-0.127493,0.173460,-0.126578,0.089506,0.200378,-0.131308,-0.119541,0.193929,0.248005,0.131543,0.037369,0.203121,-0.167097,0.015861,-0.093276,0.139922,0.016079,-0.176701,-0.158907,0.028962
0.065929,-0.019169,0.183366,0.258065,0.081331,0.178375,0.253345,-0.127710,0.171731,-0.121486,0.089372,0.195001,-0.126206,-0.119669,0.188357,0.265283,0.130996,0.041730,0.203599,-0.167117,0.015840,-0.092654,0.139894,0.016029,-0.173714,-0.159254,0.036502
0.071262,-0.019409,0.181531,0.263450,0.081047,0.177825,0.258720,-0.127988,0.170980,-0.116196,0.089169,0.192082,-0.120925,-0.119865,0.185236,0.276055,0.130670,0.042798,0.204106,-0.167154,0.015736,-0.092124,0.139879,0.015941,-0.169833,-0.159578,0.042741
0.076706,-0.019588,0.181534,0.268926,0.080828,0.178524,0.264177,-0.128204,0.171610,-0.110765,0.089027,0.191459,-0.115514,-0.120005,0.184544,0.284269,0.130451,0.042927,0.204640,-0.167182,0.015752,-0.091637,0.139885,0.015919,-0.164862,-0.159850,0.047892
0.082153,-0.019447,0.182789,0.274399,0.080928,0.180021,0.269624,-0.128115,0.173455,-0.105318,0.089220,0.192124,-0.110092,-0.119822,0.185557,0.290847,0.130350,0.042688,0.205187,-0.167176,0.015834,-0.091212,0.139918,0.015888,-0.158762,-0.159995,0.051858
0.087599,-0.018822,0.184689,0.279864,0.081512,0.181808,0.275069,-0.127557,0.176170,-0.099872,0.089914,0.193208,-0.104667,-0.119155,0.187569,0.295992,0.130383,0.042305,0.205760,-0.167123,0.015895,-0.090792,0.139968,0.015831,-0.151575,-0.159986,0.055115
0.093048,-0.017651,0.186772,0.285352,0.082596,0.183472,0.280495,-0.126507,0.179359,-0.094399,0.091206,0.194186,-0.099256,-0.117898,0.190072,0.299783,0.130529,0.041289,0.206322,-0.167040,0.015927,-0.090385,0.140092,0.015839,-0.143052,-0.159749,0.057779
0.098524,-0.015926,0.188793,0.290853,0.084247,0.184775,0.285961,-0.124886,0.182760,-0.088913,0.093033,0.194826,-0.093805,-0.116100,0.192811,0.302356,0.130845,0.039146,0.206878,-0.166893,0.015884,-0.089949,0.140246,0.015858,-0.132684,-0.159370,0.059481
0.104055,-0.013660,0.190573,0.296406,0.086422,0.185475,0.291479,-0.122718,0.186129,-0.083369,0.095398,0.195016,-0.088295,-0.113743,0.195670,0.303469,0.131249,0.035032,0.207415,-0.166733,0.015907,-0.089501,0.140445,0.015854,-0.119758,-0.158892,0.059169
0.109634,-0.010921,0.191783,0.301995,0.089042,0.185005,0.297037,-0.120065,0.188800,-0.077769,0.098222,0.194767,-0.082726,-0.110885,0.198562,0.301390,0.131660,0.027025,0.207915,-0.166560,0.015874,-0.089041,0.140713,0.015845,-0.102755,-0.158484,0.055060
0.115171,-0.008186,0.191736,0.307853,0.090883,0.181716,0.302120,-0.118112,0.188982,-0.071778,0.101739,0.194490,-0.077510,-0.107256,0.201757,0.295265,0.130954,0.015800,0.209457,-0.167077,0.016073,-0.089166,0.141501,0.015885,-0.079282,-0.158137,0.045420
0.120476,-0.005928,0.190791,0.313551,0.092147,0.178768,0.306898,-0.116744,0.187991,-0.065946,0.104888,0.193591,-0.072599,-0.104003,0.202814,0.295594,0.131046,0.015913,0.246955,-0.167843,0.018315,-0.091961,0.143385,0.015835,-0.048494,-0.157721,0.034471
0.125866,-0.004852,0.188180,0.319400,0.092299,0.176042,0.311784,-0.116526,0.185980,-0.060052,0.106821,0.190381,-0.067668,-0.102004,0.200318,0.296041,0.131066,0.015985,0.295555,-0.169153,0.024428,-0.093415,0.145258,0.015725,-0.014187,-0.157811,0.025380
0.131582,-0.005192,0.183618,0.325417,0.091516,0.172810,0.317243,-0.117307,0.182341,-0.054078,0.106923,0.184894,-0.062253,-0.101900,0.194425,0.296474,0.131026,0.016036,0.332358,-0.170238,0.033181,-0.093429,0.146279,0.015812,0.010114,-0.158389,0.016412
0.137323,-0.005764,0.178786,0.331181,0.090994,0.168864,0.323013,-0.117836,0.178239,-0.048366,0.106308,0.179332,-0.056534,-0.102522,0.188707,0.296918,0.130999,0.015944,0.355932,-0.170704,0.043482,-0.091353,0.146337,0.019341,0.010753,-0.158449,0.015758
0.142941,-0.006077,0.175319,0.336818,0.090719,0.166191,0.328655,-0.118109,0.175620,-0.042774,0.105955,0.175018,-0.050937,-0.102873,0.184447,0.297393,0.131011,0.016030,0.369911,-0.170926,0.049969,-0.087704,0.146373,0.022873,0.011358,-0.158461,0.015629
0.148430,-0.006222,0.173700,0.342327,0.090614,0.165470,0.334169,-0.118206,0.175085,-0.037309,0.105762,0.172315,-0.045468,-0.103058,0.181930,0.297926,0.130997,0.015951,0.378983,-0.171134,0.052492,-0.082959,0.146319,0.025528,0.011924,-0.158489,0.015656
0.153765,-0.006325,0.173693,0.347683,0.090560,0.166595,0.339522,-0.118255,0.176326,-0.031993,0.105605,0.171060,-0.040153,-0.103209,0.180791,0.298488,0.130996,0.015945,0.385232,-0.171335,0.052717,-0.077434,0.146199,0.026950,0.012440,-0.158490,0.015742
0.158974,-0.006432,0.174812,0.352903,0.090519,0.169049,0.344748,-0.118293,0.178831,-0.026801,0.105430,0.170793,-0.034955,-0.103382,0.180575,0.299054,0.130982,0.015913,0.389516,-0.171519,0.051982,-0.071631,0.146014,0.027770,0.012922,-0.158506,0.015804
0.164124,-0.006550,0.176580,0.358048,0.090485,0.172237,0.349912,-0.118327,0.182024,-0.021665,0.105228,0.171137,-0.029801,-0.103585,0.180924,0.299613,0.130967,0.015862,0.392381,-0.171645,0.051276,-0.065712,0.145809,0.028832,0.013380,-0.158539,0.015846
0.169231,-0.006672,0.178653,0.363149,0.090428,0.175677,0.355014,-0.118385,0.185444,-0.016551,0.105042,0.171863,-0.024686,-0.103772,0.181630,0.300164,0.130937,0.015793,0.394256,-0.171731,0.051117,-0.059664,0.145656,0.030782,0.013813,-0.158559,0.015873
0.174339,-0.006790,0.180846,0.368237,0.090378,0.179059,0.360116,-0.118437,0.188792,-0.011437,0.104857,0.172899,-0.019558,-0.103959,0.182633,0.300712,0.130924,0.015708,0.395502,-0.171732,0.051808,-0.053422,0.145542,0.033869,0.014236,-0.158580,0.015883
0.179462,-0.006943,0.183133,0.373339,0.090281,0.182308,0.365230,-0.118538,0.191976,-0.006305,0.104653,0.174291,-0.014414,-0.104167,0.183959,0.301241,0.130903,0.015749,0.396269,-0.171691,0.053429,-0.046898,0.145460,0.038182,0.014630,-0.158609,0.015883
0.184675,-0.007183,0.185638,0.378534,0.090079,0.185558,0.370432,-0.118748,0.195065,-0.001081,0.104382,0.176210,-0.009184,-0.104445,0.185718,0.301771,0.130859,0.015781,0.396609,-0.171626,0.055997,-0.039904,0.145381,0.043564,0.015006,-0.158647,0.015869
0.190052,-0.007584,0.188523,0.383886,0.089727,0.189053,0.375815,-0.119118,0.198197,0.004289,0.103950,0.178849,-0.003782,-0.104894,0.187994,0.302309,0.130821,0.015798,0.396428,-0.171531,0.059117,-0.032127,0.145218,0.049412,0.015364,-0.158696,0.015904
0.195654,-0.008247,0.191926,0.389461,0.089112,0.193025,0.381433,-0.119761,0.201513,0.009875,0.103266,0.182340,0.001847,-0.105607,0.190828,0.302864,0.130763,0.015885,0.395292,-0.171471,0.062332,-0.022946,0.144864,0.054733,0.015702,-0.158768,0.015917
0.201593,-0.009224,0.195841,0.395376,0.088176,0.197474,0.387395,-0.120736,0.205001,0.015792,0.102288,0.186682,0.007811,-0.106624,0.194209,0.303449,0.130661,0.015947,0.392867,-0.171495,0.065181,-0.011577,0.144216,0.058154,0.016026,-0.158873,0.015927
0.207861,-0.010403,0.199899,0.401636,0.087010,0.201711,0.393692,-0.121942,0.208096,0.022030,0.101136,0.191701,0.014086,-0.107815,0.198086,0.304058,0.130549,0.015991,0.389333,-0.171631,0.065712,0.002631,0.143297,0.058137,0.016361,-0.158971,0.015928
0.214201,-0.011444,0.203045,0.407950,0.086034,0.203870,0.400128,-0.122950,0.209288,0.028274,0.100061,0.196801,0.020452,-0.108922,0.202220,0.304642,0.130527,0.015990,0.385082,-0.171751,0.060125,0.020234,0.142141,0.053373,0.016579,-0.159104,0.015926
0.220226,-0.012302,0.203993,0.413645,0.085829,0.203244,0.406582,-0.123207,0.207579,0.033870,0.098602,0.200406,0.026807,-0.110434,0.204742,0.335287,0.130072,0.015698,0.380289,-0.171157,0.045931,0.042097,0.140570,0.044229,0.014127,-0.159408,0.015897
0.226051,-0.013088,0.201344,0.418763,0.086400,0.198953,0.413204,-0.122695,0.202585,0.038899,0.096519,0.200104,0.033340,-0.112576,0.203735,0.380948,0.129807,0.022167,0.377046,-0.170255,0.027059,0.069117,0.138273,0.032273,0.005466,-0.160466,0.021873
0.231920,-0.013874,0.194807,0.424078,0.086643,0.191193,0.419655,-0.122486,0.194395,0.044185,0.094738,0.195218,0.039763,-0.114391,0.198420,0.418801,0.129775,0.031556,0.375722,-0.169755,0.015956,0.093925,0.136455,0.019116,-0.004904,-0.161408,0.035397
0.237741,-0.014038,0.186948,0.429839,0.086582,0.183012,0.425536,-0.122546,0.186403,0.049947,0.094470,0.187493,0.045644,-0.114658,0.190883,0.442975,0.129429,0.038201,0.375995,-0.169757,0.015894,0.097213,0.136181,0.015885,-0.007461,-0.161406,0.044428
0.243496,-0.014332,0.181507,0.435588,0.086272,0.176970,0.431277,-0.122858,0.180245,0.055715,0.094194,0.182769,0.051404,-0.114936,0.186044,0.456790,0.129139,0.038953,0.376357,-0.169764,0.015888,0.097863,0.136178,0.015904,-0.004136,-0.161332,0.053451
0.249327,-0.014629,0.179593,0.441408,0.085932,0.173817,0.437067,-0.123200,0.176923,0.061586,0.093941,0.182262,0.057245,-0.115191,0.185369,0.466171,0.128877,0.038775,0.376825,-0.169807,0.015842,0.098408,0.136171,0.015941,0.001845,-0.161372,0.059690
0.255306,-0.014572,0.180377,0.447353,0.085961,0.173157,0.443010,-0.123168,0.176463,0.067602,0.094023,0.184290,0.063259,-0.115105,0.187597,0.473185,0.128741,0.037211,0.377387,-0.169811,0.015748,0.098867,0.136178,0.015921,0.008616,-0.161394,0.063787
0.261421,-0.013962,0.182557,0.453431,0.086527,0.173877,0.449093,-0.122588,0.177980,0.073750,0.094664,0.187134,0.069411,-0.114450,0.191237,0.478467,0.128745,0.034708,0.377991,-0.169764,0.015771,0.099288,0.136243,0.015897,0.016198,-0.161259,0.066659
0.267618,-0.012775,0.185133,0.459589,0.087648,0.174964,0.455269,-0.121434,0.180493,0.079967,0.095884,0.189772,0.075647,-0.113199,0.195301,0.482260,0.128864,0.031613,0.378601,-0.169681,0.015806,0.099691,0.136353,0.015883,0.025040,-0.160973,0.068849
0.273897,-0.010983,0.187484,0.465814,0.089371,0.175721,0.461556,-0.119647,0.183322,0.086238,0.097682,0.191645,0.081981,-0.111336,0.199247,0.484701,0.129084,0.027449,0.379231,-0.169552,0.015816,0.100177,0.136497,0.015926,0.035750,-0.160580,0.070106
0.280214,-0.008598,0.189264,0.472079,0.091627,0.175704,0.467881,-0.117279,0.185972,0.092547,0.100082,0.192556,0.088349,-0.108823,0.202825,0.485568,0.129276,0.021219,0.379832,-0.169384,0.015885,0.100671,0.136752,0.015950,0.049037,-0.160101,0.069493
0.286491,-0.005764,0.190264,0.478311,0.094227,0.174513,0.474144,-0.114495,0.188019,0.098838,0.102967,0.192509,0.094671,-0.105755,0.206016,0.484910,0.129373,0.015720,0.380304,-0.169307,0.016008,0.101193,0.137049,0.015948,0.065976,-0.159827,0.065541
0.292477,-0.003178,0.190828,0.484280,0.096499,0.173011,0.480085,-0.112002,0.189581,0.104868,0.105647,0.192074,0.100674,-0.102854,0.208644,0.485333,0.129576,0.015669,0.381927,-0.169429,0.015946,0.101663,0.137317,0.015960,0.088430,-0.160319,0.056273
0.298094,-0.001545,0.191015,0.489970,0.097819,0.172265,0.485618,-0.110520,0.190717,0.110569,0.107431,0.191314,0.106218,-0.100909,0.209765,0.485805,0.129674,0.015664,0.419689,-0.170145,0.017240,0.101584,0.137726,0.015959,0.117576,-0.161388,0.044865
0.303818,-0.001331,0.189899,0.495750,0.098004,0.171580,0.491350,-0.110292,0.190499,0.116285,0.107629,0.189298,0.111886,-0.100667,0.208218,0.486307,0.129699,0.015770,0.472132,-0.170792,0.022500,0.102041,0.137830,0.015931,0.152267,-0.162824,0.035840
0.309933,-0.002708,0.186778,0.501920,0.096797,0.170021,0.497503,-0.111600,0.187795,0.122362,0.106183,0.185761,0.117946,-0.102214,0.203535,0.486804,0.129591,0.015827,0.513844,-0.170913,0.031375,0.102747,0.137736,0.015900,0.185601,-0.164284,0.027531
0.316425,-0.005497,0.181893,0.508516,0.094316,0.168485,0.504044,-0.114299,0.183469,0.128806,0.103305,0.180317,0.124335,-0.105310,0.195301,0.487371,0.129385,0.015871,0.541701,-0.171057,0.039049,0.103452,0.137602,0.015697,0.205588,-0.165506,0.016028
0.322773,-0.008453,0.176877,0.514816,0.091825,0.166642,0.510548,-0.116980,0.178754,0.134998,0.100074,0.175000,0.130730,-0.108732,0.187113,0.487913,0.129165,0.015884,0.559081,-0.171145,0.047114,0.104804,0.136993,0.015822,0.206364,-0.165746,0.015887
0.328781,-0.010612,0.173579,0.520779,0.089938,0.165351,0.516647,-0.118986,0.175267,0.140915,0.097761,0.171890,0.136784,-0.111163,0.181806,0.488439,0.128995,0.015917,0.568343,-0.171346,0.052490,0.105180,0.136742,0.019449,0.207039,-0.165944,0.015761
0.334536,-0.012218,0.172299,0.526506,0.088498,0.165626,0.522454,-0.120503,0.173807,0.146617,0.096066,0.170790,0.142565,-0.112935,0.178971,0.488999,0.128860,0.015953,0.573270,-0.171699,0.053261,0.106254,0.136578,0.023540,0.207641,-0.166084,0.015629
0.340120,-0.013439,0.172671,0.532073,0.087396,0.167428,0.528078,-0.121654,0.174245,0.152162,0.094776,0.171097,0.148168,-0.114275,0.177914,0.489596,0.128753,0.016028,0.576402,-0.172076,0.051091,0.109137,0.136374,0.026753,0.208195,-0.166195,0.015675
0.345623,-0.014385,0.174183,0.537562,0.086537,0.170291,0.533610,-0.122546,0.176048,0.157636,0.093776,0.172317,0.153684,-0.115308,0.178075,0.490204,0.128658,0.015962,0.578595,-0.172406,0.047712,0.113627,0.136137,0.029011,0.208716,-0.166294,0.015744
0.351103,-0.015095,0.176292,0.543030,0.085891,0.173630,0.539109,-0.123213,0.178598,0.163097,0.093024,0.173987,0.159176,-0.116081,0.178954,0.490819,0.128594,0.015906,0.580168,-0.172639,0.044530,0.119251,0.135918,0.030934,0.209209,-0.166364,0.015854
0.356617,-0.015648,0.178532,0.548524,0.085398,0.176944,0.544643,-0.123720,0.181324,0.168591,0.092424,0.175739,0.164710,-0.116694,0.180120,0.491427,0.128551,0.015852,0.581393,-0.172787,0.042073,0.125647,0.135697,0.032918,0.209685,-0.166437,0.015901
0.362171,-0.016098,0.180654,0.554065,0.084984,0.179953,0.550206,-0.124144,0.183873,0.174137,0.091947,0.177436,0.170278,-0.117180,0.181355,0.492009,0.128518,0.015776,0.582623,-0.172885,0.041005,0.132471,0.135523,0.035578,0.210154,-0.166482,0.015933
0.367796,-0.016499,0.182622,0.559679,0.084606,0.182587,0.555834,-0.124528,0.186117,0.179757,0.091531,0.179126,0.175913,-0.117604,0.182656,0.492598,0.128488,0.015763,0.584025,-0.172955,0.041309,0.139604,0.135374,0.039315,0.210617,-0.166519,0.015948
0.373499,-0.016972,0.184586,0.565367,0.084161,0.185047,0.561548,-0.124981,0.188141,0.185450,0.091038,0.181030,0.181631,-0.118104,0.184124,0.493163,0.128438,0.015819,0.585471,-0.173031,0.042789,0.147102,0.135174,0.044006,0.211056,-0.166592,0.015946
0.379349,-0.017605,0.186762,0.571211,0.083535,0.187643,0.567401,-0.125616,0.190102,0.191297,0.090407,0.183423,0.187486,-0.118744,0.185881,0.493749,0.128387,0.015857,0.586579,-0.173133,0.044897,0.155293,0.134946,0.049218,0.211501,-0.166640,0.015931
0.385433,-0.018467,0.189327,0.577281,0.082697,0.190558,0.573503,-0.126463,0.192132,0.197364,0.089529,0.186521,0.193585,-0.119631,0.188095,0.494332,0.128340,0.015903,0.586673,-0.173252,0.046964,0.164837,0.134579,0.053992,0.211951,-0.166717,0.015851
0.391834,-0.019630,0.192292,0.583663,0.081566,0.193771,0.579930,-0.127600,0.194176,0.203738,0.088340,0.190407,0.200006,-0.120827,0.190812,0.494934,0.128263,0.015889,0.585167,-0.173434,0.047993,0.176570,0.134024,0.056993,0.212385,-0.166843,0.015858
0.398516,-0.020996,0.195309,0.590352,0.080189,0.196612,0.586615,-0.128976,0.195667,0.210416,0.086984,0.194951,0.206680,-0.122181,0.194006,0.495559,0.128157,0.015888,0.581856,-0.173670,0.045545,0.191295,0.133409,0.056522,0.212813,-0.166943,0.015855
0.405254,-0.022263,0.197435,0.596966,0.079166,0.197356,0.593483,-0.129992,0.195076,0.217026,0.085467,0.199794,0.213543,-0.123691,0.197514,0.496328,0.128280,0.015910,0.577085,-0.173452,0.036756,0.209481,0.132666,0.051722,0.213136,-0.167163,0.015861
0.411722,-0.023384,0.197561,0.603024,0.078794,0.195446,0.600307,-0.130355,0.191712,0.223137,0.083587,0.203411,0.220421,-0.125562,0.199677,0.528603,0.128430,0.015756,0.570393,-0.172350,0.019337,0.231744,0.131793,0.043356,0.212076,-0.167633,0.015844
0.417931,-0.024155,0.194799,0.608373,0.079546,0.190457,0.607301,-0.129628,0.187348,0.228561,0.081319,0.202250,0.227488,-0.127855,0.199142,0.574144,0.127672,0.022553,0.570997,-0.172349,0.015890,0.257665,0.129157,0.031892,0.205127,-0.170554,0.021345
0.423817,-0.023968,0.190075,0.613486,0.081123,0.185307,0.613980,-0.128070,0.183612,0.233653,0.080134,0.196539,0.234147,-0.129058,0.194844,0.609600,0.127795,0.033535,0.571537,-0.172263,0.015941,0.276004,0.127150,0.015963,0.198923,-0.173266,0.031112
0.429649,-0.023407,0.185285,0.619354,0.081635,0.180890,0.619814,-0.127561,0.179773,0.239485,0.080747,0.190797,0.239944,-0.128449,0.189680,0.628936,0.127870,0.037901,0.571949,-0.172243,0.015907,0.276708,0.127213,0.015969,0.197353,-0.173201,0.041136
0.435555,-0.023037,0.182541,0.625268,0.081972,0.177740,0.625700,-0.127226,0.177020,0.245409,0.081152,0.188061,0.245841,-0.128046,0.187342,0.640423,0.127932,0.038645,0.572438,-0.172233,0.015842,0.277306,0.127260,0.015973,0.199014,-0.173121,0.050108
0.441494,-0.022568,0.182050,0.631190,0.082429,0.176360,0.631621,-0.126770,0.176154,0.251367,0.081635,0.187947,0.251798,-0.127565,0.187740,0.648836,0.128052,0.038088,0.572993,-0.172183,0.015799,0.277814,0.127309,0.015950,0.203122,-0.172986,0.056795
0.447508,-0.021744,0.183164,0.637193,0.083204,0.176328,0.637601,-0.125995,0.177053,0.257414,0.082507,0.189276,0.257823,-0.126691,0.190001,0.655450,0.128206,0.036638,0.573581,-0.172129,0.015793,0.278264,0.127398,0.015844,0.208944,-0.172682,0.061478
0.453609,-0.020393,0.185073,0.643270,0.084507,0.176959,0.643691,-0.124680,0.179201,0.263528,0.083894,0.190946,0.263949,-0.125294,0.193188,0.660633,0.128469,0.034531,0.574190,-0.172024,0.015775,0.278734,0.127501,0.015863,0.216424,-0.172216,0.064925
0.459774,-0.018459,0.187149,0.649409,0.086371,0.177647,0.649856,-0.122783,0.181989,0.269692,0.085864,0.192310,0.270139,-0.123290,0.196652,0.664445,0.128826,0.031340,0.574814,-0.171853,0.015818,0.279203,0.127682,0.015908,0.225872,-0.171536,0.067025
0.465973,-0.015945,0.188980,0.655572,0.088794,0.177895,0.656073,-0.120286,0.184950,0.275873,0.088396,0.193009,0.276373,-0.120685,0.200064,0.666735,0.129184,0.026372,0.575438,-0.171662,0.015821,0.279701,0.127906,0.015932,0.237857,-0.170734,0.067280
0.472181,-0.012913,0.190208,0.661713,0.091718,0.177120,0.662318,-0.117227,0.187445,0.282044,0.091401,0.192971,0.282649,-0.117543,0.203296,0.666466,0.129383,0.018191,0.576038,-0.171460,0.015883,0.280238,0.128153,0.015933,0.253404,-0.169996,0.064418
0.478249,-0.009827,0.190670,0.667805,0.094434,0.175206,0.668303,-0.114313,0.188956,0.288194,0.094660,0.192384,0.288692,-0.114087,0.206134,0.666512,0.129473,0.015706,0.576713,-0.171473,0.016004,0.280674,0.128567,0.015921,0.274635,-0.169547,0.056178
0.484047,-0.007622,0.190778,0.673624,0.096397,0.173992,0.674074,-0.112171,0.190224,0.294020,0.096928,0.191333,0.294470,-0.111641,0.207565,0.666952,0.129653,0.015719,0.611356,-0.171391,0.016797,0.281005,0.128835,0.015914,0.304161,-0.169932,0.044066
0.489960,-0.006897,0.189526,0.679592,0.097032,0.172804,0.679977,-0.111465,0.189929,0.299943,0.097671,0.189123,0.300328,-0.110826,0.206248,0.667440,0.129717,0.015795,0.662022,-0.170880,0.022185,0.281402,0.129011,0.015887,0.340950,-0.170517,0.033819
0.496239,-0.007767,0.186290,0.685919,0.096285,0.170927,0.686288,-0.112272,0.187312,0.306190,0.096739,0.185268,0.306559,-0.111818,0.201653,0.667954,0.129660,0.015851,0.703389,-0.170063,0.031630,0.282136,0.128975,0.015833,0.376685,-0.171149,0.025169
0.502871,-0.009975,0.181475,0.692622,0.094328,0.168972,0.692963,-0.114394,0.183106,0.312778,0.094443,0.179844,0.313119,-0.114279,0.193979,0.668519,0.129476,0.015888,0.731318,-0.169579,0.039954,0.282893,0.128834,0.015714,0.395626,-0.171755,0.015931
0.509331,-0.012177,0.176864,0.699011,0.092500,0.166607,0.699553,-0.116359,0.178537,0.319109,0.092006,0.175192,0.319650,-0.116853,0.187122,0.669048,0.129338,0.015897,0.748563,-0.169220,0.047868,0.284247,0.128357,0.016176,0.396377,-0.171960,0.015883
0.515430,-0.013805,0.173818,0.705073,0.091088,0.165197,0.705721,-0.117864,0.175360,0.325140,0.090253,0.172277,0.325788,-0.118699,0.182439,0.669590,0.129222,0.015929,0.757882,-0.169150,0.053144,0.285420,0.128236,0.020171,0.397042,-0.172088,0.015765
0.521257,-0.015022,0.172677,0.710871,0.090030,0.165483,0.711600,-0.118986,0.174236,0.330915,0.088941,0.171117,0.331643,-0.120074,0.179870,0.670181,0.129117,0.015965,0.763182,-0.169330,0.054029,0.287633,0.128125,0.024140,0.397641,-0.172212,0.015631
0.526884,-0.015949,0.173103,0.716485,0.089215,0.167343,0.717261,-0.119846,0.174925,0.336507,0.087947,0.171280,0.337283,-0.121114,0.178862,0.670788,0.129038,0.016027,0.766777,-0.169594,0.052182,0.291364,0.128029,0.027038,0.398202,-0.172286,0.015670
0.532402,-0.016647,0.174589,0.721987,0.088611,0.170210,0.722808,-0.120481,0.176863,0.341996,0.087187,0.172316,0.342817,-0.121906,0.178969,0.671408,0.128977,0.015937,0.769353,-0.169834,0.049216,0.296309,0.127927,0.029213,0.398720,-0.172352,0.015778
0.537893,-0.017162,0.176629,0.727462,0.088171,0.173530,0.728321,-0.120943,0.179463,0.347466,0.086618,0.173796,0.348324,-0.122496,0.179729,0.672013,0.128940,0.015896,0.771125,-0.170013,0.046333,0.302117,0.127854,0.031169,0.399215,-0.172405,0.015844
0.543396,-0.017540,0.178822,0.732947,0.087853,0.176853,0.733839,-0.121275,0.182247,0.352953,0.086195,0.175396,0.353845,-0.122933,0.180790,0.672609,0.128908,0.015829,0.772464,-0.170134,0.044285,0.308519,0.127806,0.033298,0.399690,-0.172457,0.015893
0.548925,-0.017838,0.180940,0.738461,0.087596,0.179921,0.739374,-0.121543,0.184873,0.358476,0.085868,0.177008,0.359390,-0.123271,0.181960,0.673195,0.128887,0.015751,0.773743,-0.170204,0.043478,0.315304,0.127808,0.036170,0.400154,-0.172488,0.015922
0.554510,-0.018116,0.182956,0.744035,0.087342,0.182687,0.744960,-0.121807,0.187232,0.364060,0.085575,0.178681,0.364985,-0.123574,0.183225,0.673769,0.128866,0.015773,0.775126,-0.170248,0.043936,0.322407,0.127839,0.040014,0.400609,-0.172512,0.015940
0.560181,-0.018463,0.185016,0.749690,0.087023,0.185314,0.750638,-0.122135,0.189400,0.369723,0.085209,0.180631,0.370671,-0.123949,0.184717,0.674336,0.128829,0.015825,0.776400,-0.170289,0.045512,0.329918,0.127835,0.044851,0.401050,-0.172567,0.015936
0.566010,-0.018978,0.187330,0.755504,0.086533,0.188103,0.756478,-0.122637,0.191519,0.375541,0.084681,0.183142,0.376515,-0.124489,0.186557,0.674912,0.128801,0.015854,0.777204,-0.170346,0.047654,0.338174,0.127791,0.050111,0.401478,-0.172616,0.015923
0.572079,-0.019749,0.190057,0.761562,0.085777,0.191232,0.762560,-0.123406,0.193708,0.381598,0.083908,0.186405,0.382595,-0.125274,0.188881,0.675493,0.128745,0.015883,0.776883,-0.170496,0.049699,0.347870,0.127644,0.054801,0.401886,-0.172684,0.015857
0.578495,-0.020786,0.193177,0.767955,0.084779,0.194614,0.769008,-0.124414,0.195897,0.387982,0.082842,0.190458,0.389035,-0.126352,0.191741,0.676108,0.128673,0.015863,0.774957,-0.170726,0.050637,0.359843,0.127337,0.057557,0.402291,-0.172815,0.015863
0.585188,-0.022015,0.196304,0.774658,0.083534,0.197567,0.775705,-0.125664,0.197470,0.394671,0.081634,0.195139,0.395717,-0.127563,0.195042,0.676737,0.128579,0.015918,0.771397,-0.171066,0.047959,0.374834,0.127050,0.056760,0.402708,-0.172895,0.015868
0.591919,-0.023125,0.198430,0.781286,0.082617,0.198132,0.782541,-0.126576,0.196893,0.401297,0.080326,0.199966,0.402552,-0.128866,0.198727,0.677356,0.128524,0.015958,0.766482,-0.171188,0.038865,0.393464,0.126612,0.051234,0.402989,-0.173232,0.015872
0.598299,-0.024151,0.198423,0.787173,0.082440,0.195979,0.789331,-0.126733,0.193453,0.407267,0.078432,0.203393,0.409425,-0.130742,0.200867,0.711016,0.129279,0.016428,0.759772,-0.170413,0.021177,0.416071,0.125924,0.042283,0.398707,-0.174073,0.015838
0.604288,-0.024750,0.195597,0.792260,0.083386,0.191820,0.796130,-0.125769,0.189851,0.412446,0.076269,0.201343,0.416316,-0.132886,0.199375,0.760867,0.129835,0.025036,0.759907,-0.170262,0.015978,0.443442,0.123917,0.029762,0.388595,-0.177206,0.023749
0.609980,-0.024471,0.190503,0.797295,0.084811,0.187107,0.802472,-0.124323,0.186304,0.417488,0.075381,0.194702,0.422665,-0.133754,0.193900,0.796015,0.130822,0.036454,0.760388,-0.170175,0.015940,0.460471,0.122595,0.015995,0.383346,-0.179576,0.033444
0.615688,-0.024010,0.185257,0.803038,0.085237,0.182685,0.808183,-0.123899,0.182229,0.423194,0.075880,0.188285,0.428339,-0.133256,0.187828,0.814562,0.131295,0.040151,0.760780,-0.170167,0.015905,0.461176,0.122654,0.015958,0.383760,-0.179499,0.042096
