-0.000393,0.002182,0.348513,0.188796,0.107721,0.338015,0.189729,-0.101469,0.336216,-0.190515,0.105833,0.360811,-0.189582,-0.103357,0.359011,0.134986,0.154850,0.115180,0.135176,-0.145241,0.112561,-0.188795,0.153210,0.138034,-0.203412,-0.147239,0.169307
0.000839,0.003162,0.340980,0.189912,0.108612,0.327825,0.190610,-0.100562,0.324561,-0.188931,0.106886,0.357400,-0.188234,-0.102287,0.354136,0.160521,0.157656,0.091512,0.168257,-0.142402,0.087999,-0.163516,0.156066,0.124158,-0.172543,-0.144254,0.133882
0.003868,0.004145,0.329032,0.192785,0.109687,0.314462,0.193444,-0.099461,0.309846,-0.185707,0.107751,0.348219,-0.185049,-0.101397,0.343602,0.163396,0.160658,0.060643,0.177262,-0.139491,0.061490,-0.152699,0.158539,0.111563,-0.151575,-0.141371,0.099779
0.007030,0.005051,0.312919,0.195513,0.111184,0.297072,0.196623,-0.097916,0.290702,-0.182562,0.108017,0.335137,-0.181452,-0.101083,0.328767,0.173373,0.164788,0.026260,0.185145,-0.135731,0.037384,-0.151150,0.160772,0.101534,-0.132191,-0.138252,0.064797
0.010391,0.003923,0.295749,0.200418,0.107848,0.284313,0.199020,-0.101151,0.275268,-0.178238,0.108998,0.316230,-0.179635,-0.100001,0.307185,0.173784,0.165131,0.016021,0.194616,-0.135611,0.020997,-0.155670,0.164055,0.091764,-0.117701,-0.133968,0.031268
0.011627,0.001158,0.281435,0.203096,0.103024,0.279389,0.199765,-0.105780,0.266954,-0.176511,0.108095,0.295915,-0.179842,-0.100708,0.283481,0.173707,0.164711,0.016053,0.194568,-0.136279,0.015849,-0.153515,0.166191,0.078858,-0.103467,-0.131525,0.015854
0.011414,0.000053,0.274053,0.203022,0.101672,0.275113,0.199592,-0.107056,0.261494,-0.176765,0.107163,0.286611,-0.180194,-0.101566,0.272992,0.173419,0.164615,0.016044,0.193751,-0.136480,0.015774,-0.158550,0.166440,0.071667,-0.102764,-0.131618,0.015929
0.010902,-0.000250,0.270647,0.202525,0.101337,0.272134,0.199079,-0.107364,0.258108,-0.177274,0.106864,0.283187,-0.180720,-0.101837,0.269161,0.173183,0.164591,0.016035,0.191108,-0.136785,0.019930,-0.165389,0.166365,0.072809,-0.102566,-0.131669,0.015957
0.010403,-0.000242,0.269126,0.202039,0.101313,0.270917,0.198579,-0.107383,0.256812,-0.177774,0.106898,0.281440,-0.181234,-0.101797,0.267335,0.173059,0.164580,0.016039,0.183099,-0.136892,0.023129,-0.167429,0.166285,0.074327,-0.102501,-0.131673,0.015966
0.009941,0.000031,0.268290,0.201583,0.101569,0.270411,0.198133,-0.107138,0.256468,-0.178251,0.107199,0.280112,-0.181701,-0.101508,0.266169,0.172997,0.164592,0.016040,0.173565,-0.136839,0.025205,-0.167341,0.166297,0.074729,-0.102475,-0.131660,0.015967
0.009502,0.000525,0.267571,0.201144,0.102057,0.269985,0.197717,-0.106672,0.256385,-0.178713,0.107721,0.278758,-0.182139,-0.101008,0.265158,0.172932,0.164619,0.016036,0.164643,-0.136703,0.026486,-0.166907,0.166415,0.074090,-0.102451,-0.131633,0.015967
0.009064,0.001247,0.266705,0.200697,0.102790,0.269319,0.197306,-0.105973,0.256240,-0.179179,0.108468,0.277169,-0.182570,-0.100295,0.264090,0.172836,0.164656,0.016033,0.156537,-0.136507,0.027199,-0.166756,0.166631,0.072547,-0.102436,-0.131597,0.015968
0.008659,0.002209,0.265591,0.200280,0.103773,0.268318,0.196933,-0.105033,0.255932,-0.179614,0.109451,0.275250,-0.182961,-0.099356,0.262864,0.172735,0.164716,0.016024,0.148936,-0.136252,0.027542,-0.166935,0.166948,0.070169,-0.102392,-0.131537,0.015965
0.008278,0.003412,0.264231,0.199880,0.105012,0.266971,0.196586,-0.103847,0.255479,-0.180031,0.110671,0.272983,-0.183324,-0.098187,0.261491,0.172600,0.164774,0.016015,0.141626,-0.135971,0.027685,-0.167291,0.167333,0.066908,-0.102360,-0.131479,0.015965
0.007912,0.004877,0.262664,0.199490,0.106522,0.265331,0.196258,-0.102394,0.254934,-0.180434,0.112148,0.270395,-0.183667,-0.096768,0.259997,0.172436,0.164861,0.016000,0.134501,-0.135644,0.027747,-0.167535,0.167801,0.062629,-0.102314,-0.131393,0.015962
0.007553,0.006599,0.260942,0.199105,0.108297,0.263478,0.195939,-0.100681,0.254395,-0.180833,0.113880,0.267489,-0.183999,-0.095099,0.258406,0.172264,0.164959,0.015986,0.127569,-0.135295,0.027811,-0.167368,0.168316,0.057156,-0.102267,-0.131297,0.015958
0.007172,0.008575,0.259080,0.198698,0.110325,0.261482,0.195595,-0.098715,0.253927,-0.181252,0.115866,0.264232,-0.184355,-0.093174,0.256678,0.172092,0.165078,0.015958,0.120667,-0.134916,0.027807,-0.166526,0.168870,0.050112,-0.102209,-0.131179,0.015955
0.006771,0.010801,0.257061,0.198275,0.112595,0.259372,0.195225,-0.096502,0.253573,-0.181683,0.118105,0.260549,-0.184733,-0.090993,0.254750,0.171889,0.165203,0.015929,0.113809,-0.134519,0.027536,-0.164957,0.169418,0.041120,-0.102166,-0.131047,0.015947
0.006336,0.013271,0.254847,0.197816,0.115110,0.257196,0.194816,-0.094034,0.253374,-0.182143,0.120577,0.256321,-0.185144,-0.088567,0.252499,0.171684,0.165356,0.015895,0.107340,-0.134098,0.026669,-0.162719,0.169903,0.029644,-0.102110,-0.130897,0.015936
0.005840,0.015953,0.252362,0.197297,0.117829,0.255006,0.194328,-0.091344,0.253366,-0.182647,0.123250,0.251359,-0.185616,-0.085923,0.249719,0.171487,0.165526,0.015852,0.101933,-0.133697,0.024794,-0.159854,0.170231,0.015597,-0.102029,-0.130732,0.015927
0.005390,0.018038,0.250493,0.196839,0.119945,0.252387,0.193884,-0.089234,0.252477,-0.183104,0.125310,0.248508,-0.186058,-0.083869,0.248598,0.171272,0.165659,0.015808,0.098132,-0.133436,0.020763,-0.159664,0.170333,0.015756,-0.102039,-0.130611,0.015912
0.005142,0.018791,0.249412,0.196597,0.120702,0.250138,0.193644,-0.088476,0.250857,-0.183359,0.126059,0.247967,-0.186312,-0.083119,0.248687,0.171111,0.165710,0.015782,0.096435,-0.133367,0.015900,-0.159646,0.170380,0.015783,-0.102078,-0.130564,0.015908
0.005047,0.018936,0.249091,0.196505,0.120841,0.249566,0.193547,-0.088336,0.250407,-0.183453,0.126208,0.247776,-0.186411,-0.082969,0.248617,0.171074,0.165716,0.015777,0.096412,-0.133360,0.015896,-0.159633,0.170394,0.015796,-0.102073,-0.130552,0.015909
0.004978,0.018944,0.249383,0.196436,0.120850,0.249959,0.193478,-0.088327,0.250804,-0.183521,0.126215,0.247962,-0.186479,-0.082963,0.248807,0.171094,0.165718,0.015778,0.096432,-0.133359,0.015897,-0.159644,0.170394,0.015797,-0.102088,-0.130551,0.015908
0.004898,0.018896,0.249877,0.196356,0.120801,0.250585,0.193396,-0.088376,0.251385,-0.183600,0.126168,0.248368,-0.186559,-0.083009,0.249169,0.171119,0.165715,0.015777,0.096445,-0.133361,0.015897,-0.159683,0.170395,0.015796,-0.102118,-0.130552,0.015909
0.004822,0.018843,0.250345,0.196278,0.120749,0.251173,0.193320,-0.088429,0.251925,-0.183676,0.126114,0.248765,-0.186635,-0.083063,0.249516,0.171149,0.165713,0.015782,0.096457,-0.133362,0.015894,-0.159713,0.170393,0.015795,-0.102140,-0.130553,0.015908
0.004738,0.018797,0.250681,0.196194,0.120703,0.251605,0.193235,-0.088475,0.252319,-0.183760,0.126069,0.249043,-0.186718,-0.083109,0.249756,0.171191,0.165707,0.015785,0.096491,-0.133368,0.015893,-0.159719,0.170388,0.015792,-0.102141,-0.130558,0.015908
0.004627,0.018774,0.250871,0.196083,0.120680,0.251862,0.193124,-0.088498,0.252556,-0.183870,0.126046,0.249185,-0.186829,-0.083132,0.249880,0.171182,0.165703,0.015783,0.096479,-0.133371,0.015892,-0.159746,0.170384,0.015791,-0.102168,-0.130561,0.015907
0.004532,0.018768,0.250931,0.195988,0.120673,0.251982,0.193028,-0.088505,0.252667,-0.183964,0.126041,0.249195,-0.186924,-0.083137,0.249879,0.171194,0.165706,0.015784,0.096483,-0.133368,0.015891,-0.159746,0.170390,0.015789,-0.102166,-0.130556,0.015909
0.004410,0.018795,0.250913,0.195865,0.120701,0.252006,0.192906,-0.088477,0.252711,-0.184086,0.126067,0.249115,-0.187046,-0.083111,0.249820,0.171176,0.165709,0.015781,0.096468,-0.133365,0.015894,-0.159754,0.170391,0.015788,-0.102181,-0.130555,0.015907
0.004288,0.018862,0.250850,0.195743,0.120768,0.251969,0.192783,-0.088410,0.252728,-0.184207,0.126133,0.248973,-0.187167,-0.083044,0.249732,0.171169,0.165714,0.015784,0.096460,-0.133361,0.015894,-0.159752,0.170397,0.015789,-0.102191,-0.130550,0.015907
0.004166,0.018955,0.250758,0.195621,0.120861,0.251887,0.192660,-0.088316,0.252727,-0.184329,0.126227,0.248789,-0.187289,-0.082951,0.249629,0.171151,0.165714,0.015780,0.096448,-0.133361,0.015896,-0.159755,0.170397,0.015790,-0.102196,-0.130549,0.015907
0.004047,0.019083,0.250645,0.195502,0.120991,0.251765,0.192542,-0.088186,0.252705,-0.184447,0.126352,0.248585,-0.187407,-0.082825,0.249525,0.171133,0.165729,0.015778,0.096445,-0.133346,0.015898,-0.159746,0.170411,0.015790,-0.102196,-0.130536,0.015905
0.003956,0.019217,0.250515,0.195411,0.121123,0.251617,0.192449,-0.088053,0.252675,-0.184538,0.126486,0.248356,-0.187499,-0.082690,0.249414,0.171119,0.165730,0.015782,0.096443,-0.133346,0.015900,-0.159739,0.170414,0.015788,-0.102205,-0.130534,0.015904
0.003849,0.019365,0.250386,0.195304,0.121273,0.251463,0.192342,-0.087903,0.252645,-0.184644,0.126633,0.248126,-0.187606,-0.082542,0.249309,0.171101,0.165738,0.015776,0.096437,-0.133339,0.015902,-0.159728,0.170422,0.015788,-0.102205,-0.130526,0.015903
0.003754,0.019522,0.250270,0.195207,0.121431,0.251319,0.192247,-0.087744,0.252630,-0.184740,0.126787,0.247910,-0.187700,-0.082388,0.249222,0.171094,0.165751,0.015783,0.096441,-0.133327,0.015904,-0.159709,0.170433,0.015788,-0.102203,-0.130516,0.015901
0.003654,0.019670,0.250171,0.195108,0.121581,0.251191,0.192148,-0.087593,0.252628,-0.184839,0.126934,0.247714,-0.187799,-0.082240,0.249151,0.171065,0.165760,0.015785,0.096423,-0.133320,0.015907,-0.159712,0.170441,0.015788,-0.102221,-0.130509,0.015903
0.003567,0.019812,0.250090,0.195020,0.121723,0.251081,0.192060,-0.087450,0.252640,-0.184926,0.127073,0.247541,-0.187886,-0.082100,0.249100,0.171057,0.165764,0.015787,0.096425,-0.133317,0.015908,-0.159706,0.170445,0.015789,-0.102221,-0.130506,0.015899
0.003471,0.019951,0.250024,0.194925,0.121861,0.250988,0.191963,-0.087311,0.252657,-0.185020,0.127213,0.247391,-0.187982,-0.081960,0.249060,0.171029,0.165779,0.015788,0.096401,-0.133303,0.015909,-0.159713,0.170462,0.015790,-0.102241,-0.130490,0.015899
0.003391,0.020090,0.249971,0.194844,0.122002,0.250893,0.191883,-0.087170,0.252678,-0.185101,0.127350,0.247265,-0.188062,-0.081822,0.249050,0.171023,0.165789,0.015790,0.096407,-0.133295,0.015910,-0.159704,0.170471,0.015788,-0.102240,-0.130482,0.015900
0.003307,0.020214,0.249934,0.194760,0.122126,0.250802,0.191799,-0.087044,0.252694,-0.185185,0.127472,0.247173,-0.188146,-0.081698,0.249065,0.171010,0.165793,0.015794,0.096394,-0.133292,0.015912,-0.159703,0.170475,0.015786,-0.102252,-0.130480,0.015898
0.003216,0.020315,0.249902,0.194669,0.122227,0.250732,0.191707,-0.086942,0.252705,-0.185276,0.127573,0.247099,-0.188238,-0.081597,0.249073,0.170991,0.165802,0.015793,0.096382,-0.133284,0.015913,-0.159707,0.170485,0.015789,-0.102264,-0.130471,0.015896
0.003124,0.020412,0.249878,0.194577,0.122326,0.250676,0.191616,-0.086843,0.252731,-0.185368,0.127668,0.247025,-0.188329,-0.081501,0.249080,0.170988,0.165808,0.015797,0.096384,-0.133279,0.015914,-0.159704,0.170489,0.015785,-0.102265,-0.130467,0.015896
0.003040,0.020493,0.249861,0.194494,0.122405,0.250632,0.191532,-0.086763,0.252753,-0.185451,0.127748,0.246970,-0.188413,-0.081420,0.249091,0.170978,0.165813,0.015798,0.096376,-0.133274,0.015915,-0.159712,0.170496,0.015787,-0.102284,-0.130461,0.015897
0.002964,0.020569,0.249856,0.194417,0.122482,0.250596,0.191456,-0.086685,0.252781,-0.185528,0.127823,0.246930,-0.188489,-0.081345,0.249116,0.170965,0.165818,0.015803,0.096365,-0.133271,0.015916,-0.159720,0.170500,0.015785,-0.102294,-0.130459,0.015895
0.002884,0.020643,0.249848,0.194337,0.122558,0.250559,0.191376,-0.086609,0.252803,-0.185608,0.127896,0.246893,-0.188569,-0.081271,0.249137,0.170963,0.165827,0.015803,0.096373,-0.133263,0.015916,-0.159709,0.170507,0.015783,-0.102293,-0.130452,0.015894
0.002789,0.020718,0.249837,0.194242,0.122632,0.250515,0.191280,-0.086535,0.252823,-0.185703,0.127970,0.246851,-0.188664,-0.081196,0.249159,0.170950,0.165829,0.015804,0.096358,-0.133262,0.015918,-0.159717,0.170510,0.015781,-0.102308,-0.130450,0.015894
0.002708,0.020786,0.249821,0.194162,0.122700,0.250469,0.191200,-0.086466,0.252834,-0.185783,0.128038,0.246807,-0.188745,-0.081127,0.249172,0.170936,0.165833,0.015805,0.096352,-0.133259,0.015918,-0.159724,0.170515,0.015781,-0.102312,-0.130446,0.015893
0.002632,0.020849,0.249810,0.194085,0.122764,0.250430,0.191124,-0.086401,0.252845,-0.185860,0.128100,0.246775,-0.188821,-0.081065,0.249190,0.170931,0.165840,0.015806,0.096347,-0.133253,0.015919,-0.159722,0.170520,0.015776,-0.102324,-0.130441,0.015892
0.002571,0.020895,0.249807,0.194025,0.122808,0.250403,0.191063,-0.086356,0.252856,-0.185920,0.128146,0.246757,-0.188882,-0.081018,0.249210,0.170931,0.165842,0.015808,0.096351,-0.133251,0.015920,-0.159720,0.170524,0.015779,-0.102317,-0.130438,0.015890
0.002499,0.020941,0.249807,0.193952,0.122854,0.250383,0.190990,-0.086310,0.252870,-0.185993,0.128192,0.246744,-0.188955,-0.080973,0.249231,0.170915,0.165849,0.015808,0.096342,-0.133245,0.015921,-0.159731,0.170531,0.015779,-0.102334,-0.130432,0.015889
0.002445,0.020975,0.249812,0.193899,0.122888,0.250367,0.190936,-0.086276,0.252890,-0.186046,0.128226,0.246734,-0.189009,-0.080938,0.249257,0.170923,0.165842,0.015811,0.096346,-0.133252,0.015921,-0.159725,0.170526,0.015777,-0.102332,-0.130438,0.015890
0.002380,0.021008,0.249826,0.193833,0.122922,0.250365,0.190873,-0.086241,0.252914,-0.186112,0.128256,0.246738,-0.189073,-0.080907,0.249287,0.170914,0.165846,0.015812,0.096338,-0.133249,0.015920,-0.159729,0.170526,0.015774,-0.102342,-0.130437,0.015891
0.002319,0.021036,0.249837,0.193772,0.122952,0.250365,0.190812,-0.086212,0.252934,-0.186173,0.128284,0.246740,-0.189133,-0.080879,0.249310,0.170905,0.165852,0.015810,0.096331,-0.133244,0.015922,-0.159741,0.170531,0.015775,-0.102355,-0.130433,0.015889
0.002258,0.021051,0.249842,0.193712,0.122965,0.250362,0.190750,-0.086199,0.252946,-0.186233,0.128301,0.246738,-0.189196,-0.080862,0.249322,0.170904,0.165848,0.015810,0.096328,-0.133247,0.015922,-0.159736,0.170531,0.015775,-0.102356,-0.130433,0.015890
0.002190,0.021065,0.249849,0.193643,0.122978,0.250357,0.190681,-0.086185,0.252951,-0.186302,0.128314,0.246746,-0.189264,-0.080849,0.249340,0.170899,0.165851,0.015812,0.096322,-0.133245,0.015924,-0.159748,0.170532,0.015774,-0.102361,-0.130432,0.015888
0.002121,0.021072,0.249863,0.193575,0.122986,0.250369,0.190613,-0.086177,0.252968,-0.186371,0.128321,0.246758,-0.189333,-0.080841,0.249358,0.170892,0.165851,0.015814,0.096316,-0.133245,0.015923,-0.159751,0.170532,0.015769,-0.102370,-0.130432,0.015889
0.002056,0.021086,0.249880,0.193511,0.122998,0.250379,0.190547,-0.086165,0.252989,-0.186435,0.128336,0.246770,-0.189398,-0.080826,0.249381,0.170896,0.165848,0.015814,0.096315,-0.133247,0.015924,-0.159750,0.170533,0.015773,-0.102367,-0.130432,0.015889
0.001991,0.021093,0.249894,0.193445,0.123008,0.250388,0.190483,-0.086155,0.253001,-0.186501,0.128342,0.246786,-0.189462,-0.080821,0.249400,0.170891,0.165854,0.015813,0.096311,-0.133242,0.015923,-0.159754,0.170535,0.015771,-0.102374,-0.130430,0.015889
0.001930,0.021107,0.249903,0.193384,0.123021,0.250390,0.190422,-0.086141,0.253015,-0.186562,0.128355,0.246791,-0.189523,-0.080808,0.249416,0.170885,0.165854,0.015812,0.096308,-0.133243,0.015923,-0.159762,0.170534,0.015770,-0.102382,-0.130430,0.015890
0.001869,0.021116,0.249912,0.193322,0.123031,0.250386,0.190362,-0.086132,0.253018,-0.186623,0.128364,0.246806,-0.189584,-0.080798,0.249437,0.170885,0.165856,0.015815,0.096300,-0.133241,0.015924,-0.159770,0.170536,0.015769,-0.102385,-0.130429,0.015889
0.001816,0.021118,0.249918,0.193269,0.123032,0.250382,0.190308,-0.086130,0.253017,-0.186677,0.128366,0.246819,-0.189638,-0.080796,0.249454,0.170875,0.165853,0.015817,0.096297,-0.133244,0.015924,-0.159777,0.170534,0.015766,-0.102399,-0.130431,0.015889
0.001770,0.021109,0.249925,0.193224,0.123023,0.250388,0.190262,-0.086140,0.253015,-0.186722,0.128357,0.246835,-0.189683,-0.080806,0.249462,0.170876,0.165851,0.015819,0.096295,-0.133246,0.015926,-0.159777,0.170531,0.015766,-0.102396,-0.130433,0.015888
0.001732,0.021093,0.249933,0.193186,0.123006,0.250407,0.190223,-0.086157,0.253018,-0.186760,0.128344,0.246849,-0.189723,-0.080819,0.249460,0.170872,0.165851,0.015816,0.096295,-0.133245,0.015924,-0.159781,0.170534,0.015764,-0.102403,-0.130430,0.015889
0.001682,0.021082,0.249949,0.193136,0.122995,0.250428,0.190174,-0.086167,0.253027,-0.186810,0.128331,0.246870,-0.189772,-0.080832,0.249470,0.170870,0.165853,0.015818,0.096285,-0.133243,0.015925,-0.159785,0.170534,0.015765,-0.102406,-0.130430,0.015888
0.001633,0.021072,0.249966,0.193086,0.122986,0.250448,0.190125,-0.086177,0.253039,-0.186860,0.128322,0.246893,-0.189821,-0.080841,0.249485,0.170867,0.165852,0.015819,0.096282,-0.133244,0.015925,-0.159793,0.170533,0.015763,-0.102413,-0.130431,0.015889
0.001583,0.021059,0.249981,0.193037,0.122973,0.250468,0.190075,-0.086190,0.253050,-0.186909,0.128308,0.246912,-0.189871,-0.080855,0.249494,0.170869,0.165848,0.015820,0.096279,-0.133247,0.015925,-0.159795,0.170529,0.015764,-0.102410,-0.130435,0.015888
0.001537,0.021048,0.249992,0.192992,0.122960,0.250480,0.190029,-0.086203,0.253053,-0.186954,0.128299,0.246931,-0.189917,-0.080865,0.249504,0.170866,0.165845,0.015819,0.096275,-0.133250,0.015925,-0.159799,0.170528,0.015762,-0.102416,-0.130436,0.015887
0.001488,0.021032,0.250003,0.192942,0.122945,0.250496,0.189979,-0.086219,0.253053,-0.187004,0.128283,0.246953,-0.189967,-0.080880,0.249509,0.170861,0.165847,0.015816,0.096275,-0.133248,0.015925,-0.159803,0.170530,0.015763,-0.102418,-0.130433,0.015887
0.001431,0.021021,0.250015,0.192885,0.122934,0.250513,0.189922,-0.086230,0.253060,-0.187061,0.128272,0.246970,-0.190024,-0.080892,0.249517,0.170856,0.165845,0.015816,0.096265,-0.133250,0.015925,-0.159813,0.170528,0.015762,-0.102427,-0.130436,0.015889
0.001377,0.021013,0.250030,0.192831,0.122926,0.250530,0.189869,-0.086237,0.253070,-0.187115,0.128264,0.246991,-0.190077,-0.080900,0.249531,0.170854,0.165845,0.015819,0.096262,-0.133250,0.015925,-0.159817,0.170527,0.015761,-0.102432,-0.130436,0.015887
0.001328,0.021002,0.250045,0.192781,0.122915,0.250549,0.189820,-0.086249,0.253079,-0.187165,0.128252,0.247010,-0.190126,-0.080911,0.249541,0.170858,0.165844,0.015818,0.096259,-0.133251,0.015925,-0.159817,0.170526,0.015760,-0.102434,-0.130437,0.015887
0.001282,0.020994,0.250056,0.192736,0.122907,0.250565,0.189773,-0.086257,0.253087,-0.187210,0.128246,0.247025,-0.190173,-0.080918,0.249546,0.170852,0.165845,0.015817,0.096257,-0.133249,0.015925,-0.159820,0.170528,0.015759,-0.102437,-0.130436,0.015887
0.001240,0.020983,0.250066,0.192695,0.122894,0.250586,0.189731,-0.086270,0.253097,-0.187251,0.128235,0.247035,-0.190215,-0.080929,0.249547,0.170853,0.165842,0.015818,0.096254,-0.133251,0.015926,-0.159825,0.170527,0.015761,-0.102441,-0.130436,0.015889
0.001190,0.020975,0.250080,0.192644,0.122888,0.250611,0.189682,-0.086276,0.253114,-0.187302,0.128226,0.247046,-0.190264,-0.080938,0.249549,0.170843,0.165845,0.015820,0.096241,-0.133249,0.015925,-0.159838,0.170527,0.015761,-0.102452,-0.130435,0.015888
0.001144,0.020960,0.250092,0.192598,0.122873,0.250640,0.189636,-0.086291,0.253130,-0.187348,0.128210,0.247054,-0.190309,-0.080954,0.249544,0.170855,0.165844,0.015821,0.096253,-0.133250,0.015927,-0.159832,0.170525,0.015758,-0.102446,-0.130437,0.015889
0.001106,0.020943,0.250103,0.192560,0.122855,0.250667,0.189597,-0.086309,0.253144,-0.187385,0.128195,0.247062,-0.190348,-0.080970,0.249539,0.170852,0.165840,0.015820,0.096249,-0.133253,0.015925,-0.159833,0.170524,0.015759,-0.102450,-0.130439,0.015889
0.001080,0.020926,0.250114,0.192533,0.122839,0.250688,0.189572,-0.086325,0.253151,-0.187412,0.128176,0.247077,-0.190374,-0.080988,0.249541,0.170853,0.165838,0.015818,0.096247,-0.133255,0.015926,-0.159835,0.170519,0.015757,-0.102449,-0.130443,0.015888
0.001045,0.020906,0.250125,0.192499,0.122820,0.250706,0.189537,-0.086345,0.253150,-0.187446,0.128158,0.247101,-0.190409,-0.081007,0.249545,0.170848,0.165839,0.015818,0.096245,-0.133254,0.015928,-0.159840,0.170521,0.015756,-0.102452,-0.130440,0.015889
0.001007,0.020893,0.250140,0.192461,0.122807,0.250725,0.189499,-0.086358,0.253159,-0.187485,0.128145,0.247121,-0.190446,-0.081020,0.249555,0.170837,0.165837,0.015821,0.096230,-0.133255,0.015926,-0.159857,0.170519,0.015754,-0.102468,-0.130442,0.015886
0.000980,0.020876,0.250152,0.192434,0.122789,0.250744,0.189472,-0.086376,0.253164,-0.187511,0.128128,0.247140,-0.190473,-0.081037,0.249559,0.170848,0.165835,0.015819,0.096239,-0.133257,0.015926,-0.159850,0.170517,0.015755,-0.102460,-0.130444,0.015889
0.000954,0.020857,0.250161,0.192408,0.122770,0.250762,0.189445,-0.086396,0.253161,-0.187538,0.128109,0.247161,-0.190500,-0.081056,0.249560,0.170849,0.165838,0.015819,0.096236,-0.133254,0.015927,-0.159850,0.170521,0.015754,-0.102462,-0.130441,0.015888
0.000919,0.020847,0.250173,0.192373,0.122761,0.250783,0.189411,-0.086405,0.253177,-0.187572,0.128099,0.247169,-0.190534,-0.081066,0.249564,0.170843,0.165833,0.015820,0.096228,-0.133259,0.015926,-0.159862,0.170516,0.015752,-0.102474,-0.130445,0.015888
0.000896,0.020838,0.250186,0.192350,0.122752,0.250803,0.189388,-0.086414,0.253189,-0.187596,0.128089,0.247183,-0.190557,-0.081076,0.249569,0.170846,0.165833,0.015820,0.096236,-0.133259,0.015926,-0.159859,0.170514,0.015755,-0.102466,-0.130447,0.015888
0.000862,0.020824,0.250197,0.192315,0.122738,0.250830,0.189354,-0.086428,0.253202,-0.187630,0.128076,0.247192,-0.190591,-0.081089,0.249564,0.170843,0.165834,0.015819,0.096230,-0.133257,0.015926,-0.159861,0.170516,0.015754,-0.102466,-0.130444,0.015888
0.000832,0.020809,0.250205,0.192285,0.122722,0.250849,0.189323,-0.086444,0.253208,-0.187660,0.128062,0.247202,-0.190622,-0.081104,0.249562,0.170841,0.165832,0.015818,0.096225,-0.133259,0.015926,-0.159869,0.170515,0.015756,-0.102479,-0.130446,0.015889
0.000790,0.020798,0.250213,0.192243,0.122711,0.250870,0.189281,-0.086455,0.253222,-0.187702,0.128050,0.247204,-0.190664,-0.081116,0.249556,0.170844,0.165829,0.015821,0.096222,-0.133263,0.015926,-0.159870,0.170511,0.015754,-0.102473,-0.130449,0.015890
0.000748,0.020784,0.250221,0.192201,0.122698,0.250888,0.189239,-0.086468,0.253228,-0.187744,0.128037,0.247214,-0.190706,-0.081129,0.249553,0.170836,0.165828,0.015818,0.096218,-0.133263,0.015926,-0.159875,0.170511,0.015753,-0.102476,-0.130450,0.015888
0.000717,0.020765,0.250227,0.192171,0.122678,0.250917,0.189208,-0.086488,0.253237,-0.187774,0.128019,0.247218,-0.190736,-0.081147,0.249538,0.170834,0.165830,0.015817,0.096215,-0.133260,0.015926,-0.159882,0.170514,0.015751,-0.102490,-0.130446,0.015889
0.000683,0.020758,0.250240,0.192136,0.122671,0.250942,0.189174,-0.086495,0.253256,-0.187808,0.128011,0.247224,-0.190771,-0.081155,0.249538,0.170833,0.165829,0.015819,0.096215,-0.133262,0.015926,-0.159882,0.170512,0.015751,-0.102490,-0.130448,0.015889
0.000664,0.020752,0.250257,0.192117,0.122666,0.250971,0.189155,-0.086501,0.253282,-0.187827,0.128005,0.247231,-0.190789,-0.081162,0.249542,0.170835,0.165826,0.015820,0.096213,-0.133264,0.015925,-0.159884,0.170509,0.015751,-0.102491,-0.130451,0.015889
0.000626,0.020741,0.250269,0.192079,0.122654,0.250996,0.189116,-0.086513,0.253295,-0.187865,0.127994,0.247244,-0.190828,-0.081173,0.249543,0.170829,0.165828,0.015816,0.096205,-0.133263,0.015926,-0.159889,0.170511,0.015752,-0.102495,-0.130449,0.015889
0.000599,0.020729,0.250281,0.192052,0.122642,0.251014,0.189090,-0.086524,0.253303,-0.187892,0.127982,0.247259,-0.190854,-0.081184,0.249549,0.170831,0.165826,0.015819,0.096205,-0.133264,0.015925,-0.159895,0.170509,0.015753,-0.102495,-0.130450,0.015887
0.000565,0.020710,0.250290,0.192018,0.122622,0.251030,0.189055,-0.086544,0.253303,-0.187926,0.127964,0.247277,-0.190889,-0.081202,0.249550,0.170831,0.165824,0.015819,0.096203,-0.133266,0.015926,-0.159899,0.170509,0.015753,-0.102502,-0.130451,0.015889
0.000526,0.020700,0.250295,0.191980,0.122613,0.251043,0.189017,-0.086553,0.253306,-0.187964,0.127954,0.247284,-0.190927,-0.081212,0.249548,0.170826,0.165824,0.015819,0.096197,-0.133265,0.015926,-0.159903,0.170508,0.015751,-0.102503,-0.130451,0.015890
0.000500,0.020687,0.250302,0.191952,0.122602,0.251054,0.188992,-0.086565,0.253308,-0.187992,0.127939,0.247296,-0.190952,-0.081228,0.249550,0.170824,0.165823,0.015817,0.096196,-0.133267,0.015925,-0.159907,0.170503,0.015752,-0.102506,-0.130455,0.015889
0.000465,0.020672,0.250309,0.191919,0.122585,0.251068,0.188956,-0.086582,0.253307,-0.188025,0.127926,0.247311,-0.190988,-0.081241,0.249550,0.170827,0.165822,0.015816,0.096193,-0.133267,0.015924,-0.159909,0.170506,0.015753,-0.102507,-0.130453,0.015889
0.000431,0.020655,0.250318,0.191884,0.122568,0.251089,0.188922,-0.086599,0.253313,-0.188060,0.127908,0.247322,-0.191022,-0.081259,0.249547,0.170823,0.165821,0.015815,0.096189,-0.133268,0.015923,-0.159907,0.170504,0.015752,-0.102513,-0.130454,0.015889
0.000393,0.020638,0.250327,0.191846,0.122551,0.251107,0.188884,-0.086616,0.253316,-0.188098,0.127891,0.247338,-0.191060,-0.081276,0.249547,0.170817,0.165821,0.015814,0.096184,-0.133268,0.015926,-0.159917,0.170503,0.015752,-0.102516,-0.130455,0.015889
0.000362,0.020628,0.250340,0.191816,0.122540,0.251125,0.188852,-0.086628,0.253323,-0.188128,0.127884,0.247357,-0.191091,-0.081284,0.249555,0.170823,0.165822,0.015817,0.096188,-0.133266,0.015926,-0.159917,0.170507,0.015751,-0.102517,-0.130451,0.015888
0.000332,0.020615,0.250358,0.191785,0.122528,0.251146,0.188823,-0.086640,0.253334,-0.188159,0.127869,0.247382,-0.191121,-0.081299,0.249570,0.170821,0.165820,0.015818,0.096184,-0.133268,0.015926,-0.159922,0.170503,0.015750,-0.102519,-0.130455,0.015888
0.000309,0.020613,0.250369,0.191763,0.122525,0.251162,0.188799,-0.086643,0.253348,-0.188181,0.127868,0.247390,-0.191145,-0.081299,0.249576,0.170822,0.165819,0.015816,0.096188,-0.133269,0.015926,-0.159918,0.170504,0.015747,-0.102515,-0.130454,0.015888
0.000294,0.020590,0.250378,0.191747,0.122502,0.251177,0.188784,-0.086666,0.253343,-0.188197,0.127845,0.247412,-0.191160,-0.081322,0.249578,0.170822,0.165818,0.015818,0.096180,-0.133270,0.015925,-0.159928,0.170503,0.015751,-0.102521,-0.130455,0.015889
0.000275,0.020578,0.250390,0.191728,0.122491,0.251190,0.188766,-0.086676,0.253347,-0.188216,0.127833,0.247433,-0.191178,-0.081335,0.249590,0.170825,0.165818,0.015817,0.096180,-0.133270,0.015923,-0.159926,0.170501,0.015751,-0.102520,-0.130457,0.015889
0.000252,0.020557,0.250402,0.191705,0.122471,0.251212,0.188743,-0.086698,0.253353,-0.188239,0.127812,0.247452,-0.191201,-0.081356,0.249592,0.170826,0.165814,0.015819,0.096180,-0.133274,0.015924,-0.159928,0.170497,0.015750,-0.102523,-0.130460,0.015889
0.000221,0.020540,0.250410,0.191674,0.122453,0.251230,0.188712,-0.086715,0.253355,-0.188269,0.127796,0.247466,-0.191232,-0.081373,0.249590,0.170816,0.165814,0.015816,0.096176,-0.133273,0.015924,-0.159934,0.170498,0.015749,-0.102527,-0.130459,0.015890
0.000198,0.020519,0.250417,0.191651,0.122432,0.251248,0.188689,-0.086736,0.253357,-0.188293,0.127775,0.247478,-0.191254,-0.081394,0.249587,0.170824,0.165811,0.015816,0.096172,-0.133276,0.015924,-0.159935,0.170494,0.015746,-0.102526,-0.130463,0.015889
0.000183,0.020515,0.250425,0.191636,0.122428,0.251265,0.188674,-0.086740,0.253364,-0.188308,0.127771,0.247486,-0.191270,-0.081397,0.249585,0.170825,0.165816,0.015820,0.096179,-0.133271,0.015926,-0.159935,0.170500,0.015747,-0.102530,-0.130457,0.015891
0.000164,0.020515,0.250439,0.191617,0.122428,0.251282,0.188655,-0.086740,0.253381,-0.188327,0.127771,0.247496,-0.191289,-0.081398,0.249595,0.170821,0.165817,0.015818,0.096175,-0.133270,0.015925,-0.159938,0.170500,0.015746,-0.102530,-0.130457,0.015888
0.000149,0.020515,0.250451,0.191602,0.122428,0.251301,0.188639,-0.086740,0.253399,-0.188342,0.127771,0.247502,-0.191304,-0.081397,0.249601,0.170822,0.165817,0.015817,0.096172,-0.133270,0.015924,-0.159941,0.170501,0.015746,-0.102531,-0.130456,0.015889
0.000134,0.020508,0.250465,0.191587,0.122420,0.251312,0.188624,-0.086748,0.253409,-0.188357,0.127764,0.247522,-0.191320,-0.081405,0.249618,0.170824,0.165811,0.015820,0.096175,-0.133276,0.015925,-0.159944,0.170495,0.015746,-0.102533,-0.130462,0.015889
0.000114,0.020487,0.250477,0.191567,0.122399,0.251331,0.188605,-0.086769,0.253407,-0.188376,0.127743,0.247548,-0.191339,-0.081426,0.249624,0.170823,0.165812,0.015820,0.096174,-0.133274,0.015926,-0.159944,0.170496,0.015744,-0.102538,-0.130461,0.015891
0.000099,0.020468,0.250488,0.191552,0.122381,0.251347,0.188590,-0.086788,0.253409,-0.188392,0.127724,0.247567,-0.191354,-0.081445,0.249629,0.170821,0.165809,0.015817,0.096169,-0.133278,0.015924,-0.159950,0.170492,0.015747,-0.102537,-0.130464,0.015890
0.000084,0.020452,0.250497,0.191537,0.122366,0.251363,0.188575,-0.086803,0.253412,-0.188407,0.127708,0.247582,-0.191369,-0.081461,0.249632,0.170824,0.165808,0.015817,0.096167,-0.133279,0.015925,-0.159950,0.170490,0.015742,-0.102540,-0.130466,0.015890
0.000065,0.020435,0.250504,0.191517,0.122349,0.251375,0.188556,-0.086820,0.253410,-0.188426,0.127691,0.247597,-0.191388,-0.081478,0.249632,0.170826,0.165807,0.015819,0.096168,-0.133279,0.015924,-0.159954,0.170489,0.015745,-0.102542,-0.130466,0.015891
0.000050,0.020414,0.250509,0.191503,0.122326,0.251391,0.188540,-0.086843,0.253410,-0.188441,0.127672,0.247608,-0.191404,-0.081498,0.249626,0.170820,0.165803,0.015817,0.096165,-0.133283,0.015924,-0.159956,0.170487,0.015747,-0.102543,-0.130469,0.015891
0.000034,0.020399,0.250511,0.191487,0.122313,0.251408,0.188526,-0.086857,0.253411,-0.188457,0.127655,0.247611,-0.191418,-0.081515,0.249614,0.170823,0.165805,0.015817,0.096163,-0.133281,0.015925,-0.159956,0.170487,0.015745,-0.102536,-0.130468,0.015891
0.000015,0.020382,0.250511,0.191468,0.122295,0.251422,0.188506,-0.086875,0.253411,-0.188475,0.127639,0.247612,-0.191437,-0.081531,0.249601,0.170822,0.165803,0.015818,0.096166,-0.133282,0.015925,-0.159958,0.170486,0.015743,-0.102544,-0.130469,0.015889
-0.000004,0.020367,0.250515,0.191449,0.122279,0.251439,0.188486,-0.086891,0.253416,-0.188494,0.127624,0.247614,-0.191457,-0.081545,0.249590,0.170823,0.165801,0.015814,0.096160,-0.133284,0.015923,-0.159958,0.170486,0.015743,-0.102546,-0.130470,0.015891
-0.000023,0.020353,0.250526,0.191430,0.122265,0.251458,0.188467,-0.086904,0.253423,-0.188513,0.127611,0.247629,-0.191476,-0.081559,0.249594,0.170819,0.165800,0.015816,0.096157,-0.133285,0.015924,-0.159967,0.170485,0.015745,-0.102548,-0.130470,0.015891
