0.018280,-0.015064,0.353485,0.207358,0.091079,0.358404,0.209174,-0.118012,0.351912,-0.172614,0.087884,0.355059,-0.170798,-0.121207,0.348567,0.192147,0.141982,0.179312,0.205915,-0.157826,0.168725,-0.149067,0.139522,0.163107,-0.166859,-0.160761,0.159024
0.027748,-0.022301,0.349166,0.216214,0.084902,0.354591,0.219229,-0.124146,0.347219,-0.163733,0.079545,0.351113,-0.160717,-0.129504,0.343740,0.191838,0.136211,0.179430,0.189002,-0.163535,0.162064,-0.157535,0.132023,0.155307,-0.153754,-0.168340,0.158112
0.036499,-0.029205,0.340759,0.223981,0.079765,0.344886,0.228898,-0.129323,0.340143,-0.155900,0.070912,0.341376,-0.150983,-0.138176,0.336633,0.185609,0.128295,0.170421,0.181433,-0.171722,0.155380,-0.143291,0.121168,0.143671,-0.147981,-0.179391,0.151977
0.044888,-0.036034,0.329281,0.231354,0.074718,0.331611,0.238201,-0.134367,0.330551,-0.148426,0.062299,0.328011,-0.141579,-0.146786,0.326951,0.184142,0.119542,0.155141,0.180394,-0.180778,0.141843,-0.127914,0.109460,0.128026,-0.140662,-0.191255,0.134533
0.053108,-0.042828,0.314977,0.238560,0.069636,0.315727,0.247299,-0.139364,0.318435,-0.141082,0.053709,0.311520,-0.132344,-0.155291,0.314227,0.188278,0.110653,0.132427,0.182630,-0.190152,0.118375,-0.114379,0.097658,0.106101,-0.132440,-0.203461,0.107896
0.061184,-0.049618,0.297700,0.245543,0.064631,0.297348,0.256279,-0.144207,0.303350,-0.133911,0.044972,0.292050,-0.123175,-0.163866,0.298051,0.197970,0.102082,0.101367,0.184646,-0.199671,0.085746,-0.101876,0.085992,0.077834,-0.123154,-0.215870,0.072681
0.069042,-0.056454,0.277057,0.252183,0.059735,0.276113,0.265105,-0.148900,0.284423,-0.127020,0.035993,0.269691,-0.114098,-0.172642,0.278001,0.213887,0.094448,0.062985,0.185617,-0.208835,0.047425,-0.089651,0.074870,0.043453,-0.111551,-0.227885,0.031251
0.076878,-0.062077,0.253815,0.259722,0.054578,0.252928,0.273205,-0.154088,0.259332,-0.119450,0.029935,0.248298,-0.105967,-0.178732,0.254702,0.237319,0.091732,0.025984,0.184833,-0.212837,0.015879,-0.082551,0.070746,0.015678,-0.105239,-0.231580,0.015915
0.086838,-0.063335,0.236999,0.269758,0.053192,0.235372,0.283132,-0.155517,0.240499,-0.109457,0.028846,0.233499,-0.096083,-0.179863,0.238626,0.239462,0.091417,0.015916,0.184660,-0.212900,0.015947,-0.081014,0.070877,0.015746,-0.103620,-0.231374,0.015887
0.097176,-0.063118,0.227066,0.280088,0.053426,0.225728,0.293474,-0.155286,0.230671,-0.099123,0.029050,0.223461,-0.085736,-0.179662,0.228404,0.239761,0.091426,0.015854,0.185150,-0.212877,0.015854,-0.079776,0.070933,0.015935,-0.102313,-0.231313,0.015925
0.107456,-0.062275,0.218967,0.290368,0.054255,0.216705,0.303762,-0.154449,0.221997,-0.088850,0.029899,0.215937,-0.075456,-0.178805,0.221229,0.240182,0.091498,0.015808,0.185822,-0.212804,0.015813,-0.084205,0.070699,0.016539,-0.101196,-0.231220,0.015926
0.117611,-0.061008,0.211286,0.300529,0.055459,0.207117,0.313911,-0.153224,0.213202,-0.078689,0.031207,0.209369,-0.065307,-0.177476,0.215454,0.240676,0.091604,0.015746,0.189253,-0.212537,0.015781,-0.091527,0.070434,0.020325,-0.100189,-0.231095,0.015870
0.127686,-0.059669,0.204792,0.310596,0.056724,0.198672,0.323972,-0.151931,0.205674,-0.068601,0.032592,0.203910,-0.055225,-0.176063,0.210913,0.241263,0.091710,0.015773,0.198120,-0.211939,0.015826,-0.094349,0.070634,0.028836,-0.099320,-0.231007,0.015795
0.137821,-0.058449,0.200310,0.320732,0.057879,0.193051,0.334089,-0.150751,0.200793,-0.058447,0.033853,0.199827,-0.045090,-0.174776,0.207569,0.242016,0.091837,0.015836,0.220584,-0.210439,0.016277,-0.087392,0.071729,0.042294,-0.098533,-0.230889,0.015765
0.148144,-0.057636,0.197491,0.331051,0.058684,0.190023,0.344413,-0.149935,0.198031,-0.048126,0.034663,0.196951,-0.034763,-0.173957,0.204959,0.242871,0.091927,0.015845,0.256383,-0.208067,0.017840,-0.068233,0.073463,0.053974,-0.097815,-0.230832,0.015811
0.158726,-0.057507,0.195635,0.341626,0.058854,0.188655,0.355006,-0.149783,0.196144,-0.037555,0.034770,0.195127,-0.024175,-0.173868,0.202615,0.243777,0.091953,0.015949,0.295671,-0.205451,0.020897,-0.039647,0.075228,0.056386,-0.097125,-0.230823,0.015828
0.169746,-0.058197,0.194457,0.352625,0.058259,0.188573,0.366051,-0.150423,0.194606,-0.026558,0.034029,0.194309,-0.013132,-0.174653,0.200342,0.244742,0.091891,0.015982,0.334572,-0.202977,0.022848,-0.002034,0.076972,0.049119,-0.096448,-0.230910,0.015847
0.181469,-0.059780,0.193656,0.364303,0.056808,0.189151,0.377809,-0.151926,0.192673,-0.014871,0.032366,0.194640,-0.001365,-0.176368,0.198162,0.245792,0.091768,0.015936,0.364038,-0.201328,0.017284,0.044283,0.079134,0.039905,-0.095778,-0.231105,0.015828
0.193333,-0.061356,0.193218,0.376155,0.055281,0.189591,0.389667,-0.153480,0.190577,-0.003002,0.030768,0.195858,0.010511,-0.177992,0.196844,0.246853,0.091636,0.015804,0.364948,-0.201450,0.015892,0.090117,0.081585,0.035701,-0.095222,-0.231237,0.015811
0.204201,-0.061539,0.193046,0.386898,0.055287,0.189218,0.400613,-0.153463,0.189387,0.007789,0.030386,0.196704,0.021503,-0.178364,0.196873,0.256510,0.092130,0.018368,0.365854,-0.201435,0.016003,0.120703,0.083216,0.028239,-0.088966,-0.231317,0.015744
0.214466,-0.060352,0.191808,0.397012,0.056685,0.187284,0.410987,-0.152045,0.188188,0.017945,0.031341,0.195429,0.031921,-0.177390,0.196333,0.268784,0.092956,0.026579,0.366749,-0.201306,0.015902,0.127601,0.083457,0.015898,-0.071778,-0.230667,0.015756
0.224449,-0.059505,0.190511,0.407091,0.057388,0.186159,0.420902,-0.151353,0.187161,0.027996,0.032342,0.193861,0.041807,-0.176399,0.194863,0.281248,0.093879,0.033477,0.367627,-0.201251,0.015825,0.128558,0.083692,0.015919,-0.045789,-0.228604,0.015793
0.234432,-0.059738,0.189568,0.417130,0.057103,0.186300,0.430859,-0.151646,0.186290,0.038006,0.032170,0.192846,0.051734,-0.176579,0.192836,0.302781,0.095138,0.036544,0.368513,-0.201287,0.015857,0.129516,0.083744,0.015947,-0.016974,-0.226638,0.017225
0.244606,-0.060440,0.188344,0.427329,0.056398,0.186793,0.441036,-0.152347,0.185250,0.048176,0.031467,0.191437,0.061883,-0.177278,0.189895,0.321253,0.096070,0.039486,0.369436,-0.201347,0.015876,0.130468,0.083717,0.015880,0.010618,-0.224932,0.019181
0.254868,-0.061298,0.186996,0.437597,0.055539,0.187329,0.451309,-0.153186,0.184050,0.058426,0.030589,0.189942,0.072138,-0.178135,0.186663,0.337686,0.096810,0.042086,0.370339,-0.201418,0.015952,0.131430,0.083674,0.015745,0.033839,-0.223617,0.021902
0.265129,-0.062004,0.185719,0.447851,0.054828,0.187763,0.461585,-0.153864,0.182899,0.068673,0.029856,0.188538,0.082407,-0.178836,0.183675,0.353557,0.097517,0.044691,0.371236,-0.201480,0.015935,0.132381,0.083638,0.015656,0.052669,-0.222682,0.026094
0.275288,-0.062431,0.184662,0.458016,0.054357,0.188109,0.471740,-0.154301,0.181949,0.078835,0.029439,0.187374,0.092559,-0.179220,0.181214,0.369920,0.098271,0.047854,0.372094,-0.201520,0.015846,0.133303,0.083655,0.015794,0.068655,-0.221956,0.032043
0.285347,-0.062508,0.183991,0.468073,0.054248,0.188509,0.481800,-0.154383,0.181490,0.088894,0.029368,0.186492,0.102621,-0.179263,0.179473,0.388133,0.099187,0.051052,0.372987,-0.201541,0.015785,0.134236,0.083663,0.015943,0.083736,-0.221353,0.038995
0.295372,-0.062248,0.183849,0.478115,0.054440,0.189344,0.491806,-0.154177,0.181842,0.098938,0.029680,0.185857,0.112629,-0.178936,0.178354,0.411235,0.100526,0.053146,0.373884,-0.201521,0.015780,0.135118,0.083740,0.016012,0.099966,-0.220571,0.045635
0.305462,-0.061749,0.183883,0.488224,0.054868,0.190199,0.501869,-0.153745,0.182502,0.109054,0.030248,0.185264,0.122700,-0.178365,0.177567,0.438902,0.102242,0.054060,0.374782,-0.201487,0.015848,0.135997,0.083832,0.016043,0.118920,-0.219487,0.050100
0.315674,-0.060883,0.183707,0.498437,0.055702,0.190546,0.512066,-0.152919,0.183069,0.119281,0.031154,0.184346,0.132911,-0.177468,0.176869,0.468213,0.104239,0.052852,0.375695,-0.201416,0.015978,0.136941,0.083918,0.015981,0.141614,-0.217954,0.050716
0.326107,-0.059448,0.183101,0.508910,0.057072,0.189960,0.522454,-0.151584,0.183332,0.129760,0.032687,0.182870,0.143304,-0.175969,0.176242,0.495803,0.106350,0.046396,0.376634,-0.201303,0.016038,0.137911,0.084090,0.015866,0.168924,-0.215774,0.047158
0.336887,-0.057163,0.181751,0.519755,0.059301,0.187784,0.533178,-0.149412,0.182964,0.140597,0.035085,0.180538,0.154019,-0.173628,0.175718,0.517813,0.108336,0.031755,0.377587,-0.201119,0.016028,0.138981,0.084341,0.015848,0.200107,-0.213167,0.043486
0.348022,-0.054100,0.179555,0.530827,0.062563,0.183187,0.544387,-0.146186,0.181061,0.151658,0.037986,0.178050,0.165218,-0.170763,0.175923,0.524003,0.109372,0.015886,0.378593,-0.200822,0.015944,0.140188,0.084442,0.015785,0.233221,-0.210525,0.041488
0.358997,-0.052174,0.178540,0.541799,0.064528,0.180838,0.555375,-0.144229,0.180124,0.162619,0.039882,0.176956,0.176195,-0.168876,0.176242,0.524817,0.109535,0.015873,0.379546,-0.200648,0.015829,0.141162,0.084584,0.015818,0.264391,-0.208207,0.036176
0.369522,-0.051872,0.178314,0.552322,0.064833,0.180562,0.565906,-0.143922,0.179385,0.173138,0.040178,0.177243,0.186722,-0.168578,0.176067,0.525713,0.109577,0.015887,0.383136,-0.200439,0.015688,0.141974,0.084606,0.015876,0.283790,-0.206939,0.021950
0.379425,-0.051998,0.177991,0.562246,0.064677,0.180130,0.575801,-0.144072,0.177997,0.183049,0.040076,0.177985,0.196604,-0.168674,0.175852,0.526606,0.109589,0.015888,0.396864,-0.199582,0.015734,0.145597,0.084849,0.015842,0.286017,-0.206781,0.015839
0.389023,-0.051270,0.178282,0.571856,0.065390,0.180259,0.585390,-0.143362,0.178245,0.192655,0.040823,0.178318,0.206190,-0.167929,0.176304,0.527480,0.109646,0.015896,0.420911,-0.198020,0.017182,0.156285,0.085545,0.019436,0.286904,-0.206694,0.015715
0.398697,-0.049671,0.179117,0.581497,0.067043,0.180893,0.595086,-0.141714,0.180031,0.202308,0.042371,0.178204,0.215897,-0.166385,0.177342,0.528374,0.109813,0.015882,0.451671,-0.195932,0.019257,0.171803,0.086568,0.024250,0.287814,-0.206583,0.015647
0.408478,-0.047604,0.179908,0.591262,0.069140,0.181277,0.604871,-0.139615,0.182104,0.212085,0.044408,0.177713,0.225693,-0.164348,0.178540,0.529287,0.109991,0.015797,0.480721,-0.193881,0.024120,0.189416,0.087888,0.029090,0.288724,-0.206431,0.015735
0.418293,-0.045296,0.180640,0.601072,0.071463,0.181331,0.614683,-0.137276,0.184069,0.221903,0.046684,0.177210,0.235514,-0.162055,0.179948,0.530199,0.110220,0.015764,0.505937,-0.191935,0.030266,0.206821,0.089368,0.033643,0.289587,-0.206232,0.015840
0.428093,-0.043030,0.181491,0.610874,0.073727,0.181398,0.624475,-0.134979,0.186009,0.231711,0.048920,0.176973,0.245312,-0.159787,0.181584,0.531096,0.110427,0.015821,0.527927,-0.190124,0.036869,0.223338,0.090864,0.038102,0.290430,-0.206064,0.015915
0.437897,-0.041054,0.182549,0.620699,0.075669,0.181807,0.634258,-0.133002,0.187931,0.241535,0.050894,0.177166,0.255095,-0.157776,0.183291,0.531996,0.110599,0.015833,0.547626,-0.188437,0.043451,0.239937,0.092383,0.041817,0.291227,-0.205906,0.015917
0.447727,-0.039509,0.183875,0.630542,0.077191,0.182771,0.644073,-0.131450,0.189900,0.251381,0.052432,0.177850,0.264913,-0.156208,0.184979,0.532882,0.110728,0.015936,0.565935,-0.186891,0.049359,0.257641,0.093847,0.044296,0.291986,-0.205802,0.015886
0.457668,-0.038387,0.185591,0.640477,0.078322,0.184583,0.654009,-0.130301,0.192177,0.261328,0.053527,0.179004,0.274860,-0.155097,0.186599,0.533743,0.110838,0.016001,0.585689,-0.185365,0.053253,0.277205,0.095280,0.045710,0.292770,-0.205723,0.015942
0.467808,-0.037743,0.187588,0.650579,0.079029,0.187121,0.664162,-0.129595,0.194625,0.271454,0.054110,0.180552,0.285036,-0.154514,0.188056,0.534669,0.110903,0.015989,0.608241,-0.183850,0.054549,0.299539,0.096676,0.046067,0.293569,-0.205724,0.015958
0.478226,-0.037582,0.189536,0.660954,0.079256,0.189979,0.674593,-0.129387,0.196806,0.281858,0.054222,0.182266,0.295497,-0.154421,0.189093,0.535630,0.110939,0.015876,0.632545,-0.182399,0.053403,0.325936,0.098194,0.045309,0.294385,-0.205731,0.015930
0.489006,-0.037971,0.191117,0.671678,0.078944,0.192774,0.685397,-0.129732,0.198317,0.292615,0.053789,0.183918,0.306334,-0.154887,0.189460,0.536606,0.110927,0.015773,0.656638,-0.181161,0.048662,0.357194,0.099885,0.044114,0.295208,-0.205793,0.015872
0.500252,-0.038868,0.191902,0.682880,0.078095,0.194650,0.696673,-0.130616,0.198378,0.303830,0.052880,0.185426,0.317623,-0.155831,0.189154,0.537628,0.110860,0.015901,0.677071,-0.180346,0.037247,0.392025,0.101728,0.043395,0.296084,-0.205908,0.015768
0.511990,-0.040276,0.191379,0.694619,0.076690,0.193989,0.708468,-0.132047,0.195320,0.315511,0.051495,0.187439,0.329361,-0.157241,0.188769,0.538661,0.110759,0.015981,0.686730,-0.180183,0.015875,0.419392,0.102992,0.038925,0.296968,-0.206043,0.015844
0.523499,-0.040703,0.189333,0.706013,0.076457,0.191145,0.720102,-0.132268,0.191372,0.326895,0.050862,0.187294,0.340984,-0.157863,0.187522,0.541290,0.110701,0.015971,0.687545,-0.180210,0.016044,0.441358,0.103974,0.033667,0.298240,-0.206489,0.015914
0.534336,-0.039516,0.186880,0.716669,0.077932,0.188151,0.731082,-0.130768,0.189151,0.337590,0.051735,0.184608,0.352003,-0.156965,0.185609,0.561519,0.111964,0.018872,0.688443,-0.180102,0.015955,0.452135,0.104396,0.015922,0.300658,-0.206884,0.015831
0.544693,-0.038044,0.183871,0.727059,0.079357,0.184784,0.741412,-0.129342,0.186604,0.347974,0.053254,0.181137,0.362327,-0.155445,0.182958,0.584264,0.113693,0.023917,0.689312,-0.179973,0.015838,0.453128,0.104604,0.015897,0.307153,-0.206257,0.015830
0.554676,-0.037739,0.182518,0.737048,0.079650,0.183733,0.751389,-0.129053,0.185127,0.357963,0.053575,0.179909,0.372304,-0.155128,0.181303,0.612130,0.115574,0.026360,0.690195,-0.179947,0.015737,0.454063,0.104642,0.015906,0.320003,-0.205382,0.016254
0.564655,-0.038097,0.182057,0.747032,0.079268,0.184387,0.761356,-0.129441,0.184592,0.367955,0.053246,0.179523,0.382279,-0.155463,0.179727,0.637358,0.117148,0.031386,0.691097,-0.179985,0.015845,0.455005,0.104617,0.015917,0.336834,-0.204296,0.018449
0.574612,-0.038773,0.182078,0.756984,0.078562,0.185831,0.771302,-0.130143,0.184466,0.377922,0.052598,0.179690,0.392239,-0.156107,0.178325,0.657048,0.118241,0.036467,0.691992,-0.180039,0.015895,0.455926,0.104578,0.015816,0.354044,-0.203261,0.021688
0.584538,-0.039421,0.182295,0.766905,0.077868,0.187466,0.781214,-0.130822,0.184579,0.387861,0.051980,0.180011,0.402170,-0.156710,0.177124,0.673717,0.119065,0.041005,0.692873,-0.180107,0.015925,0.456841,0.104546,0.015627,0.369895,-0.202388,0.025619
0.594376,-0.039852,0.182560,0.776727,0.077401,0.188955,0.791046,-0.131267,0.184811,0.397705,0.051563,0.180310,0.412025,-0.157106,0.176166,0.689373,0.119825,0.045291,0.693744,-0.180155,0.015849,0.457760,0.104518,0.015722,0.384366,-0.201679,0.030603
0.604111,-0.040043,0.182951,0.786448,0.077173,0.190329,0.800774,-0.131473,0.185222,0.407447,0.051387,0.180679,0.421773,-0.157259,0.175572,0.706385,0.120707,0.048975,0.694610,-0.180188,0.015870,0.458642,0.104506,0.015879,0.398453,-0.201024,0.036384
0.613777,-0.039967,0.183583,0.796098,0.077218,0.191824,0.810433,-0.131409,0.186029,0.417122,0.051476,0.181137,0.431456,-0.157152,0.175342,0.727862,0.122005,0.051422,0.695467,-0.180156,0.015840,0.459503,0.104551,0.015977,0.413522,-0.200264,0.042350
0.623497,-0.039722,0.184272,0.805827,0.077393,0.193270,0.820121,-0.131224,0.187005,0.426873,0.051780,0.181538,0.441167,-0.156838,0.175274,0.754267,0.123653,0.052858,0.696351,-0.180141,0.015787,0.460372,0.104622,0.016033,0.431140,-0.199258,0.047261
0.633308,-0.039219,0.184638,0.815634,0.077858,0.194199,0.829911,-0.130755,0.187752,0.436706,0.052317,0.181523,0.450982,-0.156296,0.175077,0.783400,0.125584,0.053302,0.697223,-0.180104,0.015939,0.461203,0.104686,0.016018,0.452353,-0.197885,0.049027
0.643333,-0.038261,0.184442,0.825662,0.078797,0.194180,0.839914,-0.129827,0.188064,0.446753,0.053304,0.180821,0.461005,-0.155320,0.174704,0.811736,0.127638,0.050351,0.698135,-0.180043,0.015973,0.462092,0.104761,0.015937,0.477847,-0.195996,0.046810
0.653698,-0.036568,0.183484,0.836053,0.080489,0.192746,0.850249,-0.128169,0.187720,0.457146,0.055033,0.179247,0.471343,-0.153624,0.174221,0.835650,0.129690,0.040772,0.699055,-0.179889,0.016033,0.463108,0.104942,0.015864,0.507512,-0.193572,0.043071
0.664551,-0.033997,0.181617,0.846974,0.083069,0.189261,0.861074,-0.125635,0.186325,0.468027,0.057642,0.176908,0.482127,-0.151062,0.173972,0.851053,0.131262,0.021541,0.700025,-0.179677,0.015992,0.464204,0.105207,0.015833,0.539788,-0.190852,0.040854
0.675442,-0.031487,0.179972,0.857887,0.085636,0.186063,0.871970,-0.123087,0.185179,0.478914,0.060114,0.174766,0.492996,-0.148609,0.173882,0.852166,0.131524,0.015884,0.700976,-0.179462,0.015889,0.465264,0.105420,0.015757,0.572671,-0.188216,0.038844
0.685978,-0.030468,0.179687,0.868422,0.086684,0.185213,0.882525,-0.122039,0.184709,0.489431,0.061103,0.174665,0.503534,-0.147620,0.174162,0.852979,0.131603,0.015824,0.702024,-0.179381,0.015788,0.466140,0.105466,0.015843,0.600135,-0.186301,0.030710
0.696186,-0.030731,0.179152,0.878680,0.086332,0.184930,0.892714,-0.122390,0.183243,0.499658,0.060927,0.175062,0.513692,-0.147794,0.173374,0.853828,0.131582,0.015922,0.708228,-0.178994,0.015733,0.467092,0.105578,0.015964,0.612118,-0.185456,0.015712
0.706013,-0.030914,0.178535,0.888473,0.086178,0.184775,0.902570,-0.122530,0.182160,0.509456,0.060701,0.174910,0.523553,-0.148007,0.172295,0.854684,0.131569,0.015949,0.724175,-0.178052,0.015805,0.471117,0.105662,0.015901,0.613118,-0.185554,0.015843
0.715569,-0.029980,0.178794,0.898002,0.087168,0.184769,0.912148,-0.121542,0.182536,0.518989,0.061582,0.175052,0.533135,-0.147127,0.172819,0.855538,0.131652,0.015959,0.746184,-0.176590,0.018223,0.482442,0.106351,0.017167,0.614085,-0.185517,0.015731
0.725071,-0.028114,0.179580,0.907473,0.089107,0.185043,0.921661,-0.119610,0.184276,0.528481,0.063382,0.174884,0.542669,-0.145335,0.174118,0.856397,0.131811,0.015918,0.776985,-0.174397,0.020252,0.498980,0.107500,0.020200,0.615003,-0.185391,0.015649
0.734653,-0.025764,0.180284,0.917036,0.091516,0.185067,0.931237,-0.117198,0.186281,0.538070,0.065669,0.174286,0.552271,-0.143045,0.175500,0.857256,0.132020,0.015813,0.806054,-0.172209,0.025081,0.517254,0.108934,0.024046,0.615887,-0.185202,0.015735
0.744255,-0.023182,0.180942,0.926623,0.094156,0.184802,0.940833,-0.114533,0.188241,0.547677,0.068169,0.173643,0.561887,-0.140519,0.177083,0.858140,0.132267,0.015715,0.831308,-0.170139,0.031311,0.534526,0.110443,0.028493,0.616748,-0.185003,0.015833
0.753815,-0.020653,0.181750,0.936202,0.096684,0.184582,0.950367,-0.111961,0.190196,0.557263,0.070655,0.173303,0.571427,-0.137989,0.178918,0.858995,0.132471,0.015797,0.852949,-0.168242,0.037949,0.550290,0.111983,0.033224,0.617560,-0.184815,0.015903
0.763348,-0.018394,0.182804,0.945752,0.098935,0.184722,0.959880,-0.109654,0.192180,0.566815,0.072865,0.173429,0.580943,-0.135724,0.180887,0.859885,0.132663,0.015816,0.872153,-0.166457,0.044553,0.565766,0.113516,0.037452,0.618342,-0.184672,0.015905
0.772873,-0.016525,0.184141,0.955301,0.100776,0.185389,0.969382,-0.107763,0.194198,0.576364,0.074713,0.174083,0.590445,-0.133827,0.182893,0.860732,0.132826,0.015920,0.889559,-0.164806,0.050755,0.582105,0.115055,0.040591,0.619064,-0.184544,0.015867
0.782478,-0.015083,0.185883,0.964915,0.102207,0.186896,0.978967,-0.106299,0.196514,0.585990,0.076133,0.175251,0.600042,-0.132373,0.184869,0.861582,0.132961,0.015998,0.907781,-0.163213,0.055281,0.600040,0.116564,0.042648,0.619803,-0.184435,0.015949
0.792233,-0.014072,0.187987,0.974655,0.103238,0.189212,0.988709,-0.105254,0.199130,0.595756,0.077109,0.176844,0.609810,-0.131382,0.186762,0.862447,0.133040,0.016018,0.928903,-0.161632,0.057402,0.620280,0.118034,0.043722,0.620544,-0.184388,0.015972
0.802254,-0.013550,0.190179,0.984641,0.103808,0.192017,0.998728,-0.104694,0.201663,0.605780,0.077595,0.178695,0.619867,-0.130907,0.188341,0.863376,0.133073,0.015972,0.952276,-0.160118,0.057198,0.643804,0.119518,0.043649,0.621313,-0.184387,0.015964
0.812626,-0.013546,0.192144,0.994954,0.103883,0.194961,1.009112,-0.104653,0.203719,0.616140,0.077561,0.180569,0.630298,-0.130975,0.189326,0.864315,0.133086,0.015819,0.976397,-0.158734,0.054522,0.671782,0.121146,0.042766,0.622097,-0.184409,0.015921
0.823471,-0.014050,0.193511,1.005751,0.103423,0.197441,1.019972,-0.105165,0.204765,0.626970,0.077066,0.182256,0.641191,-0.131522,0.189580,0.865304,0.133054,0.015831,0.998818,-0.157716,0.047411,0.704286,0.122992,0.041915,0.622926,-0.184451,0.015836
0.834782,-0.015053,0.193724,1.017055,0.102412,0.198166,1.031329,-0.106230,0.203564,0.638234,0.076125,0.183885,0.652509,-0.132518,0.189282,0.866331,0.132957,0.015925,1.014482,-0.157390,0.032129,0.736285,0.124681,0.039957,0.623770,-0.184544,0.015773
0.846428,-0.016182,0.191705,1.028750,0.101245,0.194961,1.043076,-0.107437,0.198287,0.649780,0.075073,0.185123,0.664106,-0.133609,0.188448,0.867332,0.132875,0.015958,1.014514,-0.157865,0.016042,0.760253,0.125832,0.035271,0.624660,-0.184630,0.015854
0.857555,-0.016083,0.188683,1.039591,0.101816,0.190737,1.054480,-0.106830,0.193868,0.660631,0.074665,0.183498,0.675520,-0.133981,0.186629,0.884490,0.133696,0.015932,1.015333,-0.157864,0.015963,0.774937,0.125974,0.022360,0.627567,-0.185536,0.015839
0.868179,-0.014954,0.185056,1.050060,0.103190,0.186700,1.065224,-0.105426,0.190459,0.671134,0.075519,0.179652,0.686299,-0.133097,0.183411,0.904095,0.135168,0.020842,1.016192,-0.157713,0.015864,0.778415,0.125943,0.015873,0.633590,-0.185526,0.015791
0.878414,-0.014561,0.182794,1.060325,0.103532,0.184700,1.075434,-0.105094,0.188098,0.681394,0.075972,0.177491,0.696503,-0.132654,0.180889,0.931099,0.137140,0.024496,1.017058,-0.157703,0.015752,0.779375,0.126011,0.015893,0.644512,-0.184682,0.015841
0.888504,-0.014946,0.181815,1.070454,0.103067,0.184666,1.085485,-0.105581,0.186799,0.691523,0.075689,0.176831,0.706554,-0.132959,0.178964,0.957196,0.138885,0.028785,1.017929,-0.157766,0.015819,0.780340,0.126013,0.015947,0.660025,-0.183539,0.016782
0.898537,-0.015682,0.181559,1.080493,0.102282,0.185733,1.095498,-0.106379,0.186190,0.701575,0.075014,0.176927,0.716580,-0.133647,0.177384,0.978124,0.140155,0.033834,1.018826,-0.157833,0.015879,0.781291,0.125961,0.015835,0.677049,-0.182403,0.019522
0.908501,-0.016457,0.181705,1.090465,0.101439,0.187266,1.105438,-0.107221,0.186010,0.711563,0.074308,0.177400,0.726537,-0.134352,0.176144,0.995716,0.141101,0.038688,1.019706,-0.157917,0.015922,0.782221,0.125919,0.015666,0.693085,-0.181402,0.023581
0.918369,-0.016987,0.182012,1.100323,0.100861,0.188788,1.115296,-0.107786,0.186100,0.721443,0.073812,0.177924,0.736415,-0.134834,0.175236,1.011709,0.141948,0.043206,1.020555,-0.157962,0.015863,0.783130,0.125899,0.015694,0.707661,-0.180580,0.028652
0.928097,-0.017223,0.182460,1.110045,0.100574,0.190190,1.125010,-0.108057,0.186438,0.731184,0.073610,0.178483,0.746148,-0.135021,0.174731,1.028216,0.142850,0.047207,1.021424,-0.157993,0.015889,0.784036,0.125900,0.015852,0.721529,-0.179839,0.034522
0.937744,-0.017200,0.183173,1.119693,0.100541,0.191690,1.134637,-0.108076,0.187186,0.740851,0.073675,0.179160,0.755795,-0.134942,0.174656,1.048824,0.144102,0.049918,1.022277,-0.158003,0.015871,0.784913,0.125931,0.015955,0.736133,-0.179037,0.040738
0.947403,-0.017010,0.184011,1.129364,0.100659,0.193247,1.144263,-0.107949,0.188201,0.750543,0.073929,0.179820,0.765442,-0.134679,0.174775,1.074590,0.145754,0.051534,1.023135,-0.158008,0.015769,0.785762,0.125985,0.016021,0.753126,-0.178028,0.046205
0.957172,-0.016563,0.184559,1.139134,0.101062,0.194331,1.154009,-0.107541,0.189002,0.760336,0.074414,0.180116,0.775211,-0.134189,0.174787,1.103640,0.147741,0.052250,1.024016,-0.157968,0.015898,0.786597,0.126060,0.015989,0.773648,-0.176659,0.048701
0.967121,-0.015713,0.184543,1.149091,0.101884,0.194511,1.163933,-0.106725,0.189335,0.770309,0.075300,0.179752,0.785152,-0.133309,0.174575,1.132632,0.149866,0.050448,1.024897,-0.157894,0.015946,0.787511,0.126167,0.015936,0.798435,-0.174782,0.047204
0.977398,-0.014202,0.183771,1.159397,0.103380,0.193357,1.174180,-0.105252,0.189035,0.780615,0.076848,0.178507,0.795399,-0.131784,0.174185,1.157631,0.151954,0.042511,1.025812,-0.157755,0.016025,0.788481,0.126348,0.015865,0.827591,-0.172371,0.043560
0.988148,-0.011826,0.182088,1.170216,0.105757,0.190244,1.184901,-0.102913,0.187792,0.791395,0.079261,0.176384,0.806079,-0.129408,0.173932,1.174735,0.153576,0.025516,1.026757,-0.157589,0.016002,0.789561,0.126584,0.015850,0.859678,-0.169642,0.041168
0.999138,-0.009140,0.180079,1.181237,0.108535,0.185887,1.195930,-0.100149,0.185693,0.802346,0.081869,0.174465,0.817039,-0.126815,0.174271,1.175960,0.153884,0.015850,1.027747,-0.157394,0.015911,0.790668,0.126757,0.015788,0.892576,-0.166933,0.039567
1.009853,-0.007793,0.179480,1.191962,0.109916,0.184211,1.206672,-0.098766,0.184719,0.813034,0.083179,0.174242,0.827745,-0.125502,0.174749,1.176757,0.153997,0.015822,1.028735,-0.157283,0.015832,0.791581,0.126844,0.015808,0.921330,-0.164814,0.032782
1.020206,-0.007870,0.179055,1.202348,0.109787,0.183813,1.217023,-0.098897,0.183366,0.823390,0.083158,0.174744,0.838065,-0.125526,0.174296,1.177623,0.153971,0.015921,1.033408,-0.157012,0.015757,0.792415,0.126883,0.015929,0.936929,-0.163801,0.017688
1.030090,-0.008015,0.178695,1.212181,0.109724,0.183353,1.226970,-0.098947,0.181961,0.833210,0.082918,0.175429,0.848000,-0.125754,0.174037,1.178468,0.154017,0.015888,1.048811,-0.156031,0.015795,0.795247,0.126857,0.015861,0.937919,-0.163891,0.015848
1.039677,-0.007141,0.179129,1.221765,0.110620,0.183296,1.236571,-0.098052,0.182142,0.842783,0.083770,0.176116,0.857588,-0.124902,0.174963,1.179331,0.154099,0.015917,1.070635,-0.154490,0.019135,0.805882,0.127587,0.018721,0.938832,-0.163822,0.015744
1.049232,-0.005375,0.180097,1.231291,0.112447,0.183835,1.246139,-0.096225,0.183983,0.852326,0.085475,0.176212,0.867174,-0.123197,0.176360,1.180216,0.154259,0.015938,1.101931,-0.152167,0.021239,0.822130,0.128783,0.022675,0.939751,-0.163711,0.015632
1.058891,-0.003128,0.180867,1.240930,0.114740,0.184048,1.255795,-0.093922,0.186004,0.861987,0.087666,0.175729,0.876852,-0.120996,0.177685,1.181096,0.154468,0.015822,1.130957,-0.149882,0.026032,0.840443,0.130299,0.026474,0.940634,-0.163537,0.015726
1.068584,-0.000656,0.181475,1.250617,0.117241,0.183837,1.265479,-0.091391,0.187873,0.871690,0.090079,0.175076,0.886552,-0.118553,0.179113,1.181977,0.154673,0.015780,1.156095,-0.147771,0.032077,0.857951,0.131878,0.030585,0.941493,-0.163372,0.015867
1.078243,0.001797,0.182156,1.260287,0.119692,0.183597,1.275119,-0.088894,0.189651,0.881367,0.092487,0.174660,0.896200,-0.116099,0.180714,1.182856,0.154899,0.015789,1.177876,-0.145780,0.038497,0.874065,0.133496,0.034945,0.942320,-0.163187,0.015900
1.087856,0.004005,0.183060,1.269920,0.121876,0.183693,1.284709,-0.086656,0.191455,0.891003,0.094667,0.174665,0.905792,-0.113865,0.182427,1.183744,0.155111,0.015811,1.197340,-0.143901,0.044948,0.889830,0.135132,0.039065,0.943101,-0.163013,0.015905
1.097473,0.005783,0.184262,1.279558,0.123623,0.184347,1.294303,-0.084863,0.193334,0.900643,0.096429,0.175189,0.915388,-0.112057,0.184176,1.184621,0.155254,0.015923,1.214967,-0.142215,0.051015,0.906464,0.136709,0.042081,0.943856,-0.162904,0.015868
1.107170,0.007122,0.185888,1.289264,0.124947,0.185872,1.303979,-0.083511,0.195526,0.910361,0.097755,0.176250,0.925076,-0.110703,0.185904,1.185474,0.155366,0.016008,1.233287,-0.140606,0.055328,0.924704,0.138251,0.043915,0.944594,-0.162808,0.015947
1.117023,0.008026,0.187887,1.299102,0.125875,0.188211,1.313823,-0.082576,0.198006,0.920224,0.098628,0.177768,0.934945,-0.109823,0.187563,1.186346,0.155434,0.016016,1.254456,-0.139001,0.057153,0.945300,0.139762,0.044759,0.945342,-0.162765,0.015982
1.127136,0.008472,0.189976,1.309182,0.126368,0.191031,1.323933,-0.082101,0.200402,0.930340,0.099046,0.179550,0.945090,-0.109423,0.188922,1.187279,0.155481,0.015954,1.277888,-0.137430,0.056669,0.969322,0.141343,0.044515,0.946120,-0.162735,0.015963
1.137634,0.008385,0.191872,1.319614,0.126367,0.194039,1.334449,-0.082140,0.202381,0.940819,0.098909,0.181362,0.955654,-0.109598,0.189704,1.188240,0.155490,0.015814,1.302158,-0.135988,0.053684,0.997992,0.143068,0.043642,0.946921,-0.162773,0.015915
1.148605,0.007793,0.193165,1.330531,0.125832,0.196519,1.345442,-0.082726,0.203290,0.951768,0.098313,0.183040,0.966680,-0.110245,0.189812,1.189240,0.155453,0.015842,1.324497,-0.134927,0.045814,1.031208,0.145031,0.042843,0.947781,-0.162835,0.015824
1.160046,0.006672,0.193334,1.341981,0.124682,0.197141,1.356922,-0.083932,0.201803,0.963169,0.097276,0.184866,0.978111,-0.111338,0.189528,1.190297,0.155345,0.015936,1.339446,-0.134614,0.029433,1.062243,0.146706,0.039773,0.948646,-0.162910,0.015774
1.171711,0.005627,0.191305,1.353670,0.123628,0.194080,1.368678,-0.085017,0.196686,0.974744,0.096271,0.185923,0.989752,-0.112374,0.188530,1.191311,0.155295,0.015963,1.339291,-0.134959,0.015991,1.085667,0.147939,0.035348,0.949530,-0.162995,0.015861
1.182758,0.005985,0.188461,1.364528,0.124297,0.190286,1.379906,-0.084323,0.192732,0.985610,0.096293,0.184191,1.000989,-0.112326,0.186636,1.209478,0.156405,0.016419,1.340119,-0.134905,0.015940,1.100331,0.148426,0.022037,0.951911,-0.163523,0.015855
1.193306,0.007263,0.185035,1.374970,0.125745,0.186272,1.390539,-0.082850,0.189482,0.996073,0.097376,0.180588,1.011642,-0.111219,0.183799,1.232963,0.158176,0.020506,1.340978,-0.134803,0.015858,1.102836,0.148392,0.015880,0.957314,-0.163441,0.015800
1.203445,0.007755,0.182809,1.385101,0.126248,0.184110,1.400687,-0.082349,0.187072,1.006204,0.097860,0.178545,1.021789,-0.110738,0.181507,1.257735,0.160056,0.025125,1.341846,-0.134760,0.015747,1.103788,0.148423,0.015900,0.969361,-0.162588,0.015856
1.213451,0.007423,0.181906,1.395161,0.125820,0.184143,1.410646,-0.082799,0.185839,1.016257,0.097646,0.177973,1.031742,-0.110974,0.179669,1.283805,0.161876,0.029730,1.342710,-0.134800,0.015824,1.104738,0.148473,0.015941,0.985387,-0.161306,0.017918
1.223461,0.006733,0.181684,1.405165,0.125106,0.185226,1.420648,-0.083520,0.185291,1.026275,0.096986,0.178078,1.041757,-0.111640,0.178143,1.304198,0.163142,0.034744,1.343593,-0.134866,0.015882,1.105679,0.148403,0.015830,1.002454,-0.160181,0.020960
