0.012703,0.019081,0.355298,0.202765,0.123516,0.351999,0.202610,-0.085676,0.353745,-0.177204,0.123839,0.356850,-0.177359,-0.085354,0.358596,0.191464,0.167599,0.187044,0.181105,-0.132638,0.170884,-0.165792,0.167741,0.172251,-0.179699,-0.132272,0.182707
0.020424,0.028488,0.349928,0.210340,0.133152,0.345633,0.210437,-0.076044,0.346874,-0.169589,0.133020,0.352982,-0.169492,-0.076176,0.354222,0.178858,0.177525,0.166370,0.183636,-0.122641,0.155749,-0.180851,0.177273,0.151736,-0.178229,-0.122671,0.178837
0.028130,0.037987,0.339857,0.217268,0.143989,0.334274,0.218851,-0.065201,0.335510,-0.162591,0.141175,0.344203,-0.161009,-0.068016,0.345440,0.171890,0.187991,0.146990,0.168787,-0.112203,0.137330,-0.184814,0.185192,0.129836,-0.176257,-0.114638,0.166909
0.035233,0.047523,0.325835,0.223320,0.155305,0.318944,0.226893,-0.053860,0.320442,-0.156427,0.148907,0.331228,-0.152855,-0.060258,0.332726,0.173628,0.198521,0.124355,0.149723,-0.102107,0.114886,-0.182444,0.192321,0.107816,-0.169885,-0.107332,0.147589
0.041725,0.057083,0.308245,0.228742,0.166628,0.300125,0.234305,-0.042490,0.301971,-0.150855,0.156656,0.314519,-0.145291,-0.052461,0.316364,0.178598,0.208938,0.093514,0.134567,-0.092493,0.088814,-0.177936,0.199373,0.084459,-0.157716,-0.099994,0.119908
0.047638,0.066673,0.287118,0.233569,0.177944,0.277659,0.241108,-0.031106,0.280058,-0.145832,0.164453,0.294177,-0.138293,-0.044598,0.296577,0.182632,0.219007,0.052670,0.128768,-0.083181,0.058706,-0.170619,0.206337,0.058575,-0.141292,-0.092611,0.085546
0.053329,0.076225,0.262098,0.238274,0.188889,0.250119,0.247532,-0.020058,0.254597,-0.140873,0.172508,0.269600,-0.131615,-0.036439,0.274077,0.182526,0.226906,0.015946,0.134964,-0.075462,0.025377,-0.157844,0.212089,0.028214,-0.125388,-0.086496,0.048757
0.059547,0.082008,0.238936,0.244578,0.194133,0.223682,0.253630,-0.014646,0.233373,-0.134535,0.178663,0.244499,-0.125484,-0.030116,0.254190,0.181697,0.227303,0.015891,0.144326,-0.075024,0.015848,-0.152265,0.212820,0.015816,-0.118967,-0.086462,0.015365
0.066963,0.084381,0.225670,0.252006,0.196272,0.208909,0.261020,-0.012378,0.221109,-0.127094,0.181140,0.230231,-0.118079,-0.027510,0.242431,0.181797,0.227516,0.015780,0.144612,-0.074974,0.015926,-0.150885,0.213151,0.015930,-0.117857,-0.086317,0.015879
0.075821,0.086021,0.218315,0.260962,0.197749,0.201553,0.269876,-0.010803,0.215378,-0.118235,0.182846,0.221252,-0.109320,-0.025706,0.235076,0.182351,0.227666,0.015789,0.155016,-0.074394,0.017920,-0.147829,0.213566,0.015989,-0.116899,-0.086153,0.015863
0.085175,0.087791,0.212377,0.270415,0.199399,0.195922,0.279254,-0.009027,0.211571,-0.108904,0.184610,0.213184,-0.100066,-0.023817,0.228833,0.183020,0.227797,0.015910,0.172987,-0.073205,0.024404,-0.141896,0.214995,0.028923,-0.116008,-0.086094,0.015956
0.094749,0.089500,0.206825,0.280128,0.200903,0.190532,0.288791,-0.007390,0.207956,-0.099292,0.186391,0.205694,-0.090629,-0.021902,0.223118,0.183771,0.227944,0.016012,0.192057,-0.071750,0.032366,-0.128372,0.217252,0.043381,-0.115063,-0.085891,0.016008
0.104462,0.090813,0.201812,0.289945,0.202107,0.185978,0.298488,-0.006068,0.204810,-0.089565,0.187694,0.198814,-0.081021,-0.020482,0.217646,0.184544,0.228084,0.016059,0.214711,-0.070152,0.039306,-0.108687,0.219394,0.053022,-0.114153,-0.085758,0.015985
0.114426,0.091537,0.197753,0.299975,0.202863,0.182949,0.308466,-0.005243,0.202561,-0.079614,0.188318,0.192945,-0.071124,-0.019788,0.212557,0.185374,0.228145,0.016021,0.241546,-0.068624,0.043803,-0.084255,0.220914,0.056016,-0.113229,-0.085724,0.015938
0.124733,0.091560,0.194880,0.310283,0.203099,0.181784,0.318829,-0.005019,0.201238,-0.069363,0.188140,0.188521,-0.060817,-0.019978,0.207976,0.186304,0.228190,0.015924,0.271313,-0.067236,0.045268,-0.054921,0.221721,0.052682,-0.112311,-0.085738,0.015855
0.135498,0.090797,0.193047,0.321002,0.202641,0.182062,0.329662,-0.005579,0.200345,-0.058666,0.187174,0.185750,-0.050006,-0.021046,0.204033,0.187271,0.228148,0.015843,0.301771,-0.066214,0.043054,-0.018103,0.222155,0.044874,-0.111424,-0.085802,0.015686
0.146927,0.089188,0.191892,0.332318,0.201405,0.183023,0.341194,-0.006989,0.199074,-0.047340,0.185365,0.184710,-0.038464,-0.023030,0.200760,0.188331,0.228025,0.015880,0.326812,-0.065986,0.033423,0.025502,0.222796,0.038031,-0.110552,-0.085977,0.015725
0.159058,0.086800,0.190459,0.344411,0.199134,0.182325,0.353350,-0.009477,0.195217,-0.035234,0.183076,0.185702,-0.026296,-0.025535,0.198594,0.189442,0.227794,0.016002,0.331006,-0.067078,0.016164,0.064391,0.223477,0.032856,-0.109653,-0.085988,0.015699
0.170601,0.085358,0.188500,0.355634,0.198209,0.180228,0.365151,-0.010462,0.191663,-0.023949,0.181177,0.185338,-0.014432,-0.027493,0.196773,0.199138,0.227637,0.015990,0.331851,-0.067168,0.016075,0.088773,0.222973,0.022731,-0.103403,-0.087040,0.015680
0.181419,0.085274,0.186139,0.366296,0.198402,0.178159,0.376105,-0.010268,0.189337,-0.013267,0.180816,0.182941,-0.003457,-0.027855,0.194119,0.222390,0.228674,0.018949,0.332734,-0.067159,0.015986,0.095747,0.222558,0.015913,-0.090624,-0.087078,0.015654
0.191864,0.084709,0.184905,0.376777,0.197831,0.177714,0.386523,-0.010898,0.187802,-0.002795,0.180316,0.182007,0.006951,-0.028413,0.192095,0.249800,0.229896,0.021308,0.333603,-0.067231,0.015866,0.096690,0.222490,0.015991,-0.070618,-0.086112,0.015719
0.202385,0.083458,0.184314,0.387338,0.196594,0.178492,0.397015,-0.012223,0.186636,0.007755,0.179139,0.181993,0.017432,-0.029678,0.190136,0.272526,0.230834,0.025338,0.334552,-0.067316,0.015725,0.097683,0.222367,0.016002,-0.046741,-0.084937,0.017001
0.212898,0.081924,0.183808,0.397930,0.195011,0.179814,0.407468,-0.013890,0.185666,0.018328,0.177738,0.181950,0.027867,-0.031162,0.187802,0.290716,0.231409,0.029089,0.335448,-0.067451,0.015797,0.098667,0.222270,0.015898,-0.023467,-0.083761,0.018588
0.223412,0.080437,0.183328,0.408498,0.193485,0.181219,0.417938,-0.015471,0.184835,0.028885,0.176344,0.181821,0.038326,-0.032611,0.185437,0.307014,0.231830,0.032527,0.336401,-0.067582,0.015859,0.099685,0.222171,0.015685,-0.003732,-0.082855,0.021339
0.233879,0.079201,0.182920,0.419002,0.192207,0.182497,0.428373,-0.016777,0.184170,0.039385,0.175178,0.181669,0.048756,-0.033805,0.183342,0.323099,0.232231,0.036030,0.337295,-0.067705,0.015857,0.100662,0.222094,0.015676,0.012649,-0.082183,0.025695
0.244179,0.078354,0.182648,0.429354,0.191271,0.183566,0.438625,-0.017723,0.183698,0.049733,0.174431,0.181598,0.059003,-0.034564,0.181730,0.339966,0.232710,0.040094,0.338159,-0.067781,0.015913,0.101581,0.222120,0.015829,0.027150,-0.081566,0.032026
0.254379,0.077934,0.182650,0.439543,0.190859,0.184531,0.448830,-0.018133,0.183659,0.059928,0.174001,0.181641,0.069216,-0.034991,0.180769,0.358900,0.233356,0.044213,0.339052,-0.067807,0.015912,0.102529,0.222081,0.015956,0.041740,-0.081117,0.039449
0.264557,0.077866,0.182967,0.449735,0.190750,0.185645,0.458988,-0.018240,0.184179,0.070126,0.173971,0.181755,0.079378,-0.035019,0.180289,0.382857,0.234258,0.046904,0.339962,-0.067825,0.015851,0.103398,0.222102,0.015984,0.058316,-0.080510,0.046637
0.274849,0.078026,0.183324,0.460036,0.190880,0.186657,0.469263,-0.018109,0.184881,0.080435,0.174161,0.181768,0.089662,-0.034828,0.179992,0.411988,0.235430,0.048325,0.340893,-0.067836,0.015812,0.104297,0.222119,0.015967,0.078588,-0.079719,0.051290
0.285324,0.078545,0.183356,0.470531,0.191354,0.187061,0.479711,-0.017638,0.185343,0.090937,0.174727,0.181368,0.100117,-0.034264,0.179650,0.442925,0.236782,0.047734,0.341851,-0.067796,0.015933,0.105252,0.222212,0.015877,0.103560,-0.078555,0.051465
0.296104,0.079613,0.182786,0.481339,0.192380,0.186379,0.490460,-0.016618,0.185347,0.101749,0.175844,0.180224,0.110870,-0.033155,0.179192,0.470906,0.238136,0.041107,0.342842,-0.067718,0.015962,0.106284,0.222347,0.015887,0.133835,-0.076996,0.047389
0.307373,0.081490,0.181346,0.492633,0.194244,0.183907,0.501712,-0.014758,0.184502,0.113034,0.177738,0.178191,0.122113,-0.031265,0.178786,0.491805,0.239248,0.025262,0.343861,-0.067589,0.015981,0.107384,0.222522,0.015843,0.168028,-0.075148,0.043838
0.318794,0.083801,0.179515,0.503984,0.196699,0.180040,0.513214,-0.012280,0.182780,0.124375,0.179882,0.176251,0.133605,-0.029096,0.178991,0.493752,0.239591,0.015781,0.344891,-0.067401,0.015904,0.108556,0.222577,0.015749,0.203391,-0.073310,0.041842
0.329910,0.084808,0.179287,0.515102,0.197703,0.179058,0.524335,-0.011265,0.182450,0.135485,0.180882,0.176124,0.144719,-0.028087,0.179516,0.494658,0.239652,0.015866,0.345884,-0.067354,0.015874,0.109478,0.222632,0.015832,0.234267,-0.071983,0.034564
0.340630,0.084427,0.179299,0.525870,0.197242,0.179487,0.535015,-0.011746,0.181762,0.146244,0.180600,0.176835,0.155389,-0.028388,0.179111,0.495663,0.239635,0.015903,0.351776,-0.067068,0.015827,0.110411,0.222776,0.015934,0.250726,-0.071457,0.018882
0.350777,0.083969,0.179302,0.535990,0.196827,0.179783,0.545188,-0.012167,0.181060,0.156365,0.180105,0.177544,0.165563,-0.028889,0.178820,0.496591,0.239587,0.015927,0.369391,-0.066408,0.015871,0.115069,0.222795,0.015857,0.251688,-0.071588,0.015859
0.360733,0.084457,0.179807,0.545942,0.197322,0.180188,0.555149,-0.011671,0.181496,0.166317,0.180586,0.178118,0.175524,-0.028408,0.179427,0.497497,0.239655,0.015968,0.392131,-0.065352,0.020959,0.127985,0.223403,0.020135,0.252674,-0.071529,0.015696
0.370651,0.085800,0.180753,0.555849,0.198684,0.181046,0.565071,-0.010299,0.183426,0.176232,0.181899,0.178080,0.185453,-0.027084,0.180460,0.498417,0.239765,0.015834,0.423652,-0.063857,0.023520,0.146244,0.224333,0.025244,0.253563,-0.071452,0.015656
0.380730,0.087578,0.181468,0.565919,0.200476,0.181501,0.575146,-0.008484,0.185402,0.186313,0.183639,0.177534,0.195540,-0.025321,0.181435,0.499409,0.239947,0.015731,0.453181,-0.062298,0.028634,0.165926,0.225494,0.030391,0.254491,-0.071313,0.015735
0.390846,0.089485,0.182098,0.576015,0.202416,0.181643,0.585271,-0.006504,0.187230,0.196422,0.185474,0.176966,0.205677,-0.023446,0.182553,0.500359,0.240140,0.015789,0.478884,-0.060801,0.034942,0.184525,0.226672,0.035412,0.255365,-0.071214,0.015870
0.400963,0.091286,0.182865,0.586143,0.204194,0.181858,0.595370,-0.004681,0.188995,0.206556,0.187252,0.176734,0.215782,-0.021623,0.183871,0.501266,0.240292,0.015815,0.501304,-0.059392,0.041633,0.202017,0.227901,0.040018,0.256196,-0.071098,0.015895
0.411125,0.092743,0.183888,0.596324,0.205618,0.182484,0.605511,-0.003216,0.190760,0.216740,0.188702,0.177017,0.225927,-0.020132,0.185292,0.502176,0.240405,0.015911,0.521207,-0.058107,0.048119,0.219755,0.229073,0.043489,0.257006,-0.071007,0.015889
0.421356,0.093781,0.185317,0.606561,0.206645,0.183895,0.615727,-0.002165,0.192778,0.226986,0.189726,0.177855,0.236152,-0.019084,0.186738,0.503084,0.240495,0.015998,0.540724,-0.056934,0.053108,0.238912,0.230154,0.045510,0.257766,-0.070936,0.015930
0.431747,0.094391,0.187160,0.616931,0.207295,0.186164,0.626119,-0.001511,0.195136,0.237376,0.190293,0.179184,0.246564,-0.018513,0.188156,0.504017,0.240551,0.016004,0.562652,-0.055840,0.055482,0.260434,0.231135,0.046342,0.258551,-0.070920,0.015959
0.442390,0.094513,0.189161,0.627547,0.207465,0.188988,0.636762,-0.001359,0.197496,0.248019,0.190385,0.180826,0.257234,-0.018439,0.189334,0.505016,0.240539,0.015928,0.587141,-0.054874,0.055307,0.285634,0.232078,0.045857,0.259393,-0.070939,0.015957
0.453377,0.094109,0.191014,0.638477,0.207149,0.192036,0.647769,-0.001713,0.199451,0.258985,0.189930,0.182577,0.268277,-0.018932,0.189992,0.506014,0.240522,0.015789,0.612605,-0.054021,0.052414,0.315603,0.233077,0.044698,0.260250,-0.070993,0.015925
0.464775,0.093193,0.192331,0.649830,0.206289,0.194620,0.659187,-0.002622,0.200378,0.270364,0.189008,0.184284,0.279720,-0.019903,0.190042,0.507035,0.240480,0.015866,0.636108,-0.053470,0.044290,0.350091,0.234217,0.043671,0.261105,-0.071051,0.015819
0.476677,0.091667,0.192580,0.661707,0.204791,0.195380,0.671143,-0.004166,0.198894,0.282210,0.187501,0.186266,0.291646,-0.021457,0.189780,0.508100,0.240340,0.015954,0.652039,-0.053420,0.027157,0.381339,0.235029,0.040559,0.262010,-0.071224,0.015780
0.488716,0.090370,0.190747,0.673740,0.203525,0.192578,0.683261,-0.005453,0.194135,0.294171,0.186193,0.187360,0.303692,-0.022784,0.188917,0.509128,0.240208,0.015953,0.651859,-0.053709,0.015982,0.405793,0.235650,0.036056,0.262974,-0.071427,0.015882
0.500145,0.090584,0.188240,0.684946,0.204112,0.189285,0.694895,-0.004846,0.190870,0.305395,0.186013,0.185611,0.315344,-0.022944,0.187196,0.528693,0.240865,0.016586,0.652776,-0.053680,0.015975,0.420963,0.235781,0.022542,0.265644,-0.072113,0.015851
0.511169,0.091827,0.184768,0.695834,0.205578,0.185715,0.706024,-0.003358,0.188293,0.316314,0.187013,0.181244,0.326505,-0.021923,0.183822,0.553500,0.242106,0.020548,0.653729,-0.053543,0.015842,0.424889,0.235776,0.015879,0.271422,-0.072190,0.015798
0.521759,0.092209,0.182454,0.706413,0.205974,0.183717,0.716617,-0.002963,0.186187,0.326901,0.187380,0.178721,0.337105,-0.021556,0.181191,0.579927,0.243428,0.025070,0.654606,-0.053513,0.015805,0.425868,0.235796,0.015898,0.283904,-0.071617,0.015853
0.532196,0.091652,0.181581,0.716902,0.205315,0.183902,0.727000,-0.003637,0.185145,0.337392,0.186941,0.178017,0.347490,-0.022011,0.179261,0.607467,0.244615,0.030039,0.655557,-0.053601,0.015836,0.426930,0.235807,0.015925,0.300633,-0.070738,0.018142
0.542595,0.090782,0.181468,0.727312,0.204391,0.185158,0.737373,-0.004566,0.184809,0.347816,0.186131,0.178127,0.357878,-0.022827,0.177777,0.628960,0.245409,0.035504,0.656475,-0.053682,0.015918,0.427856,0.235759,0.015811,0.318298,-0.069974,0.021690
0.552917,0.089935,0.181738,0.737638,0.203486,0.186803,0.747674,-0.005465,0.184884,0.358161,0.185335,0.178592,0.368197,-0.023615,0.176674,0.646640,0.245963,0.040437,0.657377,-0.053754,0.015901,0.428814,0.235729,0.015639,0.334688,-0.069346,0.026044
0.563171,0.089333,0.182139,0.747886,0.202835,0.188354,0.757913,-0.006100,0.185185,0.368429,0.184765,0.179093,0.378456,-0.024170,0.175924,0.662979,0.246442,0.045034,0.658261,-0.053822,0.015860,0.429798,0.235696,0.015710,0.349653,-0.068871,0.031602
0.573303,0.089027,0.182729,0.758034,0.202450,0.189863,0.768013,-0.006472,0.185770,0.378594,0.184527,0.179687,0.388572,-0.024395,0.175594,0.680920,0.247045,0.048577,0.659176,-0.053853,0.015892,0.430731,0.235736,0.015871,0.364183,-0.068367,0.037603
0.583374,0.088943,0.183582,0.768126,0.202278,0.191522,0.778043,-0.006634,0.186797,0.388705,0.184520,0.180368,0.398622,-0.024391,0.175642,0.703893,0.247924,0.050841,0.660049,-0.053879,0.015816,0.431599,0.235788,0.015967,0.379920,-0.067809,0.043788
0.593498,0.089027,0.184393,0.778258,0.202302,0.192993,0.788137,-0.006601,0.187853,0.398859,0.184656,0.180932,0.408739,-0.024247,0.175792,0.731561,0.249077,0.052026,0.660960,-0.053898,0.015826,0.432493,0.235819,0.016013,0.398458,-0.067115,0.048476
0.603767,0.089409,0.184771,0.788535,0.202636,0.193807,0.798377,-0.006267,0.188578,0.409158,0.185085,0.180964,0.418999,-0.023818,0.175736,0.761656,0.250431,0.052074,0.661885,-0.053891,0.015954,0.433392,0.235871,0.015971,0.421042,-0.066076,0.049483
0.614273,0.090317,0.184493,0.799064,0.203505,0.193544,0.808847,-0.005411,0.188759,0.419699,0.186045,0.180227,0.429482,-0.022871,0.175441,0.790259,0.251936,0.048125,0.662827,-0.053803,0.015968,0.434382,0.236009,0.015907,0.448371,-0.064543,0.046413
0.625191,0.091965,0.183350,0.810031,0.205128,0.191679,0.819725,-0.003818,0.188177,0.430657,0.187747,0.178522,0.440351,-0.021199,0.175020,0.813370,0.253383,0.036844,0.663821,-0.053671,0.016014,0.435445,0.236201,0.015874,0.479778,-0.062659,0.042792
0.636635,0.094490,0.181262,0.821532,0.207694,0.187520,0.831170,-0.001280,0.186284,0.442099,0.190260,0.176240,0.451738,-0.018714,0.175004,0.825907,0.254413,0.015369,0.664814,-0.053445,0.015944,0.436542,0.236452,0.015817,0.513542,-0.060569,0.040785
0.648071,0.096535,0.179591,0.832968,0.209822,0.184110,0.842646,0.000847,0.184667,0.453497,0.192223,0.174515,0.463175,-0.016753,0.175072,0.826594,0.254577,0.015871,0.665845,-0.053290,0.015816,0.437652,0.236565,0.015737,0.547247,-0.058724,0.037899
0.659035,0.096901,0.179249,0.843940,0.210189,0.183360,0.853623,0.001214,0.183764,0.464446,0.192588,0.174734,0.474129,-0.016387,0.175137,0.827475,0.254602,0.015841,0.668391,-0.053193,0.015662,0.438520,0.236579,0.015873,0.572700,-0.057604,0.027298
0.669617,0.096085,0.178499,0.854527,0.209335,0.183344,0.864205,0.000362,0.182207,0.475028,0.191807,0.174792,0.484706,-0.017166,0.173654,0.828352,0.254534,0.015870,0.679689,-0.052776,0.015688,0.439996,0.236549,0.015898,0.581273,-0.057335,0.015885
0.679832,0.095825,0.178007,0.864700,0.209117,0.183497,0.874450,0.000154,0.181480,0.485214,0.191496,0.174534,0.494965,-0.017467,0.172517,0.829282,0.254583,0.015974,0.701769,-0.051811,0.016347,0.447802,0.236783,0.015919,0.582245,-0.057383,0.015826
0.689911,0.096809,0.178310,0.874765,0.210129,0.183687,0.884530,0.001161,0.182288,0.495291,0.192458,0.174332,0.505057,-0.016510,0.172934,0.830208,0.254670,0.015956,0.730683,-0.050430,0.018088,0.462715,0.237478,0.018608,0.583219,-0.057305,0.015708
0.700050,0.098610,0.178986,0.884883,0.211985,0.183906,0.894670,0.003014,0.184068,0.505431,0.194206,0.173904,0.515218,-0.014765,0.174066,0.831105,0.254836,0.015859,0.760912,-0.048876,0.021666,0.481178,0.238453,0.022389,0.584162,-0.057158,0.015675
0.710228,0.100769,0.179729,0.895037,0.214211,0.183933,0.904850,0.005252,0.186049,0.515606,0.196286,0.173409,0.525419,-0.012673,0.175525,0.832034,0.255052,0.015765,0.788338,-0.047328,0.027434,0.499694,0.239556,0.026740,0.585116,-0.056990,0.015757
0.720390,0.103035,0.180629,0.905199,0.216510,0.183857,0.915004,0.007583,0.188075,0.525776,0.198487,0.173184,0.535582,-0.010440,0.177402,0.832974,0.255236,0.015759,0.812090,-0.045865,0.034137,0.516821,0.240718,0.031604,0.585987,-0.056844,0.015897
0.730499,0.105156,0.181816,0.915316,0.218640,0.184083,0.925103,0.009759,0.190186,0.535896,0.200553,0.173446,0.545682,-0.008329,0.179549,0.833899,0.255429,0.015813,0.832857,-0.044441,0.041003,0.533114,0.241930,0.036135,0.586827,-0.056701,0.015915
0.740593,0.106949,0.183271,0.925422,0.220426,0.184789,0.935184,0.011591,0.192349,0.546002,0.202307,0.174194,0.555764,-0.006529,0.181754,0.834811,0.255605,0.015859,0.851502,-0.043088,0.047646,0.549859,0.243152,0.039824,0.587615,-0.056573,0.015892
0.750702,0.108276,0.185077,0.935565,0.221703,0.186219,0.945257,0.012901,0.194726,0.556147,0.203652,0.175428,0.565839,-0.005150,0.183934,0.835721,0.255669,0.015970,0.870130,-0.041902,0.052866,0.568019,0.244316,0.042308,0.588390,-0.056485,0.015928
0.760979,0.109184,0.187243,0.945852,0.222593,0.188495,0.955506,0.013807,0.197416,0.566452,0.204562,0.177069,0.576106,-0.004225,0.185991,0.836652,0.255714,0.016009,0.891534,-0.040741,0.055841,0.588397,0.245421,0.043776,0.589183,-0.056426,0.015963
0.771439,0.109634,0.189536,0.956284,0.223081,0.191336,0.965961,0.014287,0.200068,0.576916,0.204982,0.179004,0.586593,-0.003812,0.187735,0.837610,0.255785,0.015974,0.915402,-0.039606,0.056323,0.611871,0.246495,0.044012,0.589996,-0.056376,0.015963
0.782211,0.109581,0.191637,0.967012,0.223084,0.194302,0.976741,0.014264,0.202313,0.587682,0.204898,0.180960,0.597411,-0.003922,0.188972,0.838594,0.255786,0.015826,0.940440,-0.038637,0.054336,0.639748,0.247572,0.043218,0.590811,-0.056401,0.015922
0.793427,0.108994,0.193204,0.978163,0.222570,0.196951,0.987984,0.013708,0.203655,0.598869,0.204279,0.182754,0.608690,-0.004583,0.189458,0.839652,0.255766,0.015817,0.964383,-0.037912,0.048303,0.672513,0.248756,0.042275,0.591683,-0.056479,0.015844
0.805069,0.107910,0.193669,0.989785,0.221495,0.198099,0.999666,0.012585,0.202953,0.610472,0.203236,0.184384,0.620353,-0.005674,0.189238,0.840655,0.255721,0.015922,0.982586,-0.037646,0.034693,0.707376,0.250006,0.041233,0.592549,-0.056535,0.015706
0.817101,0.106529,0.192207,1.001856,0.220085,0.195627,1.011789,0.011139,0.198388,0.622412,0.201919,0.186027,0.632345,-0.007027,0.188788,0.841763,0.255606,0.015959,0.984674,-0.038064,0.016069,0.733887,0.250745,0.036254,0.593424,-0.056667,0.015852
0.828651,0.106255,0.189520,1.013122,0.220305,0.191603,1.023642,0.011382,0.193896,0.633661,0.201127,0.185143,0.644181,-0.007796,0.187436,0.855512,0.255952,0.015972,0.985492,-0.038001,0.015994,0.749894,0.250730,0.024818,0.596299,-0.057600,0.015837
0.839722,0.107277,0.186196,1.024058,0.221553,0.187677,1.034829,0.012653,0.190754,0.644615,0.201901,0.181638,0.655385,-0.006999,0.184715,0.872932,0.256832,0.021669,0.986332,-0.037938,0.015875,0.754143,0.250622,0.015869,0.601254,-0.057793,0.015802
0.850357,0.107697,0.184009,1.034683,0.221987,0.185660,1.045469,0.013086,0.188616,0.655245,0.202307,0.179402,0.666031,-0.006594,0.182358,0.901257,0.258339,0.024976,0.987243,-0.037881,0.015761,0.755142,0.250666,0.015889,0.611449,-0.057284,0.015840
0.860802,0.107285,0.182971,1.045126,0.221562,0.185501,1.055906,0.012648,0.187362,0.665697,0.201921,0.178580,0.676477,-0.006993,0.180441,0.929500,0.259714,0.029085,0.988191,-0.037887,0.015811,0.756112,0.250650,0.015937,0.627066,-0.056509,0.017143
0.871185,0.106415,0.182608,1.055543,0.220602,0.186445,1.066246,0.011676,0.186716,0.676124,0.201154,0.178500,0.686827,-0.007772,0.178771,0.952206,0.260620,0.034241,0.989088,-0.038008,0.015871,0.757085,0.250600,0.015846,0.644794,-0.055641,0.020061
0.881531,0.105469,0.182629,1.065908,0.219569,0.187857,1.076557,0.010645,0.186406,0.686504,0.200293,0.178851,0.697153,-0.008631,0.177400,0.970975,0.261272,0.039211,0.989991,-0.038094,0.015917,0.758033,0.250581,0.015662,0.661797,-0.054881,0.024318
0.891792,0.104736,0.182816,1.076158,0.218794,0.189254,1.086809,0.009885,0.186379,0.696775,0.199588,0.179254,0.707427,-0.009321,0.176379,0.988025,0.261814,0.043883,0.990888,-0.038172,0.015857,0.758998,0.250524,0.015691,0.677301,-0.054351,0.029646
0.901924,0.104332,0.183164,1.086288,0.218335,0.190556,1.096924,0.009442,0.186630,0.706924,0.199222,0.179698,0.717561,-0.009671,0.175773,1.005493,0.262417,0.048002,0.991751,-0.038221,0.015882,0.759916,0.250516,0.015859,0.692015,-0.053856,0.035704
0.912010,0.104126,0.183785,1.096369,0.218081,0.191994,1.106995,0.009204,0.187256,0.717026,0.199047,0.180314,0.727652,-0.009829,0.175577,1.027177,0.263286,0.050696,0.992655,-0.038245,0.015858,0.760848,0.250525,0.015961,0.707478,-0.053348,0.042092
0.922127,0.104134,0.184529,1.106502,0.218006,0.193474,1.117074,0.009141,0.188146,0.727179,0.199126,0.180912,0.737752,-0.009739,0.175584,1.054137,0.264479,0.052338,0.993572,-0.038235,0.015754,0.761743,0.250605,0.016021,0.725426,-0.052616,0.047384
0.932312,0.104401,0.184979,1.116677,0.218246,0.194467,1.127245,0.009388,0.188860,0.737379,0.199413,0.181097,0.747947,-0.009445,0.175491,1.084076,0.265916,0.053073,0.994468,-0.038212,0.015922,0.762561,0.250643,0.016004,0.746988,-0.051635,0.049462
0.942711,0.105125,0.184870,1.127082,0.218947,0.194530,1.137620,0.010082,0.189147,0.747802,0.200169,0.180594,0.758340,-0.008696,0.175211,1.113353,0.267485,0.050636,0.995380,-0.038154,0.015956,0.763466,0.250727,0.015914,0.773008,-0.050183,0.047321
0.953476,0.106583,0.183995,1.137862,0.220418,0.193193,1.148366,0.011527,0.188831,0.758586,0.201638,0.179158,0.769090,-0.007252,0.174796,1.138210,0.269117,0.041651,0.996331,-0.038027,0.016023,0.764548,0.250865,0.015879,0.803465,-0.048297,0.043377
0.964737,0.108902,0.182208,1.149189,0.222746,0.189831,1.159603,0.013818,0.187454,0.769871,0.203986,0.176962,0.780285,-0.004942,0.174585,1.154488,0.270419,0.022791,0.997331,-0.037828,0.015981,0.765648,0.251118,0.015822,0.836680,-0.046121,0.041017
0.976082,0.111214,0.180504,1.160557,0.225125,0.186349,1.170966,0.016184,0.186049,0.781198,0.206243,0.174960,0.791606,-0.002698,0.174660,1.155673,0.270633,0.015863,0.998317,-0.037679,0.015872,0.766756,0.251259,0.015752,0.870405,-0.044084,0.039003
0.987083,0.112099,0.180111,1.171583,0.226007,0.185203,1.181977,0.017066,0.185269,0.792190,0.207132,0.174953,0.802584,-0.001810,0.175019,1.156526,0.270711,0.015848,0.999552,-0.037569,0.015775,0.767652,0.251367,0.015856,0.898374,-0.042597,0.030804
0.997711,0.111626,0.179500,1.182266,0.225431,0.184885,1.192576,0.016489,0.183708,0.802846,0.206763,0.175292,0.813156,-0.002180,0.174114,1.157439,0.270664,0.015871,1.007276,-0.037215,0.015743,0.768754,0.251484,0.015966,0.910609,-0.041985,0.015795
1.007973,0.111259,0.178905,1.192498,0.225082,0.184903,1.202858,0.016149,0.182771,0.813087,0.206370,0.175039,0.823447,-0.002563,0.172906,1.158308,0.270620,0.015898,1.023824,-0.036532,0.015773,0.773217,0.251525,0.015901,0.911603,-0.042096,0.015830
1.018013,0.112068,0.179055,1.202548,0.225885,0.184862,1.212891,0.016949,0.183051,0.823135,0.207188,0.175059,0.833478,-0.001749,0.173247,1.159247,0.270713,0.015958,1.047304,-0.035331,0.018734,0.785865,0.252215,0.017636,0.912593,-0.041973,0.015716
1.027992,0.113785,0.179818,1.212495,0.227678,0.185141,1.222883,0.018737,0.184794,0.833102,0.208833,0.174842,0.843490,-0.000109,0.174494,1.160128,0.270862,0.015863,1.079125,-0.033644,0.020954,0.803853,0.253140,0.021204,0.913564,-0.041867,0.015667
1.038033,0.115967,0.180579,1.222521,0.229911,0.185249,1.232913,0.020975,0.186844,0.843152,0.210958,0.174314,0.853544,0.002023,0.175909,1.161032,0.271066,0.015776,1.108905,-0.031928,0.026105,0.823137,0.254335,0.025586,0.914488,-0.041677,0.015750
1.048088,0.118317,0.181342,1.232584,0.232283,0.185077,1.242950,0.023374,0.188820,0.853226,0.213259,0.173864,0.863592,0.004350,0.177607,1.161932,0.271258,0.015806,1.134818,-0.030302,0.032704,0.841277,0.255611,0.030534,0.915355,-0.041493,0.015883
1.058136,0.120590,0.182285,1.242645,0.234564,0.185020,1.252980,0.025700,0.190814,0.863292,0.215481,0.173756,0.873627,0.006617,0.179550,1.162846,0.271444,0.015815,1.157253,-0.028752,0.039717,0.858157,0.256913,0.035449,0.916183,-0.041340,0.015910
1.068169,0.122559,0.183497,1.252677,0.236550,0.185403,1.263010,0.027737,0.192818,0.873327,0.217380,0.174176,0.883660,0.008567,0.181591,1.163753,0.271662,0.015806,1.176902,-0.027254,0.046501,0.874874,0.258206,0.039435,0.916985,-0.041202,0.015888
1.078217,0.124046,0.185035,1.262750,0.238006,0.186434,1.273032,0.029232,0.194947,0.883401,0.218861,0.175122,0.893683,0.010087,0.183636,1.164668,0.271766,0.015957,1.195464,-0.025955,0.052135,0.892682,0.259432,0.042007,0.917742,-0.041113,0.015853
1.088310,0.125107,0.186978,1.272837,0.239076,0.188358,1.283114,0.030325,0.197422,0.893506,0.219888,0.176534,0.903783,0.011138,0.185598,1.165562,0.271859,0.016008,1.216302,-0.024670,0.055601,0.912373,0.260591,0.043575,0.918545,-0.041050,0.015956
1.098663,0.125748,0.189166,1.283162,0.239758,0.190950,1.293465,0.031009,0.200033,0.903862,0.220486,0.178299,0.914165,0.011738,0.187382,1.166544,0.271937,0.015988,1.240009,-0.023418,0.056624,0.935025,0.261732,0.044077,0.919342,-0.041014,0.015973
1.109337,0.125847,0.191281,1.293795,0.239907,0.193839,1.304140,0.031136,0.202353,0.914533,0.220558,0.180208,0.924878,0.011787,0.188722,1.167541,0.271935,0.015843,1.265192,-0.022332,0.055364,0.961851,0.262867,0.043425,0.920157,-0.041037,0.015927
1.120384,0.125389,0.193001,1.304780,0.239522,0.196631,1.315210,0.030711,0.203966,0.925559,0.220068,0.182035,0.935989,0.011257,0.189370,1.168579,0.271900,0.015757,1.289721,-0.021487,0.050518,0.993524,0.264091,0.042358,0.920982,-0.041123,0.015857
1.131889,0.124466,0.193769,1.316258,0.238612,0.198247,1.326741,0.029751,0.203918,0.937037,0.219181,0.183620,0.947520,0.010320,0.189291,1.169593,0.271823,0.015901,1.309809,-0.021102,0.038925,1.028648,0.265452,0.041788,0.921833,-0.041205,0.015757
1.143852,0.123116,0.192882,1.328230,0.237267,0.196794,1.338809,0.028365,0.200307,0.948895,0.217866,0.185457,0.959474,0.008964,0.188970,1.170621,0.271759,0.015955,1.317506,-0.021313,0.016903,1.056313,0.266334,0.037571,0.922696,-0.041325,0.015840
1.155685,0.122719,0.190261,1.339972,0.237046,0.193241,1.350788,0.028143,0.195888,0.960583,0.217295,0.184634,0.971399,0.008391,0.187281,1.177533,0.271904,0.015964,1.318354,-0.021330,0.016075,1.076884,0.266883,0.030921,0.924029,-0.041747,0.015897
1.166931,0.123817,0.187046,1.351096,0.238351,0.189610,1.362133,0.029470,0.193034,0.971729,0.218165,0.181057,0.982766,0.009284,0.184481,1.197974,0.273005,0.020382,1.319230,-0.021220,0.015902,1.085905,0.267009,0.015849,0.927291,-0.041932,0.015816
1.177780,0.124619,0.184150,1.361959,0.239130,0.186669,1.372966,0.030253,0.190389,0.982595,0.218984,0.177910,0.993601,0.010107,0.181630,1.225214,0.274551,0.024205,1.320124,-0.021161,0.015821,1.086934,0.267116,0.015887,0.936132,-0.041395,0.015809
1.188255,0.124321,0.182704,1.372471,0.238760,0.185787,1.383409,0.029864,0.188529,0.993101,0.218778,0.176880,1.004040,0.009882,0.179621,1.255027,0.276053,0.027803,1.321002,-0.021187,0.015819,1.087916,0.267146,0.015877,0.952079,-0.040502,0.015973
1.198692,0.123436,0.182147,1.382918,0.237820,0.186418,1.393825,0.028908,0.187523,1.003560,0.217964,0.176772,1.014467,0.009052,0.177876,1.278881,0.277090,0.033040,1.321911,-0.021267,0.015845,1.088947,0.267084,0.015901,0.970959,-0.039578,0.017935
1.209076,0.122406,0.182117,1.393306,0.236722,0.187788,1.404185,0.027807,0.187091,1.013967,0.217005,0.177143,1.024846,0.008090,0.176446,1.297781,0.277760,0.038013,1.322835,-0.021370,0.015921,1.089938,0.267012,0.015734,0.988876,-0.038777,0.021173
1.219368,0.121559,0.182323,1.403598,0.235801,0.189324,1.414452,0.026896,0.187025,1.024284,0.216222,0.177620,1.035138,0.007317,0.175321,1.314182,0.278286,0.042442,1.323704,-0.021450,0.015897,1.090885,0.266980,0.015638,1.004695,-0.038130,0.025507
1.229553,0.120956,0.182644,1.413760,0.235164,0.190741,1.424635,0.026278,0.187138,1.034471,0.215635,0.178149,1.045346,0.006748,0.174547,1.330243,0.278819,0.046690,1.324585,-0.021495,0.015857,1.091831,0.266939,0.015779,1.019113,-0.037661,0.031057
1.239639,0.120674,0.183221,1.423851,0.234809,0.192186,1.434695,0.025939,0.187671,1.044584,0.215410,0.178770,1.055427,0.006540,0.174255,1.348965,0.279521,0.049814,1.325481,-0.021539,0.015886,1.092761,0.266953,0.015913,1.033466,-0.037157,0.037058
