-0.003883,-0.013130,0.324135,0.188996,0.085451,0.313170,0.182490,-0.123643,0.314493,-0.190257,0.097383,0.333778,-0.196763,-0.111712,0.335101,0.199593,0.129496,0.139591,0.149254,-0.169241,0.131236,-0.213939,0.142612,0.178699,-0.203010,-0.158057,0.166533
-0.004650,-0.019829,0.308111,0.188978,0.076773,0.293363,0.180339,-0.132245,0.294593,-0.189639,0.092587,0.321628,-0.198278,-0.116431,0.322858,0.174486,0.121643,0.086251,0.155664,-0.177786,0.112432,-0.216786,0.138024,0.121895,-0.202346,-0.163084,0.096345
-0.005432,-0.026505,0.286608,0.188563,0.068775,0.268478,0.178547,-0.140178,0.270146,-0.189412,0.087169,0.303070,-0.199428,-0.121784,0.304738,0.141231,0.114768,0.045510,0.149519,-0.185783,0.083113,-0.194695,0.130967,0.057624,-0.204960,-0.169115,0.042546
-0.007111,-0.032288,0.261549,0.187132,0.061918,0.240664,0.175877,-0.146978,0.241478,-0.190098,0.082403,0.281621,-0.201354,-0.126493,0.282435,0.120303,0.110159,0.015863,0.150036,-0.191845,0.050846,-0.165233,0.125543,0.015784,-0.206354,-0.172779,0.015623
-0.006252,-0.035721,0.242055,0.187111,0.058960,0.215841,0.175947,-0.149931,0.213764,-0.188452,0.078490,0.270346,-0.199616,-0.130402,0.268269,0.119291,0.110089,0.016034,0.145152,-0.191919,0.024393,-0.164695,0.125270,0.015624,-0.205052,-0.173117,0.015786
-0.002857,-0.037712,0.228361,0.189156,0.057355,0.194679,0.177924,-0.151508,0.190812,-0.183638,0.076084,0.265909,-0.194870,-0.132779,0.262043,0.118903,0.109964,0.015999,0.140185,-0.191763,0.015890,-0.143977,0.123989,0.022054,-0.204311,-0.173235,0.015772
0.002121,-0.038300,0.216986,0.192907,0.057018,0.177533,0.181648,-0.151833,0.173155,-0.177407,0.075234,0.260816,-0.188665,-0.133617,0.256439,0.118930,0.109919,0.015919,0.139952,-0.191817,0.015940,-0.108502,0.121896,0.029388,-0.203539,-0.173302,0.016002
0.008488,-0.038460,0.205679,0.198130,0.057028,0.161419,0.186860,-0.151821,0.156956,-0.169884,0.074901,0.254401,-0.181155,-0.133947,0.249938,0.119256,0.109920,0.015915,0.140046,-0.191808,0.015945,-0.081854,0.120337,0.036328,-0.202678,-0.173313,0.016008
0.015629,-0.038734,0.194538,0.204260,0.056889,0.146419,0.192957,-0.151955,0.141843,-0.161700,0.074487,0.247233,-0.173003,-0.134358,0.242657,0.119872,0.109842,0.015958,0.140517,-0.191885,0.015878,-0.067434,0.119495,0.038039,-0.201697,-0.173365,0.015924
0.022934,-0.039253,0.183732,0.210945,0.056545,0.133576,0.199634,-0.152290,0.128586,-0.153766,0.073783,0.238877,-0.165077,-0.135051,0.233888,0.120701,0.109774,0.015911,0.141294,-0.191965,0.015826,-0.061952,0.119222,0.034539,-0.200609,-0.173447,0.015846
0.029961,-0.039787,0.172955,0.218270,0.055890,0.123693,0.206682,-0.152913,0.118060,-0.146761,0.073338,0.227849,-0.158348,-0.135465,0.222216,0.121659,0.109699,0.015806,0.142282,-0.192113,0.015668,-0.061786,0.119576,0.027045,-0.198719,-0.173192,0.015799
0.036350,-0.039810,0.161771,0.225856,0.055517,0.116589,0.214064,-0.153273,0.110929,-0.141364,0.073653,0.212614,-0.153155,-0.135138,0.206954,0.122640,0.109617,0.015848,0.143345,-0.192241,0.015868,-0.063703,0.120150,0.015501,-0.192256,-0.173296,0.016177
0.042259,-0.039810,0.150282,0.233341,0.055293,0.111756,0.221601,-0.153500,0.106097,-0.137082,0.073880,0.194467,-0.148823,-0.134914,0.188808,0.127931,0.109329,0.016903,0.144447,-0.192256,0.015903,-0.062800,0.120088,0.015658,-0.178900,-0.174344,0.025842
0.048252,-0.040108,0.139692,0.240794,0.054828,0.108770,0.229116,-0.153958,0.102709,-0.132611,0.073742,0.176674,-0.144289,-0.135043,0.170613,0.147978,0.108051,0.022965,0.145435,-0.192299,0.015943,-0.062038,0.120009,0.015693,-0.159108,-0.175868,0.036722
0.054874,-0.040627,0.130389,0.248748,0.054055,0.108263,0.237069,-0.154711,0.101562,-0.127320,0.073458,0.159215,-0.138999,-0.135308,0.152514,0.177330,0.106059,0.031490,0.146349,-0.192429,0.015847,-0.061270,0.119911,0.015774,-0.137061,-0.177459,0.043390
0.062355,-0.041313,0.122606,0.257228,0.053067,0.110034,0.245542,-0.155668,0.102441,-0.120832,0.073042,0.142771,-0.132518,-0.135693,0.135178,0.208358,0.103884,0.040486,0.147226,-0.192564,0.015816,-0.060499,0.119830,0.015902,-0.116947,-0.178850,0.045377
0.070522,-0.042091,0.116656,0.265920,0.051979,0.113255,0.254256,-0.156719,0.104682,-0.113212,0.072536,0.128630,-0.124875,-0.136162,0.120058,0.234930,0.101919,0.048787,0.148014,-0.192688,0.015752,-0.059652,0.119730,0.015984,-0.099732,-0.180007,0.044122
0.079071,-0.042847,0.112702,0.274575,0.050962,0.117094,0.262983,-0.157702,0.107619,-0.104841,0.072009,0.117784,-0.116433,-0.136655,0.108310,0.254418,0.100587,0.052376,0.148761,-0.192754,0.015797,-0.058705,0.119631,0.016058,-0.084486,-0.180949,0.041181
0.087791,-0.043388,0.110467,0.283206,0.050163,0.120584,0.271622,-0.158486,0.110772,-0.096039,0.071709,0.110163,-0.107624,-0.136939,0.100351,0.267607,0.100060,0.046997,0.149502,-0.192815,0.015918,-0.057575,0.119575,0.015940,-0.071109,-0.181576,0.037378
0.096626,-0.043602,0.109470,0.291914,0.049803,0.122866,0.280308,-0.158866,0.113511,-0.087056,0.071662,0.105428,-0.098661,-0.137007,0.096073,0.274320,0.100490,0.030458,0.150217,-0.192825,0.016004,-0.056324,0.119537,0.015777,-0.059583,-0.181905,0.032704
0.105461,-0.043320,0.109538,0.300695,0.049983,0.124353,0.288950,-0.158744,0.116628,-0.078027,0.072105,0.102449,-0.089773,-0.136622,0.094723,0.273532,0.101080,0.015867,0.150855,-0.192802,0.015995,-0.054971,0.119567,0.015807,-0.048786,-0.181903,0.025064
0.113724,-0.043327,0.112948,0.308553,0.050059,0.131970,0.296945,-0.158717,0.125456,-0.069497,0.072062,0.100440,-0.081105,-0.136714,0.093926,0.274541,0.101116,0.015819,0.151296,-0.192747,0.016045,-0.053537,0.119355,0.015907,-0.042271,-0.181987,0.016107
0.121613,-0.043510,0.120179,0.315707,0.049817,0.145841,0.304113,-0.158985,0.140187,-0.060888,0.071964,0.100170,-0.072482,-0.136838,0.094517,0.275493,0.101104,0.015941,0.151554,-0.192689,0.016045,-0.051300,0.119248,0.015980,-0.040931,-0.182001,0.016014
0.128975,-0.043884,0.129757,0.321799,0.049378,0.163845,0.310226,-0.159437,0.158682,-0.052276,0.071669,0.100832,-0.063850,-0.137147,0.095670,0.276447,0.101082,0.015938,0.162534,-0.193266,0.016308,-0.050908,0.118797,0.033272,-0.039525,-0.182056,0.015849
0.135906,-0.044411,0.140501,0.327064,0.048770,0.183129,0.315496,-0.160050,0.178131,-0.043684,0.071229,0.102871,-0.055252,-0.137591,0.097873,0.277428,0.101057,0.015807,0.180909,-0.194311,0.018705,-0.046062,0.117966,0.058061,-0.038116,-0.182109,0.015809
0.142399,-0.044907,0.151587,0.331767,0.048251,0.201610,0.320213,-0.160574,0.196801,-0.035415,0.070761,0.106373,-0.046970,-0.138065,0.101564,0.278394,0.101014,0.015855,0.200388,-0.195462,0.022527,-0.037026,0.116915,0.083196,-0.036855,-0.182182,0.015880
0.148602,-0.045197,0.162745,0.336231,0.048022,0.218838,0.324683,-0.160812,0.214411,-0.027480,0.070419,0.111078,-0.039028,-0.138415,0.106652,0.279369,0.100997,0.015942,0.222856,-0.196717,0.025999,-0.026019,0.115953,0.107036,-0.035805,-0.182201,0.015970
0.154716,-0.045479,0.173922,0.340795,0.047823,0.234839,0.329244,-0.161018,0.230773,-0.019811,0.070060,0.117071,-0.031362,-0.138781,0.113006,0.280377,0.100954,0.015928,0.250134,-0.198236,0.028628,-0.017302,0.115433,0.117950,-0.034965,-0.182221,0.015959
0.160824,-0.045792,0.184749,0.345567,0.047605,0.249466,0.334032,-0.161242,0.245669,-0.012385,0.069659,0.123830,-0.023919,-0.139189,0.120033,0.281413,0.100922,0.015923,0.281147,-0.199955,0.031556,-0.009879,0.115032,0.124657,-0.034342,-0.182247,0.015931
0.166985,-0.046143,0.194918,0.350739,0.047321,0.262296,0.339211,-0.161530,0.258676,-0.005242,0.069244,0.131159,-0.016770,-0.139606,0.127539,0.282455,0.100888,0.015838,0.314304,-0.201802,0.034898,-0.002737,0.114619,0.131944,-0.033916,-0.182251,0.015899
0.173332,-0.046524,0.204202,0.356620,0.046973,0.272796,0.345076,-0.161879,0.269307,0.001589,0.068831,0.139098,-0.009955,-0.140022,0.135609,0.283516,0.100831,0.015882,0.348568,-0.203747,0.038756,0.004097,0.114205,0.139858,-0.033678,-0.182236,0.015883
0.180054,-0.046867,0.212356,0.363491,0.046697,0.280457,0.351960,-0.162159,0.277141,0.008147,0.068424,0.147570,-0.003383,-0.140432,0.144255,0.284573,0.100780,0.015804,0.382765,-0.205671,0.043216,0.010652,0.113799,0.148299,-0.033615,-0.182250,0.015868
0.187317,-0.047096,0.219089,0.371545,0.046547,0.284909,0.360019,-0.162313,0.281860,0.014615,0.068121,0.156318,0.003089,-0.140739,0.153269,0.285502,0.100745,0.015899,0.415628,-0.207491,0.047881,0.017119,0.113497,0.156986,-0.033685,-0.182229,0.015893
0.195236,-0.047226,0.224187,0.380793,0.046518,0.286007,0.369286,-0.162348,0.283303,0.021187,0.067896,0.165070,0.009679,-0.140970,0.162366,0.286318,0.100742,0.015985,0.445007,-0.209045,0.051765,0.023687,0.113274,0.165662,-0.033812,-0.182200,0.015899
0.203880,-0.047234,0.227423,0.391197,0.046607,0.283527,0.379694,-0.162265,0.281262,0.028067,0.067797,0.173585,0.016564,-0.141074,0.171320,0.287008,0.100767,0.016013,0.468275,-0.210183,0.052402,0.030606,0.113197,0.171897,-0.033986,-0.182126,0.015904
0.213165,-0.047165,0.228568,0.402500,0.046782,0.277225,0.391009,-0.162096,0.275513,0.035322,0.067766,0.181624,0.023830,-0.141111,0.179911,0.287488,0.100771,0.016015,0.483728,-0.210848,0.047502,0.038486,0.113199,0.171049,-0.034196,-0.182095,0.015927
0.222969,-0.047180,0.227537,0.414348,0.046813,0.267293,0.402856,-0.162068,0.266041,0.043082,0.067707,0.189033,0.031590,-0.141173,0.187781,0.287878,0.100796,0.015997,0.490859,-0.211053,0.036555,0.048967,0.113061,0.162753,-0.034355,-0.182034,0.015933
0.233147,-0.047478,0.224438,0.426341,0.046520,0.254130,0.414866,-0.162363,0.253088,0.051428,0.067407,0.195788,0.039952,-0.141475,0.194746,0.288224,0.100815,0.015988,0.489405,-0.210808,0.018802,0.064482,0.112447,0.148180,-0.034484,-0.182013,0.015934
0.243134,-0.047745,0.220275,0.437569,0.046253,0.240284,0.426088,-0.162630,0.239516,0.060179,0.067141,0.201033,0.048698,-0.141743,0.200265,0.288638,0.100783,0.015960,0.488958,-0.210782,0.015838,0.087867,0.111403,0.128945,-0.034546,-0.182008,0.015917
0.252285,-0.047943,0.216944,0.447336,0.046062,0.229570,0.435853,-0.162822,0.229059,0.068717,0.066936,0.204829,0.057234,-0.141948,0.204319,0.289109,0.100801,0.015927,0.488570,-0.210717,0.015927,0.119317,0.109908,0.108735,-0.034550,-0.181961,0.015925
0.261051,-0.048264,0.214082,0.456415,0.045741,0.220188,0.444929,-0.163143,0.219825,0.077174,0.066616,0.208340,0.065688,-0.142268,0.207977,0.289658,0.100785,0.015872,0.488345,-0.210695,0.015927,0.153307,0.108148,0.093007,-0.034570,-0.181941,0.015921
0.269657,-0.048630,0.211511,0.465111,0.045386,0.211351,0.453630,-0.163499,0.211115,0.085684,0.066240,0.211906,0.074203,-0.142645,0.211670,0.290235,0.100737,0.015787,0.488225,-0.210699,0.015926,0.184295,0.106486,0.081250,-0.034638,-0.181960,0.015916
0.278248,-0.048935,0.209197,0.473595,0.045083,0.202782,0.462108,-0.163801,0.202700,0.094387,0.065931,0.215693,0.082901,-0.142953,0.215611,0.290837,0.100725,0.015747,0.488186,-0.210680,0.015929,0.208912,0.105209,0.070993,-0.034788,-0.181922,0.015913
0.286907,-0.049248,0.206982,0.481945,0.044787,0.194383,0.470466,-0.164098,0.194456,0.103349,0.065602,0.219507,0.091869,-0.143283,0.219581,0.291498,0.100709,0.015796,0.488241,-0.210656,0.015926,0.226920,0.104274,0.060189,-0.034983,-0.181902,0.015915
0.295601,-0.049484,0.204395,0.490151,0.044551,0.185712,0.478671,-0.164334,0.186062,0.112531,0.065365,0.222728,0.101051,-0.143519,0.223078,0.292175,0.100665,0.015866,0.488363,-0.210670,0.015919,0.239506,0.103615,0.048891,-0.035184,-0.181897,0.015903
0.304111,-0.049576,0.200791,0.498048,0.044442,0.176496,0.486575,-0.164442,0.177253,0.121648,0.065290,0.224329,0.110174,-0.143594,0.225085,0.292865,0.100649,0.015902,0.488525,-0.210652,0.015911,0.248400,0.103170,0.037632,-0.035306,-0.181879,0.015909
0.312073,-0.049667,0.195424,0.505404,0.044328,0.166627,0.493944,-0.164555,0.167768,0.130202,0.065220,0.223079,0.118742,-0.143663,0.224221,0.293546,0.100646,0.015904,0.488709,-0.210617,0.015894,0.253982,0.102873,0.026236,-0.032303,-0.182033,0.015843
0.319298,-0.049469,0.187548,0.512090,0.044524,0.155337,0.500752,-0.164360,0.157286,0.137844,0.065422,0.217811,0.126505,-0.143462,0.219760,0.294356,0.100561,0.015926,0.488904,-0.210555,0.015884,0.254556,0.102720,0.015804,-0.021912,-0.182828,0.015740
0.325867,-0.049286,0.177590,0.518527,0.044604,0.144304,0.507205,-0.164272,0.146995,0.144529,0.065700,0.208184,0.133207,-0.143176,0.210876,0.298932,0.100374,0.015934,0.489173,-0.210505,0.015871,0.255388,0.102733,0.015886,-0.002676,-0.183700,0.027072
0.332355,-0.049461,0.166722,0.525279,0.044391,0.134888,0.513983,-0.164480,0.138027,0.150728,0.065557,0.195417,0.139432,-0.143314,0.198556,0.313901,0.099588,0.017985,0.489676,-0.210523,0.015860,0.256195,0.102677,0.015896,0.028024,-0.185206,0.039171
0.339138,-0.049889,0.155561,0.532764,0.043995,0.128428,0.521485,-0.164875,0.131714,0.156791,0.065098,0.179408,0.145512,-0.143772,0.182694,0.333143,0.098678,0.025602,0.490367,-0.210537,0.015988,0.256933,0.102640,0.015873,0.065470,-0.187133,0.045314
0.346397,-0.050667,0.144774,0.540944,0.043345,0.125946,0.529688,-0.165531,0.128898,0.163107,0.064197,0.160650,0.151851,-0.144679,0.163602,0.355483,0.097587,0.035820,0.491250,-0.210576,0.015984,0.257602,0.102580,0.015941,0.102493,-0.189176,0.047821
0.354244,-0.051636,0.135056,0.549513,0.042501,0.128021,0.538234,-0.166382,0.130357,0.170254,0.063110,0.139755,0.158975,-0.145772,0.142092,0.381928,0.096131,0.044159,0.492227,-0.210695,0.016075,0.258206,0.102495,0.015884,0.134812,-0.191013,0.050291
0.362816,-0.052643,0.127276,0.558001,0.041628,0.134830,0.546719,-0.167262,0.136402,0.178913,0.061976,0.118150,0.167631,-0.146914,0.119721,0.411084,0.094431,0.048611,0.493221,-0.210796,0.015969,0.258724,0.102413,0.015799,0.160478,-0.192555,0.051878
0.371925,-0.053535,0.122487,0.565764,0.040852,0.146127,0.554482,-0.168041,0.147034,0.189368,0.060970,0.097941,0.178087,-0.147923,0.098848,0.441241,0.092675,0.049709,0.494098,-0.210866,0.015866,0.259242,0.102357,0.015710,0.179776,-0.193739,0.050984
0.380985,-0.054214,0.121634,0.572107,0.040338,0.161299,0.560833,-0.168557,0.161905,0.201138,0.060128,0.081362,0.189863,-0.148767,0.081969,0.471956,0.090937,0.050148,0.494887,-0.210938,0.015792,0.259915,0.102281,0.015624,0.194940,-0.194658,0.047485
0.389320,-0.054749,0.124931,0.576722,0.040015,0.179169,0.565454,-0.168881,0.179631,0.213187,0.059384,0.070232,0.201919,-0.149512,0.070694,0.501719,0.089296,0.052162,0.495622,-0.210992,0.015836,0.260961,0.102202,0.015792,0.208117,-0.195424,0.042963
0.396366,-0.055092,0.131702,0.579670,0.039945,0.198100,0.568421,-0.168952,0.198591,0.224311,0.058768,0.064812,0.213062,-0.150129,0.065304,0.527817,0.087915,0.054022,0.496334,-0.211016,0.015846,0.262446,0.102116,0.016081,0.220465,-0.196108,0.037790
0.402115,-0.055489,0.140662,0.581771,0.039727,0.216153,0.570533,-0.169170,0.216510,0.233697,0.058193,0.064814,0.222459,-0.150704,0.065171,0.547442,0.086807,0.050710,0.497044,-0.211076,0.015880,0.264259,0.101982,0.016101,0.232350,-0.196812,0.030391
0.407303,-0.056099,0.150129,0.584453,0.039069,0.231381,0.573212,-0.169828,0.231251,0.241393,0.057631,0.069006,0.230152,-0.151267,0.068877,0.560360,0.085998,0.042775,0.497781,-0.211152,0.015910,0.266173,0.101846,0.016041,0.244085,-0.197501,0.017457
0.412571,-0.056633,0.159118,0.589327,0.038279,0.241521,0.577803,-0.170604,0.241278,0.247339,0.057338,0.076958,0.235815,-0.151545,0.076715,0.564020,0.085440,0.030001,0.498434,-0.211482,0.015863,0.267654,0.101807,0.015779,0.245243,-0.197513,0.016026
0.418781,-0.056351,0.166583,0.596743,0.038658,0.246232,0.584844,-0.170201,0.247220,0.252718,0.057499,0.085946,0.240819,-0.151360,0.086933,0.557736,0.085315,0.015845,0.505192,-0.212275,0.017230,0.268593,0.101788,0.015901,0.246016,-0.197516,0.015844
0.425137,-0.056160,0.173794,0.603714,0.039030,0.251833,0.591803,-0.169824,0.253443,0.258471,0.057504,0.094144,0.246559,-0.151350,0.095755,0.558526,0.085313,0.015872,0.521816,-0.213152,0.020742,0.265014,0.102212,0.036521,0.246749,-0.197502,0.015912
0.431305,-0.056343,0.181774,0.610038,0.038912,0.259377,0.598163,-0.169943,0.261111,0.264447,0.057257,0.102437,0.252572,-0.151598,0.104171,0.559398,0.085294,0.015887,0.542742,-0.214272,0.025751,0.265783,0.102441,0.070537,0.247310,-0.197557,0.015881
0.437569,-0.056541,0.190489,0.616498,0.038744,0.267600,0.604638,-0.170112,0.269425,0.270499,0.057029,0.111554,0.258639,-0.151827,0.113379,0.560333,0.085259,0.015887,0.569227,-0.215707,0.031204,0.272646,0.102398,0.107627,0.247687,-0.197582,0.015828
0.444103,-0.056831,0.199661,0.623559,0.038415,0.275587,0.611706,-0.170441,0.277398,0.276500,0.056779,0.121923,0.264647,-0.152077,0.123734,0.561314,0.085221,0.015946,0.601977,-0.217501,0.036680,0.279075,0.102154,0.121531,0.247837,-0.197584,0.015838
0.450993,-0.057129,0.208256,0.631272,0.038064,0.282274,0.619418,-0.170791,0.284117,0.282567,0.056534,0.132395,0.270713,-0.152322,0.134238,0.562321,0.085153,0.015929,0.637270,-0.219463,0.042347,0.285143,0.101909,0.131998,0.247838,-0.197594,0.015830
0.458389,-0.057365,0.215686,0.639907,0.037772,0.286690,0.628054,-0.171083,0.288648,0.288725,0.056352,0.142723,0.276872,-0.152502,0.144681,0.563301,0.085105,0.015824,0.672409,-0.221381,0.048100,0.291300,0.101727,0.142302,0.247750,-0.197583,0.015840
0.466366,-0.057510,0.221586,0.649542,0.037562,0.288284,0.637692,-0.171291,0.290452,0.295040,0.056270,0.152719,0.283189,-0.152583,0.154887,0.564172,0.085104,0.015861,0.705405,-0.223119,0.053408,0.297615,0.101645,0.152256,0.247604,-0.197533,0.015851
0.474995,-0.057610,0.225681,0.660189,0.037379,0.286685,0.648320,-0.171469,0.289208,0.301670,0.056250,0.162153,0.289801,-0.152598,0.164677,0.564885,0.085050,0.015895,0.733556,-0.224649,0.056700,0.304248,0.101623,0.161614,0.247416,-0.197514,0.015861
0.484261,-0.057693,0.227797,0.671698,0.037180,0.281719,0.659825,-0.171663,0.284623,0.308696,0.056276,0.170970,0.296824,-0.152567,0.173875,0.565510,0.085048,0.015934,0.754400,-0.225756,0.055330,0.311582,0.101557,0.165059,0.247245,-0.197473,0.015870
0.494053,-0.057831,0.227775,0.683792,0.036876,0.273283,0.671912,-0.171961,0.276578,0.316194,0.056299,0.178973,0.304314,-0.152537,0.182267,0.565944,0.085050,0.015958,0.766706,-0.226492,0.047721,0.320722,0.101294,0.161433,0.247077,-0.197435,0.015881
0.504253,-0.058136,0.225640,0.696144,0.036354,0.261566,0.684274,-0.172479,0.265131,0.324233,0.056207,0.186149,0.312362,-0.152626,0.189713,0.566319,0.085071,0.015958,0.770161,-0.226850,0.033178,0.333615,0.100605,0.151099,0.246959,-0.197405,0.015890
0.514675,-0.058861,0.221599,0.708375,0.035357,0.246986,0.696522,-0.173477,0.250509,0.332828,0.055756,0.192689,0.320975,-0.153079,0.196211,0.566679,0.085032,0.015953,0.766509,-0.226942,0.015584,0.352735,0.099193,0.135653,0.246870,-0.197444,0.015883
0.524426,-0.059395,0.217683,0.719190,0.034621,0.234085,0.707341,-0.174212,0.237690,0.341510,0.055422,0.197676,0.329661,-0.153411,0.201281,0.567177,0.085011,0.015958,0.765828,-0.226890,0.015841,0.380680,0.097321,0.116082,0.246861,-0.197444,0.015866
0.533371,-0.059891,0.214656,0.728663,0.033974,0.224225,0.716807,-0.174858,0.227887,0.349935,0.055077,0.201425,0.338079,-0.153755,0.205087,0.567689,0.084991,0.015936,0.765517,-0.226872,0.015873,0.413762,0.095192,0.099282,0.246887,-0.197426,0.015870
0.542019,-0.060463,0.211991,0.737577,0.033273,0.215424,0.725715,-0.175559,0.219056,0.358323,0.054633,0.204926,0.346461,-0.154199,0.208559,0.568265,0.084950,0.015911,0.765314,-0.226872,0.015877,0.445971,0.093136,0.087176,0.246868,-0.197424,0.015876
0.550602,-0.060982,0.209595,0.746225,0.032646,0.207035,0.734363,-0.176185,0.210665,0.366841,0.054222,0.208526,0.354979,-0.154610,0.212156,0.568893,0.084926,0.015854,0.765240,-0.226856,0.015876,0.473226,0.091430,0.077414,0.246826,-0.197409,0.015873
0.559208,-0.061447,0.207372,0.754705,0.032082,0.198747,0.742844,-0.176749,0.202433,0.375572,0.053855,0.212312,0.363711,-0.154976,0.215998,0.569548,0.084899,0.015763,0.765245,-0.226845,0.015879,0.494459,0.090075,0.067396,0.246704,-0.197393,0.015867
0.567879,-0.061836,0.205064,0.763061,0.031600,0.190419,0.751206,-0.177228,0.194253,0.384551,0.053556,0.215876,0.372696,-0.155273,0.219709,0.570245,0.084872,0.015791,0.765317,-0.226835,0.015876,0.510248,0.089018,0.056099,0.246535,-0.197383,0.015865
0.576542,-0.062180,0.202203,0.771254,0.031156,0.181780,0.759396,-0.177669,0.185838,0.393688,0.053309,0.218568,0.381830,-0.155515,0.222625,0.570947,0.084837,0.015853,0.765468,-0.226848,0.015858,0.521634,0.088187,0.044115,0.246400,-0.197374,0.015872
0.584927,-0.062485,0.198080,0.779086,0.030750,0.172574,0.767223,-0.178069,0.176881,0.402630,0.053099,0.219279,0.390767,-0.155720,0.223586,0.571633,0.084837,0.015889,0.765619,-0.226832,0.015849,0.529569,0.087559,0.032039,0.246566,-0.197347,0.015776
0.592667,-0.062653,0.191822,0.786280,0.030516,0.162251,0.774465,-0.178296,0.166980,0.410868,0.052991,0.216665,0.399053,-0.155822,0.221394,0.572330,0.084844,0.015964,0.765797,-0.226763,0.015840,0.533523,0.087128,0.019840,0.251582,-0.197668,0.015771
0.599628,-0.062714,0.183194,0.792898,0.030251,0.150856,0.780996,-0.178542,0.156163,0.418261,0.053115,0.210225,0.406359,-0.155679,0.215532,0.574536,0.084809,0.015975,0.765980,-0.226792,0.015814,0.534226,0.087103,0.015818,0.264873,-0.198170,0.018090
0.606125,-0.063042,0.173315,0.799411,0.029832,0.140816,0.787459,-0.178952,0.146410,0.424791,0.052868,0.200220,0.412839,-0.155915,0.205814,0.584924,0.084308,0.016047,0.766282,-0.226778,0.015849,0.534979,0.087162,0.015863,0.287677,-0.198962,0.031456
0.612808,-0.063622,0.162608,0.806522,0.029291,0.132887,0.794571,-0.179490,0.138571,0.431045,0.052247,0.186646,0.419094,-0.156534,0.192330,0.603218,0.083384,0.019586,0.766841,-0.226784,0.015898,0.535707,0.087149,0.015922,0.320222,-0.200499,0.042331
0.619843,-0.064522,0.151633,0.814314,0.028530,0.127892,0.802358,-0.180257,0.133341,0.437327,0.051214,0.169925,0.425372,-0.157573,0.175374,0.623429,0.082411,0.028667,0.767591,-0.226869,0.016004,0.536420,0.087061,0.015949,0.357329,-0.202560,0.047266
0.627354,-0.065605,0.141148,0.822655,0.027664,0.127029,0.810679,-0.181136,0.131905,0.444028,0.049926,0.150391,0.432052,-0.158874,0.155267,0.646770,0.081219,0.038382,0.768520,-0.226962,0.016000,0.537064,0.086987,0.015942,0.393060,-0.204643,0.049583
0.635502,-0.066780,0.131949,0.831173,0.026775,0.130744,0.819207,-0.182042,0.134834,0.451797,0.048482,0.129064,0.439831,-0.160336,0.133154,0.673987,0.079641,0.045226,0.769513,-0.227056,0.015957,0.537567,0.086884,0.015900,0.423236,-0.206512,0.051736
0.644363,-0.067947,0.125087,0.839425,0.025841,0.139080,0.827420,-0.182990,0.142313,0.461307,0.047095,0.107860,0.449302,-0.161735,0.111093,0.703196,0.077796,0.048217,0.770443,-0.227201,0.015915,0.538069,0.086787,0.015808,0.446374,-0.208008,0.052328
0.653538,-0.068863,0.121686,0.846660,0.025164,0.151752,0.834624,-0.183673,0.154357,0.472451,0.045947,0.089015,0.460416,-0.162890,0.091619,0.733478,0.075933,0.048920,0.771298,-0.227280,0.015819,0.538582,0.086751,0.015727,0.463668,-0.209118,0.050559
0.662426,-0.069550,0.122489,0.852354,0.024792,0.167967,0.840320,-0.184049,0.170290,0.484532,0.044949,0.074688,0.472498,-0.163891,0.077011,0.763966,0.074103,0.050157,0.772065,-0.227363,0.015755,0.539354,0.086662,0.015640,0.477726,-0.210055,0.046926
0.670338,-0.070053,0.127295,0.856341,0.024637,0.186267,0.844320,-0.184206,0.188454,0.496355,0.044099,0.066135,0.484335,-0.164743,0.068322,0.792363,0.072449,0.052747,0.772804,-0.227425,0.015797,0.540553,0.086557,0.015848,0.490387,-0.210890,0.042475
0.676903,-0.070381,0.135085,0.858955,0.024641,0.204863,0.846954,-0.184203,0.206976,0.506852,0.043441,0.063194,0.494851,-0.165404,0.065308,0.815648,0.071118,0.052811,0.773533,-0.227446,0.015851,0.542219,0.086459,0.016095,0.502526,-0.211662,0.036674
0.682392,-0.070786,0.144336,0.861285,0.024395,0.221661,0.849291,-0.184453,0.223492,0.515493,0.042881,0.065180,0.503499,-0.165966,0.067011,0.832214,0.070062,0.047295,0.774248,-0.227490,0.015892,0.544103,0.086334,0.016027,0.514229,-0.212455,0.027548
0.687611,-0.071533,0.153410,0.864654,0.023494,0.235059,0.852640,-0.185358,0.236178,0.522582,0.042291,0.070642,0.510567,-0.166560,0.071761,0.841576,0.069289,0.037613,0.774984,-0.227597,0.015869,0.545894,0.086183,0.016016,0.523470,-0.213129,0.015729
0.693451,-0.071907,0.161586,0.870652,0.022804,0.243259,0.858057,-0.186010,0.244811,0.528845,0.042196,0.078361,0.516249,-0.166618,0.079912,0.840954,0.068488,0.022271,0.775692,-0.228277,0.015917,0.547339,0.086150,0.015830,0.524637,-0.213134,0.015805
0.699558,-0.071976,0.169188,0.877144,0.022814,0.249931,0.864549,-0.185999,0.251760,0.534568,0.042047,0.086617,0.521972,-0.166765,0.088446,0.842139,0.068409,0.015841,0.787511,-0.228918,0.019731,0.546142,0.086319,0.022212,0.525535,-0.213149,0.015948
0.705509,-0.072075,0.176985,0.883136,0.022816,0.257519,0.870582,-0.185997,0.259531,0.540436,0.041848,0.094440,0.527883,-0.166966,0.096451,0.842998,0.068435,0.015857,0.805653,-0.229888,0.024976,0.544145,0.086710,0.047822,0.526246,-0.213178,0.015897
0.711372,-0.072113,0.185545,0.889055,0.022878,0.265838,0.876506,-0.185933,0.268110,0.546238,0.041707,0.102981,0.533690,-0.167104,0.105252,0.843909,0.068406,0.015879,0.828029,-0.231139,0.030575,0.547369,0.086942,0.081659,0.526715,-0.213192,0.015840
0.717316,-0.072166,0.194762,0.895150,0.022906,0.274621,0.882591,-0.185901,0.277162,0.552041,0.041568,0.112361,0.539482,-0.167239,0.114903,0.844865,0.068317,0.015900,0.855922,-0.232767,0.036099,0.554770,0.086933,0.111812,0.526976,-0.213229,0.015823
0.723549,-0.072327,0.204063,0.901808,0.022738,0.282978,0.889232,-0.186066,0.285632,0.557866,0.041413,0.122494,0.545290,-0.167392,0.125149,0.845889,0.068247,0.015953,0.887413,-0.234601,0.041141,0.560598,0.086777,0.121919,0.527078,-0.213221,0.015823
0.730122,-0.072403,0.212502,0.909154,0.022678,0.289626,0.896591,-0.186125,0.292480,0.563653,0.041319,0.132524,0.551089,-0.167484,0.135378,0.846915,0.068218,0.015932,0.920684,-0.236473,0.046496,0.566382,0.086683,0.131906,0.527063,-0.213209,0.015820
0.737148,-0.072433,0.219721,0.917432,0.022626,0.293900,0.904866,-0.186173,0.297021,0.569430,0.041306,0.142421,0.556864,-0.167493,0.145542,0.847858,0.068195,0.015818,0.953815,-0.238318,0.051986,0.572161,0.086669,0.141748,0.526938,-0.213168,0.015830
0.744755,-0.072418,0.225525,0.926717,0.022604,0.295537,0.914158,-0.186190,0.299009,0.575352,0.041354,0.152041,0.562793,-0.167440,0.155513,0.848699,0.068185,0.015848,0.985061,-0.240013,0.057250,0.578081,0.086715,0.151299,0.526755,-0.213133,0.015846
0.753014,-0.072380,0.229750,0.936997,0.022563,0.294381,0.924428,-0.186222,0.298293,0.581599,0.041462,0.161206,0.569030,-0.167323,0.165119,0.849407,0.068157,0.015886,1.012153,-0.241492,0.060934,0.584330,0.086822,0.160366,0.526568,-0.213104,0.015849
0.761902,-0.072350,0.232278,0.948136,0.022463,0.290318,0.935568,-0.186314,0.294675,0.588236,0.041615,0.169881,0.575667,-0.167162,0.174239,0.849967,0.068188,0.015925,1.032958,-0.242601,0.060778,0.591057,0.086870,0.164271,0.526376,-0.213042,0.015872
0.771366,-0.072395,0.232955,0.959972,0.022204,0.283154,0.947378,-0.186561,0.287976,0.595355,0.041770,0.177933,0.582760,-0.166995,0.182755,0.850392,0.068188,0.015943,1.046543,-0.243459,0.055447,0.599044,0.086721,0.161871,0.526193,-0.212982,0.015863
0.781277,-0.072624,0.231700,0.972187,0.021708,0.272880,0.959596,-0.187048,0.278071,0.602957,0.041800,0.185328,0.590366,-0.166956,0.190520,0.850725,0.068190,0.015942,1.052589,-0.244013,0.044481,0.609774,0.086130,0.152950,0.526025,-0.212966,0.015867
0.791485,-0.073151,0.228499,0.984452,0.020853,0.259614,0.971884,-0.187901,0.264962,0.611085,0.041600,0.192037,0.598518,-0.167154,0.197384,0.851028,0.068191,0.015958,1.051077,-0.244300,0.027429,0.625754,0.084890,0.138396,0.525911,-0.212980,0.015866
0.801739,-0.074074,0.223691,0.996304,0.019548,0.244197,0.983742,-0.189211,0.249369,0.619735,0.041063,0.198013,0.607173,-0.167695,0.203185,0.851365,0.068161,0.015964,1.046914,-0.244346,0.015747,0.649657,0.082888,0.120471,0.525835,-0.212988,0.015863
0.811172,-0.074821,0.219393,1.006572,0.018529,0.231472,0.994003,-0.190231,0.236568,0.628342,0.040588,0.202218,0.615773,-0.168172,0.207313,0.851824,0.068132,0.015965,1.046324,-0.244316,0.015779,0.681879,0.080471,0.102274,0.525833,-0.212976,0.015859
0.819988,-0.075508,0.215770,1.015781,0.017655,0.220960,1.003219,-0.191107,0.225989,0.636757,0.040091,0.205551,0.624195,-0.168671,0.210579,0.852354,0.068097,0.015960,1.045981,-0.244287,0.015849,0.716348,0.078030,0.088588,0.525876,-0.212991,0.015856
0.828579,-0.076164,0.212553,1.024516,0.016832,0.211356,1.011950,-0.191931,0.216313,0.645208,0.039603,0.208792,0.632642,-0.169161,0.213750,0.852913,0.068066,0.015935,1.045757,-0.244271,0.015856,0.746845,0.075944,0.078825,0.525849,-0.212977,0.015851
0.837143,-0.076775,0.209679,1.033009,0.016082,0.202245,1.020447,-0.192682,0.207184,0.653839,0.039133,0.212173,0.641277,-0.169631,0.217113,0.853532,0.068016,0.015853,1.045660,-0.244272,0.015841,0.770486,0.074296,0.070039,0.525771,-0.212987,0.015854
0.845760,-0.077339,0.206963,1.041360,0.015389,0.193421,1.028798,-0.193375,0.198359,0.662723,0.038697,0.215568,0.650160,-0.170067,0.220506,0.854190,0.067994,0.015749,1.045659,-0.244252,0.015846,0.787907,0.073029,0.059991,0.525646,-0.212960,0.015846
0.854435,-0.077827,0.203995,1.049594,0.014775,0.184525,1.037029,-0.193986,0.189584,0.671841,0.038331,0.218405,0.659276,-0.170430,0.223465,0.854889,0.067949,0.015796,1.045742,-0.244267,0.015849,0.800377,0.072029,0.048750,0.525506,-0.212956,0.015844
0.862995,-0.078270,0.200186,1.057593,0.014220,0.175318,1.045033,-0.194537,0.180559,0.680957,0.037997,0.219812,0.668397,-0.170760,0.225054,0.855576,0.067917,0.015852,1.045890,-0.244271,0.015835,0.809344,0.071230,0.037034,0.525445,-0.212958,0.015852
0.871048,-0.078682,0.194733,1.065089,0.013729,0.165587,1.052555,-0.195024,0.171051,0.689541,0.037660,0.218415,0.677007,-0.171093,0.223879,0.856289,0.067896,0.015941,1.046063,-0.244244,0.015820,0.815206,0.070602,0.025077,0.528065,-0.213144,0.015797
0.878372,-0.078835,0.186814,1.071963,0.013499,0.154593,1.059500,-0.195241,0.160675,0.697244,0.037572,0.212954,0.684781,-0.171168,0.219036,0.857034,0.067843,0.015990,1.046263,-0.244222,0.015796,0.816312,0.070269,0.015799,0.538373,-0.213899,0.015762
