-0.013134,-0.016327,0.335410,0.177293,0.087453,0.332494,0.176430,-0.121711,0.336236,-0.202698,0.089058,0.334584,-0.203561,-0.120107,0.338327,0.157295,0.129398,0.131567,0.160993,-0.170613,0.140241,-0.175750,0.130834,0.135039,-0.182855,-0.169208,0.139505
-0.018768,-0.024376,0.322940,0.171737,0.079203,0.318438,0.170717,-0.129875,0.325493,-0.208253,0.081123,0.320388,-0.209273,-0.127955,0.327443,0.153665,0.118352,0.128305,0.156526,-0.180979,0.156692,-0.181473,0.120175,0.133875,-0.216981,-0.180339,0.121651
-0.023785,-0.032516,0.307938,0.167030,0.070449,0.302556,0.165385,-0.138538,0.311859,-0.212955,0.073505,0.304017,-0.214600,-0.135482,0.313320,0.150999,0.107969,0.120528,0.141265,-0.191137,0.148034,-0.199671,0.110671,0.119222,-0.243900,-0.190796,0.087569
-0.029835,-0.040657,0.290059,0.161847,0.060691,0.284776,0.158433,-0.148205,0.295530,-0.218102,0.066891,0.284588,-0.221516,-0.142005,0.295343,0.145795,0.097149,0.103739,0.128722,-0.202574,0.114134,-0.205388,0.101546,0.077669,-0.258010,-0.199162,0.057652
-0.037319,-0.048782,0.267722,0.155702,0.049992,0.262466,0.149489,-0.158727,0.275221,-0.224127,0.061162,0.260224,-0.230340,-0.147557,0.272978,0.133703,0.084668,0.073731,0.126223,-0.215654,0.077774,-0.204095,0.092714,0.040837,-0.252356,-0.207512,0.026599
-0.045162,-0.056213,0.241524,0.149909,0.038429,0.235925,0.139276,-0.170104,0.248787,-0.229600,0.057678,0.234260,-0.240233,-0.150856,0.247122,0.115712,0.073347,0.034545,0.129771,-0.227661,0.047000,-0.201187,0.088329,0.015453,-0.249418,-0.210252,0.015766
-0.048496,-0.062202,0.218007,0.147477,0.030203,0.208164,0.134671,-0.178352,0.218423,-0.231664,0.053947,0.217592,-0.244469,-0.154608,0.227851,0.100725,0.069204,0.015845,0.106723,-0.232212,0.015422,-0.200880,0.087721,0.015795,-0.248478,-0.210383,0.015811
-0.046101,-0.066551,0.204427,0.149868,0.025933,0.195256,0.137009,-0.182765,0.201920,-0.229211,0.049663,0.206935,-0.242069,-0.159036,0.213599,0.100442,0.068811,0.015896,0.105911,-0.232347,0.015943,-0.200304,0.087339,0.015852,-0.247396,-0.210583,0.015779
-0.037823,-0.068810,0.199447,0.158209,0.023725,0.192381,0.145298,-0.185016,0.197396,-0.220943,0.047397,0.201498,-0.233855,-0.161344,0.206513,0.101085,0.068566,0.015785,0.106411,-0.232518,0.016019,-0.199429,0.087156,0.015880,-0.246355,-0.210702,0.015822
-0.026146,-0.070084,0.197308,0.169913,0.022481,0.191500,0.156992,-0.186272,0.195968,-0.209284,0.046105,0.198647,-0.222205,-0.162648,0.203116,0.113865,0.067863,0.021721,0.107387,-0.232603,0.015927,-0.198368,0.087065,0.015941,-0.245315,-0.210773,0.015892
-0.013958,-0.071495,0.193593,0.182114,0.021085,0.188503,0.169184,-0.187679,0.192382,-0.197100,0.044689,0.194804,-0.210030,-0.164075,0.198683,0.137134,0.066443,0.028507,0.108358,-0.232738,0.015793,-0.197174,0.086915,0.015942,-0.240834,-0.211111,0.015798
-0.002167,-0.072968,0.187523,0.193904,0.019614,0.182429,0.180963,-0.189161,0.185584,-0.185296,0.043226,0.189462,-0.198238,-0.165550,0.192617,0.161601,0.064913,0.033784,0.109265,-0.232825,0.015799,-0.195948,0.086805,0.015840,-0.230127,-0.211789,0.015650
0.009434,-0.074196,0.180631,0.205492,0.018389,0.175116,0.192549,-0.190393,0.177790,-0.173682,0.042001,0.183473,-0.186624,-0.166781,0.186147,0.183185,0.063558,0.038098,0.110186,-0.232902,0.015853,-0.194713,0.086698,0.015771,-0.209477,-0.213085,0.015890
0.021179,-0.074852,0.174471,0.217228,0.017702,0.168161,0.204267,-0.191077,0.171021,-0.161908,0.041373,0.177920,-0.174870,-0.167406,0.180780,0.200404,0.062534,0.040133,0.111187,-0.232966,0.015864,-0.193454,0.086653,0.015872,-0.176988,-0.215048,0.017861
0.033085,-0.074959,0.169025,0.229102,0.017570,0.161487,0.216158,-0.191196,0.165222,-0.149988,0.041278,0.172827,-0.162932,-0.167488,0.176562,0.211344,0.061924,0.033393,0.112251,-0.232968,0.015940,-0.192254,0.086635,0.015865,-0.126278,-0.218146,0.017752
0.045101,-0.074730,0.163309,0.240963,0.017843,0.152837,0.228177,-0.190902,0.157980,-0.137975,0.041442,0.168638,-0.150760,-0.167303,0.173781,0.208501,0.062010,0.016031,0.113358,-0.232918,0.015974,-0.191006,0.086473,0.015766,-0.064244,-0.221876,0.022602
0.056324,-0.075516,0.157527,0.252238,0.016664,0.144802,0.239067,-0.192065,0.149624,-0.126419,0.041034,0.165429,-0.139590,-0.167695,0.170251,0.209565,0.061934,0.016038,0.118786,-0.233085,0.017335,-0.181314,0.086593,0.015792,-0.014097,-0.224433,0.028882
0.066742,-0.077377,0.150658,0.262915,0.014239,0.137856,0.249016,-0.194482,0.140478,-0.115533,0.039727,0.160838,-0.129431,-0.168994,0.163460,0.210710,0.061738,0.015928,0.137350,-0.234030,0.026678,-0.155730,0.086136,0.015742,0.003622,-0.225202,0.020589
0.077080,-0.079140,0.143636,0.273267,0.012500,0.131234,0.259302,-0.196230,0.132400,-0.105142,0.037951,0.154872,-0.119108,-0.170779,0.156038,0.211917,0.061512,0.015773,0.160184,-0.235702,0.033680,-0.128676,0.084301,0.015797,0.004556,-0.225390,0.015752
0.087559,-0.080147,0.138616,0.283753,0.011517,0.126499,0.269788,-0.197215,0.127272,-0.094671,0.036921,0.149959,-0.108635,-0.171811,0.150732,0.213164,0.061382,0.015844,0.183022,-0.237287,0.039401,-0.105162,0.082678,0.015761,0.005484,-0.225497,0.015852
0.098305,-0.080544,0.135575,0.294525,0.011153,0.124156,0.280630,-0.197580,0.125516,-0.084020,0.036493,0.145633,-0.097916,-0.172241,0.146993,0.214402,0.061333,0.015896,0.201699,-0.238410,0.043827,-0.082273,0.081081,0.015638,0.006553,-0.225601,0.015911
0.109135,-0.080589,0.133737,0.305399,0.011130,0.123296,0.291580,-0.197599,0.125756,-0.073311,0.036420,0.141717,-0.087130,-0.172308,0.144177,0.215566,0.061365,0.015891,0.219604,-0.239309,0.047393,-0.060007,0.079608,0.015778,0.007600,-0.225645,0.015877
0.119987,-0.080559,0.132624,0.316309,0.011145,0.123169,0.302520,-0.197566,0.126929,-0.062545,0.036449,0.138318,-0.076334,-0.172262,0.142078,0.216695,0.061352,0.015973,0.239558,-0.240332,0.050942,-0.039639,0.078310,0.017181,0.008746,-0.225713,0.015918
0.130909,-0.080544,0.132032,0.327276,0.011163,0.123594,0.313513,-0.197525,0.128558,-0.051695,0.036438,0.135506,-0.065458,-0.172250,0.140470,0.217783,0.061384,0.015935,0.261874,-0.241432,0.054947,-0.021725,0.077308,0.021372,0.009844,-0.225744,0.015748
0.142052,-0.080597,0.131989,0.338498,0.011024,0.124543,0.324651,-0.197630,0.130590,-0.040548,0.036436,0.133388,-0.054395,-0.172218,0.139436,0.218843,0.061382,0.015792,0.285295,-0.242657,0.059171,-0.004174,0.076503,0.026864,0.011014,-0.225717,0.015592
0.153515,-0.080734,0.132535,0.349988,0.010901,0.126018,0.336148,-0.197722,0.133060,-0.029118,0.036253,0.132010,-0.042958,-0.172370,0.139051,0.219919,0.061387,0.015848,0.309081,-0.243883,0.062514,0.015636,0.075484,0.031986,0.012269,-0.225769,0.015807
0.165260,-0.081108,0.133239,0.361740,0.010577,0.127691,0.347926,-0.198026,0.135361,-0.017406,0.035810,0.131117,-0.031219,-0.172793,0.138787,0.220960,0.061369,0.015914,0.331958,-0.245235,0.062298,0.041558,0.073947,0.034888,0.013513,-0.225854,0.015899
0.177147,-0.082047,0.133300,0.373635,0.009673,0.128714,0.359820,-0.198937,0.136170,-0.005526,0.034844,0.130430,-0.019342,-0.173766,0.137886,0.222022,0.061263,0.015995,0.352848,-0.246967,0.054677,0.078439,0.071460,0.035234,0.014835,-0.225968,0.015883
0.189072,-0.083710,0.131914,0.385516,0.008131,0.127922,0.371800,-0.200531,0.133967,0.006343,0.033112,0.129860,-0.007373,-0.175550,0.135906,0.223050,0.061134,0.015963,0.368790,-0.248795,0.034070,0.124867,0.068229,0.038096,0.016253,-0.226145,0.015985
0.200394,-0.085602,0.128521,0.396663,0.006562,0.123512,0.383296,-0.202166,0.127784,0.017491,0.030963,0.129258,0.004124,-0.177766,0.133531,0.225142,0.060895,0.015823,0.370200,-0.249171,0.015878,0.166759,0.065147,0.040871,0.017796,-0.226601,0.015955
0.211079,-0.086594,0.124781,0.406729,0.006777,0.118144,0.394714,-0.201999,0.123880,0.027443,0.028812,0.125681,0.015428,-0.179964,0.131418,0.260639,0.057919,0.015974,0.371514,-0.249173,0.015886,0.179566,0.062759,0.022304,0.018355,-0.228853,0.015753
0.222294,-0.086807,0.121415,0.417828,0.006788,0.114522,0.406072,-0.201987,0.120794,0.038516,0.028372,0.122036,0.026760,-0.180403,0.128308,0.306216,0.055732,0.018542,0.372531,-0.248792,0.015877,0.180689,0.062723,0.015971,0.020228,-0.228957,0.015823
0.233543,-0.087135,0.119863,0.429080,0.006402,0.112282,0.417297,-0.202353,0.119133,0.049790,0.028083,0.120593,0.038007,-0.180673,0.127444,0.348497,0.053669,0.026091,0.373912,-0.248834,0.016042,0.181675,0.062751,0.015939,0.021990,-0.228979,0.015808
0.244755,-0.087570,0.119515,0.440285,0.005966,0.111748,0.428516,-0.202778,0.118980,0.060994,0.027638,0.120051,0.049225,-0.181106,0.127283,0.383003,0.052136,0.036441,0.375325,-0.248894,0.016066,0.182743,0.062710,0.015778,0.027621,-0.229304,0.015654
0.255859,-0.088257,0.119741,0.451425,0.005264,0.112732,0.439610,-0.203483,0.119784,0.072109,0.026969,0.119698,0.060294,-0.181778,0.126750,0.409352,0.050927,0.045623,0.376699,-0.248981,0.015863,0.183842,0.062684,0.015809,0.038972,-0.229872,0.015691
0.266762,-0.089165,0.120384,0.462365,0.004366,0.114665,0.450507,-0.204396,0.121160,0.083017,0.026067,0.119608,0.071159,-0.182696,0.126102,0.429311,0.049844,0.052161,0.377967,-0.249102,0.015703,0.184941,0.062597,0.015927,0.053330,-0.230661,0.015757
0.277481,-0.090263,0.121367,0.473155,0.003209,0.117381,0.461172,-0.205572,0.122981,0.093790,0.025045,0.119752,0.081808,-0.183736,0.125352,0.445969,0.048694,0.057117,0.379129,-0.249279,0.015815,0.186141,0.062503,0.015962,0.069130,-0.231487,0.015829
0.288082,-0.091461,0.122572,0.483814,0.001950,0.120466,0.471714,-0.206852,0.124933,0.104451,0.023930,0.120210,0.092350,-0.184872,0.124677,0.461017,0.047543,0.061334,0.380207,-0.249419,0.015860,0.187389,0.062428,0.015875,0.084527,-0.232237,0.018043
0.298603,-0.092735,0.123899,0.494383,0.000598,0.123424,0.482170,-0.208219,0.126734,0.115037,0.022748,0.121064,0.102823,-0.186069,0.124374,0.475103,0.046326,0.064569,0.381230,-0.249605,0.015942,0.188703,0.062302,0.015637,0.099214,-0.233013,0.022075
0.309147,-0.093925,0.125236,0.504949,-0.000640,0.125994,0.492674,-0.209468,0.128256,0.125620,0.021617,0.122216,0.113345,-0.187211,0.124478,0.488744,0.045197,0.066316,0.382258,-0.249725,0.015945,0.190008,0.062209,0.015732,0.114404,-0.233864,0.026602
0.319752,-0.095016,0.126477,0.515560,-0.001755,0.128081,0.503259,-0.210588,0.129535,0.136244,0.020555,0.123419,0.123943,-0.188278,0.124874,0.502129,0.044129,0.065423,0.383262,-0.249842,0.015871,0.191303,0.062093,0.015932,0.131753,-0.234928,0.030093
0.330570,-0.095856,0.127545,0.526403,-0.002656,0.129636,0.514037,-0.211487,0.130771,0.147103,0.019776,0.124319,0.134737,-0.189055,0.125454,0.515375,0.043150,0.060108,0.384273,-0.249958,0.015810,0.192608,0.062023,0.015973,0.153532,-0.236211,0.031065
0.341724,-0.096214,0.128370,0.537624,-0.003155,0.130493,0.525102,-0.211974,0.132069,0.158347,0.019545,0.124671,0.145825,-0.189274,0.126246,0.528197,0.042327,0.048739,0.385284,-0.249999,0.015903,0.193922,0.062124,0.015891,0.182206,-0.237714,0.030070
0.353485,-0.095909,0.128824,0.549425,-0.002917,0.129867,0.536822,-0.211711,0.133150,0.170149,0.019893,0.124498,0.157545,-0.188901,0.127780,0.538726,0.041717,0.031281,0.386243,-0.250003,0.015960,0.195483,0.062194,0.015882,0.220102,-0.239756,0.029788
0.365665,-0.094841,0.128589,0.561594,-0.001844,0.126415,0.549051,-0.210573,0.132714,0.182280,0.020891,0.124464,0.169737,-0.187838,0.130763,0.541030,0.041607,0.015821,0.387298,-0.249928,0.015983,0.196997,0.062281,0.015850,0.265726,-0.242098,0.033391
0.377323,-0.094444,0.128453,0.573427,-0.001919,0.123598,0.560480,-0.210578,0.131242,0.194166,0.021689,0.125663,0.181220,-0.186970,0.133307,0.542449,0.041627,0.015919,0.389966,-0.249788,0.015977,0.198521,0.062962,0.015794,0.305973,-0.243799,0.037194
0.388397,-0.095001,0.127469,0.584847,-0.003262,0.121779,0.571088,-0.211892,0.128748,0.205706,0.021890,0.126189,0.191947,-0.186741,0.133158,0.543850,0.041485,0.016078,0.413096,-0.250814,0.015970,0.202813,0.063966,0.015764,0.327055,-0.244606,0.031960
0.399097,-0.096100,0.124817,0.595981,-0.005257,0.119755,0.581227,-0.213870,0.124994,0.216968,0.021671,0.124640,0.202214,-0.186943,0.129879,0.545276,0.041301,0.015993,0.450428,-0.252931,0.016152,0.211920,0.064870,0.015697,0.331306,-0.244517,0.015719
0.409718,-0.097404,0.121748,0.606573,-0.006475,0.117185,0.591891,-0.215107,0.121837,0.227544,0.020298,0.121659,0.212862,-0.188334,0.126311,0.546439,0.041070,0.015795,0.492572,-0.255948,0.020637,0.224027,0.063756,0.015656,0.332241,-0.244774,0.015757
0.420223,-0.098061,0.120228,0.617039,-0.007041,0.115742,0.602453,-0.215675,0.120626,0.237993,0.019554,0.119831,0.223407,-0.189080,0.124715,0.547739,0.041038,0.015808,0.523832,-0.257871,0.030102,0.238663,0.062642,0.015683,0.333268,-0.244883,0.015815
0.430756,-0.098320,0.120600,0.627607,-0.007359,0.116523,0.612958,-0.215966,0.122267,0.248553,0.019326,0.118934,0.233904,-0.189281,0.124678,0.548910,0.040974,0.015834,0.544514,-0.259021,0.039388,0.255597,0.061566,0.015623,0.334298,-0.244906,0.015867
0.441330,-0.098305,0.122260,0.638161,-0.007270,0.118910,0.623573,-0.215842,0.125940,0.259087,0.019233,0.118580,0.244498,-0.189339,0.125610,0.549986,0.041014,0.015944,0.560564,-0.259698,0.046561,0.273267,0.060358,0.015638,0.335494,-0.244986,0.015967
0.451889,-0.098206,0.124520,0.648673,-0.007041,0.121992,0.634186,-0.215569,0.130418,0.269592,0.019158,0.118621,0.255105,-0.189370,0.127047,0.550972,0.041059,0.015995,0.576600,-0.260311,0.052564,0.290643,0.059141,0.015901,0.336672,-0.245123,0.015940
0.462437,-0.098068,0.126873,0.659213,-0.006870,0.125152,0.644712,-0.215340,0.134884,0.280161,0.019203,0.118862,0.265660,-0.189267,0.128594,0.551934,0.041106,0.015994,0.594423,-0.261041,0.057976,0.307254,0.058204,0.017660,0.337893,-0.245165,0.015810
0.473053,-0.098022,0.129133,0.669809,-0.006768,0.128193,0.655307,-0.215182,0.139056,0.290799,0.019137,0.119210,0.276297,-0.189277,0.130073,0.552883,0.041136,0.015885,0.614105,-0.261912,0.062776,0.323141,0.057424,0.021679,0.339129,-0.245238,0.015578
0.483818,-0.097923,0.131337,0.680558,-0.006631,0.131010,0.666034,-0.214982,0.142992,0.301602,0.019135,0.119683,0.287078,-0.189216,0.131665,0.553832,0.041211,0.015769,0.635630,-0.262859,0.067160,0.340467,0.056708,0.026607,0.340340,-0.245230,0.015758
0.494766,-0.098045,0.133305,0.691496,-0.006731,0.133517,0.676934,-0.215023,0.146436,0.312599,0.018932,0.120173,0.298036,-0.189360,0.133093,0.554817,0.041177,0.015892,0.657381,-0.264101,0.069107,0.361970,0.055570,0.030549,0.341564,-0.245323,0.015852
0.505821,-0.098663,0.134553,0.702517,-0.007278,0.135422,0.687980,-0.215564,0.148461,0.323662,0.018237,0.120646,0.309126,-0.190049,0.133685,0.555771,0.041138,0.016012,0.677827,-0.265665,0.066037,0.391522,0.053596,0.031921,0.342792,-0.245418,0.015956
0.516926,-0.099922,0.134370,0.713600,-0.008496,0.135613,0.699108,-0.216831,0.147908,0.334744,0.016986,0.120831,0.320251,-0.191349,0.133126,0.556773,0.040996,0.016035,0.694717,-0.267754,0.053181,0.431637,0.050719,0.033297,0.344100,-0.245556,0.016036
0.527920,-0.101723,0.131940,0.724427,-0.009931,0.132493,0.710419,-0.218396,0.143013,0.345421,0.014951,0.120866,0.331412,-0.193515,0.131386,0.557790,0.040997,0.015978,0.700946,-0.269354,0.024431,0.473535,0.047733,0.037264,0.345478,-0.245893,0.015989
0.538418,-0.103355,0.127892,0.734606,-0.010886,0.127003,0.721409,-0.219437,0.136849,0.355426,0.012727,0.118935,0.342230,-0.195825,0.128781,0.573090,0.039685,0.015991,0.701246,-0.269468,0.015789,0.502225,0.044882,0.031087,0.347173,-0.247062,0.015807
0.549099,-0.103867,0.123957,0.745014,-0.010830,0.122273,0.732442,-0.219358,0.133363,0.365756,0.011624,0.114551,0.353184,-0.196903,0.125641,0.614393,0.037044,0.017025,0.702276,-0.269384,0.015876,0.504778,0.043599,0.016019,0.348807,-0.248080,0.015751
0.560249,-0.104286,0.121628,0.756173,-0.011289,0.119095,0.743599,-0.219777,0.130891,0.376900,0.011205,0.112365,0.364325,-0.197283,0.124161,0.660257,0.034591,0.021710,0.703495,-0.269462,0.016029,0.505686,0.043589,0.015961,0.350277,-0.248174,0.015769
0.571293,-0.105011,0.120983,0.767252,-0.012105,0.117875,0.754617,-0.220593,0.129612,0.387969,0.010571,0.112353,0.375334,-0.197917,0.124091,0.699976,0.032704,0.031295,0.704775,-0.269570,0.016054,0.506756,0.043543,0.015823,0.355191,-0.248406,0.015656
0.582260,-0.106033,0.121254,0.778243,-0.013166,0.118513,0.765552,-0.221688,0.129566,0.398968,0.009622,0.112943,0.386277,-0.198900,0.123996,0.730240,0.031265,0.041387,0.706048,-0.269686,0.015971,0.507876,0.043444,0.015834,0.365886,-0.248998,0.015688
0.593105,-0.107254,0.122051,0.789116,-0.014421,0.120290,0.776348,-0.222991,0.130297,0.409862,0.008483,0.113805,0.397095,-0.200087,0.123812,0.752765,0.029983,0.049248,0.707304,-0.269846,0.015797,0.509116,0.043301,0.015977,0.379987,-0.249813,0.015711
0.603790,-0.108665,0.123123,0.799852,-0.015925,0.122817,0.786938,-0.224548,0.131441,0.420642,0.007217,0.114804,0.407728,-0.201406,0.123428,0.770698,0.028645,0.054850,0.708468,-0.270049,0.015755,0.510395,0.043152,0.015985,0.395624,-0.250682,0.015788
0.614319,-0.110130,0.124352,0.810424,-0.017490,0.125634,0.797369,-0.226160,0.132773,0.431269,0.005900,0.115931,0.418213,-0.202770,0.123071,0.786294,0.027308,0.059086,0.709569,-0.270234,0.015815,0.511715,0.043009,0.015884,0.410918,-0.251474,0.018018
0.624741,-0.111588,0.125677,0.820871,-0.019030,0.128327,0.807717,-0.227739,0.134022,0.441764,0.004564,0.117332,0.428610,-0.204145,0.123027,0.800765,0.025993,0.062331,0.710610,-0.270398,0.015921,0.513032,0.042855,0.015678,0.425824,-0.252283,0.021996
0.635136,-0.112976,0.127029,0.831277,-0.020476,0.130700,0.818070,-0.229212,0.135128,0.452202,0.003260,0.118930,0.438994,-0.205476,0.123357,0.814608,0.024714,0.063979,0.711602,-0.270554,0.015970,0.514340,0.042691,0.015757,0.441485,-0.253240,0.026457
0.645607,-0.114182,0.128332,0.841760,-0.021735,0.132658,0.828509,-0.230486,0.136158,0.462705,0.002123,0.120506,0.449454,-0.206628,0.124006,0.828199,0.023503,0.062868,0.712609,-0.270692,0.015940,0.515644,0.042557,0.015933,0.459501,-0.254392,0.029839
0.656307,-0.115097,0.129480,0.852477,-0.022703,0.134152,0.839178,-0.231457,0.137207,0.473436,0.001263,0.121753,0.460137,-0.207491,0.124808,0.841518,0.022418,0.057323,0.713610,-0.270781,0.015821,0.516956,0.042489,0.015950,0.482163,-0.255818,0.030764
0.667385,-0.115562,0.130378,0.863605,-0.023267,0.134922,0.850191,-0.232009,0.138325,0.484579,0.000884,0.122430,0.471166,-0.207858,0.125833,0.854165,0.021440,0.046042,0.714602,-0.270843,0.015821,0.518329,0.042529,0.015925,0.512264,-0.257612,0.029931
0.679058,-0.115311,0.130901,0.875342,-0.023099,0.134169,0.861823,-0.231803,0.139118,0.496293,0.001182,0.122685,0.482774,-0.207522,0.127634,0.863811,0.020721,0.029392,0.715618,-0.270812,0.015916,0.519842,0.042682,0.015885,0.551229,-0.259813,0.030698
0.691124,-0.114426,0.130708,0.887456,-0.022258,0.130559,0.873943,-0.230880,0.138244,0.508305,0.002028,0.123171,0.494792,-0.206593,0.130856,0.864695,0.020566,0.015841,0.716652,-0.270771,0.015986,0.521398,0.042800,0.015774,0.596344,-0.262252,0.035719
0.702698,-0.114250,0.130440,0.899147,-0.022380,0.127475,0.885425,-0.230936,0.136458,0.519970,0.002435,0.124422,0.506249,-0.206121,0.133405,0.866045,0.020585,0.015943,0.721757,-0.270946,0.016004,0.523083,0.043142,0.015785,0.633668,-0.264128,0.039758
0.713726,-0.114944,0.129130,0.910446,-0.023689,0.125253,0.896113,-0.232230,0.133606,0.531339,0.002341,0.124653,0.517006,-0.206200,0.133006,0.867407,0.020490,0.016082,0.749748,-0.272480,0.015877,0.528175,0.043789,0.015709,0.651825,-0.265057,0.033189
0.724392,-0.116241,0.126069,0.921520,-0.025848,0.122771,0.906249,-0.234389,0.129274,0.542535,0.001906,0.122864,0.527264,-0.206635,0.129367,0.868808,0.020275,0.015970,0.782330,-0.274357,0.018675,0.538084,0.044483,0.015668,0.655689,-0.265172,0.015872
0.735031,-0.117714,0.122852,0.932097,-0.027169,0.120030,0.916970,-0.235744,0.125715,0.553092,0.000316,0.119990,0.537966,-0.208259,0.125675,0.870068,0.020074,0.015764,0.819937,-0.277047,0.024672,0.550517,0.043245,0.015637,0.656629,-0.265447,0.015760
0.745560,-0.118454,0.121437,0.942630,-0.027918,0.118648,0.927493,-0.236488,0.124471,0.563626,-0.000420,0.118402,0.548490,-0.208990,0.124225,0.871340,0.019972,0.015802,0.848846,-0.278890,0.034136,0.565516,0.042162,0.015668,0.657553,-0.265519,0.015809
0.756149,-0.118721,0.121917,0.953179,-0.028086,0.119485,0.938135,-0.236636,0.126213,0.574164,-0.000806,0.117622,0.559120,-0.209356,0.124350,0.872500,0.019981,0.015818,0.869151,-0.279934,0.043069,0.582807,0.040871,0.015598,0.658642,-0.265626,0.015878
0.766731,-0.118744,0.123617,0.963748,-0.028066,0.121880,0.948717,-0.236575,0.129813,0.584746,-0.000913,0.117420,0.569714,-0.209421,0.125353,0.873560,0.020006,0.015960,0.885265,-0.280642,0.049890,0.600754,0.039664,0.015702,0.659794,-0.265678,0.015979
0.777306,-0.118668,0.125851,0.974302,-0.027934,0.124895,0.959279,-0.236390,0.134126,0.595333,-0.000945,0.117577,0.580309,-0.209401,0.126808,0.874553,0.020046,0.016018,0.901636,-0.281330,0.055493,0.618439,0.038501,0.015956,0.661001,-0.265739,0.015937
0.787872,-0.118584,0.128155,0.984827,-0.027754,0.127924,0.969843,-0.236154,0.138395,0.605901,-0.001013,0.117914,0.590918,-0.209413,0.128385,0.875522,0.020105,0.016003,0.920117,-0.282115,0.060550,0.634727,0.037538,0.018392,0.662226,-0.265821,0.015802
0.798492,-0.118576,0.130402,0.995458,-0.027770,0.130871,0.980380,-0.236106,0.142431,0.616605,-0.001046,0.118372,0.601527,-0.209382,0.129932,0.876472,0.020097,0.015860,0.940556,-0.283143,0.065290,0.650656,0.036826,0.022822,0.663421,-0.265845,0.015574
0.809261,-0.118629,0.132576,1.006213,-0.027800,0.133640,0.991092,-0.236075,0.146187,0.627430,-0.001184,0.118966,0.612310,-0.209459,0.131513,0.877416,0.020101,0.015755,0.962441,-0.284288,0.069147,0.668385,0.035997,0.027715,0.664616,-0.265882,0.015760
0.820187,-0.118889,0.134437,1.017126,-0.028042,0.136081,1.001958,-0.236270,0.149335,0.638415,-0.001508,0.119539,0.623247,-0.209736,0.132794,0.878382,0.020079,0.015927,0.984170,-0.285682,0.070072,0.690986,0.034689,0.030997,0.665826,-0.265943,0.015860
0.831230,-0.119698,0.135428,1.028147,-0.028813,0.137688,1.012978,-0.237047,0.150853,0.649482,-0.002348,0.120004,0.634314,-0.210582,0.133168,0.879376,0.019993,0.016022,1.004314,-0.287469,0.065565,0.722294,0.032444,0.031984,0.667077,-0.266039,0.015964
0.842308,-0.121117,0.134817,1.039177,-0.030135,0.137287,1.024136,-0.238434,0.149527,0.660480,-0.003799,0.120106,0.645439,-0.212098,0.132347,0.880361,0.019854,0.016031,1.020240,-0.289634,0.050247,0.763507,0.029348,0.033997,0.668411,-0.266239,0.016034
0.853207,-0.123016,0.131810,1.049879,-0.031590,0.133272,1.035443,-0.240041,0.143492,0.670971,-0.005992,0.120127,0.656534,-0.214443,0.130347,0.881391,0.019942,0.015974,1.022611,-0.290941,0.017530,0.803943,0.026355,0.037382,0.669834,-0.266584,0.015983
0.863483,-0.124542,0.127591,1.059761,-0.032260,0.127137,1.046331,-0.240767,0.137570,0.680636,-0.008317,0.117613,0.667206,-0.216825,0.128046,0.900121,0.018063,0.015997,1.023677,-0.290999,0.015866,0.827617,0.023290,0.027132,0.671453,-0.268316,0.015791
0.874027,-0.124893,0.124192,1.070039,-0.032054,0.123053,1.057217,-0.240541,0.134609,0.690838,-0.009246,0.113776,0.678015,-0.217732,0.125332,0.940110,0.015669,0.017086,1.024458,-0.290710,0.015915,0.829953,0.022386,0.016028,0.672953,-0.269098,0.015790
0.884987,-0.125328,0.122686,1.081017,-0.032542,0.120639,1.068182,-0.240996,0.132763,0.701791,-0.009660,0.112609,0.688957,-0.218114,0.124733,0.985118,0.013251,0.022226,1.025639,-0.290774,0.016101,0.830920,0.022381,0.015970,0.674376,-0.269167,0.015775
0.895931,-0.126015,0.122419,1.091987,-0.033296,0.119849,1.079115,-0.241752,0.131904,0.712748,-0.010278,0.112934,0.699876,-0.218733,0.124989,1.023687,0.011437,0.031714,1.026873,-0.290838,0.016052,0.831977,0.022356,0.015825,0.679251,-0.269395,0.015656
0.906818,-0.127045,0.122677,1.102886,-0.034342,0.120449,1.089985,-0.242831,0.131881,0.723652,-0.011258,0.113474,0.710751,-0.219747,0.124905,1.053412,0.009991,0.041426,1.028130,-0.290966,0.015939,0.833103,0.022221,0.015837,0.690027,-0.270058,0.015686
0.917599,-0.128281,0.123258,1.113714,-0.035662,0.122007,1.100687,-0.244199,0.132363,0.734511,-0.012362,0.114153,0.721483,-0.220899,0.124509,1.075773,0.008671,0.048877,1.029347,-0.291127,0.015765,0.834277,0.022124,0.015983,0.704050,-0.270808,0.015708
0.928249,-0.129730,0.124060,1.124418,-0.037216,0.124234,1.111235,-0.245808,0.133196,0.745264,-0.013653,0.114925,0.732080,-0.222244,0.123887,1.093836,0.007293,0.054259,1.030505,-0.291334,0.015763,0.835524,0.021974,0.015988,0.719636,-0.271685,0.015786
0.938751,-0.131218,0.125034,1.134960,-0.038803,0.126743,1.121639,-0.247445,0.134215,0.755863,-0.014991,0.115852,0.742543,-0.223632,0.123324,1.109751,0.005934,0.058504,1.031588,-0.291508,0.015804,0.836819,0.021832,0.015884,0.734896,-0.272476,0.018343
0.949139,-0.132759,0.126136,1.145377,-0.040442,0.129186,1.131947,-0.249125,0.135145,0.766330,-0.016393,0.117126,0.752901,-0.225076,0.123085,1.124470,0.004538,0.061689,1.032618,-0.291700,0.015952,0.838136,0.021652,0.015692,0.749923,-0.273316,0.022641
0.959545,-0.134201,0.127315,1.155775,-0.041905,0.131367,1.142334,-0.250622,0.135999,0.776756,-0.017780,0.118630,0.763315,-0.226497,0.123263,1.138431,0.003252,0.063095,1.033632,-0.291841,0.015975,0.839443,0.021454,0.015740,0.765837,-0.274347,0.027183
0.970036,-0.135422,0.128481,1.166292,-0.043213,0.133178,1.152775,-0.251943,0.136870,0.787296,-0.018900,0.120093,0.773779,-0.227631,0.123785,1.152155,0.001990,0.061675,1.034627,-0.291983,0.015926,0.840736,0.021349,0.015930,0.784125,-0.275503,0.030516
0.980782,-0.136391,0.129536,1.177058,-0.044242,0.134568,1.163485,-0.252975,0.137823,0.798078,-0.019806,0.121249,0.784505,-0.228540,0.124505,1.165632,0.000822,0.055645,1.035644,-0.292117,0.015798,0.842054,0.021244,0.015955,0.807289,-0.277027,0.031248
0.991940,-0.136818,0.130382,1.188260,-0.044751,0.135216,1.174588,-0.253472,0.138895,0.809291,-0.020164,0.121869,0.795620,-0.228884,0.125548,1.178422,-0.000162,0.043913,1.036658,-0.292161,0.015846,0.843475,0.021284,0.015922,0.838037,-0.278895,0.030359
1.003716,-0.136528,0.130856,1.200106,-0.044547,0.134219,1.186327,-0.253224,0.139600,0.821104,-0.019832,0.122112,0.807325,-0.228509,0.127493,1.187891,-0.000941,0.027020,1.037645,-0.292159,0.015926,0.845004,0.021414,0.015893,0.877564,-0.281191,0.031338
1.015812,-0.135681,0.130731,1.212258,-0.043757,0.130706,1.198475,-0.252347,0.138754,0.833149,-0.019015,0.122708,0.819366,-0.227606,0.130756,1.189050,-0.001074,0.015803,1.038743,-0.292112,0.016003,0.846610,0.021552,0.015759,0.922709,-0.283654,0.036485
1.027412,-0.135651,0.130609,1.223999,-0.044065,0.128022,1.209958,-0.252594,0.137135,0.844867,-0.018707,0.124082,0.830825,-0.227237,0.133195,1.190392,-0.001103,0.015948,1.045675,-0.292421,0.016015,0.848281,0.021926,0.015781,0.959442,-0.285558,0.040178
1.038498,-0.136398,0.129362,1.235340,-0.045391,0.125891,1.220727,-0.253907,0.134391,0.856268,-0.018890,0.124332,0.841656,-0.227406,0.132832,1.191763,-0.001214,0.016085,1.071093,-0.293849,0.015918,0.853355,0.022485,0.015689,0.977142,-0.286569,0.033004
1.049156,-0.137848,0.126408,1.246363,-0.047611,0.123568,1.230912,-0.256138,0.130096,0.867401,-0.019558,0.122720,0.851949,-0.228084,0.129248,1.193148,-0.001440,0.015957,1.101612,-0.295650,0.018422,0.862655,0.023039,0.015665,0.981099,-0.286800,0.015884
1.059731,-0.139389,0.123214,1.256869,-0.048986,0.120944,1.241576,-0.257552,0.126518,0.877885,-0.021226,0.119909,0.862593,-0.229792,0.125483,1.194325,-0.001624,0.015743,1.141189,-0.298525,0.023801,0.874959,0.021790,0.015650,0.982066,-0.287072,0.015783
1.070240,-0.140144,0.121690,1.267446,-0.049888,0.119501,1.251996,-0.258443,0.125051,0.888484,-0.021845,0.118328,0.873034,-0.230400,0.123878,1.195602,-0.001735,0.015816,1.172349,-0.300571,0.033447,0.890164,0.020889,0.015682,0.982983,-0.287012,0.015804
1.080803,-0.140442,0.122017,1.277986,-0.050128,0.120172,1.262584,-0.258664,0.126523,0.899021,-0.022220,0.117511,0.883620,-0.230756,0.123861,1.196769,-0.001713,0.015816,1.193844,-0.301733,0.042746,0.907731,0.019628,0.015611,0.984093,-0.287060,0.015864
1.091385,-0.140503,0.123606,1.288556,-0.050152,0.122412,1.273160,-0.258648,0.129972,0.909609,-0.022358,0.117241,0.894214,-0.230854,0.124800,1.197830,-0.001709,0.015963,1.210591,-0.302536,0.049872,0.926026,0.018353,0.015724,0.985260,-0.287126,0.015973
1.101967,-0.140411,0.125815,1.299092,-0.049955,0.125309,1.283760,-0.258400,0.134257,0.920174,-0.022423,0.117373,0.904841,-0.230868,0.126321,1.198839,-0.001658,0.015998,1.227235,-0.303229,0.055700,0.943975,0.017088,0.015974,0.986422,-0.287222,0.015948
1.112556,-0.140312,0.128135,1.309652,-0.049790,0.128322,1.294328,-0.258179,0.138513,0.930785,-0.022446,0.117758,0.915461,-0.230835,0.127949,1.199814,-0.001579,0.015996,1.245675,-0.304026,0.060853,0.960309,0.016163,0.018648,0.987672,-0.287255,0.015818
1.123203,-0.140358,0.130405,1.320299,-0.049838,0.131283,1.304903,-0.258168,0.142532,0.941503,-0.022548,0.118277,0.926108,-0.230877,0.129526,1.200768,-0.001598,0.015848,1.265797,-0.305086,0.065346,0.976350,0.015370,0.022955,0.988867,-0.287308,0.015584
1.134029,-0.140373,0.132587,1.331099,-0.049805,0.134020,1.315688,-0.258076,0.146270,0.952371,-0.022670,0.118903,0.936960,-0.230942,0.131154,1.201736,-0.001537,0.015748,1.287594,-0.306195,0.068996,0.994251,0.014524,0.027786,0.990105,-0.287315,0.015750
1.144989,-0.140648,0.134429,1.342042,-0.050054,0.136430,1.326594,-0.258282,0.149353,0.963384,-0.023013,0.119505,0.947936,-0.231242,0.132429,1.202706,-0.001534,0.015928,1.309304,-0.307602,0.069764,1.017175,0.013165,0.030995,0.991319,-0.287358,0.015845
1.156075,-0.141472,0.135377,1.353132,-0.050903,0.137979,1.337620,-0.259132,0.150819,0.974529,-0.023812,0.119934,0.959017,-0.232041,0.132775,1.203700,-0.001630,0.016022,1.329430,-0.309469,0.065111,1.049057,0.010877,0.032026,0.992562,-0.287406,0.015945
1.167194,-0.142952,0.134725,1.364206,-0.052290,0.137547,1.348818,-0.260583,0.149452,0.985571,-0.025321,0.119997,0.970183,-0.233614,0.131902,1.204684,-0.001803,0.016028,1.345380,-0.311684,0.049608,1.090809,0.007654,0.034289,0.993892,-0.287637,0.016021
1.178143,-0.144920,0.131662,1.374909,-0.053702,0.133517,1.360246,-0.262160,0.143257,0.996039,-0.027681,0.120067,0.981376,-0.236139,0.129807,1.205766,-0.001685,0.015972,1.347737,-0.312808,0.016639,1.131046,0.004592,0.037823,0.995350,-0.288051,0.015993
