-0.012741,0.016430,0.338960,0.177374,0.120809,0.337407,0.177084,-0.088159,0.347262,-0.202566,0.121018,0.330659,-0.202856,-0.087949,0.340514,0.160270,0.156734,0.133857,0.187735,-0.141723,0.176586,-0.169044,0.156608,0.121483,-0.194037,-0.142369,0.151647
-0.017395,0.024040,0.326578,0.173364,0.127248,0.325925,0.171724,-0.081676,0.336538,-0.206514,0.129756,0.316619,-0.208154,-0.079168,0.327232,0.170415,0.164456,0.162037,0.159381,-0.135520,0.170563,-0.167706,0.164754,0.115667,-0.199538,-0.132830,0.168088
-0.021126,0.031731,0.312425,0.170839,0.132673,0.311316,0.166731,-0.076168,0.322855,-0.208983,0.139629,0.301995,-0.213091,-0.069212,0.313534,0.172615,0.171176,0.184800,0.147076,-0.129840,0.168462,-0.186792,0.173169,0.092932,-0.211595,-0.123005,0.164481
-0.025551,0.039486,0.295100,0.167753,0.137832,0.293418,0.160837,-0.070856,0.306294,-0.211939,0.149828,0.283906,-0.218854,-0.058861,0.296781,0.167779,0.176549,0.182483,0.143296,-0.124744,0.161911,-0.193885,0.181008,0.060510,-0.211724,-0.114245,0.141397
-0.030754,0.047256,0.273378,0.163712,0.143286,0.271781,0.154256,-0.065194,0.286318,-0.215764,0.159707,0.260437,-0.225220,-0.048773,0.274975,0.158495,0.181285,0.159274,0.141582,-0.119453,0.153991,-0.193927,0.188696,0.036329,-0.203431,-0.106709,0.112339
-0.035789,0.054958,0.248447,0.159501,0.149287,0.246206,0.148173,-0.058808,0.264448,-0.219752,0.168725,0.232446,-0.231080,-0.039370,0.250688,0.145993,0.184960,0.123537,0.138654,-0.115037,0.138323,-0.193048,0.193968,0.015759,-0.202776,-0.101531,0.080387
-0.039352,0.060463,0.223395,0.155548,0.155351,0.216240,0.145186,-0.052091,0.241237,-0.223891,0.173017,0.205553,-0.234253,-0.034426,0.230550,0.120970,0.185813,0.074328,0.122140,-0.113950,0.098707,-0.192072,0.194375,0.015620,-0.208089,-0.102989,0.052783
-0.040100,0.063110,0.200566,0.152949,0.160725,0.184926,0.146642,-0.046550,0.212529,-0.226842,0.172771,0.188603,-0.233149,-0.034504,0.216206,0.080117,0.187033,0.021373,0.076145,-0.113185,0.040508,-0.191755,0.194584,0.015956,-0.217392,-0.107020,0.019732
-0.038216,0.062893,0.183774,0.153936,0.160072,0.157791,0.148729,-0.047030,0.186880,-0.225161,0.172816,0.180667,-0.230367,-0.034286,0.209756,0.078414,0.187924,0.015704,0.048731,-0.114411,0.016124,-0.191354,0.194733,0.015895,-0.217845,-0.107752,0.015817
-0.030632,0.062466,0.178677,0.161193,0.159081,0.148513,0.156051,-0.047944,0.178161,-0.217315,0.172875,0.179193,-0.222457,-0.034149,0.208840,0.078091,0.188078,0.015880,0.049249,-0.114430,0.016079,-0.190556,0.194752,0.015888,-0.242695,-0.106889,0.018104
-0.017807,0.063023,0.183423,0.173999,0.159577,0.152948,0.168864,-0.047407,0.182878,-0.204478,0.173452,0.183969,-0.209613,-0.033532,0.213898,0.079313,0.188064,0.016027,0.050437,-0.114530,0.016038,-0.189701,0.194725,0.015934,-0.244647,-0.107215,0.016001
-0.001152,0.064274,0.193646,0.190843,0.161255,0.165827,0.185768,-0.045713,0.195880,-0.188072,0.174261,0.191412,-0.193147,-0.032707,0.221466,0.106803,0.188224,0.020990,0.052148,-0.114517,0.015862,-0.188723,0.194721,0.015830,-0.237937,-0.106163,0.024412
0.017326,0.064678,0.204554,0.209575,0.162022,0.179939,0.204359,-0.045034,0.209357,-0.169707,0.174390,0.199751,-0.174922,-0.032665,0.229170,0.148153,0.188148,0.029736,0.054104,-0.114632,0.016071,-0.187747,0.194655,0.015979,-0.210115,-0.105814,0.031295
0.035446,0.063972,0.212110,0.228080,0.161055,0.189563,0.222179,-0.046243,0.217082,-0.151286,0.174188,0.207137,-0.157188,-0.033110,0.234656,0.175812,0.186874,0.027333,0.071407,-0.114508,0.016033,-0.186847,0.195680,0.015896,-0.156962,-0.105263,0.036700
0.052689,0.062912,0.214473,0.245757,0.159365,0.192969,0.238961,-0.048098,0.219001,-0.133584,0.173922,0.209945,-0.140380,-0.033541,0.235978,0.189310,0.184867,0.016224,0.097877,-0.114800,0.015834,-0.177031,0.196815,0.015809,-0.083107,-0.105325,0.044093
0.069603,0.061432,0.212136,0.262731,0.157854,0.191028,0.255806,-0.049713,0.216183,-0.116600,0.172576,0.208089,-0.123525,-0.034990,0.233244,0.190805,0.184806,0.015646,0.128394,-0.115324,0.017703,-0.156490,0.196394,0.015661,-0.009935,-0.105244,0.062803
0.086311,0.059700,0.206097,0.278745,0.157460,0.184807,0.273234,-0.050268,0.208957,-0.100611,0.169668,0.203236,-0.106123,-0.038060,0.227386,0.196113,0.185788,0.015897,0.167599,-0.114312,0.027680,-0.126409,0.194311,0.015601,0.043432,-0.104676,0.082231
0.102821,0.057915,0.196726,0.293905,0.157879,0.173585,0.291049,-0.049829,0.198365,-0.085407,0.165658,0.195087,-0.088262,-0.042049,0.219867,0.201160,0.186135,0.016039,0.199768,-0.112950,0.042459,-0.092771,0.190145,0.015788,0.072379,-0.105727,0.088330
0.118988,0.056065,0.185081,0.308380,0.158586,0.159364,0.308738,-0.048989,0.185388,-0.070761,0.161118,0.184775,-0.070403,-0.046457,0.210798,0.202461,0.186250,0.016115,0.225474,-0.111394,0.054128,-0.061761,0.185751,0.015772,0.083992,-0.108928,0.075748
0.134773,0.053932,0.172381,0.322546,0.159120,0.145582,0.326033,-0.048346,0.172240,-0.056487,0.156210,0.172523,-0.052999,-0.051255,0.199181,0.203898,0.186314,0.016068,0.259990,-0.109461,0.061921,-0.031407,0.182323,0.015794,0.083632,-0.114164,0.048389
0.150520,0.051296,0.159508,0.337060,0.159301,0.135445,0.343182,-0.048313,0.160422,-0.042141,0.150905,0.158594,-0.036020,-0.056708,0.183572,0.204925,0.186812,0.015836,0.305342,-0.106583,0.066025,0.000230,0.180762,0.015715,0.080258,-0.119249,0.015907
0.166557,0.049400,0.149147,0.353086,0.158258,0.129196,0.359539,-0.049533,0.152560,-0.026424,0.148333,0.145735,-0.019972,-0.059458,0.169099,0.206538,0.186749,0.016097,0.349007,-0.104687,0.071900,0.035456,0.181592,0.017485,0.081867,-0.119274,0.015950
0.183350,0.048809,0.142397,0.370003,0.157927,0.125223,0.376380,-0.049926,0.148055,-0.009680,0.147544,0.136739,-0.003304,-0.060309,0.159572,0.208195,0.186718,0.016085,0.383074,-0.104011,0.070262,0.074034,0.183511,0.024358,0.083582,-0.119160,0.015996
0.201134,0.048008,0.137277,0.387702,0.157594,0.122301,0.394306,-0.050399,0.143750,0.007962,0.146414,0.130805,0.014565,-0.061578,0.152254,0.209788,0.186693,0.015958,0.411711,-0.104365,0.058361,0.122974,0.185697,0.033025,0.085349,-0.119135,0.015619
0.219643,0.046692,0.132148,0.405548,0.157542,0.118275,0.413388,-0.050681,0.136887,0.025897,0.144065,0.127409,0.033737,-0.064158,0.146021,0.211484,0.186749,0.015911,0.432715,-0.105042,0.031437,0.173782,0.187819,0.043762,0.087399,-0.119448,0.015718
0.237717,0.045315,0.126048,0.422734,0.157455,0.110747,0.432096,-0.050898,0.127050,0.043338,0.141528,0.125047,0.052699,-0.066826,0.141350,0.225636,0.186825,0.016062,0.436360,-0.105043,0.015843,0.210011,0.188329,0.044247,0.087892,-0.120695,0.015903
0.254745,0.045082,0.121198,0.438634,0.158784,0.103936,0.450001,-0.049343,0.121779,0.059490,0.139507,0.120616,0.070857,-0.068620,0.138460,0.278009,0.188156,0.015988,0.438347,-0.104765,0.015626,0.216599,0.184782,0.015750,0.087066,-0.123926,0.015904
0.272552,0.046158,0.118518,0.456471,0.159848,0.101499,0.467825,-0.048222,0.120010,0.077280,0.140538,0.117027,0.088634,-0.067532,0.135538,0.336494,0.191523,0.017477,0.440484,-0.104670,0.015937,0.218011,0.184933,0.016073,0.089103,-0.123864,0.015704
0.290367,0.047073,0.118461,0.474345,0.160686,0.101572,0.485596,-0.047396,0.120005,0.095138,0.141543,0.116916,0.106389,-0.066540,0.135350,0.395994,0.195344,0.024817,0.442594,-0.104617,0.016138,0.219662,0.185029,0.015989,0.093371,-0.123547,0.015585
0.308052,0.047539,0.119505,0.492124,0.161166,0.103769,0.503238,-0.047018,0.121103,0.112866,0.142096,0.117908,0.123980,-0.066088,0.135241,0.444075,0.198796,0.037998,0.444725,-0.104572,0.015916,0.221415,0.185066,0.015863,0.106474,-0.122660,0.015550
0.325569,0.047565,0.120943,0.509784,0.161239,0.107359,0.520701,-0.047098,0.122897,0.130438,0.142228,0.118989,0.141355,-0.066108,0.134527,0.479045,0.201017,0.050375,0.446708,-0.104609,0.015686,0.223310,0.185056,0.016047,0.127920,-0.121318,0.015627
0.342812,0.047329,0.122656,0.527203,0.160993,0.111645,0.537855,-0.047504,0.125074,0.147768,0.142161,0.120239,0.158420,-0.066335,0.133667,0.505940,0.202172,0.059811,0.448470,-0.104699,0.015990,0.225321,0.185010,0.015950,0.152914,-0.119698,0.017560
0.359978,0.047077,0.124636,0.544523,0.160695,0.115972,0.554930,-0.047936,0.127339,0.165026,0.142091,0.121932,0.175432,-0.066541,0.133300,0.528837,0.202784,0.066371,0.450101,-0.104804,0.016031,0.227377,0.184980,0.015575,0.178215,-0.117996,0.022808
0.377220,0.047039,0.127006,0.561843,0.160648,0.120029,0.572123,-0.048075,0.129709,0.182317,0.142153,0.124303,0.192597,-0.066570,0.133982,0.549608,0.203210,0.068523,0.451701,-0.104840,0.015861,0.229473,0.185001,0.015870,0.205566,-0.116430,0.027347
0.394714,0.047367,0.129806,0.579401,0.160934,0.123926,0.589571,-0.047839,0.132579,0.199857,0.142573,0.127032,0.210028,-0.066200,0.135685,0.569377,0.203463,0.062976,0.453267,-0.104859,0.015864,0.231564,0.185058,0.015978,0.240276,-0.114725,0.028188
0.412766,0.048344,0.132706,0.597533,0.161792,0.127089,0.607557,-0.046990,0.135713,0.217974,0.143677,0.129700,0.227998,-0.065105,0.138323,0.587376,0.203515,0.046452,0.454854,-0.104807,0.015996,0.233781,0.185279,0.015971,0.288547,-0.112330,0.027172
0.431519,0.050285,0.134919,0.616349,0.163520,0.127379,0.626241,-0.045199,0.137527,0.236796,0.145770,0.132312,0.246688,-0.062949,0.142460,0.596122,0.202879,0.019675,0.456314,-0.104718,0.015984,0.235936,0.185613,0.015682,0.349853,-0.108979,0.032127
0.449883,0.052135,0.136094,0.634769,0.165050,0.125674,0.644487,-0.043622,0.136902,0.255278,0.147893,0.135286,0.264996,-0.060779,0.146513,0.598558,0.203023,0.015922,0.463252,-0.104151,0.015662,0.238161,0.186228,0.015726,0.403734,-0.105383,0.044291
0.467064,0.052944,0.135996,0.652447,0.164934,0.124484,0.661158,-0.043838,0.134634,0.272970,0.149727,0.137358,0.281681,-0.059045,0.147508,0.600516,0.203041,0.016104,0.514964,-0.101255,0.015863,0.249874,0.188389,0.015643,0.431801,-0.103236,0.046494
0.483704,0.053314,0.134027,0.669705,0.164255,0.122324,0.677189,-0.044637,0.130859,0.290218,0.151266,0.137195,0.297703,-0.057626,0.145731,0.602650,0.203017,0.015803,0.570082,-0.098327,0.024765,0.271798,0.191158,0.015686,0.441381,-0.102744,0.029516
0.500298,0.053337,0.130597,0.686684,0.163709,0.119669,0.693447,-0.045257,0.126908,0.307148,0.151931,0.134285,0.313911,-0.057035,0.141524,0.604660,0.202958,0.015821,0.621305,-0.096237,0.036131,0.299562,0.193076,0.015624,0.444013,-0.102679,0.015812
0.516991,0.053917,0.128101,0.703386,0.164371,0.118208,0.710208,-0.044584,0.125677,0.323773,0.152418,0.130525,0.330596,-0.056538,0.137994,0.606480,0.203057,0.015989,0.662914,-0.094412,0.047866,0.331274,0.194057,0.015557,0.445529,-0.102655,0.015819
0.533905,0.055191,0.127381,0.720365,0.165657,0.118941,0.727167,-0.043252,0.127642,0.340643,0.153634,0.127120,0.347445,-0.055275,0.135821,0.608192,0.203229,0.015973,0.696638,-0.092651,0.058195,0.366807,0.195372,0.016030,0.447204,-0.102531,0.015986
0.551079,0.056713,0.128134,0.737635,0.167125,0.121279,0.744317,-0.041717,0.131534,0.357840,0.155143,0.124734,0.364522,-0.053699,0.134989,0.609779,0.203381,0.015767,0.727173,-0.090963,0.066976,0.401782,0.196965,0.020621,0.449010,-0.102370,0.015923
0.568542,0.058170,0.129757,0.755187,0.168524,0.124568,0.761709,-0.040252,0.136174,0.375376,0.156592,0.123340,0.381898,-0.052184,0.134947,0.611379,0.203535,0.015928,0.756369,-0.089515,0.072236,0.439764,0.198735,0.026020,0.450929,-0.102205,0.015599
0.586227,0.059128,0.131375,0.772912,0.169480,0.127828,0.779321,-0.039268,0.139982,0.393133,0.157524,0.122768,0.399543,-0.051224,0.134922,0.612894,0.203606,0.016034,0.784331,-0.088732,0.070088,0.487712,0.200656,0.031395,0.452845,-0.102071,0.015819
0.603912,0.059422,0.131737,0.790428,0.170080,0.128961,0.797143,-0.038694,0.140488,0.410682,0.157537,0.122986,0.417397,-0.051237,0.134513,0.614327,0.203719,0.015931,0.808429,-0.088672,0.053583,0.541238,0.202683,0.039747,0.454874,-0.102120,0.015966
0.621384,0.059338,0.129455,0.807083,0.171337,0.125880,0.815376,-0.037501,0.134955,0.427391,0.156176,0.123955,0.435684,-0.052662,0.133029,0.625728,0.204885,0.015885,0.816718,-0.088147,0.015954,0.582855,0.204439,0.044807,0.456985,-0.102432,0.015955
0.638191,0.059383,0.126018,0.823083,0.172578,0.119450,0.832878,-0.036137,0.129788,0.443505,0.154904,0.122248,0.453299,-0.053811,0.132586,0.663414,0.205516,0.015983,0.818571,-0.088005,0.015904,0.602073,0.203198,0.027314,0.459369,-0.104873,0.015683
0.655190,0.060669,0.123650,0.839691,0.174449,0.116280,0.850204,-0.034147,0.128191,0.460175,0.155485,0.119109,0.470688,-0.053111,0.131021,0.722783,0.208627,0.019747,0.820084,-0.087654,0.015970,0.601848,0.202320,0.016037,0.463172,-0.105653,0.015765
0.672310,0.061817,0.123461,0.856836,0.175508,0.115365,0.867298,-0.033064,0.127733,0.477321,0.156698,0.119189,0.487783,-0.051874,0.131557,0.782602,0.212374,0.031095,0.821982,-0.087541,0.016131,0.603418,0.202489,0.015956,0.467342,-0.105356,0.015703
0.689445,0.062527,0.124248,0.873983,0.176213,0.116343,0.884425,-0.032382,0.128333,0.494466,0.157435,0.120162,0.504908,-0.051160,0.132152,0.828964,0.215504,0.046106,0.823999,-0.087451,0.015893,0.605111,0.202559,0.015832,0.482213,-0.104569,0.015746
0.706566,0.062790,0.125314,0.891152,0.176483,0.118754,0.901512,-0.032175,0.129667,0.511620,0.157755,0.120962,0.521980,-0.050904,0.131875,0.862479,0.217485,0.058652,0.825901,-0.087454,0.015769,0.606910,0.202564,0.016000,0.506325,-0.103325,0.015699
0.723625,0.062725,0.126496,0.908271,0.176421,0.122000,0.918521,-0.032319,0.131328,0.528729,0.157769,0.121664,0.538979,-0.050971,0.130993,0.888346,0.218551,0.067371,0.827654,-0.087487,0.015959,0.608826,0.202528,0.015946,0.533867,-0.101831,0.017785
0.740753,0.062580,0.127855,0.925483,0.176201,0.125393,0.935566,-0.032617,0.132999,0.545940,0.157777,0.122711,0.556023,-0.051041,0.130317,0.910699,0.219106,0.072834,0.829277,-0.087544,0.016002,0.610845,0.202543,0.015613,0.561073,-0.100255,0.022572
0.758072,0.062550,0.129626,0.942850,0.176115,0.128627,0.952832,-0.032757,0.134744,0.563312,0.157857,0.124507,0.573293,-0.051016,0.130624,0.931503,0.219490,0.073864,0.830922,-0.087588,0.015813,0.612936,0.202568,0.015891,0.589785,-0.098800,0.026428
0.775635,0.062881,0.131850,0.960461,0.176374,0.131795,0.970344,-0.032528,0.137008,0.580926,0.158291,0.126691,0.590809,-0.050611,0.131905,0.951530,0.219846,0.066895,0.832539,-0.087585,0.015893,0.615002,0.202653,0.015913,0.625673,-0.097097,0.026881
0.793716,0.063869,0.134249,0.978569,0.177319,0.134205,0.988402,-0.031581,0.139541,0.599031,0.159320,0.128957,0.608864,-0.049580,0.134292,0.969409,0.220232,0.049205,0.834106,-0.087516,0.015964,0.617159,0.202802,0.015937,0.674878,-0.094744,0.026403
0.812561,0.065868,0.136035,0.997523,0.179114,0.133612,1.007183,-0.029742,0.140712,0.617939,0.161479,0.131358,0.627600,-0.047377,0.138458,0.977223,0.219902,0.021899,0.835679,-0.087442,0.015948,0.619376,0.203139,0.015724,0.735467,-0.091507,0.032723
0.831078,0.067997,0.136554,1.016174,0.180859,0.130007,1.025582,-0.027937,0.138972,0.636573,0.163931,0.134136,0.645982,-0.044865,0.143101,0.978767,0.219813,0.015930,0.843170,-0.086986,0.015736,0.621764,0.203721,0.015794,0.786542,-0.088283,0.044962
0.848473,0.069176,0.136043,1.034140,0.180976,0.127702,1.042431,-0.027888,0.136164,0.654514,0.166240,0.135922,0.662806,-0.042625,0.144384,0.980783,0.219857,0.016037,0.892163,-0.084249,0.015880,0.633614,0.206062,0.015688,0.813755,-0.086176,0.045158
0.865280,0.069771,0.133876,1.051721,0.180244,0.125120,1.058505,-0.028729,0.132105,0.672055,0.168271,0.135647,0.678839,-0.040703,0.142632,0.982856,0.219853,0.015760,0.947109,-0.081456,0.024056,0.655352,0.209219,0.015698,0.822205,-0.085410,0.027067
0.882004,0.069965,0.130423,1.068772,0.179915,0.122064,1.074932,-0.029105,0.128193,0.689076,0.169035,0.132653,0.695235,-0.039984,0.138782,0.984875,0.219816,0.015822,1.001012,-0.079497,0.035277,0.683108,0.210917,0.015625,0.824589,-0.085267,0.015810
0.898758,0.070663,0.128062,1.085581,0.180577,0.120496,1.091684,-0.028431,0.127077,0.705832,0.169757,0.129048,0.711935,-0.039250,0.135629,0.986684,0.219890,0.015986,1.044275,-0.077796,0.048018,0.715141,0.211949,0.015603,0.826125,-0.085179,0.015828
0.915749,0.071926,0.127416,1.102639,0.181813,0.121259,1.108678,-0.027151,0.129150,0.722819,0.171003,0.125683,0.728858,-0.037961,0.133574,0.988395,0.220036,0.015951,1.078361,-0.076187,0.058761,0.751131,0.213189,0.016214,0.827822,-0.085043,0.015978
0.933006,0.073429,0.128237,1.119978,0.183251,0.123570,1.125882,-0.025650,0.133060,0.740130,0.172509,0.123413,0.746034,-0.036393,0.132903,0.989976,0.220194,0.015755,1.109003,-0.074624,0.067424,0.786189,0.214675,0.021048,0.829657,-0.084859,0.015909
0.950493,0.074791,0.129933,1.137533,0.184551,0.126800,1.143275,-0.024289,0.137631,0.757710,0.173871,0.122235,0.763453,-0.034970,0.133067,0.991531,0.220317,0.015976,1.138278,-0.073347,0.072215,0.824525,0.216270,0.026484,0.831575,-0.084718,0.015577
0.968208,0.075638,0.131555,1.155250,0.185427,0.129911,1.160930,-0.023392,0.141171,0.775486,0.174668,0.121940,0.781166,-0.034152,0.133200,0.993045,0.220407,0.016024,1.166243,-0.072663,0.069167,0.873060,0.218008,0.032064,0.833528,-0.084589,0.015827
0.985893,0.075836,0.131790,1.172748,0.185949,0.130631,1.178778,-0.022897,0.141192,0.793008,0.174569,0.122388,0.799038,-0.034277,0.132949,0.994502,0.220529,0.015901,1.189794,-0.072652,0.051283,0.926016,0.219804,0.040671,0.835574,-0.084665,0.015955
1.003342,0.075630,0.129262,1.189385,0.187092,0.126923,1.197025,-0.021812,0.134999,0.809658,0.173073,0.123525,0.817299,-0.035832,0.131601,1.008064,0.221679,0.015812,1.196133,-0.071980,0.015482,0.966228,0.221255,0.044404,0.837738,-0.085072,0.015868
1.020470,0.075615,0.125629,1.205687,0.188339,0.120246,1.214884,-0.020450,0.129596,0.826055,0.171680,0.121662,0.835252,-0.037109,0.131013,1.059104,0.222751,0.015968,1.198010,-0.071826,0.015867,0.976435,0.219366,0.021680,0.840115,-0.087600,0.015671
1.037819,0.076660,0.123347,1.222903,0.189547,0.116904,1.232341,-0.019208,0.126746,0.843297,0.172529,0.119949,0.852735,-0.036227,0.129790,1.121923,0.226093,0.022823,1.199619,-0.071456,0.015989,0.977942,0.219263,0.016005,0.843406,-0.087576,0.015640
1.055115,0.077377,0.123226,1.240217,0.190212,0.116394,1.249616,-0.018550,0.126130,0.860614,0.173305,0.120323,0.870013,-0.035457,0.130059,1.179431,0.229364,0.037988,1.201614,-0.071387,0.016118,0.979609,0.219334,0.015833,0.851261,-0.087184,0.015622
1.072464,0.077805,0.124045,1.257579,0.190662,0.117988,1.266959,-0.018131,0.127049,0.877969,0.173740,0.121042,0.887349,-0.035053,0.130103,1.221051,0.231770,0.053705,1.203692,-0.071339,0.015821,0.981393,0.219363,0.015909,0.868734,-0.086394,0.015668
1.089691,0.077908,0.125249,1.274849,0.190770,0.120819,1.284156,-0.018075,0.128669,0.895226,0.173890,0.121829,0.904533,-0.034955,0.129679,1.251185,0.233158,0.065373,1.205632,-0.071344,0.015805,0.983314,0.219365,0.015986,0.893365,-0.085262,0.015764
1.106812,0.077793,0.126643,1.292035,0.190611,0.124335,1.301215,-0.018291,0.130661,0.912408,0.173878,0.122625,0.921588,-0.035025,0.128951,1.275229,0.233831,0.072931,1.207339,-0.071405,0.015949,0.985310,0.219359,0.015736,0.920553,-0.083943,0.018080
1.124023,0.077682,0.128287,1.309295,0.190445,0.127849,1.318370,-0.018503,0.132653,0.929677,0.173868,0.123921,0.938752,-0.035080,0.128724,1.296711,0.234238,0.077150,1.209043,-0.071438,0.015964,0.987414,0.219394,0.015774,0.948027,-0.082630,0.022220
1.141365,0.077724,0.130371,1.326666,0.190436,0.131212,1.335671,-0.018538,0.134823,0.947059,0.173987,0.125919,0.956064,-0.034988,0.129530,1.316973,0.234564,0.075995,1.210648,-0.071482,0.015783,0.989478,0.219414,0.015975,0.978583,-0.081326,0.024809
1.159004,0.078209,0.132806,1.344344,0.190850,0.134350,1.353264,-0.018136,0.137471,0.964744,0.174554,0.128141,0.973665,-0.034432,0.131262,1.336462,0.234986,0.065808,1.212223,-0.071469,0.015927,0.991473,0.219515,0.015925,1.018601,-0.079606,0.024436
1.177254,0.079552,0.135199,1.362685,0.192049,0.136144,1.371440,-0.016931,0.140078,0.983067,0.176034,0.130320,0.991823,-0.032945,0.134253,1.352208,0.235391,0.044950,1.213751,-0.071372,0.015940,0.993637,0.219820,0.015839,1.072630,-0.077098,0.025862
1.195984,0.081692,0.136439,1.381543,0.193949,0.133752,1.390104,-0.014985,0.139916,1.001864,0.178369,0.132961,1.010424,-0.030565,0.139125,1.353178,0.234796,0.015167,1.215342,-0.071312,0.015922,0.995753,0.220169,0.015772,1.132463,-0.074120,0.035818
1.213837,0.083477,0.136614,1.399634,0.195196,0.130344,1.407726,-0.013717,0.137709,1.019947,0.180671,0.135519,1.028039,-0.028242,0.142884,1.355218,0.234963,0.016156,1.235218,-0.070206,0.015908,1.000607,0.221212,0.015735,1.174868,-0.071534,0.044528
1.230782,0.084393,0.135731,1.417249,0.194914,0.128253,1.424027,-0.014078,0.134679,1.037536,0.182863,0.136783,1.044314,-0.026129,0.143208,1.357263,0.235010,0.015927,1.288073,-0.067533,0.019171,1.016080,0.223939,0.015680,1.193288,-0.070072,0.036570
1.247353,0.084675,0.132883,1.434450,0.194129,0.125444,1.440001,-0.014935,0.130526,1.054704,0.184285,0.135240,1.060255,-0.024780,0.140322,1.359310,0.234949,0.015830,1.345332,-0.065415,0.028220,1.041421,0.226506,0.015711,1.196250,-0.069679,0.015662
1.264053,0.084774,0.129722,1.451115,0.194329,0.122866,1.456755,-0.014740,0.127685,1.071351,0.184288,0.131760,1.076992,-0.024781,0.136578,1.361137,0.234913,0.015818,1.392409,-0.063977,0.039939,1.071277,0.227086,0.015536,1.197727,-0.069786,0.015786
1.280800,0.085621,0.128167,1.467906,0.195157,0.122332,1.473510,-0.013896,0.127791,1.088089,0.185138,0.128543,1.093693,-0.023916,0.134003,1.362856,0.235046,0.015984,1.430683,-0.062505,0.052012,1.105519,0.228145,0.015882,1.199293,-0.069651,0.015876
1.297882,0.086918,0.128288,1.485024,0.196454,0.123694,1.490600,-0.012559,0.130548,1.105164,0.186395,0.126028,1.110741,-0.022618,0.132883,1.364538,0.235192,0.015826,1.463779,-0.061002,0.062359,1.140443,0.229336,0.019584,1.201090,-0.069532,0.015965
1.315239,0.088326,0.129627,1.502428,0.197826,0.126318,1.507913,-0.011137,0.134634,1.122565,0.187788,0.124620,1.128049,-0.021175,0.132935,1.366118,0.235354,0.015860,1.494346,-0.059572,0.069873,1.175497,0.230729,0.025347,1.202970,-0.069374,0.015738
1.332962,0.089462,0.131412,1.520183,0.198942,0.129487,1.525569,-0.009979,0.138837,1.140355,0.188904,0.123987,1.145741,-0.020018,0.133337,1.367699,0.235443,0.016003,1.523565,-0.058548,0.071664,1.217749,0.232222,0.030421,1.204957,-0.069262,0.015784
1.350777,0.089962,0.132533,1.537944,0.199548,0.131708,1.543395,-0.009375,0.140984,1.158158,0.189299,0.124083,1.163610,-0.019624,0.133358,1.369195,0.235517,0.015984,1.550432,-0.058185,0.062540,1.270192,0.233857,0.036777,1.206977,-0.069218,0.015884
1.368401,0.089943,0.131528,1.555166,0.200209,0.130358,1.561419,-0.008749,0.138233,1.175382,0.188635,0.124823,1.181636,-0.020323,0.132698,1.371944,0.235913,0.015847,1.568736,-0.057917,0.035161,1.319489,0.235444,0.045051,1.209042,-0.069405,0.015964
1.385445,0.089741,0.128227,1.571700,0.200817,0.124728,1.578960,-0.008142,0.131662,1.191929,0.187624,0.124792,1.199189,-0.021335,0.131726,1.398513,0.236688,0.015827,1.569175,-0.057827,0.015870,1.352773,0.235874,0.039203,1.211347,-0.070262,0.015813
1.402573,0.090797,0.125121,1.588602,0.202192,0.120057,1.596285,-0.006700,0.128406,1.208860,0.188295,0.121836,1.216544,-0.020597,0.130186,1.459104,0.238865,0.017960,1.570959,-0.057644,0.015927,1.354235,0.234930,0.016018,1.214515,-0.070760,0.015800
1.420265,0.092331,0.123722,1.606310,0.203641,0.117522,1.613961,-0.005184,0.127435,1.226569,0.189846,0.120009,1.234220,-0.018979,0.129923,1.521912,0.241801,0.027378,1.572937,-0.057502,0.016145,1.355744,0.235171,0.015959,1.217925,-0.070530,0.015693
1.437782,0.093121,0.123836,1.623862,0.204362,0.117443,1.631447,-0.004458,0.127519,1.244118,0.190699,0.120152,1.251702,-0.018120,0.130229,1.574383,0.244533,0.043574,1.575015,-0.057424,0.015953,1.357418,0.235312,0.015801,1.231470,-0.069915,0.015691
1.455254,0.093338,0.124662,1.641369,0.204578,0.119371,1.648892,-0.004281,0.128647,1.261615,0.190957,0.120678,1.269138,-0.017902,0.129954,1.611839,0.246338,0.058574,1.577004,-0.057410,0.015738,1.359215,0.235347,0.015978,1.254641,-0.069022,0.015715
1.472633,0.093163,0.125796,1.658806,0.204382,0.122448,1.666219,-0.004537,0.130340,1.279048,0.190862,0.121252,1.286461,-0.018057,0.129143,1.639499,0.247187,0.068941,1.578835,-0.057472,0.015882,1.361154,0.235309,0.015949,1.282274,-0.067962,0.016745
1.489983,0.092876,0.127175,1.676225,0.204022,0.125851,1.683490,-0.004957,0.132151,1.296476,0.190710,0.122198,1.303740,-0.018269,0.128499,1.662537,0.247515,0.075127,1.580527,-0.057537,0.015994,1.363210,0.235315,0.015642,1.309563,-0.066798,0.021244
1.507393,0.092667,0.128977,1.693666,0.203767,0.129080,1.700857,-0.005252,0.133960,1.313929,0.190585,0.123994,1.321120,-0.018434,0.128874,1.683557,0.247684,0.076605,1.582184,-0.057581,0.015861,1.365268,0.235318,0.015926,1.337778,-0.065768,0.025316
1.524971,0.092766,0.131243,1.711274,0.203812,0.132215,1.718397,-0.005228,0.136221,1.331545,0.190760,0.126266,1.338668,-0.018280,0.130272,1.703597,0.247843,0.070030,1.583826,-0.057604,0.015864,1.367271,0.235347,0.015913,1.372605,-0.064603,0.026217
1.543045,0.093571,0.133720,1.729375,0.204573,0.134663,1.736445,-0.004465,0.138892,1.349645,0.191606,0.128548,1.356715,-0.017432,0.132777,1.721811,0.248150,0.053001,1.585411,-0.057546,0.015955,1.369522,0.235485,0.015934,1.420248,-0.062932,0.025857
1.561844,0.095345,0.135692,1.748303,0.206125,0.134369,1.755162,-0.002875,0.140410,1.368526,0.193564,0.130974,1.375385,-0.015436,0.137015,1.730800,0.247908,0.025860,1.586952,-0.057485,0.015967,1.371747,0.235833,0.015759,1.480078,-0.060543,0.031507
1.580505,0.097046,0.136791,1.767066,0.207576,0.132389,1.773750,-0.001380,0.139972,1.387261,0.195471,0.133610,1.393945,-0.013484,0.141194,1.731754,0.247722,0.015894,1.591906,-0.057203,0.015878,1.373956,0.236276,0.015868,1.532827,-0.058088,0.043572
1.597923,0.097755,0.136867,1.784835,0.207622,0.130975,1.790831,-0.001372,0.138073,1.405015,0.196883,0.135661,1.411012,-0.012111,0.142758,1.733757,0.247748,0.016035,1.638198,-0.055392,0.016007,1.383459,0.237684,0.015680,1.563213,-0.056585,0.044231
1.614624,0.097946,0.134809,1.801988,0.207003,0.128297,1.807084,-0.002054,0.134114,1.422165,0.197946,0.135505,1.427260,-0.011111,0.141321,1.735654,0.247738,0.015809,1.698859,-0.053210,0.024934,1.404441,0.239662,0.015698,1.570955,-0.056246,0.027874
1.631256,0.097885,0.131251,1.818818,0.206611,0.124880,1.823521,-0.002480,0.129739,1.438991,0.198250,0.132763,1.443695,-0.010841,0.137621,1.737621,0.247724,0.015838,1.751787,-0.051717,0.037234,1.432363,0.240854,0.015661,1.573853,-0.056217,0.015818
1.647995,0.098438,0.128832,1.835576,0.207160,0.122998,1.840268,-0.001921,0.128252,1.455722,0.198798,0.129412,1.460414,-0.010284,0.134666,1.739422,0.247789,0.015957,1.792711,-0.050449,0.049266,1.464630,0.241613,0.015582,1.575423,-0.056165,0.015831
1.665001,0.099606,0.128239,1.852641,0.208284,0.123612,1.857260,-0.000763,0.130141,1.472741,0.199974,0.126337,1.477361,-0.009073,0.132865,1.741130,0.247942,0.015970,1.825488,-0.049172,0.058926,1.500717,0.242633,0.016117,1.577129,-0.056003,0.015941
1.682228,0.100983,0.129080,1.869913,0.209633,0.125809,1.874450,0.000640,0.133920,1.490007,0.201325,0.124239,1.494544,-0.007668,0.132350,1.742727,0.248097,0.015778,1.855755,-0.047854,0.067094,1.535697,0.243801,0.020891,1.578937,-0.055850,0.015915
1.699707,0.102242,0.130782,1.887423,0.210872,0.128947,1.891856,0.001932,0.138397,1.507558,0.202551,0.123166,1.511991,-0.006389,0.132616,1.744288,0.248228,0.015892,1.885078,-0.046717,0.072084,1.573228,0.245082,0.026571,1.580846,-0.055728,0.015590
1.717415,0.103035,0.132459,1.905123,0.211693,0.132043,1.909503,0.002778,0.142055,1.525327,0.203292,0.122863,1.529706,-0.005623,0.132876,1.745799,0.248305,0.016019,1.913255,-0.046117,0.069825,1.620526,0.246452,0.032147,1.582800,-0.055631,0.015835
1.735107,0.103157,0.132842,1.922666,0.212075,0.132947,1.927321,0.003142,0.142447,1.542894,0.203172,0.123237,1.547549,-0.005760,0.132736,1.747239,0.248354,0.015933,1.937470,-0.046179,0.053599,1.673325,0.247824,0.040502,1.584830,-0.055750,0.015901
1.752609,0.102943,0.130563,1.939429,0.213119,0.129671,1.945581,0.004131,0.136814,1.559637,0.201756,0.124312,1.565789,-0.007232,0.131454,1.759030,0.249415,0.015875,1.945397,-0.045509,0.015711,1.714855,0.249119,0.045258,1.586992,-0.056051,0.015964
1.769501,0.102913,0.127110,1.955560,0.214299,0.123096,1.963187,0.005408,0.131527,1.575814,0.200417,0.122694,1.583441,-0.008473,0.131125,1.797810,0.249734,0.016008,1.947230,-0.045358,0.015902,1.733191,0.247829,0.027268,1.589181,-0.058441,0.015669
1.786583,0.104057,0.124613,1.972295,0.215979,0.119522,1.980573,0.007184,0.129573,1.592593,0.200930,0.119653,1.600871,-0.007864,0.129704,1.859924,0.252315,0.020922,1.948835,-0.045081,0.015969,1.733106,0.247051,0.016021,1.593597,-0.059178,0.015702
1.803780,0.104980,0.124178,1.989506,0.216841,0.118333,1.997757,0.008066,0.128808,1.609802,0.201895,0.119549,1.618053,-0.006880,0.130024,1.919776,0.255394,0.033951,1.950750,-0.044990,0.016094,1.734667,0.247173,0.015922,1.599297,-0.058905,0.015597
1.821014,0.105434,0.124706,2.006764,0.217270,0.119138,2.014972,0.008473,0.129193,1.627057,0.202396,0.120218,1.635265,-0.006401,0.130273,1.965028,0.257820,0.049644,1.952744,-0.044969,0.015861,1.736356,0.247203,0.015827,1.615000,-0.058253,0.015694
1.838219,0.105492,0.125608,2.024009,0.217319,0.121392,2.032140,0.008469,0.130344,1.644298,0.202514,0.120872,1.652429,-0.006336,0.129824,1.997699,0.259285,0.062224,1.954658,-0.044983,0.015786,1.738191,0.247201,0.016000,1.639131,-0.057269,0.015735
1.855339,0.105247,0.126718,2.041188,0.217035,0.124531,2.049195,0.008119,0.131929,1.661483,0.202376,0.121507,1.669490,-0.006540,0.128905,2.023095,0.259947,0.070693,1.956417,-0.045056,0.015955,1.740128,0.247162,0.015901,1.666551,-0.056107,0.017591
1.872490,0.104950,0.128076,2.058380,0.216691,0.127845,2.066286,0.007720,0.133586,1.678693,0.202180,0.122566,1.686600,-0.006792,0.128307,2.045140,0.260258,0.075719,1.958069,-0.045106,0.015979,1.742133,0.247142,0.015627,1.693849,-0.054936,0.022054
