0.002312,0.011272,0.333627,0.194362,0.112054,0.332612,0.190175,-0.097103,0.331859,-0.185552,0.119648,0.335396,-0.189738,-0.089509,0.334643,0.214809,0.157660,0.178323,0.169240,-0.141484,0.148905,-0.194547,0.165912,0.162121,-0.184671,-0.134471,0.168533
0.004280,0.016403,0.320684,0.196828,0.116178,0.317308,0.191435,-0.092896,0.312458,-0.182875,0.125703,0.328909,-0.188268,-0.083372,0.324060,0.231304,0.165137,0.128904,0.188356,-0.134322,0.141232,-0.199256,0.177048,0.094165,-0.177438,-0.123986,0.102380
0.006989,0.021900,0.301417,0.200162,0.120302,0.294926,0.193176,-0.088713,0.289586,-0.179199,0.132514,0.313247,-0.186185,-0.076501,0.307908,0.218031,0.170619,0.082599,0.196232,-0.130044,0.122778,-0.173698,0.185041,0.030589,-0.169085,-0.115964,0.049587
0.009125,0.026657,0.279101,0.201718,0.125625,0.266678,0.195318,-0.083449,0.263295,-0.177068,0.136764,0.294908,-0.183468,-0.072311,0.291525,0.193995,0.175076,0.035751,0.203147,-0.126479,0.097198,-0.163439,0.186341,0.015724,-0.165440,-0.113879,0.015836
0.014175,0.028267,0.261645,0.204880,0.128072,0.234966,0.199224,-0.081036,0.232470,-0.170873,0.137570,0.290819,-0.176529,-0.071538,0.288323,0.179691,0.176839,0.015811,0.171683,-0.123481,0.041425,-0.162772,0.186103,0.015787,-0.164715,-0.114075,0.015792
0.020561,0.028030,0.247086,0.209089,0.128064,0.208464,0.203418,-0.081041,0.205757,-0.162295,0.137102,0.288415,-0.167966,-0.072004,0.285708,0.178659,0.176853,0.015928,0.146309,-0.122504,0.015839,-0.141775,0.185488,0.020205,-0.164071,-0.114083,0.015626
0.028099,0.028065,0.235025,0.214991,0.128220,0.189402,0.209324,-0.080887,0.186774,-0.153126,0.137017,0.283276,-0.158793,-0.072090,0.280648,0.178448,0.176862,0.015833,0.146275,-0.122500,0.015826,-0.097667,0.184276,0.021293,-0.163138,-0.114113,0.015672
0.037125,0.028275,0.224576,0.223167,0.128428,0.175601,0.217504,-0.080683,0.173265,-0.143255,0.137232,0.275887,-0.148918,-0.071879,0.273552,0.178746,0.176884,0.015906,0.145799,-0.122461,0.016644,-0.059447,0.183205,0.027526,-0.162054,-0.114114,0.015788
0.047379,0.028225,0.215113,0.233000,0.128400,0.164607,0.227366,-0.080713,0.162405,-0.132609,0.137163,0.267820,-0.138243,-0.071950,0.265618,0.179471,0.176876,0.015922,0.151122,-0.122601,0.017399,-0.032639,0.182424,0.031768,-0.160888,-0.114180,0.015959
0.058578,0.027729,0.206056,0.244257,0.127939,0.155832,0.238574,-0.081168,0.153292,-0.121417,0.136626,0.258821,-0.127100,-0.072481,0.256280,0.180547,0.176842,0.015769,0.158775,-0.122796,0.015521,-0.016328,0.181997,0.031883,-0.159644,-0.114147,0.015972
0.069885,0.026733,0.196955,0.256352,0.126875,0.149593,0.250397,-0.082211,0.146086,-0.110627,0.135678,0.247824,-0.116581,-0.073408,0.244318,0.181771,0.176715,0.015886,0.159890,-0.122926,0.015928,-0.007206,0.181911,0.026978,-0.158137,-0.113868,0.015861
0.080978,0.025459,0.187503,0.269327,0.124980,0.146738,0.262471,-0.084044,0.141563,-0.100515,0.134963,0.233443,-0.107370,-0.074061,0.228268,0.183103,0.176534,0.015958,0.161080,-0.123094,0.015849,-0.007971,0.182707,0.019767,-0.152679,-0.112808,0.016004
0.091568,0.024467,0.177621,0.282186,0.123287,0.146954,0.274674,-0.085677,0.140450,-0.091538,0.134612,0.214791,-0.099050,-0.074352,0.208287,0.184367,0.176386,0.015855,0.162281,-0.123258,0.015818,-0.011447,0.183426,0.015844,-0.140942,-0.112437,0.018385
0.101830,0.023582,0.168068,0.294217,0.122163,0.150463,0.286850,-0.086772,0.142957,-0.083191,0.133937,0.193180,-0.090558,-0.074998,0.185673,0.190073,0.176165,0.016262,0.163385,-0.123355,0.015743,-0.010183,0.183249,0.015636,-0.111605,-0.113924,0.023124
0.112679,0.022778,0.159557,0.306104,0.120884,0.157825,0.298854,-0.088019,0.149361,-0.073497,0.133575,0.169752,-0.080747,-0.075328,0.161288,0.219291,0.175112,0.017122,0.164405,-0.123462,0.015941,-0.008821,0.183084,0.015763,-0.071926,-0.115632,0.025121
0.124687,0.022114,0.153011,0.317841,0.119570,0.168337,0.310671,-0.089304,0.159125,-0.061296,0.133532,0.146898,-0.068467,-0.075343,0.137686,0.264469,0.173470,0.019898,0.165365,-0.123526,0.016038,-0.007272,0.182973,0.015959,-0.031007,-0.117071,0.022528
0.137436,0.021317,0.149337,0.329239,0.118160,0.178904,0.322130,-0.090683,0.168969,-0.047258,0.133316,0.129705,-0.054367,-0.075527,0.119771,0.310862,0.171590,0.025927,0.166314,-0.123634,0.016072,-0.005626,0.182842,0.015871,0.009487,-0.118298,0.016130
0.150146,0.020733,0.149167,0.341002,0.117001,0.185880,0.333631,-0.091822,0.175734,-0.033338,0.133288,0.122601,-0.040709,-0.075536,0.112454,0.347177,0.169958,0.028594,0.167275,-0.123720,0.015980,-0.003891,0.182971,0.015786,0.020974,-0.118547,0.015776
0.163391,0.021118,0.152027,0.354268,0.117453,0.188452,0.346702,-0.091431,0.179792,-0.019920,0.133667,0.124262,-0.027486,-0.075217,0.115602,0.355129,0.170095,0.015900,0.168376,-0.123695,0.015880,-0.002238,0.183045,0.015731,0.022649,-0.118424,0.016038
0.176605,0.021839,0.158641,0.367248,0.118537,0.195327,0.359738,-0.090421,0.188658,-0.006528,0.134100,0.128624,-0.014038,-0.074859,0.121955,0.356385,0.170154,0.015976,0.169630,-0.123575,0.015821,-0.004120,0.182869,0.023544,0.024390,-0.118360,0.015978
0.189240,0.022041,0.168073,0.378979,0.118903,0.208791,0.371510,-0.090093,0.203351,0.006969,0.134176,0.132795,-0.000500,-0.074820,0.127354,0.357879,0.170170,0.015997,0.195157,-0.124406,0.015931,-0.004751,0.182205,0.051534,0.026086,-0.118360,0.015771
0.201874,0.022060,0.178834,0.390367,0.119046,0.224715,0.382933,-0.089972,0.220154,0.020814,0.134093,0.137514,0.013380,-0.074925,0.132952,0.359491,0.170191,0.015857,0.233426,-0.125805,0.021294,0.005034,0.181464,0.077010,0.027698,-0.118367,0.015769
0.214516,0.022224,0.190146,0.401643,0.119390,0.240972,0.394229,-0.089647,0.237357,0.034802,0.134096,0.142936,0.027388,-0.074941,0.139321,0.361169,0.170203,0.015914,0.269311,-0.127087,0.028305,0.019724,0.180977,0.093145,0.029102,-0.118352,0.015836
0.226906,0.022472,0.201989,0.412677,0.119871,0.257161,0.405288,-0.089182,0.254471,0.048524,0.134126,0.149507,0.041135,-0.074926,0.146817,0.362816,0.170219,0.015945,0.306983,-0.128354,0.034115,0.035048,0.180681,0.103177,0.030165,-0.118336,0.015922
0.239151,0.022774,0.213930,0.423785,0.120424,0.272375,0.416416,-0.088638,0.270549,0.061886,0.134186,0.157311,0.054517,-0.074877,0.155484,0.364514,0.170234,0.015899,0.348178,-0.129691,0.039081,0.049914,0.180505,0.109580,0.030911,-0.118305,0.015933
0.251297,0.023121,0.225241,0.435296,0.121020,0.285252,0.427932,-0.088048,0.284254,0.074662,0.134290,0.166228,0.067298,-0.074778,0.165230,0.366203,0.170218,0.015886,0.392564,-0.131135,0.044134,0.063900,0.180409,0.111466,0.031335,-0.118278,0.015923
0.263550,0.023636,0.235178,0.447673,0.121781,0.294402,0.440322,-0.087290,0.294238,0.086777,0.134562,0.176118,0.079427,-0.074509,0.175955,0.367978,0.170279,0.015698,0.438413,-0.132509,0.050051,0.077983,0.180403,0.106520,0.031429,-0.118174,0.015931
0.276108,0.024448,0.243291,0.461247,0.122882,0.298748,0.453932,-0.086188,0.299678,0.098284,0.135084,0.186904,0.090969,-0.073986,0.187834,0.369485,0.170313,0.015984,0.482906,-0.133767,0.055415,0.096023,0.180214,0.090706,0.031235,-0.118139,0.015910
0.289177,0.025280,0.249545,0.475845,0.123886,0.299272,0.468526,-0.085176,0.301261,0.109828,0.135736,0.197828,0.102508,-0.073326,0.199817,0.370821,0.170348,0.015953,0.521712,-0.134800,0.061452,0.125956,0.179416,0.067996,0.030901,-0.118049,0.015905
0.302719,0.026230,0.253281,0.491194,0.124950,0.295384,0.483893,-0.084099,0.298497,0.121545,0.136559,0.208065,0.114244,-0.072490,0.211177,0.371805,0.170441,0.015926,0.548930,-0.135377,0.061854,0.171764,0.177899,0.047588,0.030455,-0.117955,0.015872
0.316711,0.027107,0.254213,0.506941,0.125848,0.287439,0.499688,-0.083185,0.291579,0.133734,0.137399,0.216846,0.126482,-0.071634,0.220987,0.373390,0.170590,0.015899,0.563938,-0.135572,0.055713,0.225588,0.176177,0.039063,0.030041,-0.117837,0.015834
0.331207,0.027538,0.252573,0.522902,0.126164,0.276394,0.515685,-0.082855,0.281251,0.146730,0.137932,0.223895,0.139513,-0.071087,0.228752,0.376139,0.170666,0.015850,0.568354,-0.135652,0.045050,0.272912,0.174824,0.041415,0.029897,-0.117741,0.015776
0.345833,0.027370,0.248109,0.538629,0.125758,0.261915,0.531425,-0.083254,0.267052,0.160241,0.137995,0.229165,0.153037,-0.071017,0.234302,0.380275,0.170659,0.015851,0.565404,-0.135729,0.030548,0.307812,0.173883,0.045406,0.030884,-0.117668,0.015800
0.360306,0.026466,0.240568,0.553846,0.124293,0.244231,0.546339,-0.084718,0.248979,0.174272,0.137651,0.232157,0.166766,-0.071360,0.236905,0.383622,0.170709,0.015808,0.560000,-0.135971,0.016906,0.331494,0.173271,0.046185,0.034997,-0.117144,0.015692
0.374329,0.025650,0.231008,0.567929,0.123310,0.226236,0.560448,-0.085708,0.230731,0.188209,0.137008,0.231286,0.180728,-0.072009,0.235781,0.391998,0.170571,0.015830,0.559806,-0.135794,0.015937,0.347966,0.172705,0.041786,0.041466,-0.117250,0.015624
0.387581,0.025120,0.219384,0.581070,0.122503,0.208445,0.573430,-0.086508,0.213006,0.201732,0.136747,0.225763,0.194092,-0.072263,0.230324,0.397643,0.170495,0.015782,0.559701,-0.135797,0.015969,0.353758,0.172402,0.029624,0.059491,-0.117477,0.017531
0.400238,0.025002,0.205183,0.593587,0.122239,0.190964,0.585897,-0.086756,0.196116,0.214579,0.136759,0.214250,0.206889,-0.072236,0.219402,0.409453,0.170195,0.015972,0.559887,-0.135734,0.015976,0.353571,0.172250,0.015926,0.088779,-0.118060,0.029750
0.412445,0.024914,0.190052,0.605895,0.122056,0.176571,0.598126,-0.086917,0.182446,0.226765,0.136744,0.197659,0.218996,-0.072229,0.203534,0.427723,0.169786,0.020291,0.560418,-0.135692,0.016080,0.354946,0.172364,0.015758,0.132080,-0.118992,0.043669
0.424973,0.024426,0.175627,0.618624,0.121792,0.167869,0.610946,-0.087169,0.174274,0.239000,0.136020,0.176981,0.231321,-0.072941,0.183386,0.451431,0.169177,0.028891,0.561358,-0.135698,0.016058,0.356170,0.172278,0.015838,0.182329,-0.120658,0.052365
0.438370,0.023430,0.162883,0.631987,0.121114,0.166245,0.624289,-0.087851,0.172465,0.252451,0.134711,0.153300,0.244753,-0.074255,0.159520,0.482391,0.168233,0.035451,0.562580,-0.135740,0.015904,0.357322,0.172258,0.015886,0.229014,-0.122235,0.056737
0.452911,0.022110,0.153186,0.645478,0.120174,0.171698,0.637737,-0.088810,0.177213,0.268085,0.133030,0.129158,0.260345,-0.075954,0.134674,0.522418,0.166659,0.036404,0.563862,-0.135831,0.015779,0.358536,0.172189,0.015973,0.267335,-0.123799,0.055522
0.468018,0.020908,0.148492,0.658090,0.119314,0.183565,0.650282,-0.089685,0.188368,0.285754,0.131502,0.108615,0.277946,-0.077497,0.113419,0.571889,0.164636,0.035954,0.565191,-0.135964,0.015863,0.359933,0.172090,0.015768,0.299780,-0.125324,0.047389
0.482719,0.019947,0.149761,0.669300,0.118639,0.199646,0.661458,-0.090372,0.203831,0.303981,0.130266,0.095692,0.296138,-0.078745,0.099876,0.623860,0.162654,0.040742,0.566453,-0.136060,0.015940,0.361797,0.171986,0.015690,0.330645,-0.126808,0.036128
0.496429,0.019039,0.155997,0.679736,0.117857,0.216617,0.671887,-0.091167,0.220110,0.320972,0.129245,0.091883,0.313123,-0.079778,0.095376,0.666078,0.161000,0.045555,0.567755,-0.136156,0.015973,0.364062,0.171847,0.015953,0.358857,-0.128148,0.025738
0.509720,0.017933,0.164761,0.691040,0.116609,0.231297,0.683179,-0.092427,0.233854,0.336261,0.128293,0.095669,0.328399,-0.080744,0.098226,0.693392,0.159709,0.043517,0.569141,-0.136291,0.015850,0.366472,0.171667,0.015967,0.378354,-0.129111,0.016189
0.523331,0.017044,0.173505,0.704755,0.115206,0.240518,0.696356,-0.093812,0.242892,0.350306,0.127900,0.104119,0.341906,-0.081118,0.106493,0.704418,0.158336,0.031566,0.574063,-0.136960,0.016339,0.368652,0.171650,0.015845,0.380366,-0.129181,0.015970
0.537453,0.017250,0.180493,0.720663,0.114892,0.243271,0.711130,-0.094048,0.247502,0.363776,0.128548,0.113484,0.354242,-0.080392,0.117715,0.701876,0.156652,0.015927,0.593177,-0.138858,0.016102,0.370521,0.171776,0.016171,0.381963,-0.129226,0.015860
0.551453,0.017593,0.187163,0.735471,0.115397,0.247271,0.725900,-0.093520,0.252456,0.377005,0.128707,0.121870,0.367434,-0.080210,0.127056,0.703084,0.156646,0.015775,0.620663,-0.140075,0.016185,0.372595,0.172092,0.028054,0.383519,-0.129217,0.015901
0.564995,0.017429,0.194832,0.749213,0.115301,0.254211,0.739651,-0.093608,0.259695,0.390339,0.128467,0.129970,0.380776,-0.080443,0.135454,0.704478,0.156604,0.015822,0.652132,-0.141409,0.019917,0.379933,0.172334,0.049111,0.384830,-0.129283,0.015765
0.578278,0.017056,0.203744,0.762648,0.114916,0.262667,0.753088,-0.093993,0.268172,0.403468,0.128104,0.139316,0.393907,-0.080805,0.144820,0.705879,0.156525,0.015879,0.686653,-0.142843,0.026149,0.392134,0.172316,0.070242,0.385803,-0.129348,0.015784
0.591576,0.016621,0.213560,0.776257,0.114423,0.271602,0.766697,-0.094488,0.277030,0.416454,0.127730,0.150090,0.406895,-0.081181,0.155518,0.707338,0.156448,0.015988,0.725976,-0.144465,0.033499,0.406446,0.172057,0.086815,0.386437,-0.129387,0.015832
0.605148,0.016216,0.223335,0.790483,0.113937,0.279396,0.780936,-0.094976,0.284785,0.429360,0.127408,0.161885,0.419814,-0.081504,0.167274,0.708901,0.156382,0.015915,0.769901,-0.146254,0.041701,0.421395,0.171566,0.095257,0.386779,-0.129413,0.015841
0.619064,0.015900,0.232007,0.805537,0.113499,0.284388,0.795993,-0.095412,0.289864,0.442136,0.127211,0.174151,0.432592,-0.081700,0.179627,0.710459,0.156316,0.015850,0.815738,-0.148094,0.050787,0.438584,0.170722,0.091603,0.386863,-0.129417,0.015829
0.633385,0.015671,0.238841,0.821411,0.113106,0.285678,0.811864,-0.095798,0.291387,0.454906,0.127140,0.186296,0.445358,-0.081764,0.192005,0.711877,0.156255,0.015940,0.857954,-0.149775,0.058792,0.464414,0.169175,0.074907,0.386733,-0.129413,0.015861
0.648186,0.015598,0.243135,0.837991,0.112858,0.282578,0.828480,-0.096037,0.288661,0.467891,0.127234,0.197609,0.458381,-0.081661,0.203692,0.713172,0.156294,0.015984,0.889619,-0.150980,0.060544,0.507546,0.166690,0.051489,0.386501,-0.129375,0.015849
0.663353,0.015591,0.244325,0.854881,0.112669,0.274886,0.845466,-0.096217,0.281406,0.481240,0.127399,0.207245,0.471825,-0.081488,0.213765,0.714557,0.156430,0.015949,0.907464,-0.151653,0.053224,0.565816,0.163771,0.036375,0.386252,-0.129327,0.015836
0.679008,0.015400,0.242549,0.871961,0.112256,0.263272,0.862671,-0.096626,0.270110,0.495346,0.127426,0.214988,0.486056,-0.081456,0.221826,0.717567,0.156544,0.015894,0.912261,-0.151929,0.038607,0.619736,0.161550,0.035892,0.386019,-0.129270,0.015802
0.694946,0.014706,0.237805,0.888881,0.111294,0.247868,0.879727,-0.097593,0.254726,0.510166,0.127005,0.220884,0.501012,-0.081882,0.227743,0.720064,0.156591,0.015822,0.907696,-0.152023,0.020638,0.659047,0.160046,0.039599,0.386993,-0.129359,0.015912
0.710609,0.013630,0.230243,0.904985,0.109854,0.230119,0.895825,-0.099042,0.236684,0.525394,0.126302,0.223802,0.516233,-0.082594,0.230368,0.722600,0.156631,0.015751,0.905377,-0.151913,0.015991,0.684406,0.159067,0.039962,0.392414,-0.129418,0.016006
0.725418,0.012955,0.220949,0.919665,0.109114,0.213025,0.910705,-0.099779,0.219963,0.540131,0.125688,0.221935,0.531171,-0.083205,0.228874,0.727932,0.156305,0.015828,0.905327,-0.151842,0.015938,0.699080,0.158075,0.031868,0.403933,-0.130126,0.022263
0.739616,0.012852,0.209269,0.933585,0.109023,0.196300,0.924864,-0.099842,0.204300,0.554369,0.125545,0.214238,0.545647,-0.083320,0.222238,0.739943,0.155718,0.015786,0.905585,-0.151773,0.015961,0.701168,0.157343,0.015949,0.424518,-0.130849,0.037807
0.753258,0.012886,0.195982,0.947273,0.108781,0.181712,0.938360,-0.100034,0.190752,0.568155,0.125806,0.201211,0.559243,-0.083009,0.210252,0.756627,0.155510,0.021370,0.906071,-0.151751,0.016110,0.702633,0.157577,0.015886,0.460371,-0.130980,0.056486
0.766914,0.012497,0.182890,0.960992,0.108587,0.170978,0.952222,-0.100191,0.180962,0.581607,0.125184,0.184818,0.572837,-0.083593,0.194802,0.779392,0.155041,0.030542,0.906944,-0.151715,0.016079,0.704005,0.157504,0.015829,0.505965,-0.132471,0.066306
0.781036,0.011585,0.170849,0.975266,0.107979,0.165921,0.966470,-0.100785,0.176161,0.595602,0.123956,0.165538,0.586807,-0.084808,0.175777,0.810106,0.154243,0.038723,0.908100,-0.151730,0.015929,0.705348,0.157540,0.015939,0.552024,-0.134070,0.070123
0.795929,0.010204,0.160604,0.989843,0.107168,0.166648,0.981085,-0.101612,0.176588,0.610773,0.122021,0.144621,0.602015,-0.086759,0.154561,0.849059,0.152641,0.041161,0.909474,-0.151810,0.015689,0.706673,0.157417,0.016022,0.592825,-0.135924,0.070361
0.811607,0.008808,0.153322,1.004324,0.106377,0.172860,0.995537,-0.102426,0.182268,0.627677,0.120042,0.124376,0.618891,-0.088761,0.133784,0.897927,0.150371,0.039246,0.910867,-0.151900,0.015802,0.708097,0.157307,0.015897,0.627545,-0.137756,0.065119
0.827522,0.007725,0.150386,1.018063,0.105892,0.183532,1.009234,-0.102926,0.192558,0.645811,0.118376,0.108214,0.636982,-0.090443,0.117240,0.953003,0.147972,0.039984,0.912237,-0.151991,0.015975,0.709811,0.157199,0.015587,0.659202,-0.139604,0.055043
0.842949,0.006966,0.151941,1.031005,0.105651,0.195958,1.022175,-0.103178,0.204738,0.663723,0.117110,0.099144,0.654893,-0.091719,0.107925,1.003287,0.146012,0.045138,0.913593,-0.152053,0.016022,0.711940,0.157099,0.015833,0.691306,-0.141511,0.043208
0.857712,0.006317,0.156685,1.043998,0.105267,0.207157,1.035160,-0.103573,0.215656,0.680264,0.116207,0.097714,0.671426,-0.092633,0.106213,1.040701,0.144352,0.045405,0.914957,-0.152144,0.015882,0.714296,0.156966,0.015900,0.719949,-0.143181,0.033329
0.872612,0.005688,0.162658,1.058321,0.104649,0.215192,1.049467,-0.104203,0.223381,0.695757,0.115578,0.101934,0.686903,-0.093274,0.110123,1.063184,0.142934,0.035772,0.916349,-0.152224,0.015818,0.716692,0.156845,0.015934,0.740579,-0.144504,0.022672
0.888100,0.005482,0.167752,1.074345,0.104286,0.218658,1.065340,-0.104551,0.227081,0.710859,0.115514,0.108423,0.701854,-0.093322,0.116846,1.068276,0.141885,0.015536,0.917904,-0.152236,0.015979,0.718819,0.156961,0.015718,0.748199,-0.144918,0.015971
0.903145,0.005852,0.173371,1.089840,0.104875,0.222160,1.080894,-0.103918,0.231654,0.725395,0.115621,0.115087,0.716450,-0.093172,0.124582,1.069483,0.141915,0.016075,0.924792,-0.152573,0.016035,0.720646,0.157286,0.025416,0.750046,-0.145088,0.015973
0.916924,0.005901,0.181127,1.103134,0.105106,0.231377,1.094196,-0.103672,0.241205,0.739651,0.115474,0.121049,0.730713,-0.093304,0.130877,1.070859,0.141897,0.016111,0.952708,-0.153712,0.016962,0.728619,0.158416,0.055789,0.751650,-0.145150,0.015982
0.930244,0.005661,0.190351,1.115627,0.105025,0.243276,1.106733,-0.103761,0.252957,0.753755,0.115083,0.127744,0.744861,-0.093703,0.137426,1.072422,0.141854,0.015712,0.991368,-0.155072,0.022523,0.744235,0.159032,0.084673,0.753121,-0.145232,0.015858
0.943512,0.005451,0.200371,1.128202,0.104927,0.255466,1.119321,-0.103865,0.265041,0.767703,0.114767,0.135701,0.758822,-0.094025,0.145276,1.073988,0.141781,0.015797,1.030862,-0.156423,0.029945,0.760863,0.159133,0.103774,0.754291,-0.145312,0.015718
0.956703,0.005306,0.210935,1.140935,0.104847,0.267430,1.132050,-0.103947,0.276952,0.781356,0.114560,0.144919,0.772472,-0.094234,0.154441,1.075534,0.141702,0.016017,1.074212,-0.157965,0.037066,0.775691,0.158955,0.114562,0.755127,-0.145360,0.015758
0.969971,0.005203,0.221415,1.154111,0.104757,0.278182,1.145227,-0.104038,0.287692,0.794714,0.114444,0.155138,0.785830,-0.094350,0.164647,1.077147,0.141629,0.015999,1.121070,-0.159623,0.044520,0.788979,0.158538,0.118053,0.755638,-0.145384,0.015789
0.983452,0.005161,0.230928,1.168070,0.104658,0.286223,1.159201,-0.104135,0.295796,0.807703,0.114457,0.166061,0.798833,-0.094335,0.175633,1.078801,0.141591,0.015795,1.168840,-0.161225,0.052751,0.802156,0.157773,0.112435,0.755873,-0.145377,0.015797
0.997231,0.005196,0.238799,1.182980,0.104544,0.290453,1.174116,-0.104239,0.300254,0.820345,0.114630,0.177344,0.811481,-0.094152,0.187145,1.080404,0.141553,0.015946,1.214067,-0.162697,0.061225,0.819629,0.156344,0.095178,0.755858,-0.145375,0.015799
1.011467,0.005299,0.244571,1.198864,0.104404,0.290415,1.190016,-0.104361,0.300571,0.832918,0.114959,0.188571,0.824070,-0.093807,0.198728,1.081867,0.141558,0.016018,1.251355,-0.163872,0.066918,0.850126,0.153900,0.067834,0.755641,-0.145351,0.015790
1.025940,0.005554,0.247545,1.215209,0.104407,0.285577,1.206490,-0.104342,0.296181,0.845390,0.115451,0.198909,0.836670,-0.093298,0.209513,1.082781,0.141791,0.015978,1.276263,-0.164562,0.064732,0.899988,0.150730,0.041660,0.755335,-0.145291,0.015770
1.040726,0.005764,0.247401,1.231796,0.104265,0.276226,1.223189,-0.104459,0.287390,0.858262,0.115987,0.207412,0.849655,-0.092737,0.218577,1.084244,0.141979,0.015906,1.288266,-0.165138,0.054787,0.958444,0.147982,0.031159,0.755048,-0.145239,0.015741
1.055901,0.005596,0.244346,1.248446,0.103646,0.263153,1.239948,-0.105061,0.274725,0.871854,0.116253,0.213967,0.863355,-0.092453,0.225539,1.086237,0.142095,0.015832,1.288961,-0.165660,0.039427,1.006961,0.146298,0.033412,0.755290,-0.145244,0.015726
1.071129,0.004726,0.238259,1.264782,0.102042,0.246589,1.256167,-0.106662,0.258128,0.886091,0.116115,0.218391,0.877476,-0.092589,0.229930,1.089087,0.142093,0.015805,1.281424,-0.166354,0.021340,1.040484,0.145243,0.036496,0.757802,-0.145052,0.015696
1.085983,0.003487,0.229279,1.280114,0.100190,0.227549,1.271464,-0.108529,0.238786,0.900502,0.115502,0.219772,0.891853,-0.093216,0.231009,1.092376,0.142127,0.015845,1.278500,-0.166367,0.016050,1.060832,0.144456,0.034819,0.766260,-0.145132,0.016191
1.100189,0.002594,0.218706,1.294229,0.099097,0.209942,1.285778,-0.109611,0.221520,0.914600,0.114799,0.215893,0.906149,-0.093909,0.227471,1.099294,0.141783,0.015898,1.278408,-0.166268,0.016048,1.069111,0.143463,0.024155,0.780383,-0.145613,0.024880
1.113655,0.002247,0.206066,1.307637,0.098498,0.193905,1.299144,-0.110158,0.206370,0.928166,0.114651,0.205762,0.919673,-0.094004,0.218227,1.113885,0.141415,0.017515,1.278581,-0.166256,0.016105,1.068934,0.143153,0.015982,0.806382,-0.145297,0.045227
1.126915,0.001854,0.192622,1.320884,0.098148,0.180593,1.312462,-0.110446,0.194087,0.941368,0.114154,0.191157,0.932946,-0.094440,0.204651,1.133191,0.141129,0.023245,1.279121,-0.166194,0.016137,1.070258,0.143188,0.015797,0.846074,-0.145838,0.060533
1.140427,0.000954,0.179595,1.334410,0.097652,0.171771,1.326138,-0.110906,0.185911,0.954715,0.112813,0.173280,0.946443,-0.095744,0.187419,1.158076,0.140784,0.032366,1.280023,-0.166182,0.016066,1.071499,0.143101,0.015895,0.892222,-0.147274,0.068091
1.154617,-0.000450,0.167876,1.348493,0.096773,0.168888,1.340141,-0.111791,0.182894,0.969094,0.110890,0.152859,0.960741,-0.097673,0.166865,1.190611,0.139948,0.038795,1.281203,-0.166231,0.015932,1.072793,0.143136,0.016009,0.936667,-0.148756,0.070692
1.169655,-0.002167,0.158594,1.362653,0.095881,0.171995,1.354320,-0.112724,0.185371,0.984990,0.108391,0.131818,0.976657,-0.100215,0.145194,1.232048,0.138152,0.039021,1.282533,-0.166318,0.015664,1.074125,0.142985,0.016021,0.975013,-0.150653,0.068394
1.185249,-0.003662,0.153143,1.376338,0.095174,0.180668,1.367919,-0.113473,0.193321,1.002579,0.106149,0.112966,0.994160,-0.102498,0.125619,1.283079,0.135793,0.036967,1.283882,-0.166421,0.015762,1.075614,0.142883,0.015849,1.008140,-0.152593,0.060308
1.200623,-0.004677,0.152595,1.388970,0.094891,0.193246,1.380472,-0.113781,0.205429,1.020773,0.104428,0.099761,1.012275,-0.104244,0.111944,1.337281,0.133589,0.039563,1.285194,-0.166524,0.016020,1.077454,0.142775,0.015662,1.039480,-0.154609,0.048708
1.215233,-0.005360,0.156389,1.400976,0.094763,0.206547,1.392480,-0.113932,0.218329,1.037985,0.103212,0.094449,1.029489,-0.105483,0.106230,1.382602,0.131870,0.043566,1.286541,-0.166599,0.016044,1.079702,0.142637,0.015851,1.070177,-0.156611,0.036928
1.229485,-0.006020,0.162783,1.413789,0.094255,0.217720,1.405278,-0.114471,0.228936,1.053692,0.102432,0.096630,1.045180,-0.106294,0.107846,1.413728,0.130296,0.040669,1.287970,-0.166687,0.015928,1.082173,0.142489,0.015966,1.094409,-0.158219,0.026624
1.244102,-0.006760,0.169359,1.428367,0.093292,0.224835,1.419756,-0.115460,0.235475,1.068449,0.101941,0.103243,1.059838,-0.106811,0.113883,1.429667,0.128805,0.029024,1.289471,-0.166828,0.015832,1.084493,0.142371,0.015819,1.107692,-0.159343,0.015585
1.259232,-0.006584,0.174827,1.444435,0.093470,0.227074,1.435856,-0.115249,0.238363,1.082607,0.102080,0.111290,1.074028,-0.106639,0.122579,1.429710,0.128216,0.016039,1.295387,-0.167040,0.016299,1.086623,0.142308,0.015851,1.109469,-0.159417,0.015956
1.273636,-0.006248,0.180954,1.459244,0.093882,0.231596,1.450653,-0.114797,0.243591,1.096619,0.102300,0.118316,1.088028,-0.106379,0.130311,1.430945,0.128226,0.016141,1.321128,-0.168089,0.016364,1.090381,0.143037,0.029880,1.111028,-0.159460,0.015999
1.287369,-0.006348,0.188658,1.472645,0.093896,0.240282,1.464098,-0.114784,0.252293,1.110640,0.102089,0.125022,1.102092,-0.106591,0.137034,1.432374,0.128185,0.015768,1.354221,-0.169196,0.020372,1.099946,0.144131,0.056247,1.112466,-0.159552,0.015894
1.300858,-0.006577,0.197661,1.485710,0.093720,0.250683,1.477176,-0.114972,0.262495,1.124539,0.101819,0.132828,1.116005,-0.106873,0.144639,1.433850,0.128105,0.015759,1.389839,-0.170293,0.026940,1.114347,0.144801,0.079909,1.113651,-0.159631,0.015767
1.314262,-0.006817,0.207680,1.498814,0.093486,0.261727,1.490287,-0.115220,0.273296,1.138238,0.101586,0.142065,1.129711,-0.107120,0.153633,1.435371,0.128015,0.015993,1.429804,-0.171565,0.034102,1.129742,0.145000,0.097126,1.114559,-0.159703,0.015720
1.327705,-0.007042,0.218112,1.512211,0.093220,0.272391,1.503699,-0.115500,0.283718,1.151712,0.101416,0.152505,1.143199,-0.107304,0.163832,1.436943,0.127932,0.016034,1.474513,-0.172988,0.041880,1.144369,0.144804,0.107061,1.115107,-0.159749,0.015750
1.341354,-0.007214,0.227949,1.526285,0.092943,0.280963,1.517800,-0.115786,0.292138,1.164909,0.101359,0.163761,1.156424,-0.107370,0.174936,1.438570,0.127870,0.015904,1.521785,-0.174438,0.050500,1.158511,0.144154,0.107400,1.115357,-0.159776,0.015756
1.355301,-0.007305,0.236343,1.541257,0.092646,0.286053,1.532780,-0.116082,0.297251,1.177821,0.101471,0.175434,1.169345,-0.107257,0.186632,1.440159,0.127811,0.015898,1.568065,-0.175809,0.059756,1.175712,0.142808,0.095259,1.115358,-0.159784,0.015769
1.369682,-0.007317,0.242721,1.557147,0.092339,0.287071,1.548678,-0.116378,0.298462,1.190686,0.101745,0.186979,1.182218,-0.106973,0.198371,1.441653,0.127787,0.016021,1.607507,-0.176969,0.066712,1.204266,0.140425,0.071108,1.115174,-0.159773,0.015786
1.384369,-0.007244,0.246373,1.573611,0.092025,0.283445,1.565153,-0.116673,0.295194,1.203585,0.102185,0.197553,1.195127,-0.106513,0.209301,1.442780,0.127831,0.016014,1.634837,-0.177954,0.066082,1.252090,0.137176,0.044733,1.114867,-0.159716,0.015752
1.399338,-0.007130,0.246854,1.590272,0.091771,0.275204,1.581955,-0.116910,0.287359,1.216721,0.102650,0.206350,1.208403,-0.106031,0.218505,1.444804,0.128033,0.015957,1.648892,-0.178593,0.056398,1.311289,0.134288,0.031985,1.114586,-0.159665,0.015722
1.414688,-0.007317,0.244302,1.607039,0.091148,0.262925,1.598883,-0.117518,0.275432,1.230493,0.102885,0.213171,1.222337,-0.105782,0.225678,1.446840,0.128169,0.015877,1.651296,-0.179166,0.041295,1.362400,0.132525,0.033479,1.114720,-0.159726,0.015704
1.430092,-0.008144,0.238673,1.623531,0.089601,0.246943,1.615313,-0.119065,0.259430,1.244870,0.102776,0.217916,1.236653,-0.105889,0.230403,1.448898,0.128212,0.015795,1.645026,-0.179930,0.023326,1.398484,0.131477,0.037183,1.116743,-0.159569,0.015912
1.445274,-0.009575,0.229987,1.639251,0.087432,0.227992,1.630930,-0.121258,0.239991,1.259619,0.102108,0.219982,1.251298,-0.106581,0.231982,1.451831,0.128266,0.015827,1.641551,-0.180121,0.016018,1.420672,0.130691,0.036396,1.124878,-0.159520,0.016023
1.459740,-0.010685,0.219613,1.653529,0.086241,0.210006,1.645598,-0.122447,0.222283,1.273882,0.101078,0.216944,1.265951,-0.107611,0.229221,1.458013,0.127814,0.015896,1.641389,-0.179986,0.015971,1.430320,0.129604,0.028444,1.138375,-0.160398,0.023993
1.473244,-0.011032,0.207588,1.666768,0.085957,0.194065,1.659193,-0.122674,0.207500,1.287294,0.100610,0.207676,1.279720,-0.108021,0.221111,1.471762,0.127223,0.017238,1.641582,-0.179937,0.016053,1.429022,0.128695,0.016007,1.163115,-0.160654,0.045762
1.486626,-0.011162,0.194358,1.680240,0.085668,0.180998,1.672526,-0.122879,0.195597,1.300726,0.100556,0.193118,1.293011,-0.107992,0.207717,1.490634,0.127166,0.022327,1.642114,-0.179909,0.016151,1.430381,0.128942,0.015853,1.201815,-0.160427,0.061779
1.500252,-0.011925,0.181288,1.693902,0.085275,0.171639,1.686320,-0.123220,0.187035,1.314183,0.099370,0.175540,1.306602,-0.109124,0.190936,1.515154,0.127000,0.031098,1.642966,-0.179873,0.016057,1.431655,0.128914,0.015905,1.247524,-0.161542,0.069571
1.514488,-0.013309,0.169355,1.708040,0.084549,0.167741,1.700525,-0.123945,0.183188,1.328451,0.097326,0.155521,1.320936,-0.111168,0.170969,1.547017,0.126335,0.037868,1.644138,-0.179909,0.015921,1.432913,0.128829,0.016025,1.292472,-0.163046,0.072438
1.529472,-0.015018,0.159656,1.722389,0.083581,0.169782,1.714766,-0.124956,0.184580,1.344179,0.094919,0.134731,1.336556,-0.113618,0.149529,1.587619,0.124799,0.038682,1.645408,-0.179998,0.015719,1.434308,0.128796,0.016032,1.331669,-0.164626,0.070727
1.545082,-0.016556,0.153510,1.736336,0.082922,0.177327,1.728658,-0.125661,0.191418,1.361506,0.092550,0.115601,1.353828,-0.116034,0.129692,1.637786,0.122622,0.036523,1.646708,-0.180097,0.015737,1.435703,0.128665,0.015863,1.365402,-0.166526,0.063347
1.560661,-0.017609,0.152119,1.749399,0.082673,0.189034,1.741639,-0.125940,0.202642,1.379684,0.090722,0.101596,1.371923,-0.117890,0.115204,1.692382,0.120549,0.038443,1.648068,-0.180211,0.016012,1.437544,0.128534,0.015539,1.396831,-0.168509,0.052138
1.575531,-0.018253,0.155151,1.761744,0.082668,0.201852,1.753980,-0.125967,0.215108,1.397082,0.089461,0.095195,1.389318,-0.119174,0.108451,1.739381,0.118977,0.042946,1.649417,-0.180297,0.016056,1.439762,0.128401,0.015802,1.428000,-0.170529,0.040104
1.589951,-0.018826,0.160994,1.774648,0.082360,0.212852,1.766912,-0.126308,0.225597,1.412990,0.088657,0.096391,1.405253,-0.120011,0.109136,1.772540,0.117507,0.040982,1.650828,-0.180373,0.015968,1.442179,0.128229,0.015985,1.453769,-0.172229,0.029677
