-0.005017,0.019012,0.356777,0.182298,0.128300,0.359961,0.187543,-0.080791,0.355733,-0.197577,0.118816,0.357820,-0.192333,-0.090275,0.353593,0.166718,0.177141,0.174083,0.199163,-0.122496,0.183732,-0.175593,0.168758,0.164092,-0.186467,-0.131825,0.166761
-0.006065,0.028713,0.351135,0.180526,0.139216,0.354868,0.187149,-0.069807,0.349352,-0.199280,0.127233,0.352918,-0.192657,-0.081789,0.347402,0.149838,0.188563,0.171777,0.159403,-0.111404,0.168534,-0.154591,0.179329,0.156165,-0.177313,-0.122015,0.166367
-0.006260,0.038391,0.342342,0.180235,0.149063,0.345917,0.187044,-0.059909,0.338921,-0.199564,0.136692,0.345763,-0.192754,-0.072280,0.338768,0.128322,0.198722,0.171118,0.129620,-0.101346,0.161663,-0.163593,0.190091,0.144810,-0.176369,-0.111218,0.158687
-0.006749,0.048008,0.330970,0.179738,0.158696,0.334395,0.186552,-0.050198,0.325361,-0.200050,0.146214,0.336580,-0.193237,-0.062680,0.327546,0.127864,0.209596,0.170777,0.115295,-0.090624,0.153905,-0.184725,0.201212,0.128897,-0.180098,-0.099866,0.144836
-0.007882,0.057590,0.316400,0.178463,0.168520,0.319782,0.185528,-0.040288,0.309095,-0.201293,0.155469,0.323705,-0.194227,-0.053339,0.313019,0.141226,0.220646,0.166391,0.113627,-0.079663,0.141195,-0.200183,0.212004,0.109520,-0.184572,-0.089018,0.126829
-0.009730,0.067188,0.297927,0.176297,0.178650,0.301276,0.183944,-0.030083,0.289571,-0.203405,0.164459,0.306284,-0.195758,-0.044273,0.294578,0.153092,0.231669,0.152951,0.117595,-0.068748,0.123426,-0.203752,0.222232,0.088125,-0.185022,-0.078755,0.104183
-0.011717,0.076859,0.275509,0.174022,0.188805,0.278699,0.182197,-0.019884,0.266590,-0.205630,0.173602,0.284427,-0.197456,-0.035088,0.272319,0.153625,0.242503,0.124696,0.121177,-0.058188,0.100318,-0.201152,0.232191,0.062912,-0.181140,-0.068512,0.074155
-0.013517,0.086555,0.249625,0.172039,0.198814,0.252447,0.180546,-0.009878,0.240610,-0.207581,0.182989,0.258641,-0.199074,-0.025703,0.246804,0.144610,0.252855,0.083208,0.125020,-0.048050,0.070437,-0.196961,0.241910,0.030714,-0.176231,-0.058369,0.035871
-0.015279,0.095886,0.221684,0.169424,0.209572,0.220388,0.179421,0.000759,0.212531,-0.209979,0.191013,0.230838,-0.199981,-0.017800,0.222980,0.130688,0.260392,0.030650,0.134055,-0.040325,0.036545,-0.194355,0.245389,0.015765,-0.173612,-0.054282,0.015971
-0.013316,0.102345,0.199406,0.170867,0.216347,0.188397,0.181220,0.007420,0.185764,-0.207853,0.197269,0.213047,-0.197499,-0.011658,0.210415,0.126035,0.261808,0.015951,0.127207,-0.038625,0.015839,-0.193188,0.245989,0.015907,-0.173628,-0.053535,0.015995
-0.007028,0.105877,0.188491,0.176946,0.219668,0.172792,0.187306,0.010726,0.173596,-0.201361,0.201028,0.203386,-0.191001,-0.007914,0.204190,0.126146,0.262051,0.015917,0.127535,-0.038351,0.015828,-0.192224,0.246265,0.015835,-0.172907,-0.053247,0.015948
0.001627,0.107914,0.182497,0.185512,0.221496,0.164424,0.195826,0.012568,0.167106,-0.192573,0.203260,0.197887,-0.182258,-0.005668,0.200570,0.131901,0.262452,0.015892,0.128295,-0.038218,0.015797,-0.191237,0.246498,0.015864,-0.176771,-0.053244,0.018541
0.010261,0.109528,0.175733,0.194051,0.222960,0.155854,0.204374,0.014056,0.160031,-0.183852,0.204999,0.191436,-0.173530,-0.003905,0.195613,0.146831,0.263436,0.020554,0.129082,-0.038062,0.015826,-0.190163,0.246692,0.015911,-0.172287,-0.052868,0.020070
0.018907,0.110912,0.167645,0.202643,0.224221,0.146597,0.212993,0.015352,0.152158,-0.175180,0.206473,0.183132,-0.164830,-0.002397,0.188693,0.168548,0.264816,0.025003,0.129920,-0.037916,0.015856,-0.188995,0.246856,0.015832,-0.156981,-0.051962,0.022213
0.027874,0.112278,0.159200,0.211549,0.225444,0.136880,0.221931,0.016621,0.143941,-0.166183,0.207935,0.174459,-0.155801,-0.000888,0.181520,0.184111,0.265733,0.022182,0.130843,-0.037769,0.015925,-0.187739,0.247029,0.015765,-0.131260,-0.050525,0.024061
0.036776,0.113850,0.151492,0.220305,0.226831,0.127135,0.230771,0.018087,0.136116,-0.157220,0.209613,0.166868,-0.146754,0.000868,0.175849,0.186304,0.265887,0.015816,0.131820,-0.037591,0.016013,-0.186504,0.247195,0.015810,-0.094144,-0.048581,0.023900
0.045329,0.114471,0.146022,0.228803,0.227348,0.120772,0.239268,0.018632,0.130412,-0.148610,0.210311,0.161631,-0.138145,0.001595,0.171271,0.187289,0.265977,0.015884,0.132780,-0.037546,0.016018,-0.185457,0.247282,0.015775,-0.051399,-0.046588,0.020205
0.053488,0.113503,0.141398,0.236948,0.226542,0.116789,0.247369,0.017748,0.124600,-0.140394,0.209257,0.158196,-0.129973,0.000463,0.166006,0.188353,0.265884,0.015987,0.133742,-0.037526,0.015962,-0.184169,0.247285,0.015827,-0.024959,-0.045453,0.015792
0.061026,0.112164,0.136766,0.244388,0.225579,0.113176,0.254939,0.016716,0.118635,-0.132887,0.207611,0.154898,-0.122336,-0.001252,0.160357,0.189354,0.265781,0.015963,0.149561,-0.036730,0.019186,-0.174534,0.247393,0.015729,-0.024216,-0.045593,0.015963
0.068739,0.111782,0.133484,0.252124,0.225361,0.110875,0.262712,0.016475,0.115260,-0.125234,0.207089,0.151708,-0.114646,-0.001797,0.156093,0.190394,0.265756,0.015880,0.171529,-0.035544,0.025789,-0.157217,0.248134,0.015804,-0.023463,-0.045635,0.015936
0.077122,0.112206,0.131939,0.260649,0.225820,0.110706,0.271242,0.016935,0.115141,-0.116998,0.207476,0.148737,-0.106405,-0.001409,0.153172,0.191463,0.265814,0.015774,0.187981,-0.034564,0.032348,-0.137530,0.249131,0.015831,-0.022643,-0.045597,0.015793
0.085855,0.113003,0.131555,0.269566,0.226601,0.111883,0.280145,0.017729,0.116876,-0.108434,0.208277,0.146235,-0.097855,-0.000596,0.151227,0.192495,0.265923,0.015818,0.201440,-0.033676,0.037496,-0.118692,0.250161,0.015794,-0.021769,-0.045504,0.015652
0.094700,0.113880,0.131723,0.278577,0.227462,0.113569,0.289143,0.018606,0.119245,-0.099744,0.209154,0.144201,-0.089177,0.000298,0.149877,0.193470,0.266024,0.015819,0.216030,-0.032729,0.041547,-0.101937,0.251102,0.016680,-0.020863,-0.045418,0.015674
0.103547,0.114822,0.132162,0.287560,0.228383,0.115300,0.298113,0.019550,0.121757,-0.091019,0.210095,0.142566,-0.080466,0.001261,0.149024,0.194382,0.266132,0.015950,0.233312,-0.031619,0.045291,-0.087840,0.252011,0.020493,-0.019951,-0.045329,0.015815
0.112459,0.115723,0.132861,0.296571,0.229286,0.117128,0.307127,0.020475,0.124291,-0.082209,0.210970,0.141430,-0.071652,0.002160,0.148593,0.195241,0.266228,0.015992,0.253006,-0.030370,0.049264,-0.075081,0.252923,0.026495,-0.019027,-0.045267,0.015880
0.121563,0.116585,0.133899,0.305770,0.230131,0.119195,0.316294,0.021338,0.126908,-0.073169,0.211831,0.140890,-0.062644,0.003039,0.148603,0.196107,0.266329,0.015986,0.273762,-0.029067,0.053211,-0.061891,0.253974,0.033578,-0.018107,-0.045157,0.015899
0.130980,0.117317,0.135302,0.315224,0.230919,0.121525,0.325787,0.022141,0.129582,-0.063828,0.212494,0.141022,-0.053265,0.003716,0.149079,0.196963,0.266400,0.015869,0.294420,-0.027833,0.055857,-0.046903,0.255008,0.040374,-0.017162,-0.045141,0.015853
0.140688,0.117859,0.136626,0.324952,0.231520,0.123629,0.335546,0.022744,0.131677,-0.054170,0.212974,0.141575,-0.043576,0.004198,0.149623,0.197830,0.266455,0.015783,0.313953,-0.026837,0.055340,-0.028270,0.256099,0.044769,-0.016164,-0.045106,0.015964
0.150554,0.118027,0.137098,0.334810,0.231755,0.124585,0.345434,0.022960,0.132077,-0.044326,0.213094,0.142118,-0.033703,0.004298,0.149610,0.198730,0.266468,0.015865,0.331218,-0.026279,0.049109,-0.003443,0.257218,0.044748,-0.015087,-0.045088,0.015971
0.160492,0.117691,0.136078,0.344684,0.231522,0.123547,0.355366,0.022687,0.129774,-0.034382,0.212695,0.142381,-0.023700,0.003860,0.148608,0.199674,0.266426,0.015939,0.344195,-0.026290,0.033319,0.029769,0.258495,0.041414,-0.013977,-0.045129,0.015893
0.170087,0.116917,0.133089,0.354188,0.230784,0.119596,0.364837,0.021899,0.123857,-0.024663,0.211934,0.142321,-0.014014,0.003049,0.146583,0.200651,0.266361,0.015965,0.345227,-0.026822,0.015899,0.068955,0.260102,0.038239,-0.012816,-0.045077,0.015780
0.178822,0.116795,0.129336,0.362190,0.231720,0.114862,0.374116,0.022921,0.119903,-0.016473,0.210668,0.138770,-0.004547,0.001869,0.143810,0.222126,0.266869,0.015946,0.346366,-0.026712,0.015913,0.099289,0.260142,0.027928,-0.010475,-0.047097,0.015770
0.187593,0.117584,0.124922,0.370559,0.233195,0.110816,0.383349,0.024494,0.117499,-0.008162,0.210675,0.132346,0.004628,0.001973,0.139029,0.255446,0.268728,0.018037,0.347512,-0.026513,0.015963,0.103218,0.259327,0.015811,-0.007322,-0.048263,0.015837
0.196470,0.118538,0.121711,0.379520,0.234057,0.107954,0.392232,0.025377,0.115424,0.000708,0.211698,0.127998,0.013420,0.003019,0.135467,0.291310,0.271209,0.023075,0.348663,-0.026396,0.016075,0.104028,0.259542,0.015849,-0.005433,-0.047978,0.015765
0.205190,0.119076,0.120235,0.388327,0.234550,0.107284,0.400953,0.025866,0.114773,0.009427,0.212286,0.125697,0.022053,0.003601,0.133186,0.322781,0.273430,0.031588,0.349772,-0.026340,0.015941,0.104870,0.259684,0.015943,0.001873,-0.047398,0.015696
0.213883,0.119328,0.120075,0.397037,0.234935,0.108634,0.409733,0.026241,0.115712,0.018034,0.212415,0.124437,0.030730,0.003720,0.131515,0.346622,0.275110,0.040285,0.350856,-0.026289,0.015823,0.105742,0.259632,0.015979,0.013774,-0.046798,0.015740
0.222515,0.119499,0.120694,0.405735,0.235175,0.111159,0.418410,0.026458,0.117574,0.026620,0.212541,0.123815,0.039296,0.003823,0.130230,0.363789,0.276199,0.046603,0.351863,-0.026269,0.015724,0.106681,0.259641,0.015910,0.027010,-0.045995,0.015801
0.231046,0.119583,0.121762,0.414329,0.235301,0.114169,0.426964,0.026559,0.119805,0.035128,0.212607,0.123719,0.047762,0.003865,0.129355,0.377419,0.276916,0.051155,0.352797,-0.026287,0.015810,0.107657,0.259631,0.015741,0.039957,-0.045199,0.016705
0.239503,0.119614,0.123081,0.422822,0.235376,0.117227,0.435438,0.026611,0.121983,0.043568,0.212617,0.124178,0.056183,0.003852,0.128934,0.389597,0.277491,0.054819,0.353673,-0.026293,0.015843,0.108654,0.259621,0.015606,0.051907,-0.044435,0.019916
0.247905,0.119648,0.124475,0.431256,0.235419,0.119954,0.443836,0.026634,0.123867,0.051973,0.212662,0.125082,0.064553,0.003877,0.128996,0.400981,0.277962,0.057403,0.354521,-0.026312,0.015908,0.109669,0.259629,0.015756,0.063473,-0.043691,0.024322
0.256253,0.119797,0.125806,0.439611,0.235590,0.122194,0.452191,0.026794,0.125481,0.060316,0.212799,0.126131,0.072895,0.004004,0.129417,0.412053,0.278468,0.058682,0.355327,-0.026304,0.015953,0.110662,0.259636,0.015915,0.075867,-0.042936,0.028992
0.264682,0.120106,0.126953,0.448051,0.235897,0.123909,0.460616,0.027095,0.126853,0.068748,0.213116,0.127053,0.081313,0.004315,0.129997,0.423239,0.279012,0.058042,0.356139,-0.026292,0.015953,0.111655,0.259668,0.015955,0.090458,-0.042046,0.032570
0.273328,0.120621,0.127807,0.456706,0.236406,0.125072,0.469258,0.027603,0.127970,0.077397,0.213639,0.127644,0.089950,0.004836,0.130541,0.434632,0.279634,0.054386,0.356956,-0.026240,0.015906,0.112667,0.259745,0.015922,0.108747,-0.040911,0.033986
0.282294,0.121460,0.128247,0.465673,0.237244,0.125522,0.478227,0.028448,0.128884,0.086362,0.214472,0.127610,0.098916,0.005676,0.130972,0.445888,0.280312,0.045963,0.357790,-0.026152,0.015800,0.113761,0.259859,0.015917,0.132682,-0.039406,0.033196
0.291648,0.122852,0.128185,0.475025,0.238622,0.124826,0.487582,0.029852,0.129531,0.095714,0.215853,0.126838,0.108270,0.007083,0.131543,0.456009,0.280926,0.031861,0.358640,-0.026010,0.015836,0.114932,0.260052,0.015908,0.164477,-0.037325,0.031914
0.301341,0.125042,0.127436,0.484606,0.240906,0.121894,0.497358,0.032223,0.129211,0.105324,0.217860,0.125662,0.118076,0.009178,0.132978,0.460499,0.281265,0.015498,0.359575,-0.025732,0.015904,0.116217,0.260237,0.015816,0.204370,-0.034624,0.032799
0.310645,0.126770,0.126888,0.493900,0.242524,0.119144,0.506650,0.033922,0.128495,0.114640,0.219618,0.125281,0.127390,0.011016,0.134632,0.461643,0.281501,0.015828,0.360327,-0.025644,0.015999,0.117414,0.260457,0.015724,0.245435,-0.031844,0.034363
0.319666,0.127159,0.126162,0.502955,0.242826,0.117944,0.515627,0.034210,0.127072,0.123705,0.220109,0.125252,0.136377,0.011492,0.134380,0.462745,0.281499,0.015991,0.371255,-0.024998,0.015987,0.118626,0.260589,0.015835,0.271831,-0.030366,0.031321
0.328323,0.126705,0.124081,0.511752,0.242202,0.116627,0.524162,0.033495,0.123846,0.132484,0.219915,0.124317,0.144895,0.011209,0.131536,0.463885,0.281436,0.016111,0.390246,-0.023759,0.015896,0.121830,0.261084,0.015763,0.279763,-0.030280,0.017321
0.336712,0.126205,0.121362,0.520156,0.241720,0.114592,0.532533,0.032963,0.120250,0.140891,0.219448,0.122473,0.153268,0.010691,0.128131,0.464914,0.281318,0.015968,0.418513,-0.022153,0.016590,0.127291,0.261294,0.015695,0.280498,-0.030357,0.015791
0.344958,0.126492,0.119847,0.528357,0.242072,0.112983,0.540809,0.033315,0.118479,0.149108,0.219668,0.121215,0.161559,0.010911,0.126711,0.465996,0.281342,0.015866,0.450723,-0.020129,0.022611,0.135838,0.261646,0.015725,0.281318,-0.030412,0.015788
0.353271,0.127281,0.119992,0.536666,0.242867,0.113138,0.549134,0.034126,0.119150,0.157407,0.220437,0.120834,0.169875,0.011695,0.126846,0.467024,0.281452,0.015738,0.470416,-0.018658,0.031227,0.147270,0.262354,0.015748,0.282178,-0.030344,0.015846
0.361570,0.128269,0.121588,0.544990,0.243838,0.115088,0.557438,0.035120,0.121902,0.165702,0.221418,0.121273,0.178151,0.012700,0.128087,0.467959,0.281557,0.015808,0.482040,-0.017646,0.038772,0.159960,0.263185,0.015736,0.283076,-0.030259,0.015934
0.369849,0.129433,0.124015,0.553270,0.245031,0.118095,0.565740,0.036350,0.125943,0.173959,0.222515,0.122088,0.186428,0.013835,0.129935,0.468817,0.281701,0.015802,0.491275,-0.016713,0.044821,0.172964,0.264018,0.015691,0.284030,-0.030181,0.015990
0.378077,0.130695,0.126632,0.561520,0.246293,0.121439,0.573961,0.037658,0.130458,0.182192,0.223733,0.122806,0.194633,0.015098,0.131826,0.469623,0.281825,0.015934,0.501230,-0.015742,0.049717,0.185913,0.264895,0.015640,0.284985,-0.030096,0.015966
0.386239,0.131981,0.129024,0.569707,0.247574,0.124695,0.582095,0.038988,0.134842,0.190383,0.224974,0.123207,0.202771,0.016388,0.133354,0.470386,0.281972,0.015999,0.513552,-0.014605,0.053884,0.198599,0.265821,0.015804,0.285896,-0.029976,0.015832
0.394363,0.133228,0.131053,0.577856,0.248812,0.127582,0.590172,0.040277,0.138819,0.198555,0.226179,0.123286,0.210871,0.017645,0.134524,0.471122,0.282093,0.016035,0.528505,-0.013331,0.057696,0.210412,0.266799,0.017958,0.286795,-0.029867,0.015744
0.402513,0.134449,0.132772,0.586007,0.250050,0.130087,0.598276,0.041569,0.142330,0.206750,0.227329,0.123215,0.219018,0.018848,0.135458,0.471867,0.282242,0.016025,0.545686,-0.011891,0.061300,0.221582,0.267880,0.022263,0.287701,-0.029758,0.015566
0.410762,0.135601,0.134443,0.594255,0.251219,0.132437,0.606474,0.042790,0.145580,0.215050,0.228412,0.123306,0.227269,0.019983,0.136449,0.472606,0.282360,0.015948,0.564512,-0.010383,0.064792,0.233079,0.269062,0.027751,0.288601,-0.029651,0.015728
0.419221,0.136673,0.136262,0.602700,0.252322,0.134811,0.614891,0.043940,0.148704,0.223550,0.229406,0.123820,0.235742,0.021024,0.137713,0.473347,0.282449,0.015820,0.584132,-0.008903,0.067493,0.245978,0.270309,0.033269,0.289511,-0.029589,0.015768
0.427903,0.137581,0.137952,0.611376,0.253245,0.136976,0.623534,0.044890,0.151302,0.232272,0.230272,0.124602,0.244431,0.021917,0.138928,0.474116,0.282539,0.015817,0.603818,-0.007605,0.068249,0.261829,0.271637,0.037425,0.290449,-0.029496,0.015826
0.436770,0.138027,0.138980,0.620204,0.253755,0.138476,0.632408,0.045388,0.152584,0.241133,0.230666,0.125376,0.253337,0.022299,0.139485,0.474907,0.282582,0.015981,0.622345,-0.006732,0.065458,0.282854,0.272867,0.038624,0.291397,-0.029465,0.015989
0.445807,0.137920,0.138737,0.629211,0.253695,0.138476,0.641487,0.045270,0.151630,0.250126,0.230571,0.125845,0.262402,0.022146,0.138999,0.475742,0.282547,0.016023,0.638025,-0.006580,0.056137,0.311986,0.274227,0.037010,0.292394,-0.029468,0.016017
0.455029,0.137291,0.136639,0.638329,0.253232,0.136159,0.650866,0.044721,0.147583,0.259192,0.229861,0.125696,0.271730,0.021350,0.137119,0.476598,0.282526,0.016031,0.647748,-0.007200,0.035647,0.349472,0.275987,0.036207,0.293532,-0.029574,0.016014
0.464006,0.136471,0.132534,0.647094,0.252737,0.131066,0.660108,0.044154,0.140463,0.267905,0.228788,0.124604,0.280918,0.020205,0.134001,0.477498,0.282556,0.015989,0.646472,-0.007893,0.015905,0.387640,0.277813,0.035154,0.294720,-0.029837,0.015953
0.472416,0.136463,0.127787,0.655010,0.253486,0.125293,0.668929,0.044991,0.135317,0.275903,0.227936,0.120256,0.289822,0.019440,0.130281,0.505995,0.283887,0.015995,0.647338,-0.007797,0.015868,0.406233,0.277397,0.019538,0.295918,-0.031264,0.015730
0.481253,0.137119,0.123534,0.663857,0.254117,0.120607,0.677766,0.045631,0.130849,0.284739,0.228608,0.116218,0.298649,0.020122,0.126460,0.542116,0.286544,0.017690,0.648084,-0.007600,0.015934,0.406999,0.277443,0.015921,0.297254,-0.031014,0.015778
0.490163,0.137665,0.121429,0.672794,0.254598,0.117718,0.686672,0.046115,0.128053,0.293654,0.229215,0.114806,0.307532,0.020732,0.125141,0.579702,0.289338,0.023534,0.649046,-0.007546,0.016095,0.407812,0.277513,0.015803,0.298852,-0.030877,0.015711
0.499066,0.138100,0.120769,0.681717,0.255000,0.117033,0.695563,0.046504,0.127146,0.302570,0.229695,0.114392,0.316415,0.021199,0.124506,0.611215,0.291814,0.032334,0.650109,-0.007507,0.016038,0.408690,0.277564,0.015825,0.303731,-0.030527,0.015650
0.507854,0.138325,0.120881,0.690547,0.255182,0.117888,0.704312,0.046647,0.127286,0.311397,0.230002,0.114475,0.325162,0.021467,0.123874,0.634926,0.293619,0.040521,0.651141,-0.007475,0.015948,0.409621,0.277640,0.015944,0.312580,-0.029834,0.015685
0.516496,0.138390,0.121514,0.699242,0.255186,0.119601,0.712898,0.046602,0.128026,0.320094,0.230177,0.115002,0.333749,0.021594,0.123427,0.652471,0.294756,0.046532,0.652138,-0.007493,0.015823,0.410626,0.277689,0.015990,0.323159,-0.029034,0.015740
0.524995,0.138332,0.122464,0.707778,0.255085,0.121863,0.721348,0.046453,0.129161,0.328642,0.230212,0.115768,0.342212,0.021580,0.123066,0.666468,0.295483,0.050721,0.653088,-0.007529,0.015726,0.411625,0.277692,0.015970,0.334736,-0.028232,0.015799
0.533342,0.138233,0.123596,0.716148,0.254950,0.124416,0.729650,0.046276,0.130549,0.337035,0.230190,0.116642,0.350537,0.021517,0.122775,0.678683,0.296019,0.053947,0.653985,-0.007557,0.015809,0.412640,0.277686,0.015879,0.346538,-0.027424,0.016711
0.541583,0.138092,0.124818,0.724408,0.254761,0.126961,0.737846,0.046052,0.131928,0.345320,0.230132,0.117707,0.358758,0.021423,0.122675,0.690236,0.296446,0.056742,0.654834,-0.007613,0.015844,0.413668,0.277661,0.015680,0.358008,-0.026638,0.019517
0.549767,0.137978,0.126037,0.732602,0.254607,0.129247,0.746003,0.045872,0.133067,0.353532,0.230083,0.119006,0.366933,0.021348,0.122827,0.701351,0.296861,0.058708,0.655647,-0.007625,0.015898,0.414689,0.277669,0.015679,0.369624,-0.025852,0.023332
0.557944,0.137951,0.127159,0.740775,0.254562,0.131129,0.754170,0.045812,0.134030,0.361719,0.230090,0.120288,0.375113,0.021339,0.123189,0.712342,0.297290,0.059493,0.656435,-0.007648,0.015953,0.415695,0.277650,0.015835,0.382319,-0.025077,0.027411
0.566203,0.138115,0.128125,0.749039,0.254701,0.132595,0.762417,0.045941,0.134854,0.369989,0.230289,0.121397,0.383367,0.021529,0.123655,0.723473,0.297805,0.058389,0.657234,-0.007632,0.015948,0.416712,0.277688,0.015950,0.397019,-0.024148,0.030659
0.574682,0.138512,0.128840,0.757528,0.255072,0.133567,0.770882,0.046308,0.135578,0.378483,0.230715,0.122101,0.391836,0.021952,0.124112,0.734789,0.298397,0.054185,0.658036,-0.007608,0.015906,0.417734,0.277748,0.015956,0.415118,-0.022991,0.032028
0.583488,0.139252,0.129224,0.766339,0.255804,0.133909,0.779676,0.047042,0.136198,0.387299,0.231461,0.122251,0.400636,0.022699,0.124540,0.746162,0.299093,0.045738,0.658844,-0.007543,0.015804,0.418767,0.277850,0.015882,0.438613,-0.021440,0.031484
0.592724,0.140572,0.129213,0.775601,0.257111,0.133152,0.788897,0.048363,0.136614,0.396551,0.232780,0.121812,0.409847,0.024032,0.125273,0.756522,0.299778,0.032640,0.659684,-0.007418,0.015850,0.419963,0.278064,0.015920,0.469407,-0.019288,0.030893
0.602412,0.142666,0.128648,0.785307,0.259232,0.130316,0.798619,0.050539,0.136170,0.406205,0.234793,0.121127,0.419517,0.026099,0.126980,0.762254,0.300098,0.015362,0.660566,-0.007201,0.015908,0.421234,0.278359,0.015833,0.507411,-0.016497,0.032779
0.611801,0.144539,0.128084,0.794723,0.261072,0.127096,0.808044,0.052452,0.135150,0.415559,0.236626,0.121018,0.428880,0.028006,0.129072,0.763314,0.300346,0.015810,0.661382,-0.007090,0.015978,0.422494,0.278583,0.015783,0.547129,-0.013594,0.036468
0.620873,0.145214,0.127446,0.803854,0.261639,0.125288,0.817100,0.053021,0.133516,0.424647,0.237407,0.121375,0.437893,0.028789,0.129603,0.764349,0.300397,0.015982,0.671830,-0.006415,0.015975,0.423719,0.278763,0.015833,0.574773,-0.011825,0.035066
0.629599,0.145054,0.125469,0.812715,0.261263,0.123242,0.825733,0.052581,0.130102,0.433465,0.237526,0.120837,0.446482,0.028844,0.127696,0.765434,0.300355,0.016082,0.689954,-0.005206,0.015882,0.426628,0.279210,0.015794,0.584462,-0.011581,0.022127
0.638196,0.144539,0.122246,0.821403,0.260617,0.120801,0.834261,0.051872,0.125774,0.442131,0.237206,0.118719,0.454989,0.028461,0.123692,0.766542,0.300290,0.016007,0.717127,-0.003504,0.016146,0.432312,0.279696,0.015684,0.585947,-0.011591,0.015859
0.646619,0.144672,0.119874,0.829774,0.260833,0.118383,0.842730,0.052082,0.122850,0.450508,0.237262,0.116899,0.463464,0.028512,0.121365,0.767602,0.300329,0.015875,0.751241,-0.001317,0.021297,0.440659,0.280034,0.015713,0.586727,-0.011646,0.015748
0.654990,0.145454,0.119354,0.838179,0.261555,0.117425,0.851075,0.052811,0.122352,0.458905,0.238098,0.116356,0.471802,0.029354,0.121283,0.768652,0.300408,0.015724,0.773732,0.000307,0.030157,0.451688,0.280826,0.015736,0.587498,-0.011537,0.015814
0.663311,0.146530,0.120593,0.846536,0.262572,0.118527,0.859364,0.053847,0.124359,0.467258,0.239213,0.116827,0.480086,0.030489,0.122658,0.769615,0.300528,0.015806,0.786589,0.001419,0.038381,0.464190,0.281754,0.015714,0.588352,-0.011394,0.015867
0.671593,0.147770,0.122907,0.854766,0.263896,0.121033,0.867674,0.055213,0.128061,0.475512,0.240327,0.117752,0.488420,0.031644,0.124781,0.770485,0.300702,0.015818,0.795806,0.002404,0.044905,0.476962,0.282540,0.015646,0.589277,-0.011345,0.015970
0.679799,0.149082,0.125602,0.862941,0.265263,0.124110,0.875878,0.056631,0.132462,0.483721,0.241534,0.118742,0.496657,0.032901,0.127094,0.771286,0.300822,0.015914,0.804971,0.003365,0.050134,0.489473,0.283335,0.015602,0.590279,-0.011315,0.015985
0.687922,0.150421,0.128191,0.871104,0.266544,0.127309,0.883923,0.057955,0.136843,0.491921,0.242887,0.119540,0.504739,0.034298,0.129073,0.772057,0.300953,0.015990,0.815985,0.004428,0.054373,0.501610,0.284325,0.015822,0.591191,-0.011144,0.015929
0.695981,0.151741,0.130456,0.879160,0.267872,0.130205,0.891924,0.059335,0.140887,0.500038,0.244147,0.120025,0.512802,0.035610,0.130706,0.772790,0.301108,0.016021,0.829741,0.005693,0.058073,0.513105,0.285276,0.017228,0.592092,-0.011019,0.015781
0.704056,0.152966,0.132395,0.887220,0.269120,0.132809,0.899938,0.060634,0.144493,0.508174,0.245297,0.120298,0.520892,0.036811,0.131981,0.773526,0.301246,0.016017,0.846047,0.007093,0.061547,0.523939,0.286296,0.020935,0.593015,-0.010914,0.015651
0.712231,0.154125,0.134191,0.895385,0.270291,0.135224,0.908043,0.061852,0.147770,0.516419,0.246399,0.120613,0.529076,0.037959,0.133159,0.774264,0.301374,0.015969,0.864099,0.008570,0.064743,0.534980,0.287449,0.026031,0.593932,-0.010789,0.015682
0.720573,0.155197,0.136059,0.903692,0.271414,0.137578,0.916344,0.063018,0.150826,0.524803,0.247377,0.121292,0.537455,0.038980,0.134541,0.774996,0.301486,0.015826,0.883580,0.010115,0.067643,0.547185,0.288656,0.031552,0.594854,-0.010711,0.015774
0.729140,0.156155,0.137853,0.912241,0.272395,0.139724,0.924871,0.064029,0.153458,0.533410,0.248280,0.122248,0.546040,0.039914,0.135983,0.775757,0.301583,0.015756,0.903473,0.011530,0.068947,0.561976,0.289969,0.036151,0.595803,-0.010622,0.015814
0.737891,0.156727,0.139076,0.920965,0.273004,0.141283,0.933615,0.064636,0.154971,0.542168,0.248818,0.123180,0.554818,0.040450,0.136868,0.776540,0.301633,0.015940,0.922338,0.012535,0.066916,0.581482,0.291240,0.037990,0.596741,-0.010581,0.015934
0.746842,0.156708,0.139167,0.929889,0.273022,0.141608,0.942608,0.064606,0.154468,0.551077,0.248810,0.123867,0.563796,0.040393,0.136727,0.777365,0.301585,0.016011,0.938785,0.012876,0.059246,0.608341,0.292565,0.036988,0.597733,-0.010606,0.015992
0.756000,0.156174,0.137542,0.939013,0.272544,0.139840,0.951879,0.064046,0.151133,0.560120,0.248302,0.123952,0.572987,0.039803,0.135244,0.778228,0.301519,0.016031,0.950275,0.012411,0.041582,0.644151,0.294319,0.035853,0.598873,-0.010660,0.016019
0.765139,0.155190,0.133712,0.948008,0.271802,0.134932,0.961301,0.063214,0.143824,0.568977,0.247165,0.123599,0.582269,0.038577,0.132491,0.779310,0.301565,0.015997,0.949506,0.011412,0.015574,0.682886,0.296265,0.035825,0.600058,-0.010844,0.015875
0.773755,0.154675,0.128742,0.956111,0.272095,0.128548,0.970394,0.063569,0.137355,0.577116,0.245780,0.120129,0.591400,0.037254,0.128937,0.807109,0.302731,0.015980,0.950249,0.011461,0.015858,0.705282,0.296101,0.024143,0.601299,-0.012446,0.015747
0.782720,0.155136,0.123842,0.964881,0.272856,0.123265,0.979511,0.064378,0.132634,0.585928,0.245894,0.115050,0.600558,0.037416,0.124419,0.842409,0.305128,0.017767,0.951187,0.011538,0.015924,0.707930,0.295608,0.015919,0.602748,-0.012919,0.015789
0.791792,0.155739,0.121095,0.973979,0.273413,0.119754,0.988590,0.064943,0.129320,0.594994,0.246535,0.112871,0.609604,0.038065,0.122437,0.879811,0.307987,0.023102,0.952171,0.011585,0.016072,0.708705,0.295660,0.015808,0.603987,-0.012830,0.015814
0.800737,0.156208,0.120219,0.982949,0.273840,0.118505,0.997535,0.065358,0.127830,0.603939,0.247058,0.112607,0.618526,0.038576,0.121933,0.911776,0.310588,0.031785,0.953234,0.011651,0.016045,0.709582,0.295727,0.015813,0.607876,-0.012529,0.015663
0.809550,0.156441,0.120365,0.991771,0.274065,0.119135,1.006338,0.065552,0.127777,0.612763,0.247330,0.112953,0.627330,0.038817,0.121596,0.936417,0.312540,0.040553,0.954262,0.011679,0.015956,0.710547,0.295740,0.015928,0.616289,-0.011944,0.015691
0.818212,0.156532,0.121141,1.000443,0.274144,0.120845,1.014976,0.065592,0.128542,0.621447,0.247473,0.113741,0.635980,0.038920,0.121438,0.954679,0.313829,0.047219,0.955272,0.011681,0.015836,0.711529,0.295733,0.015976,0.626904,-0.011204,0.015749
0.826720,0.156521,0.122248,1.008981,0.274085,0.123157,1.023438,0.065490,0.129759,0.630002,0.247552,0.114736,0.644459,0.038957,0.121338,0.968918,0.314630,0.051737,0.956223,0.011640,0.015711,0.712538,0.295728,0.015962,0.638449,-0.010382,0.015808
0.835073,0.156475,0.123495,1.017349,0.273999,0.125741,1.031748,0.065366,0.131202,0.638399,0.247584,0.115787,0.652798,0.038951,0.121248,0.981172,0.315225,0.055033,0.957120,0.011621,0.015812,0.713553,0.295729,0.015872,0.650309,-0.009534,0.016586
0.843319,0.156395,0.124805,1.025604,0.273873,0.128285,1.039954,0.065211,0.132623,0.646683,0.247579,0.116987,0.661034,0.038917,0.121325,0.992664,0.315709,0.057772,0.957975,0.011578,0.015856,0.714577,0.295709,0.015670,0.661835,-0.008718,0.019207
0.851516,0.156338,0.126079,1.033814,0.273763,0.130547,1.048120,0.065078,0.133813,0.654912,0.247597,0.118345,0.669218,0.038912,0.121611,1.003721,0.316153,0.059645,0.958797,0.011547,0.015887,0.715602,0.295713,0.015693,0.673499,-0.007902,0.022858
0.859695,0.156364,0.127242,1.042003,0.273745,0.132429,1.056279,0.065046,0.134790,0.663112,0.247683,0.119695,0.677388,0.038984,0.122056,1.014678,0.316618,0.060235,0.959598,0.011528,0.015936,0.716623,0.295728,0.015842,0.686214,-0.007050,0.026725
0.867949,0.156574,0.128225,1.050256,0.273935,0.133876,1.064527,0.065229,0.135622,0.671372,0.247919,0.120829,0.685643,0.039214,0.122575,1.025779,0.317191,0.058917,0.960395,0.011550,0.015945,0.717635,0.295762,0.015953,0.700963,-0.006072,0.029873
0.876394,0.157021,0.128925,1.058724,0.274335,0.134790,1.072947,0.065625,0.136329,0.679841,0.248416,0.121521,0.694065,0.039706,0.123060,1.036965,0.317816,0.054430,0.961194,0.011564,0.015909,0.718653,0.295840,0.015962,0.719139,-0.004819,0.031190
0.885180,0.157818,0.129294,1.067525,0.275113,0.135058,1.081716,0.066403,0.136907,0.688643,0.249233,0.121682,0.702834,0.040523,0.123530,1.048220,0.318566,0.045783,0.962011,0.011635,0.015808,0.719773,0.295969,0.015872,0.742806,-0.003138,0.030687
0.894386,0.159199,0.129277,1.076762,0.276485,0.134213,1.090909,0.067786,0.137260,0.697864,0.250612,0.121294,0.712011,0.041913,0.124341,1.058308,0.319310,0.032625,0.962855,0.011773,0.015840,0.720970,0.296199,0.015916,0.773629,-0.000841,0.030393
0.904022,0.161346,0.128706,1.086443,0.278639,0.131225,1.100569,0.069989,0.136729,0.707475,0.252703,0.120682,0.721602,0.044054,0.126187,1.063464,0.319597,0.015375,0.963707,0.011966,0.015902,0.722233,0.296506,0.015814,0.811443,0.002097,0.032578
0.913383,0.163254,0.128115,1.095840,0.280516,0.127898,1.109968,0.071936,0.135613,0.716797,0.254572,0.120617,0.730925,0.045992,0.128332,1.064512,0.319833,0.015817,0.964534,0.012075,0.015966,0.723497,0.296734,0.015783,0.850377,0.005092,0.036233
0.922436,0.163952,0.127405,1.104956,0.281108,0.125956,1.119011,0.072530,0.133846,0.725861,0.255374,0.120965,0.739916,0.046796,0.128855,1.065539,0.319877,0.015982,0.975225,0.012796,0.015963,0.724714,0.296905,0.015848,0.877088,0.006878,0.034345
0.931164,0.163811,0.125372,1.113818,0.280757,0.123836,1.127655,0.072115,0.130319,0.734673,0.255506,0.120424,0.748510,0.046865,0.126907,1.066620,0.319850,0.016083,0.993076,0.014063,0.015885,0.727613,0.297359,0.015813,0.886282,0.007137,0.020938
0.939713,0.163403,0.122309,1.122396,0.280308,0.121198,1.136189,0.071619,0.126013,0.743236,0.255187,0.118606,0.757029,0.046497,0.123421,1.067694,0.319827,0.016023,1.020132,0.015854,0.016250,0.733086,0.297702,0.015692,0.887117,0.007052,0.015844
