0.011765,-0.007103,0.353620,0.202753,0.095616,0.349949,0.200714,-0.113568,0.351529,-0.177185,0.099363,0.355711,-0.179224,-0.109822,0.357290,0.223345,0.139654,0.189129,0.190454,-0.160250,0.175709,-0.188617,0.143649,0.186470,-0.169362,-0.156682,0.183748
0.018284,-0.010773,0.351697,0.209563,0.091328,0.346328,0.206857,-0.117850,0.347709,-0.170289,0.096305,0.355685,-0.172996,-0.112873,0.357065,0.219271,0.135389,0.154262,0.174556,-0.164098,0.164270,-0.207593,0.140967,0.162484,-0.176979,-0.159706,0.140413
0.024139,-0.014244,0.345223,0.215766,0.087027,0.337181,0.212220,-0.122125,0.339868,-0.163941,0.093637,0.350578,-0.167487,-0.115516,0.353265,0.193620,0.130024,0.116174,0.171433,-0.169345,0.149089,-0.189183,0.136375,0.105344,-0.178965,-0.164056,0.098382
0.028339,-0.017357,0.334086,0.220046,0.083481,0.323070,0.216235,-0.125589,0.329368,-0.159556,0.090876,0.338804,-0.163367,-0.118195,0.345101,0.164730,0.122715,0.082284,0.194351,-0.176572,0.133374,-0.142951,0.127782,0.064269,-0.191270,-0.171415,0.071165
0.031910,-0.020401,0.318347,0.223564,0.080333,0.305600,0.219868,-0.128593,0.315634,-0.156048,0.087791,0.321061,-0.159744,-0.121135,0.331095,0.140631,0.115009,0.049471,0.224107,-0.183668,0.118023,-0.103201,0.118965,0.042029,-0.214529,-0.179083,0.051930
0.035599,-0.023598,0.298094,0.227321,0.076952,0.284917,0.223550,-0.131834,0.297531,-0.152353,0.084638,0.298657,-0.156123,-0.124147,0.311272,0.125395,0.108257,0.018851,0.242625,-0.189851,0.096724,-0.084532,0.112324,0.023419,-0.235926,-0.184926,0.035207
0.040253,-0.028595,0.278918,0.232261,0.071806,0.269246,0.228030,-0.137135,0.278745,-0.147524,0.079945,0.279090,-0.151756,-0.128996,0.288589,0.125064,0.107963,0.015841,0.250761,-0.192634,0.069069,-0.078891,0.112092,0.015818,-0.240694,-0.185110,0.015653
0.048294,-0.032654,0.266753,0.240050,0.067822,0.253506,0.235942,-0.141227,0.260314,-0.139354,0.075919,0.273192,-0.143462,-0.133130,0.280000,0.124867,0.107827,0.015783,0.250047,-0.194285,0.036226,-0.074893,0.112110,0.026772,-0.239659,-0.185329,0.015726
0.059303,-0.035484,0.256771,0.250405,0.064999,0.236165,0.246376,-0.144105,0.241072,-0.127770,0.073136,0.272469,-0.131798,-0.135967,0.277376,0.125008,0.107714,0.015815,0.245955,-0.194858,0.015651,-0.034402,0.111313,0.038281,-0.239204,-0.185509,0.015741
0.071110,-0.037498,0.247083,0.261724,0.063052,0.222652,0.257703,-0.146078,0.226242,-0.115484,0.071081,0.267925,-0.119505,-0.138049,0.271514,0.125592,0.107586,0.015899,0.245665,-0.194921,0.016011,0.017901,0.110308,0.053885,-0.238343,-0.185617,0.015902
0.083523,-0.039413,0.236463,0.273830,0.061262,0.210215,0.269800,-0.147887,0.212473,-0.102754,0.069060,0.260453,-0.106784,-0.140089,0.262710,0.126388,0.107467,0.015965,0.245827,-0.195007,0.016020,0.049050,0.109479,0.064278,-0.237205,-0.185701,0.015929
0.095982,-0.041412,0.224443,0.286064,0.059307,0.196777,0.281873,-0.149849,0.197478,-0.089909,0.067025,0.251408,-0.094101,-0.142132,0.252109,0.127267,0.107343,0.015978,0.246143,-0.195201,0.015938,0.061723,0.108805,0.060125,-0.234855,-0.185562,0.016025
0.107723,-0.042908,0.210598,0.297711,0.057762,0.182115,0.293251,-0.151389,0.181400,-0.077804,0.065574,0.239796,-0.082265,-0.143577,0.239081,0.130049,0.107367,0.015941,0.246620,-0.195290,0.015950,0.062195,0.108715,0.044779,-0.221487,-0.185319,0.019678
0.118454,-0.043434,0.194515,0.308620,0.057216,0.167176,0.304078,-0.151931,0.165999,-0.067170,0.065063,0.223031,-0.071712,-0.144085,0.221855,0.136133,0.107255,0.019387,0.247304,-0.195315,0.015881,0.054070,0.109030,0.020614,-0.187319,-0.185947,0.028334
0.128296,-0.043671,0.177337,0.319060,0.057041,0.154812,0.314612,-0.152108,0.153485,-0.058020,0.064766,0.201189,-0.062468,-0.144382,0.199862,0.151806,0.106898,0.022634,0.248227,-0.195284,0.015801,0.055220,0.108995,0.015895,-0.136516,-0.187237,0.037332
0.138599,-0.044357,0.161811,0.330294,0.056355,0.149500,0.325891,-0.152789,0.147470,-0.048692,0.064074,0.176151,-0.053095,-0.145069,0.174121,0.179392,0.106183,0.026997,0.249333,-0.195363,0.015977,0.056331,0.108881,0.015956,-0.081705,-0.188669,0.044266
0.150719,-0.045029,0.149214,0.342856,0.055512,0.153193,0.338461,-0.153623,0.150355,-0.037024,0.063565,0.148073,-0.041419,-0.145569,0.145235,0.217302,0.105303,0.028817,0.250581,-0.195416,0.015953,0.057394,0.108839,0.015909,-0.035172,-0.189822,0.046313
0.164616,-0.045647,0.141391,0.355548,0.054628,0.164433,0.351193,-0.154497,0.160929,-0.021962,0.063203,0.121853,-0.026317,-0.145922,0.118349,0.265559,0.104233,0.029270,0.251722,-0.195461,0.015867,0.058554,0.108770,0.015771,0.000870,-0.190666,0.041479
0.178940,-0.046295,0.139953,0.367043,0.053676,0.180748,0.362727,-0.155441,0.176703,-0.004848,0.062850,0.103203,-0.009163,-0.146266,0.099158,0.318201,0.102971,0.035001,0.252817,-0.195530,0.015865,0.060054,0.108673,0.015640,0.033337,-0.191300,0.031359
0.192669,-0.047112,0.144388,0.377452,0.052520,0.198885,0.373165,-0.156583,0.194169,0.012173,0.062360,0.094606,0.007886,-0.146743,0.089891,0.363182,0.101775,0.044054,0.253911,-0.195588,0.015832,0.062034,0.108584,0.015894,0.063451,-0.191822,0.022008
0.205856,-0.048080,0.152503,0.388103,0.051160,0.215578,0.383769,-0.157924,0.210144,0.027943,0.061763,0.094863,0.023609,-0.147321,0.089429,0.392644,0.100950,0.045957,0.255107,-0.195683,0.015877,0.064299,0.108536,0.015924,0.080450,-0.192066,0.015996
0.219219,-0.048653,0.162154,0.400698,0.050387,0.227712,0.396185,-0.158694,0.222281,0.042253,0.061389,0.102028,0.037741,-0.147692,0.096596,0.405324,0.100749,0.035771,0.256350,-0.195794,0.016032,0.066530,0.108580,0.015808,0.082766,-0.192049,0.016087
0.233185,-0.048065,0.171161,0.415762,0.050787,0.233890,0.410167,-0.158317,0.230852,0.056203,0.062186,0.111469,0.050607,-0.146917,0.108432,0.401739,0.099799,0.015893,0.266448,-0.196822,0.016086,0.068502,0.108717,0.015847,0.084645,-0.191957,0.016031
0.247028,-0.047150,0.179806,0.429874,0.052224,0.240909,0.424311,-0.156897,0.239535,0.069746,0.062598,0.120077,0.064183,-0.146524,0.118702,0.403096,0.099883,0.015825,0.291981,-0.197379,0.016653,0.067601,0.108699,0.032302,0.086490,-0.191908,0.015878
0.260395,-0.046669,0.188793,0.443010,0.053009,0.250089,0.437466,-0.156117,0.249686,0.083324,0.062779,0.127899,0.077780,-0.146347,0.127496,0.404533,0.099946,0.015846,0.327255,-0.198219,0.020224,0.073556,0.108647,0.053972,0.088042,-0.191870,0.015785
0.273453,-0.046440,0.198400,0.455802,0.053428,0.260178,0.450254,-0.155699,0.260408,0.096651,0.062818,0.136392,0.091104,-0.146308,0.136622,0.405997,0.099946,0.015911,0.362798,-0.199103,0.025906,0.084797,0.108529,0.072911,0.089253,-0.191858,0.015853
0.286369,-0.046303,0.208754,0.468621,0.053707,0.270587,0.463076,-0.155418,0.271284,0.109663,0.062812,0.146224,0.104117,-0.146313,0.146921,0.407497,0.099946,0.015912,0.401813,-0.200056,0.032125,0.098240,0.108386,0.087600,0.090065,-0.191843,0.015891
0.299377,-0.046234,0.219311,0.481823,0.053868,0.280419,0.476273,-0.155256,0.281465,0.122481,0.062788,0.157156,0.116932,-0.146336,0.158202,0.409077,0.099942,0.015920,0.445017,-0.201106,0.038988,0.112438,0.108221,0.097144,0.090563,-0.191815,0.015902
0.312618,-0.046089,0.229069,0.495801,0.054097,0.287788,0.490247,-0.155024,0.289257,0.134990,0.062846,0.168881,0.129436,-0.146276,0.170350,0.410693,0.099915,0.015849,0.490756,-0.202209,0.046540,0.127313,0.108023,0.098547,0.090743,-0.191800,0.015894
0.326241,-0.045769,0.237289,0.510739,0.054489,0.291601,0.505177,-0.154627,0.293616,0.147304,0.063090,0.180962,0.141742,-0.146027,0.182976,0.412223,0.099923,0.015959,0.536011,-0.203215,0.054896,0.146460,0.107687,0.088230,0.090660,-0.191746,0.015887
0.340343,-0.045303,0.243423,0.526583,0.055033,0.291264,0.521055,-0.154077,0.293947,0.159632,0.063470,0.192899,0.154104,-0.145640,0.195582,0.413628,0.099956,0.015953,0.574686,-0.203956,0.060749,0.177564,0.106856,0.067458,0.090433,-0.191732,0.015894
0.354919,-0.044701,0.246748,0.543077,0.055678,0.286272,0.537615,-0.153423,0.289680,0.172224,0.064021,0.203816,0.166762,-0.145079,0.207224,0.414624,0.100099,0.015934,0.601365,-0.204315,0.059280,0.226794,0.105492,0.045828,0.090097,-0.191667,0.015872
0.369949,-0.044167,0.247138,0.559797,0.056249,0.277400,0.554496,-0.152845,0.281380,0.185402,0.064512,0.212897,0.180102,-0.144583,0.216876,0.417340,0.100357,0.015898,0.614719,-0.204245,0.050159,0.283847,0.104144,0.037103,0.089797,-0.191592,0.015848
0.385498,-0.044022,0.244739,0.576719,0.056301,0.265009,0.571523,-0.152789,0.269350,0.199474,0.064746,0.220128,0.194277,-0.144345,0.224469,0.421565,0.100459,0.015854,0.616782,-0.204234,0.035899,0.331582,0.103180,0.039228,0.089716,-0.191553,0.015768
0.401188,-0.044464,0.239318,0.593362,0.055620,0.248988,0.588173,-0.153471,0.253287,0.214203,0.064543,0.225349,0.209014,-0.144548,0.229648,0.426169,0.100449,0.015825,0.611307,-0.204342,0.018689,0.365074,0.102509,0.042264,0.090949,-0.191488,0.015818
0.416397,-0.045029,0.231484,0.608953,0.054787,0.231816,0.603692,-0.154306,0.235975,0.229102,0.064248,0.226992,0.223841,-0.144844,0.231151,0.428955,0.100491,0.015730,0.611198,-0.204344,0.015989,0.387309,0.102046,0.041258,0.097383,-0.191420,0.015802
0.430878,-0.045258,0.221814,0.623398,0.054415,0.215298,0.618135,-0.154671,0.219734,0.243620,0.064156,0.223893,0.238357,-0.144930,0.228329,0.436158,0.100370,0.015764,0.611191,-0.204293,0.016003,0.399121,0.101642,0.031816,0.111511,-0.191640,0.019614
0.444881,-0.045074,0.209483,0.637292,0.054456,0.198857,0.632000,-0.154612,0.204079,0.257763,0.064463,0.214888,0.252470,-0.144605,0.220110,0.449554,0.100113,0.015744,0.611427,-0.204268,0.016007,0.399864,0.101375,0.015906,0.135211,-0.191785,0.033180
0.458385,-0.044922,0.195434,0.650807,0.054532,0.184291,0.645484,-0.154512,0.190388,0.271287,0.064668,0.200479,0.265964,-0.144375,0.206577,0.465640,0.099986,0.021629,0.611978,-0.204228,0.016059,0.401349,0.101453,0.015809,0.173977,-0.192077,0.050248
0.471889,-0.045105,0.181707,0.664384,0.054540,0.174105,0.659178,-0.154483,0.180944,0.284601,0.064273,0.182470,0.279395,-0.144750,0.189309,0.488564,0.099717,0.030742,0.612841,-0.204211,0.016101,0.402716,0.101367,0.015822,0.221957,-0.193046,0.059773
0.485950,-0.045746,0.169303,0.678488,0.054101,0.170289,0.673195,-0.154918,0.177188,0.298706,0.063426,0.161418,0.293413,-0.145593,0.168317,0.519800,0.099253,0.038317,0.614003,-0.204232,0.015902,0.404036,0.101445,0.015915,0.268914,-0.193888,0.064517
0.500942,-0.046776,0.159235,0.692811,0.053447,0.172762,0.687492,-0.155584,0.179265,0.314393,0.062032,0.139205,0.309074,-0.146999,0.145709,0.560235,0.098181,0.040131,0.615358,-0.204322,0.015758,0.405395,0.101369,0.015977,0.308838,-0.194998,0.064770
0.516632,-0.047729,0.152992,0.706706,0.052888,0.181083,0.701355,-0.156157,0.187080,0.331909,0.060698,0.118904,0.326558,-0.148347,0.124901,0.610801,0.096751,0.039016,0.616723,-0.204387,0.015844,0.406892,0.101303,0.015746,0.342632,-0.196155,0.058246
0.532242,-0.048439,0.151792,0.719574,0.052561,0.193586,0.714224,-0.156495,0.199202,0.350260,0.059617,0.104383,0.344910,-0.149439,0.109999,0.665527,0.095351,0.041884,0.618056,-0.204437,0.015960,0.408716,0.101220,0.015704,0.374632,-0.197371,0.047079
0.547119,-0.048973,0.155236,0.731760,0.052264,0.207199,0.726382,-0.156800,0.212503,0.367857,0.058853,0.097968,0.362479,-0.150210,0.103273,0.712595,0.094171,0.046964,0.619395,-0.204513,0.015991,0.410942,0.101144,0.015940,0.406206,-0.198524,0.035887
0.561497,-0.049545,0.161562,0.744481,0.051685,0.219098,0.739047,-0.157389,0.223906,0.383947,0.058298,0.099217,0.378513,-0.150776,0.104026,0.745443,0.093136,0.045099,0.620782,-0.204578,0.015850,0.413364,0.101095,0.015921,0.430986,-0.199396,0.026673
0.576214,-0.050179,0.168352,0.758815,0.050900,0.227352,0.753306,-0.158182,0.231714,0.399122,0.057825,0.104990,0.393612,-0.151257,0.109352,0.763144,0.092232,0.034208,0.622252,-0.204708,0.015861,0.415691,0.101004,0.015847,0.446057,-0.200066,0.015810
0.591442,-0.049881,0.173928,0.775113,0.050902,0.230043,0.769038,-0.158141,0.235416,0.413847,0.058379,0.112440,0.407771,-0.150664,0.117813,0.764016,0.091209,0.016078,0.626916,-0.205120,0.016561,0.417645,0.101270,0.015852,0.447958,-0.199935,0.015915
0.605816,-0.049309,0.179850,0.790170,0.051662,0.233324,0.784093,-0.157351,0.239725,0.427538,0.058734,0.119974,0.421462,-0.150280,0.126375,0.765222,0.091224,0.016046,0.644042,-0.205581,0.017322,0.420234,0.101668,0.029577,0.449674,-0.199972,0.015969
0.619308,-0.049133,0.187767,0.803517,0.051980,0.241473,0.797484,-0.157024,0.248218,0.441133,0.058757,0.127316,0.435100,-0.150247,0.134061,0.766600,0.091255,0.015777,0.679999,-0.206515,0.019241,0.429361,0.102246,0.054698,0.451133,-0.200016,0.015891
0.632698,-0.049171,0.196836,0.816561,0.051991,0.251627,0.810508,-0.157011,0.258444,0.454888,0.058668,0.135228,0.448836,-0.150333,0.142046,0.768082,0.091196,0.015812,0.718385,-0.207439,0.025373,0.443649,0.102629,0.078283,0.452411,-0.200048,0.015800
0.646114,-0.049248,0.206637,0.829669,0.051982,0.262328,0.823656,-0.157021,0.269128,0.468573,0.058525,0.144146,0.462560,-0.150478,0.150946,0.769593,0.091186,0.015924,0.758019,-0.208329,0.032349,0.458937,0.102681,0.094534,0.453388,-0.200105,0.015766
0.659641,-0.049332,0.216757,0.843123,0.051931,0.272627,0.837151,-0.157074,0.279391,0.482132,0.058411,0.154123,0.476160,-0.150594,0.160887,0.771153,0.091175,0.016003,0.801413,-0.209312,0.039400,0.473651,0.102510,0.103588,0.454084,-0.200151,0.015816
0.673363,-0.049370,0.226367,0.857225,0.051857,0.281039,0.851261,-0.157148,0.287828,0.495465,0.058408,0.164906,0.489501,-0.150597,0.171695,0.772739,0.091148,0.015899,0.847592,-0.210355,0.047071,0.488214,0.102136,0.104203,0.454424,-0.200151,0.015826
0.687416,-0.049294,0.234669,0.872229,0.051848,0.286202,0.866266,-0.157152,0.293153,0.508566,0.058565,0.176185,0.502603,-0.150435,0.183136,0.774348,0.091143,0.015870,0.893717,-0.211329,0.055612,0.505761,0.101394,0.093674,0.454532,-0.200122,0.015823
0.701874,-0.049110,0.241073,0.888145,0.051907,0.287329,0.882195,-0.157081,0.294626,0.521552,0.058860,0.187521,0.515603,-0.150128,0.194818,0.775805,0.091128,0.015982,0.934332,-0.212162,0.062584,0.533730,0.099968,0.071774,0.454420,-0.200131,0.015838
0.716690,-0.048790,0.244898,0.904700,0.052068,0.283902,0.898808,-0.156906,0.291645,0.534572,0.059326,0.198151,0.528680,-0.149648,0.205895,0.777075,0.091238,0.015993,0.963652,-0.212710,0.062890,0.579943,0.097939,0.046850,0.454186,-0.200090,0.015819
0.731846,-0.048409,0.245596,0.921597,0.052231,0.275721,0.915781,-0.156723,0.284026,0.547911,0.059906,0.207165,0.542095,-0.149048,0.215470,0.778484,0.091392,0.015953,0.979661,-0.213125,0.054563,0.638568,0.095990,0.033654,0.453931,-0.200035,0.015787
0.747406,-0.048286,0.243308,0.938630,0.052032,0.263574,0.932887,-0.156908,0.272277,0.561925,0.060335,0.214340,0.556182,-0.148604,0.223043,0.781039,0.091552,0.015880,0.983277,-0.213478,0.039958,0.690420,0.094817,0.034454,0.453848,-0.199934,0.015719
0.763145,-0.048729,0.237978,0.955420,0.051162,0.247652,0.949716,-0.157775,0.256461,0.576575,0.060317,0.219495,0.570871,-0.148620,0.228304,0.783325,0.091592,0.015802,0.977739,-0.213936,0.021925,0.727670,0.094046,0.037976,0.455083,-0.199916,0.016021
0.778572,-0.049591,0.229821,0.971320,0.049854,0.229354,0.965615,-0.159095,0.237887,0.591529,0.059912,0.221754,0.585824,-0.149036,0.230287,0.786284,0.091689,0.015781,0.975206,-0.213921,0.016034,0.751127,0.093532,0.037412,0.461279,-0.199861,0.016738
0.793278,-0.050125,0.220029,0.985927,0.049198,0.212130,0.980427,-0.159739,0.221054,0.606128,0.059489,0.219003,0.600629,-0.149448,0.227927,0.793075,0.091398,0.015847,0.975166,-0.213865,0.016034,0.763256,0.092697,0.027887,0.474131,-0.200335,0.024030
0.807384,-0.050140,0.207904,0.999974,0.048864,0.195712,0.994356,-0.160034,0.205442,0.620413,0.059754,0.210367,0.614795,-0.149144,0.220097,0.807159,0.091183,0.015777,0.975379,-0.213861,0.016056,0.764832,0.092332,0.016004,0.497513,-0.199887,0.040157
0.821041,-0.050232,0.194669,1.013609,0.048706,0.181630,1.007999,-0.160150,0.192222,0.634083,0.059686,0.197116,0.628473,-0.149170,0.207707,0.824547,0.091202,0.021757,0.975903,-0.213746,0.016076,0.766276,0.092469,0.015874,0.535040,-0.199848,0.056604
0.834755,-0.050659,0.181741,1.027379,0.048537,0.171872,1.021896,-0.160283,0.183229,0.647614,0.058964,0.180254,0.642131,-0.149855,0.191611,0.847974,0.091113,0.030891,0.976791,-0.213722,0.016078,0.767585,0.092406,0.015855,0.581211,-0.200639,0.065649
0.849014,-0.051598,0.169892,1.041652,0.048040,0.167875,1.036184,-0.160776,0.179300,0.661844,0.057581,0.160483,0.656376,-0.151235,0.171909,0.878977,0.090751,0.038433,0.977964,-0.213725,0.015918,0.768860,0.092406,0.015978,0.627104,-0.201607,0.069467
0.864101,-0.052841,0.160043,1.056177,0.047429,0.169744,1.050717,-0.161410,0.180750,0.677486,0.055727,0.139337,0.672026,-0.153112,0.150342,0.918704,0.089715,0.040017,0.979344,-0.213772,0.015665,0.770252,0.092332,0.016016,0.667226,-0.202797,0.069078
0.879868,-0.054039,0.153525,1.070379,0.046901,0.177138,1.064893,-0.161967,0.187558,0.694842,0.053889,0.119492,0.689356,-0.154979,0.129912,0.968537,0.088155,0.037963,0.980703,-0.213847,0.015789,0.771700,0.092221,0.015818,0.701435,-0.204170,0.062726
0.895691,-0.054893,0.151669,1.083704,0.046660,0.188802,1.078181,-0.162230,0.198761,0.713201,0.052443,0.104577,0.707677,-0.156447,0.114535,1.023758,0.086645,0.039490,0.982059,-0.213918,0.016000,0.773493,0.092125,0.015627,0.733277,-0.205631,0.051839
0.910816,-0.055389,0.154301,1.096212,0.046665,0.201782,1.090695,-0.162238,0.211471,0.730938,0.051459,0.097132,0.725420,-0.157444,0.106820,1.072541,0.085513,0.044550,0.983402,-0.213983,0.016029,0.775672,0.092023,0.015869,0.765171,-0.207099,0.040181
0.925423,-0.055885,0.159908,1.109145,0.046383,0.213090,1.103669,-0.162542,0.222309,0.747177,0.050771,0.097507,0.741700,-0.158154,0.106726,1.107437,0.084437,0.043107,0.984822,-0.214044,0.015903,0.778052,0.091874,0.015965,0.792261,-0.208368,0.030137
0.940311,-0.056381,0.166262,1.123689,0.045772,0.220838,1.118163,-0.163173,0.229552,0.762460,0.050410,0.102972,0.756934,-0.158535,0.111686,1.127180,0.083332,0.032530,0.986271,-0.214103,0.015832,0.780471,0.091809,0.015918,0.810905,-0.209366,0.018205
0.955727,-0.056274,0.171368,1.139902,0.045744,0.223451,1.134248,-0.163182,0.232542,0.777205,0.050633,0.110195,0.771551,-0.158293,0.119286,1.129666,0.082509,0.016117,0.987762,-0.214150,0.015986,0.782553,0.091894,0.015883,0.813327,-0.209434,0.015869
0.970486,-0.055679,0.177012,1.155368,0.046372,0.226461,1.149632,-0.162510,0.236469,0.791340,0.051151,0.117554,0.785603,-0.157731,0.127563,1.130896,0.082484,0.016097,0.998913,-0.214415,0.016813,0.784630,0.092697,0.030791,0.815001,-0.209404,0.015972
0.984150,-0.055504,0.184951,1.168873,0.046671,0.234740,1.163191,-0.162202,0.244958,0.805108,0.051194,0.124944,0.799427,-0.157679,0.135163,1.132302,0.082483,0.015935,1.035157,-0.215341,0.018057,0.793708,0.093690,0.056771,0.816490,-0.209497,0.015933
0.997604,-0.055527,0.194229,1.181842,0.046720,0.245643,1.176187,-0.162162,0.255696,0.819022,0.051108,0.132761,0.813367,-0.157773,0.142814,1.133856,0.082474,0.015753,1.076312,-0.216126,0.024068,0.808610,0.094501,0.082709,0.817802,-0.209524,0.015831
1.011108,-0.055603,0.204196,1.194936,0.046677,0.256992,1.189278,-0.162212,0.266895,0.832939,0.051006,0.141497,0.827281,-0.157883,0.151400,1.135379,0.082379,0.015910,1.117554,-0.216953,0.031357,0.824405,0.094794,0.100122,0.818783,-0.209604,0.015690
1.024715,-0.055664,0.214510,1.208329,0.046611,0.268053,1.202679,-0.162287,0.277768,0.846752,0.050959,0.151251,0.841101,-0.157939,0.160966,1.136966,0.082336,0.016031,1.162076,-0.217819,0.038782,0.839132,0.094736,0.109431,0.819528,-0.209624,0.015759
1.038502,-0.055679,0.224471,1.222284,0.046559,0.277504,1.216663,-0.162346,0.287097,0.860340,0.050987,0.161845,0.854719,-0.157917,0.171438,1.138602,0.082315,0.015965,1.209246,-0.218695,0.046790,0.853136,0.094329,0.110315,0.819955,-0.209644,0.015778
1.052547,-0.055664,0.233262,1.237051,0.046467,0.283945,1.231454,-0.162438,0.293537,0.873641,0.051110,0.172987,0.868044,-0.157795,0.182579,1.140231,0.082265,0.015824,1.256360,-0.219537,0.055749,0.869039,0.093419,0.100491,0.820077,-0.209682,0.015789
1.066959,-0.055550,0.240237,1.252737,0.046381,0.286477,1.247140,-0.162517,0.296220,0.886779,0.051418,0.184253,0.881182,-0.157480,0.193997,1.141739,0.082254,0.015985,1.298446,-0.220262,0.063510,0.893660,0.091823,0.078629,0.819994,-0.209668,0.015799
1.081753,-0.055344,0.244751,1.269186,0.046319,0.284434,1.263610,-0.162565,0.294479,0.899896,0.051878,0.195023,0.894320,-0.157007,0.205069,1.143084,0.082296,0.016017,1.329982,-0.220873,0.065372,0.935632,0.089540,0.051493,0.819779,-0.209638,0.015781
1.096733,-0.055016,0.246146,1.285928,0.046309,0.277446,1.280378,-0.162551,0.287999,0.913088,0.052520,0.204292,0.907538,-0.156340,0.214846,1.144214,0.082386,0.015966,1.348273,-0.221475,0.058519,0.993870,0.087277,0.033689,0.819501,-0.209585,0.015752
1.112103,-0.054893,0.244478,1.302802,0.046078,0.266376,1.297377,-0.162765,0.277311,0.926828,0.052978,0.211645,0.921403,-0.155865,0.222579,1.146273,0.082557,0.015890,1.353975,-0.221937,0.044785,1.048735,0.085952,0.032339,0.819459,-0.209578,0.015674
1.127712,-0.055267,0.239791,1.319542,0.045257,0.251514,1.314235,-0.163585,0.262545,0.941189,0.053050,0.217038,0.935883,-0.155792,0.228068,1.148665,0.082678,0.015810,1.350105,-0.222440,0.027458,1.089338,0.085264,0.036239,0.820652,-0.209600,0.015846
1.143166,-0.056374,0.231930,1.335636,0.043599,0.233317,1.330355,-0.165265,0.243932,0.955976,0.052517,0.219927,0.950696,-0.156346,0.230542,1.151781,0.082716,0.015794,1.344897,-0.222736,0.016071,1.114926,0.084723,0.036960,0.827134,-0.209662,0.015740
1.157982,-0.057335,0.222175,1.350424,0.042475,0.215453,1.345418,-0.166390,0.226170,0.970546,0.051720,0.218181,0.965540,-0.157145,0.228898,1.159619,0.082329,0.015829,1.344686,-0.222681,0.015956,1.129365,0.083758,0.029558,0.840041,-0.210321,0.021126
1.172203,-0.057648,0.210224,1.364392,0.042200,0.198602,1.359726,-0.166627,0.210199,0.984680,0.051331,0.210249,0.980014,-0.157495,0.221846,1.172522,0.081867,0.015811,1.344848,-0.222611,0.015993,1.131197,0.082802,0.016033,0.861664,-0.210722,0.035658
1.185841,-0.057709,0.196612,1.378086,0.041866,0.183659,1.373237,-0.166903,0.196159,0.998444,0.051486,0.197065,0.993596,-0.157284,0.209566,1.190887,0.082010,0.020861,1.345247,-0.222578,0.016102,1.132677,0.083065,0.015909,0.897744,-0.209920,0.053930
1.199532,-0.058197,0.183303,1.391832,0.041576,0.172965,1.387048,-0.167148,0.186226,1.012015,0.050754,0.180380,1.007231,-0.157971,0.193642,1.214866,0.082050,0.029165,1.346035,-0.222570,0.016098,1.133983,0.083059,0.015862,0.943175,-0.210307,0.063772
1.213730,-0.059166,0.171061,1.405984,0.041186,0.168067,1.401317,-0.167527,0.181553,1.026142,0.049195,0.160569,1.021476,-0.159518,0.174056,1.245337,0.081817,0.036259,1.347189,-0.222575,0.015934,1.135210,0.082968,0.015962,0.989488,-0.211205,0.068106
1.228748,-0.060493,0.160765,1.420515,0.040482,0.169166,1.415750,-0.168260,0.182161,1.041746,0.047273,0.139370,1.036981,-0.161469,0.152365,1.283959,0.080992,0.038139,1.348518,-0.222634,0.015754,1.136555,0.082982,0.016055,1.030621,-0.212134,0.067849
1.244457,-0.061813,0.153817,1.434708,0.039932,0.176039,1.429909,-0.168851,0.188341,1.059006,0.045224,0.119293,1.054207,-0.163559,0.131594,1.332137,0.079611,0.036533,1.349886,-0.222721,0.015763,1.138024,0.082858,0.015924,1.065646,-0.213436,0.062457
1.260242,-0.062737,0.151599,1.447974,0.039750,0.187581,1.443156,-0.169065,0.199328,1.077329,0.043592,0.103870,1.072511,-0.165223,0.115617,1.386090,0.078304,0.038138,1.351228,-0.222792,0.015982,1.139745,0.082720,0.015604,1.097447,-0.214883,0.052499
1.275448,-0.063210,0.154055,1.460464,0.039842,0.200859,1.455613,-0.168989,0.212299,1.095282,0.042570,0.095812,1.090432,-0.166261,0.107252,1.434557,0.077349,0.043413,1.352582,-0.222876,0.016048,1.141927,0.082636,0.015835,1.128975,-0.216318,0.040958
1.290020,-0.063637,0.159686,1.473172,0.039684,0.212802,1.468347,-0.169175,0.223736,1.111693,0.041901,0.095637,1.106868,-0.166957,0.106571,1.469822,0.076403,0.043126,1.353996,-0.222934,0.015968,1.144342,0.082500,0.015961,1.156045,-0.217585,0.030793
1.304794,-0.064072,0.166330,1.487425,0.039167,0.221366,1.482568,-0.169720,0.231722,1.127020,0.041576,0.100938,1.122164,-0.167311,0.111295,1.490541,0.075334,0.034212,1.355467,-0.222990,0.015750,1.146821,0.082421,0.015968,1.175201,-0.218637,0.019022
1.320004,-0.063889,0.172169,1.503904,0.038696,0.224112,1.498305,-0.170140,0.235099,1.141702,0.042363,0.109238,1.136103,-0.166473,0.120226,1.494428,0.073519,0.015793,1.359401,-0.223460,0.016238,1.148800,0.082769,0.015474,1.177143,-0.218590,0.015923
1.334923,-0.062874,0.178364,1.519789,0.039941,0.226266,1.514304,-0.168818,0.238691,1.155542,0.043070,0.118036,1.150056,-0.165688,0.130461,1.495598,0.073614,0.016103,1.372432,-0.223824,0.017116,1.150082,0.083239,0.025270,1.178749,-0.218802,0.015976
1.348873,-0.062393,0.186162,1.533701,0.040568,0.233901,1.528261,-0.168165,0.246770,1.169485,0.043379,0.125554,1.164046,-0.165354,0.138422,1.496997,0.073640,0.015976,1.405360,-0.224514,0.019685,1.157862,0.084453,0.048006,1.180198,-0.218876,0.015959
1.362408,-0.062294,0.195129,1.546694,0.040782,0.244677,1.541285,-0.167960,0.257409,1.183530,0.043372,0.132849,1.178121,-0.165370,0.145581,1.498476,0.073616,0.015712,1.443296,-0.225096,0.025825,1.171896,0.085598,0.073411,1.181423,-0.218918,0.015854
1.375935,-0.062202,0.204924,1.559737,0.040951,0.256081,1.554335,-0.167800,0.268670,1.197534,0.043395,0.141179,1.192132,-0.165356,0.153767,1.500009,0.073562,0.015924,1.483081,-0.225706,0.033154,1.187713,0.086252,0.092341,1.182425,-0.218977,0.015724
1.389442,-0.062157,0.215206,1.572932,0.041014,0.267442,1.567530,-0.167749,0.279830,1.211355,0.043435,0.150582,1.205953,-0.165328,0.162970,1.501566,0.073488,0.016048,1.526684,-0.226426,0.040727,1.202918,0.086419,0.103730,1.183137,-0.219019,0.015737
1.403088,-0.062088,0.225238,1.586635,0.041050,0.277334,1.581256,-0.167722,0.289570,1.224919,0.043546,0.160905,1.219540,-0.165227,0.173141,1.503175,0.073427,0.015989,1.573340,-0.227168,0.048877,1.217372,0.086102,0.106625,1.183547,-0.219067,0.015750
1.416977,-0.061981,0.234182,1.601125,0.041028,0.284380,1.595777,-0.167752,0.296506,1.238177,0.043789,0.171858,1.232829,-0.164990,0.183985,1.504832,0.073436,0.015787,1.620286,-0.227774,0.058005,1.233373,0.085194,0.098517,1.183697,-0.219044,0.015758
1.431225,-0.061813,0.241331,1.616594,0.040933,0.287406,1.611215,-0.167838,0.299671,1.251235,0.044211,0.182991,1.245856,-0.164559,0.195257,1.506370,0.073371,0.016006,1.662817,-0.228434,0.066101,1.257467,0.083428,0.078029,1.183604,-0.219044,0.015762
1.445786,-0.061493,0.246076,1.632765,0.040942,0.285912,1.627419,-0.167811,0.298486,1.264152,0.044825,0.193665,1.258806,-0.163928,0.206239,1.507695,0.073437,0.016034,1.695232,-0.228927,0.068847,1.298351,0.080926,0.051371,1.183334,-0.219017,0.015742
1.460526,-0.061165,0.247730,1.649251,0.040859,0.279589,1.643938,-0.167867,0.292627,1.277113,0.045537,0.202833,1.271800,-0.163189,0.215870,1.508755,0.073523,0.015982,1.714588,-0.229555,0.063107,1.356114,0.078473,0.033035,1.183041,-0.218985,0.015717
1.475658,-0.061005,0.246347,1.665877,0.040668,0.269168,1.660783,-0.168038,0.282594,1.290534,0.046029,0.210099,1.285440,-0.162678,0.223526,1.510953,0.073714,0.015910,1.721457,-0.230041,0.049979,1.411100,0.077150,0.031439,1.182922,-0.219108,0.015622
1.491013,-0.061325,0.241985,1.682461,0.039779,0.254901,1.677461,-0.168921,0.268464,1.304564,0.046271,0.215507,1.299565,-0.162429,0.229069,1.513505,0.073849,0.015833,1.718845,-0.230757,0.033256,1.452271,0.076596,0.035544,1.184122,-0.219089,0.015699
1.506248,-0.062378,0.234429,1.698573,0.037847,0.237121,1.693381,-0.170874,0.250270,1.319116,0.046119,0.218588,1.313924,-0.162603,0.231737,1.515896,0.074003,0.015810,1.711749,-0.231567,0.017225,1.478546,0.076246,0.036658,1.190203,-0.218689,0.015717
1.521049,-0.063293,0.225002,1.713533,0.036513,0.219555,1.708449,-0.172207,0.232764,1.333650,0.045620,0.217240,1.328566,-0.163100,0.230449,1.526839,0.073721,0.015802,1.711544,-0.231551,0.016062,1.494485,0.075451,0.030682,1.202283,-0.219160,0.015842
1.535366,-0.063881,0.213482,1.727912,0.035400,0.202965,1.722611,-0.173296,0.216470,1.348122,0.045535,0.210494,1.342820,-0.163162,0.224000,1.536577,0.073709,0.015819,1.711561,-0.231544,0.016070,1.498140,0.074700,0.016047,1.219855,-0.218324,0.027350
1.548893,-0.064636,0.199957,1.741342,0.034520,0.186823,1.736107,-0.174141,0.200883,1.361679,0.044869,0.199031,1.356444,-0.163792,0.213092,1.553482,0.073368,0.017159,1.711769,-0.231548,0.016117,1.499463,0.074643,0.015959,1.250820,-0.217950,0.046284
1.562210,-0.065559,0.186577,1.754672,0.033683,0.174310,1.749477,-0.174957,0.188704,1.374943,0.043838,0.184450,1.369748,-0.164802,0.198844,1.575629,0.073252,0.022680,1.712364,-0.231508,0.016177,1.500779,0.074643,0.015828,1.293258,-0.218080,0.059534
1.575935,-0.066544,0.174074,1.768441,0.033165,0.167672,1.763314,-0.175458,0.182327,1.388557,0.042371,0.165820,1.383430,-0.166252,0.180475,1.602766,0.073180,0.030542,1.713346,-0.231488,0.016017,1.502031,0.074628,0.015916,1.339931,-0.218848,0.065323
1.590405,-0.067902,0.163136,1.782580,0.032568,0.167075,1.777497,-0.176075,0.181468,1.403312,0.040271,0.144804,1.398229,-0.168371,0.159197,1.636826,0.072573,0.034914,1.714622,-0.231541,0.015832,1.503206,0.074526,0.016037,1.383471,-0.219970,0.066613
1.605701,-0.069366,0.155079,1.796726,0.031861,0.172503,1.791513,-0.176826,0.186187,1.419890,0.038093,0.123970,1.414677,-0.170594,0.137655,1.680227,0.071283,0.034486,1.715969,-0.231678,0.015724,1.504560,0.074459,0.015991,1.420563,-0.221207,0.062868
1.621380,-0.070488,0.151434,1.810109,0.031560,0.183193,1.804833,-0.177168,0.196218,1.437927,0.036192,0.106650,1.432651,-0.172536,0.119675,1.732199,0.069810,0.034594,1.717325,-0.231759,0.015925,1.506146,0.074350,0.015785,1.453027,-0.222698,0.054065
1.636635,-0.071136,0.152751,1.822468,0.031606,0.196923,1.817142,-0.177148,0.209497,1.456128,0.034875,0.096006,1.450802,-0.173879,0.108580,1.783607,0.068670,0.039626,1.718693,-0.231835,0.016046,1.508153,0.074260,0.015743,1.484160,-0.224229,0.042979
