-0.002773,-0.005165,0.359629,0.187721,0.098524,0.360951,0.186726,-0.110670,0.359669,-0.192272,0.100339,0.359589,-0.193267,-0.108854,0.358307,0.188326,0.145236,0.154812,0.189165,-0.154855,0.151267,-0.173346,0.147052,0.139079,-0.189626,-0.153154,0.167624
-0.002899,-0.007893,0.356815,0.187589,0.095796,0.358802,0.186607,-0.113380,0.355833,-0.192405,0.097595,0.357796,-0.193387,-0.111582,0.354828,0.188118,0.144367,0.139132,0.162291,-0.155653,0.139684,-0.172089,0.146134,0.133799,-0.180530,-0.154026,0.138416
-0.000576,-0.010563,0.350955,0.189923,0.093079,0.354045,0.188913,-0.116082,0.350171,-0.190065,0.094957,0.351739,-0.191075,-0.114205,0.347865,0.174919,0.142909,0.121907,0.129175,-0.157121,0.127093,-0.190693,0.144746,0.118062,-0.204459,-0.155147,0.107474
0.002506,-0.013136,0.341304,0.193141,0.090178,0.346370,0.191812,-0.118981,0.342482,-0.186799,0.092709,0.340127,-0.188129,-0.116450,0.336239,0.146720,0.140522,0.099460,0.106711,-0.159634,0.113059,-0.213211,0.142844,0.097614,-0.236989,-0.156666,0.070902
0.003834,-0.015751,0.327145,0.194652,0.087083,0.334538,0.192852,-0.122067,0.330339,-0.185184,0.090565,0.323950,-0.186985,-0.118585,0.319751,0.123649,0.138389,0.073829,0.109159,-0.162121,0.096906,-0.227172,0.141236,0.082408,-0.258621,-0.157801,0.039375
0.003971,-0.018084,0.309176,0.195217,0.083894,0.317347,0.192501,-0.125243,0.312970,-0.184559,0.089075,0.305383,-0.187275,-0.120061,0.301006,0.107636,0.136134,0.047921,0.121770,-0.164825,0.075802,-0.227039,0.140177,0.062378,-0.269486,-0.158448,0.013852
0.006432,-0.018574,0.290823,0.199578,0.080086,0.292208,0.193100,-0.129009,0.290744,-0.180237,0.091861,0.290903,-0.186715,-0.117233,0.289439,0.094467,0.130680,0.025989,0.115485,-0.170406,0.052149,-0.230830,0.140684,0.036470,-0.267915,-0.158274,0.015852
0.012337,-0.019207,0.274325,0.206151,0.078123,0.272291,0.198211,-0.130922,0.270905,-0.173538,0.092508,0.277745,-0.181477,-0.116537,0.276359,0.085872,0.129874,0.015986,0.089414,-0.170684,0.031235,-0.248465,0.142529,0.022573,-0.268307,-0.156996,0.015922
0.021397,-0.020821,0.265181,0.215198,0.076521,0.262558,0.207246,-0.132514,0.260113,-0.164453,0.090872,0.270249,-0.172405,-0.118162,0.267803,0.086086,0.129803,0.016002,0.087991,-0.170651,0.019737,-0.254855,0.142701,0.022031,-0.267213,-0.157093,0.015724
0.033100,-0.023121,0.263213,0.226879,0.074248,0.260052,0.218915,-0.134763,0.256141,-0.152715,0.088522,0.270284,-0.160679,-0.120490,0.266373,0.087029,0.129635,0.015970,0.105355,-0.171475,0.018203,-0.223940,0.141404,0.020268,-0.266821,-0.157247,0.015745
0.046143,-0.025948,0.264953,0.239950,0.071385,0.262465,0.231916,-0.137583,0.256784,-0.139631,0.085688,0.273123,-0.147665,-0.123280,0.267442,0.088468,0.129414,0.015845,0.136997,-0.172947,0.018166,-0.158265,0.138897,0.015972,-0.266697,-0.157363,0.015799
0.059204,-0.028736,0.264600,0.253391,0.067832,0.261911,0.244503,-0.141077,0.255376,-0.126095,0.083605,0.273824,-0.134983,-0.125304,0.267289,0.111235,0.127090,0.015868,0.147453,-0.175016,0.017350,-0.085398,0.135374,0.018478,-0.258771,-0.157681,0.015707
0.072281,-0.031006,0.262791,0.267490,0.063504,0.261241,0.256404,-0.145259,0.253514,-0.111842,0.083247,0.272068,-0.122928,-0.125516,0.264340,0.137707,0.124944,0.018041,0.147423,-0.176219,0.015836,-0.030604,0.133761,0.021289,-0.242057,-0.155526,0.015569
0.085777,-0.032509,0.259804,0.282251,0.059354,0.260602,0.268435,-0.149235,0.252570,-0.096880,0.084217,0.267039,-0.110696,-0.124371,0.259007,0.174536,0.121296,0.021028,0.147780,-0.177717,0.015980,-0.010694,0.133757,0.016046,-0.221980,-0.153206,0.015463
0.099350,-0.034147,0.257686,0.296185,0.056897,0.260564,0.281585,-0.151617,0.251997,-0.082885,0.083323,0.263375,-0.097485,-0.125191,0.254809,0.210927,0.118073,0.026734,0.148673,-0.178214,0.015984,-0.009282,0.133933,0.015976,-0.197466,-0.153964,0.015649
0.113117,-0.036242,0.258042,0.309923,0.054807,0.262373,0.295394,-0.153672,0.252887,-0.069159,0.081189,0.263196,-0.083689,-0.127290,0.253710,0.246271,0.115088,0.037392,0.149934,-0.178365,0.016047,-0.008269,0.133803,0.015944,-0.164465,-0.156677,0.020940
0.126957,-0.038393,0.259816,0.323713,0.052692,0.265447,0.309290,-0.155752,0.255061,-0.055376,0.078966,0.264571,-0.069799,-0.129478,0.254185,0.285135,0.111876,0.046675,0.151295,-0.178518,0.015893,-0.007412,0.133654,0.015856,-0.121224,-0.160041,0.023520
0.140530,-0.040300,0.261072,0.337280,0.050730,0.267681,0.322859,-0.157677,0.256580,-0.041799,0.077076,0.265563,-0.056221,-0.131331,0.254463,0.329946,0.108318,0.052592,0.152714,-0.178704,0.015863,-0.006590,0.133570,0.015724,-0.070310,-0.163682,0.023602
0.153965,-0.041697,0.260736,0.350720,0.049305,0.267619,0.336286,-0.159080,0.256124,-0.028356,0.075687,0.265348,-0.042790,-0.132698,0.253854,0.374695,0.105041,0.054257,0.154116,-0.178845,0.016005,-0.005717,0.133515,0.015728,-0.017241,-0.167403,0.023759
0.167442,-0.042625,0.257800,0.364384,0.048069,0.263246,0.349542,-0.160287,0.251757,-0.014658,0.075036,0.263844,-0.029499,-0.133320,0.252355,0.410560,0.102285,0.047964,0.156174,-0.179149,0.016038,-0.004928,0.133648,0.015916,0.031481,-0.170775,0.025246
0.181580,-0.042816,0.252556,0.378876,0.047225,0.255379,0.363198,-0.161112,0.244675,-0.000039,0.075480,0.260437,-0.015717,-0.132857,0.249733,0.429910,0.100740,0.027315,0.161879,-0.179847,0.015909,-0.005439,0.134084,0.015979,0.069047,-0.173294,0.024333
0.196472,-0.042877,0.247246,0.393877,0.046949,0.249149,0.377925,-0.161380,0.238697,0.015019,0.075626,0.255794,-0.000933,-0.132703,0.245342,0.430377,0.101496,0.015898,0.177205,-0.180469,0.015828,-0.004089,0.134756,0.016063,0.091233,-0.173930,0.016716
0.211170,-0.043398,0.245212,0.408541,0.046508,0.246889,0.392668,-0.161851,0.236924,0.029672,0.075055,0.253500,0.013799,-0.133304,0.243534,0.431015,0.101481,0.015831,0.206523,-0.182717,0.015600,-0.003137,0.134545,0.016049,0.092485,-0.174046,0.015945
0.225716,-0.043198,0.246316,0.423035,0.046825,0.247742,0.407289,-0.161597,0.238982,0.044142,0.075202,0.253651,0.028396,-0.133221,0.244890,0.431913,0.101521,0.015841,0.235817,-0.184929,0.016929,0.001347,0.134044,0.015997,0.093656,-0.174146,0.015904
0.240078,-0.042233,0.248796,0.437341,0.047923,0.249595,0.421731,-0.160580,0.242692,0.058425,0.076115,0.254900,0.042815,-0.132388,0.247997,0.432906,0.101595,0.015871,0.263549,-0.186971,0.020128,0.015308,0.132851,0.016102,0.094641,-0.174180,0.015743
0.254566,-0.040667,0.252181,0.451811,0.049530,0.252080,0.436244,-0.159039,0.247462,0.072888,0.077706,0.256900,0.057321,-0.130863,0.252282,0.433987,0.101681,0.015758,0.282335,-0.188248,0.026610,0.035206,0.131381,0.018675,0.095449,-0.174057,0.015639
0.269173,-0.038813,0.256141,0.466409,0.051400,0.255303,0.450870,-0.157211,0.253154,0.087475,0.079586,0.259127,0.071936,-0.129025,0.256978,0.435133,0.101774,0.015907,0.297389,-0.189107,0.034683,0.057796,0.129808,0.022947,0.096148,-0.173921,0.015658
0.283878,-0.036819,0.260634,0.481116,0.053384,0.259206,0.465584,-0.155239,0.259567,0.102173,0.081600,0.261701,0.086641,-0.127023,0.262061,0.436358,0.101871,0.015915,0.313473,-0.189865,0.042504,0.080624,0.128378,0.028857,0.096753,-0.173777,0.015724
0.298576,-0.034843,0.265609,0.495825,0.055326,0.263688,0.480274,-0.153277,0.266463,0.116879,0.083590,0.264755,0.101328,-0.125013,0.267530,0.437623,0.101948,0.015886,0.333211,-0.190789,0.048861,0.103923,0.127098,0.036391,0.097203,-0.173635,0.015773
0.313152,-0.033043,0.270789,0.510416,0.057085,0.268479,0.494833,-0.151475,0.273439,0.131472,0.085390,0.268139,0.115889,-0.123170,0.273098,0.438906,0.102012,0.015980,0.357648,-0.192053,0.053171,0.128690,0.125867,0.044432,0.097525,-0.173505,0.015844
0.327530,-0.031567,0.275435,0.524811,0.058515,0.272854,0.509187,-0.149989,0.279670,0.145873,0.086856,0.271200,0.130249,-0.121649,0.278016,0.440251,0.102055,0.015927,0.386720,-0.193754,0.055133,0.154456,0.124646,0.051904,0.097787,-0.173388,0.015840
0.341572,-0.030537,0.278594,0.538875,0.059487,0.275751,0.523197,-0.148959,0.284044,0.159947,0.087886,0.273144,0.144268,-0.120561,0.281437,0.441550,0.102079,0.015769,0.419626,-0.195910,0.054639,0.180360,0.123367,0.057050,0.098289,-0.173284,0.015821
0.355175,-0.029995,0.279609,0.552516,0.059932,0.276333,0.536750,-0.148459,0.285769,0.173600,0.088469,0.273449,0.157834,-0.119922,0.282885,0.442699,0.102073,0.015883,0.455403,-0.198550,0.051254,0.206916,0.121799,0.057571,0.099051,-0.173196,0.015790
0.368443,-0.030031,0.278605,0.565800,0.059838,0.274781,0.549998,-0.148514,0.284985,0.186888,0.088452,0.272224,0.171085,-0.119901,0.282428,0.443749,0.102057,0.016005,0.494553,-0.201652,0.045917,0.236674,0.119541,0.052328,0.099542,-0.173164,0.015879
0.381584,-0.030733,0.276189,0.578949,0.059093,0.271776,0.563131,-0.149242,0.282309,0.200037,0.087776,0.270068,0.184219,-0.120559,0.280601,0.444748,0.101990,0.016021,0.534988,-0.204988,0.040142,0.269523,0.116742,0.044655,0.100062,-0.173192,0.015886
0.394878,-0.032108,0.272469,0.592236,0.057680,0.267054,0.576430,-0.150663,0.277446,0.213326,0.086447,0.267491,0.197521,-0.121896,0.277883,0.445667,0.101912,0.015974,0.567882,-0.207941,0.031073,0.301145,0.113935,0.037214,0.100604,-0.173249,0.015881
0.408596,-0.034164,0.267116,0.605907,0.055585,0.259741,0.590153,-0.152791,0.269524,0.227039,0.084462,0.264707,0.211285,-0.123914,0.274490,0.446566,0.101813,0.015870,0.584916,-0.209949,0.015535,0.325954,0.111560,0.029261,0.101204,-0.173358,0.015967
0.422134,-0.035538,0.261466,0.619312,0.054422,0.253127,0.603828,-0.153971,0.263006,0.240441,0.082895,0.259926,0.224957,-0.125497,0.269805,0.448654,0.101477,0.015796,0.585225,-0.209932,0.015833,0.341818,0.109504,0.017665,0.103391,-0.174129,0.015871
0.434532,-0.036692,0.258087,0.631780,0.053116,0.249789,0.616132,-0.155270,0.259542,0.252933,0.081886,0.256632,0.237284,-0.126500,0.266385,0.475667,0.099517,0.015809,0.585812,-0.210032,0.015705,0.342929,0.109486,0.015841,0.110730,-0.174343,0.015968
0.446575,-0.038998,0.257667,0.643851,0.050824,0.250208,0.628156,-0.157607,0.258861,0.264995,0.079612,0.256473,0.249300,-0.128819,0.265126,0.503406,0.097465,0.020132,0.586544,-0.210182,0.015802,0.343869,0.109305,0.015945,0.123323,-0.175292,0.016014
0.458809,-0.042040,0.258913,0.656125,0.047818,0.253169,0.640374,-0.160673,0.260078,0.277244,0.076594,0.257748,0.261493,-0.131898,0.264656,0.534940,0.095048,0.025929,0.587412,-0.210370,0.015833,0.344719,0.109090,0.015987,0.137773,-0.176326,0.018080
0.471302,-0.045664,0.261323,0.668659,0.044217,0.257747,0.652845,-0.164331,0.262462,0.289759,0.073003,0.260183,0.273945,-0.135545,0.264899,0.562073,0.092806,0.032842,0.588382,-0.210610,0.015912,0.345490,0.108846,0.015928,0.157792,-0.177909,0.018140
0.483967,-0.049658,0.264580,0.681347,0.040232,0.263186,0.665492,-0.168355,0.265451,0.302441,0.069039,0.263709,0.286586,-0.139547,0.265974,0.586982,0.090576,0.040971,0.589433,-0.210866,0.015946,0.346130,0.108610,0.015806,0.182312,-0.179892,0.018457
0.496799,-0.053905,0.268370,0.694185,0.035982,0.269061,0.678318,-0.172616,0.268753,0.315281,0.064805,0.267988,0.299414,-0.143793,0.267680,0.612142,0.088128,0.049226,0.590570,-0.211149,0.015889,0.346682,0.108370,0.015688,0.209314,-0.182156,0.020656
0.509693,-0.058222,0.272223,0.707059,0.031671,0.274892,0.691226,-0.176910,0.272020,0.328160,0.060466,0.272427,0.312327,-0.148114,0.269555,0.640117,0.085349,0.056214,0.591758,-0.211416,0.015823,0.347148,0.108146,0.015614,0.238064,-0.184678,0.023790
0.522598,-0.062359,0.275548,0.719936,0.027521,0.280096,0.704150,-0.181016,0.274851,0.341046,0.056299,0.276246,0.325261,-0.152239,0.271001,0.672041,0.082240,0.061472,0.592963,-0.211683,0.015992,0.347584,0.107952,0.015692,0.268622,-0.187389,0.026203
0.535362,-0.066116,0.277745,0.732658,0.023746,0.284101,0.716939,-0.184734,0.276778,0.353785,0.052501,0.278713,0.338067,-0.155979,0.271390,0.707097,0.078961,0.065461,0.594153,-0.211925,0.016062,0.348045,0.107775,0.015829,0.301118,-0.190220,0.027114
0.548000,-0.069412,0.278159,0.745246,0.020435,0.286079,0.729607,-0.187981,0.276986,0.366393,0.049157,0.279333,0.350754,-0.159259,0.270240,0.742617,0.075794,0.067395,0.595283,-0.212138,0.016034,0.348593,0.107605,0.015927,0.335952,-0.193129,0.026344
0.560581,-0.072144,0.276536,0.757793,0.017663,0.285679,0.742202,-0.190690,0.275169,0.378961,0.046403,0.277902,0.363370,-0.161950,0.267393,0.775675,0.073022,0.066374,0.596325,-0.212331,0.015899,0.349255,0.107470,0.016016,0.372163,-0.195998,0.024627
0.573177,-0.074217,0.272608,0.770368,0.015555,0.282507,0.754807,-0.192746,0.270971,0.391548,0.044312,0.274245,0.375987,-0.163989,0.262709,0.804241,0.070915,0.061427,0.597256,-0.212489,0.015779,0.350075,0.107354,0.016089,0.408005,-0.198716,0.022363
0.585854,-0.075605,0.266132,0.783046,0.014177,0.275905,0.767504,-0.194090,0.263735,0.404203,0.042879,0.268529,0.388661,-0.165388,0.256359,0.825858,0.069818,0.050320,0.598036,-0.212616,0.015928,0.351620,0.107206,0.016117,0.439697,-0.200939,0.018297
0.598839,-0.076344,0.257426,0.796171,0.013311,0.265375,0.780386,-0.194931,0.253085,0.417292,0.042244,0.261766,0.401506,-0.165998,0.249476,0.834240,0.070122,0.027506,0.599270,-0.212868,0.015991,0.352870,0.107290,0.016007,0.451804,-0.201676,0.015758
0.611408,-0.077122,0.250567,0.808912,0.012232,0.257587,0.792753,-0.195978,0.245244,0.430063,0.041734,0.255890,0.413904,-0.166475,0.243547,0.834943,0.070211,0.015794,0.606887,-0.213627,0.015970,0.356085,0.107376,0.015784,0.452943,-0.201664,0.015690
0.624008,-0.077402,0.248615,0.821517,0.011950,0.255524,0.805345,-0.196287,0.243661,0.442671,0.041482,0.253569,0.426500,-0.166754,0.241706,0.835498,0.070180,0.015821,0.633012,-0.215646,0.016909,0.364934,0.106672,0.016721,0.454033,-0.201685,0.015831
0.637215,-0.076582,0.250840,0.834698,0.012893,0.256801,0.818590,-0.195435,0.246578,0.455839,0.042271,0.255101,0.439731,-0.166057,0.244879,0.836321,0.070234,0.015784,0.658839,-0.217685,0.021633,0.380226,0.105069,0.024591,0.454744,-0.201622,0.015883
0.651085,-0.075117,0.255663,0.848540,0.014508,0.260138,0.832507,-0.193924,0.252171,0.469663,0.043690,0.259154,0.453630,-0.164742,0.251187,0.837354,0.070322,0.015883,0.675616,-0.218998,0.030451,0.405279,0.102964,0.031439,0.455224,-0.201490,0.015933
0.665462,-0.073311,0.261542,0.862894,0.016434,0.264319,0.846920,-0.192083,0.258844,0.484005,0.045462,0.264241,0.468031,-0.163056,0.258766,0.838517,0.070422,0.015954,0.690147,-0.219938,0.040467,0.435558,0.100737,0.037044,0.455559,-0.201325,0.016018
0.680038,-0.071499,0.267361,0.877454,0.018314,0.268776,0.861519,-0.190256,0.265706,0.498558,0.047258,0.269016,0.482623,-0.161312,0.265946,0.839723,0.070506,0.015950,0.708003,-0.220918,0.048545,0.465991,0.098650,0.043746,0.455773,-0.201168,0.016006
0.694481,-0.069895,0.272318,0.891888,0.019946,0.272722,0.875972,-0.188646,0.271788,0.512990,0.048856,0.272849,0.497073,-0.159735,0.271915,0.840919,0.070568,0.015856,0.731590,-0.222231,0.052862,0.494481,0.096842,0.051673,0.455930,-0.201032,0.015993
0.708626,-0.068695,0.275936,0.906038,0.021134,0.275672,0.890110,-0.187457,0.276465,0.527142,0.050067,0.275407,0.511213,-0.158525,0.276200,0.842080,0.070614,0.015939,0.761068,-0.224033,0.053451,0.521136,0.095285,0.058962,0.456247,-0.200899,0.016013
0.722385,-0.068031,0.278014,0.919814,0.021761,0.277382,0.903848,-0.186819,0.279449,0.540923,0.050756,0.276580,0.524957,-0.157824,0.278647,0.843167,0.070622,0.015904,0.795201,-0.226348,0.051381,0.546949,0.093765,0.063190,0.456697,-0.200787,0.015964
0.735828,-0.067951,0.278474,0.933266,0.021821,0.277648,0.917279,-0.186748,0.280539,0.554378,0.050845,0.276409,0.538391,-0.157723,0.279300,0.844230,0.070604,0.015785,0.832859,-0.229096,0.047360,0.573893,0.091974,0.062599,0.457094,-0.200728,0.015994
0.748985,-0.068455,0.277456,0.946427,0.021306,0.276428,0.930431,-0.187256,0.279718,0.567540,0.050346,0.275193,0.551544,-0.158215,0.278483,0.845188,0.070549,0.015868,0.873387,-0.232218,0.042124,0.604480,0.089657,0.056787,0.457466,-0.200731,0.015945
0.762005,-0.069569,0.274886,0.959444,0.020193,0.273525,0.943454,-0.188370,0.276762,0.580555,0.049232,0.273010,0.564566,-0.159330,0.276246,0.846113,0.070473,0.015939,0.913038,-0.235371,0.035489,0.638962,0.086860,0.048546,0.457904,-0.200782,0.015923
0.775219,-0.071257,0.270693,0.972651,0.018500,0.268393,0.956670,-0.190070,0.271152,0.593768,0.047557,0.270233,0.577787,-0.161014,0.272992,0.846968,0.070379,0.015964,0.941255,-0.237753,0.023416,0.672440,0.084068,0.039847,0.458419,-0.200854,0.015937
0.788830,-0.073141,0.265478,0.986249,0.016616,0.262246,0.970273,-0.191962,0.264403,0.607387,0.045680,0.266553,0.591410,-0.162898,0.268710,0.847829,0.070257,0.015934,0.944070,-0.238112,0.015767,0.698388,0.081852,0.030306,0.459090,-0.200963,0.015940
0.802002,-0.073933,0.260470,0.999397,0.015890,0.257608,0.983489,-0.192690,0.260016,0.620515,0.044825,0.260925,0.604607,-0.163756,0.263333,0.862606,0.069118,0.015921,0.944660,-0.238133,0.015828,0.710501,0.080716,0.015766,0.460791,-0.201229,0.015943
0.814274,-0.074762,0.257155,1.011708,0.014989,0.254771,0.995719,-0.193585,0.257256,0.632829,0.044060,0.257054,0.616840,-0.164513,0.259539,0.887178,0.067303,0.018193,0.945347,-0.238185,0.015871,0.711743,0.080724,0.015902,0.470568,-0.201791,0.015779
0.826332,-0.076422,0.256599,1.023783,0.013307,0.254878,1.007760,-0.195270,0.256767,0.644904,0.042426,0.256431,0.628881,-0.166151,0.258320,0.917220,0.064996,0.024887,0.946154,-0.238305,0.015880,0.712682,0.080628,0.015962,0.491881,-0.203408,0.015873
0.838966,-0.078911,0.258812,1.036424,0.010819,0.258552,1.020391,-0.197765,0.259207,0.657542,0.039943,0.258416,0.641508,-0.168641,0.259071,0.942436,0.062928,0.035933,0.947154,-0.238484,0.015911,0.713477,0.080465,0.015892,0.516718,-0.205383,0.020188
0.851974,-0.082077,0.263098,1.049427,0.007651,0.264677,1.033398,-0.200931,0.263606,0.670551,0.036777,0.262589,0.654522,-0.171805,0.261518,0.967445,0.060649,0.047921,0.948344,-0.238708,0.015905,0.714122,0.080281,0.015760,0.547818,-0.207970,0.023806
0.865166,-0.085646,0.268259,1.062597,0.004073,0.271794,1.046595,-0.204491,0.268740,0.683736,0.033200,0.267779,0.667734,-0.175365,0.264725,0.994388,0.058052,0.056251,0.949639,-0.238937,0.015793,0.714649,0.080109,0.015661,0.582690,-0.210928,0.025740
0.878372,-0.089306,0.272984,1.075775,0.000391,0.278252,1.059811,-0.208138,0.273227,0.696933,0.029526,0.272741,0.680970,-0.179003,0.267716,1.025431,0.055072,0.061196,0.950962,-0.239202,0.015970,0.715109,0.079927,0.015623,0.618693,-0.214021,0.026611
0.891464,-0.092749,0.276424,1.088828,-0.003066,0.283177,1.072924,-0.211549,0.276355,0.710004,0.026052,0.276494,0.694100,-0.182431,0.269672,1.060507,0.051848,0.064741,0.952261,-0.239434,0.016059,0.715555,0.079766,0.015729,0.654790,-0.217109,0.027297
0.904404,-0.095800,0.277933,1.101723,-0.006116,0.285859,1.085897,-0.214549,0.277498,0.722910,0.022948,0.278369,0.707084,-0.185485,0.270008,1.097210,0.048627,0.066907,0.953508,-0.239626,0.016045,0.716092,0.079613,0.015851,0.691940,-0.220221,0.027400
0.917198,-0.098354,0.277177,1.114489,-0.008679,0.285896,1.098716,-0.217063,0.276310,0.735681,0.020355,0.278044,0.719908,-0.188029,0.268457,1.131967,0.045732,0.066219,0.954586,-0.239803,0.015913,0.716706,0.079475,0.015968,0.730218,-0.223319,0.026772
0.929996,-0.100292,0.273918,1.127285,-0.010644,0.282943,1.111519,-0.218988,0.272500,0.748474,0.018403,0.275336,0.732708,-0.189940,0.264893,1.162314,0.043435,0.061618,0.955566,-0.239956,0.015778,0.717533,0.079377,0.016052,0.768329,-0.226290,0.025816
0.942875,-0.101591,0.267933,1.140205,-0.011976,0.276352,1.124383,-0.220291,0.265436,0.761366,0.017108,0.270430,0.745544,-0.191207,0.259514,1.185244,0.042061,0.050896,0.956362,-0.240097,0.015914,0.718871,0.079307,0.016092,0.802335,-0.228788,0.023363
0.956020,-0.102314,0.259526,1.153441,-0.012741,0.266072,1.137474,-0.221037,0.255005,0.774566,0.016409,0.264047,0.758599,-0.191887,0.252980,1.194681,0.042366,0.028516,0.957974,-0.240225,0.015963,0.720047,0.079410,0.016072,0.826638,-0.230204,0.016854
0.969349,-0.102627,0.251238,1.166736,-0.012789,0.254179,1.150848,-0.221103,0.243330,0.787849,0.015849,0.259146,0.771962,-0.192464,0.248297,1.191825,0.043357,0.015786,0.960045,-0.240354,0.016010,0.721130,0.079247,0.015958,0.827854,-0.230262,0.015812
0.982063,-0.102972,0.247529,1.179400,-0.012991,0.249217,1.163600,-0.221333,0.238793,0.800527,0.015389,0.256265,0.784727,-0.192953,0.245840,1.192162,0.043356,0.015836,0.983711,-0.242181,0.016012,0.724787,0.078767,0.016494,0.829007,-0.230429,0.015618
0.995213,-0.102390,0.248441,1.192528,-0.012360,0.249981,1.176791,-0.220771,0.240922,0.813634,0.015990,0.255959,0.797897,-0.192420,0.246901,1.192990,0.043404,0.015824,1.009588,-0.244137,0.019351,0.735209,0.077771,0.020441,0.829912,-0.230412,0.015719
1.009026,-0.100943,0.252325,1.206318,-0.010856,0.253341,1.190645,-0.219355,0.246480,0.827406,0.017470,0.258170,0.811733,-0.191030,0.251310,1.194072,0.043484,0.015808,1.028756,-0.245558,0.026772,0.755936,0.076116,0.025029,0.830593,-0.230301,0.015798
1.023281,-0.098970,0.257563,1.220557,-0.008840,0.257720,1.204929,-0.217412,0.253460,0.841633,0.019471,0.261667,0.826006,-0.189101,0.257407,1.195225,0.043584,0.015920,1.043830,-0.246495,0.036431,0.784263,0.074115,0.028679,0.831077,-0.230134,0.015852
1.037827,-0.096745,0.263080,1.235093,-0.006597,0.262284,1.219491,-0.215209,0.260744,0.856162,0.021720,0.265416,0.840560,-0.186892,0.263877,1.196448,0.043690,0.015892,1.059827,-0.247258,0.045583,0.814320,0.072138,0.033572,0.831462,-0.229960,0.015914
1.052395,-0.094521,0.268234,1.249661,-0.004385,0.266558,1.234063,-0.213000,0.267635,0.870726,0.023959,0.268832,0.855129,-0.184656,0.269909,1.197656,0.043786,0.015864,1.079993,-0.248171,0.051991,0.843106,0.070422,0.040339,0.831740,-0.229796,0.015930
1.066753,-0.092567,0.272646,1.264029,-0.002466,0.270348,1.248414,-0.211055,0.273729,0.885092,0.025920,0.271563,0.869478,-0.182669,0.274944,1.198862,0.043872,0.015964,1.105627,-0.249496,0.054922,0.870638,0.068958,0.047781,0.831958,-0.229642,0.015928
1.080826,-0.091059,0.276090,1.278114,-0.000995,0.273448,1.262473,-0.209543,0.278732,0.899179,0.027425,0.273449,0.883537,-0.181122,0.278733,1.200079,0.043925,0.015956,1.136447,-0.251353,0.054934,0.897675,0.067574,0.054139,0.832215,-0.229524,0.015930
1.094547,-0.090103,0.278289,1.291855,-0.000085,0.275532,1.276170,-0.208588,0.282261,0.912925,0.028382,0.274317,0.897239,-0.180121,0.281047,1.201261,0.043950,0.015814,1.171387,-0.253710,0.052910,0.924812,0.066094,0.057581,0.832578,-0.229415,0.015927
1.107941,-0.089733,0.278930,1.305270,0.000235,0.276083,1.289534,-0.208228,0.283829,0.926348,0.028762,0.274031,0.910612,-0.179701,0.281776,1.202391,0.043942,0.015843,1.209377,-0.256507,0.049159,0.953282,0.064264,0.056697,0.833091,-0.229339,0.015894
1.120964,-0.089981,0.277859,1.318301,-0.000037,0.274834,1.302546,-0.208476,0.283172,0.939382,0.028514,0.272546,0.923627,-0.179925,0.280885,1.203411,0.043906,0.015910,1.249704,-0.259665,0.044003,0.984976,0.061820,0.050988,0.833509,-0.229329,0.015923
1.133823,-0.090883,0.275150,1.331163,-0.000956,0.271764,1.315404,-0.209389,0.280245,0.952243,0.027622,0.270055,0.936484,-0.180811,0.278537,1.204341,0.043842,0.016002,1.288995,-0.262878,0.037723,1.018950,0.058970,0.043309,0.833972,-0.229365,0.015901
1.146912,-0.092424,0.270866,1.344239,-0.002514,0.266461,1.328504,-0.210961,0.274641,0.965319,0.026113,0.267091,0.949585,-0.182334,0.275271,1.205198,0.043766,0.015996,1.317124,-0.265456,0.026466,1.050269,0.056213,0.035178,0.834481,-0.229437,0.015946
1.160439,-0.094519,0.265119,1.357741,-0.004642,0.259203,1.342024,-0.213116,0.266695,0.978853,0.024079,0.263543,0.963136,-0.184396,0.271036,1.206035,0.043661,0.015946,1.323892,-0.266375,0.015768,1.073232,0.054030,0.025865,0.835178,-0.229522,0.016009
1.173622,-0.095816,0.259791,1.370940,-0.005968,0.253938,1.355188,-0.214443,0.261321,0.992056,0.022812,0.258260,0.976304,-0.185663,0.265644,1.219826,0.042629,0.015951,1.324384,-0.266421,0.015746,1.081782,0.053055,0.015848,0.837393,-0.229619,0.015973
1.185802,-0.097185,0.256928,1.383145,-0.007374,0.251355,1.367341,-0.215855,0.258451,1.004264,0.021485,0.255404,0.988460,-0.186997,0.262501,1.246862,0.040561,0.016267,1.325004,-0.266512,0.015809,1.082869,0.052980,0.015896,0.846744,-0.230256,0.015854
1.197887,-0.099230,0.256595,1.395244,-0.009399,0.251920,1.379421,-0.217908,0.258106,1.016354,0.019448,0.255084,1.000531,-0.189061,0.261270,1.281633,0.037984,0.021380,1.325801,-0.266627,0.015843,1.083799,0.052837,0.015996,0.865687,-0.231703,0.016062
1.210514,-0.102047,0.258604,1.407903,-0.012210,0.255796,1.392025,-0.220755,0.260430,1.029003,0.016661,0.256778,1.013125,-0.191884,0.261412,1.311091,0.035784,0.032085,1.326789,-0.266813,0.015910,1.084661,0.052665,0.015924,0.890139,-0.233522,0.017939
1.223579,-0.105530,0.262607,1.421000,-0.015720,0.262018,1.405051,-0.224295,0.264609,1.042108,0.013235,0.260604,1.026159,-0.195340,0.263196,1.337198,0.033565,0.043998,1.327940,-0.267074,0.015952,1.085363,0.052471,0.015757,0.919766,-0.235806,0.020475
1.236851,-0.109447,0.267619,1.434274,-0.019654,0.269180,1.418304,-0.228243,0.269448,1.055397,0.009348,0.265789,1.039428,-0.199241,0.266057,1.363631,0.031060,0.053025,1.329211,-0.267331,0.015891,1.085892,0.052275,0.015652,0.953000,-0.238520,0.023076
1.250111,-0.113510,0.272402,1.447517,-0.023730,0.275788,1.431566,-0.232310,0.273714,1.068655,0.005290,0.271091,1.052705,-0.203291,0.269017,1.393113,0.028177,0.058458,1.330500,-0.267602,0.015861,1.086328,0.052064,0.015637,0.987581,-0.241469,0.025020
1.263298,-0.117382,0.276107,1.460677,-0.027612,0.281010,1.444769,-0.236164,0.276792,1.081827,0.001400,0.275422,1.065919,-0.207152,0.271204,1.426690,0.024999,0.062112,1.331770,-0.267861,0.016013,1.086760,0.051868,0.015742,1.022196,-0.244462,0.026672
1.276321,-0.120831,0.278154,1.473673,-0.031081,0.284366,1.457807,-0.239591,0.278322,1.094836,-0.002070,0.277986,1.078970,-0.210580,0.271942,1.462652,0.021722,0.064800,1.332985,-0.268092,0.016050,1.087217,0.051708,0.015851,1.057380,-0.247456,0.027626
1.289207,-0.123770,0.278030,1.486532,-0.034035,0.285223,1.470713,-0.242500,0.277692,1.107702,-0.005040,0.278368,1.091883,-0.213505,0.270838,1.497509,0.018702,0.064894,1.334104,-0.268289,0.015992,1.087794,0.051561,0.015950,1.093995,-0.250475,0.027221
1.302055,-0.126095,0.275521,1.499358,-0.036360,0.283303,1.483585,-0.244786,0.274674,1.120526,-0.007404,0.276369,1.104753,-0.215830,0.267739,1.528638,0.016225,0.061545,1.335101,-0.268450,0.015833,1.088520,0.051416,0.016040,1.131077,-0.253436,0.026101
1.314953,-0.127800,0.270369,1.512253,-0.038046,0.277991,1.496508,-0.246442,0.268623,1.133398,-0.009158,0.272115,1.117653,-0.217554,0.262747,1.553537,0.014562,0.053256,1.335930,-0.268571,0.015800,1.089749,0.051275,0.016074,1.165680,-0.256069,0.023852
1.328030,-0.128906,0.262615,1.525410,-0.039229,0.268942,1.509528,-0.247601,0.259277,1.146532,-0.010211,0.265953,1.130649,-0.218583,0.256288,1.567867,0.013985,0.035675,1.336727,-0.268772,0.015908,1.091216,0.051228,0.016034,1.192766,-0.257925,0.018615
1.341537,-0.129292,0.253714,1.539045,-0.039712,0.256425,1.522884,-0.248074,0.246995,1.160190,-0.010509,0.260432,1.144029,-0.218871,0.251003,1.566710,0.014657,0.015966,1.338477,-0.268949,0.015977,1.092499,0.051438,0.015952,1.198143,-0.258058,0.015826
1.354462,-0.129616,0.248170,1.551942,-0.039939,0.249059,1.535802,-0.248318,0.240007,1.173122,-0.010913,0.256332,1.156982,-0.219293,0.247280,1.566881,0.014663,0.015862,1.356447,-0.270315,0.015776,1.096737,0.051080,0.015809,1.199297,-0.258136,0.015592
1.367516,-0.129309,0.247349,1.564988,-0.039614,0.248094,1.548876,-0.248040,0.240111,1.186155,-0.010577,0.254587,1.170043,-0.219003,0.246605,1.567583,0.014695,0.015947,1.378308,-0.272033,0.019742,1.107840,0.050228,0.016131,1.200314,-0.258120,0.015738
1.381126,-0.128126,0.250263,1.578589,-0.038407,0.250790,1.562519,-0.246902,0.244765,1.199734,-0.009351,0.255761,1.183664,-0.217846,0.249735,1.568596,0.014760,0.015763,1.398317,-0.273528,0.026038,1.126603,0.048700,0.020109,1.201038,-0.258028,0.015824
1.395294,-0.126295,0.255334,1.592741,-0.036540,0.255277,1.576718,-0.245096,0.251753,1.213870,-0.007494,0.258915,1.197847,-0.216050,0.255390,1.569775,0.014860,0.015881,1.414418,-0.274554,0.034961,1.153577,0.046691,0.024411,1.201577,-0.257879,0.015853
1.409824,-0.124109,0.261197,1.607264,-0.034343,0.260350,1.591264,-0.242929,0.259543,1.228385,-0.005290,0.262851,1.212385,-0.213875,0.262043,1.571039,0.014966,0.015874,1.430632,-0.275358,0.044262,1.183862,0.044612,0.029754,1.201947,-0.257706,0.015951
1.424416,-0.121893,0.266937,1.621858,-0.032142,0.265369,1.605857,-0.240721,0.267194,1.242974,-0.003065,0.266681,1.226973,-0.211644,0.268505,1.572299,0.015063,0.015876,1.450539,-0.276278,0.051408,1.213708,0.042758,0.037109,1.202210,-0.257539,0.015947
1.438797,-0.119905,0.271940,1.636250,-0.030191,0.269811,1.620227,-0.238734,0.273986,1.257367,-0.001077,0.269895,1.241344,-0.209620,0.274069,1.573508,0.015143,0.015969,1.475756,-0.277607,0.055155,1.242165,0.041192,0.045447,1.202375,-0.257386,0.015925
1.452839,-0.118353,0.275831,1.650314,-0.028693,0.273368,1.634241,-0.237185,0.279476,1.271437,0.000480,0.272186,1.255364,-0.208013,0.278294,1.574758,0.015195,0.015977,1.506154,-0.279469,0.055771,1.269496,0.039807,0.052817,1.202649,-0.257239,0.015944
1.466476,-0.117352,0.278306,1.663984,-0.027768,0.275712,1.647832,-0.236206,0.283290,1.285121,0.001503,0.273323,1.268969,-0.206935,0.280901,1.575951,0.015222,0.015844,1.540580,-0.281842,0.054126,1.296270,0.038392,0.057031,1.203224,-0.257092,0.015856
1.479717,-0.116938,0.279008,1.677253,-0.027420,0.276303,1.661032,-0.235811,0.284936,1.298402,0.001936,0.273081,1.282181,-0.206455,0.281713,1.577061,0.015215,0.015810,1.577909,-0.284684,0.050379,1.323768,0.036625,0.056698,1.203782,-0.256991,0.015875
1.492634,-0.117130,0.278014,1.690180,-0.027640,0.275130,1.673934,-0.236002,0.284409,1.311334,0.001742,0.271620,1.295088,-0.206620,0.280898,1.578084,0.015188,0.015891,1.617954,-0.287922,0.045200,1.354397,0.034195,0.051055,1.204188,-0.256965,0.015914
1.505360,-0.117998,0.275548,1.702909,-0.028524,0.272423,1.686657,-0.236877,0.281884,1.324062,0.000881,0.269211,1.307810,-0.207472,0.278672,1.579020,0.015131,0.016001,1.658099,-0.291285,0.039612,1.387905,0.031275,0.043237,1.204638,-0.256992,0.015889
