-0.003452,0.002903,0.360115,0.190512,0.099576,0.368705,0.182210,-0.109204,0.358381,-0.189113,0.115010,0.361849,-0.197415,-0.093770,0.351525,0.223122,0.151333,0.216779,0.177513,-0.146102,0.187367,-0.191597,0.168881,0.195412,-0.199899,-0.130983,0.185104
-0.004242,0.004318,0.361468,0.190646,0.098849,0.372596,0.180268,-0.109665,0.359216,-0.188752,0.118301,0.363720,-0.199130,-0.090212,0.350341,0.207503,0.155836,0.182047,0.173119,-0.143761,0.185477,-0.222354,0.176733,0.189797,-0.180014,-0.122645,0.130308
-0.004631,0.005791,0.359260,0.190685,0.099289,0.371542,0.179324,-0.109080,0.356779,-0.188587,0.120662,0.361740,-0.199947,-0.087707,0.346977,0.177795,0.161327,0.149894,0.182311,-0.142775,0.186003,-0.216698,0.184034,0.132982,-0.192522,-0.115518,0.089744
-0.006324,0.007626,0.352455,0.189059,0.100873,0.365554,0.177468,-0.107528,0.351442,-0.190117,0.122779,0.353468,-0.201707,-0.085622,0.339357,0.146540,0.165233,0.123787,0.199468,-0.142457,0.175424,-0.177934,0.185997,0.083633,-0.211546,-0.111660,0.058187
-0.009264,0.009708,0.340800,0.185961,0.103081,0.355293,0.174542,-0.105415,0.342500,-0.193071,0.124832,0.339100,-0.204489,-0.083664,0.326307,0.121935,0.167947,0.098510,0.219143,-0.142070,0.156847,-0.134878,0.184433,0.059042,-0.232907,-0.109744,0.033503
-0.012465,0.012310,0.326110,0.183268,0.104722,0.339886,0.170675,-0.103837,0.329421,-0.195604,0.128457,0.322799,-0.208198,-0.080102,0.312334,0.104490,0.168591,0.070391,0.236098,-0.143280,0.128194,-0.117102,0.183254,0.044822,-0.241444,-0.108790,0.015510
-0.012427,0.016727,0.312179,0.184967,0.106487,0.316667,0.169053,-0.102040,0.311413,-0.193906,0.135495,0.312944,-0.209820,-0.073032,0.307690,0.091317,0.166153,0.041922,0.228799,-0.146840,0.098819,-0.139072,0.183949,0.033445,-0.240912,-0.108898,0.015654
-0.009347,0.021862,0.295983,0.188826,0.109682,0.288484,0.170790,-0.098738,0.289095,-0.189485,0.142462,0.302870,-0.207520,-0.065958,0.303482,0.077249,0.164157,0.015729,0.185942,-0.146329,0.064173,-0.168766,0.185463,0.021325,-0.241094,-0.109518,0.015563
-0.004789,0.026649,0.281851,0.192535,0.114955,0.264348,0.175307,-0.093489,0.268688,-0.184886,0.146788,0.295013,-0.202113,-0.061656,0.299354,0.075292,0.165088,0.015945,0.122293,-0.139906,0.019728,-0.175784,0.185832,0.015611,-0.240355,-0.110019,0.015619
0.000211,0.028057,0.273014,0.197184,0.116108,0.250887,0.179913,-0.092294,0.256775,-0.179492,0.148409,0.289253,-0.196763,-0.059994,0.295142,0.075015,0.165217,0.015890,0.107719,-0.138741,0.015918,-0.174587,0.185900,0.015812,-0.239698,-0.109958,0.015620
0.005986,0.028103,0.268186,0.203020,0.116110,0.246421,0.185747,-0.092277,0.252829,-0.173775,0.148483,0.283542,-0.191047,-0.059904,0.289950,0.075330,0.165233,0.015901,0.107934,-0.138738,0.015987,-0.156753,0.184466,0.015812,-0.238969,-0.109995,0.015631
0.012581,0.028004,0.264323,0.209800,0.115978,0.244163,0.192495,-0.092392,0.251027,-0.167334,0.148400,0.277619,-0.184638,-0.059971,0.284482,0.075820,0.165218,0.015933,0.121689,-0.139711,0.021266,-0.116898,0.181397,0.021257,-0.238189,-0.110004,0.015815
0.020398,0.028091,0.260158,0.217843,0.116014,0.242094,0.200483,-0.092327,0.249667,-0.159686,0.148510,0.270650,-0.177047,-0.059831,0.278223,0.076431,0.165216,0.015998,0.148644,-0.141645,0.029591,-0.071629,0.178226,0.034504,-0.237361,-0.109981,0.015826
0.029824,0.028214,0.255074,0.227456,0.116118,0.239097,0.210071,-0.092185,0.247586,-0.150424,0.148612,0.262563,-0.167809,-0.059691,0.271052,0.077162,0.165217,0.016029,0.176939,-0.143563,0.039073,-0.032992,0.175729,0.048392,-0.236431,-0.110009,0.015852
0.040746,0.028091,0.248488,0.238497,0.115992,0.234028,0.221102,-0.092271,0.243432,-0.139611,0.148454,0.253544,-0.157005,-0.059810,0.262948,0.077976,0.165208,0.015989,0.198220,-0.144885,0.046998,-0.005834,0.173972,0.055057,-0.235402,-0.110071,0.015933
0.052632,0.027523,0.239675,0.250442,0.115404,0.225927,0.233033,-0.092824,0.236061,-0.127770,0.147870,0.243290,-0.145179,-0.060358,0.253424,0.078829,0.165194,0.015918,0.210145,-0.145570,0.051169,0.011990,0.172437,0.049933,-0.234146,-0.110136,0.016013
0.064727,0.026508,0.227589,0.262655,0.114175,0.214159,0.245011,-0.094027,0.224426,-0.115557,0.147043,0.230752,-0.133201,-0.061158,0.241019,0.082696,0.165314,0.015848,0.213004,-0.145624,0.049186,0.020449,0.171506,0.034448,-0.228447,-0.109783,0.017384
0.076277,0.025249,0.211218,0.274635,0.112016,0.198309,0.256000,-0.096122,0.208100,-0.103446,0.146621,0.214335,-0.122081,-0.061517,0.224127,0.093593,0.165403,0.017517,0.205201,-0.145347,0.036092,0.019673,0.171940,0.015797,-0.211705,-0.108356,0.028964
0.086892,0.022591,0.191889,0.285504,0.108762,0.178892,0.266192,-0.099366,0.187509,-0.092408,0.144547,0.196269,-0.111720,-0.063581,0.204886,0.109997,0.164254,0.022461,0.184617,-0.144593,0.015742,0.021310,0.172210,0.015863,-0.177099,-0.109679,0.048377
0.097352,0.019608,0.174073,0.295982,0.106073,0.163527,0.276827,-0.102125,0.170697,-0.082122,0.141340,0.177450,-0.101277,-0.066858,0.184620,0.147538,0.160743,0.028306,0.185245,-0.144698,0.015903,0.022308,0.171841,0.016018,-0.132849,-0.113954,0.058822
0.109142,0.017433,0.160341,0.307917,0.104187,0.158489,0.288768,-0.104036,0.164879,-0.070485,0.138903,0.155803,-0.089633,-0.069321,0.162193,0.199288,0.155932,0.031143,0.186227,-0.144839,0.015986,0.023426,0.171638,0.015959,-0.089018,-0.118188,0.059628
0.122680,0.015762,0.150775,0.321043,0.102861,0.161114,0.301835,-0.105363,0.167299,-0.056475,0.136888,0.134250,-0.075683,-0.071336,0.140435,0.257137,0.150701,0.035958,0.187404,-0.144965,0.015992,0.024687,0.171544,0.015767,-0.051949,-0.121685,0.056394
0.137147,0.014336,0.145254,0.334348,0.101941,0.167124,0.315188,-0.106285,0.173421,-0.040893,0.134956,0.117087,-0.060054,-0.073269,0.123385,0.307672,0.146348,0.044438,0.188633,-0.145067,0.015876,0.026172,0.171382,0.015710,-0.019640,-0.124867,0.050088
0.151739,0.013081,0.143188,0.347650,0.101121,0.173337,0.328522,-0.107100,0.179871,-0.025043,0.133261,0.106504,-0.044172,-0.074960,0.113039,0.345246,0.143109,0.049170,0.189873,-0.145176,0.015780,0.027936,0.171214,0.015874,0.009940,-0.127779,0.043420
0.166337,0.011883,0.143410,0.361455,0.100167,0.177699,0.342337,-0.108049,0.184415,-0.009664,0.131815,0.102406,-0.028782,-0.076402,0.109122,0.369462,0.140693,0.041141,0.191146,-0.145266,0.015911,0.029950,0.171051,0.015876,0.032692,-0.130051,0.036580
0.181361,0.010960,0.144638,0.376362,0.099338,0.179354,0.357198,-0.108854,0.186679,0.005525,0.130773,0.102598,-0.013640,-0.077418,0.109923,0.378802,0.139075,0.017123,0.192498,-0.145369,0.015994,0.032204,0.170939,0.015974,0.050242,-0.132014,0.023385
0.196670,0.010220,0.147515,0.391494,0.098850,0.182579,0.372410,-0.109318,0.190728,0.020930,0.129758,0.104302,0.001846,-0.078411,0.112451,0.380188,0.139043,0.016056,0.193861,-0.145466,0.015980,0.034488,0.170723,0.015734,0.057809,-0.133002,0.015742
0.210878,0.009548,0.154099,0.404977,0.098507,0.192222,0.385925,-0.109642,0.200933,0.035831,0.128738,0.107265,0.016780,-0.079410,0.115977,0.381628,0.138962,0.016333,0.207667,-0.146728,0.016416,0.035241,0.171250,0.030287,0.059702,-0.133207,0.015897
0.224128,0.008945,0.163006,0.417020,0.098358,0.205895,0.398043,-0.109782,0.214954,0.050214,0.127673,0.111059,0.031237,-0.080467,0.120118,0.383170,0.138860,0.015975,0.244358,-0.149933,0.020093,0.043924,0.171452,0.054178,0.061449,-0.133441,0.015862
0.237057,0.008453,0.173241,0.428471,0.098321,0.221466,0.409512,-0.109808,0.230815,0.064603,0.126715,0.115666,0.045643,-0.081414,0.125016,0.384753,0.138749,0.015820,0.277500,-0.152615,0.027161,0.058927,0.171086,0.074927,0.063181,-0.133595,0.015953
0.249635,0.008053,0.184506,0.439516,0.098372,0.237691,0.420572,-0.109747,0.247314,0.078697,0.125852,0.121698,0.059753,-0.082266,0.131320,0.386322,0.138639,0.015778,0.310071,-0.155244,0.033852,0.074906,0.170415,0.089930,0.064701,-0.133742,0.015846
0.261829,0.007710,0.196545,0.450335,0.098404,0.253828,0.431380,-0.109702,0.263690,0.092279,0.125121,0.129400,0.073324,-0.082985,0.139261,0.387886,0.138509,0.015942,0.346348,-0.158273,0.039424,0.089948,0.169710,0.101705,0.065880,-0.133852,0.015681
0.273777,0.007393,0.208687,0.461229,0.098378,0.268890,0.442264,-0.109717,0.278960,0.105289,0.124503,0.138414,0.086324,-0.083592,0.148483,0.389480,0.138373,0.016043,0.386806,-0.161688,0.044738,0.103686,0.168988,0.110473,0.066704,-0.133917,0.015772
0.285664,0.007141,0.220166,0.472614,0.098327,0.281614,0.453666,-0.109757,0.291938,0.117661,0.124039,0.148394,0.098713,-0.084045,0.158718,0.391157,0.138257,0.015942,0.430361,-0.165304,0.050564,0.116092,0.168192,0.114457,0.067173,-0.133958,0.015795
0.297646,0.007046,0.230097,0.484905,0.098302,0.290490,0.465999,-0.109767,0.301182,0.129293,0.123859,0.159011,0.110386,-0.084210,0.169703,0.394238,0.138118,0.015731,0.474848,-0.168804,0.057240,0.127964,0.167174,0.110316,0.067342,-0.133905,0.015787
0.309966,0.007114,0.238117,0.498400,0.098287,0.294873,0.479498,-0.109746,0.306263,0.140434,0.123975,0.169972,0.121532,-0.084058,0.181362,0.395765,0.138050,0.016016,0.517660,-0.172180,0.064047,0.142785,0.165364,0.095050,0.067230,-0.133894,0.015791
0.322767,0.007111,0.244258,0.512894,0.098002,0.295558,0.493974,-0.109990,0.307638,0.151561,0.124211,0.180878,0.132641,-0.083781,0.192957,0.397169,0.138009,0.016028,0.553758,-0.174935,0.070147,0.168384,0.161925,0.069488,0.066985,-0.133813,0.015777
0.335979,0.007122,0.247996,0.528135,0.097588,0.291965,0.509206,-0.110354,0.304857,0.162753,0.124598,0.191136,0.143824,-0.083344,0.204028,0.398259,0.138024,0.015947,0.578555,-0.176947,0.070078,0.211068,0.156748,0.043112,0.066649,-0.133716,0.015743
0.349606,0.007019,0.249118,0.543732,0.097032,0.284527,0.524932,-0.110877,0.298131,0.174279,0.124915,0.200106,0.155479,-0.082994,0.213710,0.400414,0.138144,0.015864,0.591990,-0.178058,0.063002,0.264682,0.151283,0.029094,0.066321,-0.133620,0.015701
0.363668,0.006565,0.247539,0.559562,0.095955,0.273545,0.540816,-0.111914,0.287821,0.186521,0.125044,0.207257,0.167775,-0.082825,0.221533,0.402345,0.138174,0.015823,0.595662,-0.178802,0.051924,0.312151,0.147203,0.028863,0.066161,-0.133545,0.015613
0.377848,0.005505,0.243018,0.575160,0.094136,0.258941,0.556442,-0.113711,0.273561,0.199254,0.124721,0.212475,0.180536,-0.083127,0.227095,0.405619,0.138051,0.015840,0.591754,-0.179260,0.037238,0.346746,0.144443,0.031350,0.067174,-0.133519,0.015897
0.391873,0.003735,0.235291,0.590199,0.091357,0.240817,0.571282,-0.116479,0.255346,0.212464,0.123948,0.215237,0.193548,-0.083888,0.229765,0.408964,0.137877,0.015888,0.581413,-0.179587,0.020206,0.368653,0.142562,0.030430,0.072618,-0.133590,0.015745
0.405542,0.001789,0.225022,0.604187,0.088792,0.221606,0.585311,-0.119058,0.235984,0.225773,0.122636,0.214059,0.206897,-0.085214,0.228438,0.413744,0.137605,0.015941,0.578875,-0.179435,0.016022,0.381620,0.141086,0.024086,0.081601,-0.133985,0.020206
0.418557,0.000313,0.213049,0.617219,0.086873,0.204004,0.598295,-0.120936,0.218899,0.238819,0.121561,0.207199,0.219895,-0.086248,0.222093,0.423805,0.136760,0.015922,0.578787,-0.179450,0.016082,0.384984,0.140304,0.016034,0.098620,-0.134478,0.033458
0.430971,-0.001179,0.200053,0.629552,0.085283,0.188598,0.610716,-0.122491,0.204073,0.251226,0.120134,0.196032,0.232391,-0.087641,0.211507,0.439904,0.135755,0.021003,0.579016,-0.179379,0.016108,0.386180,0.140248,0.015926,0.129536,-0.135866,0.053234
0.443484,-0.002846,0.187003,0.642017,0.083910,0.177049,0.623386,-0.123838,0.193121,0.263582,0.118146,0.180884,0.244951,-0.089602,0.196957,0.460557,0.134537,0.029505,0.579636,-0.179378,0.016090,0.387312,0.140052,0.015887,0.170668,-0.138872,0.065572
0.456467,-0.004890,0.174496,0.655047,0.082241,0.170581,0.636320,-0.125498,0.186667,0.276614,0.115717,0.162325,0.257887,-0.092022,0.178411,0.488576,0.132739,0.037843,0.580553,-0.179457,0.015984,0.388528,0.140065,0.015977,0.214631,-0.142205,0.071056
0.470231,-0.007351,0.163420,0.668400,0.080575,0.169688,0.649670,-0.127198,0.185314,0.290792,0.112496,0.141525,0.272062,-0.095277,0.157151,0.524123,0.129666,0.041019,0.581672,-0.179579,0.015811,0.389714,0.139907,0.016086,0.255100,-0.145930,0.071791
0.484797,-0.009842,0.155140,0.681693,0.079012,0.174577,0.662873,-0.128808,0.189446,0.306720,0.109124,0.120833,0.287900,-0.098696,0.135703,0.568673,0.125292,0.038911,0.582916,-0.179749,0.015724,0.390965,0.139745,0.015988,0.289667,-0.149515,0.067117
0.499690,-0.011906,0.151224,0.694261,0.077946,0.184544,0.675335,-0.129906,0.198828,0.324046,0.106095,0.103620,0.305120,-0.101757,0.117904,0.620691,0.120314,0.037930,0.584179,-0.179918,0.015953,0.392483,0.139570,0.015752,0.320041,-0.153005,0.057596
0.514160,-0.013401,0.152159,0.705886,0.077414,0.197269,0.686921,-0.130454,0.211265,0.341399,0.103652,0.093054,0.322434,-0.104216,0.107049,0.670598,0.115939,0.042266,0.585445,-0.180080,0.016061,0.394399,0.139347,0.015669,0.349179,-0.156488,0.046291
0.527901,-0.014599,0.156861,0.717363,0.076859,0.209593,0.698411,-0.131031,0.223277,0.357391,0.101833,0.090446,0.338439,-0.106057,0.104129,0.708660,0.112489,0.043991,0.586730,-0.180226,0.016044,0.396699,0.139075,0.015838,0.376216,-0.159745,0.035634
0.541556,-0.015907,0.163304,0.730117,0.075633,0.219040,0.711135,-0.132291,0.232145,0.371978,0.100476,0.094463,0.352996,-0.107448,0.107569,0.732637,0.109696,0.037604,0.588101,-0.180418,0.015889,0.399131,0.138785,0.016074,0.397032,-0.162420,0.024702
0.555629,-0.017143,0.169177,0.744676,0.074098,0.223743,0.725622,-0.133846,0.236437,0.385635,0.099559,0.101916,0.366582,-0.108384,0.114610,0.741452,0.107785,0.021727,0.589472,-0.180557,0.015922,0.401336,0.138592,0.015856,0.405474,-0.163688,0.016079
0.569854,-0.017586,0.174306,0.759732,0.073799,0.225651,0.740996,-0.134141,0.238855,0.398713,0.098970,0.109757,0.379977,-0.108971,0.122961,0.742925,0.107731,0.016068,0.597312,-0.181065,0.016085,0.402425,0.138544,0.018152,0.407086,-0.163927,0.016053
0.583224,-0.018044,0.180637,0.773258,0.073398,0.231299,0.754530,-0.134517,0.244897,0.411919,0.098430,0.116376,0.393190,-0.109485,0.129974,0.744166,0.107678,0.016145,0.625100,-0.183536,0.016373,0.406254,0.139595,0.038757,0.408569,-0.164058,0.015973
0.596078,-0.018829,0.188566,0.785722,0.072728,0.240469,0.767047,-0.135205,0.253892,0.425109,0.097546,0.123241,0.406435,-0.110386,0.136664,0.745557,0.107554,0.015737,0.659015,-0.186235,0.021443,0.417298,0.140348,0.067058,0.409878,-0.164218,0.015905
0.608780,-0.019623,0.197724,0.798007,0.071996,0.251017,0.779342,-0.135953,0.264183,0.438217,0.096708,0.131264,0.419552,-0.111242,0.144431,0.746992,0.107403,0.015765,0.694527,-0.188990,0.028438,0.432246,0.140381,0.090425,0.410936,-0.164341,0.015724
0.621446,-0.020367,0.207851,0.810368,0.071278,0.262174,0.791703,-0.136686,0.275108,0.451189,0.095953,0.140594,0.432524,-0.112011,0.153528,0.748452,0.107246,0.016013,0.734621,-0.192171,0.035728,0.447148,0.139940,0.106906,0.411701,-0.164433,0.015729
0.634243,-0.021118,0.218294,0.823099,0.070502,0.272885,0.804461,-0.137479,0.285578,0.464024,0.095243,0.151011,0.445386,-0.112739,0.163703,0.749978,0.107098,0.016056,0.779139,-0.195689,0.043672,0.460692,0.139130,0.116148,0.412171,-0.164508,0.015736
0.647283,-0.021832,0.228082,0.836554,0.069650,0.281458,0.817931,-0.138342,0.294005,0.476635,0.094679,0.162158,0.458013,-0.113313,0.174705,0.751573,0.106955,0.015931,0.825365,-0.199296,0.052410,0.473301,0.137921,0.116235,0.412366,-0.164529,0.015746
0.660657,-0.022507,0.236404,0.850915,0.068707,0.286635,0.832301,-0.139285,0.299191,0.489012,0.094272,0.173618,0.470398,-0.113720,0.186174,0.753119,0.106831,0.015926,0.870013,-0.202728,0.061413,0.488106,0.135875,0.104184,0.412322,-0.164524,0.015755
0.674463,-0.023193,0.242801,0.866186,0.067620,0.287929,0.847573,-0.140362,0.300642,0.501353,0.093975,0.184961,0.482740,-0.114007,0.197673,0.754554,0.106707,0.016033,0.907923,-0.205695,0.068064,0.512644,0.132255,0.079831,0.412110,-0.164521,0.015773
0.688644,-0.023846,0.246710,0.882121,0.066460,0.284827,0.863528,-0.141507,0.297825,0.513760,0.093815,0.195595,0.495168,-0.114151,0.208594,0.755784,0.106675,0.016042,0.934362,-0.207929,0.067911,0.555313,0.126785,0.051045,0.411793,-0.164470,0.015749
0.703020,-0.024540,0.247603,0.898268,0.065161,0.277149,0.879695,-0.142780,0.290571,0.526344,0.093700,0.204634,0.507772,-0.114241,0.218056,0.756755,0.106668,0.015978,0.948022,-0.209515,0.059609,0.612901,0.120656,0.033627,0.411488,-0.164429,0.015691
0.717677,-0.025501,0.245547,0.914383,0.063631,0.265633,0.895966,-0.144308,0.279298,0.539389,0.093306,0.211796,0.520972,-0.114633,0.225461,0.758717,0.106732,0.015909,0.950345,-0.210259,0.044825,0.665659,0.116083,0.032778,0.411544,-0.164454,0.015665
0.732453,-0.027046,0.240570,0.930249,0.061392,0.250403,0.911919,-0.146558,0.264028,0.552988,0.092465,0.217112,0.534658,-0.115484,0.230737,0.760877,0.106676,0.015835,0.944803,-0.210688,0.027330,0.703774,0.113092,0.036932,0.412669,-0.164541,0.015733
0.747019,-0.029308,0.232479,0.945386,0.058391,0.231758,0.927074,-0.149596,0.244822,0.566965,0.090979,0.220136,0.548653,-0.117008,0.233200,0.762636,0.106633,0.015818,0.939089,-0.210734,0.016123,0.727685,0.111098,0.037904,0.418514,-0.164923,0.015753
0.760933,-0.031441,0.222423,0.959164,0.056056,0.212925,0.941218,-0.151965,0.225958,0.580649,0.089083,0.218889,0.562703,-0.118938,0.231922,0.767817,0.105926,0.015895,0.938731,-0.210610,0.016043,0.740901,0.109202,0.031112,0.430875,-0.166587,0.019407
0.774236,-0.032906,0.210517,0.972246,0.054354,0.195718,0.954407,-0.153645,0.209244,0.594065,0.087833,0.211790,0.576226,-0.120165,0.225315,0.777720,0.105057,0.015902,0.938731,-0.210575,0.016054,0.741974,0.108128,0.015972,0.449972,-0.167536,0.033298
0.787103,-0.034031,0.196841,0.985275,0.052614,0.180661,0.966905,-0.155307,0.194673,0.607302,0.087245,0.199008,0.588931,-0.120675,0.213020,0.794558,0.104352,0.019782,0.939025,-0.210606,0.016130,0.743546,0.108601,0.015952,0.481510,-0.167833,0.051005
0.799929,-0.035587,0.183148,0.998166,0.051249,0.168917,0.979894,-0.156639,0.183519,0.619963,0.085464,0.182777,0.601691,-0.122424,0.197379,0.816425,0.103015,0.027337,0.939693,-0.210598,0.016160,0.744782,0.108506,0.015857,0.523829,-0.170732,0.063342
0.813128,-0.037540,0.170328,1.011476,0.049860,0.162543,0.993337,-0.158027,0.177331,0.632920,0.082946,0.163325,0.614781,-0.124941,0.178113,0.844122,0.101171,0.035633,0.940725,-0.210647,0.016039,0.745923,0.108340,0.015951,0.569053,-0.174482,0.068550
0.827020,-0.039879,0.159230,1.025199,0.048195,0.162286,1.006962,-0.159719,0.176560,0.647078,0.079962,0.141899,0.628841,-0.127953,0.156174,0.878378,0.098369,0.039424,0.941930,-0.210776,0.015901,0.747119,0.108279,0.016071,0.610523,-0.178027,0.069511
0.841698,-0.042305,0.151130,1.038768,0.046691,0.167992,1.020490,-0.161272,0.181484,0.662906,0.076662,0.120776,0.644628,-0.131301,0.134267,0.920870,0.094334,0.037913,0.943255,-0.210959,0.015709,0.748407,0.108070,0.015998,0.645420,-0.181540,0.065680
0.856707,-0.044334,0.147518,1.051534,0.045621,0.179008,1.033184,-0.162378,0.191821,0.680231,0.073710,0.103214,0.661880,-0.134290,0.116028,0.971262,0.089653,0.036773,0.944568,-0.211118,0.015768,0.749869,0.107893,0.015797,0.675599,-0.184865,0.056732
0.871281,-0.045841,0.148923,1.063187,0.045026,0.193155,1.044792,-0.162993,0.205585,0.697770,0.071310,0.092261,0.679375,-0.136708,0.104691,1.021355,0.085345,0.041067,0.945854,-0.211279,0.016034,0.751771,0.107666,0.015657,0.704196,-0.188126,0.045879
0.885017,-0.047043,0.154265,1.074385,0.044471,0.207238,1.055999,-0.163571,0.219283,0.714035,0.069486,0.089246,0.695649,-0.138556,0.101291,1.060839,0.081920,0.044002,0.947139,-0.211421,0.016046,0.754087,0.107402,0.015885,0.731284,-0.191238,0.035154
0.898492,-0.048321,0.161475,1.086600,0.043328,0.218547,1.068185,-0.164747,0.229963,0.728800,0.068106,0.092988,0.710385,-0.139969,0.104403,1.086844,0.079168,0.039300,0.948503,-0.211593,0.015937,0.756597,0.107123,0.016091,0.752491,-0.193780,0.024421
0.912257,-0.049557,0.168360,1.100697,0.041698,0.224968,1.082010,-0.166372,0.236031,0.742505,0.067259,0.100688,0.723818,-0.140811,0.111752,1.098208,0.077005,0.025363,0.949962,-0.211919,0.015826,0.758846,0.106978,0.015870,0.760682,-0.194906,0.016069
0.926370,-0.050098,0.174462,1.115571,0.041197,0.228401,1.097035,-0.166863,0.239889,0.755705,0.066667,0.109036,0.737169,-0.141394,0.120524,1.099054,0.076642,0.016036,0.954889,-0.212260,0.016021,0.760969,0.106802,0.016773,0.762358,-0.195106,0.016033
0.939744,-0.050491,0.181391,1.129085,0.040890,0.234687,1.110549,-0.167143,0.246651,0.768938,0.066161,0.116130,0.750402,-0.141873,0.128094,1.100343,0.076580,0.016016,0.979477,-0.214408,0.016459,0.763964,0.107843,0.038486,0.763862,-0.195227,0.015940
0.952538,-0.051205,0.189624,1.141548,0.040274,0.243921,1.123039,-0.167764,0.255840,0.782037,0.065355,0.123409,0.763529,-0.142684,0.135328,1.101758,0.076444,0.015704,1.015555,-0.217358,0.021022,0.774271,0.108485,0.066426,0.765149,-0.195378,0.015829
0.965134,-0.052006,0.198914,1.153784,0.039514,0.254379,1.135278,-0.168536,0.266089,0.794989,0.064525,0.131738,0.776483,-0.143526,0.143449,1.103190,0.076285,0.015775,1.052263,-0.220262,0.027868,0.788698,0.108420,0.089709,0.766159,-0.195502,0.015647
0.977700,-0.052769,0.209106,1.166131,0.038751,0.265311,1.147624,-0.169311,0.276818,0.807776,0.063774,0.141394,0.789268,-0.144288,0.152901,1.104648,0.076130,0.016016,1.093022,-0.223516,0.035210,0.803287,0.107931,0.106303,0.766874,-0.195581,0.015733
0.990429,-0.053501,0.219556,1.178930,0.037964,0.275615,1.160435,-0.170108,0.286950,0.820423,0.063106,0.152162,0.801929,-0.144966,0.163496,1.106172,0.075988,0.016039,1.137858,-0.227067,0.043350,0.816660,0.107151,0.115705,0.767291,-0.195631,0.015776
1.003410,-0.054207,0.229223,1.192470,0.037115,0.283607,1.173997,-0.170963,0.294868,0.832823,0.062549,0.163579,0.814349,-0.145529,0.174839,1.107757,0.075843,0.015898,1.184252,-0.230699,0.052238,0.829183,0.105953,0.115263,0.767428,-0.195666,0.015787
1.016749,-0.054878,0.237355,1.206949,0.036156,0.288125,1.188467,-0.171918,0.299449,0.845031,0.062162,0.175260,0.826548,-0.145913,0.186584,1.109278,0.075714,0.015913,1.228722,-0.234151,0.061279,0.844388,0.103957,0.102529,0.767340,-0.195644,0.015789
1.030567,-0.055515,0.243517,1.222353,0.035135,0.288701,1.203879,-0.172928,0.300248,0.857255,0.061897,0.186785,0.838780,-0.146165,0.198333,1.110671,0.075617,0.016028,1.265808,-0.237041,0.067532,0.870142,0.100394,0.077639,0.767087,-0.195629,0.015790
1.044778,-0.056110,0.247160,1.238381,0.034071,0.284929,1.219947,-0.173977,0.296805,0.869609,0.061756,0.197516,0.851176,-0.146292,0.209392,1.111784,0.075641,0.016027,1.291028,-0.239122,0.066505,0.914486,0.095029,0.049442,0.766746,-0.195565,0.015765
1.059208,-0.056759,0.247766,1.254592,0.032857,0.276667,1.236193,-0.175170,0.288952,0.882223,0.061652,0.206580,0.863824,-0.146374,0.218865,1.112771,0.075711,0.015969,1.303474,-0.240512,0.057229,0.972355,0.089179,0.033731,0.766409,-0.195460,0.015741
1.073892,-0.057648,0.245329,1.270780,0.031323,0.264308,1.252420,-0.176688,0.276921,0.895363,0.061393,0.213738,0.877003,-0.146618,0.226351,1.114767,0.075741,0.015910,1.304613,-0.241275,0.041572,1.023976,0.084843,0.033859,0.766322,-0.195332,0.015698
1.088666,-0.059177,0.239954,1.286581,0.029143,0.248341,1.268313,-0.178878,0.260929,0.909019,0.060523,0.218980,0.890751,-0.147497,0.231567,1.116550,0.075713,0.015836,1.297849,-0.241551,0.023428,1.060981,0.081939,0.038082,0.767569,-0.195438,0.015909
1.103145,-0.061131,0.232182,1.301377,0.026865,0.230708,1.283441,-0.181199,0.243054,0.922849,0.058938,0.221311,0.904913,-0.149126,0.233656,1.118119,0.075611,0.015832,1.295631,-0.241410,0.016168,1.084179,0.079905,0.038893,0.771411,-0.196144,0.017443
1.116884,-0.062748,0.222641,1.315049,0.024916,0.213333,1.297257,-0.183147,0.225905,0.936510,0.057651,0.219378,0.918718,-0.150411,0.231950,1.122393,0.075160,0.015913,1.295412,-0.241370,0.016015,1.095656,0.078368,0.031167,0.782975,-0.197244,0.021068
1.130046,-0.063969,0.210805,1.328058,0.023357,0.196438,1.310243,-0.184669,0.209563,0.949849,0.056732,0.212048,0.932034,-0.151295,0.225173,1.133328,0.074350,0.015908,1.295414,-0.241315,0.016049,1.095527,0.077591,0.015965,0.802810,-0.197906,0.035431
1.142810,-0.065033,0.196950,1.340926,0.021742,0.180782,1.322675,-0.186209,0.194490,0.962946,0.056143,0.199410,0.944695,-0.151808,0.213118,1.150357,0.073509,0.018746,1.295673,-0.241321,0.016097,1.097293,0.077981,0.015932,0.835170,-0.198603,0.051012
1.155499,-0.066566,0.183144,1.353674,0.020346,0.168503,1.335495,-0.187573,0.182789,0.975503,0.054440,0.183498,0.957325,-0.153478,0.197784,1.172538,0.072090,0.025546,1.296307,-0.241330,0.016102,1.098547,0.077895,0.015872,0.877985,-0.201557,0.062642
1.168569,-0.068428,0.170403,1.366869,0.019020,0.161968,1.348825,-0.188893,0.176501,0.988313,0.052037,0.164304,0.970269,-0.155876,0.178837,1.200388,0.070249,0.033910,1.297316,-0.241367,0.016081,1.099698,0.077733,0.015968,0.923578,-0.205327,0.067659
1.182356,-0.070694,0.159476,1.380536,0.017401,0.161728,1.362393,-0.190537,0.175774,1.002319,0.049149,0.143178,0.984176,-0.158789,0.157224,1.234351,0.067539,0.038211,1.298522,-0.241487,0.015928,1.100931,0.077684,0.016068,0.965313,-0.208847,0.068734
1.196960,-0.073036,0.151475,1.394093,0.015988,0.167418,1.375938,-0.191996,0.180737,1.017981,0.045924,0.122212,0.999826,-0.162061,0.135532,1.276330,0.063647,0.037245,1.299859,-0.241643,0.015664,1.102242,0.077481,0.015980,1.000454,-0.212341,0.065115
1.211928,-0.075031,0.147815,1.406913,0.014930,0.178296,1.388677,-0.193087,0.190985,1.035179,0.043025,0.104644,1.016943,-0.164992,0.117334,1.326163,0.059058,0.036359,1.301176,-0.241814,0.015766,1.103728,0.077301,0.015750,1.030725,-0.215620,0.056498
1.226508,-0.076565,0.149101,1.418654,0.014303,0.192276,1.400397,-0.193737,0.204548,1.052619,0.040607,0.093654,1.034362,-0.167433,0.105926,1.376003,0.054807,0.040673,1.302470,-0.241967,0.016025,1.105634,0.077065,0.015782,1.059378,-0.218883,0.045710
1.240279,-0.077782,0.154299,1.429949,0.013717,0.206207,1.411700,-0.194347,0.218086,1.068859,0.038783,0.090511,1.050609,-0.169280,0.102391,1.415610,0.051402,0.043837,1.303756,-0.242112,0.016064,1.107955,0.076789,0.015848,1.086492,-0.221977,0.034948
1.253821,-0.079071,0.161429,1.442241,0.012563,0.217485,1.423959,-0.195532,0.228741,1.083683,0.037390,0.094117,1.065401,-0.170705,0.105373,1.441887,0.048650,0.039349,1.305122,-0.242293,0.015953,1.110410,0.076508,0.015999,1.108043,-0.224539,0.024100
1.267677,-0.080296,0.168294,1.456344,0.011044,0.224001,1.437902,-0.197059,0.234860,1.097452,0.036468,0.101728,1.079011,-0.171635,0.112587,1.453538,0.046628,0.025561,1.306513,-0.242534,0.015823,1.112633,0.076330,0.015826,1.116226,-0.225659,0.016056
1.281895,-0.080807,0.174379,1.471286,0.010561,0.227521,1.452962,-0.197528,0.238826,1.110828,0.035914,0.109931,1.092504,-0.172175,0.121237,1.454233,0.046265,0.016026,1.311325,-0.242853,0.016017,1.115278,0.076135,0.016433,1.117911,-0.225818,0.016075
1.295351,-0.081211,0.181311,1.484815,0.010268,0.234001,1.466504,-0.197797,0.245773,1.124197,0.035374,0.116848,1.105887,-0.172690,0.128620,1.455535,0.046209,0.016016,1.335656,-0.244965,0.016263,1.118645,0.077104,0.038064,1.119433,-0.225955,0.015953
1.308204,-0.081955,0.189555,1.497291,0.009621,0.243415,1.479007,-0.198451,0.255099,1.137400,0.034541,0.124010,1.119117,-0.173531,0.135694,1.456960,0.046075,0.015702,1.371608,-0.247868,0.020763,1.129215,0.077708,0.066157,1.120736,-0.226099,0.015852
1.320856,-0.082764,0.198857,1.509568,0.008850,0.253957,1.491287,-0.199235,0.265406,1.150425,0.033708,0.132308,1.132144,-0.174377,0.143757,1.458397,0.045934,0.015792,1.408359,-0.250729,0.027583,1.143841,0.077634,0.089677,1.121752,-0.226207,0.015646
1.333485,-0.083534,0.209047,1.521974,0.008094,0.264878,1.503710,-0.200004,0.276126,1.163260,0.032935,0.141969,1.144995,-0.175162,0.153216,1.459856,0.045786,0.016016,1.449346,-0.253960,0.034914,1.158568,0.077118,0.106450,1.122475,-0.226306,0.015756
1.346262,-0.084278,0.219441,1.534829,0.007294,0.275102,1.516575,-0.200814,0.286179,1.175949,0.032258,0.152703,1.157694,-0.175850,0.163781,1.461378,0.045635,0.016038,1.494501,-0.257506,0.043092,1.172035,0.076322,0.115747,1.122890,-0.226364,0.015778
1.359293,-0.084988,0.229047,1.548432,0.006438,0.282982,1.530200,-0.201676,0.293975,1.188386,0.031701,0.164119,1.170154,-0.176413,0.175111,1.462958,0.045505,0.015894,1.541100,-0.261095,0.052076,1.184698,0.075133,0.115312,1.123029,-0.226387,0.015788
1.372682,-0.085663,0.237085,1.562964,0.005490,0.287336,1.544738,-0.202621,0.298394,1.200626,0.031295,0.175776,1.182400,-0.176816,0.186834,1.464470,0.045381,0.015910,1.585599,-0.264499,0.061057,1.200193,0.073115,0.102272,1.122940,-0.226385,0.015793
1.386545,-0.086338,0.243126,1.578413,0.004414,0.287755,1.560176,-0.203685,0.299010,1.212913,0.031009,0.187242,1.194676,-0.177090,0.198497,1.465850,0.045273,0.016027,1.622471,-0.267378,0.067093,1.226611,0.069537,0.077016,1.122693,-0.226354,0.015789
1.400795,-0.086975,0.246616,1.594458,0.003320,0.283796,1.576270,-0.204767,0.295346,1.225320,0.030817,0.197885,1.207131,-0.177270,0.209435,1.466962,0.045295,0.016025,1.647230,-0.269415,0.065599,1.271849,0.064173,0.048891,1.122361,-0.226303,0.015772
1.415273,-0.087635,0.247067,1.610698,0.002099,0.275320,1.592533,-0.205967,0.287289,1.238014,0.030697,0.206845,1.219849,-0.177369,0.218813,1.467944,0.045341,0.015969,1.659088,-0.270792,0.055784,1.330005,0.058409,0.033788,1.122032,-0.226208,0.015754
1.430058,-0.088604,0.244590,1.626918,0.000553,0.262989,1.608847,-0.207506,0.275218,1.251270,0.030298,0.213962,1.233199,-0.177761,0.226190,1.469912,0.045367,0.015902,1.659788,-0.271451,0.040052,1.381298,0.054148,0.034354,1.122027,-0.226177,0.015678
1.444916,-0.090179,0.239150,1.642769,-0.001663,0.246912,1.624781,-0.209733,0.259074,1.265052,0.029374,0.219227,1.247064,-0.178696,0.231389,1.471971,0.045293,0.015833,1.652774,-0.271728,0.021647,1.417856,0.051302,0.038591,1.123200,-0.226280,0.015916
1.459462,-0.092232,0.231019,1.657668,-0.004203,0.228437,1.639845,-0.212310,0.240203,1.279079,0.027846,0.221835,1.261257,-0.180261,0.233601,1.473541,0.045234,0.015832,1.650246,-0.271566,0.015989,1.440464,0.049387,0.039190,1.128284,-0.226820,0.016789
