0.010422,0.015269,0.352269,0.201469,0.117838,0.356922,0.199353,-0.091080,0.346270,-0.178510,0.121618,0.358268,-0.180626,-0.087300,0.347617,0.191285,0.174861,0.133151,0.200827,-0.126896,0.155806,-0.168562,0.176482,0.172842,-0.149639,-0.122833,0.145749
0.013573,0.023327,0.346876,0.204713,0.125754,0.350806,0.202393,-0.083109,0.339166,-0.175247,0.129764,0.354587,-0.177567,-0.079099,0.342946,0.197892,0.183778,0.127862,0.195095,-0.117697,0.144402,-0.137718,0.187212,0.133143,-0.143880,-0.112969,0.127128
0.015373,0.031485,0.336133,0.206428,0.134056,0.340413,0.204280,-0.074758,0.327885,-0.173533,0.137727,0.344382,-0.175682,-0.071086,0.331854,0.218677,0.192521,0.122791,0.193816,-0.108454,0.132370,-0.108078,0.196214,0.117281,-0.135142,-0.104350,0.120393
0.017105,0.039689,0.321067,0.208230,0.142098,0.326070,0.205946,-0.066667,0.312773,-0.171736,0.146045,0.329362,-0.174020,-0.062719,0.316064,0.238821,0.200763,0.114837,0.197543,-0.099861,0.120316,-0.088181,0.204851,0.106826,-0.125817,-0.095875,0.113277
0.019417,0.047850,0.302140,0.210779,0.149752,0.308279,0.208017,-0.058927,0.293778,-0.169184,0.154626,0.310502,-0.171945,-0.054053,0.296001,0.250281,0.209353,0.098750,0.197470,-0.091219,0.104819,-0.075883,0.214175,0.091473,-0.115330,-0.086672,0.098945
0.022583,0.055951,0.279122,0.214266,0.157128,0.287010,0.210850,-0.051401,0.270614,-0.165684,0.163303,0.287630,-0.169100,-0.045226,0.271234,0.251120,0.218821,0.074617,0.183567,-0.081722,0.082026,-0.067143,0.224412,0.069805,-0.101931,-0.076623,0.076663
0.026138,0.064092,0.252013,0.218226,0.164359,0.261509,0.213969,-0.044009,0.243362,-0.161693,0.172193,0.260664,-0.165949,-0.036175,0.242517,0.245463,0.228138,0.046746,0.167064,-0.072546,0.058077,-0.058536,0.234630,0.043498,-0.091235,-0.066512,0.049372
0.029678,0.072260,0.221436,0.222169,0.171727,0.231188,0.217061,-0.036718,0.214174,-0.157704,0.181239,0.228698,-0.162812,-0.027206,0.211684,0.238567,0.234445,0.016719,0.157160,-0.065811,0.029748,-0.051863,0.241630,0.015895,-0.086356,-0.058755,0.016411
0.032623,0.076535,0.194699,0.225134,0.176095,0.202994,0.219990,-0.032522,0.188262,-0.154743,0.185593,0.201136,-0.159887,-0.023024,0.186404,0.236987,0.234586,0.015980,0.152950,-0.064285,0.016053,-0.050684,0.241677,0.016013,-0.085348,-0.058378,0.015614
0.036560,0.078411,0.175910,0.229022,0.177849,0.186476,0.223905,-0.030820,0.172474,-0.150784,0.187642,0.179345,-0.155902,-0.021026,0.165343,0.236352,0.234673,0.016017,0.151593,-0.064110,0.015969,-0.049969,0.241701,0.015940,-0.084676,-0.058295,0.015668
0.041595,0.079588,0.161591,0.233920,0.178815,0.175958,0.228829,-0.029884,0.162412,-0.145638,0.189060,0.160770,-0.150729,-0.019639,0.147225,0.236160,0.234703,0.015986,0.151885,-0.064067,0.016061,-0.049408,0.241670,0.015958,-0.084082,-0.058301,0.015910
0.047081,0.080478,0.150017,0.239231,0.179537,0.167530,0.234155,-0.029184,0.154337,-0.139993,0.190141,0.145697,-0.145069,-0.018581,0.132504,0.236208,0.234743,0.016013,0.151308,-0.063990,0.016173,-0.048892,0.241684,0.015904,-0.083540,-0.058261,0.015902
0.052979,0.081165,0.140275,0.244957,0.180076,0.160331,0.239866,-0.028665,0.147451,-0.133909,0.190996,0.133100,-0.139000,-0.017745,0.120220,0.236428,0.234741,0.015974,0.151920,-0.063964,0.016088,-0.048367,0.241697,0.015815,-0.082966,-0.058234,0.016046
0.059105,0.081631,0.132369,0.250923,0.180443,0.154349,0.245835,-0.028310,0.141657,-0.127625,0.191571,0.123082,-0.132713,-0.017182,0.110390,0.236751,0.234751,0.015943,0.152569,-0.063943,0.015996,-0.047871,0.241702,0.015714,-0.082378,-0.058227,0.016163
0.065414,0.081982,0.126444,0.257112,0.180734,0.149705,0.252019,-0.028032,0.137247,-0.121190,0.191997,0.115641,-0.126284,-0.016770,0.103183,0.237226,0.234749,0.015892,0.153261,-0.063926,0.015900,-0.047278,0.241709,0.015580,-0.081669,-0.058214,0.016232
0.071754,0.082210,0.122629,0.263378,0.180927,0.146642,0.258269,-0.027854,0.134434,-0.114760,0.192274,0.110824,-0.119869,-0.016507,0.098616,0.237783,0.234746,0.015795,0.153977,-0.063905,0.015774,-0.046639,0.241710,0.015702,-0.080853,-0.058187,0.016246
0.077988,0.082258,0.120967,0.269590,0.180947,0.145265,0.264452,-0.027843,0.133211,-0.108477,0.192359,0.108723,-0.113614,-0.016430,0.096670,0.238407,0.234729,0.015777,0.154621,-0.063894,0.015670,-0.045955,0.241722,0.015847,-0.079766,-0.058161,0.016268
0.084106,0.082118,0.121501,0.275741,0.180791,0.145600,0.270570,-0.028000,0.133599,-0.102358,0.192236,0.109403,-0.107529,-0.016556,0.097403,0.239074,0.234698,0.015811,0.155217,-0.063902,0.015628,-0.045180,0.241729,0.015960,-0.078621,-0.058140,0.016140
0.090027,0.081846,0.124283,0.281744,0.180538,0.147636,0.276546,-0.028255,0.135671,-0.096492,0.191946,0.112894,-0.101691,-0.016846,0.100929,0.239677,0.234677,0.015823,0.155737,-0.063913,0.015735,-0.044434,0.241740,0.016028,-0.077497,-0.058115,0.015903
0.095940,0.081458,0.129481,0.287785,0.180192,0.151572,0.282551,-0.028604,0.139675,-0.090671,0.191520,0.119287,-0.095906,-0.017276,0.107389,0.240405,0.234654,0.015812,0.156258,-0.063918,0.015825,-0.043619,0.241762,0.016034,-0.076415,-0.058082,0.015775
0.101768,0.080990,0.137260,0.293769,0.179788,0.157653,0.288490,-0.029016,0.145913,-0.084953,0.190996,0.128606,-0.090232,-0.017807,0.116867,0.241107,0.234632,0.015775,0.156697,-0.063910,0.015900,-0.042935,0.241800,0.016026,-0.075610,-0.058034,0.015857
0.107559,0.080630,0.147945,0.299683,0.179548,0.166514,0.294390,-0.029284,0.155304,-0.079272,0.190544,0.140586,-0.084565,-0.018288,0.129376,0.241792,0.234635,0.015796,0.157069,-0.063853,0.015928,-0.042443,0.241832,0.015943,-0.075212,-0.057968,0.015982
0.112946,0.080285,0.161463,0.305198,0.179403,0.177454,0.299937,-0.029466,0.166932,-0.074046,0.190037,0.155993,-0.079307,-0.018832,0.145471,0.242535,0.234643,0.015863,0.157469,-0.063797,0.016005,-0.046856,0.241798,0.018542,-0.075224,-0.057930,0.015895
0.117470,0.080156,0.177365,0.309889,0.179583,0.188776,0.304686,-0.029332,0.179188,-0.069747,0.189645,0.175542,-0.074950,-0.019270,0.165954,0.243195,0.234687,0.015963,0.157896,-0.063701,0.016046,-0.067631,0.241684,0.032183,-0.075691,-0.057880,0.015974
0.121964,0.080367,0.196074,0.314461,0.180114,0.202083,0.309329,-0.028857,0.193765,-0.065402,0.189591,0.198384,-0.070534,-0.019381,0.190065,0.243889,0.234756,0.015979,0.158393,-0.063576,0.016059,-0.088183,0.241556,0.050022,-0.076624,-0.057797,0.015867
0.127289,0.080375,0.217359,0.319768,0.180314,0.219634,0.314690,-0.028694,0.212257,-0.060112,0.189445,0.222460,-0.065190,-0.019564,0.215084,0.244841,0.234815,0.015956,0.164625,-0.063662,0.017399,-0.103004,0.241549,0.064629,-0.077710,-0.057718,0.015815
0.133751,0.079765,0.239432,0.326217,0.179741,0.241077,0.321157,-0.029278,0.233987,-0.053656,0.188807,0.244877,-0.058715,-0.020211,0.237786,0.246177,0.234809,0.015839,0.180132,-0.064142,0.021394,-0.111309,0.241472,0.074491,-0.078744,-0.057690,0.015938
0.140732,0.078958,0.258815,0.333148,0.179022,0.260899,0.328202,-0.030008,0.254048,-0.046738,0.187923,0.263583,-0.051684,-0.021107,0.256732,0.248569,0.234499,0.017145,0.202952,-0.065175,0.029606,-0.112081,0.241031,0.078232,-0.082833,-0.058065,0.018999
0.147392,0.078251,0.273198,0.339648,0.178626,0.275181,0.335038,-0.030424,0.268734,-0.040254,0.186925,0.277663,-0.044863,-0.022124,0.271215,0.263568,0.233468,0.026116,0.228973,-0.066462,0.038318,-0.106287,0.240019,0.078117,-0.092290,-0.059159,0.031221
0.153618,0.077557,0.283127,0.345720,0.178232,0.284760,0.341427,-0.030833,0.278597,-0.034191,0.185948,0.287657,-0.038484,-0.023117,0.281494,0.282694,0.232379,0.034636,0.251341,-0.067555,0.044271,-0.095913,0.238936,0.075950,-0.095807,-0.060383,0.042822
0.159424,0.076855,0.288674,0.351408,0.177761,0.289758,0.347350,-0.031311,0.283676,-0.028502,0.185022,0.293673,-0.032560,-0.024051,0.287591,0.302091,0.231438,0.040843,0.268822,-0.068401,0.047752,-0.081875,0.237951,0.073151,-0.091117,-0.061507,0.050920
0.164833,0.076147,0.289823,0.356735,0.177215,0.290175,0.352828,-0.031858,0.284002,-0.023162,0.184151,0.295644,-0.027069,-0.024921,0.289471,0.320260,0.230633,0.044334,0.281723,-0.069064,0.048853,-0.063955,0.237064,0.069667,-0.078089,-0.062521,0.054952
0.169868,0.075434,0.286507,0.361712,0.176612,0.286086,0.357895,-0.032454,0.279642,-0.018159,0.183322,0.293372,-0.021975,-0.025744,0.286929,0.337056,0.229964,0.045221,0.291315,-0.069572,0.047792,-0.041886,0.236260,0.065407,-0.057790,-0.063450,0.055951
0.174667,0.074718,0.278655,0.366476,0.175957,0.277622,0.362695,-0.033094,0.270695,-0.013361,0.182529,0.286615,-0.017141,-0.026522,0.279689,0.353031,0.229425,0.043950,0.300194,-0.069974,0.045190,-0.016165,0.235553,0.060524,-0.032220,-0.064301,0.055405
0.179321,0.074009,0.266229,0.371133,0.175239,0.264895,0.367314,-0.033788,0.257297,-0.008671,0.181806,0.275162,-0.012491,-0.027221,0.267564,0.368949,0.228880,0.041680,0.311058,-0.070412,0.041735,0.011459,0.234913,0.055417,-0.003770,-0.065114,0.054232
0.184052,0.073321,0.249285,0.375900,0.174483,0.248063,0.371989,-0.034512,0.239661,-0.003886,0.181154,0.258910,-0.007797,-0.027840,0.250508,0.385775,0.228170,0.039679,0.325644,-0.071030,0.037958,0.038535,0.234237,0.050420,0.024663,-0.066000,0.052942
0.188950,0.072671,0.228146,0.380839,0.173758,0.227201,0.376839,-0.035205,0.218075,0.001060,0.180546,0.238218,-0.002940,-0.028416,0.229092,0.403700,0.227106,0.037520,0.347445,-0.072220,0.036643,0.063183,0.233312,0.044653,0.049952,-0.067087,0.049501
0.194611,0.071948,0.204911,0.386399,0.173229,0.204038,0.382591,-0.035704,0.194163,0.006630,0.179599,0.215660,0.002823,-0.029333,0.205785,0.411329,0.227218,0.014989,0.350468,-0.072249,0.016917,0.088975,0.232704,0.023188,0.084431,-0.067624,0.021635
0.200104,0.070760,0.184589,0.391752,0.172303,0.183550,0.388155,-0.036526,0.171640,0.012053,0.178047,0.197537,0.008455,-0.030783,0.185627,0.410253,0.227063,0.016143,0.350264,-0.072513,0.015748,0.089759,0.232602,0.015815,0.085249,-0.067945,0.015688
0.205650,0.070754,0.169154,0.397273,0.172350,0.168786,0.393742,-0.036422,0.155887,0.017559,0.177931,0.182421,0.014027,-0.030841,0.169522,0.409708,0.227121,0.016026,0.350185,-0.072573,0.015786,0.090811,0.232540,0.015637,0.086031,-0.068099,0.015704
0.211708,0.071508,0.155642,0.403377,0.173010,0.156810,0.399850,-0.035765,0.143964,0.023567,0.178781,0.167320,0.020039,-0.029994,0.154474,0.409615,0.227114,0.015969,0.350558,-0.072596,0.015921,0.091672,0.232499,0.015755,0.086774,-0.068135,0.015861
0.217979,0.072252,0.143657,0.409693,0.173616,0.147190,0.406176,-0.035170,0.134516,0.029782,0.179674,0.152798,0.026266,-0.029113,0.140124,0.409730,0.227120,0.015975,0.350894,-0.072580,0.015915,0.092421,0.232468,0.015903,0.087451,-0.068149,0.016002
0.224487,0.072788,0.133165,0.416215,0.173988,0.139493,0.412706,-0.034799,0.126827,0.036269,0.180374,0.139504,0.032759,-0.028412,0.126837,0.410079,0.227121,0.016031,0.351569,-0.072587,0.015995,0.093169,0.232448,0.016046,0.088092,-0.068161,0.016050
0.231041,0.073164,0.124452,0.422745,0.174195,0.133574,0.419237,-0.034587,0.120836,0.042845,0.180915,0.128068,0.039336,-0.027867,0.115329,0.410606,0.227112,0.016027,0.352314,-0.072615,0.016138,0.093953,0.232430,0.016073,0.088780,-0.068186,0.016124
0.237526,0.073404,0.117780,0.429175,0.174279,0.129442,0.425667,-0.034497,0.116597,0.049384,0.181304,0.118963,0.045877,-0.027472,0.106118,0.411234,0.227101,0.016020,0.353066,-0.072642,0.016180,0.094715,0.232415,0.016068,0.089473,-0.068215,0.016214
0.243950,0.073517,0.113296,0.435527,0.174258,0.127100,0.432020,-0.034511,0.114154,0.055880,0.181545,0.112438,0.052373,-0.027225,0.099492,0.411939,0.227088,0.016001,0.353875,-0.072661,0.016095,0.095531,0.232395,0.016120,0.090244,-0.068243,0.016265
0.250206,0.073501,0.111015,0.441710,0.174136,0.126511,0.438203,-0.034629,0.113483,0.062209,0.181631,0.108546,0.058702,-0.027134,0.095518,0.412639,0.227071,0.015914,0.354556,-0.072687,0.016036,0.096356,0.232376,0.016021,0.091165,-0.068275,0.016216
0.256302,0.073378,0.110894,0.447755,0.173943,0.127431,0.444245,-0.034820,0.114367,0.068359,0.181575,0.107420,0.064849,-0.027187,0.094356,0.413341,0.227045,0.015924,0.355190,-0.072710,0.015978,0.097232,0.232362,0.015905,0.092171,-0.068294,0.016092
0.262230,0.073112,0.112806,0.453670,0.173640,0.129715,0.450149,-0.035117,0.116576,0.074311,0.181340,0.109036,0.070790,-0.027417,0.095897,0.414039,0.227018,0.015910,0.355749,-0.072731,0.015844,0.098071,0.232355,0.015791,0.093245,-0.068312,0.015974
0.267944,0.072715,0.116588,0.459416,0.173245,0.133126,0.455877,-0.035505,0.119874,0.080011,0.180935,0.113303,0.076473,-0.027815,0.100051,0.414718,0.226993,0.015897,0.356229,-0.072756,0.015788,0.098825,0.232358,0.015719,0.094230,-0.068324,0.015924
0.273499,0.072245,0.122281,0.465044,0.172821,0.137637,0.461477,-0.035926,0.124353,0.085520,0.180416,0.120210,0.081953,-0.028331,0.106926,0.415372,0.226968,0.015856,0.356627,-0.072771,0.015732,0.099354,0.232371,0.015831,0.095031,-0.068322,0.016072
0.278992,0.071738,0.129949,0.470618,0.172428,0.143436,0.467043,-0.036326,0.130267,0.090941,0.179803,0.129631,0.087365,-0.028952,0.116463,0.416032,0.226962,0.015783,0.357034,-0.072760,0.015669,0.099717,0.232375,0.015877,0.095611,-0.068307,0.016070
0.284416,0.071231,0.139585,0.476114,0.172061,0.150843,0.472530,-0.036712,0.137958,0.096302,0.179174,0.141212,0.092719,-0.029598,0.128327,0.416679,0.226959,0.015798,0.357396,-0.072729,0.015629,0.099841,0.232393,0.015863,0.095878,-0.068266,0.016052
0.289810,0.070797,0.151382,0.481536,0.171780,0.160595,0.477974,-0.037025,0.148252,0.101646,0.178619,0.154513,0.098085,-0.030186,0.142169,0.417288,0.226967,0.015890,0.357736,-0.072674,0.015703,0.099769,0.232385,0.015843,0.095881,-0.068228,0.016027
0.295105,0.070799,0.165732,0.486806,0.171945,0.173570,0.483320,-0.036929,0.162426,0.106890,0.178526,0.169037,0.103404,-0.030348,0.157893,0.417947,0.227024,0.015954,0.358110,-0.072535,0.015744,0.097588,0.232239,0.018413,0.095646,-0.068171,0.016051
0.299828,0.071080,0.182392,0.491511,0.172394,0.188234,0.488087,-0.036551,0.178497,0.111568,0.178711,0.186286,0.108144,-0.030234,0.176549,0.418658,0.227120,0.015993,0.357405,-0.072329,0.015706,0.086774,0.231913,0.029849,0.095036,-0.068039,0.015920
0.304337,0.071600,0.201553,0.495976,0.173139,0.203835,0.492633,-0.035875,0.195664,0.116040,0.179075,0.207443,0.112697,-0.029939,0.199272,0.419396,0.227199,0.015980,0.357964,-0.072185,0.015936,0.073499,0.231558,0.045983,0.094023,-0.067961,0.015890
0.309753,0.071975,0.223554,0.501332,0.173653,0.223083,0.498050,-0.035406,0.216144,0.121457,0.179355,0.230964,0.118175,-0.029704,0.224024,0.420429,0.227281,0.015893,0.363727,-0.072200,0.017983,0.061955,0.231419,0.060789,0.092756,-0.067874,0.015807
0.316124,0.071579,0.246109,0.507694,0.173276,0.245859,0.504446,-0.035796,0.239302,0.127802,0.178955,0.252915,0.124554,-0.030117,0.246358,0.421804,0.227303,0.015804,0.377381,-0.072504,0.022616,0.055661,0.231285,0.070166,0.091544,-0.067855,0.015923
0.322769,0.070946,0.265060,0.514272,0.172768,0.265339,0.511189,-0.036326,0.259415,0.134349,0.178217,0.270705,0.131266,-0.030876,0.264780,0.427777,0.226484,0.019407,0.399397,-0.073695,0.031584,0.056409,0.230473,0.071888,0.085540,-0.068805,0.022314
0.329002,0.070377,0.279032,0.520351,0.172489,0.279244,0.517592,-0.036628,0.274033,0.140412,0.177382,0.284031,0.137654,-0.031735,0.278820,0.445591,0.225176,0.029131,0.423201,-0.075032,0.040523,0.063190,0.229169,0.071330,0.077680,-0.070366,0.036189
0.334747,0.069819,0.288607,0.525951,0.172201,0.288481,0.523487,-0.036934,0.283896,0.146007,0.176571,0.293317,0.143543,-0.032564,0.288732,0.465314,0.223886,0.037312,0.443186,-0.076250,0.046641,0.074272,0.227768,0.070382,0.076538,-0.071963,0.048098
0.340088,0.069254,0.293838,0.531177,0.171848,0.293107,0.528938,-0.037300,0.289015,0.151238,0.175807,0.298662,0.148999,-0.033341,0.294569,0.484386,0.222705,0.042950,0.458817,-0.077340,0.050314,0.088871,0.226433,0.068871,0.083240,-0.073428,0.055935
0.345039,0.068680,0.294706,0.536037,0.171434,0.293159,0.533963,-0.037722,0.289433,0.156116,0.175081,0.299978,0.154041,-0.034075,0.296252,0.501750,0.221641,0.045775,0.470200,-0.078312,0.051584,0.107212,0.225189,0.066279,0.097582,-0.074759,0.059617
0.349686,0.068095,0.291134,0.540598,0.170991,0.288707,0.538667,-0.038170,0.285212,0.160705,0.174360,0.297056,0.158773,-0.034802,0.293560,0.517638,0.220719,0.045937,0.478411,-0.079152,0.050642,0.129802,0.224024,0.062487,0.118675,-0.075991,0.060237
0.354088,0.067496,0.283045,0.544917,0.170527,0.279879,0.543121,-0.038637,0.276453,0.165055,0.173629,0.289637,0.163259,-0.035535,0.286210,0.532664,0.219957,0.043865,0.485698,-0.079860,0.048038,0.156315,0.222963,0.057607,0.144704,-0.077115,0.059194
0.358391,0.066887,0.270383,0.549163,0.170009,0.266788,0.547457,-0.039155,0.263284,0.169325,0.172929,0.277482,0.167618,-0.036235,0.273977,0.547633,0.219267,0.040697,0.494729,-0.080517,0.044498,0.185109,0.222034,0.052102,0.173444,-0.078115,0.057603
0.362770,0.066277,0.253177,0.553523,0.169435,0.249577,0.551851,-0.039726,0.245895,0.173689,0.172280,0.260458,0.172017,-0.036881,0.256776,0.563491,0.218543,0.037786,0.507223,-0.081213,0.040576,0.213451,0.221185,0.046592,0.202147,-0.079047,0.056058
0.367363,0.065680,0.231721,0.558109,0.168859,0.228362,0.556461,-0.040300,0.224556,0.178265,0.171661,0.238886,0.176617,-0.037498,0.235080,0.580158,0.217668,0.034712,0.526106,-0.082134,0.038484,0.238951,0.220254,0.040370,0.227264,-0.080040,0.052872
0.372490,0.065081,0.207734,0.563135,0.168441,0.204203,0.561687,-0.040723,0.200576,0.183293,0.170884,0.214892,0.181845,-0.038279,0.211266,0.592596,0.216942,0.016925,0.537906,-0.083000,0.026659,0.264702,0.219114,0.022544,0.256615,-0.081118,0.030351
0.377785,0.063656,0.186745,0.568423,0.167082,0.185674,0.567063,-0.042042,0.180213,0.188506,0.169354,0.193276,0.187146,-0.039771,0.187816,0.591869,0.216826,0.016001,0.537720,-0.083026,0.015843,0.265559,0.218952,0.015853,0.267834,-0.081270,0.015784
0.383156,0.063080,0.170964,0.573772,0.166544,0.172381,0.572515,-0.042550,0.165835,0.193796,0.168711,0.176094,0.192540,-0.040383,0.169548,0.590452,0.216814,0.015916,0.537274,-0.083118,0.015913,0.266427,0.218772,0.015590,0.268559,-0.081495,0.015640
0.389168,0.063422,0.157281,0.579794,0.166822,0.160661,0.578535,-0.042270,0.154048,0.199801,0.169113,0.160513,0.198542,-0.039978,0.153900,0.590310,0.216810,0.015912,0.537593,-0.083130,0.015957,0.267230,0.218760,0.015733,0.269255,-0.081509,0.015766
0.395569,0.063767,0.144985,0.586177,0.167100,0.150630,0.584924,-0.041992,0.144015,0.206214,0.169526,0.145955,0.204960,-0.039566,0.139340,0.590353,0.216810,0.015924,0.538079,-0.083136,0.016042,0.267946,0.218743,0.015925,0.269907,-0.081524,0.015915
0.402344,0.063949,0.134055,0.592910,0.167204,0.142069,0.591657,-0.041881,0.135262,0.213030,0.169780,0.132848,0.211778,-0.039306,0.126041,0.590672,0.216798,0.015973,0.538804,-0.083157,0.016023,0.268725,0.218726,0.015969,0.270605,-0.081552,0.016063
0.409210,0.063948,0.124858,0.599716,0.167114,0.135129,0.598462,-0.041957,0.127886,0.219958,0.169852,0.121831,0.218705,-0.039219,0.114588,0.591133,0.216771,0.016004,0.539467,-0.083203,0.015958,0.269487,0.218697,0.016071,0.271253,-0.081599,0.016080
0.415955,0.063884,0.117608,0.606391,0.166961,0.129868,0.605136,-0.042093,0.122150,0.226773,0.169860,0.113067,0.225518,-0.039193,0.105349,0.591743,0.216736,0.015973,0.540229,-0.083265,0.015979,0.270285,0.218661,0.016100,0.271968,-0.081661,0.016165
0.422523,0.063759,0.112449,0.612888,0.166753,0.126414,0.611636,-0.042281,0.118187,0.233411,0.169800,0.106712,0.232159,-0.039234,0.098484,0.592419,0.216708,0.015989,0.541027,-0.083325,0.016062,0.271106,0.218628,0.016077,0.272729,-0.081725,0.016222
0.428894,0.063548,0.109424,0.619197,0.166461,0.124746,0.617948,-0.042551,0.115967,0.239840,0.169647,0.102882,0.238591,-0.039365,0.094103,0.593155,0.216676,0.015980,0.541834,-0.083390,0.016058,0.272030,0.218594,0.016020,0.273584,-0.081794,0.016227
0.435043,0.063308,0.108518,0.625306,0.166172,0.124642,0.624067,-0.042821,0.115430,0.246019,0.169436,0.101607,0.244780,-0.039557,0.092395,0.593863,0.216647,0.015885,0.542502,-0.083450,0.016006,0.272924,0.218550,0.015881,0.274579,-0.081868,0.016152
0.441017,0.063012,0.109587,0.631282,0.165835,0.125948,0.630034,-0.043140,0.116339,0.252000,0.169163,0.102834,0.250752,-0.039812,0.093225,0.594612,0.216613,0.015899,0.543158,-0.083506,0.016002,0.273859,0.218532,0.015827,0.275629,-0.081910,0.016023
0.446709,0.062628,0.112513,0.637013,0.165438,0.128499,0.635755,-0.043518,0.118485,0.257663,0.168774,0.106541,0.256404,-0.040182,0.096527,0.595297,0.216584,0.015989,0.543680,-0.083553,0.015944,0.274634,0.218524,0.015789,0.276654,-0.081947,0.015983
0.452217,0.062193,0.117276,0.642608,0.165018,0.132100,0.641321,-0.043923,0.121780,0.263114,0.168310,0.112772,0.261827,-0.040631,0.102452,0.595974,0.216550,0.015922,0.544142,-0.083602,0.015912,0.275244,0.218526,0.015902,0.277520,-0.081964,0.016002
0.457649,0.061775,0.123961,0.648138,0.164669,0.136920,0.646831,-0.044268,0.126502,0.268468,0.167817,0.121420,0.267160,-0.041119,0.111002,0.596599,0.216532,0.015908,0.544524,-0.083617,0.015840,0.275667,0.218540,0.015930,0.278163,-0.081962,0.016078
0.463036,0.061384,0.132567,0.653609,0.164385,0.143230,0.652291,-0.044557,0.132928,0.273780,0.167324,0.132206,0.272462,-0.041618,0.121903,0.597204,0.216530,0.015825,0.544924,-0.083608,0.015763,0.275871,0.218550,0.015953,0.278556,-0.081943,0.016046
0.468414,0.061040,0.143110,0.659041,0.164165,0.151344,0.657723,-0.044791,0.141347,0.279106,0.166872,0.144874,0.277787,-0.042085,0.134877,0.597809,0.216539,0.015803,0.545252,-0.083576,0.015749,0.275840,0.218565,0.015924,0.278675,-0.081905,0.015990
0.473816,0.060911,0.155916,0.664457,0.164150,0.162142,0.663153,-0.044839,0.152848,0.284479,0.166661,0.158983,0.283175,-0.042328,0.149689,0.598466,0.216562,0.015890,0.545658,-0.083503,0.015702,0.275665,0.218575,0.015901,0.278578,-0.081849,0.015969
0.479042,0.061243,0.171260,0.669653,0.164611,0.176110,0.668420,-0.044432,0.168095,0.289664,0.166917,0.174425,0.288431,-0.042126,0.166410,0.599151,0.216653,0.015910,0.546057,-0.083353,0.015730,0.272145,0.218444,0.019487,0.278196,-0.081785,0.016039
0.483673,0.061809,0.188870,0.674259,0.165306,0.191465,0.673079,-0.043786,0.184842,0.294267,0.167404,0.192897,0.293088,-0.041688,0.186275,0.599844,0.216760,0.015908,0.545689,-0.083184,0.015708,0.261167,0.218134,0.032849,0.277432,-0.081677,0.015923
0.488419,0.062405,0.209214,0.678941,0.166049,0.208523,0.677832,-0.043080,0.203176,0.299005,0.167890,0.215251,0.297896,-0.041238,0.209904,0.600658,0.216853,0.015957,0.546851,-0.083073,0.016280,0.248271,0.217873,0.049074,0.276310,-0.081631,0.015961
0.494255,0.062658,0.231825,0.684721,0.166377,0.229361,0.683666,-0.042770,0.224794,0.304844,0.168087,0.238856,0.303789,-0.041061,0.234289,0.601834,0.216920,0.015846,0.554138,-0.083082,0.018923,0.238192,0.217736,0.062489,0.275035,-0.081607,0.015836
0.500870,0.062211,0.253800,0.691353,0.165917,0.252230,0.690306,-0.043232,0.247731,0.311434,0.167654,0.259870,0.310387,-0.041495,0.255371,0.603311,0.216904,0.015855,0.569739,-0.083312,0.025664,0.233911,0.217607,0.069141,0.272999,-0.081629,0.016482
0.507408,0.061654,0.271232,0.697865,0.165417,0.270605,0.696903,-0.043730,0.266032,0.317913,0.167037,0.276432,0.316951,-0.042110,0.271859,0.615129,0.216677,0.022864,0.593332,-0.083673,0.035448,0.236667,0.217391,0.069794,0.264553,-0.081961,0.026286
0.513435,0.061145,0.283922,0.703852,0.164984,0.283695,0.702984,-0.044167,0.279255,0.323887,0.166457,0.288589,0.323019,-0.042694,0.284149,0.634034,0.216055,0.033057,0.616358,-0.084259,0.043312,0.245004,0.216894,0.069564,0.258625,-0.082703,0.039916
0.518974,0.060634,0.292260,0.709367,0.164517,0.292133,0.708550,-0.044635,0.287742,0.329398,0.165904,0.296777,0.328581,-0.043249,0.292386,0.653580,0.215468,0.041007,0.635616,-0.084788,0.048502,0.257287,0.216422,0.069261,0.259955,-0.083365,0.050631
0.524101,0.060110,0.296273,0.714497,0.163986,0.295971,0.713669,-0.045164,0.291481,0.334534,0.165383,0.301065,0.333705,-0.043767,0.296575,0.672287,0.214977,0.046206,0.650623,-0.085218,0.051314,0.272994,0.216088,0.068145,0.269119,-0.083826,0.056881
0.528908,0.059572,0.295914,0.719327,0.163405,0.295265,0.718438,-0.045739,0.290516,0.339378,0.164883,0.301312,0.338489,-0.044261,0.296563,0.689459,0.214594,0.048659,0.661603,-0.085539,0.051801,0.292584,0.215892,0.065762,0.285686,-0.084106,0.059048
0.533409,0.059024,0.291104,0.723857,0.162801,0.290125,0.722890,-0.046332,0.284932,0.343928,0.164380,0.297275,0.342961,-0.044753,0.292083,0.705369,0.214349,0.048569,0.669827,-0.085722,0.050157,0.316469,0.215811,0.062063,0.308463,-0.084257,0.058401
0.537720,0.058469,0.281763,0.728211,0.162166,0.280698,0.727141,-0.046949,0.274841,0.348299,0.163886,0.288686,0.347229,-0.045229,0.282829,0.720631,0.214233,0.046469,0.677717,-0.085785,0.047035,0.344132,0.215858,0.057230,0.335491,-0.084298,0.056466
0.541931,0.057920,0.267836,0.732504,0.161469,0.267101,0.731264,-0.047619,0.260374,0.352598,0.163458,0.275297,0.351358,-0.045630,0.268570,0.735911,0.214116,0.043534,0.687506,-0.085847,0.043210,0.373614,0.215995,0.051917,0.364452,-0.084288,0.054325
0.546318,0.057396,0.249369,0.737016,0.160718,0.249493,0.735538,-0.048333,0.241741,0.357098,0.163126,0.256997,0.355620,-0.045925,0.249245,0.752134,0.213828,0.040908,0.700908,-0.086066,0.039354,0.401807,0.216082,0.046933,0.392491,-0.084373,0.052504
0.550972,0.056922,0.226889,0.741781,0.160033,0.227933,0.740097,-0.048984,0.219332,0.361847,0.162827,0.234446,0.360163,-0.046189,0.225845,0.769438,0.213166,0.036767,0.721047,-0.086857,0.037977,0.427077,0.215775,0.040422,0.417018,-0.084757,0.046497
0.556557,0.056351,0.203088,0.747275,0.159608,0.205498,0.745804,-0.049379,0.196176,0.367310,0.162082,0.210001,0.365839,-0.046905,0.200679,0.771815,0.213384,0.016018,0.717457,-0.086619,0.015570,0.450620,0.215660,0.015673,0.446612,-0.084706,0.015408
0.562286,0.056301,0.181843,0.753014,0.159404,0.187671,0.751547,-0.049531,0.177257,0.373026,0.162134,0.186428,0.371559,-0.046801,0.176015,0.771105,0.213338,0.016044,0.717147,-0.086751,0.015813,0.451743,0.215599,0.015678,0.447709,-0.084849,0.015602
0.568153,0.057014,0.165312,0.758865,0.160021,0.173042,0.757398,-0.048912,0.162565,0.378909,0.162940,0.168059,0.377442,-0.045993,0.157581,0.770708,0.213320,0.016015,0.717198,-0.086781,0.015867,0.452590,0.215575,0.015618,0.448430,-0.084882,0.015652
0.574432,0.057880,0.151069,0.765107,0.160810,0.160544,0.763644,-0.048136,0.150339,0.385220,0.163897,0.151799,0.383757,-0.045049,0.141594,0.770562,0.213337,0.015989,0.717599,-0.086754,0.015915,0.453367,0.215570,0.015738,0.449118,-0.084867,0.015774
0.580971,0.058514,0.138575,0.771589,0.161360,0.149911,0.770130,-0.047591,0.139806,0.391811,0.164619,0.137345,0.390352,-0.044332,0.127240,0.770663,0.213346,0.015999,0.718163,-0.086744,0.015969,0.454087,0.215562,0.015879,0.449787,-0.084869,0.015956
0.587654,0.058888,0.128002,0.778209,0.161639,0.141127,0.776747,-0.047304,0.130873,0.398561,0.165081,0.125131,0.397099,-0.043863,0.114877,0.771000,0.213336,0.016005,0.718765,-0.086760,0.015865,0.454802,0.215549,0.016000,0.450442,-0.084895,0.016110
0.594337,0.059108,0.119507,0.784822,0.161769,0.134248,0.783362,-0.047161,0.123734,0.405313,0.165377,0.115280,0.403853,-0.043554,0.104766,0.771484,0.213321,0.016005,0.719626,-0.086802,0.015974,0.455539,0.215526,0.016080,0.451119,-0.084934,0.016153
0.600899,0.059264,0.113278,0.791311,0.161845,0.129442,0.789853,-0.047075,0.118721,0.411945,0.165602,0.107835,0.410486,-0.043318,0.097113,0.772109,0.213311,0.016003,0.720495,-0.086834,0.016080,0.456295,0.215510,0.016120,0.451861,-0.084968,0.016242
0.607262,0.059288,0.109351,0.797605,0.161804,0.126704,0.796156,-0.047104,0.115741,0.418367,0.165680,0.102961,0.416918,-0.043228,0.091998,0.772788,0.213300,0.015979,0.721245,-0.086867,0.016059,0.457095,0.215482,0.016120,0.452707,-0.085016,0.016263
0.613495,0.059161,0.107652,0.803795,0.161617,0.125814,0.802347,-0.047274,0.114539,0.424642,0.165596,0.100765,0.423195,-0.043295,0.089490,0.773524,0.213276,0.015907,0.721988,-0.086917,0.016021,0.457989,0.215455,0.016053,0.453708,-0.085067,0.016184
0.619514,0.058945,0.108020,0.809805,0.161366,0.126477,0.808355,-0.047510,0.114928,0.430674,0.165400,0.101111,0.429224,-0.043476,0.089562,0.774215,0.213247,0.015913,0.722628,-0.086962,0.015937,0.458880,0.215434,0.015932,0.454771,-0.085110,0.016054
0.625328,0.058647,0.110316,0.815647,0.161056,0.128547,0.814186,-0.047807,0.116764,0.436471,0.165101,0.103868,0.435009,-0.043762,0.092085,0.774919,0.213220,0.015876,0.723180,-0.087001,0.015862,0.459742,0.215429,0.015810,0.455908,-0.085137,0.015960
0.630928,0.058239,0.114467,0.821315,0.160664,0.131881,0.819836,-0.048185,0.119856,0.442020,0.164663,0.109079,0.440541,-0.044186,0.097054,0.775616,0.213190,0.015933,0.723682,-0.087041,0.015836,0.460531,0.215432,0.015749,0.456879,-0.085163,0.016030
0.636353,0.057808,0.120553,0.826843,0.160299,0.136363,0.825340,-0.048545,0.124259,0.447365,0.164161,0.116846,0.445862,-0.044683,0.104742,0.776230,0.213173,0.015894,0.724082,-0.087056,0.015780,0.461031,0.215445,0.015833,0.457600,-0.085158,0.016117
0.641739,0.057359,0.128647,0.832336,0.159972,0.142229,0.830822,-0.048878,0.130221,0.452655,0.163595,0.127073,0.451142,-0.045255,0.115066,0.776884,0.213168,0.015811,0.724502,-0.087047,0.015656,0.461383,0.215451,0.015877,0.458109,-0.085142,0.016111
0.647087,0.056879,0.138752,0.837766,0.159643,0.149816,0.836254,-0.049218,0.138013,0.457920,0.162976,0.139490,0.456409,-0.045886,0.127688,0.777502,0.213176,0.015794,0.724834,-0.087025,0.015712,0.461487,0.215459,0.015869,0.458301,-0.085116,0.016082
0.652466,0.056518,0.151051,0.843185,0.159429,0.159799,0.841683,-0.049460,0.148505,0.463249,0.162497,0.153596,0.461746,-0.046392,0.142302,0.778131,0.213196,0.015881,0.725187,-0.086958,0.015671,0.461383,0.215476,0.015833,0.458253,-0.085058,0.016043
0.657814,0.056556,0.165971,0.848523,0.159609,0.173146,0.847072,-0.049339,0.162982,0.468556,0.162451,0.168959,0.467106,-0.046497,0.158796,0.778802,0.213246,0.015920,0.725535,-0.086837,0.015734,0.459175,0.215337,0.018555,0.457941,-0.084994,0.016042
