0.001892,0.018923,0.337342,0.191247,0.124629,0.333865,0.192485,-0.084565,0.334931,-0.188701,0.122411,0.339752,-0.187463,-0.086783,0.340819,0.179952,0.169033,0.141663,0.189427,-0.130944,0.156634,-0.168715,0.167022,0.151783,-0.191395,-0.133175,0.160964
0.002499,0.028322,0.322799,0.191351,0.134923,0.319312,0.193577,-0.074263,0.320270,-0.188580,0.130907,0.325328,-0.186354,-0.078279,0.326286,0.159349,0.179195,0.135629,0.175427,-0.120707,0.145925,-0.151719,0.175826,0.122923,-0.169416,-0.124411,0.138480
0.003445,0.037697,0.304945,0.191596,0.145536,0.301615,0.195188,-0.063632,0.302128,-0.188299,0.139026,0.307762,-0.184706,-0.070142,0.308275,0.153514,0.189921,0.131257,0.165663,-0.110003,0.136460,-0.155032,0.184543,0.099047,-0.162528,-0.115689,0.116520
0.004387,0.047075,0.284649,0.191691,0.156391,0.281761,0.196920,-0.052743,0.281746,-0.188146,0.146894,0.287551,-0.182917,-0.062241,0.287536,0.159372,0.201059,0.120929,0.162715,-0.099051,0.119670,-0.163614,0.192987,0.068058,-0.166378,-0.107277,0.089560
0.004738,0.056486,0.261115,0.191194,0.167261,0.259085,0.198053,-0.041826,0.258878,-0.188578,0.154798,0.263353,-0.181718,-0.054289,0.263145,0.164917,0.212035,0.096913,0.166112,-0.088185,0.094908,-0.165573,0.201256,0.033278,-0.165215,-0.099016,0.055301
0.004456,0.065504,0.233881,0.189540,0.178544,0.231256,0.198976,-0.030429,0.233685,-0.190064,0.161437,0.234076,-0.180629,-0.047536,0.236505,0.162592,0.220801,0.056998,0.173557,-0.079027,0.065843,-0.162559,0.205639,0.015662,-0.155449,-0.094451,0.016909
0.006577,0.072678,0.208680,0.189181,0.189208,0.197845,0.202882,-0.019442,0.204317,-0.189729,0.164798,0.213044,-0.176028,-0.043853,0.219516,0.146117,0.226309,0.016003,0.163027,-0.073400,0.018271,-0.161470,0.206111,0.015992,-0.154313,-0.094311,0.015963
0.012653,0.077776,0.191107,0.194651,0.193524,0.168298,0.208477,-0.014862,0.180496,-0.183170,0.170413,0.201717,-0.169345,-0.037973,0.213915,0.145392,0.226972,0.016055,0.162874,-0.073141,0.016038,-0.160416,0.206669,0.015808,-0.153708,-0.094151,0.015931
0.022495,0.080364,0.183575,0.204128,0.195675,0.156111,0.218087,-0.012523,0.171052,-0.173097,0.173252,0.196098,-0.159137,-0.034947,0.211039,0.145986,0.227390,0.015986,0.163631,-0.072971,0.015983,-0.159363,0.206908,0.015879,-0.164214,-0.094890,0.016869
0.034103,0.081429,0.179315,0.215596,0.196703,0.150794,0.229670,-0.011446,0.166304,-0.161463,0.174303,0.192326,-0.147389,-0.033846,0.207836,0.163200,0.229252,0.022130,0.164626,-0.072742,0.015758,-0.158191,0.207062,0.015956,-0.168580,-0.094889,0.020886
0.045979,0.082155,0.174145,0.227450,0.197382,0.145299,0.241539,-0.010738,0.161178,-0.149582,0.175048,0.187112,-0.135493,-0.033072,0.202992,0.191823,0.232182,0.034235,0.165718,-0.072657,0.015691,-0.156901,0.207180,0.015959,-0.157988,-0.093762,0.026301
0.058010,0.082676,0.168086,0.239450,0.197840,0.138794,0.253534,-0.010263,0.154902,-0.137514,0.175615,0.181271,-0.123430,-0.032488,0.197379,0.214743,0.234326,0.041496,0.166868,-0.072574,0.015945,-0.155577,0.207275,0.015819,-0.134615,-0.091760,0.031696
0.070305,0.083477,0.161979,0.251707,0.198503,0.131923,0.265771,-0.009556,0.148605,-0.125162,0.176510,0.175353,-0.111098,-0.031549,0.192035,0.229019,0.235042,0.036805,0.168038,-0.072490,0.016050,-0.154243,0.207434,0.015585,-0.096603,-0.089087,0.032164
0.083050,0.084913,0.156136,0.264320,0.199738,0.124553,0.278464,-0.008203,0.142579,-0.112364,0.178030,0.169693,-0.098221,-0.029912,0.187719,0.233756,0.234042,0.016786,0.169252,-0.072324,0.016063,-0.152875,0.207644,0.015626,-0.042761,-0.085578,0.029522
0.095364,0.085922,0.151372,0.276460,0.200709,0.118673,0.290788,-0.007141,0.137596,-0.100061,0.178985,0.165148,-0.085733,-0.028864,0.184071,0.235167,0.234245,0.015837,0.170523,-0.072248,0.015982,-0.151631,0.207585,0.015870,0.016030,-0.081437,0.032024
0.106949,0.085030,0.147830,0.288105,0.199949,0.115938,0.302221,-0.008114,0.132529,-0.088323,0.178173,0.163131,-0.074208,-0.029889,0.179722,0.236638,0.234189,0.016034,0.183070,-0.070880,0.019871,-0.146834,0.208163,0.015919,0.052886,-0.078649,0.033207
0.117725,0.083273,0.143209,0.299045,0.198550,0.113621,0.312929,-0.009786,0.126582,-0.077479,0.176332,0.159837,-0.063595,-0.032004,0.172798,0.238020,0.234043,0.015923,0.209988,-0.068409,0.028149,-0.124844,0.209854,0.015809,0.061669,-0.078906,0.018296
0.128464,0.082020,0.138534,0.309955,0.197715,0.111764,0.323819,-0.010766,0.122151,-0.066891,0.174806,0.154918,-0.053027,-0.033676,0.165305,0.239359,0.233841,0.015679,0.244695,-0.065988,0.034764,-0.097057,0.211471,0.015702,0.062663,-0.079034,0.015867
0.139526,0.082207,0.135562,0.321149,0.198135,0.110767,0.335094,-0.010368,0.120581,-0.056041,0.174782,0.150543,-0.042097,-0.033722,0.160357,0.240717,0.233888,0.015794,0.273547,-0.063832,0.041003,-0.070032,0.213101,0.015703,0.063710,-0.079043,0.015982
0.151085,0.083229,0.133926,0.332911,0.199263,0.111201,0.346901,-0.009210,0.121585,-0.044731,0.175668,0.146267,-0.030741,-0.032805,0.156651,0.242020,0.234029,0.015966,0.295795,-0.062021,0.045831,-0.043198,0.214880,0.015778,0.064836,-0.079006,0.015990
0.162872,0.084581,0.132999,0.344963,0.200607,0.112452,0.358878,-0.007821,0.123793,-0.033133,0.176984,0.142205,-0.019218,-0.031444,0.153546,0.243242,0.234187,0.016023,0.317673,-0.060161,0.050816,-0.017384,0.216815,0.016518,0.065971,-0.078867,0.015855
0.174877,0.086092,0.132475,0.357187,0.202118,0.113971,0.371037,-0.006247,0.126492,-0.021283,0.178431,0.138457,-0.007433,-0.029934,0.150978,0.244441,0.234367,0.015990,0.340580,-0.058111,0.056482,0.006466,0.218771,0.019681,0.067183,-0.078735,0.015700
0.187172,0.087688,0.132428,0.369675,0.203699,0.115839,0.383429,-0.004594,0.129593,-0.009086,0.179971,0.135262,0.004669,-0.028323,0.149016,0.245609,0.234550,0.015810,0.364362,-0.055944,0.062306,0.030445,0.220880,0.023956,0.068437,-0.078563,0.015681
0.199707,0.089270,0.132656,0.382370,0.205265,0.117800,0.396014,-0.002951,0.132782,0.003400,0.181491,0.132530,0.017044,-0.026726,0.147511,0.246761,0.234713,0.015923,0.387810,-0.053967,0.065886,0.058495,0.223213,0.027561,0.069714,-0.078417,0.015781
0.212425,0.090425,0.132648,0.395186,0.206470,0.119486,0.408758,-0.001710,0.135031,0.016092,0.182561,0.130266,0.029664,-0.025619,0.145811,0.247900,0.234816,0.016037,0.409871,-0.052637,0.063689,0.095528,0.225917,0.029886,0.071054,-0.078290,0.015949
0.225212,0.090878,0.131687,0.407993,0.207025,0.119773,0.421566,-0.001190,0.134828,0.028858,0.182945,0.128546,0.042431,-0.025270,0.143601,0.249066,0.234831,0.016053,0.428464,-0.052582,0.049403,0.141982,0.229145,0.033955,0.072499,-0.078198,0.016044
0.237965,0.090723,0.128782,0.420438,0.207341,0.116751,0.434520,-0.000958,0.130098,0.041409,0.182404,0.127467,0.055491,-0.025895,0.140814,0.250313,0.235028,0.015963,0.436061,-0.053646,0.018584,0.184368,0.232085,0.039605,0.074075,-0.078281,0.016028
0.249943,0.090786,0.124609,0.431928,0.208040,0.111409,0.446825,-0.000200,0.124794,0.053060,0.181772,0.124424,0.067958,-0.026468,0.137809,0.268575,0.235880,0.015990,0.437458,-0.053534,0.015813,0.209270,0.232587,0.030772,0.075990,-0.079393,0.015827
0.261997,0.092060,0.120702,0.443664,0.209802,0.107461,0.459164,0.001707,0.122326,0.064830,0.182413,0.119077,0.080331,-0.025682,0.133943,0.315316,0.239407,0.016113,0.438073,-0.053164,0.015819,0.209373,0.231511,0.016045,0.077991,-0.079993,0.015721
0.274490,0.093290,0.118376,0.456151,0.211026,0.104999,0.471677,0.002997,0.120742,0.077303,0.183583,0.116010,0.092830,-0.024445,0.131753,0.362623,0.243340,0.020275,0.439571,-0.053029,0.016030,0.210394,0.231658,0.016048,0.079606,-0.079919,0.015713
0.286812,0.094162,0.117704,0.468511,0.211846,0.104391,0.483972,0.003812,0.120130,0.089651,0.184512,0.115278,0.105113,-0.023522,0.131017,0.403054,0.247036,0.029710,0.441005,-0.052958,0.016081,0.211521,0.231760,0.015957,0.085505,-0.079407,0.015717
0.299057,0.094706,0.118085,0.480830,0.212382,0.105751,0.496181,0.004282,0.120694,0.101933,0.185130,0.115475,0.117284,-0.022971,0.130419,0.433449,0.249837,0.039742,0.442513,-0.052888,0.015963,0.212727,0.231837,0.015821,0.098255,-0.078300,0.015742
0.311222,0.095013,0.119103,0.493075,0.212722,0.108369,0.508314,0.004531,0.122121,0.114130,0.185494,0.116086,0.129369,-0.022697,0.129838,0.455872,0.251632,0.047244,0.443923,-0.052879,0.015742,0.214015,0.231862,0.015952,0.114829,-0.076973,0.015656
0.323254,0.095104,0.120457,0.505218,0.212815,0.111828,0.520287,0.004516,0.124039,0.126220,0.185692,0.116874,0.141290,-0.022607,0.129085,0.474138,0.252748,0.052714,0.445235,-0.052909,0.015741,0.215359,0.231875,0.016016,0.132818,-0.075511,0.015738
0.335140,0.095058,0.122018,0.517184,0.212785,0.115549,0.532125,0.004385,0.126081,0.138155,0.185732,0.117954,0.153097,-0.022668,0.128486,0.490470,0.253550,0.057296,0.446441,-0.052949,0.015938,0.216774,0.231838,0.015959,0.149620,-0.074082,0.018854
0.346928,0.095016,0.123677,0.529080,0.212661,0.119057,0.543829,0.004170,0.127933,0.150027,0.185863,0.119421,0.164775,-0.022628,0.128297,0.505906,0.254158,0.061088,0.447581,-0.053008,0.016012,0.218235,0.231879,0.015756,0.165543,-0.072628,0.023780
0.358738,0.095057,0.125350,0.540951,0.212654,0.122116,0.555589,0.004099,0.129539,0.161887,0.186014,0.121160,0.176525,-0.022541,0.128583,0.520825,0.254737,0.063254,0.448737,-0.053033,0.015988,0.219731,0.231911,0.015701,0.182320,-0.071274,0.028866
0.370644,0.095295,0.126990,0.552891,0.212862,0.124737,0.567464,0.004266,0.131079,0.173823,0.186323,0.122902,0.188396,-0.022272,0.129243,0.535478,0.255328,0.062272,0.449846,-0.053036,0.015832,0.221200,0.231962,0.015898,0.202035,-0.069846,0.032359
0.382786,0.095886,0.128523,0.565062,0.213418,0.126854,0.579579,0.004804,0.132699,0.185992,0.186968,0.124346,0.200509,-0.021645,0.130192,0.549752,0.255939,0.055793,0.450967,-0.052999,0.015817,0.222653,0.232059,0.015918,0.227414,-0.068081,0.032761
0.395313,0.097036,0.129803,0.577641,0.214489,0.128133,0.592064,0.005880,0.134358,0.198562,0.188193,0.125248,0.212986,-0.020416,0.131473,0.563151,0.256504,0.042275,0.452079,-0.052912,0.015918,0.224188,0.232282,0.015947,0.261752,-0.065615,0.031200
0.408440,0.099051,0.130599,0.590839,0.216362,0.127492,0.605141,0.007805,0.135487,0.211738,0.190296,0.125711,0.226040,-0.018261,0.133707,0.572364,0.256661,0.022521,0.453165,-0.052788,0.016001,0.225880,0.232644,0.015831,0.306291,-0.062248,0.031957
0.421684,0.101295,0.131106,0.604075,0.218528,0.125518,0.618401,0.010067,0.135698,0.224968,0.192524,0.126515,0.239293,-0.015937,0.136694,0.574099,0.256719,0.015758,0.454357,-0.052662,0.016006,0.227434,0.232894,0.015701,0.356003,-0.058351,0.037913
0.434433,0.102518,0.131460,0.616973,0.219443,0.124462,0.631028,0.010978,0.134933,0.237838,0.194058,0.127987,0.251893,-0.014407,0.138459,0.575611,0.256817,0.016007,0.470715,-0.051415,0.016002,0.229313,0.233458,0.015789,0.393429,-0.055330,0.041799
0.446625,0.102976,0.130350,0.629405,0.219504,0.123035,0.643017,0.010962,0.132490,0.250232,0.194990,0.128209,0.263844,-0.013553,0.137664,0.577051,0.256831,0.016070,0.508377,-0.048697,0.016079,0.235842,0.234540,0.015635,0.409416,-0.054364,0.033568
0.458595,0.102859,0.127077,0.641691,0.218951,0.120758,0.654736,0.010294,0.128275,0.262454,0.195425,0.125879,0.275500,-0.013232,0.133395,0.578566,0.256795,0.015892,0.554958,-0.045392,0.020589,0.249422,0.236208,0.015657,0.412328,-0.054478,0.015905
0.470531,0.102810,0.123689,0.653534,0.219088,0.118158,0.666750,0.010405,0.124593,0.274313,0.195215,0.122784,0.287529,-0.013468,0.129220,0.580028,0.256838,0.015764,0.592661,-0.042782,0.029508,0.266162,0.236958,0.015662,0.413351,-0.054562,0.015757
0.482311,0.103596,0.122466,0.665325,0.219874,0.117340,0.678528,0.011195,0.123932,0.286094,0.195996,0.121001,0.299297,-0.012683,0.127593,0.581402,0.256922,0.015835,0.619815,-0.040739,0.039859,0.285509,0.238195,0.015638,0.414439,-0.054492,0.015820
0.494186,0.104931,0.123092,0.677217,0.221218,0.118817,0.690400,0.012571,0.126400,0.297972,0.197290,0.119784,0.311156,-0.011356,0.127367,0.582629,0.257074,0.015960,0.639886,-0.039044,0.047889,0.307049,0.239651,0.015669,0.415607,-0.054376,0.015947
0.506065,0.106499,0.124766,0.689042,0.222903,0.121467,0.702309,0.014316,0.130409,0.309822,0.198682,0.119123,0.323089,-0.009906,0.128065,0.583764,0.257270,0.016015,0.658610,-0.037306,0.054382,0.328692,0.241043,0.015952,0.416898,-0.054327,0.015989
0.517960,0.108135,0.126802,0.700939,0.224557,0.124435,0.714161,0.016027,0.134696,0.321758,0.200243,0.118908,0.334980,-0.008286,0.129169,0.584871,0.257457,0.015970,0.678401,-0.035505,0.060132,0.349104,0.242603,0.017898,0.418157,-0.054185,0.015838
0.529949,0.109755,0.128926,0.712908,0.226224,0.127428,0.726106,0.017759,0.138948,0.333792,0.201750,0.118905,0.346991,-0.006715,0.130425,0.585927,0.257626,0.015804,0.699970,-0.033573,0.065346,0.368928,0.244222,0.021859,0.419522,-0.054075,0.015656
0.542107,0.111319,0.131005,0.725064,0.227797,0.130349,0.738186,0.019391,0.142983,0.346027,0.203246,0.119028,0.359149,-0.005160,0.131661,0.587023,0.257786,0.015825,0.722967,-0.031644,0.069510,0.391325,0.246090,0.026133,0.420900,-0.053922,0.015742
0.554451,0.112627,0.132704,0.737414,0.229099,0.132916,0.750442,0.020733,0.146275,0.358460,0.204521,0.119133,0.371488,-0.003845,0.132492,0.588123,0.257902,0.016026,0.745766,-0.030074,0.070128,0.420696,0.248260,0.028911,0.422272,-0.053780,0.015848
0.566952,0.113337,0.133374,0.749900,0.229827,0.134433,0.762897,0.021448,0.147620,0.371006,0.205225,0.119128,0.384003,-0.003154,0.132315,0.589236,0.257943,0.016043,0.766596,-0.029309,0.062946,0.460962,0.250914,0.031406,0.423715,-0.053670,0.015952
0.579453,0.113413,0.132170,0.762289,0.230078,0.133260,0.775533,0.021644,0.145282,0.383372,0.205182,0.119057,0.396616,-0.003252,0.131079,0.590293,0.258002,0.015991,0.781257,-0.029584,0.041708,0.506080,0.253866,0.037042,0.425271,-0.053683,0.016045
0.591534,0.113049,0.128401,0.774094,0.230149,0.127842,0.787999,0.021650,0.137826,0.395068,0.204447,0.118976,0.408973,-0.004052,0.128960,0.600083,0.258790,0.015968,0.779240,-0.030378,0.015837,0.540868,0.255857,0.037194,0.426870,-0.053868,0.016031
0.603378,0.113445,0.124190,0.785497,0.231210,0.121822,0.800244,0.022804,0.132513,0.406513,0.204086,0.115868,0.421260,-0.004319,0.126558,0.643035,0.261322,0.015970,0.780428,-0.030206,0.015853,0.547418,0.254558,0.016007,0.428256,-0.055129,0.015793
0.616013,0.114954,0.121477,0.798166,0.232640,0.118134,0.812859,0.024301,0.130123,0.419166,0.205607,0.112832,0.433859,-0.002732,0.124821,0.692000,0.265098,0.019213,0.781849,-0.030091,0.015997,0.548406,0.254787,0.016009,0.429833,-0.054929,0.015775
0.628517,0.116055,0.120673,0.810705,0.233663,0.116526,0.825354,0.025345,0.128920,0.431680,0.206764,0.112426,0.446330,-0.001554,0.124821,0.736627,0.268891,0.029051,0.783284,-0.029970,0.016092,0.549546,0.254952,0.015901,0.435171,-0.054480,0.015593
0.641018,0.116631,0.120881,0.823235,0.234205,0.117085,0.837832,0.025850,0.128902,0.444204,0.207411,0.112861,0.458801,-0.000944,0.124678,0.771439,0.271885,0.040811,0.784781,-0.029906,0.015974,0.550825,0.255012,0.015824,0.446796,-0.053604,0.015628
0.653397,0.116907,0.121644,0.835635,0.234478,0.118937,0.850181,0.026059,0.129640,0.456613,0.207755,0.113648,0.471158,-0.000664,0.124351,0.797074,0.273879,0.050230,0.786173,-0.029875,0.015769,0.552168,0.255028,0.015976,0.462276,-0.052483,0.015705
0.665596,0.116951,0.122719,0.847891,0.234461,0.121617,0.862310,0.025962,0.130829,0.468882,0.207940,0.114609,0.483301,-0.000559,0.123822,0.817362,0.275098,0.057012,0.787487,-0.029899,0.015771,0.553574,0.255043,0.015999,0.479751,-0.051180,0.015790
0.677635,0.116888,0.124012,0.860001,0.234291,0.124621,0.874261,0.025716,0.132212,0.481010,0.208060,0.115811,0.495270,-0.000515,0.123402,0.834900,0.275884,0.062036,0.788751,-0.029951,0.015875,0.555061,0.255071,0.015876,0.496789,-0.049804,0.018816
0.689541,0.116831,0.125479,0.871961,0.234133,0.127507,0.886097,0.025499,0.133550,0.492984,0.208163,0.117409,0.507120,-0.000471,0.123452,0.850917,0.276480,0.065360,0.789920,-0.029996,0.015968,0.556568,0.255096,0.015613,0.513577,-0.048504,0.023445
0.701431,0.116892,0.127058,0.883886,0.234119,0.130094,0.897947,0.025446,0.134822,0.504915,0.208338,0.119293,0.518977,-0.000335,0.124021,0.866200,0.277045,0.066206,0.791051,-0.030015,0.015968,0.558048,0.255140,0.015872,0.531807,-0.047215,0.027810
0.713413,0.117226,0.128640,0.895896,0.234392,0.132278,0.909900,0.025698,0.136181,0.516927,0.208754,0.121100,0.530930,0.000059,0.125003,0.880948,0.277648,0.062703,0.792180,-0.030012,0.015841,0.559525,0.255206,0.015960,0.553908,-0.045735,0.030047
0.725628,0.118029,0.130080,0.908132,0.235157,0.133879,0.922092,0.026458,0.137692,0.529164,0.209599,0.122467,0.543124,0.000900,0.126280,0.895166,0.278374,0.053142,0.793292,-0.029943,0.015815,0.561021,0.255342,0.015903,0.583130,-0.043748,0.029662
0.738319,0.119568,0.131238,0.920877,0.236635,0.134252,0.934752,0.027953,0.139115,0.541887,0.211183,0.123362,0.555762,0.002500,0.128225,0.907266,0.279034,0.037318,0.794424,-0.029811,0.015921,0.562678,0.255625,0.015913,0.621929,-0.040961,0.029579
0.751579,0.121984,0.131759,0.934282,0.238864,0.132010,0.947964,0.030240,0.139324,0.555195,0.213729,0.124194,0.568876,0.005105,0.131508,0.911589,0.278867,0.015516,0.795545,-0.029655,0.015994,0.564322,0.256102,0.015779,0.669306,-0.037311,0.033753
0.764572,0.124050,0.131975,0.947343,0.240783,0.128913,0.960970,0.032234,0.138210,0.568174,0.215866,0.125740,0.581801,0.007317,0.135037,0.913046,0.279096,0.015899,0.796641,-0.029543,0.015998,0.565959,0.256412,0.015805,0.713324,-0.033854,0.041424
0.777039,0.124992,0.131715,0.960149,0.241154,0.127438,0.973187,0.032548,0.136289,0.580890,0.217437,0.127141,0.593928,0.008831,0.135992,0.914490,0.279155,0.016078,0.824916,-0.027402,0.016012,0.570168,0.257620,0.015743,0.739687,-0.031711,0.040001
0.789116,0.125412,0.129396,0.972703,0.240815,0.125032,0.984884,0.032103,0.132502,0.593348,0.218721,0.126291,0.605529,0.010009,0.133760,0.915947,0.279157,0.016005,0.870023,-0.024191,0.019767,0.581433,0.259622,0.015660,0.745503,-0.031310,0.023914
0.801205,0.125523,0.125607,0.984953,0.240688,0.121799,0.996841,0.031923,0.128156,0.605568,0.219123,0.123058,0.617456,0.010357,0.129414,0.917482,0.279162,0.015774,0.914472,-0.021395,0.026912,0.597235,0.260922,0.015639,0.747949,-0.031215,0.015843
0.813103,0.126163,0.123217,0.996759,0.241477,0.119438,1.008814,0.032728,0.126009,0.617391,0.219599,0.120424,0.629446,0.010850,0.126995,0.918908,0.279267,0.015807,0.946709,-0.019215,0.036808,0.614935,0.261706,0.015605,0.749087,-0.031290,0.015776
0.824966,0.127329,0.122943,1.008662,0.242596,0.119718,1.020643,0.033870,0.127104,0.629290,0.220788,0.118781,0.641270,0.012062,0.126168,0.920214,0.279398,0.015876,0.968105,-0.017591,0.045368,0.635314,0.263032,0.015517,0.750200,-0.031143,0.015850
0.836803,0.128786,0.124158,1.020473,0.244116,0.121794,1.032477,0.035442,0.130492,0.641130,0.222130,0.117823,0.653134,0.013456,0.126522,0.921394,0.279571,0.015987,0.985763,-0.016086,0.051879,0.656282,0.264314,0.015819,0.751370,-0.031066,0.015985
0.848625,0.130363,0.126106,1.032285,0.245725,0.124627,1.044254,0.037114,0.134766,0.652996,0.223613,0.117446,0.664966,0.015002,0.127586,0.922512,0.279726,0.016016,1.004018,-0.014520,0.057681,0.677298,0.265657,0.016032,0.752662,-0.030970,0.015950
0.860462,0.131943,0.128205,1.044101,0.247344,0.127589,1.056033,0.038800,0.139059,0.664892,0.225085,0.117352,0.676823,0.016541,0.128822,0.923583,0.279901,0.015940,1.024173,-0.012790,0.063158,0.696899,0.267082,0.018679,0.753982,-0.030855,0.015780
0.872437,0.133471,0.130293,1.056064,0.248891,0.130512,1.067924,0.040411,0.143163,0.676949,0.226530,0.117422,0.688809,0.018050,0.130074,0.924651,0.280059,0.015772,1.046370,-0.010971,0.068205,0.717155,0.268685,0.022853,0.755364,-0.030716,0.015642
0.884556,0.134903,0.132207,1.068166,0.250347,0.133210,1.079955,0.041930,0.146917,0.689157,0.227876,0.117498,0.700945,0.019459,0.131205,0.925710,0.280197,0.015929,1.069389,-0.009267,0.071220,0.741771,0.270496,0.026626,0.756728,-0.030596,0.015804
0.896866,0.135906,0.133513,1.080469,0.251352,0.135359,1.092179,0.042957,0.149464,0.701553,0.228855,0.117562,0.713263,0.020460,0.131667,0.926795,0.280266,0.016033,1.091519,-0.008131,0.069309,0.775357,0.272639,0.029068,0.758106,-0.030485,0.015842
0.909252,0.136271,0.133437,1.092817,0.251767,0.135793,1.104576,0.043338,0.149352,0.713928,0.229203,0.117522,0.725687,0.020774,0.131081,0.927877,0.280290,0.016040,1.110137,-0.008011,0.056420,0.818959,0.275236,0.032811,0.759543,-0.030418,0.016036
0.921494,0.136120,0.131003,1.104770,0.252087,0.132596,1.117196,0.043591,0.144419,0.725791,0.228649,0.117587,0.738217,0.020153,0.129410,0.929059,0.280604,0.015953,1.117376,-0.008691,0.026457,0.859748,0.277721,0.037966,0.761121,-0.030517,0.015992
0.933228,0.136221,0.127183,1.115745,0.253390,0.127140,1.129628,0.045010,0.139370,0.736827,0.227432,0.114995,0.750710,0.019052,0.127226,0.950549,0.281490,0.016005,1.117634,-0.008673,0.015753,0.884342,0.277813,0.028521,0.763267,-0.032281,0.015800
0.944996,0.137409,0.123788,1.127096,0.255223,0.122968,1.141735,0.046951,0.136130,0.748257,0.227867,0.111446,0.762896,0.019595,0.124607,0.994601,0.284878,0.017183,1.117597,-0.007996,0.015885,0.886327,0.277196,0.016047,0.765113,-0.032779,0.015781
0.957138,0.138586,0.122272,1.139268,0.256340,0.120262,1.153899,0.048115,0.134160,0.760377,0.229057,0.110383,0.775008,0.020833,0.124281,1.042231,0.288688,0.022934,1.118898,-0.007890,0.016065,0.887373,0.277345,0.016017,0.766742,-0.032655,0.015752
0.969303,0.139393,0.122102,1.151492,0.257043,0.119458,1.166054,0.048806,0.133238,0.772552,0.229980,0.110966,0.787115,0.021743,0.124746,1.083176,0.292234,0.033448,1.120258,-0.007810,0.016081,0.888554,0.277461,0.015890,0.772755,-0.032138,0.015681
0.981480,0.139793,0.122611,1.163694,0.257410,0.120327,1.178217,0.049115,0.133246,0.784742,0.230471,0.111976,0.799265,0.022176,0.124896,1.114337,0.294881,0.043972,1.121642,-0.007753,0.015930,0.889831,0.277483,0.015839,0.785294,-0.031219,0.015688
0.993599,0.139908,0.123442,1.175864,0.257463,0.122263,1.190281,0.049082,0.133838,0.796917,0.230734,0.113046,0.811334,0.022353,0.124621,1.137835,0.296553,0.051911,1.122993,-0.007763,0.015713,0.891174,0.277493,0.015993,0.801716,-0.029991,0.015704
1.005589,0.139824,0.124465,1.187933,0.257261,0.124885,1.202174,0.048781,0.134792,0.809003,0.230866,0.114138,0.823244,0.022387,0.124045,1.157068,0.297565,0.057648,1.124252,-0.007803,0.015777,0.892603,0.277521,0.016001,0.819648,-0.028595,0.016091
1.017464,0.139633,0.125626,1.199859,0.256974,0.127687,1.213970,0.048410,0.135855,0.820957,0.230856,0.115396,0.835068,0.022292,0.123564,1.174115,0.298250,0.062048,1.125466,-0.007864,0.015915,0.894051,0.277490,0.015801,0.836945,-0.027243,0.019543
1.029278,0.139482,0.126934,1.211742,0.256686,0.130327,1.225706,0.048054,0.136836,0.832850,0.230911,0.117032,0.846814,0.022279,0.123541,1.189996,0.298762,0.064862,1.126612,-0.007922,0.015991,0.895568,0.277518,0.015602,0.853979,-0.025909,0.024364
1.041126,0.139475,0.128348,1.223627,0.256590,0.132683,1.237515,0.047914,0.137803,0.844738,0.231036,0.118894,0.858626,0.022360,0.124013,1.205248,0.299271,0.065027,1.127753,-0.007944,0.015960,0.897057,0.277554,0.015878,0.872746,-0.024606,0.028586
1.053112,0.139786,0.129789,1.235646,0.256826,0.134688,1.249468,0.048127,0.138964,0.856756,0.231444,0.120614,0.870578,0.022745,0.124890,1.220033,0.299834,0.060645,1.128888,-0.007941,0.015815,0.898524,0.277625,0.015954,0.895839,-0.023077,0.030397
1.065388,0.140617,0.131111,1.247963,0.257589,0.136119,1.261705,0.048884,0.140360,0.869070,0.232351,0.121862,0.882813,0.023646,0.126103,1.234259,0.300499,0.050202,1.130011,-0.007876,0.015842,0.900010,0.277793,0.015915,0.926549,-0.020989,0.029790
1.078167,0.142231,0.132147,1.260784,0.259176,0.136153,1.274475,0.050495,0.141577,0.881859,0.233967,0.122718,0.895550,0.025286,0.128141,1.245693,0.301092,0.033901,1.131130,-0.007738,0.015931,0.901676,0.278053,0.015891,0.966932,-0.018138,0.030251
1.091442,0.144690,0.132414,1.274173,0.261523,0.133089,1.287767,0.052921,0.141151,0.895118,0.236458,0.123677,0.908711,0.027856,0.131740,1.247896,0.300847,0.015537,1.132290,-0.007628,0.016008,0.903326,0.278403,0.015773,1.014838,-0.014528,0.035491
1.104382,0.146578,0.132425,1.287356,0.263002,0.129843,1.300606,0.054436,0.139284,0.908157,0.238720,0.125567,0.921407,0.030153,0.135008,1.249321,0.301020,0.015972,1.138891,-0.007005,0.016016,0.905139,0.279147,0.015789,1.055954,-0.011147,0.040899
1.116901,0.147495,0.131496,1.300307,0.263211,0.127845,1.312808,0.054574,0.136725,0.920995,0.240417,0.126267,0.933496,0.031780,0.135147,1.250849,0.301063,0.016063,1.168105,-0.004811,0.015922,0.911349,0.280705,0.015678,1.077041,-0.009410,0.036042
1.128948,0.147728,0.128887,1.313009,0.262410,0.125588,1.324329,0.053630,0.132485,0.933567,0.241826,0.125289,0.944887,0.033046,0.132187,1.252398,0.301041,0.015915,1.199567,-0.002409,0.019493,0.922458,0.283144,0.015685,1.082847,-0.008832,0.016651
1.140850,0.147900,0.125607,1.324974,0.262478,0.122224,1.336181,0.053681,0.128775,0.945520,0.242118,0.122438,0.956726,0.033321,0.128989,1.253759,0.300851,0.015714,1.246355,0.000053,0.024577,0.936852,0.283841,0.015674,1.083997,-0.008937,0.015802
1.152554,0.148775,0.123847,1.336720,0.263277,0.120206,1.347849,0.054491,0.127211,0.957258,0.243059,0.120482,0.968387,0.034273,0.127487,1.255170,0.300968,0.015823,1.283521,0.002450,0.035644,0.954265,0.284924,0.015672,1.085095,-0.008793,0.015800
1.164345,0.149969,0.123785,1.348516,0.264480,0.120735,1.359628,0.055728,0.128721,0.969062,0.244210,0.118849,0.980174,0.035458,0.126836,1.256438,0.301117,0.015931,1.307295,0.004208,0.045405,0.975347,0.286140,0.015552,1.086220,-0.008688,0.015927
1.176155,0.151377,0.124993,1.360311,0.265934,0.122915,1.371416,0.057234,0.132178,0.980894,0.245519,0.117807,0.991999,0.036819,0.127070,1.257591,0.301282,0.016008,1.326375,0.005758,0.052851,0.997304,0.287428,0.015888,1.087521,-0.008587,0.015987
1.187973,0.152880,0.126819,1.372082,0.267525,0.125684,1.383210,0.058891,0.136296,0.992736,0.246868,0.117341,1.003864,0.038234,0.127953,1.258695,0.301472,0.016006,1.345485,0.007378,0.059082,1.018582,0.288715,0.016972,1.088786,-0.008508,0.015930
1.199879,0.154367,0.128885,1.383977,0.269036,0.128647,1.395042,0.060464,0.140484,1.004715,0.248271,0.117286,1.015780,0.039699,0.129123,1.259787,0.301632,0.015844,1.366511,0.009074,0.064904,1.038550,0.290161,0.020527,1.090163,-0.008377,0.015731
1.211929,0.155832,0.131003,1.396017,0.270517,0.131565,1.407006,0.062010,0.144556,1.016853,0.249655,0.117451,1.027842,0.041148,0.130442,1.260852,0.301780,0.015779,1.389154,0.010799,0.069618,1.060032,0.291765,0.024902,1.091521,-0.008246,0.015710
1.224163,0.157097,0.132857,1.408228,0.271812,0.134218,1.419157,0.063358,0.148072,1.029169,0.250836,0.117642,1.040099,0.042382,0.131496,1.261936,0.301896,0.015984,1.412113,0.012287,0.071502,1.087265,0.293545,0.028117,1.092930,-0.008150,0.015801
1.236557,0.157824,0.133847,1.420586,0.272583,0.136063,1.431503,0.064128,0.149928,1.041611,0.251519,0.117766,1.052528,0.043064,0.131631,1.263008,0.301960,0.016044,1.433532,0.013095,0.066833,1.124715,0.295678,0.030475,1.094298,-0.008056,0.015938
1.248943,0.157900,0.133163,1.432872,0.272814,0.135628,1.443995,0.064311,0.148567,1.053892,0.251488,0.117759,1.065015,0.042985,0.130698,1.264058,0.301988,0.016019,1.450053,0.012869,0.049243,1.169662,0.298157,0.035420,1.095785,-0.008088,0.016086
1.261105,0.157532,0.129869,1.444541,0.273250,0.131104,1.456755,0.064676,0.141700,1.065455,0.250388,0.118037,1.077668,0.041814,0.128633,1.269120,0.302715,0.015972,1.450569,0.012301,0.015212,1.206931,0.300204,0.038231,1.097463,-0.008341,0.015885
1.272842,0.157393,0.125399,1.455688,0.274043,0.124265,1.469079,0.065574,0.135485,1.076606,0.249211,0.115313,1.089997,0.040742,0.126533,1.303760,0.304064,0.015959,1.451710,0.012410,0.015835,1.218385,0.298743,0.018975,1.098916,-0.010258,0.015741
1.284969,0.158247,0.122329,1.467732,0.275019,0.120469,1.481299,0.066572,0.131896,1.088640,0.249922,0.112761,1.102207,0.041475,0.124188,1.346510,0.307188,0.019138,1.452723,0.012742,0.015958,1.219516,0.298751,0.016014,1.100585,-0.010188,0.015775
1.297112,0.158995,0.121807,1.479931,0.275659,0.119052,1.493432,0.067205,0.130412,1.100791,0.250785,0.113203,1.114292,0.042330,0.124563,1.393052,0.310656,0.027510,1.454107,0.012813,0.016053,1.220720,0.298863,0.015913,1.102956,-0.009954,0.015617
1.309315,0.159559,0.122353,1.492160,0.276182,0.119538,1.505625,0.067702,0.130455,1.113004,0.251417,0.114251,1.126470,0.042936,0.125168,1.430784,0.313589,0.038650,1.455534,0.012868,0.016039,1.221965,0.298906,0.015804,1.111118,-0.009395,0.015687
1.321480,0.159883,0.123243,1.504356,0.276473,0.121180,1.517757,0.067944,0.131200,1.125202,0.251823,0.115286,1.138604,0.043294,0.125306,1.458959,0.315650,0.048300,1.456929,0.012895,0.015845,1.223250,0.298948,0.015963,1.125059,-0.008441,0.015673
1.333538,0.159985,0.124284,1.516460,0.276519,0.123533,1.529758,0.067926,0.132296,1.137318,0.252043,0.116272,1.150616,0.043450,0.125035,1.480638,0.316948,0.055240,1.458255,0.012889,0.015754,1.224638,0.298979,0.015991,1.141967,-0.007274,0.015765
1.345482,0.159943,0.125404,1.528427,0.276439,0.126239,1.541648,0.067787,0.133601,1.149315,0.252098,0.117207,1.162536,0.043446,0.124569,1.498951,0.317818,0.060411,1.459507,0.012857,0.015813,1.226039,0.298954,0.015900,1.159719,-0.006080,0.017484
1.357338,0.159863,0.126611,1.540336,0.276257,0.128924,1.553430,0.067550,0.134829,1.161246,0.252175,0.118394,1.174340,0.043469,0.124299,1.515593,0.318431,0.064230,1.460689,0.012810,0.015940,1.227524,0.298985,0.015688,1.177104,-0.004825,0.021486
1.369190,0.159821,0.127926,1.552215,0.276146,0.131344,1.565242,0.067402,0.135912,1.173139,0.252239,0.119940,1.186166,0.043495,0.124508,1.531331,0.318966,0.066180,1.461836,0.012774,0.015975,1.229011,0.298996,0.015778,1.195131,-0.003647,0.026147
