0.012909,-0.000256,0.357600,0.203144,0.103306,0.368861,0.201851,-0.105876,0.371251,-0.176033,0.105365,0.343949,-0.177326,-0.103817,0.346340,0.212924,0.146556,0.181301,0.214350,-0.153342,0.201953,-0.133183,0.148274,0.144397,-0.143565,-0.151817,0.141853
0.020767,-0.000484,0.354878,0.210713,0.103384,0.368036,0.209697,-0.105794,0.370904,-0.168162,0.104825,0.338852,-0.169178,-0.104353,0.341720,0.176980,0.146307,0.171434,0.211310,-0.153534,0.204784,-0.114960,0.147327,0.142385,-0.134782,-0.152757,0.138893
0.029144,-0.000717,0.349369,0.218490,0.104094,0.363656,0.218460,-0.105080,0.366954,-0.160171,0.103646,0.331783,-0.160201,-0.105528,0.335081,0.157698,0.146494,0.169285,0.210019,-0.153008,0.210061,-0.117628,0.146056,0.139041,-0.136175,-0.154380,0.119888
0.036957,-0.000961,0.341348,0.225293,0.105381,0.357535,0.226938,-0.103789,0.360708,-0.153025,0.101866,0.321989,-0.151379,-0.107303,0.325162,0.167524,0.147495,0.167179,0.219021,-0.151617,0.208494,-0.124446,0.144652,0.131104,-0.146877,-0.156184,0.097138
0.043770,-0.001236,0.329920,0.230884,0.106827,0.348679,0.234452,-0.102325,0.351426,-0.146912,0.099853,0.308413,-0.143344,-0.109299,0.311160,0.195013,0.149238,0.163137,0.232326,-0.149890,0.193938,-0.122863,0.143210,0.117074,-0.153222,-0.158036,0.074524
0.049530,-0.001537,0.314240,0.235563,0.107928,0.335462,0.240728,-0.101196,0.337751,-0.141668,0.098121,0.290730,-0.136503,-0.111003,0.293018,0.221925,0.151076,0.154307,0.245792,-0.148383,0.169073,-0.109082,0.142275,0.097154,-0.146156,-0.159349,0.051586
0.054695,-0.001881,0.294025,0.239913,0.108511,0.317460,0.246158,-0.100588,0.319324,-0.136768,0.096826,0.268726,-0.130523,-0.112272,0.270590,0.239640,0.152354,0.135644,0.258794,-0.147282,0.139832,-0.087678,0.142036,0.074837,-0.126902,-0.159810,0.026733
0.060028,-0.002087,0.269945,0.244848,0.108636,0.294910,0.251515,-0.100453,0.296367,-0.131459,0.096279,0.243524,-0.124792,-0.112809,0.244981,0.249690,0.152958,0.107462,0.272262,-0.146563,0.110100,-0.067940,0.142430,0.050002,-0.116936,-0.159630,0.015864
0.067711,-0.000839,0.245789,0.253527,0.109117,0.266356,0.259135,-0.099982,0.269634,-0.123713,0.098304,0.221944,-0.118106,-0.110796,0.225223,0.239215,0.150958,0.059254,0.263983,-0.148479,0.068406,-0.057717,0.142304,0.015221,-0.115420,-0.159478,0.015894
0.078850,0.000328,0.223030,0.265642,0.110139,0.232583,0.271176,-0.098939,0.237089,-0.113477,0.099595,0.208971,-0.107943,-0.109483,0.213478,0.207965,0.149502,0.019765,0.213652,-0.150732,0.014663,-0.056309,0.142420,0.015729,-0.114117,-0.159379,0.015979
0.091751,-0.000473,0.205243,0.278938,0.109080,0.204643,0.284424,-0.100014,0.208368,-0.100922,0.099068,0.202117,-0.095436,-0.110026,0.205842,0.203878,0.149221,0.015905,0.213542,-0.150777,0.015866,-0.055007,0.142427,0.015836,-0.098204,-0.158964,0.015475
0.106514,-0.001209,0.196478,0.293742,0.108202,0.192464,0.299125,-0.100912,0.195159,-0.086097,0.098493,0.197796,-0.080714,-0.110620,0.200491,0.204748,0.149103,0.015856,0.214445,-0.150870,0.015961,-0.053609,0.142453,0.015865,-0.091903,-0.158757,0.015863
0.123405,-0.000828,0.195323,0.310638,0.108499,0.189584,0.315951,-0.100617,0.192244,-0.069140,0.098961,0.198402,-0.063827,-0.110154,0.201063,0.224710,0.149627,0.020080,0.215800,-0.150872,0.015983,-0.052295,0.142535,0.015830,-0.089571,-0.158636,0.015626
0.142502,-0.000263,0.199535,0.329796,0.109008,0.194852,0.335032,-0.100109,0.197531,-0.050029,0.099583,0.201539,-0.044792,-0.109535,0.204218,0.267556,0.150799,0.029525,0.217541,-0.150846,0.015910,-0.050962,0.142648,0.015832,-0.073484,-0.158137,0.015615
0.163132,0.000183,0.206221,0.350435,0.109517,0.204079,0.355704,-0.099601,0.206620,-0.029441,0.099967,0.205823,-0.024172,-0.109151,0.208364,0.318243,0.152220,0.043306,0.219559,-0.150817,0.015878,-0.049696,0.142616,0.015849,-0.035696,-0.157251,0.015695
0.183739,0.000103,0.210601,0.371164,0.109246,0.209942,0.376202,-0.099883,0.211964,-0.008725,0.100089,0.209238,-0.003687,-0.109041,0.211260,0.355973,0.152784,0.048442,0.224465,-0.150898,0.015984,-0.048535,0.142725,0.015797,0.028412,-0.155621,0.015925
0.203568,-0.000168,0.209473,0.391194,0.108632,0.209645,0.395845,-0.100515,0.210405,0.011290,0.100179,0.208541,0.015941,-0.108968,0.209302,0.372855,0.153065,0.038989,0.252048,-0.149882,0.015842,-0.034657,0.143918,0.015653,0.114184,-0.152908,0.026782
0.223381,-0.000122,0.203311,0.410723,0.109161,0.202105,0.415918,-0.099974,0.202705,0.030844,0.099730,0.203916,0.036039,-0.109405,0.204517,0.374226,0.153211,0.025391,0.272668,-0.149507,0.024766,-0.006078,0.143736,0.015493,0.185204,-0.151605,0.051007
0.243149,0.000217,0.193518,0.429690,0.110740,0.188184,0.436344,-0.098331,0.191325,0.049953,0.098766,0.195711,0.056608,-0.110305,0.198852,0.373748,0.151849,0.015881,0.313038,-0.150125,0.032122,0.026336,0.140782,0.015299,0.228653,-0.152238,0.070295
0.262535,0.000736,0.181150,0.447697,0.113320,0.172139,0.456798,-0.095626,0.176991,0.068272,0.097098,0.185308,0.077373,-0.111847,0.190160,0.375096,0.152031,0.015763,0.358859,-0.148498,0.043476,0.061278,0.138354,0.015407,0.251449,-0.152626,0.067189
0.281555,0.000950,0.167680,0.465243,0.115769,0.156887,0.476979,-0.093011,0.163008,0.086131,0.094911,0.172352,0.097868,-0.113870,0.178472,0.376660,0.152196,0.015842,0.401238,-0.146090,0.051135,0.096255,0.136423,0.015485,0.257008,-0.154495,0.040993
0.300400,0.000645,0.154337,0.482919,0.117472,0.145428,0.496849,-0.091199,0.150636,0.103951,0.092489,0.158039,0.117881,-0.116182,0.163246,0.378555,0.152840,0.016020,0.447801,-0.142475,0.053021,0.127676,0.136080,0.015494,0.258792,-0.156020,0.015825
0.318878,0.001038,0.144197,0.501418,0.118023,0.138294,0.515423,-0.090662,0.142635,0.122333,0.092738,0.145759,0.136339,-0.115948,0.150100,0.380446,0.152921,0.015917,0.491587,-0.139597,0.057434,0.161208,0.138204,0.015752,0.260377,-0.155980,0.015792
0.337509,0.002518,0.138500,0.520149,0.119444,0.135022,0.534029,-0.089240,0.139845,0.140990,0.094275,0.137155,0.154869,-0.114408,0.141977,0.382288,0.153083,0.015857,0.527984,-0.136963,0.063728,0.198673,0.140953,0.019413,0.262055,-0.155756,0.015882
0.356598,0.004257,0.135812,0.539344,0.121062,0.134540,0.553020,-0.087613,0.140208,0.160176,0.096128,0.131416,0.173852,-0.112548,0.137083,0.384097,0.153231,0.015959,0.560364,-0.134692,0.066726,0.240996,0.144164,0.027411,0.263933,-0.155499,0.015930
0.376312,0.005440,0.134416,0.559054,0.122257,0.134959,0.572692,-0.086423,0.140537,0.179933,0.097303,0.128296,0.193570,-0.111378,0.133874,0.385855,0.153320,0.015941,0.590079,-0.132978,0.060947,0.292076,0.147752,0.036894,0.266031,-0.155366,0.015613
0.396469,0.006233,0.132752,0.578894,0.123544,0.133469,0.593111,-0.085125,0.137929,0.199827,0.097591,0.127575,0.214044,-0.111077,0.132035,0.387625,0.153562,0.015744,0.613997,-0.131371,0.039524,0.343798,0.151254,0.047483,0.268345,-0.155425,0.015900
0.416267,0.006905,0.129494,0.598080,0.125156,0.128087,0.613430,-0.083455,0.131303,0.219105,0.097264,0.127686,0.234455,-0.111347,0.130901,0.401921,0.154571,0.015856,0.618850,-0.130415,0.015813,0.384145,0.153762,0.048229,0.269888,-0.156092,0.015831
0.435379,0.008408,0.126449,0.616248,0.128018,0.121886,0.633245,-0.080412,0.127594,0.237513,0.097227,0.125305,0.254510,-0.111203,0.131012,0.452195,0.157355,0.015869,0.621047,-0.130082,0.015932,0.395868,0.152823,0.018121,0.270631,-0.158660,0.015865
0.454674,0.010609,0.124669,0.635385,0.130422,0.119241,0.652652,-0.077958,0.125895,0.256695,0.099176,0.123443,0.273963,-0.109204,0.130097,0.520593,0.163346,0.019255,0.622978,-0.129557,0.015942,0.397641,0.153053,0.015979,0.273203,-0.158544,0.015864
0.473801,0.012451,0.125117,0.654541,0.132180,0.118867,0.671747,-0.076193,0.125888,0.275854,0.101095,0.124347,0.293060,-0.107278,0.131368,0.587117,0.169400,0.034488,0.625143,-0.129372,0.016068,0.399429,0.153275,0.015881,0.278428,-0.158016,0.015633
0.493019,0.013939,0.126029,0.673802,0.133625,0.120201,0.690939,-0.074762,0.126959,0.295099,0.102640,0.125100,0.312236,-0.105747,0.131858,0.636023,0.173991,0.053777,0.627374,-0.129223,0.015779,0.401298,0.153457,0.015823,0.295164,-0.156547,0.015665
0.512154,0.014996,0.126968,0.692976,0.134687,0.122656,0.710058,-0.073732,0.128529,0.314249,0.103723,0.125407,0.331332,-0.104695,0.131280,0.670496,0.176952,0.068990,0.629465,-0.129133,0.015836,0.403283,0.153557,0.015961,0.321977,-0.154337,0.015781
0.531288,0.015747,0.127995,0.712159,0.135423,0.125860,0.729160,-0.073036,0.130338,0.333417,0.104531,0.125652,0.350418,-0.103929,0.130130,0.697103,0.178788,0.078444,0.631364,-0.129080,0.015972,0.405409,0.153652,0.015742,0.353033,-0.151740,0.017796
0.550560,0.016441,0.129361,0.731461,0.136091,0.129224,0.748398,-0.072401,0.132220,0.352722,0.105284,0.126503,0.369659,-0.103208,0.129499,0.720448,0.180132,0.082705,0.633194,-0.129036,0.015880,0.407599,0.153755,0.015804,0.384942,-0.149127,0.021249
0.570030,0.017338,0.131375,0.750961,0.136935,0.132637,0.767833,-0.071575,0.134511,0.372228,0.106250,0.128238,0.389099,-0.102260,0.130112,0.742536,0.181373,0.079095,0.634981,-0.128991,0.015891,0.409818,0.153883,0.015950,0.421345,-0.146217,0.022632
0.589958,0.018810,0.133907,0.770921,0.138353,0.135701,0.787728,-0.070164,0.137338,0.392188,0.107785,0.130476,0.408996,-0.100733,0.132112,0.763492,0.182791,0.063993,0.636731,-0.128886,0.015975,0.412191,0.154097,0.015924,0.469656,-0.142304,0.022216
0.610611,0.021259,0.136275,0.791666,0.140674,0.136596,0.808328,-0.067841,0.139483,0.412894,0.110360,0.133067,0.429555,-0.098156,0.135954,0.777182,0.183734,0.036783,0.638409,-0.128729,0.015903,0.414614,0.154472,0.015747,0.532191,-0.137063,0.026985
0.631241,0.024128,0.137209,0.812495,0.143182,0.133449,0.828824,-0.065317,0.138566,0.433658,0.113573,0.135852,0.449987,-0.094926,0.140969,0.776498,0.183085,0.016049,0.644672,-0.128360,0.015570,0.416913,0.154919,0.015848,0.589715,-0.132054,0.040412
0.650391,0.026100,0.136662,0.832102,0.144344,0.130290,0.847572,-0.064225,0.135224,0.453209,0.116425,0.138100,0.468680,-0.092144,0.143034,0.778706,0.183268,0.016037,0.698330,-0.123700,0.016092,0.428558,0.157288,0.015705,0.623257,-0.128564,0.045877
0.668877,0.027550,0.134505,0.851120,0.144906,0.127014,0.865585,-0.063752,0.131166,0.472169,0.118851,0.137845,0.486634,-0.089807,0.141997,0.780952,0.183396,0.015758,0.766317,-0.118313,0.025026,0.453455,0.160692,0.015718,0.634966,-0.127288,0.031604
0.687370,0.028461,0.130793,0.869863,0.145453,0.123669,0.883879,-0.063251,0.126983,0.490862,0.120174,0.134603,0.504878,-0.088530,0.137917,0.783113,0.183473,0.015873,0.820767,-0.114464,0.037785,0.485641,0.163491,0.015563,0.638074,-0.127082,0.015819
0.706017,0.029858,0.128081,0.888540,0.146863,0.122081,0.902556,-0.061836,0.125683,0.509477,0.121551,0.130478,0.523493,-0.087148,0.134081,0.785087,0.183643,0.015970,0.864313,-0.111264,0.050332,0.522389,0.165996,0.015661,0.639737,-0.126941,0.015847
0.724899,0.031956,0.127503,0.907536,0.148850,0.122975,0.921410,-0.059830,0.127928,0.528389,0.123742,0.127078,0.542262,-0.084939,0.132031,0.786978,0.183856,0.015844,0.900186,-0.108388,0.061225,0.562767,0.168984,0.017251,0.641661,-0.126650,0.015902
0.744087,0.034237,0.128602,0.926805,0.151056,0.125672,0.940546,-0.057589,0.132218,0.547629,0.126063,0.124986,0.561369,-0.082582,0.131532,0.788786,0.184093,0.015876,0.932648,-0.105648,0.069488,0.602927,0.172085,0.023272,0.643709,-0.126361,0.015802
0.763557,0.036209,0.130499,0.946311,0.153003,0.129250,0.959949,-0.055614,0.136834,0.567166,0.128032,0.124163,0.580804,-0.080585,0.131748,0.790475,0.184275,0.015987,0.963353,-0.103355,0.071192,0.649837,0.175587,0.029897,0.645858,-0.126128,0.015703
0.783195,0.037510,0.131894,0.965862,0.154447,0.131747,0.979621,-0.054167,0.139201,0.586770,0.129187,0.124588,0.600529,-0.079427,0.132041,0.792054,0.184423,0.015946,0.991595,-0.101756,0.060809,0.705193,0.179500,0.038514,0.648089,-0.126017,0.015915
0.802704,0.038502,0.131126,0.984720,0.156445,0.130385,0.999682,-0.052140,0.136120,0.605726,0.129143,0.126131,0.620688,-0.079442,0.131867,0.797983,0.185481,0.015677,1.009849,-0.099890,0.030833,0.754030,0.183202,0.047461,0.650405,-0.126081,0.015974
0.821640,0.039635,0.128646,1.002609,0.159138,0.125425,1.019437,-0.049268,0.132366,0.623843,0.128538,0.124926,0.640671,-0.079869,0.131867,0.835183,0.187594,0.015895,1.011703,-0.099395,0.015906,0.785220,0.184325,0.038859,0.653670,-0.128309,0.015756
0.840538,0.041874,0.126434,1.020972,0.162142,0.121911,1.038730,-0.046110,0.130871,0.642346,0.129858,0.121997,0.660104,-0.078394,0.130957,0.897586,0.192890,0.019938,1.012764,-0.098926,0.015951,0.784157,0.183048,0.016011,0.658138,-0.129174,0.015778
0.859772,0.044273,0.125761,1.040239,0.164442,0.120073,1.057941,-0.043756,0.130324,0.661602,0.132302,0.121197,0.679305,-0.075895,0.131449,0.962948,0.199201,0.031978,1.014820,-0.098716,0.016086,0.785869,0.183354,0.015928,0.663198,-0.128638,0.015591
0.878967,0.045910,0.126158,1.059440,0.166069,0.120456,1.077133,-0.042133,0.130621,0.680801,0.133953,0.121696,0.698495,-0.074250,0.131861,1.015400,0.204543,0.049761,1.017025,-0.098511,0.015865,0.787774,0.183543,0.015829,0.680402,-0.127127,0.015682
0.898155,0.046936,0.127065,1.078675,0.167081,0.122719,1.096283,-0.041177,0.131825,0.700028,0.135049,0.122305,0.717636,-0.073209,0.131411,1.052701,0.208025,0.065177,1.019113,-0.098431,0.015795,0.789804,0.183647,0.016004,0.707932,-0.124743,0.015743
0.917351,0.047592,0.128257,1.097899,0.167752,0.126002,1.115441,-0.040577,0.133500,0.719260,0.135761,0.123014,0.736802,-0.072567,0.130513,1.080752,0.210115,0.075076,1.021047,-0.098395,0.015983,0.792032,0.183669,0.015788,0.738997,-0.122050,0.018615
0.936638,0.048229,0.129830,1.117247,0.168319,0.129467,1.134663,-0.040073,0.135316,0.738613,0.136531,0.124344,0.756029,-0.071860,0.130192,1.104862,0.211514,0.079725,1.022875,-0.098392,0.015947,0.794346,0.183768,0.015754,0.770383,-0.119297,0.022928
0.956108,0.049118,0.132041,1.136739,0.169172,0.132978,1.154100,-0.039256,0.137548,0.758116,0.137492,0.126534,0.775478,-0.070936,0.131105,1.127358,0.212777,0.076806,1.024679,-0.098324,0.015827,0.796654,0.183896,0.015943,0.806146,-0.116330,0.024834
0.975960,0.050556,0.134795,1.156615,0.170568,0.136232,1.173925,-0.037873,0.140386,0.777995,0.138985,0.129204,0.795305,-0.069456,0.133357,1.148666,0.214058,0.062693,1.026465,-0.098214,0.015952,0.799044,0.184092,0.015955,0.853809,-0.112383,0.024421
0.996590,0.053005,0.137419,1.177335,0.172889,0.137456,1.194512,-0.035538,0.142704,0.798667,0.141549,0.132134,0.815844,-0.066879,0.137382,1.163104,0.214803,0.036914,1.028196,-0.098055,0.015958,0.801510,0.184470,0.015713,0.916154,-0.106962,0.028895
1.017220,0.055916,0.138518,1.198136,0.175465,0.134234,1.215058,-0.032917,0.141689,0.819381,0.144748,0.135346,0.836303,-0.063633,0.142801,1.162224,0.213947,0.016001,1.032100,-0.097904,0.015837,0.803757,0.184832,0.015829,0.974602,-0.101618,0.042534
1.036530,0.058193,0.138450,1.218062,0.176682,0.131544,1.233872,-0.031790,0.138915,0.839187,0.148176,0.137985,0.854997,-0.060295,0.145356,1.164459,0.214144,0.016097,1.073977,-0.093874,0.015896,0.814956,0.187624,0.015709,1.009004,-0.097725,0.046355
1.055084,0.059788,0.136973,1.237515,0.176821,0.129023,1.251674,-0.031810,0.135126,0.858494,0.151385,0.138820,0.872653,-0.057246,0.144924,1.166517,0.214263,0.015747,1.131574,-0.088813,0.023049,0.837174,0.191911,0.015710,1.020909,-0.096078,0.031447
1.073471,0.060772,0.133713,1.256464,0.176941,0.126005,1.269602,-0.031785,0.131050,0.877340,0.153329,0.136377,0.890478,-0.055397,0.141422,1.168676,0.214306,0.015847,1.191336,-0.084594,0.034662,0.868278,0.195393,0.015648,1.022696,-0.095665,0.015811
1.091995,0.062012,0.130858,1.274999,0.178221,0.124047,1.288161,-0.030498,0.129336,0.895830,0.154521,0.132380,0.908992,-0.054197,0.137669,1.170622,0.214455,0.015985,1.241288,-0.081051,0.048732,0.904955,0.197693,0.015628,1.024394,-0.095562,0.015842
1.110771,0.063938,0.129706,1.293851,0.180099,0.124244,1.306931,-0.028590,0.130777,0.914612,0.156466,0.128635,0.927692,-0.052222,0.135168,1.172466,0.214659,0.015848,1.280989,-0.077948,0.061443,0.945529,0.200487,0.017529,1.026219,-0.095340,0.015960
1.129921,0.066113,0.130228,1.313102,0.182173,0.126264,1.326014,-0.026471,0.134354,0.933828,0.158696,0.126101,0.946740,-0.049948,0.134191,1.174235,0.214871,0.015878,1.315308,-0.075169,0.070790,0.985748,0.203516,0.023862,1.028213,-0.095068,0.015788
1.149422,0.068027,0.131673,1.332680,0.184011,0.129321,1.345419,-0.024598,0.138515,0.953425,0.160653,0.124831,0.966164,-0.047956,0.134025,1.175938,0.215024,0.016012,1.346911,-0.072982,0.072804,1.032336,0.206883,0.030265,1.030322,-0.094832,0.015691
1.169098,0.069229,0.132699,1.352305,0.185310,0.131485,1.365102,-0.023300,0.140568,0.973094,0.161759,0.124830,0.985891,-0.046852,0.133913,1.177543,0.215137,0.015948,1.375918,-0.071609,0.062635,1.088213,0.210622,0.038084,1.032489,-0.094711,0.015898
1.188660,0.070026,0.131570,1.371220,0.187117,0.129874,1.385218,-0.021488,0.137150,0.992101,0.161540,0.125990,1.006100,-0.047064,0.133266,1.183226,0.216095,0.015580,1.395199,-0.070045,0.032567,1.138495,0.214185,0.046895,1.034873,-0.094802,0.016009
1.207603,0.070862,0.128430,1.389243,0.189305,0.124009,1.404898,-0.019163,0.131809,1.010309,0.160887,0.125051,1.025964,-0.047581,0.132851,1.220233,0.218177,0.015898,1.396269,-0.069757,0.015911,1.170447,0.215309,0.039155,1.038042,-0.096663,0.015791
1.226517,0.072815,0.125690,1.407702,0.191883,0.119689,1.424153,-0.016450,0.129247,1.028880,0.162080,0.122134,1.045332,-0.046253,0.131691,1.284660,0.223229,0.019942,1.397784,-0.069367,0.016013,1.169871,0.213985,0.016020,1.042327,-0.097448,0.015755
1.245842,0.074986,0.124776,1.427080,0.193911,0.117667,1.443435,-0.014375,0.128336,1.048249,0.164346,0.121216,1.064604,-0.043940,0.131884,1.351558,0.229252,0.032194,1.399903,-0.069193,0.016084,1.171603,0.214288,0.015919,1.047737,-0.096872,0.015567
1.265091,0.076412,0.125201,1.446356,0.195311,0.118324,1.462665,-0.012992,0.128739,1.067517,0.165817,0.121663,1.083826,-0.042486,0.132078,1.404162,0.234250,0.050261,1.402129,-0.069021,0.015862,1.173505,0.214470,0.015841,1.065670,-0.095374,0.015671
1.284309,0.077259,0.126254,1.465623,0.196163,0.120917,1.481851,-0.012201,0.130168,1.086768,0.166720,0.122340,1.102996,-0.041645,0.131591,1.440924,0.237415,0.065584,1.404213,-0.068958,0.015791,1.175550,0.214546,0.016002,1.093585,-0.093153,0.015743
1.303490,0.077812,0.127608,1.484855,0.196716,0.124462,1.500986,-0.011722,0.132091,1.105994,0.167346,0.123126,1.122125,-0.041091,0.130754,1.468489,0.239261,0.075152,1.406124,-0.068929,0.015989,1.177726,0.214585,0.015771,1.124494,-0.090627,0.018637
1.322807,0.078350,0.129338,1.504224,0.197210,0.128100,1.520249,-0.011289,0.134096,1.125365,0.167989,0.124580,1.141391,-0.040510,0.130576,1.492384,0.240509,0.079627,1.407985,-0.068918,0.015945,1.180045,0.214666,0.015777,1.155774,-0.088102,0.022975
1.342278,0.079113,0.131697,1.523737,0.197914,0.131748,1.539674,-0.010625,0.136490,1.144881,0.168851,0.126905,1.160818,-0.039688,0.131647,1.514755,0.241564,0.076440,1.409776,-0.068890,0.015831,1.182328,0.214783,0.015917,1.191645,-0.085355,0.024849
1.362160,0.080441,0.134549,1.543642,0.199205,0.135084,1.559532,-0.009345,0.139460,1.164788,0.170226,0.129638,1.180677,-0.038324,0.134014,1.535923,0.242675,0.062017,1.411549,-0.068803,0.015951,1.184695,0.214949,0.015969,1.239773,-0.081713,0.024398
1.382782,0.082767,0.137218,1.564340,0.201414,0.136299,1.580116,-0.007118,0.141798,1.185448,0.172653,0.132638,1.201224,-0.035879,0.138137,1.549803,0.243255,0.035628,1.413222,-0.068658,0.015959,1.187087,0.215290,0.015734,1.302516,-0.076688,0.029048
1.403366,0.085548,0.138347,1.585076,0.203855,0.133226,1.600605,-0.004628,0.140857,1.206128,0.175725,0.135838,1.221656,-0.032758,0.143469,1.549292,0.242506,0.016026,1.418911,-0.068352,0.015610,1.189324,0.215686,0.015787,1.360660,-0.071701,0.042651
1.422585,0.087444,0.138001,1.604746,0.204912,0.130264,1.619421,-0.003640,0.137701,1.225748,0.178529,0.138301,1.240423,-0.030023,0.145739,1.551492,0.242684,0.016093,1.469211,-0.064147,0.015842,1.201020,0.218007,0.015681,1.394595,-0.068239,0.048337
1.441124,0.088753,0.136164,1.623993,0.205042,0.127389,1.637334,-0.003639,0.133640,1.244913,0.181144,0.138688,1.258255,-0.027536,0.144939,1.553789,0.242773,0.015771,1.528412,-0.059414,0.025216,1.224797,0.221738,0.015706,1.407293,-0.066903,0.033711
1.459602,0.089550,0.132762,1.642930,0.205142,0.124350,1.655432,-0.003621,0.129460,1.263772,0.182721,0.136064,1.276275,-0.026042,0.141173,1.555966,0.242824,0.015846,1.583443,-0.055730,0.037430,1.256491,0.224882,0.015605,1.409626,-0.066668,0.015831
1.478210,0.090729,0.129999,1.661585,0.206317,0.122628,1.674058,-0.002443,0.127950,1.282363,0.183900,0.132049,1.294836,-0.024860,0.137371,1.557927,0.242951,0.015988,1.629839,-0.052614,0.050158,1.293243,0.227128,0.015650,1.411344,-0.066543,0.015833
1.497055,0.092628,0.129070,1.680538,0.208127,0.123122,1.692882,-0.000604,0.129703,1.301228,0.185861,0.128437,1.313573,-0.022870,0.135019,1.559777,0.243155,0.015847,1.668086,-0.049764,0.061811,1.333710,0.229831,0.017311,1.413200,-0.066284,0.015954
1.516228,0.094772,0.129760,1.699811,0.210181,0.125380,1.711999,0.001497,0.133549,1.320456,0.188048,0.125970,1.332645,-0.020637,0.134139,1.561545,0.243382,0.015875,1.701912,-0.047113,0.070753,1.373885,0.232717,0.023428,1.415225,-0.066007,0.015815
1.535767,0.096634,0.131306,1.719414,0.211993,0.128636,1.731457,0.003345,0.137898,1.340076,0.189923,0.124715,1.352119,-0.018725,0.133977,1.563274,0.243551,0.016011,1.733378,-0.045006,0.072763,1.420502,0.235922,0.029805,1.417377,-0.065780,0.015673
1.555443,0.097794,0.132414,1.739033,0.213265,0.130946,1.751147,0.004618,0.140126,1.359739,0.190969,0.124702,1.371853,-0.017678,0.133882,1.564883,0.243665,0.015951,1.762300,-0.043704,0.062876,1.476018,0.239469,0.037856,1.419567,-0.065669,0.015895
1.574966,0.098568,0.131405,1.757915,0.215046,0.129490,1.771222,0.006403,0.136943,1.378711,0.190733,0.125867,1.392018,-0.017910,0.133320,1.570765,0.244614,0.015612,1.781843,-0.042186,0.033507,1.525998,0.242872,0.046773,1.421885,-0.065768,0.016000
1.593933,0.099323,0.128138,1.776046,0.217020,0.123295,1.790864,0.008482,0.130836,1.397002,0.190165,0.125440,1.411820,-0.018373,0.132981,1.605650,0.246620,0.015819,1.782737,-0.041847,0.015877,1.557739,0.244079,0.039678,1.424807,-0.067282,0.015802
1.612915,0.101269,0.125186,1.794647,0.219464,0.118500,1.810131,0.011045,0.127787,1.415699,0.191493,0.122586,1.431184,-0.016926,0.131873,1.673942,0.251703,0.019432,1.784476,-0.041460,0.016059,1.557422,0.242894,0.016016,1.428898,-0.067889,0.015780
1.632347,0.103428,0.124087,1.814118,0.221498,0.116335,1.829527,0.013132,0.126864,1.435167,0.193724,0.121309,1.450576,-0.014642,0.131839,1.741528,0.257527,0.032535,1.786608,-0.041272,0.016092,1.559148,0.243199,0.015920,1.434897,-0.067309,0.015569
1.651741,0.104782,0.124399,1.833524,0.222855,0.116995,1.848916,0.014478,0.127310,1.454567,0.195087,0.121488,1.469958,-0.013291,0.131803,1.793494,0.262267,0.051128,1.788910,-0.041101,0.015857,1.561068,0.243352,0.015837,1.453128,-0.065914,0.015639
1.671021,0.105560,0.125426,1.852860,0.223636,0.119624,1.868161,0.015197,0.128770,1.473880,0.195924,0.122082,1.489181,-0.012515,0.131228,1.829493,0.265201,0.066405,1.791026,-0.041039,0.015791,1.563116,0.243435,0.016000,1.480674,-0.063823,0.015740
1.690262,0.106026,0.126825,1.872175,0.224077,0.123267,1.887346,0.015563,0.130787,1.493178,0.196488,0.122864,1.508349,-0.012026,0.130383,1.856716,0.266842,0.075862,1.792961,-0.041043,0.015986,1.565314,0.243474,0.015776,1.511317,-0.061447,0.018414
1.709587,0.106468,0.128641,1.891563,0.224465,0.127039,1.906611,0.015890,0.132919,1.512563,0.197046,0.124362,1.527611,-0.011529,0.130243,1.880413,0.267929,0.080288,1.794802,-0.041061,0.015945,1.567649,0.243545,0.015775,1.542325,-0.059087,0.022645
1.729080,0.107143,0.131084,1.911062,0.225142,0.130802,1.926088,0.016533,0.135407,1.532072,0.197754,0.126761,1.547098,-0.010855,0.131365,1.902618,0.268927,0.077089,1.796585,-0.041013,0.015826,1.569919,0.243613,0.015930,1.577905,-0.056573,0.024535
1.748940,0.108410,0.134015,1.930940,0.226380,0.134242,1.945926,0.017760,0.138476,1.551953,0.199060,0.129554,1.566939,-0.009560,0.133787,1.923667,0.269980,0.062634,1.798312,-0.040907,0.015951,1.572306,0.243793,0.015970,1.625572,-0.053149,0.024140
1.769600,0.110661,0.136770,1.951684,0.228496,0.135593,1.966538,0.019894,0.140980,1.572661,0.201427,0.132560,1.587516,-0.007175,0.137947,1.937829,0.270527,0.036344,1.800008,-0.040774,0.015960,1.574746,0.244139,0.015734,1.688040,-0.048420,0.028610
1.790207,0.113312,0.138074,1.972447,0.230801,0.132979,1.987037,0.022241,0.140362,1.593377,0.204382,0.135786,1.607967,-0.004178,0.143168,1.937479,0.269804,0.016022,1.803990,-0.040562,0.015820,1.576986,0.244580,0.015845,1.746446,-0.043658,0.042080
1.809525,0.115200,0.138202,1.992316,0.231711,0.130874,2.005876,0.023073,0.138006,1.613174,0.207327,0.138398,1.626733,-0.001311,0.145529,1.939767,0.269945,0.016093,1.848128,-0.036925,0.015899,1.588175,0.247081,0.015690,1.780873,-0.040268,0.045975
1.828079,0.116459,0.136781,2.011657,0.231668,0.128574,2.023736,0.022898,0.134385,1.632422,0.210020,0.139178,1.644502,0.001250,0.144988,1.941990,0.270041,0.015782,1.905453,-0.032575,0.023540,1.610614,0.250866,0.015712,1.792810,-0.038881,0.031132
1.846489,0.117126,0.133561,2.030526,0.231620,0.125647,2.041754,0.022774,0.130340,1.651224,0.211478,0.136782,1.662452,0.002633,0.141475,1.944174,0.270037,0.015846,1.963737,-0.029085,0.035181,1.641636,0.253768,0.015657,1.794685,-0.038609,0.015817
1.864967,0.118160,0.130806,2.049013,0.232700,0.123800,2.060272,0.023859,0.128650,1.669663,0.212461,0.132962,1.680922,0.003621,0.137812,1.946114,0.270176,0.015978,2.012843,-0.026077,0.048937,1.678222,0.255726,0.015610,1.796385,-0.038515,0.015844
1.883705,0.119911,0.129761,2.067862,0.234349,0.124147,2.078984,0.025533,0.130210,1.688427,0.214290,0.129313,1.699549,0.005473,0.135376,1.947949,0.270352,0.015851,2.051982,-0.023444,0.061156,1.718957,0.258197,0.017306,1.798243,-0.038271,0.015945
1.902847,0.121925,0.130332,2.087086,0.236296,0.126252,2.098083,0.027525,0.133880,1.707611,0.216326,0.126785,1.718609,0.007555,0.134413,1.949732,0.270571,0.015870,2.086258,-0.020959,0.070444,1.759254,0.260815,0.023487,1.800231,-0.038023,0.015793
1.922348,0.123718,0.131800,2.106642,0.238046,0.129339,2.117512,0.029314,0.138136,1.727184,0.218123,0.125465,1.738054,0.009391,0.134261,1.951470,0.270741,0.015999,2.117910,-0.018968,0.072864,1.805291,0.263717,0.029953,1.802365,-0.037809,0.015694
1.942009,0.124805,0.132887,2.126258,0.239226,0.131641,2.137176,0.030495,0.140416,1.746842,0.219116,0.125358,1.757760,0.010385,0.134133,1.953088,0.270857,0.015958,2.147058,-0.017774,0.063500,1.860638,0.266935,0.037696,1.804557,-0.037690,0.015901
1.961555,0.125416,0.131895,2.145268,0.240689,0.130206,2.157196,0.031956,0.137475,1.765915,0.218875,0.126314,1.777843,0.010142,0.133584,1.957911,0.271543,0.015595,2.167280,-0.016591,0.034926,1.911738,0.269985,0.046638,1.806824,-0.037848,0.016004
1.980469,0.125931,0.128440,2.163494,0.242211,0.123777,2.176683,0.033535,0.130468,1.784254,0.218327,0.126412,1.797444,0.009650,0.133104,1.991685,0.273454,0.015787,2.167863,-0.016260,0.015910,1.944630,0.271269,0.040394,1.809532,-0.038912,0.015797
1.999451,0.127731,0.125383,2.182163,0.244411,0.118812,2.195900,0.035833,0.127243,1.803001,0.219630,0.123523,1.816738,0.011052,0.131953,2.060222,0.277943,0.019298,2.169898,-0.015962,0.015991,1.945143,0.270232,0.016019,1.813644,-0.039433,0.015776
2.019051,0.129890,0.124179,2.201814,0.246434,0.116680,2.215458,0.037916,0.126625,1.822643,0.221865,0.121732,1.836287,0.013347,0.131677,2.127592,0.283129,0.031817,2.172070,-0.015792,0.016106,1.946869,0.270545,0.015912,1.819776,-0.038869,0.015574
2.038490,0.131180,0.124466,2.221268,0.247718,0.117242,2.234891,0.039196,0.127125,1.842090,0.223164,0.121808,1.855712,0.014642,0.131691,2.180360,0.287469,0.050270,2.174365,-0.015629,0.015872,1.948736,0.270706,0.015833,1.838039,-0.037611,0.015637
2.057869,0.131821,0.125496,2.240682,0.248390,0.119842,2.254252,0.039815,0.128609,1.861486,0.223826,0.122384,1.875056,0.015251,0.131150,2.217206,0.290186,0.065989,2.176526,-0.015569,0.015797,1.950770,0.270750,0.015998,1.866106,-0.035768,0.015749
2.077194,0.132168,0.126914,2.260038,0.248776,0.123463,2.273555,0.040136,0.130650,1.880834,0.224199,0.123178,1.894350,0.015560,0.130365,2.244811,0.291721,0.075832,2.178482,-0.015545,0.015981,1.953001,0.270746,0.015761,1.897072,-0.033684,0.018644
2.096565,0.132492,0.128736,2.279462,0.249058,0.127200,2.292874,0.040363,0.132793,1.900257,0.224621,0.124679,1.913669,0.015926,0.130271,2.268676,0.292670,0.080362,2.180325,-0.015561,0.015943,1.955290,0.270800,0.015789,1.928313,-0.031570,0.022885
2.116074,0.133068,0.131171,2.299011,0.249580,0.130901,2.312339,0.040851,0.135310,1.919808,0.225285,0.127032,1.933136,0.016556,0.131440,2.290981,0.293480,0.076946,2.182134,-0.015539,0.015832,1.957523,0.270899,0.015914,1.964117,-0.029272,0.024717
2.135994,0.134220,0.134058,2.318957,0.250691,0.134230,2.332232,0.041954,0.138372,1.939756,0.226486,0.129743,1.953030,0.017749,0.133885,2.312037,0.294371,0.062099,2.183924,-0.015458,0.015952,1.959879,0.271060,0.015985,2.012270,-0.026210,0.024254
2.156677,0.136341,0.136743,2.339730,0.252665,0.135395,2.352861,0.043946,0.140775,1.960493,0.228736,0.132710,1.973625,0.020018,0.138091,2.325723,0.294755,0.035185,2.185655,-0.015346,0.015960,1.962286,0.271388,0.015728,2.074993,-0.021973,0.028965
2.177284,0.138939,0.137809,2.360451,0.254945,0.132008,2.373379,0.046287,0.139700,1.981189,0.231591,0.135917,1.994118,0.022933,0.143609,2.325112,0.294048,0.016021,2.189830,-0.015219,0.015844,1.964578,0.271705,0.015871,2.132869,-0.017765,0.042515
2.196632,0.140820,0.137822,2.380431,0.255670,0.129546,2.392146,0.046933,0.137025,2.001118,0.234707,0.138618,2.012834,0.025969,0.146098,2.327382,0.294180,0.016137,2.232185,-0.011936,0.015903,1.976104,0.274449,0.015695,2.166242,-0.014580,0.045394
