0.018240,0.011038,0.361420,0.206231,0.118890,0.369693,0.210009,-0.090222,0.364934,-0.173529,0.112298,0.357907,-0.169751,-0.096814,0.353148,0.201712,0.167884,0.211203,0.210473,-0.131432,0.178130,-0.156552,0.162395,0.167999,-0.157053,-0.138001,0.175067
0.028196,0.016769,0.359879,0.215493,0.125769,0.368827,0.220592,-0.083297,0.363337,-0.164199,0.116836,0.356421,-0.159101,-0.092230,0.350931,0.209119,0.175108,0.215942,0.176610,-0.124654,0.165515,-0.163220,0.167634,0.154793,-0.174300,-0.133506,0.176748
0.037982,0.022537,0.354640,0.225082,0.131815,0.364288,0.230526,-0.077232,0.358415,-0.154562,0.122306,0.350866,-0.149118,-0.086740,0.344992,0.213479,0.181247,0.213004,0.146388,-0.119145,0.153364,-0.173843,0.173338,0.135509,-0.182313,-0.128133,0.168642
0.046955,0.028290,0.345970,0.234057,0.137465,0.356689,0.239426,-0.071580,0.350690,-0.145515,0.128160,0.341250,-0.140147,-0.080885,0.335251,0.221457,0.187165,0.198495,0.125237,-0.113927,0.139191,-0.183812,0.179128,0.115862,-0.180142,-0.121977,0.146385
0.055173,0.034040,0.333822,0.242275,0.143086,0.345791,0.247530,-0.065968,0.339999,-0.137184,0.134049,0.327645,-0.131929,-0.075005,0.321853,0.231432,0.193120,0.171637,0.117801,-0.108640,0.120879,-0.190062,0.184624,0.095872,-0.173759,-0.115831,0.115866
0.062961,0.039875,0.317871,0.249924,0.149043,0.330839,0.255307,-0.060028,0.325842,-0.129386,0.139778,0.309900,-0.124003,-0.069293,0.304904,0.237622,0.198908,0.134012,0.123060,-0.103469,0.098113,-0.189564,0.189348,0.073799,-0.169558,-0.110603,0.081378
0.070597,0.045795,0.297933,0.257149,0.155591,0.311517,0.263177,-0.053489,0.307755,-0.121984,0.145080,0.288111,-0.115955,-0.064000,0.284349,0.232845,0.204429,0.085705,0.137951,-0.098346,0.072688,-0.178653,0.193247,0.047754,-0.169504,-0.106628,0.040252
0.077909,0.052168,0.274510,0.264133,0.162783,0.285726,0.270870,-0.046307,0.284987,-0.115053,0.150643,0.264032,-0.108316,-0.058447,0.263293,0.223515,0.207828,0.036634,0.157518,-0.094584,0.044681,-0.154685,0.195715,0.016410,-0.167269,-0.104945,0.015723
0.087902,0.058702,0.251724,0.274371,0.169426,0.255024,0.281072,-0.039621,0.259418,-0.105268,0.157026,0.244030,-0.098567,-0.052021,0.248424,0.214363,0.207958,0.015838,0.172308,-0.093691,0.016761,-0.152841,0.196189,0.015903,-0.165761,-0.104546,0.015880
0.101665,0.063650,0.236839,0.288237,0.174212,0.234006,0.294884,-0.034703,0.242680,-0.091555,0.162003,0.230998,-0.084908,-0.046912,0.239672,0.214372,0.208317,0.015871,0.172686,-0.093521,0.015830,-0.151121,0.196688,0.015866,-0.164572,-0.104250,0.015874
0.117497,0.067507,0.229809,0.304163,0.177734,0.222954,0.310648,-0.031015,0.235039,-0.075653,0.166029,0.224579,-0.069168,-0.042721,0.236664,0.215205,0.208542,0.016068,0.181180,-0.093275,0.015854,-0.149387,0.197199,0.015779,-0.163900,-0.103994,0.015864
0.133965,0.070318,0.227462,0.320681,0.180275,0.218100,0.327055,-0.028333,0.232477,-0.059126,0.168969,0.222446,-0.052752,-0.039639,0.236824,0.216402,0.208746,0.016110,0.204713,-0.092433,0.017989,-0.131129,0.198554,0.022315,-0.163587,-0.103831,0.015897
0.150489,0.071859,0.227982,0.337234,0.181746,0.218359,0.343558,-0.026800,0.233641,-0.042580,0.170518,0.222323,-0.036256,-0.038027,0.237605,0.217832,0.208880,0.015880,0.246338,-0.091009,0.019814,-0.092018,0.200337,0.027512,-0.163406,-0.103725,0.015854
0.166651,0.071949,0.228934,0.353735,0.181406,0.221194,0.359426,-0.027202,0.235852,-0.026125,0.171100,0.222016,-0.020433,-0.037508,0.236674,0.219364,0.208885,0.015769,0.298420,-0.089293,0.024542,-0.037376,0.202554,0.025374,-0.160274,-0.102424,0.015792
0.182426,0.071056,0.228316,0.370625,0.178759,0.223558,0.374153,-0.030002,0.236634,-0.009300,0.172115,0.219998,-0.005772,-0.036646,0.233074,0.220972,0.208777,0.016034,0.349318,-0.088713,0.033149,0.028655,0.206037,0.024174,-0.148076,-0.098214,0.015655
0.197986,0.069992,0.224267,0.387699,0.175060,0.221003,0.388232,-0.033800,0.232913,0.007739,0.173784,0.215622,0.008272,-0.035076,0.227532,0.227445,0.208489,0.016067,0.384185,-0.090570,0.035889,0.096784,0.208924,0.029543,-0.125898,-0.093027,0.015628
0.213898,0.068911,0.216300,0.405234,0.170988,0.212902,0.402517,-0.037955,0.222906,0.025278,0.175776,0.209694,0.022561,-0.033167,0.219698,0.253237,0.209359,0.022591,0.388319,-0.093070,0.018336,0.145775,0.211243,0.032756,-0.094017,-0.086928,0.015608
0.230517,0.068409,0.206262,0.422906,0.168508,0.203470,0.418017,-0.040464,0.211902,0.043018,0.177282,0.200622,0.038129,-0.031691,0.209054,0.285366,0.210356,0.033212,0.388993,-0.093185,0.016112,0.169177,0.212606,0.021584,-0.064940,-0.082579,0.015722
0.246867,0.067659,0.198160,0.439460,0.167372,0.195560,0.434144,-0.041608,0.203561,0.059590,0.176926,0.192759,0.054275,-0.032053,0.200760,0.318469,0.209889,0.037325,0.390006,-0.093167,0.015928,0.170831,0.212821,0.015828,-0.040502,-0.082225,0.015700
0.262719,0.065754,0.193388,0.455372,0.165358,0.191156,0.449933,-0.043669,0.197711,0.075505,0.175177,0.189065,0.070066,-0.033850,0.195620,0.354387,0.208726,0.039776,0.391145,-0.093331,0.015806,0.172370,0.212714,0.015905,-0.011068,-0.082866,0.015775
0.278695,0.063293,0.190685,0.471436,0.162750,0.189862,0.465809,-0.046329,0.194215,0.091581,0.172916,0.187155,0.085955,-0.036163,0.191508,0.382658,0.207577,0.043955,0.392423,-0.093545,0.015827,0.173963,0.212610,0.015899,0.021897,-0.083570,0.015957
0.294800,0.060671,0.189090,0.487590,0.160029,0.190134,0.481846,-0.049083,0.192078,0.107754,0.170425,0.186101,0.102010,-0.038687,0.188045,0.405931,0.206418,0.047815,0.393772,-0.093771,0.015900,0.175501,0.212448,0.015630,0.052669,-0.084361,0.020323
0.310941,0.058319,0.188236,0.503754,0.157596,0.191114,0.497939,-0.051523,0.190929,0.123942,0.168162,0.185543,0.118127,-0.040957,0.185358,0.428677,0.205274,0.052056,0.395147,-0.093978,0.015914,0.177009,0.212304,0.015852,0.079996,-0.085224,0.026744
0.327074,0.056398,0.188262,0.519893,0.155602,0.192786,0.514036,-0.053508,0.190955,0.140113,0.166304,0.185569,0.134255,-0.042806,0.183737,0.455669,0.204076,0.055286,0.396557,-0.094153,0.015888,0.178443,0.212186,0.016005,0.104673,-0.086139,0.034441
0.343246,0.054884,0.188991,0.536067,0.154008,0.194947,0.530165,-0.055087,0.191942,0.156326,0.164855,0.186040,0.150424,-0.044240,0.183036,0.489205,0.202781,0.057317,0.397991,-0.094299,0.015849,0.179785,0.212110,0.015952,0.130499,-0.087118,0.041602
0.359541,0.053816,0.189939,0.552361,0.152877,0.196891,0.546424,-0.056207,0.193231,0.172658,0.163838,0.186647,0.166721,-0.045246,0.182987,0.526777,0.201507,0.058143,0.399459,-0.094406,0.015963,0.181158,0.212061,0.015871,0.161083,-0.088141,0.044746
0.376095,0.053392,0.190574,0.568908,0.152438,0.197934,0.562959,-0.056647,0.194337,0.189230,0.163432,0.186810,0.183281,-0.045653,0.183213,0.563604,0.200542,0.053865,0.400957,-0.094445,0.016018,0.182521,0.212039,0.015822,0.198991,-0.089135,0.041370
0.393172,0.053846,0.190417,0.585998,0.152911,0.197166,0.580030,-0.056188,0.194607,0.206314,0.163881,0.186228,0.200346,-0.045218,0.183668,0.594787,0.200049,0.040506,0.402481,-0.094405,0.015872,0.183882,0.212079,0.015821,0.242608,-0.090100,0.036928
0.411013,0.055088,0.188987,0.603876,0.154231,0.192942,0.597926,-0.054883,0.192296,0.224099,0.165059,0.185678,0.218150,-0.044055,0.185031,0.608778,0.200108,0.015637,0.404140,-0.094292,0.015804,0.185204,0.212160,0.015893,0.286212,-0.090993,0.034050
0.428650,0.055471,0.187201,0.621650,0.154414,0.188712,0.615471,-0.054694,0.188837,0.241829,0.165637,0.185565,0.235649,-0.043472,0.185690,0.609916,0.200128,0.015982,0.415153,-0.094348,0.015891,0.186914,0.212628,0.015926,0.319319,-0.091509,0.026121
0.445517,0.054735,0.186061,0.638620,0.153478,0.187508,0.632227,-0.055624,0.187167,0.258806,0.165094,0.184954,0.252413,-0.044008,0.184613,0.611317,0.200064,0.015904,0.438541,-0.094894,0.015797,0.193653,0.212833,0.015837,0.329326,-0.091556,0.015766
0.461895,0.054707,0.186171,0.655017,0.153418,0.187222,0.648587,-0.055683,0.187394,0.275203,0.165096,0.184947,0.268773,-0.044005,0.185119,0.612763,0.200048,0.015907,0.465389,-0.095658,0.020298,0.213951,0.212313,0.017012,0.330800,-0.091523,0.015687
0.478176,0.055418,0.187217,0.671293,0.154142,0.187896,0.664869,-0.054954,0.189436,0.291483,0.165790,0.184997,0.285059,-0.043306,0.186537,0.614256,0.200099,0.015800,0.497726,-0.096475,0.028651,0.242903,0.211580,0.025512,0.332237,-0.091485,0.015850
0.494419,0.056595,0.188886,0.687517,0.155357,0.189385,0.681120,-0.053718,0.192787,0.307719,0.166907,0.184985,0.301321,-0.042167,0.188388,0.615747,0.200206,0.015825,0.538675,-0.097440,0.032814,0.273797,0.210970,0.034310,0.333579,-0.091438,0.015953
0.510717,0.057623,0.190368,0.703811,0.156395,0.190715,0.697406,-0.052646,0.195781,0.324029,0.167891,0.184955,0.317624,-0.041149,0.190021,0.617211,0.200295,0.015856,0.578316,-0.098266,0.039639,0.303759,0.210541,0.042371,0.334838,-0.091381,0.015895
0.527096,0.058289,0.191822,0.720201,0.157038,0.192062,0.713755,-0.051967,0.198378,0.340436,0.168545,0.185267,0.333990,-0.040461,0.191583,0.618647,0.200342,0.015997,0.615723,-0.099033,0.046270,0.333573,0.210096,0.047841,0.336105,-0.091325,0.015965
0.543552,0.058537,0.193627,0.736649,0.157303,0.194104,0.730199,-0.051678,0.201176,0.356906,0.168751,0.186079,0.350456,-0.040230,0.193151,0.620121,0.200368,0.015966,0.656817,-0.100043,0.049514,0.365919,0.209352,0.049609,0.337303,-0.091319,0.015932
0.560157,0.058226,0.195625,0.753228,0.157034,0.196784,0.746796,-0.051943,0.203990,0.373518,0.168394,0.187260,0.367085,-0.040583,0.194466,0.621629,0.200342,0.015782,0.700657,-0.101344,0.049634,0.404127,0.208114,0.047009,0.338427,-0.091359,0.015837
0.577055,0.057201,0.197356,0.770083,0.156079,0.199522,0.763704,-0.052920,0.206101,0.390406,0.167323,0.188610,0.384027,-0.041676,0.195190,0.623168,0.200276,0.015931,0.742949,-0.102818,0.046101,0.451005,0.206358,0.042219,0.339479,-0.091458,0.015786
0.594264,0.055550,0.197564,0.787277,0.154450,0.199978,0.780948,-0.054586,0.205337,0.407580,0.165685,0.189790,0.401251,-0.043351,0.195149,0.624714,0.200141,0.015990,0.774259,-0.104307,0.032204,0.502345,0.204470,0.040324,0.340525,-0.091594,0.015856
0.611651,0.053751,0.194841,0.804676,0.152654,0.195899,0.798409,-0.056412,0.200040,0.424894,0.163914,0.189642,0.418627,-0.045152,0.193782,0.641322,0.199466,0.015986,0.776307,-0.104874,0.015948,0.543544,0.202817,0.037175,0.344011,-0.091919,0.015800
0.628625,0.053236,0.191277,0.821319,0.152786,0.191070,0.815775,-0.056286,0.195855,0.441475,0.162758,0.186700,0.435931,-0.046314,0.191485,0.668551,0.198477,0.023360,0.777569,-0.104865,0.016044,0.562183,0.201176,0.018081,0.353095,-0.093617,0.015749
0.645004,0.052908,0.188823,0.837638,0.152573,0.188272,0.832228,-0.056503,0.193001,0.457780,0.162319,0.184644,0.452371,-0.046757,0.189374,0.706253,0.197827,0.028135,0.778714,-0.104602,0.015879,0.563768,0.201236,0.015872,0.369001,-0.094004,0.015754
0.660984,0.051558,0.188426,0.853690,0.151085,0.188182,0.848133,-0.058010,0.191821,0.473835,0.161125,0.185032,0.468279,-0.047970,0.188671,0.746961,0.196725,0.034805,0.780095,-0.104738,0.015795,0.565338,0.201223,0.015966,0.393883,-0.094442,0.017673
0.677022,0.049639,0.188796,0.869799,0.149022,0.189913,0.864082,-0.060091,0.191858,0.489962,0.159368,0.185734,0.484245,-0.049745,0.187679,0.780023,0.195583,0.043368,0.781499,-0.104938,0.015880,0.566882,0.201153,0.015751,0.424316,-0.095106,0.023144
0.693165,0.047585,0.189274,0.885976,0.146871,0.191949,0.880168,-0.062248,0.192092,0.506162,0.157417,0.186457,0.500354,-0.051702,0.186600,0.806711,0.194444,0.050713,0.782897,-0.105134,0.015899,0.568388,0.201039,0.015718,0.454082,-0.095992,0.030074
0.709330,0.045748,0.189872,0.902150,0.144967,0.193976,0.896298,-0.064147,0.192582,0.522362,0.155642,0.187162,0.516509,-0.053471,0.185768,0.832957,0.193295,0.055594,0.784303,-0.105303,0.015920,0.569832,0.200924,0.015937,0.480998,-0.096956,0.037238
0.725508,0.044233,0.190768,0.918329,0.143389,0.196173,0.912443,-0.065713,0.193615,0.538572,0.154179,0.187920,0.532686,-0.054922,0.185362,0.864382,0.192067,0.058146,0.785733,-0.105442,0.015792,0.571203,0.200835,0.016013,0.507071,-0.097945,0.044066
0.741767,0.043062,0.191726,0.934588,0.142157,0.198165,0.928670,-0.066933,0.194835,0.554864,0.153057,0.188617,0.548946,-0.056033,0.185286,0.900788,0.190800,0.059301,0.787192,-0.105553,0.015967,0.572551,0.200781,0.015931,0.535909,-0.098951,0.047971
0.758203,0.042391,0.192322,0.951006,0.141482,0.199321,0.945099,-0.067604,0.195777,0.571306,0.152386,0.188867,0.565399,-0.056701,0.185324,0.938547,0.189709,0.057669,0.788674,-0.105614,0.016028,0.573926,0.200718,0.015880,0.570590,-0.099964,0.046211
0.775010,0.042507,0.192150,0.967823,0.141592,0.198978,0.961888,-0.067504,0.196069,0.588132,0.152518,0.188230,0.582197,-0.056578,0.185321,0.972693,0.189019,0.048530,0.790187,-0.105597,0.015934,0.575311,0.200753,0.015808,0.612162,-0.100887,0.040580
0.792487,0.043480,0.190874,0.985358,0.142549,0.196087,0.979348,-0.066560,0.194792,0.605626,0.153520,0.186956,0.599616,-0.055589,0.185661,0.996816,0.188737,0.026960,0.791758,-0.105530,0.015759,0.576690,0.200881,0.015855,0.656794,-0.101779,0.036530
0.810140,0.044281,0.188989,1.003055,0.143367,0.191616,0.997028,-0.065746,0.191795,0.623251,0.154308,0.186183,0.617225,-0.054805,0.186362,0.998567,0.188815,0.015845,0.793417,-0.105498,0.015909,0.578045,0.200934,0.015937,0.696532,-0.102692,0.032466
0.827054,0.043659,0.187904,1.020097,0.142511,0.189914,1.013821,-0.066595,0.189717,0.640287,0.153913,0.186092,0.634011,-0.055192,0.185894,0.999845,0.188753,0.016003,0.812101,-0.105847,0.015878,0.580008,0.201354,0.015843,0.718504,-0.103038,0.015793
0.843370,0.043314,0.187682,1.036338,0.142316,0.189472,1.030223,-0.066794,0.189542,0.656518,0.153422,0.185821,0.650403,-0.055688,0.185891,1.001247,0.188754,0.015937,0.841736,-0.106810,0.016663,0.593933,0.200665,0.015888,0.720115,-0.103253,0.015651
0.859519,0.043903,0.188365,1.052452,0.142983,0.189489,1.046411,-0.066126,0.190800,0.672627,0.153933,0.185930,0.666586,-0.055176,0.187241,1.002673,0.188802,0.015865,0.874793,-0.107687,0.023539,0.619123,0.199924,0.022643,0.721621,-0.103311,0.015758
0.875723,0.044991,0.189365,1.068633,0.144118,0.190038,1.062633,-0.064973,0.193093,0.688813,0.154954,0.185636,0.682813,-0.054137,0.188692,1.004146,0.188897,0.015826,0.909055,-0.108392,0.032093,0.649002,0.199311,0.031035,0.723032,-0.103289,0.015941
0.891882,0.046312,0.190517,1.084779,0.145467,0.190894,1.078789,-0.063588,0.195902,0.704975,0.156212,0.185133,0.698984,-0.052842,0.190140,1.005603,0.189024,0.015846,0.951224,-0.109191,0.038208,0.679136,0.198949,0.039635,0.724327,-0.103223,0.015936
0.908119,0.047342,0.191605,1.101024,0.146484,0.191779,1.094999,-0.062525,0.198411,0.721239,0.157209,0.184800,0.715215,-0.051799,0.191432,1.007039,0.189105,0.015950,0.988727,-0.109820,0.045035,0.708545,0.198660,0.045932,0.725602,-0.103159,0.015950
0.924423,0.047970,0.192971,1.117337,0.147093,0.193153,1.111271,-0.061875,0.200932,0.737576,0.157814,0.185010,0.731509,-0.051153,0.192789,1.008471,0.189159,0.016009,1.026775,-0.110551,0.049720,0.738968,0.198215,0.049104,0.726849,-0.103101,0.015965
0.940833,0.048094,0.194742,1.133730,0.147249,0.195344,1.127667,-0.061696,0.203706,0.753999,0.157884,0.185778,0.747937,-0.051061,0.194140,1.009947,0.189162,0.015850,1.068415,-0.111589,0.051108,0.773341,0.197329,0.048381,0.727999,-0.103121,0.015912
0.957471,0.047556,0.196602,1.150334,0.146767,0.198076,1.144298,-0.062184,0.206287,0.770643,0.157296,0.186918,0.764608,-0.051656,0.195129,1.011467,0.189122,0.015853,1.111263,-0.112883,0.049797,0.815043,0.195910,0.044217,0.729091,-0.103181,0.015794
0.974483,0.046282,0.197921,1.167302,0.145561,0.200315,1.161329,-0.063427,0.207615,0.787638,0.155990,0.188227,0.781665,-0.052997,0.195527,1.013014,0.189029,0.015985,1.149555,-0.114349,0.042635,0.864566,0.194128,0.040510,0.730123,-0.103297,0.015809
0.991742,0.044575,0.196707,1.184558,0.143874,0.198432,1.178667,-0.065159,0.204356,0.804817,0.154309,0.189057,0.798926,-0.054724,0.194982,1.015994,0.188939,0.015975,1.168938,-0.115574,0.020794,0.912759,0.192518,0.039606,0.731346,-0.103384,0.015823
1.008935,0.043486,0.193064,1.201470,0.143341,0.193543,1.196224,-0.065713,0.199343,0.821645,0.152684,0.186786,0.816399,-0.056369,0.192586,1.041730,0.187994,0.019196,1.170263,-0.115626,0.016163,0.942967,0.190823,0.031827,0.737118,-0.104767,0.015774
1.025799,0.043562,0.189146,1.218054,0.143954,0.189673,1.213372,-0.065082,0.196480,0.838225,0.152206,0.181813,0.833543,-0.056831,0.188619,1.076081,0.187287,0.025881,1.171579,-0.115510,0.015949,0.955069,0.189670,0.015829,0.749494,-0.106064,0.015695
1.042126,0.042612,0.187181,1.234421,0.142923,0.188378,1.229640,-0.066131,0.194565,0.854611,0.151355,0.179798,0.849830,-0.057699,0.185985,1.115632,0.186393,0.028623,1.172951,-0.115606,0.015839,0.956646,0.189652,0.015869,0.771369,-0.106424,0.015749
1.058282,0.040663,0.186852,1.250662,0.140794,0.189060,1.245698,-0.068302,0.193423,0.870866,0.149627,0.180280,0.865902,-0.059468,0.184643,1.150712,0.185440,0.035714,1.174323,-0.115786,0.015815,0.958261,0.189596,0.015942,0.800470,-0.106888,0.016893
1.074444,0.038355,0.187212,1.266880,0.138328,0.191046,1.261769,-0.070798,0.193220,0.887119,0.147508,0.181205,0.882007,-0.061618,0.183378,1.179851,0.184388,0.043462,1.175719,-0.116004,0.015889,0.959820,0.189477,0.015663,0.831241,-0.107523,0.021727
1.090621,0.036203,0.187819,1.283075,0.136067,0.193279,1.277888,-0.073068,0.193476,0.903354,0.145475,0.182162,0.898167,-0.063661,0.182358,1.205166,0.183329,0.050092,1.177103,-0.116200,0.015913,0.961334,0.189344,0.015792,0.859027,-0.108299,0.028449
1.106739,0.034382,0.188809,1.299191,0.134162,0.195704,1.293964,-0.074968,0.194317,0.919514,0.143732,0.183300,0.914287,-0.065398,0.181914,1.232794,0.182223,0.054344,1.178512,-0.116366,0.015923,0.962768,0.189226,0.015992,0.883902,-0.109136,0.035997
1.122838,0.032921,0.190175,1.315283,0.132618,0.198332,1.310019,-0.076501,0.195788,0.935657,0.142342,0.184561,0.930393,-0.066776,0.182017,1.266515,0.181035,0.056764,1.179940,-0.116504,0.015820,0.964115,0.189144,0.015997,0.909422,-0.110025,0.043040
1.139009,0.031843,0.191518,1.331448,0.131477,0.200551,1.326155,-0.077631,0.197288,0.951864,0.141317,0.185748,0.946571,-0.067791,0.182484,1.304468,0.179853,0.058123,1.181392,-0.116606,0.015951,0.965478,0.189094,0.015864,0.939281,-0.110946,0.045979
1.155406,0.031340,0.192362,1.347835,0.130961,0.201741,1.342537,-0.078145,0.198394,0.968275,0.140824,0.186330,0.962977,-0.068282,0.182983,1.342169,0.178913,0.055688,1.182879,-0.116651,0.016021,0.966845,0.189060,0.015859,0.976179,-0.111840,0.042614
1.172284,0.031666,0.192279,1.364730,0.131304,0.201108,1.359409,-0.077813,0.198584,0.985159,0.141144,0.185974,0.979838,-0.067973,0.183450,1.374300,0.178413,0.045029,1.184377,-0.116622,0.015894,0.968205,0.189098,0.015764,1.019103,-0.112681,0.037762
1.189890,0.032747,0.190952,1.382437,0.132370,0.197427,1.377020,-0.076758,0.196608,1.002760,0.142253,0.185296,0.997343,-0.066876,0.184478,1.392548,0.178272,0.019174,1.185952,-0.116567,0.015795,0.969535,0.189242,0.015888,1.062958,-0.113454,0.034555
1.207333,0.033176,0.189276,1.399969,0.132749,0.193501,1.394469,-0.076379,0.193588,1.020196,0.142732,0.184963,1.014697,-0.066396,0.185050,1.393788,0.178303,0.015972,1.188915,-0.116514,0.015927,0.970980,0.189421,0.015955,1.098700,-0.114136,0.029105
1.224010,0.032278,0.188348,1.416668,0.131813,0.192424,1.411140,-0.077314,0.191951,1.036879,0.141870,0.184745,1.031351,-0.067256,0.184272,1.395102,0.178248,0.015905,1.211084,-0.117093,0.015875,0.974044,0.189379,0.015847,1.114638,-0.114543,0.015855
1.240236,0.032101,0.188403,1.432827,0.131787,0.191964,1.427455,-0.077344,0.191855,1.053017,0.141546,0.184950,1.047646,-0.067585,0.184842,1.396488,0.178277,0.015936,1.237840,-0.117849,0.018284,0.989091,0.188741,0.015888,1.116243,-0.114724,0.015626
1.256345,0.032827,0.189235,1.448892,0.132625,0.191894,1.443621,-0.076505,0.193115,1.069068,0.142160,0.185355,1.063797,-0.066970,0.186576,1.397898,0.178348,0.015854,1.269491,-0.118557,0.026085,1.014885,0.188038,0.022257,1.117748,-0.114792,0.015775
1.272451,0.034092,0.190426,1.464958,0.133983,0.192438,1.459763,-0.075129,0.195540,1.085140,0.143313,0.185312,1.079945,-0.065799,0.188415,1.399339,0.178462,0.015776,1.306401,-0.119194,0.033404,1.045181,0.187482,0.030771,1.119186,-0.114802,0.015934
1.288534,0.035500,0.191596,1.481036,0.135409,0.193177,1.475830,-0.073665,0.198263,1.101238,0.144664,0.184930,1.096033,-0.064409,0.190015,1.400771,0.178571,0.015848,1.348484,-0.119832,0.039551,1.075672,0.187236,0.039315,1.120466,-0.114730,0.015933
1.304704,0.036636,0.192648,1.497210,0.136541,0.193883,1.491974,-0.072485,0.200628,1.117434,0.145758,0.184668,1.112197,-0.063268,0.191412,1.402186,0.178669,0.015973,1.386328,-0.120309,0.046209,1.105366,0.187063,0.045672,1.121725,-0.114656,0.015955
1.320941,0.037365,0.193964,1.513456,0.137255,0.195088,1.508178,-0.071728,0.203026,1.133704,0.146458,0.184902,1.128426,-0.062525,0.192840,1.403607,0.178724,0.016008,1.425104,-0.120917,0.050601,1.136085,0.186729,0.048879,1.122958,-0.114602,0.015965
1.337292,0.037584,0.195662,1.529789,0.137504,0.197106,1.524513,-0.071455,0.205655,1.150071,0.146624,0.185670,1.144794,-0.062335,0.194219,1.405074,0.178739,0.015843,1.467365,-0.121806,0.051880,1.170779,0.185974,0.048098,1.124094,-0.114611,0.015909
1.353894,0.037130,0.197427,1.546359,0.137099,0.199639,1.541105,-0.071866,0.208061,1.166683,0.146126,0.186793,1.161430,-0.062838,0.195215,1.406587,0.178706,0.015863,1.510393,-0.122945,0.050506,1.212901,0.184707,0.043923,1.125176,-0.114660,0.015785
1.370881,0.035954,0.198562,1.563305,0.135980,0.201528,1.558112,-0.073019,0.209080,1.183650,0.144926,0.188043,1.178457,-0.064073,0.195596,1.408122,0.178625,0.015989,1.548115,-0.124271,0.042846,1.262631,0.183123,0.040428,1.126198,-0.114766,0.015809
1.388115,0.034355,0.197029,1.580519,0.134442,0.199162,1.575465,-0.074607,0.205299,1.200765,0.143317,0.188759,1.195711,-0.065732,0.194896,1.412723,0.178603,0.015974,1.565370,-0.125293,0.019755,1.310058,0.181774,0.039436,1.127589,-0.114826,0.015787
1.405327,0.033403,0.193111,1.597429,0.134088,0.193956,1.593066,-0.074976,0.200116,1.217588,0.141783,0.186106,1.213225,-0.067281,0.192266,1.439158,0.177739,0.019831,1.566655,-0.125324,0.016176,1.338865,0.180157,0.030868,1.133596,-0.116300,0.015768
1.422186,0.033575,0.189055,1.613961,0.134880,0.190019,1.610245,-0.074160,0.197311,1.234127,0.141310,0.180800,1.230411,-0.067730,0.188092,1.476080,0.177097,0.026079,1.567987,-0.125220,0.015963,1.350637,0.178969,0.015814,1.146264,-0.117734,0.015669
1.438463,0.032772,0.186981,1.630264,0.134018,0.188655,1.626471,-0.075038,0.195430,1.250456,0.140582,0.178533,1.246662,-0.068474,0.185308,1.518606,0.176391,0.030225,1.569349,-0.125303,0.015828,1.352204,0.178945,0.015864,1.168838,-0.118039,0.015740
1.454568,0.030910,0.186630,1.646458,0.131967,0.189308,1.642474,-0.077136,0.194271,1.266662,0.138957,0.178990,1.262678,-0.070146,0.183952,1.552722,0.175630,0.037899,1.570719,-0.125476,0.015814,1.353823,0.178899,0.015944,1.198650,-0.118343,0.017678
1.470703,0.028673,0.187007,1.662660,0.129549,0.191217,1.658510,-0.079591,0.193981,1.282896,0.136938,0.180032,1.278746,-0.072203,0.182796,1.579995,0.174725,0.045330,1.572105,-0.125693,0.015893,1.355400,0.178790,0.015660,1.229544,-0.118808,0.022487
1.486873,0.026604,0.187677,1.678851,0.127363,0.193423,1.674619,-0.081792,0.194220,1.299126,0.135000,0.181134,1.294894,-0.074156,0.181930,1.604181,0.173792,0.051210,1.573482,-0.125885,0.015927,1.356917,0.178660,0.015791,1.256969,-0.119431,0.028866
1.502987,0.024872,0.188784,1.694965,0.125544,0.195895,1.690690,-0.083611,0.195127,1.315284,0.133354,0.182440,1.311009,-0.075801,0.181673,1.631722,0.172815,0.054745,1.574890,-0.126046,0.015907,1.358354,0.178545,0.015982,1.281517,-0.120124,0.036124
1.519083,0.023479,0.190228,1.711055,0.124075,0.198512,1.706746,-0.085072,0.196576,1.331420,0.132031,0.183880,1.327111,-0.077116,0.181944,1.665373,0.171790,0.056679,1.576319,-0.126174,0.015825,1.359704,0.178464,0.015991,1.306906,-0.120873,0.042806
1.535255,0.022488,0.191603,1.727228,0.123014,0.200667,1.722881,-0.086125,0.198024,1.347630,0.131100,0.185183,1.343283,-0.078038,0.182540,1.703167,0.170783,0.057760,1.577774,-0.126271,0.015953,1.361072,0.178424,0.015877,1.336896,-0.121636,0.045444
1.551656,0.022102,0.192430,1.743625,0.122614,0.201737,1.739266,-0.086524,0.199055,1.364046,0.130729,0.185804,1.359687,-0.078409,0.183122,1.740339,0.170030,0.054777,1.579258,-0.126306,0.016015,1.362437,0.178405,0.015862,1.374174,-0.122365,0.042001
1.568563,0.022545,0.192274,1.760564,0.123058,0.200892,1.756163,-0.086088,0.199079,1.380964,0.131178,0.185469,1.376563,-0.077968,0.183656,1.771519,0.169654,0.043422,1.580766,-0.126272,0.015884,1.363796,0.178472,0.015768,1.417339,-0.123021,0.037536
1.586204,0.023712,0.190826,1.778291,0.124245,0.196878,1.773841,-0.084908,0.196763,1.398567,0.132332,0.184889,1.394116,-0.076821,0.184774,1.787802,0.169601,0.016314,1.582353,-0.126194,0.015787,1.365141,0.178596,0.015879,1.461138,-0.123625,0.034485
1.603663,0.024160,0.188936,1.795894,0.124538,0.192536,1.791260,-0.084610,0.193156,1.416067,0.132931,0.184716,1.411433,-0.076217,0.185335,1.788892,0.169631,0.015980,1.585885,-0.126046,0.015921,1.366795,0.178984,0.015941,1.495948,-0.124015,0.028715
1.620346,0.023256,0.187911,1.812610,0.123568,0.191559,1.807918,-0.085579,0.191498,1.432774,0.132092,0.184323,1.428082,-0.077056,0.184262,1.790218,0.169584,0.015909,1.608311,-0.126511,0.015872,1.370680,0.178995,0.015840,1.511435,-0.124338,0.015851
1.636596,0.023129,0.187996,1.828788,0.123591,0.191267,1.824253,-0.085560,0.191549,1.448938,0.131817,0.184442,1.444404,-0.077334,0.184724,1.791615,0.169622,0.015994,1.635007,-0.127150,0.018622,1.386350,0.178408,0.015887,1.513050,-0.124510,0.015627
1.652723,0.023880,0.188881,1.844859,0.124472,0.191381,1.840447,-0.084676,0.192940,1.464999,0.132436,0.184821,1.460587,-0.076712,0.186381,1.793067,0.169717,0.015851,1.666585,-0.127710,0.026654,1.412223,0.177799,0.022293,1.514570,-0.124584,0.015778
1.668831,0.025208,0.190173,1.860922,0.125897,0.192102,1.856591,-0.083230,0.195529,1.481071,0.133645,0.184816,1.476739,-0.075482,0.188244,1.794531,0.169848,0.015778,1.703953,-0.128191,0.033437,1.442294,0.177391,0.030860,1.515986,-0.124585,0.015938
1.684914,0.026653,0.191417,1.877008,0.127343,0.192953,1.872647,-0.081743,0.198306,1.497180,0.135049,0.184529,1.492819,-0.074037,0.189882,1.795969,0.169974,0.015846,1.746280,-0.128641,0.039756,1.472501,0.177328,0.039584,1.517263,-0.124475,0.015930
1.701076,0.027815,0.192553,1.893168,0.128513,0.193771,1.888790,-0.080525,0.200743,1.513361,0.136155,0.184362,1.508983,-0.072883,0.191334,1.797376,0.170075,0.015978,1.784209,-0.128962,0.046553,1.502049,0.177258,0.045877,1.518488,-0.124417,0.015957
1.717312,0.028576,0.193955,1.909402,0.129279,0.195101,1.905003,-0.079717,0.203215,1.529621,0.136869,0.184695,1.525222,-0.072127,0.192808,1.798799,0.170149,0.016007,1.823066,-0.129401,0.050887,1.532757,0.177026,0.048923,1.519712,-0.124371,0.015967
1.733669,0.028831,0.195718,1.925742,0.129564,0.197212,1.921343,-0.079410,0.205894,1.545995,0.137073,0.185542,1.541597,-0.071901,0.194224,1.800268,0.170169,0.015839,1.865317,-0.130121,0.052066,1.567580,0.176402,0.047967,1.520850,-0.124372,0.015910
1.750283,0.028410,0.197513,1.942319,0.129198,0.199790,1.937950,-0.079782,0.208325,1.562617,0.136602,0.186702,1.558247,-0.072378,0.195236,1.801785,0.170123,0.015867,1.908212,-0.131101,0.050576,1.609946,0.175271,0.043725,1.521920,-0.124445,0.015784
1.767274,0.027275,0.198619,1.959289,0.128083,0.201626,1.954941,-0.080932,0.209276,1.579607,0.135482,0.187962,1.575259,-0.073533,0.195612,1.803341,0.170023,0.015993,1.945507,-0.132327,0.042580,1.659739,0.173902,0.040357,1.522970,-0.124517,0.015804
1.784525,0.025759,0.196976,1.976492,0.126680,0.199125,1.972346,-0.082388,0.205267,1.596704,0.133906,0.188686,1.592558,-0.075163,0.194828,1.808970,0.170101,0.015973,1.961609,-0.133132,0.018794,1.706677,0.172816,0.039349,1.524487,-0.124552,0.015769
1.801754,0.024897,0.193005,1.993401,0.126443,0.193873,1.989976,-0.082636,0.200101,1.613532,0.132429,0.185909,1.610107,-0.076650,0.192137,1.835751,0.169327,0.020129,1.962865,-0.133150,0.016061,1.734570,0.171286,0.030255,1.530451,-0.126075,0.015767
1.818490,0.024956,0.189327,2.009871,0.127005,0.189942,2.006985,-0.082055,0.197027,1.629995,0.131967,0.181626,1.627109,-0.077093,0.188711,1.872582,0.168842,0.026527,1.964215,-0.133082,0.015971,1.743461,0.170262,0.015834,1.543084,-0.127278,0.015687
1.834620,0.024029,0.187744,2.026031,0.126019,0.188805,2.023081,-0.083064,0.195151,1.646160,0.131121,0.180338,1.643210,-0.077962,0.186683,1.913909,0.168289,0.031069,1.965565,-0.133170,0.015821,1.744984,0.170212,0.015896,1.565913,-0.127534,0.015761
1.850684,0.022215,0.187565,2.042189,0.124011,0.189724,2.039036,-0.085117,0.194246,1.662332,0.129546,0.180884,1.659179,-0.079581,0.185407,1.947491,0.167638,0.038679,1.966937,-0.133354,0.015821,1.746599,0.170174,0.015912,1.595441,-0.127698,0.018360
1.866810,0.020077,0.187915,2.058349,0.121764,0.191637,2.055100,-0.087398,0.194008,1.678519,0.127551,0.181823,1.675271,-0.081610,0.184194,1.974625,0.166871,0.045949,1.968323,-0.133528,0.015895,1.748128,0.170044,0.015608,1.625920,-0.128124,0.023525
1.882967,0.018110,0.188471,2.074517,0.119709,0.193720,2.071212,-0.089464,0.194173,1.694722,0.125685,0.182768,1.691417,-0.083489,0.183221,1.998940,0.166051,0.051784,1.969703,-0.133703,0.015924,1.749621,0.169912,0.015834,1.653263,-0.128674,0.029984
1.899075,0.016487,0.189434,2.090633,0.117990,0.196058,2.087271,-0.091181,0.194997,1.710878,0.124155,0.183870,1.707516,-0.085015,0.182810,2.026792,0.165186,0.055342,1.971112,-0.133862,0.015898,1.751043,0.169817,0.015995,1.678086,-0.129260,0.037187
1.915194,0.015217,0.190723,2.106737,0.116661,0.198556,2.103359,-0.092501,0.196379,1.727028,0.122934,0.185068,1.723650,-0.086227,0.182891,2.060754,0.164332,0.057315,1.972555,-0.133968,0.015835,1.752383,0.169743,0.015959,1.704031,-0.129919,0.043529
