0.003220,0.006329,0.324562,0.193771,0.109251,0.336324,0.192288,-0.099832,0.329502,-0.185848,0.112489,0.319623,-0.187331,-0.096594,0.312801,0.209933,0.161073,0.138306,0.211394,-0.138696,0.122730,-0.141070,0.165002,0.094205,-0.163239,-0.135550,0.107749
0.006352,0.009361,0.307492,0.196976,0.111792,0.322044,0.195223,-0.097164,0.312092,-0.182519,0.115887,0.302892,-0.184272,-0.093069,0.292940,0.200580,0.168532,0.085483,0.163132,-0.131021,0.073211,-0.156803,0.173056,0.053413,-0.146810,-0.127497,0.053799
0.010395,0.012541,0.286139,0.201098,0.114530,0.302625,0.199018,-0.094376,0.291738,-0.178228,0.119458,0.280541,-0.180308,-0.089449,0.269654,0.193761,0.173665,0.042665,0.127264,-0.126343,0.045495,-0.186758,0.178919,0.014538,-0.150427,-0.122031,0.015806
0.016431,0.014627,0.269877,0.207396,0.117146,0.277835,0.205400,-0.091806,0.267849,-0.172537,0.121061,0.271906,-0.174534,-0.087891,0.261919,0.182762,0.175400,0.015985,0.100125,-0.124751,0.026134,-0.185603,0.178927,0.015850,-0.149489,-0.121869,0.015747
0.024835,0.014530,0.262555,0.215832,0.117269,0.264981,0.213783,-0.091669,0.254701,-0.164113,0.120729,0.270408,-0.166163,-0.088208,0.260128,0.182423,0.175352,0.016043,0.084153,-0.124162,0.016043,-0.192105,0.178557,0.025573,-0.148836,-0.121863,0.015783
0.034031,0.014408,0.260277,0.225013,0.117189,0.262003,0.222971,-0.091743,0.251617,-0.154909,0.120559,0.268937,-0.156951,-0.088373,0.258550,0.182858,0.175338,0.016018,0.092993,-0.124307,0.016790,-0.195002,0.178026,0.036260,-0.148129,-0.121907,0.015949
0.044105,0.014507,0.260877,0.235076,0.117316,0.262290,0.233049,-0.091626,0.252086,-0.144838,0.120640,0.269667,-0.146865,-0.088301,0.259463,0.183568,0.175350,0.015993,0.109552,-0.124616,0.020337,-0.188400,0.177515,0.045530,-0.147590,-0.121905,0.015878
0.054998,0.014833,0.263467,0.245960,0.117661,0.264521,0.243944,-0.091301,0.254754,-0.133948,0.120968,0.272180,-0.135964,-0.087994,0.262413,0.184459,0.175378,0.015883,0.126353,-0.124938,0.025178,-0.172627,0.177072,0.053336,-0.147166,-0.121871,0.016022
0.066358,0.015127,0.266790,0.257312,0.117973,0.267472,0.255306,-0.091009,0.258138,-0.122590,0.121263,0.275442,-0.124596,-0.087719,0.266108,0.185454,0.175403,0.015765,0.144636,-0.125235,0.029583,-0.150076,0.176641,0.060158,-0.146840,-0.121833,0.016047
0.077843,0.015099,0.269651,0.268795,0.117949,0.270115,0.266787,-0.091040,0.260949,-0.111101,0.121238,0.278353,-0.113109,-0.087752,0.269187,0.186475,0.175391,0.015765,0.167150,-0.125525,0.031724,-0.124652,0.176172,0.066124,-0.146523,-0.121825,0.016069
0.089253,0.014654,0.271181,0.280205,0.117506,0.271489,0.278186,-0.091474,0.262117,-0.099680,0.120783,0.280245,-0.101699,-0.088198,0.270873,0.187446,0.175364,0.015854,0.194855,-0.125794,0.030824,-0.098496,0.175701,0.069937,-0.146156,-0.121839,0.016076
0.100500,0.013731,0.270911,0.291454,0.116580,0.270971,0.289405,-0.092370,0.260969,-0.088404,0.119832,0.280853,-0.090453,-0.089118,0.270851,0.188324,0.175301,0.016001,0.226252,-0.126035,0.026573,-0.070619,0.175283,0.069417,-0.145697,-0.121885,0.016069
0.111619,0.012321,0.268769,0.302566,0.115181,0.268395,0.300475,-0.093715,0.257323,-0.077236,0.118358,0.280216,-0.079328,-0.090538,0.269144,0.189110,0.175207,0.016073,0.257401,-0.126103,0.017781,-0.039665,0.174926,0.064611,-0.145104,-0.121980,0.016039
0.122770,0.011086,0.266069,0.313767,0.113854,0.265752,0.311550,-0.094991,0.253778,-0.066009,0.117162,0.278361,-0.068226,-0.091683,0.266387,0.189974,0.175009,0.016104,0.257646,-0.126316,0.016050,-0.007738,0.174703,0.058032,-0.144461,-0.122044,0.015981
0.133513,0.010973,0.263766,0.324502,0.113754,0.263328,0.322289,-0.095085,0.251255,-0.055263,0.117031,0.276278,-0.057477,-0.091809,0.264205,0.195764,0.174940,0.016098,0.258300,-0.126332,0.015953,0.022385,0.175013,0.046628,-0.143938,-0.122065,0.015892
0.144011,0.012043,0.261387,0.335041,0.114748,0.260972,0.332773,-0.094137,0.249730,-0.044751,0.118223,0.273045,-0.047019,-0.090662,0.261802,0.204163,0.174867,0.016104,0.259002,-0.126270,0.015912,0.043194,0.175726,0.032622,-0.143487,-0.121896,0.015849
0.154221,0.014183,0.258487,0.345285,0.116826,0.258782,0.343035,-0.092147,0.249299,-0.034593,0.120513,0.267676,-0.036843,-0.088460,0.258193,0.219586,0.174695,0.016003,0.259798,-0.126156,0.015834,0.053205,0.176490,0.015942,-0.142557,-0.121820,0.015757
0.163428,0.015938,0.256751,0.354559,0.118455,0.256819,0.352193,-0.090577,0.248783,-0.025338,0.122453,0.264718,-0.027704,-0.086580,0.256683,0.240254,0.174490,0.016061,0.260515,-0.126068,0.015766,0.054128,0.176600,0.015988,-0.133199,-0.121605,0.015607
0.172687,0.016649,0.257630,0.363814,0.119175,0.257164,0.361449,-0.089883,0.249816,-0.016074,0.123181,0.265444,-0.018439,-0.085876,0.258096,0.266033,0.173914,0.025228,0.261311,-0.126004,0.015765,0.054800,0.176629,0.015968,-0.115442,-0.122062,0.024847
0.182661,0.016706,0.260472,0.373791,0.119227,0.260420,0.371441,-0.089838,0.253284,-0.006118,0.123251,0.267660,-0.008469,-0.085814,0.260523,0.284822,0.173318,0.037426,0.262284,-0.125985,0.015842,0.055401,0.176630,0.015967,-0.093536,-0.122630,0.034736
0.192925,0.016424,0.263946,0.384078,0.118898,0.264739,0.381708,-0.090166,0.257564,0.004141,0.123014,0.270329,0.001771,-0.086050,0.263153,0.304233,0.172835,0.044696,0.263346,-0.126012,0.015983,0.055960,0.176637,0.015939,-0.067439,-0.123008,0.037733
0.203238,0.016130,0.267071,0.394400,0.118577,0.268786,0.392034,-0.090485,0.261550,0.014442,0.122745,0.272592,0.012076,-0.086316,0.265355,0.329246,0.172419,0.048523,0.264439,-0.126023,0.016067,0.056511,0.176636,0.015865,-0.039138,-0.123346,0.037980
0.213550,0.015970,0.269273,0.404720,0.118383,0.271826,0.402349,-0.090679,0.264618,0.024750,0.122620,0.273928,0.022379,-0.086443,0.266720,0.358609,0.172034,0.050025,0.265534,-0.126036,0.016035,0.057098,0.176635,0.015755,-0.008652,-0.123657,0.037192
0.223813,0.016027,0.270026,0.415000,0.118396,0.273080,0.412600,-0.090672,0.266039,0.035026,0.122727,0.274013,0.032626,-0.086341,0.266973,0.390414,0.171698,0.049145,0.266560,-0.126052,0.015939,0.057749,0.176644,0.015670,0.024673,-0.123936,0.035564
0.234075,0.016443,0.268990,0.425279,0.118783,0.271995,0.422846,-0.090297,0.265351,0.045305,0.123184,0.272630,0.042872,-0.085896,0.265986,0.422082,0.171499,0.045331,0.267508,-0.126036,0.015804,0.058494,0.176672,0.015663,0.060648,-0.124175,0.032974
0.244383,0.017281,0.265838,0.435624,0.119572,0.267937,0.433110,-0.089528,0.261973,0.055655,0.124089,0.269703,0.053141,-0.085011,0.263739,0.450708,0.171410,0.038374,0.268326,-0.125998,0.015807,0.059361,0.176757,0.015822,0.097792,-0.124378,0.030882
0.254868,0.018560,0.260530,0.446195,0.120713,0.260353,0.443474,-0.088412,0.255437,0.066263,0.125533,0.265623,0.063541,-0.083592,0.260707,0.471381,0.171383,0.025035,0.269019,-0.125977,0.015895,0.060310,0.176946,0.015950,0.132211,-0.124505,0.029001
0.265539,0.019581,0.254179,0.456856,0.121716,0.251438,0.454070,-0.087425,0.247337,0.077008,0.126587,0.261020,0.074222,-0.082554,0.256919,0.472202,0.171592,0.015938,0.270925,-0.125912,0.015928,0.061288,0.177062,0.016023,0.159248,-0.124604,0.025080
0.275811,0.019213,0.249483,0.467154,0.121304,0.246926,0.464317,-0.087830,0.242521,0.087305,0.126256,0.256445,0.084468,-0.082878,0.252040,0.472501,0.171560,0.015960,0.286749,-0.126111,0.015802,0.062183,0.177125,0.015991,0.168749,-0.124513,0.015916
0.285859,0.018797,0.247780,0.477174,0.120950,0.245640,0.474410,-0.088181,0.241025,0.097309,0.125775,0.254534,0.094544,-0.083356,0.249920,0.473055,0.171539,0.015850,0.307676,-0.126471,0.015718,0.062758,0.176959,0.016025,0.169683,-0.124652,0.015942
0.295980,0.019064,0.248180,0.487297,0.121222,0.246465,0.484555,-0.087917,0.242198,0.107405,0.126045,0.254162,0.104664,-0.083094,0.249895,0.473766,0.171568,0.015846,0.326515,-0.126741,0.018359,0.066483,0.176904,0.016001,0.170467,-0.124645,0.015886
0.306171,0.020157,0.249845,0.497483,0.122324,0.248229,0.494773,-0.086834,0.245023,0.117568,0.127148,0.254667,0.114858,-0.082010,0.251461,0.474546,0.171643,0.015794,0.343018,-0.126920,0.022733,0.076415,0.176777,0.017417,0.171152,-0.124587,0.015830
0.316544,0.021872,0.252337,0.507859,0.124034,0.250692,0.505167,-0.085142,0.249053,0.127922,0.128885,0.255621,0.125230,-0.080291,0.253982,0.475391,0.171748,0.015828,0.354609,-0.126936,0.029144,0.091239,0.176660,0.019895,0.171754,-0.124478,0.015751
0.327075,0.023954,0.255269,0.518398,0.126102,0.253654,0.515708,-0.083081,0.253849,0.138441,0.130990,0.256689,0.135752,-0.078193,0.256884,0.476277,0.171875,0.015865,0.364905,-0.126799,0.036245,0.108622,0.176609,0.022808,0.172303,-0.124342,0.015681
0.337700,0.026258,0.258321,0.529036,0.128382,0.256687,0.526332,-0.080789,0.258858,0.149069,0.133306,0.257784,0.146365,-0.075866,0.259955,0.477178,0.172009,0.015874,0.376317,-0.126550,0.042633,0.126557,0.176653,0.026614,0.172802,-0.124200,0.015602
0.348337,0.028625,0.261402,0.539685,0.130722,0.259664,0.536955,-0.078418,0.263824,0.159718,0.135669,0.258981,0.156988,-0.073471,0.263141,0.478079,0.172141,0.015890,0.390278,-0.126265,0.047682,0.144567,0.176807,0.031593,0.173252,-0.124069,0.015654
0.358931,0.030907,0.264537,0.550303,0.132958,0.262678,0.547520,-0.076136,0.268707,0.170343,0.137950,0.260367,0.167560,-0.071145,0.266396,0.478976,0.172268,0.015984,0.407187,-0.126010,0.051293,0.162989,0.177090,0.037354,0.173645,-0.123926,0.015724
0.369473,0.032976,0.267621,0.560867,0.134984,0.265673,0.558027,-0.074055,0.273368,0.180919,0.140007,0.261874,0.178079,-0.069032,0.269570,0.479905,0.172379,0.016014,0.427013,-0.125854,0.053500,0.181914,0.177427,0.043158,0.173988,-0.123805,0.015757
0.379950,0.034712,0.270396,0.571360,0.136689,0.268454,0.568471,-0.072293,0.277535,0.191429,0.141717,0.263257,0.188539,-0.067266,0.272338,0.480864,0.172466,0.015947,0.449774,-0.125850,0.054304,0.201043,0.177744,0.048367,0.174309,-0.123714,0.015784
0.390346,0.036057,0.272436,0.581766,0.138016,0.270490,0.578841,-0.070916,0.280651,0.201851,0.143029,0.264222,0.198926,-0.065903,0.274382,0.481813,0.172539,0.015812,0.475388,-0.126018,0.053600,0.220176,0.177971,0.052219,0.174635,-0.123646,0.015797
0.400632,0.036976,0.273404,0.592065,0.138909,0.271339,0.589105,-0.069983,0.282282,0.212159,0.143935,0.264526,0.209200,-0.064958,0.275469,0.482709,0.172590,0.015822,0.503690,-0.126396,0.051200,0.239934,0.178011,0.053658,0.175000,-0.123592,0.015829
0.410772,0.037348,0.273261,0.602215,0.139261,0.271121,0.599230,-0.069609,0.282481,0.222314,0.144305,0.264040,0.219329,-0.064565,0.275400,0.483555,0.172598,0.015914,0.535077,-0.126991,0.047561,0.262112,0.177728,0.052053,0.175421,-0.123576,0.015839
0.420851,0.037092,0.272215,0.612296,0.139002,0.270045,0.609309,-0.069870,0.281373,0.232394,0.144054,0.263058,0.229407,-0.064817,0.274386,0.484371,0.172576,0.016019,0.568853,-0.127721,0.043359,0.288007,0.177116,0.047978,0.175906,-0.123593,0.015877
0.431045,0.036261,0.270286,0.622484,0.138172,0.267749,0.619528,-0.070724,0.278627,0.242562,0.143245,0.261945,0.239607,-0.065651,0.272823,0.485156,0.172524,0.016055,0.600520,-0.128552,0.037028,0.315828,0.176319,0.042915,0.176411,-0.123653,0.015878
0.441558,0.034754,0.267456,0.632979,0.136676,0.264095,0.630091,-0.072269,0.274001,0.253026,0.141777,0.260911,0.250138,-0.067168,0.270817,0.485913,0.172452,0.016002,0.625004,-0.129415,0.026986,0.342079,0.175481,0.037955,0.176940,-0.123748,0.015891
0.452632,0.032734,0.263694,0.644043,0.134603,0.258608,0.641182,-0.074402,0.267163,0.264083,0.139870,0.260224,0.261222,-0.069136,0.268779,0.486676,0.172316,0.015942,0.632100,-0.130053,0.015957,0.362875,0.174684,0.032400,0.177475,-0.123831,0.015936
0.463494,0.031723,0.260404,0.654877,0.133601,0.254514,0.652057,-0.075425,0.262558,0.274931,0.138871,0.258250,0.272112,-0.070155,0.266295,0.492204,0.172101,0.015898,0.632463,-0.130146,0.015770,0.377480,0.173868,0.021606,0.178186,-0.124009,0.015997
0.473733,0.031681,0.257988,0.665120,0.133570,0.252463,0.662298,-0.075450,0.260675,0.285167,0.138812,0.255302,0.282345,-0.070208,0.263513,0.510525,0.171854,0.015923,0.633017,-0.130165,0.015763,0.383220,0.173568,0.015805,0.178804,-0.124021,0.016048
0.483298,0.031054,0.257649,0.674698,0.132930,0.252327,0.671851,-0.076104,0.260154,0.294745,0.138211,0.255145,0.291898,-0.070823,0.262972,0.533574,0.171495,0.016157,0.633615,-0.130219,0.015810,0.383993,0.173521,0.015843,0.183952,-0.124086,0.015996
0.492666,0.029764,0.258470,0.684084,0.131638,0.253782,0.681202,-0.077430,0.260640,0.304130,0.136958,0.256299,0.301248,-0.072109,0.263158,0.560773,0.171105,0.018705,0.634273,-0.130293,0.015840,0.384667,0.173440,0.015900,0.195041,-0.124193,0.017203
0.502316,0.027822,0.260225,0.693765,0.129683,0.256650,0.690825,-0.079428,0.262008,0.313808,0.135073,0.258443,0.310867,-0.074038,0.263801,0.580094,0.170802,0.024470,0.634999,-0.130418,0.015880,0.385286,0.173323,0.015925,0.209301,-0.124351,0.019024
0.512170,0.025394,0.262733,0.703637,0.127260,0.260430,0.700664,-0.081890,0.263928,0.323677,0.132679,0.261538,0.320704,-0.076471,0.265036,0.594344,0.170443,0.031368,0.635771,-0.130576,0.015933,0.385836,0.173149,0.015956,0.226573,-0.124687,0.020281
0.522098,0.022743,0.265660,0.713581,0.124599,0.264714,0.710576,-0.084574,0.266187,0.333620,0.130060,0.265133,0.330615,-0.079113,0.266606,0.608314,0.169972,0.038104,0.636593,-0.130729,0.015942,0.386320,0.173004,0.015893,0.245592,-0.125072,0.021735
0.532052,0.019999,0.268729,0.723538,0.121853,0.269159,0.720528,-0.087325,0.268596,0.343577,0.127322,0.268861,0.340567,-0.081856,0.268298,0.624618,0.169337,0.044160,0.637458,-0.130904,0.015912,0.386750,0.172837,0.015839,0.265090,-0.125568,0.024380
0.542027,0.017307,0.271708,0.733499,0.119170,0.273542,0.730513,-0.089994,0.271023,0.353540,0.124608,0.272392,0.350554,-0.084555,0.269874,0.644379,0.168598,0.049477,0.638362,-0.131063,0.015805,0.387149,0.172676,0.015779,0.284904,-0.126164,0.028030
0.551989,0.014782,0.274283,0.743443,0.116645,0.277504,0.740490,-0.092490,0.273180,0.363488,0.122054,0.275387,0.360535,-0.087081,0.271062,0.667624,0.167814,0.053383,0.639270,-0.131205,0.015905,0.387539,0.172548,0.015710,0.305978,-0.126816,0.031256
0.561879,0.012564,0.276183,0.753303,0.114426,0.280868,0.750401,-0.094671,0.275000,0.373357,0.119799,0.277367,0.370455,-0.089299,0.271499,0.694337,0.167030,0.055945,0.640191,-0.131344,0.015986,0.387957,0.172414,0.015625,0.329311,-0.127514,0.033276
0.571674,0.010748,0.277110,0.763066,0.112592,0.283279,0.760209,-0.096466,0.276147,0.383139,0.117962,0.278074,0.380282,-0.091097,0.270942,0.723513,0.166321,0.057348,0.641093,-0.131447,0.016057,0.388452,0.172322,0.015660,0.355784,-0.128158,0.033962
0.581390,0.009340,0.276901,0.772748,0.111163,0.284350,0.769934,-0.097860,0.276239,0.392846,0.116541,0.277562,0.390033,-0.092483,0.269451,0.753563,0.165730,0.057048,0.641953,-0.131529,0.016030,0.389021,0.172239,0.015785,0.385765,-0.128756,0.033469
0.591111,0.008408,0.275417,0.782443,0.110209,0.283765,0.779658,-0.098789,0.275000,0.402564,0.115604,0.275833,0.399779,-0.093393,0.267068,0.783059,0.165297,0.054799,0.642741,-0.131595,0.015967,0.389667,0.172171,0.015907,0.418536,-0.129291,0.032291
0.600877,0.008108,0.272314,0.792206,0.109885,0.281017,0.789416,-0.099103,0.272017,0.412338,0.115319,0.272611,0.409548,-0.093669,0.263612,0.810522,0.165060,0.050563,0.643449,-0.131620,0.015882,0.390410,0.172157,0.016021,0.452510,-0.129718,0.030916
0.610777,0.008432,0.267352,0.802165,0.110154,0.275392,0.799279,-0.098842,0.266619,0.422276,0.115707,0.268086,0.419389,-0.093289,0.259313,0.832843,0.165015,0.042171,0.643999,-0.131663,0.015797,0.391259,0.172209,0.016082,0.483852,-0.130006,0.029022
0.620979,0.009209,0.260509,0.812432,0.110963,0.266234,0.809472,-0.098053,0.257995,0.432485,0.116471,0.263022,0.429525,-0.092546,0.254784,0.843269,0.165575,0.023739,0.644456,-0.131659,0.015771,0.392116,0.172266,0.016073,0.507317,-0.130069,0.024718
0.631134,0.009182,0.253777,0.822797,0.110578,0.258817,0.819417,-0.098424,0.250366,0.442851,0.116788,0.257188,0.439471,-0.092214,0.248736,0.843841,0.165554,0.015908,0.645775,-0.131627,0.015882,0.393308,0.172836,0.015995,0.519614,-0.129606,0.016362
0.640955,0.008884,0.249842,0.832619,0.110302,0.254380,0.829241,-0.098690,0.245691,0.452669,0.116459,0.253994,0.449291,-0.092533,0.245305,0.844070,0.165527,0.015888,0.665268,-0.131976,0.015764,0.394000,0.172799,0.015953,0.520534,-0.129644,0.015943
0.650946,0.009468,0.248766,0.842593,0.110930,0.253015,0.839249,-0.098087,0.244928,0.462642,0.117023,0.252604,0.459299,-0.091994,0.244517,0.844559,0.165566,0.015809,0.682911,-0.132301,0.018119,0.398878,0.172693,0.015850,0.521353,-0.129628,0.015840
0.661090,0.010897,0.249773,0.852714,0.112413,0.253777,0.849416,-0.096654,0.247057,0.472764,0.118447,0.252490,0.469467,-0.090619,0.245769,0.845210,0.165660,0.015790,0.699422,-0.132540,0.022240,0.411843,0.172493,0.015855,0.522052,-0.129533,0.015720
0.671527,0.013012,0.252114,0.863123,0.114592,0.255791,0.859875,-0.094528,0.251030,0.483178,0.120552,0.253198,0.479930,-0.088568,0.248437,0.845974,0.165789,0.015829,0.711046,-0.132620,0.028617,0.431358,0.172227,0.015889,0.522670,-0.129399,0.015634
0.682184,0.015579,0.254963,0.873757,0.117213,0.258332,0.870541,-0.091947,0.255865,0.493827,0.123106,0.254061,0.490610,-0.086055,0.251594,0.846802,0.165946,0.015898,0.721091,-0.132510,0.035641,0.453810,0.171983,0.016378,0.523227,-0.129232,0.015658
0.692953,0.018408,0.257840,0.884509,0.120087,0.260836,0.881306,-0.089089,0.260828,0.504601,0.125904,0.254852,0.501398,-0.083271,0.254844,0.847652,0.166116,0.015869,0.732177,-0.132252,0.041894,0.475770,0.171810,0.018030,0.523741,-0.129059,0.015716
0.703731,0.021358,0.260556,0.895281,0.123062,0.262994,0.892065,-0.086099,0.265496,0.515397,0.128815,0.255615,0.512180,-0.080345,0.258117,0.848491,0.166284,0.015891,0.745243,-0.131916,0.046805,0.495749,0.171773,0.021294,0.524196,-0.128888,0.015756
0.714432,0.024279,0.263165,0.905993,0.125979,0.264906,0.902736,-0.083138,0.269843,0.526129,0.131695,0.256486,0.522872,-0.077421,0.261423,0.849322,0.166449,0.015892,0.760603,-0.131574,0.050405,0.514243,0.171907,0.026023,0.524587,-0.128715,0.015834
0.725011,0.027000,0.265838,0.916593,0.128668,0.266948,0.913270,-0.080383,0.274118,0.536752,0.134384,0.257559,0.533429,-0.074667,0.264728,0.850155,0.166599,0.015990,0.778516,-0.131308,0.052966,0.532687,0.172182,0.031617,0.524912,-0.128550,0.015843
0.735469,0.029398,0.268583,0.927072,0.131030,0.269224,0.923680,-0.077944,0.278337,0.547257,0.136740,0.258829,0.543866,-0.072234,0.267942,0.851031,0.166721,0.016018,0.798988,-0.131176,0.054612,0.551901,0.172505,0.037329,0.525181,-0.128423,0.015846
0.745820,0.031384,0.271167,0.937441,0.132982,0.271523,0.933984,-0.075916,0.282216,0.557655,0.138683,0.260119,0.554198,-0.070215,0.270812,0.851942,0.166832,0.015987,0.822102,-0.131199,0.055245,0.571677,0.172831,0.042589,0.525420,-0.128306,0.015840
0.756055,0.032927,0.273184,0.947690,0.134501,0.273316,0.944183,-0.074329,0.285244,0.567928,0.140182,0.261124,0.564421,-0.068648,0.273051,0.852855,0.166919,0.015862,0.847878,-0.131413,0.054650,0.591676,0.173064,0.046653,0.525661,-0.128219,0.015827
0.766138,0.033955,0.274251,0.957784,0.135507,0.274142,0.954241,-0.073271,0.286942,0.578035,0.141180,0.261560,0.574492,-0.067598,0.274360,0.853727,0.166974,0.015769,0.876219,-0.131859,0.052556,0.612488,0.173074,0.048486,0.525936,-0.128166,0.015833
0.776043,0.034401,0.274224,0.967702,0.135930,0.273914,0.964131,-0.072817,0.287201,0.587956,0.141619,0.261247,0.584385,-0.067128,0.274534,0.854536,0.166992,0.015910,0.907301,-0.132535,0.049323,0.635758,0.172720,0.047118,0.526274,-0.128148,0.015855
0.785879,0.034191,0.273275,0.977546,0.135704,0.272839,0.973966,-0.073041,0.286148,0.597793,0.141424,0.260401,0.594213,-0.067322,0.273710,0.855313,0.166976,0.016011,0.940335,-0.133337,0.045785,0.661804,0.172054,0.043623,0.526673,-0.128152,0.015850
0.795854,0.033419,0.271361,0.987530,0.134910,0.270399,0.983974,-0.073860,0.283336,0.607734,0.140697,0.259385,0.604178,-0.068072,0.272322,0.856049,0.166931,0.016041,0.970197,-0.134248,0.040003,0.688357,0.171220,0.039147,0.527108,-0.128192,0.015921
0.806215,0.032000,0.268473,0.997897,0.133464,0.266454,0.994402,-0.075356,0.278549,0.618028,0.139356,0.258396,0.614533,-0.069465,0.270491,0.856744,0.166856,0.016057,0.991010,-0.135231,0.029958,0.711974,0.170320,0.034031,0.527562,-0.128284,0.015977
0.817096,0.029882,0.264590,1.008770,0.131312,0.260832,1.005360,-0.077585,0.271556,0.628832,0.137350,0.257623,0.625422,-0.071547,0.268347,0.857460,0.166730,0.016017,0.999002,-0.136160,0.015142,0.729765,0.169431,0.028031,0.528043,-0.128428,0.016007
0.827796,0.028383,0.260655,1.019441,0.129835,0.256084,1.016103,-0.079104,0.265975,0.639490,0.135871,0.255335,0.636151,-0.073069,0.265226,0.858344,0.166547,0.015917,0.999172,-0.136185,0.015758,0.741863,0.168533,0.018547,0.529154,-0.128663,0.016005
0.837528,0.027626,0.258146,1.029210,0.128984,0.253095,1.025794,-0.079972,0.262593,0.649262,0.135224,0.253699,0.645846,-0.073732,0.263197,0.876123,0.166211,0.015939,0.999558,-0.136265,0.015743,0.742597,0.168390,0.015845,0.530107,-0.128570,0.016176
0.846656,0.026398,0.257841,1.038355,0.127720,0.252701,1.034900,-0.081273,0.261347,0.658412,0.134069,0.254334,0.654956,-0.074924,0.262981,0.896341,0.165826,0.017348,1.000064,-0.136351,0.015795,0.743283,0.168297,0.015932,0.535908,-0.128668,0.016013
0.855668,0.024691,0.258666,1.047388,0.126009,0.254300,1.043891,-0.083032,0.261669,0.667444,0.132413,0.255663,0.663947,-0.076628,0.263031,0.920882,0.165367,0.020459,1.000669,-0.136459,0.015831,0.743897,0.168169,0.015963,0.547948,-0.128871,0.016248
0.864950,0.022409,0.260282,1.056700,0.123724,0.257341,1.053145,-0.085371,0.262955,0.676755,0.130190,0.257610,0.673200,-0.078905,0.263223,0.939605,0.164966,0.025606,1.001352,-0.136597,0.015841,0.744491,0.168024,0.015980,0.564013,-0.129160,0.015961
0.874430,0.019722,0.262424,1.066205,0.121022,0.261051,1.062598,-0.088117,0.264608,0.686263,0.127561,0.260240,0.682655,-0.081578,0.263796,0.954014,0.164508,0.031019,1.002071,-0.136766,0.015911,0.745033,0.167856,0.015943,0.581784,-0.129517,0.015871
0.884009,0.016779,0.264867,1.075796,0.118065,0.265052,1.072160,-0.091100,0.266382,0.695857,0.124658,0.263352,0.692221,-0.084507,0.264682,0.967927,0.163946,0.036890,1.002818,-0.136945,0.015928,0.745513,0.167679,0.015862,0.601353,-0.129966,0.015969
0.893691,0.013750,0.267471,1.085470,0.115037,0.269170,1.081846,-0.094130,0.268253,0.705535,0.121630,0.266690,0.701911,-0.087537,0.265773,0.982467,0.163274,0.042035,1.003613,-0.137126,0.015913,0.745938,0.167487,0.015797,0.619940,-0.130487,0.017772
0.903434,0.010780,0.270051,1.095198,0.112058,0.273323,1.091598,-0.097088,0.270233,0.715271,0.118649,0.269868,0.711671,-0.090497,0.266778,1.000080,0.162499,0.047143,1.004448,-0.137292,0.015856,0.746340,0.167330,0.015724,0.639154,-0.131069,0.020277
0.913240,0.007917,0.272525,1.104980,0.109174,0.277415,1.101414,-0.099932,0.272288,0.725066,0.115767,0.272762,0.721500,-0.093340,0.267635,1.021294,0.161598,0.051993,1.005324,-0.137476,0.015810,0.746728,0.167172,0.015643,0.658990,-0.131767,0.023835
0.923040,0.005291,0.274658,1.114736,0.106540,0.281178,1.111240,-0.102514,0.274200,0.734841,0.113096,0.275115,0.731345,-0.095959,0.268138,1.046095,0.160697,0.055675,1.006207,-0.137620,0.015972,0.747113,0.167033,0.015629,0.680599,-0.132540,0.026912
0.932760,0.003044,0.276189,1.124403,0.104268,0.284405,1.120977,-0.104729,0.275868,0.744542,0.110818,0.276509,0.741116,-0.098180,0.267972,1.074114,0.159830,0.058117,1.007119,-0.137743,0.016033,0.747540,0.166916,0.015717,0.704975,-0.133303,0.028577
0.942387,0.001196,0.276779,1.133978,0.102381,0.286557,1.130614,-0.106562,0.276746,0.754160,0.108954,0.276812,0.750796,-0.099989,0.267001,1.103789,0.159045,0.059280,1.007999,-0.137854,0.016085,0.748024,0.166813,0.015832,0.732389,-0.134025,0.029037
0.951963,-0.000221,0.276175,1.143509,0.100918,0.287220,1.140192,-0.107976,0.276412,0.763735,0.107533,0.275938,0.760417,-0.101361,0.265130,1.133509,0.158427,0.058496,1.008825,-0.137936,0.016058,0.748580,0.166743,0.015930,0.762853,-0.134676,0.028543
0.961565,-0.001055,0.274198,1.153081,0.100039,0.286149,1.149784,-0.108824,0.274744,0.773345,0.106715,0.273652,0.770048,-0.102148,0.262247,1.162072,0.158000,0.055776,1.009585,-0.138004,0.015966,0.749227,0.166686,0.016028,0.795364,-0.135253,0.027505
0.971231,-0.001205,0.270521,1.162742,0.099866,0.282745,1.159443,-0.108988,0.271191,0.783020,0.106578,0.269850,0.779721,-0.102277,0.258297,1.187928,0.157817,0.050933,1.010260,-0.138032,0.015857,0.749974,0.166663,0.016086,0.827671,-0.135716,0.026126
0.981050,-0.000765,0.264905,1.172620,0.100304,0.276170,1.169253,-0.108563,0.264872,0.792846,0.107034,0.264938,0.789479,-0.101834,0.253641,1.207114,0.158022,0.040428,1.010779,-0.138059,0.015799,0.750821,0.166693,0.016102,0.855563,-0.135964,0.023331
0.991222,0.000076,0.257434,1.182871,0.101262,0.266003,1.179464,-0.107632,0.255230,0.802980,0.107785,0.259637,0.799574,-0.101110,0.248864,1.211446,0.159108,0.017906,1.011197,-0.138059,0.015829,0.751733,0.166699,0.016057,0.874339,-0.135893,0.017108
1.001136,0.000399,0.251494,1.192841,0.101603,0.258430,1.189361,-0.107299,0.247827,0.812910,0.108097,0.255162,0.809431,-0.100805,0.244559,1.211519,0.159116,0.015906,1.012690,-0.138101,0.015923,0.752573,0.166758,0.015963,0.875251,-0.135810,0.015887
1.010402,0.000540,0.249159,1.202069,0.101848,0.255593,1.198674,-0.107065,0.245192,0.822129,0.108145,0.253125,0.818735,-0.100769,0.242725,1.211826,0.159135,0.015897,1.035832,-0.138505,0.015662,0.754721,0.166563,0.015896,0.876121,-0.135912,0.015706
1.020143,0.001846,0.249845,1.211804,0.103162,0.256339,1.208409,-0.105809,0.247160,0.831876,0.109502,0.252530,0.828481,-0.099469,0.243352,1.212444,0.159216,0.015798,1.052059,-0.138836,0.021010,0.764639,0.166473,0.016229,0.876773,-0.135751,0.015623
1.030259,0.004000,0.252158,1.221885,0.105400,0.258375,1.218545,-0.103650,0.251199,0.841973,0.111650,0.253117,0.838633,-0.097400,0.245942,1.213156,0.159348,0.015801,1.065859,-0.139015,0.027485,0.782113,0.166214,0.016395,0.877367,-0.135598,0.015673
1.040663,0.006733,0.255043,1.232254,0.108234,0.260674,1.228967,-0.100887,0.255955,0.852360,0.114352,0.254130,0.849073,-0.094768,0.249411,1.213914,0.159513,0.015880,1.077448,-0.138974,0.034417,0.804021,0.165943,0.016422,0.877894,-0.135416,0.015738
1.051231,0.009787,0.257859,1.242796,0.111373,0.262772,1.239539,-0.097791,0.260721,0.862923,0.117365,0.254997,0.859666,-0.091800,0.252946,1.214693,0.159689,0.015922,1.089038,-0.138748,0.040666,0.826396,0.165725,0.016988,0.878369,-0.135224,0.015791
1.061860,0.012997,0.260361,1.253409,0.114651,0.264451,1.250164,-0.094522,0.265129,0.873557,0.120516,0.255592,0.870312,-0.088658,0.256270,1.215476,0.159890,0.015876,1.101828,-0.138389,0.045551,0.846836,0.165618,0.018627,0.878803,-0.135025,0.015845
1.072473,0.016197,0.262579,1.264021,0.117885,0.265763,1.260757,-0.091263,0.269121,0.884189,0.123657,0.256037,0.880925,-0.085491,0.259394,1.216245,0.160081,0.015877,1.116296,-0.138001,0.049110,0.865102,0.165652,0.021562,0.879196,-0.134834,0.015897
1.082988,0.019226,0.264718,1.274548,0.120914,0.267066,1.271238,-0.088178,0.272937,0.894738,0.126630,0.256499,0.891428,-0.082462,0.262369,1.217022,0.160247,0.015924,1.132807,-0.137674,0.051582,0.882613,0.165814,0.025653,0.879530,-0.134666,0.015901
1.093379,0.021957,0.267029,1.284964,0.123612,0.268722,1.281577,-0.085403,0.276834,0.905181,0.129318,0.257224,0.901794,-0.079697,0.265336,1.217821,0.160381,0.016003,1.151710,-0.137464,0.053329,0.901036,0.166078,0.030549,0.879798,-0.134514,0.015842
1.103655,0.024319,0.269554,1.295255,0.125951,0.270806,1.291807,-0.082981,0.280812,0.915503,0.131618,0.258296,0.912056,-0.077314,0.268303,1.218683,0.160520,0.016022,1.173157,-0.137372,0.054465,0.920943,0.166381,0.035811,0.880022,-0.134384,0.015883
1.113832,0.026255,0.271964,1.305449,0.127858,0.272873,1.301938,-0.080993,0.284420,0.925726,0.133503,0.259508,0.922216,-0.075349,0.271055,1.219579,0.160623,0.015951,1.197142,-0.137455,0.054757,0.941768,0.166673,0.040906,0.880202,-0.134278,0.015860
1.123873,0.027674,0.273842,1.315501,0.129258,0.274540,1.311943,-0.079527,0.287220,0.935803,0.134874,0.260463,0.932245,-0.073911,0.273143,1.220472,0.160706,0.015835,1.223801,-0.137733,0.053929,0.963179,0.166854,0.044859,0.880396,-0.134194,0.015848
1.133751,0.028553,0.274693,1.325394,0.130110,0.275125,1.321796,-0.078626,0.288574,0.945705,0.135732,0.260813,0.942107,-0.073004,0.274262,1.221317,0.160744,0.015767,1.252721,-0.138257,0.051580,0.985515,0.166766,0.046143,0.880625,-0.134145,0.015845
1.143447,0.028793,0.274354,1.335104,0.130326,0.274581,1.331482,-0.078387,0.288372,0.955413,0.135974,0.260336,0.951791,-0.072740,0.274126,1.222088,0.160753,0.015929,1.284260,-0.138985,0.048324,1.010323,0.166282,0.043981,0.880936,-0.134131,0.015862
1.153147,0.028399,0.273023,1.344810,0.129920,0.273017,1.341196,-0.078800,0.286707,0.965098,0.135597,0.259339,0.961484,-0.073123,0.273029,1.222825,0.160730,0.016012,1.316423,-0.139803,0.044641,1.036535,0.165540,0.040177,0.881314,-0.134153,0.015921
1.163076,0.027422,0.270656,1.354748,0.128922,0.269976,1.351175,-0.079831,0.283163,0.974976,0.134675,0.258150,0.971403,-0.074078,0.271336,1.223519,0.160675,0.016041,1.342659,-0.140745,0.037593,1.061672,0.164670,0.035434,0.881723,-0.134221,0.015977
1.173463,0.025814,0.267219,1.365155,0.127260,0.265196,1.361636,-0.081553,0.277417,0.985289,0.133181,0.257022,0.981771,-0.075632,0.269243,1.224184,0.160586,0.016037,1.357537,-0.141758,0.025575,1.082279,0.163775,0.029661,0.882154,-0.134308,0.016017
1.184316,0.023706,0.262764,1.376024,0.125068,0.258918,1.372544,-0.083820,0.269786,0.996087,0.131233,0.255743,0.992607,-0.077655,0.266611,1.224852,0.160467,0.016008,1.358948,-0.142330,0.015725,1.096194,0.162936,0.022277,0.882662,-0.134379,0.016027
1.194632,0.022530,0.258940,1.386357,0.123822,0.254195,1.382853,-0.085099,0.264429,1.006411,0.130158,0.253450,1.002907,-0.078762,0.263684,1.230733,0.160275,0.015992,1.359203,-0.142395,0.015719,1.101687,0.162433,0.015865,0.883338,-0.134399,0.016025
