0.013348,0.005745,0.331547,0.202822,0.110767,0.342089,0.203843,-0.096892,0.316764,-0.177147,0.108382,0.346330,-0.176126,-0.099277,0.321004,0.176631,0.182613,0.127362,0.204876,-0.118507,0.118601,-0.166438,0.176882,0.160525,-0.148646,-0.120088,0.117317
0.018777,0.009624,0.314918,0.208219,0.114883,0.323505,0.209177,-0.092473,0.295810,-0.171622,0.111722,0.334025,-0.170664,-0.095634,0.306330,0.213639,0.188707,0.114282,0.191654,-0.111787,0.096492,-0.144189,0.186138,0.121136,-0.129146,-0.111185,0.080888
0.023599,0.013760,0.292880,0.213478,0.118326,0.300164,0.213418,-0.088769,0.270567,-0.166219,0.116289,0.315192,-0.166279,-0.090807,0.285596,0.237350,0.193140,0.097878,0.195768,-0.107609,0.081167,-0.121488,0.193851,0.093633,-0.113474,-0.104628,0.060935
0.028706,0.018040,0.266736,0.219303,0.121347,0.273189,0.217693,-0.085583,0.242496,-0.160281,0.121662,0.290975,-0.161891,-0.085268,0.260283,0.248052,0.196868,0.072299,0.198039,-0.103755,0.056255,-0.101800,0.200441,0.066564,-0.098907,-0.099031,0.039982
0.034537,0.022289,0.236716,0.225839,0.124327,0.242479,0.222739,-0.082579,0.211739,-0.153665,0.127157,0.261693,-0.156764,-0.079749,0.230953,0.248112,0.200419,0.037383,0.189020,-0.099720,0.021209,-0.086207,0.205702,0.035531,-0.088695,-0.094715,0.015521
0.040939,0.028057,0.206478,0.232728,0.129262,0.210454,0.228534,-0.077866,0.181386,-0.146656,0.133980,0.231569,-0.150849,-0.073148,0.202502,0.244523,0.202209,0.016054,0.188544,-0.099675,0.015453,-0.077002,0.208743,0.015884,-0.087401,-0.094160,0.015966
0.048919,0.032429,0.185428,0.240722,0.133604,0.189489,0.236595,-0.073756,0.162114,-0.138757,0.138614,0.208743,-0.142884,-0.068746,0.181368,0.243839,0.202321,0.015828,0.188941,-0.099337,0.015731,-0.075353,0.208709,0.015555,-0.086115,-0.093892,0.015956
0.058692,0.034737,0.170608,0.250565,0.135689,0.176500,0.246484,-0.071751,0.149733,-0.129099,0.141225,0.191484,-0.133180,-0.066216,0.164717,0.243941,0.202367,0.015983,0.189654,-0.099190,0.015828,-0.073884,0.208639,0.015839,-0.084854,-0.093817,0.016042
0.069174,0.036488,0.158608,0.261106,0.137227,0.166019,0.257022,-0.070278,0.139760,-0.118674,0.143254,0.177457,-0.122758,-0.064252,0.151197,0.244406,0.202377,0.015877,0.190582,-0.099139,0.016068,-0.072499,0.208594,0.016035,-0.083546,-0.093750,0.016119
0.079933,0.037811,0.148498,0.271887,0.138431,0.156905,0.267818,-0.069119,0.131002,-0.107952,0.144742,0.165995,-0.112021,-0.062808,0.140092,0.245101,0.202380,0.015779,0.191630,-0.099105,0.016163,-0.071139,0.208535,0.016131,-0.082137,-0.093720,0.016014
0.090919,0.038773,0.140863,0.282892,0.139310,0.149808,0.278814,-0.068283,0.124252,-0.096975,0.145828,0.157474,-0.101053,-0.061765,0.131919,0.246000,0.202352,0.015653,0.192975,-0.099084,0.016090,-0.069768,0.208511,0.016001,-0.080611,-0.093674,0.015803
0.102137,0.039379,0.136517,0.294122,0.139892,0.145465,0.290026,-0.067754,0.120348,-0.085752,0.146512,0.152685,-0.089848,-0.061134,0.127569,0.247075,0.202320,0.015589,0.194297,-0.099021,0.015894,-0.068453,0.208517,0.015810,-0.079046,-0.093639,0.015972
0.113606,0.039520,0.135957,0.305576,0.140104,0.144419,0.301500,-0.067591,0.119706,-0.074288,0.146632,0.152208,-0.078364,-0.061064,0.127495,0.248255,0.202303,0.015876,0.195544,-0.098912,0.015668,-0.067268,0.208509,0.015760,-0.077589,-0.093603,0.016094
0.125202,0.039036,0.139661,0.317172,0.139679,0.147386,0.313070,-0.068042,0.122896,-0.062666,0.146114,0.156426,-0.066768,-0.061607,0.131935,0.249461,0.202280,0.015999,0.196586,-0.098886,0.015775,-0.066350,0.208528,0.015907,-0.076399,-0.093539,0.016151
0.136859,0.037956,0.148125,0.328818,0.138659,0.155344,0.324720,-0.069083,0.131034,-0.051001,0.144996,0.165215,-0.055099,-0.062747,0.140905,0.250652,0.202265,0.016095,0.197456,-0.098874,0.015945,-0.065810,0.208521,0.015972,-0.075656,-0.093498,0.016035
0.148564,0.036549,0.161425,0.340528,0.137212,0.169044,0.336448,-0.070583,0.145189,-0.039319,0.143681,0.177662,-0.043399,-0.064115,0.153807,0.251830,0.202281,0.015998,0.198211,-0.098802,0.016061,-0.066536,0.208207,0.018826,-0.075410,-0.093423,0.016000
0.160233,0.034897,0.179984,0.352201,0.135444,0.188893,0.348168,-0.072448,0.165892,-0.027702,0.142242,0.194075,-0.031736,-0.065650,0.171074,0.253093,0.202246,0.015869,0.199001,-0.098719,0.016120,-0.077389,0.206382,0.036444,-0.075708,-0.093389,0.016116
0.172372,0.033596,0.203895,0.364303,0.134102,0.214008,0.360375,-0.073965,0.192630,-0.015630,0.141157,0.215160,-0.019558,-0.066910,0.193781,0.254623,0.202254,0.015621,0.200174,-0.098505,0.016149,-0.090679,0.204237,0.059772,-0.076635,-0.093280,0.016162
0.185488,0.032589,0.230726,0.377306,0.133138,0.242420,0.373585,-0.075100,0.222729,-0.002609,0.140278,0.238722,-0.006330,-0.067960,0.219031,0.256735,0.202357,0.016062,0.205627,-0.098267,0.016604,-0.098662,0.203293,0.073335,-0.077988,-0.093143,0.016020
0.198333,0.031490,0.253773,0.389853,0.132546,0.265986,0.386709,-0.075844,0.247858,0.009957,0.138824,0.259689,0.006813,-0.069565,0.241561,0.270294,0.201377,0.019977,0.232347,-0.099511,0.022200,-0.099778,0.201927,0.077826,-0.082234,-0.095017,0.025084
0.210638,0.030533,0.271357,0.401859,0.132223,0.282972,0.399328,-0.076287,0.266181,0.021948,0.137352,0.276534,0.019417,-0.071157,0.259742,0.305104,0.199288,0.031016,0.267163,-0.101397,0.031668,-0.096701,0.199988,0.082888,-0.083371,-0.097858,0.040543
0.222465,0.029602,0.284627,0.413474,0.131771,0.295493,0.411380,-0.076841,0.279966,0.033549,0.136046,0.289287,0.031455,-0.072567,0.273760,0.335500,0.197191,0.039414,0.297682,-0.103387,0.039575,-0.090407,0.197813,0.088487,-0.077242,-0.100629,0.053074
0.234001,0.028694,0.293588,0.424845,0.131283,0.303341,0.423104,-0.077420,0.289042,0.044897,0.134808,0.298135,0.043156,-0.073895,0.283835,0.361284,0.195020,0.045766,0.323166,-0.105485,0.045887,-0.080125,0.195549,0.091762,-0.065557,-0.103364,0.062251
0.245298,0.027802,0.298253,0.435970,0.130840,0.306530,0.434602,-0.077941,0.293366,0.055995,0.133544,0.303141,0.054627,-0.075237,0.289977,0.382361,0.192918,0.049838,0.343587,-0.107557,0.050261,-0.064823,0.193206,0.091740,-0.049293,-0.106127,0.068397
0.256325,0.026924,0.298629,0.446785,0.130485,0.305055,0.445860,-0.078362,0.292946,0.066790,0.132210,0.304313,0.065865,-0.076637,0.292203,0.399688,0.190925,0.051463,0.360713,-0.109565,0.052423,-0.043769,0.190764,0.088092,-0.028912,-0.108956,0.071651
0.266996,0.026058,0.294688,0.457180,0.130237,0.298894,0.456801,-0.078667,0.287784,0.077190,0.130784,0.301593,0.076811,-0.078121,0.290482,0.415273,0.189030,0.050663,0.377126,-0.111529,0.052612,-0.016632,0.188191,0.081176,-0.004393,-0.111865,0.071937
0.277171,0.025200,0.286334,0.466997,0.130102,0.287959,0.467281,-0.078852,0.277821,0.087060,0.129251,0.294846,0.087345,-0.079703,0.284708,0.432291,0.187197,0.048085,0.396099,-0.113486,0.051819,0.016905,0.185473,0.071966,0.024894,-0.114843,0.069375
0.286754,0.024368,0.273442,0.476135,0.130076,0.272194,0.477188,-0.078925,0.263125,0.096319,0.127661,0.283759,0.097372,-0.081340,0.274690,0.453912,0.185295,0.045464,0.420326,-0.115511,0.051251,0.057123,0.182610,0.061298,0.059684,-0.117887,0.064154
0.295842,0.023560,0.255878,0.484706,0.130120,0.251809,0.486622,-0.078925,0.244003,0.105062,0.126045,0.267753,0.106979,-0.083001,0.259948,0.480591,0.183304,0.044563,0.449390,-0.117593,0.052320,0.103499,0.179621,0.050635,0.100259,-0.120963,0.056844
0.304917,0.022717,0.233657,0.493264,0.130089,0.227530,0.496069,-0.078994,0.221131,0.113765,0.124427,0.246184,0.116570,-0.084656,0.239785,0.509106,0.181337,0.045893,0.478552,-0.119577,0.053605,0.151527,0.176669,0.041673,0.144153,-0.123948,0.049845
0.314308,0.021843,0.207340,0.502227,0.129892,0.200050,0.505835,-0.079223,0.195327,0.122782,0.122909,0.219353,0.126390,-0.086206,0.214631,0.538154,0.179376,0.049675,0.510170,-0.121446,0.054916,0.192995,0.173757,0.034776,0.186311,-0.126795,0.044310
0.325473,0.020985,0.186258,0.513259,0.129267,0.179001,0.517082,-0.079823,0.173410,0.133865,0.121792,0.199106,0.137688,-0.087298,0.193516,0.540988,0.179606,0.016005,0.499575,-0.121370,0.014570,0.215261,0.173652,0.015947,0.209687,-0.126710,0.016069
0.336604,0.021427,0.171412,0.524303,0.129832,0.163755,0.528250,-0.079256,0.158160,0.144957,0.122110,0.184665,0.148905,-0.086978,0.179070,0.540944,0.179577,0.015903,0.498872,-0.121480,0.015964,0.216660,0.173461,0.015638,0.210972,-0.126911,0.015802
0.347801,0.022701,0.158999,0.535524,0.131069,0.151395,0.539482,-0.078042,0.146741,0.156120,0.123444,0.171256,0.160078,-0.085666,0.166603,0.541263,0.179662,0.015896,0.498415,-0.121378,0.015927,0.217967,0.173545,0.015776,0.212299,-0.126796,0.016002
0.359236,0.023758,0.147819,0.547010,0.132076,0.140817,0.550968,-0.077052,0.136995,0.167503,0.124568,0.158642,0.171461,-0.084560,0.154821,0.541931,0.179728,0.015929,0.499525,-0.121282,0.016078,0.219284,0.173620,0.015987,0.213647,-0.126691,0.016030
0.370797,0.024330,0.138012,0.558616,0.132628,0.131951,0.562582,-0.076505,0.128423,0.179012,0.125165,0.147602,0.182978,-0.083968,0.144073,0.542916,0.179752,0.015958,0.500723,-0.121244,0.015885,0.220633,0.173640,0.015988,0.215103,-0.126662,0.016016
0.382337,0.024540,0.130392,0.570188,0.132834,0.125324,0.574159,-0.076294,0.121560,0.190516,0.125374,0.139223,0.194487,-0.083754,0.135460,0.544146,0.179774,0.015923,0.502089,-0.121230,0.016029,0.222050,0.173657,0.015936,0.216672,-0.126648,0.015947
0.393928,0.024620,0.125682,0.581794,0.132918,0.121324,0.585771,-0.076203,0.117179,0.202086,0.125443,0.134185,0.206062,-0.083678,0.130039,0.545497,0.179783,0.016009,0.503507,-0.121228,0.015973,0.223524,0.173664,0.015871,0.218251,-0.126649,0.015832
0.405667,0.024673,0.124396,0.593533,0.132978,0.120194,0.597508,-0.076137,0.115713,0.213825,0.125484,0.133079,0.217800,-0.083631,0.128598,0.546903,0.179787,0.016230,0.504814,-0.121226,0.015772,0.224952,0.173676,0.015816,0.219742,-0.126650,0.015995
0.417646,0.024590,0.127064,0.605495,0.132906,0.122420,0.609458,-0.076200,0.117541,0.225834,0.125379,0.136588,0.229797,-0.083727,0.131708,0.548281,0.179773,0.016103,0.505983,-0.121258,0.015838,0.226186,0.173672,0.015908,0.220977,-0.126664,0.015995
0.430049,0.024338,0.134390,0.617858,0.132685,0.128935,0.621814,-0.076409,0.123558,0.238283,0.125084,0.145223,0.242239,-0.084009,0.139846,0.549602,0.179769,0.016076,0.507025,-0.121280,0.015703,0.227055,0.173669,0.015971,0.221822,-0.126681,0.015902
0.443006,0.023884,0.147077,0.630795,0.132253,0.141391,0.634746,-0.076826,0.135487,0.251266,0.124594,0.158666,0.255216,-0.084485,0.152762,0.550901,0.179762,0.015938,0.507948,-0.121319,0.015811,0.227472,0.173649,0.015983,0.222153,-0.126720,0.015837
0.456163,0.023567,0.165271,0.644001,0.131906,0.160728,0.647950,-0.077171,0.154748,0.264376,0.124306,0.175794,0.268325,-0.084771,0.169815,0.552151,0.179789,0.015927,0.508841,-0.121307,0.015981,0.224883,0.173423,0.022402,0.221941,-0.126725,0.015985
0.469154,0.023438,0.188984,0.657055,0.131725,0.186103,0.661008,-0.077361,0.180455,0.277300,0.124236,0.197513,0.281254,-0.084850,0.191866,0.553500,0.179840,0.015848,0.509896,-0.121253,0.016044,0.213056,0.172673,0.042853,0.221077,-0.126719,0.016233
0.482852,0.023628,0.216980,0.670791,0.131877,0.215481,0.674757,-0.077227,0.210510,0.290947,0.124483,0.223450,0.294913,-0.084620,0.218480,0.555238,0.179902,0.015838,0.514333,-0.121125,0.016370,0.199309,0.172069,0.061362,0.219655,-0.126707,0.016086
0.496895,0.023136,0.244683,0.684880,0.131306,0.246126,0.688835,-0.077796,0.241078,0.304955,0.124068,0.248289,0.308910,-0.085033,0.243240,0.557495,0.179923,0.016026,0.532562,-0.120880,0.019802,0.190590,0.171657,0.070998,0.217145,-0.126858,0.020315
0.510052,0.022327,0.267128,0.698102,0.130346,0.270347,0.701937,-0.078750,0.264996,0.318167,0.123405,0.269259,0.322002,-0.085691,0.263908,0.584531,0.180014,0.024992,0.572537,-0.120569,0.029488,0.188753,0.171448,0.076076,0.216973,-0.127171,0.032600
0.522483,0.021584,0.284845,0.710599,0.129454,0.289011,0.714297,-0.079647,0.283757,0.330670,0.122814,0.285933,0.334367,-0.086287,0.280679,0.618754,0.179667,0.035663,0.610833,-0.120797,0.038944,0.192417,0.170914,0.084007,0.222127,-0.127873,0.047034
0.534469,0.020844,0.298222,0.722636,0.128606,0.302878,0.726226,-0.080499,0.297729,0.342713,0.122186,0.298715,0.346303,-0.086919,0.293566,0.650487,0.179189,0.044944,0.644595,-0.121203,0.047229,0.201102,0.170343,0.090883,0.231683,-0.128607,0.060030
0.546188,0.020100,0.307325,0.734361,0.127849,0.312010,0.737936,-0.081258,0.306863,0.354439,0.121457,0.307786,0.358014,-0.087649,0.302639,0.678411,0.178751,0.052460,0.673082,-0.121614,0.054022,0.215022,0.169798,0.094313,0.245291,-0.129316,0.069788
0.557704,0.019348,0.312190,0.745829,0.127197,0.316501,0.749507,-0.081904,0.311250,0.365902,0.120601,0.313130,0.369579,-0.088501,0.307880,0.702118,0.178398,0.057704,0.696402,-0.121968,0.058687,0.234470,0.169269,0.093737,0.262816,-0.130021,0.075739
0.569021,0.018593,0.312817,0.757037,0.126659,0.316449,0.760936,-0.082434,0.310998,0.377106,0.119620,0.314636,0.381006,-0.089473,0.309185,0.722160,0.178159,0.060295,0.715461,-0.122235,0.060898,0.259559,0.168778,0.089199,0.284093,-0.130730,0.078131
0.580091,0.017822,0.309160,0.767928,0.126224,0.311915,0.772176,-0.082855,0.306185,0.388007,0.118499,0.312134,0.392254,-0.090579,0.306404,0.740043,0.178033,0.060188,0.731717,-0.122428,0.060801,0.290295,0.168315,0.081364,0.309081,-0.131471,0.077457
0.590811,0.017059,0.301122,0.778393,0.125922,0.302867,0.783121,-0.083138,0.296821,0.398501,0.117256,0.305422,0.403229,-0.091803,0.299377,0.758107,0.178031,0.057797,0.747579,-0.122552,0.059249,0.326820,0.167881,0.071475,0.338143,-0.132237,0.073982
0.601094,0.016308,0.288537,0.788366,0.125716,0.289215,0.793664,-0.083321,0.282861,0.408525,0.115936,0.294212,0.413823,-0.093100,0.287859,0.778532,0.178095,0.054205,0.765864,-0.122678,0.058061,0.369136,0.167515,0.060888,0.372216,-0.132954,0.067859
0.611027,0.015568,0.271235,0.797990,0.125504,0.271032,0.803845,-0.083510,0.264462,0.418209,0.114646,0.278009,0.424064,-0.094369,0.271438,0.802316,0.178018,0.051468,0.786621,-0.122986,0.057774,0.416112,0.167221,0.050749,0.412131,-0.133532,0.059518
0.620922,0.014847,0.249108,0.807633,0.125211,0.248808,0.813958,-0.083782,0.241986,0.427886,0.113476,0.256229,0.434212,-0.095517,0.249407,0.828461,0.177794,0.050996,0.807481,-0.123439,0.057135,0.463827,0.167021,0.042941,0.456748,-0.133860,0.051207
0.631122,0.014141,0.222437,0.817695,0.124736,0.223174,0.824310,-0.084236,0.215990,0.437934,0.112518,0.228884,0.444549,-0.096454,0.221701,0.855383,0.177289,0.052712,0.831298,-0.124015,0.056029,0.506051,0.166746,0.037706,0.500759,-0.134118,0.045538
0.642675,0.013687,0.196857,0.829098,0.124522,0.198619,0.836021,-0.084439,0.191413,0.449328,0.111813,0.202301,0.456251,-0.097148,0.195095,0.860841,0.177370,0.016131,0.825476,-0.124238,0.015921,0.534570,0.166566,0.015943,0.533900,-0.133844,0.014352
0.654548,0.014751,0.175711,0.840940,0.125649,0.176599,0.847899,-0.083309,0.169340,0.461196,0.112812,0.182083,0.468156,-0.096146,0.174823,0.860195,0.177373,0.015994,0.825638,-0.124221,0.015860,0.536087,0.166590,0.015666,0.535847,-0.133868,0.015751
0.666187,0.016315,0.159858,0.852569,0.127234,0.159848,0.859533,-0.081751,0.153401,0.472842,0.114382,0.166316,0.479805,-0.094603,0.159869,0.860189,0.177422,0.015997,0.826327,-0.124115,0.015975,0.537454,0.166677,0.015735,0.537222,-0.133749,0.016010
0.677783,0.017597,0.146925,0.864162,0.128521,0.146628,0.871135,-0.080484,0.140887,0.484432,0.115678,0.152962,0.491405,-0.093327,0.147221,0.860653,0.177486,0.015955,0.827353,-0.124007,0.016048,0.538778,0.166747,0.015970,0.538591,-0.133642,0.016058
0.689454,0.018433,0.136129,0.875835,0.129354,0.136006,0.882813,-0.079657,0.130479,0.496095,0.116522,0.141779,0.503074,-0.092489,0.136252,0.861483,0.177539,0.016001,0.828440,-0.123938,0.016096,0.540122,0.166810,0.015994,0.540041,-0.133567,0.016081
0.701147,0.018902,0.127884,0.887526,0.129825,0.128167,0.894515,-0.079179,0.122398,0.507779,0.116982,0.133370,0.514768,-0.092021,0.127601,0.862630,0.177581,0.016003,0.829846,-0.123901,0.016126,0.541526,0.166843,0.015998,0.541641,-0.133534,0.015950
0.712858,0.019218,0.122796,0.899236,0.130143,0.123316,0.906229,-0.078852,0.117215,0.519487,0.117288,0.128377,0.526480,-0.091706,0.122276,0.863940,0.177590,0.015958,0.831325,-0.123901,0.016114,0.543034,0.166855,0.015867,0.543292,-0.133532,0.015870
0.724636,0.019505,0.121260,0.911010,0.130436,0.121519,0.917999,-0.078550,0.115155,0.531274,0.117559,0.127365,0.538262,-0.091427,0.121001,0.865332,0.177614,0.016141,0.832689,-0.123878,0.015939,0.544516,0.166896,0.015792,0.544882,-0.133505,0.016024
0.736588,0.019684,0.123580,0.922946,0.130641,0.122974,0.929929,-0.078338,0.116359,0.543247,0.117705,0.130800,0.550230,-0.091274,0.124186,0.866739,0.177645,0.016072,0.833905,-0.123862,0.015803,0.545830,0.166927,0.015900,0.546245,-0.133482,0.016051
0.748792,0.019600,0.130186,0.935116,0.130598,0.128209,0.942085,-0.078367,0.121151,0.555499,0.117566,0.139220,0.562468,-0.091398,0.132163,0.868094,0.177652,0.016050,0.834985,-0.123881,0.015779,0.546777,0.166939,0.015977,0.547223,-0.133484,0.015994
0.761495,0.019218,0.141888,0.947786,0.130252,0.138969,0.954738,-0.078693,0.131322,0.568252,0.117130,0.152454,0.575204,-0.091815,0.144807,0.869361,0.177649,0.015970,0.835940,-0.123922,0.015750,0.547264,0.166931,0.016005,0.547681,-0.133519,0.015913
0.774518,0.018822,0.158864,0.960817,0.129847,0.156242,0.967762,-0.079087,0.148307,0.581273,0.116730,0.169421,0.588218,-0.092204,0.161486,0.870599,0.177683,0.015994,0.836820,-0.123918,0.015884,0.546827,0.166805,0.019031,0.547588,-0.133534,0.015933
0.787505,0.018581,0.181461,0.973846,0.129564,0.180320,0.980810,-0.079377,0.172596,0.594201,0.116540,0.190326,0.601165,-0.092401,0.182602,0.871881,0.177750,0.015892,0.837802,-0.123861,0.015999,0.536962,0.165833,0.036285,0.546877,-0.133560,0.016051
0.800917,0.018723,0.208817,0.987286,0.129662,0.209104,0.994273,-0.079303,0.202081,0.607560,0.116748,0.215552,0.614548,-0.092217,0.208529,0.873517,0.177856,0.015820,0.839195,-0.123738,0.016080,0.523270,0.164755,0.057128,0.545594,-0.133560,0.016217
0.814812,0.018585,0.237327,1.001210,0.129441,0.240180,1.008200,-0.079534,0.233476,0.621424,0.116705,0.241179,0.628415,-0.092271,0.234475,0.875663,0.177932,0.015992,0.849423,-0.123421,0.017658,0.513708,0.164160,0.067857,0.544171,-0.133602,0.016699
0.827940,0.018085,0.261064,1.014346,0.128839,0.266318,1.021314,-0.080107,0.258736,0.634565,0.116278,0.263393,0.641533,-0.092668,0.255810,0.896534,0.179274,0.022192,0.884258,-0.121718,0.025458,0.510746,0.164568,0.072859,0.542309,-0.133154,0.026316
0.840373,0.017658,0.279633,1.026797,0.128320,0.286064,1.033716,-0.080614,0.278112,0.647031,0.115931,0.281153,0.653950,-0.093004,0.273201,0.931842,0.180271,0.034170,0.922509,-0.120554,0.035054,0.512885,0.164624,0.080740,0.544843,-0.133268,0.040513
0.852283,0.017231,0.293848,1.038760,0.127756,0.301034,1.045563,-0.081171,0.292803,0.659003,0.115633,0.294893,0.665806,-0.093294,0.286661,0.963691,0.180933,0.044386,0.956891,-0.119737,0.043291,0.519792,0.164729,0.088822,0.552753,-0.133307,0.053729
0.863883,0.016796,0.303778,1.050398,0.127240,0.311240,1.057127,-0.081676,0.302658,0.670639,0.115268,0.304897,0.677369,-0.093648,0.296316,0.991583,0.181476,0.052736,0.986320,-0.119096,0.050141,0.531770,0.164975,0.093866,0.565192,-0.133223,0.063823
0.875264,0.016369,0.309462,1.061770,0.126836,0.316786,1.068526,-0.082059,0.307729,0.682002,0.114797,0.311195,0.688758,-0.094098,0.302138,1.015157,0.182031,0.058771,1.010458,-0.118497,0.055026,0.549202,0.165393,0.094979,0.581764,-0.133018,0.070195
0.886432,0.015919,0.310912,1.072872,0.126528,0.317769,1.079770,-0.082334,0.308101,0.693094,0.114172,0.313723,0.699993,-0.094691,0.304055,1.034988,0.182632,0.062140,1.030206,-0.117896,0.057510,0.572382,0.165975,0.091905,0.602200,-0.132749,0.072988
0.897351,0.015465,0.308091,1.083656,0.126341,0.314257,1.090821,-0.082477,0.303853,0.703881,0.113407,0.312328,0.711046,-0.095412,0.301924,1.052443,0.183333,0.062773,1.047034,-0.117247,0.057664,0.601351,0.166738,0.085190,0.626334,-0.132429,0.072672
0.907932,0.015015,0.300911,1.094028,0.126285,0.306240,1.101586,-0.082476,0.295003,0.714278,0.112505,0.306819,0.721837,-0.096256,0.295582,1.069742,0.184150,0.061039,1.063303,-0.116558,0.056282,0.636165,0.167643,0.076066,0.654379,-0.132076,0.069516
0.918066,0.014565,0.289218,1.103894,0.126322,0.293639,1.111935,-0.082370,0.281489,0.724197,0.111499,0.296947,0.732239,-0.097193,0.284798,1.089260,0.185043,0.057891,1.081942,-0.115906,0.055089,0.676940,0.168686,0.065941,0.687243,-0.131619,0.063749
0.927801,0.014153,0.272857,1.113360,0.126382,0.276521,1.121867,-0.082234,0.263431,0.733734,0.110539,0.282283,0.742242,-0.098077,0.269193,1.112279,0.185804,0.055167,1.103596,-0.115476,0.054960,0.722835,0.169880,0.055850,0.725804,-0.130927,0.055668
0.937408,0.013790,0.251704,1.122758,0.126366,0.255328,1.131631,-0.082164,0.241150,0.743185,0.109745,0.262258,0.752057,-0.098786,0.248080,1.138331,0.186266,0.054682,1.125711,-0.115344,0.054819,0.770477,0.171094,0.047627,0.769636,-0.129966,0.047041
0.947254,0.013462,0.225928,1.132523,0.126123,0.230828,1.141565,-0.082298,0.215224,0.752943,0.109222,0.236633,0.761985,-0.099199,0.221029,1.165445,0.186239,0.056278,1.149240,-0.115468,0.053373,0.813342,0.172007,0.042346,0.814183,-0.129104,0.041362
0.958315,0.013149,0.199514,1.143499,0.125833,0.206615,1.152743,-0.082514,0.190163,0.763887,0.108812,0.208864,0.773131,-0.099535,0.192412,1.179045,0.187809,0.019653,1.148286,-0.114599,0.016050,0.852494,0.173602,0.016080,0.855140,-0.127583,0.015757
0.969513,0.014683,0.176752,1.154745,0.127222,0.184828,1.163908,-0.081062,0.167542,0.775118,0.110427,0.185962,0.784281,-0.097856,0.168676,1.178619,0.187917,0.016192,1.148237,-0.114815,0.015895,0.854044,0.173666,0.015867,0.856677,-0.127626,0.015705
0.980323,0.016869,0.161256,1.165519,0.129468,0.169305,1.174751,-0.078858,0.152584,0.785895,0.112595,0.169927,0.795127,-0.095731,0.153206,1.178477,0.187988,0.015994,1.148767,-0.114686,0.015980,0.855330,0.173695,0.015664,0.857941,-0.127566,0.015881
0.991500,0.019085,0.148849,1.176679,0.131707,0.156983,1.185947,-0.076690,0.141191,0.797053,0.114860,0.156507,0.806321,-0.093537,0.140715,1.178764,0.188103,0.016075,1.148250,-0.114502,0.015961,0.856605,0.173789,0.015891,0.859214,-0.127372,0.016165
1.002964,0.020763,0.138382,1.188151,0.133352,0.146792,1.197405,-0.075084,0.131521,0.808523,0.116611,0.145243,0.817777,-0.091825,0.129972,1.179396,0.188160,0.016042,1.149137,-0.114373,0.015901,0.857916,0.173886,0.016057,0.860599,-0.127201,0.016142
1.014611,0.021923,0.129820,1.199790,0.134500,0.138568,1.209058,-0.073936,0.123300,0.820164,0.117782,0.136341,0.829432,-0.090654,0.121072,1.180307,0.188226,0.016029,1.150532,-0.114290,0.015929,0.859294,0.173946,0.016116,0.862176,-0.127122,0.016065
1.026261,0.022842,0.123890,1.211433,0.135425,0.132701,1.220714,-0.073009,0.117413,0.831809,0.118694,0.130366,0.841089,-0.089740,0.115078,1.181435,0.188267,0.015987,1.152015,-0.114258,0.016154,0.860751,0.173988,0.016000,0.863871,-0.127062,0.015811
1.037935,0.023590,0.121282,1.223118,0.136188,0.129667,1.232380,-0.072252,0.114453,0.843490,0.119432,0.128110,0.852753,-0.089008,0.112896,1.182716,0.188312,0.015900,1.153438,-0.114197,0.016100,0.862210,0.174079,0.015785,0.865595,-0.126986,0.016080
1.049699,0.024120,0.122409,1.234888,0.136781,0.129753,1.244136,-0.071670,0.114677,0.855262,0.119910,0.130140,0.864511,-0.088541,0.115064,1.184021,0.188365,0.015993,1.154695,-0.114104,0.015852,0.863565,0.174157,0.015858,0.867164,-0.126883,0.016153
1.061687,0.024220,0.127613,1.246874,0.136973,0.133418,1.256100,-0.071474,0.118266,0.867274,0.119913,0.136959,0.876500,-0.088534,0.121808,1.185324,0.188397,0.015997,1.155814,-0.114073,0.015717,0.864638,0.174204,0.015988,0.868412,-0.126825,0.016137
1.073949,0.023842,0.137331,1.259109,0.136710,0.141541,1.268328,-0.071714,0.126069,0.879569,0.119397,0.148593,0.888789,-0.089026,0.133120,1.186644,0.188440,0.016046,1.156785,-0.114072,0.015679,0.865279,0.174225,0.016037,0.869134,-0.126816,0.015940
1.086468,0.023300,0.151893,1.271608,0.136231,0.155202,1.280823,-0.072191,0.139705,0.892112,0.118791,0.164081,0.901327,-0.089630,0.148584,1.187905,0.188496,0.016050,1.157642,-0.114048,0.015854,0.865652,0.174221,0.016416,0.869270,-0.126803,0.015918
1.098963,0.022789,0.171557,1.284099,0.135715,0.175261,1.293353,-0.072739,0.160227,0.904574,0.118317,0.182888,0.913828,-0.090137,0.167854,1.189181,0.188603,0.015969,1.158485,-0.113936,0.015995,0.857823,0.172990,0.028484,0.868864,-0.126802,0.016121
1.111574,0.022537,0.196510,1.296712,0.135419,0.201274,1.306019,-0.073107,0.187310,0.917129,0.118181,0.205710,0.926436,-0.090345,0.191745,1.190656,0.188703,0.015807,1.159583,-0.113774,0.016099,0.844270,0.170896,0.050866,0.867813,-0.126800,0.016159
1.125060,0.022743,0.225100,1.310166,0.135614,0.231169,1.319566,-0.072996,0.218590,0.930553,0.118482,0.231611,0.939953,-0.090128,0.219032,1.192614,0.188881,0.015812,1.164364,-0.113389,0.016620,0.832646,0.169561,0.067226,0.866286,-0.126784,0.016020
1.138544,0.022491,0.251653,1.323585,0.135350,0.259657,1.333097,-0.073294,0.247742,0.943990,0.118277,0.255565,0.953503,-0.090367,0.243650,1.198607,0.189031,0.017856,1.187990,-0.112485,0.020169,0.827302,0.168900,0.073919,0.861683,-0.127551,0.023461
1.151246,0.022224,0.272502,1.336239,0.135135,0.280877,1.345829,-0.073529,0.269382,0.956663,0.117978,0.275623,0.966253,-0.090686,0.264128,1.231476,0.189724,0.029683,1.226764,-0.111387,0.030108,0.827761,0.168426,0.079472,0.859885,-0.128727,0.038768
1.163345,0.021980,0.288878,1.348336,0.134891,0.297269,1.357923,-0.073797,0.286228,0.968766,0.117758,0.291528,0.978353,-0.090931,0.280487,1.264922,0.190219,0.040254,1.262167,-0.110694,0.039325,0.832368,0.167855,0.087361,0.864707,-0.129667,0.052818
1.175094,0.021725,0.300941,1.360096,0.134645,0.308969,1.369668,-0.074065,0.298331,0.980521,0.117514,0.303552,0.990093,-0.091196,0.292913,1.294881,0.190463,0.048989,1.292689,-0.110351,0.047208,0.841191,0.167374,0.093774,0.874449,-0.130398,0.064191
1.186615,0.021484,0.308733,1.371604,0.134480,0.315974,1.381211,-0.074245,0.305660,0.992019,0.117214,0.311805,1.001627,-0.091511,0.301491,1.320396,0.190540,0.055648,1.317807,-0.110246,0.053287,0.854869,0.167062,0.097138,0.888597,-0.130931,0.072078
1.197939,0.021229,0.312288,1.382868,0.134390,0.318358,1.392597,-0.074340,0.308278,1.003281,0.116798,0.316298,1.013010,-0.091933,0.306218,1.341413,0.190498,0.059781,1.338144,-0.110297,0.057027,0.873926,0.166928,0.096669,0.906721,-0.131344,0.076476
1.209052,0.020977,0.311601,1.393857,0.134410,0.316198,1.403812,-0.074316,0.306250,1.014291,0.116271,0.316952,1.024246,-0.092456,0.307004,1.358855,0.190450,0.061117,1.354847,-0.110388,0.058295,0.898574,0.167015,0.092228,0.928466,-0.131655,0.077839
1.219889,0.020710,0.306620,1.404491,0.134529,0.309499,1.414792,-0.074182,0.299597,1.024986,0.115602,0.313642,1.035287,-0.093109,0.303740,1.374689,0.190461,0.059797,1.369807,-0.110475,0.057546,0.928835,0.167283,0.084512,0.953850,-0.131899,0.076380
1.230326,0.020439,0.297232,1.414643,0.134753,0.298164,1.425400,-0.073935,0.288253,1.035251,0.114814,0.306211,1.046009,-0.093874,0.296301,1.391569,0.190599,0.056545,1.385847,-0.110505,0.055982,0.964884,0.167741,0.074739,0.983537,-0.132015,0.072242
1.240269,0.020157,0.283284,1.424249,0.135010,0.282098,1.435506,-0.073651,0.272165,1.045032,0.113965,0.294402,1.056289,-0.094696,0.284470,1.411929,0.190822,0.052915,1.405743,-0.110504,0.055360,1.006762,0.168436,0.063991,1.018638,-0.131869,0.065461
1.249817,0.019890,0.264626,1.433463,0.135238,0.261473,1.445182,-0.073397,0.251549,1.054451,0.113177,0.277703,1.066170,-0.095459,0.267779,1.436486,0.190987,0.051123,1.428701,-0.110599,0.056093,1.053415,0.169357,0.053490,1.059898,-0.131339,0.056591
1.259331,0.019627,0.241210,1.442730,0.135336,0.237024,1.454798,-0.073272,0.226938,1.063864,0.112525,0.255483,1.075933,-0.096083,0.245397,1.463125,0.191048,0.051835,1.451503,-0.110789,0.056246,1.100221,0.170371,0.045264,1.105358,-0.130449,0.048703
1.269132,0.019405,0.213664,1.452396,0.135329,0.209496,1.464707,-0.073264,0.199385,1.073557,0.112074,0.227943,1.085869,-0.096518,0.217832,1.490214,0.190752,0.052529,1.477112,-0.111081,0.054288,1.140601,0.170777,0.038914,1.149076,-0.129849,0.042034
1.280503,0.019314,0.191236,1.463906,0.135048,0.188070,1.476002,-0.073500,0.176856,1.085004,0.112128,0.205615,1.097100,-0.096421,0.194401,1.492787,0.191563,0.016094,1.476157,-0.110453,0.016356,1.161606,0.172364,0.015900,1.174282,-0.127953,0.016176
1.291983,0.020489,0.174415,1.475396,0.136216,0.171602,1.487483,-0.072309,0.159946,1.096482,0.113287,0.188884,1.108569,-0.095238,0.177229,1.492630,0.191509,0.015999,1.476523,-0.110504,0.016134,1.163006,0.172425,0.015609,1.175718,-0.127918,0.015756
1.303369,0.022507,0.160642,1.486814,0.138193,0.158227,1.498913,-0.070372,0.147333,1.107825,0.115386,0.173951,1.119924,-0.093180,0.163057,1.492828,0.191562,0.015942,1.477104,-0.110368,0.016031,1.164404,0.172513,0.015868,1.177069,-0.127773,0.016027
1.314861,0.024269,0.148907,1.498346,0.139906,0.147272,1.510458,-0.068691,0.137008,1.119264,0.117229,0.160807,1.131376,-0.091368,0.150542,1.493385,0.191660,0.015982,1.476555,-0.110243,0.015124,1.165768,0.172634,0.016040,1.178440,-0.127601,0.016101
1.326434,0.025681,0.138729,1.509940,0.141293,0.137990,1.522084,-0.067320,0.128088,1.130784,0.118681,0.149370,1.142928,-0.089932,0.139468,1.494250,0.191749,0.015990,1.477584,-0.110167,0.015989,1.167133,0.172704,0.016031,1.179928,-0.127500,0.016098
1.338103,0.026615,0.130561,1.521616,0.142219,0.130607,1.533785,-0.066383,0.120511,1.142421,0.119613,0.140612,1.154590,-0.088988,0.130516,1.495372,0.191817,0.015953,1.478966,-0.110098,0.015894,1.168614,0.172755,0.015954,1.181522,-0.127451,0.015904
1.349820,0.027328,0.125237,1.533333,0.142931,0.125720,1.545514,-0.065652,0.115251,1.154126,0.120309,0.135224,1.166307,-0.088274,0.124755,1.496652,0.191884,0.015912,1.480493,-0.110058,0.016128,1.170109,0.172820,0.015819,1.183176,-0.127405,0.015808
