-0.005852,0.008202,0.356870,0.183968,0.112977,0.362512,0.184311,-0.096083,0.354850,-0.196014,0.112486,0.358890,-0.195671,-0.096573,0.351228,0.178118,0.164530,0.196549,0.176407,-0.134884,0.172254,-0.186071,0.164542,0.179936,-0.181846,-0.134747,0.152475
-0.007378,0.012756,0.354128,0.181734,0.118862,0.358525,0.183495,-0.090197,0.351073,-0.198250,0.115710,0.357183,-0.196490,-0.093350,0.349731,0.156335,0.169738,0.201153,0.165249,-0.129575,0.175542,-0.204918,0.167518,0.178079,-0.212761,-0.132377,0.164848
-0.008659,0.017387,0.348640,0.179203,0.125741,0.351534,0.183400,-0.083310,0.344863,-0.200719,0.118085,0.352417,-0.196522,-0.090966,0.345746,0.141543,0.175399,0.196978,0.145482,-0.123823,0.165270,-0.220223,0.169089,0.167119,-0.243885,-0.131318,0.155173
-0.010307,0.022011,0.339747,0.176194,0.132707,0.341944,0.182982,-0.076275,0.335238,-0.203597,0.120297,0.344257,-0.196808,-0.088686,0.337550,0.133306,0.181798,0.186563,0.122644,-0.117637,0.145297,-0.231143,0.171237,0.146756,-0.267932,-0.129872,0.131228
-0.012817,0.026474,0.327196,0.172451,0.139221,0.329378,0.181534,-0.069638,0.321628,-0.207169,0.122586,0.332764,-0.198086,-0.086273,0.325014,0.130471,0.188903,0.168139,0.104105,-0.111096,0.121293,-0.238593,0.174544,0.122555,-0.280061,-0.126967,0.098756
-0.016388,0.030823,0.310842,0.167865,0.145217,0.313304,0.178804,-0.063491,0.304043,-0.211580,0.125137,0.317640,-0.200641,-0.083571,0.308380,0.133149,0.196507,0.143099,0.091252,-0.104241,0.092264,-0.244370,0.178704,0.098392,-0.280600,-0.122563,0.065953
-0.020588,0.035126,0.290534,0.162835,0.150839,0.293298,0.175264,-0.057714,0.282522,-0.216439,0.127965,0.298547,-0.204011,-0.080587,0.287770,0.138381,0.204259,0.113571,0.081695,-0.097272,0.057856,-0.250075,0.183218,0.072772,-0.275643,-0.117424,0.035740
-0.024956,0.039436,0.266457,0.157595,0.156537,0.268350,0.171547,-0.051899,0.257199,-0.221458,0.130772,0.275716,-0.207507,-0.077665,0.264565,0.141307,0.211271,0.077567,0.073881,-0.091419,0.021064,-0.254180,0.186700,0.042033,-0.271925,-0.114282,0.015756
-0.026402,0.046364,0.243753,0.156050,0.163624,0.242104,0.170155,-0.045018,0.236268,-0.222958,0.137746,0.251237,-0.208853,-0.070897,0.245401,0.118294,0.212896,0.018563,0.073323,-0.090968,0.015756,-0.262658,0.187255,0.014500,-0.270526,-0.114215,0.015785
-0.023552,0.054230,0.227353,0.158970,0.171342,0.223971,0.173022,-0.037384,0.224749,-0.220126,0.145843,0.229956,-0.206074,-0.062883,0.230734,0.117654,0.213338,0.015889,0.073215,-0.090435,0.015919,-0.260703,0.187866,0.015748,-0.269431,-0.113503,0.015792
-0.015446,0.059639,0.219384,0.167103,0.176704,0.215791,0.181147,-0.031952,0.221261,-0.212038,0.151230,0.217508,-0.197994,-0.057426,0.222978,0.117908,0.213720,0.015827,0.073832,-0.090126,0.015931,-0.259267,0.188331,0.015760,-0.268562,-0.113176,0.015766
-0.003300,0.063782,0.216041,0.179266,0.180800,0.211807,0.193279,-0.027746,0.220574,-0.199878,0.155310,0.211507,-0.185865,-0.053236,0.220274,0.118763,0.214084,0.015721,0.074890,-0.089901,0.015824,-0.258187,0.188753,0.015678,-0.267922,-0.112939,0.015772
0.010582,0.067001,0.214048,0.193171,0.183933,0.208614,0.207141,-0.024502,0.219755,-0.185978,0.158505,0.208341,-0.172007,-0.049930,0.219482,0.119800,0.214323,0.015749,0.076054,-0.089804,0.015867,-0.257276,0.189050,0.015771,-0.267408,-0.112830,0.015785
0.024654,0.069687,0.212436,0.207299,0.186459,0.205630,0.221172,-0.021875,0.218641,-0.171863,0.161248,0.206231,-0.157990,-0.047085,0.219242,0.120927,0.214499,0.015922,0.085464,-0.089215,0.015847,-0.249518,0.189819,0.015734,-0.267070,-0.112696,0.015754
0.038902,0.071983,0.212329,0.221604,0.188634,0.204993,0.235373,-0.019616,0.219385,-0.157569,0.163583,0.205273,-0.143800,-0.044667,0.219665,0.122109,0.214655,0.016039,0.113532,-0.087370,0.016217,-0.228574,0.191826,0.021223,-0.266900,-0.112556,0.015738
0.053543,0.073509,0.214032,0.236252,0.190186,0.207305,0.250000,-0.018033,0.222154,-0.142914,0.165051,0.205910,-0.129165,-0.043168,0.220760,0.123420,0.214759,0.016030,0.157461,-0.084516,0.015909,-0.191892,0.194417,0.022730,-0.266848,-0.112546,0.015718
0.068100,0.073830,0.216211,0.251005,0.190297,0.211508,0.264369,-0.018012,0.225405,-0.128169,0.165672,0.207016,-0.114805,-0.042638,0.220913,0.124801,0.214792,0.015849,0.202818,-0.081335,0.019612,-0.141682,0.197874,0.018531,-0.264982,-0.111606,0.015731
0.082413,0.073105,0.217470,0.266267,0.188154,0.215853,0.277851,-0.020394,0.227608,-0.113026,0.166604,0.207331,-0.101441,-0.041944,0.219086,0.126279,0.214695,0.015832,0.250669,-0.078846,0.026257,-0.080735,0.203216,0.016180,-0.256458,-0.107607,0.015761
0.096535,0.071999,0.215963,0.281910,0.184592,0.216073,0.290681,-0.024208,0.225592,-0.097612,0.168205,0.206334,-0.088841,-0.040594,0.215853,0.127624,0.214527,0.016004,0.284456,-0.078986,0.028634,-0.016352,0.208713,0.021150,-0.236893,-0.101474,0.015737
0.110870,0.070930,0.210573,0.298005,0.180571,0.209670,0.303553,-0.028418,0.217257,-0.081812,0.170279,0.203890,-0.076264,-0.038710,0.211476,0.144422,0.215161,0.021533,0.289204,-0.081602,0.015953,0.032079,0.212392,0.027402,-0.207009,-0.094782,0.015745
0.125435,0.070663,0.203273,0.313706,0.178333,0.201663,0.317106,-0.030765,0.207231,-0.066236,0.172092,0.199315,-0.062836,-0.037006,0.204883,0.171456,0.216978,0.032141,0.289614,-0.081776,0.016023,0.055479,0.214774,0.020203,-0.174341,-0.089328,0.015734
0.139774,0.070312,0.197150,0.328059,0.177947,0.194980,0.331439,-0.031164,0.200053,-0.051890,0.171789,0.194246,-0.048511,-0.037322,0.199319,0.200871,0.217533,0.037155,0.290475,-0.081762,0.015916,0.056747,0.214687,0.015864,-0.143973,-0.088787,0.015751
0.153809,0.069069,0.193139,0.342228,0.176476,0.191415,0.345347,-0.032672,0.194882,-0.037730,0.170810,0.191397,-0.034611,-0.038338,0.194864,0.232871,0.217782,0.039112,0.291528,-0.081904,0.015831,0.058159,0.214791,0.015886,-0.111024,-0.087907,0.015813
0.168015,0.067314,0.190307,0.356457,0.174694,0.190004,0.359530,-0.034480,0.191360,-0.023501,0.169108,0.189254,-0.020428,-0.040065,0.190609,0.258228,0.217748,0.042072,0.292674,-0.082055,0.015820,0.059526,0.214660,0.015892,-0.078007,-0.087499,0.015914
0.182293,0.065392,0.188254,0.370723,0.172781,0.189940,0.373814,-0.036394,0.188921,-0.009229,0.167177,0.187586,-0.006137,-0.041998,0.186567,0.280382,0.217606,0.045458,0.293891,-0.082187,0.015889,0.060849,0.214506,0.015668,-0.047874,-0.087252,0.018719
0.196594,0.063660,0.186934,0.385001,0.171039,0.190643,0.388123,-0.038114,0.187458,0.005066,0.165433,0.186411,0.008187,-0.043720,0.183226,0.301472,0.217403,0.049404,0.295139,-0.082350,0.015907,0.062163,0.214344,0.015768,-0.022633,-0.087212,0.023782
0.210812,0.062401,0.186318,0.399202,0.169737,0.191734,0.402334,-0.039383,0.186881,0.019289,0.164185,0.185755,0.022422,-0.044935,0.180901,0.323458,0.217277,0.053551,0.296392,-0.082468,0.015852,0.063419,0.214254,0.015962,-0.001178,-0.087273,0.030807
0.224968,0.061569,0.186452,0.413339,0.168851,0.193391,0.416477,-0.040238,0.187341,0.033459,0.163376,0.185563,0.036597,-0.045713,0.179513,0.350551,0.217340,0.056638,0.297619,-0.082532,0.015807,0.064648,0.214224,0.016032,0.019827,-0.087362,0.038653
0.239185,0.061111,0.187060,0.427526,0.168354,0.195299,0.430683,-0.040711,0.188487,0.047688,0.162934,0.185632,0.050844,-0.046131,0.178821,0.383021,0.217614,0.058633,0.298933,-0.082557,0.015890,0.065886,0.214216,0.015958,0.043854,-0.087343,0.044606
0.253510,0.061089,0.187678,0.441819,0.168315,0.196803,0.444998,-0.040741,0.189727,0.062021,0.162918,0.185629,0.065200,-0.046138,0.178553,0.417826,0.218106,0.058700,0.300232,-0.082543,0.015973,0.067081,0.214224,0.015828,0.073034,-0.087008,0.045839
0.268127,0.061790,0.187914,0.456458,0.168958,0.197298,0.459564,-0.040117,0.190758,0.076691,0.163698,0.185069,0.079797,-0.045377,0.178530,0.450544,0.218875,0.052527,0.301549,-0.082477,0.016039,0.068331,0.214346,0.015776,0.108625,-0.086147,0.041732
0.283226,0.063446,0.187399,0.471593,0.170622,0.195898,0.474631,-0.038498,0.190984,0.091821,0.165390,0.183813,0.094859,-0.043730,0.178899,0.476639,0.219907,0.036571,0.302910,-0.082346,0.015920,0.069653,0.214482,0.015844,0.148391,-0.085108,0.037953
0.298889,0.065712,0.185892,0.487264,0.173070,0.191411,0.490381,-0.036090,0.188800,0.107398,0.167514,0.182984,0.110515,-0.041646,0.180372,0.482354,0.220647,0.015907,0.304342,-0.082161,0.015752,0.070992,0.214516,0.015932,0.187534,-0.084148,0.035499
0.314175,0.066780,0.184762,0.502698,0.173958,0.188385,0.505578,-0.035214,0.186514,0.122771,0.168774,0.183011,0.125651,-0.040397,0.181139,0.483462,0.220691,0.015991,0.312791,-0.081798,0.015843,0.072422,0.215032,0.015928,0.216514,-0.083220,0.026595
0.328716,0.066696,0.183789,0.517277,0.173806,0.187473,0.520088,-0.035363,0.185193,0.137344,0.168755,0.182384,0.140156,-0.040414,0.180104,0.484675,0.220695,0.015870,0.335653,-0.081454,0.016053,0.078562,0.215237,0.015860,0.225140,-0.082937,0.015807
0.342842,0.067245,0.183446,0.531400,0.174364,0.187006,0.534214,-0.034809,0.185129,0.151470,0.169300,0.181763,0.154284,-0.039873,0.179885,0.485916,0.220743,0.015933,0.362356,-0.081098,0.020316,0.097535,0.215512,0.016720,0.226465,-0.082883,0.015609
0.356812,0.068703,0.184037,0.545315,0.175925,0.187311,0.548221,-0.033254,0.186918,0.165402,0.170659,0.181155,0.168308,-0.038520,0.180763,0.487190,0.220894,0.015791,0.397861,-0.080492,0.024471,0.123721,0.215832,0.022554,0.227814,-0.082838,0.015750
0.370808,0.070610,0.184943,0.559297,0.177870,0.187830,0.562210,-0.031304,0.189399,0.179405,0.172524,0.180488,0.182319,-0.036650,0.182057,0.488481,0.221049,0.015806,0.434935,-0.079729,0.029886,0.151128,0.216458,0.030170,0.229061,-0.082701,0.015928
0.384903,0.072495,0.185938,0.573377,0.179793,0.188301,0.576301,-0.029358,0.191764,0.193505,0.174347,0.180111,0.196429,-0.034804,0.183574,0.489745,0.221230,0.015874,0.468231,-0.078883,0.037506,0.177137,0.217218,0.037560,0.230256,-0.082567,0.015945
0.399040,0.074059,0.187166,0.587515,0.181367,0.189028,0.590426,-0.027753,0.194022,0.207654,0.175870,0.180310,0.210566,-0.033250,0.185304,0.490982,0.221357,0.015924,0.498641,-0.078058,0.044953,0.202375,0.217991,0.043232,0.231350,-0.082473,0.015899
0.413258,0.075134,0.188863,0.601743,0.182426,0.190595,0.604617,-0.026670,0.196533,0.221898,0.176938,0.181193,0.224773,-0.032158,0.187132,0.492238,0.221435,0.015986,0.530539,-0.077322,0.050018,0.229035,0.218675,0.046202,0.232463,-0.082387,0.015954
0.427631,0.075691,0.190991,0.616088,0.183026,0.193091,0.618989,-0.026060,0.199359,0.236274,0.177443,0.182623,0.239174,-0.031643,0.188892,0.493534,0.221487,0.015872,0.565749,-0.076701,0.051691,0.259501,0.219148,0.046142,0.233537,-0.082382,0.015923
0.442280,0.075661,0.193158,0.630711,0.183022,0.196037,0.633626,-0.026073,0.201988,0.250934,0.177395,0.184328,0.253848,-0.031700,0.190279,0.494852,0.221471,0.015811,0.601987,-0.076308,0.050190,0.296223,0.219493,0.043593,0.234565,-0.082407,0.015838
0.457375,0.074944,0.194897,0.645759,0.182358,0.198719,0.648741,-0.026764,0.203591,0.266008,0.176651,0.186203,0.268990,-0.032471,0.191075,0.496230,0.221434,0.015935,0.635077,-0.076161,0.043274,0.339560,0.219786,0.041069,0.235593,-0.082498,0.015763
0.472881,0.073769,0.194919,0.661266,0.181189,0.198561,0.664305,-0.027962,0.201914,0.281458,0.175499,0.187925,0.284497,-0.033652,0.191278,0.497635,0.221344,0.015953,0.655680,-0.076387,0.024852,0.384104,0.220090,0.040615,0.236635,-0.082620,0.015870
0.488453,0.073151,0.193200,0.676733,0.180780,0.195961,0.680036,-0.028377,0.198617,0.296870,0.174678,0.187782,0.300173,-0.034479,0.190438,0.515841,0.221414,0.015954,0.657112,-0.076516,0.016052,0.415132,0.220071,0.035494,0.238431,-0.083129,0.015882
0.503521,0.073845,0.190426,0.691554,0.181921,0.192458,0.695346,-0.027214,0.196026,0.311696,0.174904,0.184826,0.315488,-0.034231,0.188394,0.545742,0.221826,0.021517,0.658288,-0.076421,0.015987,0.429584,0.219624,0.015885,0.244485,-0.083927,0.015770
0.518097,0.074493,0.187566,0.706155,0.182531,0.189313,0.709901,-0.026598,0.193287,0.326292,0.175585,0.181846,0.330038,-0.033544,0.185820,0.575416,0.222592,0.028165,0.659496,-0.076338,0.015876,0.431020,0.219772,0.015876,0.258578,-0.083521,0.015777
0.532242,0.073875,0.186606,0.720354,0.181814,0.188639,0.724005,-0.027333,0.191620,0.340479,0.175083,0.181592,0.344130,-0.034064,0.184572,0.609645,0.223126,0.033053,0.660708,-0.076404,0.015818,0.432383,0.219789,0.015948,0.280196,-0.083033,0.016739
0.546391,0.072701,0.186458,0.734566,0.180501,0.189634,0.738082,-0.028665,0.190972,0.354699,0.174066,0.181945,0.358215,-0.035100,0.183283,0.638463,0.223384,0.039729,0.661930,-0.076523,0.015864,0.433756,0.219789,0.015811,0.305830,-0.082478,0.020733
0.560593,0.071404,0.186643,0.748776,0.179142,0.191175,0.752258,-0.030028,0.190795,0.368928,0.172835,0.182490,0.372409,-0.036335,0.182110,0.662567,0.223428,0.046003,0.663179,-0.076650,0.015901,0.435089,0.219696,0.015653,0.330793,-0.082202,0.026663
0.574757,0.070312,0.186974,0.762936,0.178000,0.192733,0.766404,-0.031163,0.190869,0.383109,0.171788,0.183078,0.386578,-0.037375,0.181214,0.685127,0.223428,0.051385,0.664416,-0.076753,0.015891,0.436391,0.219620,0.015841,0.353552,-0.082066,0.033726
0.588837,0.069550,0.187646,0.777015,0.177177,0.194471,0.780460,-0.031973,0.191485,0.397213,0.171073,0.183807,0.400659,-0.038078,0.180821,0.711172,0.223546,0.054903,0.665645,-0.076819,0.015886,0.437625,0.219595,0.016002,0.375265,-0.081961,0.041044
0.602943,0.069077,0.188568,0.791121,0.176639,0.196366,0.794535,-0.032500,0.192596,0.411352,0.170653,0.184539,0.414766,-0.038486,0.180769,0.742876,0.223828,0.056947,0.666899,-0.076859,0.015805,0.438821,0.219603,0.016005,0.398914,-0.081800,0.047231
0.617115,0.068939,0.189304,0.805282,0.176469,0.197781,0.808687,-0.032662,0.193606,0.425543,0.170540,0.185002,0.428948,-0.038590,0.180827,0.777975,0.224282,0.057868,0.668160,-0.076868,0.015922,0.440028,0.219617,0.015892,0.426930,-0.081462,0.049247
0.631531,0.069374,0.189491,0.819702,0.176880,0.198168,0.823077,-0.032256,0.194235,0.439985,0.171004,0.184747,0.443359,-0.038131,0.180814,0.811935,0.224926,0.054197,0.669481,-0.076847,0.016023,0.441306,0.219665,0.015875,0.461053,-0.080767,0.045597
0.646351,0.070709,0.188817,0.834554,0.178211,0.196821,0.837871,-0.030945,0.194075,0.454831,0.172363,0.183559,0.458147,-0.036792,0.180814,0.840191,0.225791,0.042039,0.670793,-0.076716,0.015949,0.442597,0.219831,0.015803,0.500461,-0.079743,0.040772
0.661842,0.072807,0.187108,0.850116,0.180334,0.192774,0.853373,-0.028840,0.192119,0.470312,0.174455,0.182097,0.473568,-0.034719,0.181441,0.855402,0.226427,0.015632,0.672164,-0.076564,0.015780,0.443908,0.220020,0.015851,0.541627,-0.078664,0.037600
0.677258,0.074318,0.185519,0.865573,0.181863,0.189033,0.868816,-0.027311,0.189761,0.485699,0.175946,0.181278,0.488942,-0.033227,0.182006,0.856347,0.226573,0.015909,0.673995,-0.076392,0.015770,0.445069,0.220197,0.015907,0.576888,-0.077837,0.033243
0.691994,0.074127,0.184860,0.880380,0.181549,0.188386,0.883498,-0.027627,0.188524,0.500490,0.175882,0.181196,0.503608,-0.033295,0.181334,0.857555,0.226550,0.015919,0.691198,-0.076063,0.015746,0.446543,0.220424,0.015922,0.596443,-0.077475,0.015735
0.706223,0.074074,0.184300,0.894548,0.181596,0.187985,0.897782,-0.027579,0.187905,0.514664,0.175727,0.180695,0.517897,-0.033448,0.180615,0.858804,0.226564,0.015909,0.718453,-0.075741,0.017156,0.457836,0.220366,0.015882,0.597925,-0.077604,0.015782
0.720196,0.074951,0.184300,0.908529,0.182475,0.187532,0.911750,-0.026699,0.188245,0.528642,0.176601,0.180355,0.531863,-0.032573,0.181068,0.860019,0.226599,0.015927,0.745615,-0.075267,0.025553,0.480373,0.220768,0.020369,0.599181,-0.077556,0.015635
0.734135,0.076637,0.185195,0.922422,0.184247,0.188224,0.925707,-0.024914,0.190553,0.542563,0.178188,0.179838,0.545848,-0.030973,0.182167,0.861308,0.226826,0.015765,0.780527,-0.074461,0.028131,0.507033,0.221362,0.024717,0.600456,-0.077426,0.015784
0.748074,0.078545,0.186049,0.936354,0.186177,0.188721,0.939624,-0.022955,0.192937,0.556523,0.180045,0.179162,0.559794,-0.029087,0.183378,0.862568,0.227002,0.015815,0.816068,-0.073559,0.033857,0.533182,0.222168,0.031518,0.601639,-0.077274,0.015919
0.762051,0.080345,0.186967,0.950322,0.188003,0.189148,0.953588,-0.021086,0.195114,0.570514,0.181777,0.178820,0.573779,-0.027313,0.184785,0.863814,0.227181,0.015833,0.848166,-0.072592,0.041407,0.557920,0.223057,0.038711,0.602772,-0.077152,0.015906
0.776070,0.081764,0.188194,0.964359,0.189398,0.189984,0.967574,-0.019651,0.197258,0.584565,0.183179,0.179130,0.587780,-0.025869,0.186404,0.865056,0.227299,0.015981,0.878055,-0.071698,0.048184,0.582649,0.223923,0.043763,0.603863,-0.077036,0.015938
0.790203,0.082741,0.189948,0.978485,0.190388,0.191749,0.981691,-0.018632,0.199805,0.598715,0.184114,0.180091,0.601921,-0.024906,0.188147,0.866339,0.227383,0.015999,0.910869,-0.070886,0.052478,0.609588,0.224609,0.046206,0.604981,-0.076985,0.015966
0.804501,0.083214,0.192123,0.992756,0.190899,0.194412,0.995976,-0.018114,0.202662,0.613025,0.184542,0.181584,0.616246,-0.024471,0.189834,0.867625,0.227413,0.015844,0.946566,-0.070257,0.053422,0.640837,0.225092,0.045585,0.606024,-0.076984,0.015932
0.819138,0.083069,0.194298,1.007355,0.190797,0.197470,1.010605,-0.018234,0.205211,0.627670,0.184372,0.183385,0.630921,-0.024660,0.191125,0.868965,0.227406,0.015825,0.982653,-0.069857,0.051244,0.678643,0.225441,0.042676,0.607066,-0.077009,0.015826
0.834225,0.082260,0.195887,1.022419,0.189998,0.199935,1.025693,-0.019073,0.206490,0.642756,0.183594,0.185284,0.646030,-0.025478,0.191838,0.870333,0.227327,0.015945,1.014404,-0.069856,0.042917,0.722624,0.225783,0.040502,0.608066,-0.077070,0.015772
0.849682,0.081017,0.195377,1.037884,0.188759,0.198910,1.041239,-0.020358,0.203768,0.658125,0.182391,0.186986,0.661479,-0.026726,0.191844,0.871725,0.227312,0.015972,1.030836,-0.070216,0.021983,0.765485,0.226158,0.039647,0.609059,-0.077123,0.015855
0.865170,0.080544,0.192849,1.053230,0.188568,0.195110,1.056944,-0.020555,0.199402,0.673395,0.181642,0.186295,0.677109,-0.027481,0.190587,0.892280,0.227525,0.017224,1.032165,-0.070225,0.016022,0.793807,0.226103,0.033110,0.611110,-0.077707,0.015843
0.880241,0.081482,0.189456,1.068052,0.189950,0.191142,1.072247,-0.019137,0.196589,0.688236,0.182101,0.182324,0.692430,-0.026986,0.187771,0.923603,0.228153,0.023269,1.033320,-0.070097,0.015986,0.806759,0.225616,0.015832,0.618447,-0.078427,0.015730
0.894825,0.081848,0.186780,1.082669,0.190255,0.188706,1.086786,-0.018831,0.194259,0.702864,0.182527,0.179302,0.706981,-0.026559,0.184854,0.958136,0.229003,0.027745,1.034518,-0.070073,0.015849,0.808112,0.225734,0.015867,0.635610,-0.077929,0.015762
0.909100,0.080978,0.185785,1.096977,0.189315,0.188312,1.101032,-0.019802,0.192581,0.717167,0.181759,0.178989,0.721222,-0.027358,0.183258,0.992026,0.229588,0.033536,1.035773,-0.070146,0.015766,0.809498,0.225689,0.015969,0.660317,-0.077392,0.017481
0.923344,0.079544,0.185609,1.111257,0.187783,0.189359,1.115232,-0.021366,0.191712,0.731456,0.180454,0.179506,0.735430,-0.028695,0.181859,1.019281,0.229818,0.040248,1.036992,-0.070293,0.015865,0.810863,0.225583,0.015821,0.687289,-0.076872,0.021771
0.937614,0.078163,0.185806,1.125570,0.186272,0.190922,1.129442,-0.022892,0.191397,0.745787,0.179218,0.180215,0.749658,-0.029946,0.180690,1.042058,0.229856,0.046193,1.038218,-0.070436,0.015878,0.812231,0.225533,0.015645,0.711903,-0.076450,0.027439
0.951832,0.077080,0.186263,1.139775,0.185147,0.192590,1.143649,-0.024014,0.191501,0.760015,0.178174,0.181025,0.763889,-0.030988,0.179936,1.064669,0.229952,0.050871,1.039440,-0.070488,0.015921,0.813548,0.225484,0.015843,0.733625,-0.076248,0.034325
0.965935,0.076332,0.187113,1.153884,0.184322,0.194489,1.157718,-0.024831,0.192263,0.774152,0.177495,0.181964,0.777985,-0.031658,0.179737,1.091640,0.230139,0.053758,1.040686,-0.070559,0.015864,0.814829,0.225468,0.015991,0.754517,-0.076077,0.041591
0.980026,0.075859,0.188131,1.168003,0.183738,0.196383,1.171752,-0.025407,0.193388,0.788301,0.177125,0.182873,0.792050,-0.032020,0.179878,1.124168,0.230432,0.055470,1.041945,-0.070654,0.015843,0.816020,0.225474,0.015996,0.777877,-0.075841,0.047553
0.994186,0.075775,0.188892,1.182158,0.183621,0.197685,1.185893,-0.025519,0.194308,0.802480,0.177069,0.183475,0.806215,-0.032070,0.180098,1.159644,0.230968,0.056099,1.043211,-0.070650,0.015938,0.817211,0.225502,0.015878,0.806346,-0.075412,0.048899
1.008606,0.076309,0.189037,1.196593,0.184125,0.197864,1.200284,-0.025020,0.194789,0.816928,0.177638,0.183285,0.820619,-0.031507,0.180210,1.193104,0.231676,0.051616,1.044504,-0.070603,0.016016,0.818465,0.225589,0.015877,0.841395,-0.074610,0.044721
1.023521,0.077766,0.188263,1.211548,0.185585,0.196152,1.215180,-0.023576,0.194404,0.831862,0.179109,0.182122,0.835495,-0.030052,0.180374,1.219790,0.232507,0.038211,1.045835,-0.070484,0.015926,0.819822,0.225748,0.015814,0.881375,-0.073544,0.040390
1.039116,0.079971,0.186377,1.227166,0.187922,0.191372,1.230862,-0.021244,0.191840,0.847369,0.181187,0.180914,0.851066,-0.027980,0.181381,1.229003,0.233020,0.015825,1.047223,-0.070341,0.015751,0.821234,0.225813,0.015807,0.922555,-0.072495,0.037459
1.054527,0.081078,0.184637,1.242665,0.188961,0.187191,1.246277,-0.020204,0.188566,0.862778,0.182359,0.180708,0.866389,-0.026805,0.182084,1.230031,0.233074,0.015932,1.055362,-0.070094,0.015807,0.822489,0.226037,0.015866,0.955071,-0.071728,0.030625
1.069405,0.080711,0.183597,1.257560,0.188564,0.186135,1.261150,-0.020605,0.186779,0.877660,0.182027,0.180415,0.881249,-0.027141,0.181059,1.231243,0.233045,0.015902,1.073147,-0.069814,0.015662,0.824640,0.226068,0.015869,0.969121,-0.071598,0.015900
1.083725,0.080673,0.183169,1.271867,0.188545,0.185928,1.275482,-0.020624,0.186230,0.891968,0.181970,0.180108,0.895583,-0.027198,0.180409,1.232461,0.233076,0.015989,1.099143,-0.069372,0.017218,0.837346,0.226246,0.015887,0.970400,-0.071599,0.015678
1.097832,0.081512,0.183503,1.285960,0.189413,0.186036,1.289597,-0.019753,0.187027,0.906066,0.182778,0.179978,0.909703,-0.026388,0.180969,1.233744,0.233156,0.015864,1.126436,-0.068817,0.024743,0.860139,0.226689,0.022117,0.971717,-0.071550,0.015722
1.111923,0.083145,0.184766,1.300037,0.191078,0.187006,1.303685,-0.018075,0.189582,0.920162,0.184365,0.179950,0.923810,-0.024787,0.182526,1.235048,0.233296,0.015787,1.162055,-0.067994,0.028128,0.886691,0.227389,0.029544,0.972974,-0.071442,0.015906
1.126015,0.084877,0.186082,1.314131,0.192812,0.187940,1.317756,-0.016314,0.192160,0.934274,0.186068,0.180005,0.937898,-0.023058,0.184224,1.236343,0.233457,0.015828,1.197919,-0.067035,0.034657,0.912916,0.228280,0.037084,0.974143,-0.071291,0.015945
1.140167,0.086388,0.187414,1.328279,0.194337,0.188844,1.331900,-0.014756,0.194470,0.948435,0.187531,0.180358,0.952055,-0.021562,0.185984,1.237598,0.233584,0.015827,1.230773,-0.066068,0.042583,0.938343,0.229149,0.043585,0.975263,-0.071210,0.015889
1.154434,0.087456,0.188986,1.342549,0.195401,0.190224,1.346151,-0.013665,0.196761,0.962718,0.188577,0.181210,0.966319,-0.020490,0.187748,1.238863,0.233646,0.015988,1.262571,-0.065205,0.048989,0.964561,0.229898,0.047228,0.976363,-0.071168,0.015955
1.168808,0.088135,0.190976,1.356911,0.196098,0.192506,1.360512,-0.012957,0.199417,0.977104,0.189226,0.182536,0.980705,-0.019829,0.189447,1.240158,0.233732,0.015969,1.297870,-0.064390,0.052029,0.993734,0.230549,0.048069,0.977448,-0.071103,0.015933
1.183388,0.088226,0.193130,1.371452,0.196244,0.195417,1.375093,-0.012819,0.202075,0.991682,0.189271,0.184185,0.995323,-0.019791,0.190842,1.241473,0.233740,0.015801,1.334895,-0.063789,0.051643,1.028273,0.230983,0.045840,0.978477,-0.071136,0.015872
1.198334,0.087654,0.194996,1.386363,0.195705,0.198317,1.390039,-0.013385,0.204022,1.006629,0.188693,0.185969,1.010304,-0.020397,0.191675,1.242849,0.233678,0.015890,1.370388,-0.063488,0.047048,1.069954,0.231365,0.042507,0.979513,-0.071213,0.015752
1.213699,0.086525,0.195692,1.401718,0.194581,0.199446,1.405437,-0.014545,0.203623,1.021962,0.187594,0.187761,1.025681,-0.021531,0.191938,1.244225,0.233582,0.015954,1.397206,-0.063561,0.033184,1.115340,0.231795,0.041265,0.980491,-0.071318,0.015843
1.229378,0.085182,0.193841,1.417413,0.193254,0.195955,1.421220,-0.015898,0.198366,1.037535,0.186262,0.189315,1.041343,-0.022890,0.191727,1.250986,0.233610,0.015964,1.399375,-0.063858,0.016028,1.151593,0.232054,0.037937,0.981608,-0.071464,0.015943
1.244537,0.085037,0.190974,1.432152,0.193857,0.191511,1.436809,-0.015274,0.194175,1.052265,0.185349,0.187772,1.056923,-0.023782,0.190436,1.275664,0.233652,0.019966,1.400555,-0.063816,0.015988,1.168116,0.231287,0.022354,0.988165,-0.073003,0.015815
1.259132,0.085487,0.188227,1.446574,0.194605,0.187926,1.451574,-0.014514,0.190899,1.066691,0.185489,0.185555,1.071691,-0.023630,0.188528,1.305167,0.234411,0.027500,1.401744,-0.063661,0.015876,1.169797,0.231009,0.015866,1.001124,-0.073241,0.015786
1.273376,0.085175,0.187207,1.460845,0.194246,0.187186,1.465794,-0.014883,0.189470,1.080959,0.185232,0.184944,1.085908,-0.023897,0.187227,1.337279,0.235074,0.030196,1.402988,-0.063730,0.015811,1.171101,0.230985,0.015939,1.020132,-0.072790,0.015843
1.287613,0.084351,0.186975,1.475129,0.193337,0.188029,1.479982,-0.015805,0.189006,1.095244,0.184506,0.184943,1.100097,-0.024635,0.185920,1.368538,0.235616,0.036056,1.404266,-0.063834,0.015862,1.172473,0.230971,0.015795,1.043834,-0.072176,0.020594
1.301903,0.083260,0.187111,1.489439,0.192189,0.189495,1.494244,-0.016955,0.188889,1.109562,0.183474,0.185333,1.114366,-0.025670,0.184728,1.396201,0.235934,0.042941,1.405554,-0.063954,0.015903,1.173768,0.230903,0.015653,1.069031,-0.071720,0.028039
1.316147,0.082336,0.187358,1.503691,0.191218,0.190951,1.508469,-0.017917,0.188941,1.123825,0.182590,0.185775,1.128602,-0.026545,0.183766,1.421056,0.236154,0.049466,1.406765,-0.064042,0.015884,1.175049,0.230857,0.015867,1.093058,-0.071403,0.036153
1.330338,0.081726,0.187862,1.517876,0.190579,0.192506,1.522651,-0.018545,0.189456,1.138024,0.181997,0.186268,1.142799,-0.027126,0.183217,1.448173,0.236474,0.053994,1.408006,-0.064097,0.015889,1.176269,0.230820,0.015998,1.116128,-0.071174,0.044163
1.344551,0.081429,0.188581,1.532090,0.190233,0.194209,1.536842,-0.018880,0.190490,1.152260,0.181737,0.186671,1.157012,-0.027376,0.182952,1.480645,0.236981,0.056554,1.409264,-0.064141,0.015805,1.177468,0.230813,0.015997,1.140832,-0.070855,0.050363
1.358902,0.081436,0.189106,1.546429,0.190222,0.195464,1.551182,-0.018884,0.191398,1.166622,0.181756,0.186815,1.171375,-0.027350,0.182748,1.516193,0.237691,0.057381,1.410556,-0.064139,0.015923,1.178693,0.230825,0.015881,1.169580,-0.070319,0.052018
1.373466,0.082069,0.189090,1.561019,0.190798,0.195685,1.565706,-0.018316,0.191925,1.181227,0.182455,0.186256,1.185914,-0.026659,0.182495,1.550405,0.238591,0.053236,1.411856,-0.064070,0.016022,1.179939,0.230959,0.015853,1.204124,-0.069296,0.047727
1.388420,0.083549,0.188255,1.575972,0.192316,0.194216,1.580658,-0.016818,0.191764,1.196182,0.183917,0.184746,1.200869,-0.025217,0.182294,1.578926,0.239652,0.040200,1.413182,-0.063973,0.015945,1.181244,0.231027,0.015805,1.243913,-0.068075,0.042264
1.404015,0.085930,0.186368,1.591581,0.194778,0.189879,1.596292,-0.014369,0.189645,1.211737,0.186229,0.183092,1.216449,-0.022918,0.182858,1.593066,0.240468,0.015497,1.414628,-0.063728,0.015770,1.182574,0.231221,0.015836,1.285315,-0.066667,0.038691
1.419449,0.087364,0.184431,1.607115,0.196090,0.185514,1.611680,-0.013058,0.186382,1.227218,0.187787,0.182481,1.231782,-0.021362,0.183348,1.594027,0.240562,0.015938,1.417807,-0.063458,0.015822,1.183892,0.231612,0.015891,1.319786,-0.065527,0.032780
1.434273,0.087044,0.183239,1.622049,0.195577,0.184536,1.626405,-0.013578,0.184493,1.242140,0.187665,0.181984,1.246496,-0.021489,0.181941,1.595265,0.240513,0.015999,1.434092,-0.063008,0.015710,1.186121,0.231992,0.015855,1.337843,-0.065013,0.015915
1.448524,0.086929,0.182546,1.636236,0.195565,0.184520,1.640710,-0.013587,0.184112,1.256339,0.187446,0.180980,1.260813,-0.021706,0.180572,1.596534,0.240505,0.015899,1.462194,-0.062539,0.016491,1.199450,0.232012,0.015887,1.339245,-0.065167,0.015735
1.462593,0.087906,0.182766,1.650309,0.196534,0.184721,1.654767,-0.012618,0.185050,1.270419,0.188430,0.180482,1.274877,-0.020722,0.180810,1.597813,0.240611,0.015864,1.490652,-0.061830,0.023404,1.222952,0.232629,0.021560,1.340546,-0.065042,0.015690
1.476616,0.089645,0.183930,1.664302,0.198327,0.185748,1.668799,-0.010815,0.187739,1.284433,0.190106,0.180122,1.288930,-0.019036,0.182113,1.599132,0.240770,0.015796,1.527047,-0.060859,0.026722,1.250078,0.233384,0.028241,1.341841,-0.064945,0.015815
1.490677,0.091537,0.185186,1.678344,0.200257,0.186729,1.682857,-0.008860,0.190492,1.298497,0.191935,0.179880,1.303010,-0.017182,0.183642,1.600447,0.240969,0.015836,1.562978,-0.059745,0.033256,1.276460,0.234331,0.035583,1.343052,-0.064804,0.015938
1.504807,0.093216,0.186487,1.692477,0.201934,0.187654,1.696968,-0.007151,0.192926,1.312645,0.193583,0.180049,1.317136,-0.015502,0.185320,1.601731,0.241128,0.015836,1.595117,-0.058634,0.041426,1.301624,0.235342,0.042064,1.344176,-0.064667,0.015916
1.519012,0.094505,0.188060,1.706685,0.203223,0.189014,1.711159,-0.005834,0.195344,1.326866,0.194844,0.180776,1.331340,-0.014212,0.187106,1.602998,0.241246,0.015987,1.625546,-0.057605,0.048118,1.327232,0.236254,0.046038,1.345265,-0.064578,0.015946
1.533325,0.095367,0.190088,1.720981,0.204110,0.191271,1.725463,-0.004929,0.198126,1.341187,0.195664,0.182049,1.345669,-0.013375,0.188904,1.604274,0.241344,0.015967,1.659511,-0.056636,0.051531,1.355467,0.237038,0.047364,1.346383,-0.064517,0.015949
1.547882,0.095665,0.192325,1.735502,0.204461,0.194200,1.740021,-0.004581,0.200955,1.355743,0.195911,0.183695,1.360263,-0.013131,0.190450,1.605604,0.241372,0.015803,1.695970,-0.055847,0.051520,1.388769,0.237650,0.045698,1.347479,-0.064532,0.015888
1.562744,0.095322,0.194334,1.750312,0.204184,0.197228,1.754896,-0.004881,0.203186,1.370593,0.195524,0.185482,1.375176,-0.013541,0.191441,1.606990,0.241353,0.015883,1.731806,-0.055293,0.047873,1.429074,0.238209,0.042442,1.348505,-0.064611,0.015785
