0.003918,-0.006199,0.358089,0.195725,0.094878,0.363959,0.192021,-0.113596,0.346945,-0.184186,0.101198,0.369234,-0.187890,-0.107276,0.352220,0.225798,0.151615,0.221056,0.181833,-0.143918,0.161858,-0.200258,0.159745,0.214190,-0.185835,-0.138385,0.174117
0.004753,-0.008423,0.356090,0.197553,0.090751,0.361900,0.191769,-0.117599,0.343979,-0.182263,0.100754,0.368201,-0.188047,-0.107597,0.350280,0.212143,0.149910,0.199974,0.166732,-0.146867,0.161768,-0.211458,0.157110,0.252985,-0.176429,-0.137658,0.165468
0.005417,-0.010498,0.350193,0.199207,0.086785,0.354918,0.191300,-0.121567,0.337844,-0.180466,0.100571,0.362543,-0.188374,-0.107781,0.345468,0.182868,0.148105,0.171097,0.161537,-0.151557,0.160721,-0.207706,0.154267,0.276790,-0.172561,-0.138451,0.155529
0.005997,-0.012562,0.340635,0.200637,0.083073,0.343879,0.190862,-0.125316,0.328286,-0.178868,0.100193,0.352985,-0.188643,-0.108196,0.337392,0.149285,0.145983,0.145091,0.159082,-0.156400,0.153856,-0.200649,0.152092,0.282820,-0.177096,-0.140116,0.146974
0.006332,-0.014626,0.327531,0.201584,0.079799,0.328957,0.190413,-0.128636,0.315005,-0.177749,0.099385,0.340058,-0.188919,-0.109050,0.326106,0.124022,0.143474,0.121275,0.157329,-0.160849,0.141255,-0.193398,0.150336,0.272897,-0.184003,-0.142054,0.133752
0.006458,-0.016750,0.311009,0.202095,0.076883,0.310515,0.189985,-0.131584,0.297883,-0.177069,0.098083,0.324135,-0.189178,-0.110384,0.311502,0.112781,0.140697,0.095717,0.154688,-0.164452,0.121454,-0.185923,0.148783,0.248625,-0.192229,-0.143917,0.115142
0.006432,-0.018963,0.291105,0.202335,0.074083,0.288747,0.189495,-0.134368,0.276585,-0.176631,0.096442,0.305624,-0.189471,-0.112009,0.293462,0.113275,0.138129,0.066849,0.149897,-0.166840,0.093164,-0.176609,0.147546,0.211494,-0.199317,-0.145203,0.090986
0.006321,-0.021324,0.267787,0.202500,0.071072,0.263545,0.188812,-0.137286,0.250730,-0.176170,0.094638,0.284844,-0.189858,-0.113721,0.272029,0.119900,0.136157,0.035508,0.142775,-0.167976,0.056926,-0.165126,0.146980,0.163965,-0.201828,-0.145527,0.059994
0.006287,-0.023933,0.241178,0.203006,0.067246,0.235784,0.187772,-0.140807,0.220088,-0.175199,0.092940,0.262267,-0.190432,-0.115113,0.246571,0.123854,0.135330,0.015899,0.135569,-0.167242,0.015377,-0.154361,0.148560,0.110553,-0.195861,-0.143407,0.021100
0.006050,-0.025402,0.218201,0.202776,0.065852,0.214622,0.187604,-0.141967,0.196023,-0.175504,0.091163,0.240378,-0.190676,-0.116656,0.221779,0.123058,0.135205,0.015943,0.134576,-0.167714,0.015758,-0.150478,0.150099,0.072650,-0.194620,-0.143693,0.015883
0.005798,-0.025295,0.202999,0.202532,0.065944,0.199460,0.187268,-0.141750,0.179581,-0.175671,0.091159,0.226417,-0.190935,-0.116534,0.206538,0.122611,0.135155,0.016014,0.135344,-0.168025,0.015669,-0.141101,0.152817,0.033979,-0.193776,-0.143843,0.015735
0.005974,-0.024593,0.191917,0.202570,0.066847,0.186475,0.187288,-0.140809,0.166224,-0.175341,0.091622,0.217610,-0.190623,-0.116034,0.197359,0.122331,0.135165,0.016002,0.136940,-0.168219,0.015766,-0.139032,0.153949,0.020618,-0.193249,-0.143916,0.015731
0.006458,-0.023834,0.182662,0.202851,0.067860,0.174724,0.187554,-0.139783,0.154353,-0.174638,0.092114,0.210970,-0.189935,-0.115529,0.190600,0.122173,0.135167,0.015996,0.136985,-0.168244,0.015681,-0.135169,0.153711,0.020223,-0.192831,-0.143947,0.015698
0.007248,-0.023163,0.173965,0.203424,0.068777,0.163798,0.188124,-0.138853,0.143294,-0.173628,0.092528,0.204636,-0.188928,-0.115102,0.184132,0.122132,0.135151,0.016040,0.136939,-0.168272,0.015665,-0.129774,0.152952,0.023757,-0.192394,-0.144001,0.015634
0.008327,-0.022541,0.165453,0.204338,0.069567,0.153736,0.189021,-0.138043,0.133045,-0.172366,0.092961,0.197860,-0.187683,-0.114649,0.177169,0.122181,0.135148,0.016056,0.137013,-0.168303,0.015637,-0.125570,0.152385,0.026502,-0.191916,-0.144044,0.015717
0.009563,-0.021820,0.157202,0.205535,0.070318,0.145078,0.190201,-0.137289,0.124364,-0.171074,0.093649,0.190040,-0.186408,-0.113958,0.169325,0.122309,0.135137,0.016061,0.137189,-0.168321,0.015608,-0.122660,0.152257,0.025816,-0.191401,-0.144075,0.015852
0.010838,-0.020939,0.149366,0.206948,0.071042,0.138348,0.191602,-0.136589,0.117895,-0.169927,0.094711,0.180837,-0.185273,-0.112920,0.160384,0.122484,0.135127,0.016039,0.137445,-0.168304,0.015611,-0.121150,0.152682,0.020622,-0.190839,-0.144074,0.015942
0.012093,-0.019878,0.142058,0.208494,0.071768,0.133777,0.193156,-0.135924,0.113939,-0.168971,0.096167,0.170177,-0.184309,-0.111525,0.150339,0.122695,0.135134,0.016001,0.137748,-0.168229,0.015707,-0.120823,0.153110,0.016081,-0.190242,-0.144038,0.016028
0.013405,-0.019184,0.135751,0.210129,0.072036,0.131342,0.194773,-0.135677,0.111749,-0.167963,0.097309,0.159753,-0.183320,-0.110405,0.140160,0.122883,0.135141,0.016005,0.138001,-0.168198,0.015726,-0.120503,0.153130,0.016062,-0.189663,-0.144004,0.016057
0.014660,-0.018585,0.130338,0.211649,0.072169,0.130316,0.196268,-0.135567,0.110979,-0.166949,0.098397,0.149698,-0.182330,-0.109339,0.130361,0.123037,0.135142,0.015996,0.138212,-0.168175,0.015755,-0.120215,0.153148,0.016045,-0.189099,-0.143972,0.016095
0.015816,-0.018002,0.125429,0.212990,0.072211,0.130450,0.197552,-0.135555,0.111490,-0.165920,0.099552,0.139367,-0.181358,-0.108214,0.120407,0.123160,0.135096,0.015984,0.138375,-0.168187,0.015779,-0.119941,0.153153,0.016045,-0.186883,-0.144022,0.015807
0.016972,-0.017467,0.120762,0.214171,0.072168,0.131681,0.198687,-0.135626,0.113060,-0.164744,0.100691,0.128464,-0.180228,-0.107103,0.109844,0.126900,0.134572,0.018484,0.138468,-0.168179,0.015777,-0.119710,0.153171,0.016005,-0.182150,-0.144314,0.016075
0.018246,-0.016983,0.116744,0.215257,0.072081,0.133930,0.199728,-0.135744,0.115706,-0.163237,0.101778,0.117782,-0.178766,-0.106047,0.099558,0.133824,0.133673,0.022670,0.138530,-0.168160,0.015783,-0.119514,0.153189,0.015976,-0.176645,-0.144673,0.016508
0.019653,-0.016571,0.114049,0.216283,0.072007,0.137111,0.200711,-0.135862,0.119423,-0.161405,0.102720,0.108675,-0.176977,-0.105149,0.090988,0.139637,0.133071,0.024504,0.138572,-0.168131,0.015801,-0.119296,0.153195,0.015967,-0.173215,-0.144961,0.017996
0.021328,-0.016376,0.112168,0.217338,0.071722,0.141488,0.201740,-0.136170,0.124099,-0.159084,0.103417,0.100236,-0.174683,-0.104475,0.082848,0.148191,0.132214,0.027106,0.138613,-0.168111,0.015809,-0.119050,0.153199,0.015950,-0.168557,-0.145292,0.018546
0.023228,-0.016285,0.111082,0.218392,0.071354,0.146737,0.202764,-0.136556,0.129595,-0.156309,0.103986,0.092569,-0.171937,-0.103924,0.075428,0.156917,0.131404,0.029123,0.138661,-0.168088,0.015812,-0.118760,0.153214,0.015931,-0.164240,-0.145582,0.018991
0.025257,-0.016281,0.110734,0.219392,0.070962,0.152468,0.203748,-0.136967,0.135572,-0.153234,0.104405,0.085897,-0.168877,-0.103524,0.069001,0.164572,0.130821,0.029316,0.138719,-0.168072,0.015821,-0.118411,0.153202,0.015892,-0.160407,-0.145800,0.018685
0.027336,-0.016354,0.110999,0.220355,0.070543,0.158263,0.204692,-0.137400,0.141559,-0.150019,0.104693,0.080439,-0.165683,-0.103250,0.063734,0.170620,0.130531,0.027348,0.138784,-0.168060,0.015832,-0.118024,0.153196,0.015849,-0.156766,-0.145910,0.017222
0.029400,-0.016460,0.111770,0.221355,0.070181,0.163612,0.205672,-0.137779,0.147141,-0.146872,0.104858,0.076400,-0.162555,-0.103102,0.059928,0.174378,0.130588,0.022932,0.138906,-0.168064,0.015832,-0.117554,0.153170,0.015770,-0.153918,-0.145984,0.015860
0.031254,-0.016396,0.113040,0.222428,0.070129,0.167878,0.206658,-0.137871,0.152006,-0.144150,0.105080,0.074075,-0.159920,-0.102920,0.058202,0.173246,0.131176,0.015784,0.138995,-0.168066,0.015889,-0.117126,0.153199,0.015681,-0.152780,-0.145950,0.015954
0.032814,-0.016563,0.115711,0.223193,0.069858,0.173403,0.207412,-0.138161,0.157792,-0.141783,0.105034,0.073629,-0.157565,-0.102985,0.058018,0.173417,0.131170,0.015787,0.139118,-0.168041,0.015910,-0.116679,0.153188,0.015658,-0.152138,-0.145961,0.016129
0.034012,-0.016865,0.120877,0.223495,0.069467,0.181573,0.207710,-0.138572,0.166238,-0.139686,0.104842,0.075517,-0.155472,-0.103197,0.060181,0.173647,0.131172,0.015809,0.139223,-0.167999,0.015929,-0.116230,0.153179,0.015651,-0.151535,-0.145952,0.016129
0.034748,-0.017155,0.128698,0.223226,0.069229,0.192376,0.207478,-0.138856,0.177633,-0.137981,0.104546,0.079764,-0.153730,-0.103539,0.065020,0.173916,0.131162,0.015855,0.139507,-0.167943,0.015867,-0.121388,0.152732,0.026871,-0.151077,-0.145962,0.016039
0.035236,-0.017597,0.138646,0.222694,0.068818,0.205228,0.206987,-0.139299,0.190911,-0.136514,0.104105,0.086381,-0.152221,-0.104013,0.072064,0.174300,0.131179,0.015942,0.144562,-0.168387,0.018112,-0.129392,0.151289,0.056790,-0.150788,-0.145951,0.016009
0.035660,-0.018047,0.149584,0.222183,0.068433,0.218658,0.206506,-0.139718,0.204801,-0.135187,0.103623,0.094367,-0.150864,-0.104528,0.080510,0.174791,0.131175,0.015972,0.158832,-0.169676,0.022595,-0.131781,0.148845,0.097384,-0.150677,-0.145928,0.016030
0.036331,-0.018669,0.160598,0.222228,0.067818,0.231333,0.206557,-0.140348,0.217681,-0.133895,0.103009,0.103514,-0.149566,-0.105156,0.089863,0.175332,0.131145,0.016010,0.179556,-0.171539,0.027810,-0.130490,0.148235,0.106471,-0.150732,-0.145902,0.016028
0.037201,-0.019211,0.170364,0.222656,0.067306,0.242215,0.206995,-0.140873,0.228755,-0.132593,0.102451,0.111974,-0.148254,-0.105727,0.098514,0.175884,0.131121,0.016036,0.202688,-0.173653,0.034367,-0.129191,0.147679,0.114895,-0.150847,-0.145872,0.016026
0.038288,-0.019711,0.178593,0.223642,0.066849,0.250651,0.207989,-0.141338,0.237325,-0.131413,0.101917,0.119861,-0.147066,-0.106270,0.106535,0.176400,0.131090,0.016036,0.224757,-0.175660,0.040322,-0.128012,0.147147,0.122755,-0.150985,-0.145853,0.016018
0.039650,-0.020134,0.185212,0.225312,0.066508,0.256373,0.209672,-0.141688,0.243163,-0.130372,0.101420,0.127261,-0.146013,-0.106776,0.114051,0.176823,0.131070,0.016020,0.245306,-0.177442,0.044702,-0.126974,0.146652,0.130132,-0.151184,-0.145836,0.016013
0.041389,-0.020466,0.190215,0.227774,0.066301,0.259304,0.212148,-0.141903,0.246212,-0.129369,0.100972,0.134217,-0.144995,-0.107233,0.121125,0.177179,0.131064,0.015999,0.264240,-0.178973,0.047299,-0.125974,0.146205,0.137063,-0.151382,-0.145811,0.016003
0.043571,-0.020695,0.193607,0.231068,0.066251,0.259386,0.215450,-0.141964,0.246451,-0.128307,0.100575,0.140763,-0.143925,-0.107640,0.127828,0.177404,0.131062,0.015963,0.281032,-0.180219,0.047972,-0.124915,0.145811,0.143575,-0.151587,-0.145783,0.015998
0.046211,-0.020813,0.195441,0.235133,0.066374,0.256663,0.219531,-0.141854,0.243923,-0.127108,0.100228,0.146958,-0.142711,-0.108000,0.134219,0.177529,0.131080,0.015941,0.294894,-0.181079,0.046405,-0.123720,0.145467,0.149733,-0.151778,-0.145749,0.015987
0.049324,-0.020920,0.195772,0.239875,0.066553,0.251268,0.224290,-0.141687,0.238707,-0.125642,0.099847,0.152836,-0.141227,-0.108393,0.140275,0.177596,0.131069,0.015926,0.305267,-0.181533,0.041850,-0.122259,0.145088,0.155576,-0.151920,-0.145754,0.015978
0.052841,-0.021042,0.194712,0.245081,0.066705,0.243555,0.229478,-0.141538,0.231061,-0.123796,0.099454,0.158364,-0.139399,-0.108788,0.145870,0.177589,0.131078,0.015921,0.311963,-0.181525,0.033500,-0.120408,0.144696,0.161084,-0.152047,-0.145707,0.015981
0.056698,-0.021339,0.192433,0.250510,0.066686,0.234022,0.234896,-0.141546,0.221364,-0.121500,0.098867,0.163503,-0.137114,-0.109365,0.150845,0.177584,0.131074,0.015918,0.315189,-0.181013,0.020428,-0.118109,0.144107,0.166256,-0.152088,-0.145706,0.015988
0.060585,-0.021835,0.189580,0.255658,0.066372,0.224322,0.239950,-0.141829,0.211281,-0.118780,0.098159,0.167880,-0.134488,-0.110043,0.154839,0.177568,0.130987,0.015890,0.314955,-0.180920,0.015922,-0.115339,0.143394,0.170644,-0.152052,-0.145693,0.016061
0.063801,-0.022346,0.187546,0.259559,0.066033,0.217694,0.243833,-0.142141,0.204246,-0.116231,0.097448,0.170847,-0.131958,-0.110726,0.157399,0.177643,0.130931,0.015905,0.314539,-0.180986,0.015842,-0.112799,0.142677,0.173732,-0.151957,-0.145758,0.016054
0.066521,-0.022865,0.186374,0.262639,0.065626,0.213724,0.246916,-0.142520,0.199842,-0.113875,0.096789,0.172905,-0.129598,-0.111357,0.159024,0.177805,0.130908,0.015904,0.314325,-0.181016,0.015776,-0.110459,0.142010,0.175921,-0.151836,-0.145822,0.016043
0.069000,-0.023373,0.185823,0.265313,0.065167,0.211577,0.249585,-0.142951,0.197287,-0.111584,0.096206,0.174359,-0.127313,-0.111912,0.160069,0.177977,0.130889,0.015901,0.314233,-0.181057,0.015737,-0.108167,0.141421,0.177465,-0.151706,-0.145864,0.016023
0.071381,-0.023865,0.185721,0.267798,0.064685,0.210624,0.252061,-0.143407,0.195982,-0.109300,0.095678,0.175460,-0.125037,-0.112415,0.160819,0.178180,0.130856,0.015890,0.314251,-0.181119,0.015712,-0.105884,0.140887,0.178650,-0.151557,-0.145913,0.016017
0.073738,-0.024326,0.185958,0.270211,0.064215,0.210454,0.254466,-0.143855,0.195510,-0.106990,0.095203,0.176406,-0.122735,-0.112868,0.161463,0.178395,0.130834,0.015877,0.314337,-0.181170,0.015714,-0.103574,0.140407,0.179663,-0.151401,-0.145950,0.016011
0.076096,-0.024761,0.186440,0.272590,0.063786,0.210741,0.256863,-0.144267,0.195529,-0.104672,0.094744,0.177352,-0.120399,-0.113308,0.162140,0.178646,0.130837,0.015843,0.314468,-0.181177,0.015743,-0.101258,0.139945,0.180663,-0.151237,-0.145995,0.016020
0.078499,-0.025158,0.187090,0.275022,0.063388,0.211165,0.259294,-0.144652,0.195774,-0.102297,0.094336,0.178405,-0.118024,-0.113704,0.163014,0.178884,0.130810,0.015821,0.314616,-0.181221,0.015768,-0.098884,0.139533,0.181759,-0.151091,-0.146032,0.016005
0.080917,-0.025463,0.187833,0.277479,0.063100,0.211523,0.261751,-0.144933,0.196045,-0.099916,0.094006,0.179621,-0.115644,-0.114026,0.164142,0.179109,0.130806,0.015788,0.314763,-0.181233,0.015779,-0.096503,0.139202,0.182994,-0.150974,-0.146038,0.016002
0.083363,-0.025723,0.188612,0.279971,0.062889,0.211724,0.264255,-0.145143,0.196219,-0.097530,0.093698,0.181004,-0.113246,-0.114334,0.165499,0.179371,0.130801,0.015745,0.314927,-0.181232,0.015833,-0.094118,0.138894,0.184381,-0.150875,-0.146054,0.016007
0.085823,-0.025974,0.189374,0.282498,0.062686,0.211727,0.266780,-0.145344,0.196204,-0.095134,0.093396,0.182543,-0.110851,-0.114635,0.167021,0.179588,0.130793,0.015704,0.315074,-0.181242,0.015858,-0.091721,0.138591,0.185923,-0.150787,-0.146055,0.016005
0.088280,-0.026222,0.190093,0.285040,0.062486,0.211479,0.269302,-0.145544,0.195962,-0.092743,0.093099,0.184224,-0.108481,-0.114930,0.168706,0.179784,0.130762,0.015647,0.315189,-0.181288,0.015883,-0.089324,0.138295,0.187596,-0.150730,-0.146049,0.016008
0.090736,-0.026451,0.190745,0.287580,0.062340,0.210989,0.271848,-0.145688,0.195452,-0.090375,0.092786,0.186038,-0.106107,-0.115242,0.170501,0.180010,0.130767,0.015686,0.315324,-0.181274,0.015921,-0.086958,0.137981,0.189415,-0.150671,-0.146040,0.016011
0.093147,-0.026707,0.191313,0.290077,0.062175,0.210281,0.274349,-0.145852,0.194723,-0.088054,0.092439,0.187903,-0.103783,-0.115588,0.172345,0.180205,0.130739,0.015720,0.315418,-0.181292,0.015927,-0.084637,0.137634,0.191284,-0.150642,-0.146060,0.016013
0.095516,-0.026947,0.191809,0.292529,0.062024,0.209452,0.276799,-0.146000,0.193862,-0.085766,0.092106,0.189756,-0.101496,-0.115918,0.174166,0.180400,0.130727,0.015742,0.315509,-0.181300,0.015938,-0.082349,0.137301,0.193144,-0.150612,-0.146059,0.016014
0.097847,-0.027138,0.192249,0.294930,0.061937,0.208526,0.279206,-0.146089,0.192955,-0.083512,0.091814,0.191543,-0.099236,-0.116213,0.175972,0.180588,0.130715,0.015766,0.315607,-0.181298,0.015949,-0.080096,0.137009,0.194926,-0.150588,-0.146065,0.016024
0.100121,-0.027298,0.192646,0.297265,0.061878,0.207580,0.281544,-0.146152,0.192058,-0.081303,0.091557,0.193233,-0.097024,-0.116474,0.177712,0.180778,0.130693,0.015823,0.315706,-0.181301,0.015966,-0.077887,0.136753,0.196603,-0.150570,-0.146069,0.016018
0.102333,-0.027412,0.193015,0.299528,0.061858,0.206663,0.283807,-0.146178,0.191218,-0.079141,0.091353,0.194811,-0.094861,-0.116683,0.179366,0.180944,0.130689,0.015862,0.315787,-0.181288,0.015975,-0.075725,0.136550,0.198164,-0.150568,-0.146050,0.016018
0.104496,-0.027523,0.193374,0.301729,0.061835,0.205848,0.286009,-0.146208,0.190492,-0.077017,0.091161,0.196255,-0.092737,-0.116881,0.180900,0.181122,0.130671,0.015890,0.315891,-0.181288,0.015983,-0.073600,0.136360,0.199586,-0.150544,-0.146047,0.016029
0.106609,-0.027622,0.193705,0.303870,0.061817,0.205106,0.288153,-0.146232,0.189838,-0.074934,0.090988,0.197573,-0.090651,-0.117062,0.182305,0.181292,0.130663,0.015918,0.316002,-0.181280,0.016002,-0.071519,0.136188,0.200887,-0.150522,-0.146038,0.016033
0.108688,-0.027721,0.194004,0.305970,0.061793,0.204403,0.290254,-0.146263,0.189229,-0.072878,0.090820,0.198779,-0.088594,-0.117236,0.183605,0.181447,0.130644,0.015944,0.316111,-0.181283,0.016017,-0.069462,0.136022,0.202071,-0.150504,-0.146035,0.015993
0.110744,-0.027760,0.194290,0.308042,0.061833,0.203675,0.292329,-0.146234,0.188645,-0.070840,0.090715,0.199935,-0.086553,-0.117352,0.184905,0.181595,0.130638,0.015967,0.316216,-0.181267,0.016032,-0.067423,0.135920,0.203181,-0.150494,-0.146019,0.015985
0.112766,-0.027760,0.194561,0.310076,0.061906,0.202937,0.294363,-0.146174,0.188096,-0.068830,0.090655,0.201027,-0.084543,-0.117425,0.186186,0.181747,0.130626,0.015981,0.316325,-0.181256,0.016041,-0.065416,0.135862,0.204248,-0.150492,-0.146001,0.015997
0.114769,-0.027771,0.194822,0.312084,0.061967,0.202243,0.296375,-0.146126,0.187574,-0.066837,0.090584,0.202071,-0.082546,-0.117509,0.187402,0.181915,0.130614,0.015997,0.316460,-0.181243,0.016045,-0.063422,0.135794,0.205248,-0.150459,-0.145990,0.015994
0.116730,-0.027771,0.195061,0.314042,0.062044,0.201558,0.298346,-0.146062,0.187061,-0.064886,0.090520,0.203062,-0.080583,-0.117586,0.188564,0.182078,0.130612,0.016014,0.316567,-0.181213,0.016048,-0.061473,0.135734,0.206192,-0.150462,-0.145982,0.015993
0.118660,-0.027748,0.195274,0.315973,0.062126,0.200865,0.300273,-0.145994,0.186577,-0.062953,0.090498,0.203970,-0.078653,-0.117622,0.189682,0.182207,0.130592,0.016029,0.316688,-0.181211,0.016049,-0.059539,0.135715,0.207050,-0.150450,-0.145967,0.015994
0.120552,-0.027702,0.195464,0.317861,0.062233,0.200170,0.302162,-0.145903,0.186112,-0.061058,0.090499,0.204816,-0.076757,-0.117637,0.190759,0.182346,0.130572,0.016040,0.316802,-0.181204,0.016058,-0.057644,0.135719,0.207842,-0.150448,-0.145958,0.015993
0.122402,-0.027618,0.195638,0.319703,0.062374,0.199490,0.304006,-0.145778,0.185673,-0.059202,0.090542,0.205604,-0.074899,-0.117611,0.191787,0.182495,0.130576,0.016048,0.316926,-0.181173,0.016057,-0.055787,0.135766,0.208566,-0.150429,-0.145925,0.015999
0.124210,-0.027527,0.195786,0.321501,0.062521,0.198791,0.305806,-0.145648,0.185226,-0.057386,0.090594,0.206345,-0.073080,-0.117575,0.192780,0.182643,0.130573,0.016056,0.317039,-0.181146,0.016056,-0.053970,0.135823,0.209245,-0.150429,-0.145899,0.015997
0.125965,-0.027443,0.195907,0.323245,0.062652,0.198087,0.307547,-0.145533,0.184769,-0.055617,0.090647,0.207044,-0.071315,-0.117538,0.193726,0.182764,0.130561,0.016060,0.317137,-0.181135,0.016059,-0.052201,0.135879,0.209888,-0.150439,-0.145874,0.015997
0.127697,-0.027306,0.195997,0.324957,0.062850,0.197341,0.309272,-0.145355,0.184334,-0.053878,0.090744,0.207660,-0.069563,-0.117461,0.194653,0.182890,0.130544,0.016073,0.317257,-0.181111,0.016044,-0.050467,0.135980,0.210457,-0.150423,-0.145875,0.015986
0.129372,-0.027115,0.196066,0.326615,0.063084,0.196601,0.310930,-0.145143,0.183945,-0.052187,0.090913,0.208187,-0.067872,-0.117313,0.195531,0.182994,0.130538,0.016072,0.317367,-0.181085,0.016047,-0.048776,0.136154,0.210899,-0.150431,-0.145844,0.015993
0.131016,-0.026909,0.196125,0.328243,0.063326,0.195883,0.312556,-0.144922,0.183587,-0.050525,0.091104,0.208663,-0.066212,-0.117144,0.196367,0.183124,0.130532,0.016074,0.317490,-0.181059,0.016045,-0.047113,0.136349,0.211297,-0.150428,-0.145808,0.015990
0.132626,-0.026691,0.196169,0.329834,0.063581,0.195153,0.314148,-0.144690,0.183245,-0.048897,0.091307,0.209093,-0.064583,-0.116964,0.197184,0.183255,0.130513,0.016073,0.317607,-0.181042,0.016037,-0.045486,0.136558,0.211631,-0.150429,-0.145791,0.015987
0.134163,-0.026482,0.196190,0.331352,0.063821,0.194456,0.315665,-0.144469,0.182884,-0.047339,0.091506,0.209497,-0.063026,-0.116784,0.197925,0.183358,0.130526,0.016070,0.317704,-0.181002,0.016033,-0.043928,0.136761,0.211956,-0.150439,-0.145743,0.016014
0.135654,-0.026253,0.196168,0.332828,0.064068,0.193711,0.317132,-0.144243,0.182555,-0.045823,0.091738,0.209782,-0.061519,-0.116574,0.198626,0.183488,0.130478,0.016075,0.317821,-0.181020,0.016020,-0.042401,0.137005,0.212009,-0.150432,-0.145738,0.016006
0.137089,-0.025978,0.196107,0.334242,0.064367,0.192984,0.318548,-0.143967,0.182232,-0.044370,0.092010,0.209983,-0.060064,-0.116323,0.199231,0.183606,0.130484,0.016071,0.317932,-0.180980,0.016008,-0.040889,0.137333,0.211037,-0.150420,-0.145699,0.015996
0.138470,-0.025707,0.196027,0.335603,0.064655,0.192248,0.319908,-0.143698,0.181904,-0.042968,0.092284,0.210150,-0.058663,-0.116070,0.199806,0.183723,0.130478,0.016066,0.318032,-0.180955,0.015999,-0.039382,0.137695,0.209215,-0.150421,-0.145667,0.016004
0.139824,-0.025444,0.195951,0.336935,0.064937,0.191504,0.321239,-0.143436,0.181542,-0.041591,0.092548,0.210360,-0.057287,-0.115825,0.200398,0.183813,0.130488,0.016060,0.318133,-0.180918,0.015992,-0.037842,0.138073,0.206653,-0.150419,-0.145625,0.016000
0.141182,-0.025192,0.195878,0.338268,0.065205,0.190723,0.322570,-0.143185,0.181145,-0.040207,0.092800,0.210611,-0.055904,-0.115590,0.201033,0.183941,0.130485,0.016054,0.318231,-0.180893,0.015979,-0.036227,0.138451,0.203567,-0.150423,-0.145592,0.016004
0.142536,-0.024956,0.195788,0.339592,0.065461,0.189880,0.323895,-0.142946,0.180678,-0.038823,0.093035,0.210897,-0.054520,-0.115373,0.201695,0.184036,0.130475,0.016047,0.318313,-0.180876,0.015973,-0.034517,0.138815,0.199983,-0.150453,-0.145571,0.015997
0.143909,-0.024761,0.195656,0.340937,0.065664,0.188971,0.325229,-0.142758,0.180129,-0.037410,0.093235,0.211183,-0.053118,-0.115187,0.202342,0.184176,0.130436,0.015995,0.318403,-0.180898,0.015958,-0.032654,0.139141,0.196003,-0.150455,-0.145565,0.015992
0.145294,-0.024551,0.195463,0.342282,0.065896,0.187966,0.326577,-0.142540,0.179447,-0.035988,0.093437,0.211479,-0.051694,-0.114999,0.202961,0.184278,0.130446,0.015987,0.318490,-0.180864,0.015919,-0.030613,0.139463,0.191560,-0.150467,-0.145532,0.015990
0.146702,-0.024319,0.195203,0.343645,0.066149,0.186835,0.327942,-0.142301,0.178664,-0.034538,0.093663,0.211742,-0.050242,-0.114786,0.203570,0.184373,0.130459,0.015982,0.318578,-0.180829,0.015920,-0.028341,0.139792,0.186693,-0.150465,-0.145496,0.015983
0.148129,-0.024132,0.194889,0.345022,0.066359,0.185631,0.329321,-0.142103,0.177763,-0.033064,0.093839,0.212016,-0.048765,-0.114622,0.204148,0.184457,0.130467,0.015975,0.318647,-0.180801,0.015909,-0.025808,0.140058,0.181446,-0.150483,-0.145470,0.015978
0.149612,-0.023987,0.194528,0.346451,0.066520,0.184318,0.330745,-0.141952,0.176736,-0.031520,0.093978,0.212319,-0.047226,-0.114494,0.204738,0.184579,0.130447,0.015968,0.318747,-0.180807,0.015898,-0.022945,0.140267,0.175846,-0.150474,-0.145459,0.015980
0.151134,-0.023857,0.194114,0.347905,0.066677,0.182888,0.332201,-0.141803,0.175543,-0.029932,0.094089,0.212685,-0.045636,-0.114391,0.205340,0.184698,0.130459,0.015960,0.318824,-0.180777,0.015885,-0.019756,0.140436,0.169908,-0.150479,-0.145429,0.015979
0.152683,-0.023777,0.193649,0.349379,0.066777,0.181324,0.333666,-0.141710,0.174205,-0.028300,0.094156,0.213094,-0.044012,-0.114331,0.205974,0.184789,0.130434,0.015954,0.318883,-0.180795,0.015866,-0.016175,0.140539,0.163576,-0.150501,-0.145423,0.015976
0.154270,-0.023716,0.193146,0.350875,0.066871,0.179664,0.335162,-0.141622,0.172713,-0.026622,0.094190,0.213580,-0.042334,-0.114303,0.206629,0.184922,0.130440,0.015943,0.318968,-0.180776,0.015855,-0.012105,0.140595,0.156744,-0.150505,-0.145399,0.015972
0.155907,-0.023685,0.192606,0.352405,0.066939,0.177888,0.336694,-0.141559,0.171094,-0.024881,0.094188,0.214119,-0.040592,-0.114310,0.207325,0.185044,0.130430,0.015932,0.319040,-0.180774,0.015852,-0.007505,0.140587,0.149502,-0.150523,-0.145395,0.015977
0.157593,-0.023685,0.192038,0.353968,0.066982,0.175996,0.338257,-0.141521,0.169312,-0.023072,0.094150,0.214764,-0.038783,-0.114353,0.208080,0.185170,0.130434,0.015918,0.319115,-0.180760,0.015832,-0.002280,0.140524,0.141784,-0.150540,-0.145375,0.015971
0.159328,-0.023724,0.191433,0.355556,0.066996,0.173950,0.339850,-0.141509,0.167353,-0.021193,0.094062,0.215514,-0.036899,-0.114444,0.208917,0.185315,0.130422,0.015904,0.319190,-0.180760,0.015823,0.003615,0.140386,0.133598,-0.150570,-0.145377,0.015965
0.161106,-0.023811,0.190789,0.357165,0.066968,0.171785,0.341459,-0.141538,0.165209,-0.019247,0.093915,0.216369,-0.034953,-0.114591,0.209792,0.185451,0.130421,0.015888,0.319263,-0.180755,0.015812,0.010249,0.140177,0.124989,-0.150603,-0.145367,0.015974
0.162926,-0.023926,0.190098,0.358787,0.066917,0.169429,0.343078,-0.141589,0.162863,-0.017226,0.093737,0.217332,-0.032935,-0.114769,0.210767,0.185596,0.130402,0.015872,0.319345,-0.180771,0.015798,0.017599,0.139905,0.116028,-0.150635,-0.145368,0.015966
0.164795,-0.024059,0.189358,0.360420,0.066861,0.166874,0.344711,-0.141645,0.160286,-0.015121,0.093526,0.218431,-0.030830,-0.114979,0.211843,0.185749,0.130394,0.015851,0.319420,-0.180775,0.015784,0.025533,0.139592,0.106793,-0.150686,-0.145362,0.015976
0.166698,-0.024223,0.188586,0.362046,0.066784,0.164125,0.346335,-0.141720,0.157497,-0.012938,0.093273,0.219675,-0.028649,-0.115231,0.213047,0.185902,0.130372,0.015829,0.319485,-0.180793,0.015769,0.033881,0.139235,0.097364,-0.150753,-0.145367,0.015979
0.168648,-0.024422,0.187776,0.363665,0.066693,0.161172,0.347958,-0.141809,0.154468,-0.010662,0.092966,0.221083,-0.026369,-0.115536,0.214379,0.186068,0.130348,0.015793,0.319559,-0.180812,0.015762,0.042441,0.138854,0.087755,-0.150827,-0.145383,0.015976
0.170624,-0.024658,0.186917,0.365259,0.066577,0.158029,0.349547,-0.141920,0.151178,-0.008300,0.092603,0.222656,-0.024011,-0.115894,0.215805,0.186218,0.130346,0.015782,0.319633,-0.180819,0.015751,0.050804,0.138503,0.078082,-0.150918,-0.145368,0.015985
0.172619,-0.024883,0.185994,0.366804,0.066487,0.154612,0.351093,-0.142006,0.147648,-0.005855,0.092240,0.224340,-0.021566,-0.116253,0.217376,0.186384,0.130324,0.015766,0.319710,-0.180841,0.015753,0.058593,0.138197,0.068370,-0.151012,-0.145376,0.015984
0.174664,-0.025093,0.184979,0.368337,0.066419,0.150962,0.352624,-0.142070,0.143897,-0.003297,0.091884,0.226060,-0.019010,-0.116605,0.218995,0.186568,0.130304,0.015778,0.319793,-0.180859,0.015762,0.065263,0.137979,0.059093,-0.151131,-0.145373,0.015988
0.176720,-0.025295,0.183801,0.369833,0.066366,0.147105,0.354116,-0.142120,0.139943,-0.000677,0.091530,0.227659,-0.016394,-0.116956,0.220497,0.186763,0.130283,0.015795,0.319870,-0.180878,0.015764,0.070437,0.137854,0.050692,-0.151234,-0.145371,0.015991
0.178795,-0.025448,0.182347,0.371305,0.066368,0.142964,0.355592,-0.142116,0.135738,0.001997,0.091220,0.228956,-0.013715,-0.117264,0.221729,0.186920,0.130278,0.015811,0.319961,-0.180878,0.015769,0.074097,0.137828,0.043288,-0.151330,-0.145368,0.015998
0.180840,-0.025532,0.180492,0.372743,0.066419,0.138545,0.357031,-0.142065,0.131321,0.004648,0.091002,0.229662,-0.011063,-0.117482,0.222439,0.187122,0.130265,0.015847,0.320074,-0.180884,0.015797,0.076429,0.137885,0.036679,-0.151372,-0.145361,0.015988
0.182793,-0.025570,0.178051,0.374150,0.066487,0.133904,0.358436,-0.141998,0.126719,0.007149,0.090858,0.229382,-0.008565,-0.117627,0.222198,0.187340,0.130240,0.015893,0.320207,-0.180900,0.015804,0.077704,0.138002,0.030445,-0.151318,-0.145367,0.015992
0.184483,-0.025532,0.174685,0.375438,0.066596,0.128974,0.359727,-0.141891,0.121853,0.009239,0.090828,0.227516,-0.006473,-0.117660,0.220395,0.187547,0.130224,0.015901,0.320339,-0.180907,0.015823,0.078028,0.138208,0.023787,-0.151122,-0.145383,0.015988
0.185688,-0.025372,0.169882,0.376529,0.066750,0.123681,0.360803,-0.141739,0.116644,0.010573,0.090996,0.223120,-0.005153,-0.117493,0.216083,0.187754,0.130230,0.015948,0.320466,-0.180899,0.015838,0.076880,0.138600,0.015715,-0.147732,-0.145584,0.015816
0.186253,-0.025227,0.163418,0.377277,0.066857,0.117905,0.361541,-0.141631,0.110832,0.010964,0.091178,0.216004,-0.004772,-0.117310,0.208931,0.188001,0.130206,0.015969,0.320590,-0.180923,0.015855,0.077173,0.138583,0.015630,-0.136482,-0.146422,0.015790
0.186501,-0.025192,0.155855,0.378095,0.066846,0.112705,0.362376,-0.141633,0.105353,0.010625,0.091249,0.206357,-0.005093,-0.117230,0.199005,0.194188,0.129724,0.016146,0.320763,-0.180947,0.015863,0.077479,0.138541,0.015642,-0.116785,-0.148137,0.020958
0.186878,-0.025177,0.147518,0.379464,0.066728,0.108721,0.363778,-0.141741,0.101036,0.009979,0.091387,0.193999,-0.005708,-0.117082,0.186314,0.204035,0.128809,0.019986,0.321045,-0.180995,0.015851,0.077797,0.138467,0.015669,-0.091401,-0.150379,0.027214
0.187561,-0.025314,0.138983,0.381402,0.066393,0.106482,0.365743,-0.142055,0.098192,0.009379,0.091426,0.179774,-0.006280,-0.117022,0.171485,0.217794,0.127437,0.027539,0.321387,-0.181064,0.015899,0.078073,0.138404,0.015719,-0.065582,-0.152622,0.031693
0.188675,-0.025555,0.130668,0.383872,0.065858,0.106523,0.368251,-0.142561,0.097454,0.009099,0.091452,0.163882,-0.006522,-0.116967,0.154814,0.235615,0.125684,0.035410,0.321784,-0.181145,0.015784,0.078311,0.138330,0.015753,-0.042544,-0.154672,0.034952
0.190247,-0.025887,0.122791,0.386630,0.065125,0.108952,0.371071,-0.143256,0.098954,0.009422,0.091483,0.146627,-0.006137,-0.116898,0.136629,0.255403,0.123787,0.041540,0.322153,-0.181240,0.015763,0.078447,0.138235,0.015787,-0.023971,-0.156455,0.037830
0.192356,-0.026215,0.115682,0.389469,0.064250,0.113701,0.373962,-0.144088,0.102784,0.010751,0.091659,0.128580,-0.004756,-0.116680,0.117664,0.274523,0.122020,0.045448,0.322451,-0.181331,0.015738,0.078525,0.138161,0.015815,-0.010522,-0.157807,0.039764
0.194939,-0.026474,0.109794,0.392056,0.063336,0.120744,0.376597,-0.144968,0.109120,0.013280,0.092020,0.110468,-0.002179,-0.116284,0.098845,0.291705,0.120505,0.047702,0.322649,-0.181401,0.015783,0.078523,0.138106,0.015810,-0.001519,-0.158715,0.040360
0.197754,-0.026688,0.105642,0.393976,0.062422,0.130084,0.378551,-0.145857,0.117980,0.016957,0.092482,0.093305,0.001531,-0.115797,0.081201,0.306751,0.119230,0.049262,0.322732,-0.181434,0.015769,0.078419,0.138086,0.015787,0.004548,-0.159210,0.038844
