0.014965,-0.017345,0.343768,0.205112,0.086369,0.355114,0.204754,-0.122233,0.339314,-0.174824,0.087542,0.348222,-0.175182,-0.121060,0.332423,0.172091,0.149053,0.130045,0.210505,-0.153384,0.148671,-0.127456,0.149232,0.134458,-0.163372,-0.152994,0.151992
0.020752,-0.025597,0.333149,0.210758,0.078292,0.345236,0.210703,-0.130088,0.326730,-0.169199,0.078895,0.339569,-0.169254,-0.129485,0.321063,0.239096,0.142444,0.136584,0.225503,-0.158775,0.135926,-0.134214,0.143716,0.123354,-0.136129,-0.156718,0.113829
0.026127,-0.033596,0.317018,0.216180,0.070119,0.329826,0.216032,-0.138115,0.309755,-0.163779,0.070923,0.324282,-0.163926,-0.137311,0.304210,0.275036,0.134216,0.138131,0.250488,-0.166337,0.128575,-0.110338,0.137733,0.104475,-0.120741,-0.163019,0.096884
0.032246,-0.041462,0.297280,0.222456,0.061836,0.311090,0.221963,-0.146367,0.290701,-0.157472,0.063443,0.303859,-0.157964,-0.144760,0.283470,0.290091,0.126067,0.119910,0.257480,-0.172687,0.092282,-0.076339,0.130968,0.078704,-0.093465,-0.169201,0.065161
0.039486,-0.049374,0.273191,0.229763,0.053604,0.288406,0.229095,-0.154503,0.267057,-0.150123,0.055755,0.279326,-0.150791,-0.152351,0.257977,0.300596,0.118485,0.099113,0.259545,-0.179721,0.066565,-0.054301,0.124285,0.053681,-0.075259,-0.174970,0.030731
0.047096,-0.056488,0.246178,0.238504,0.043953,0.263954,0.235525,-0.163535,0.237412,-0.141332,0.050559,0.254943,-0.144311,-0.156929,0.228401,0.309982,0.112520,0.078151,0.259812,-0.183750,0.034486,-0.045795,0.124230,0.026537,-0.070119,-0.176650,0.016012
0.055996,-0.059536,0.221680,0.248038,0.039852,0.238511,0.243866,-0.166882,0.206753,-0.131874,0.047810,0.236606,-0.136046,-0.158924,0.204848,0.308117,0.114972,0.041009,0.251798,-0.183736,0.016034,-0.053908,0.126132,0.015910,-0.068618,-0.177227,0.015748
0.067181,-0.057461,0.202701,0.259203,0.042631,0.214951,0.255024,-0.164024,0.182688,-0.120662,0.049102,0.222714,-0.124842,-0.157553,0.190450,0.293163,0.118625,0.018499,0.251402,-0.183942,0.016037,-0.052486,0.126021,0.015904,-0.067165,-0.177464,0.015813
0.080959,-0.054649,0.190084,0.272903,0.045884,0.199658,0.268781,-0.160938,0.168481,-0.106863,0.051640,0.211687,-0.110985,-0.155183,0.180510,0.293246,0.119137,0.015996,0.252030,-0.183621,0.016196,-0.050852,0.126048,0.015646,-0.065616,-0.177278,0.016115
0.096539,-0.052422,0.181773,0.288445,0.048395,0.188776,0.284266,-0.158633,0.159000,-0.091189,0.053789,0.204546,-0.095368,-0.153238,0.174771,0.293579,0.119089,0.015857,0.253269,-0.183379,0.016085,-0.049104,0.126003,0.015874,-0.063993,-0.176995,0.016218
0.112873,-0.050529,0.176766,0.304638,0.050714,0.180915,0.300566,-0.156561,0.152894,-0.074820,0.055502,0.200639,-0.078892,-0.151773,0.172618,0.294385,0.119117,0.015736,0.254847,-0.183005,0.015826,-0.047654,0.125793,0.016061,-0.062315,-0.176789,0.015937
0.129780,-0.048893,0.174900,0.321389,0.052721,0.176141,0.317414,-0.154812,0.150087,-0.057855,0.057026,0.199713,-0.061830,-0.150507,0.173658,0.295589,0.119195,0.015526,0.256588,-0.182634,0.016051,-0.046083,0.125681,0.015992,-0.060742,-0.176515,0.015719
0.147327,-0.048027,0.176789,0.338836,0.053778,0.175609,0.334849,-0.153949,0.151152,-0.040195,0.057895,0.202426,-0.044181,-0.149832,0.177969,0.297074,0.119197,0.015545,0.258421,-0.182363,0.016181,-0.044823,0.125725,0.015830,-0.059472,-0.176241,0.015993
0.165783,-0.048168,0.183541,0.357233,0.053731,0.181360,0.353298,-0.154122,0.157989,-0.021732,0.057786,0.209093,-0.025667,-0.150067,0.185722,0.298863,0.119191,0.015851,0.260206,-0.182150,0.016099,-0.043913,0.125691,0.015741,-0.058536,-0.176111,0.016048
0.185234,-0.049152,0.196229,0.376746,0.052646,0.195038,0.372879,-0.155300,0.172497,-0.002411,0.056996,0.219962,-0.006278,-0.150950,0.197420,0.300859,0.119181,0.016079,0.262067,-0.181979,0.015817,-0.043307,0.125573,0.016162,-0.058117,-0.176045,0.016006
0.205681,-0.049889,0.214807,0.397344,0.051620,0.216377,0.393566,-0.156494,0.195432,0.017795,0.056717,0.234182,0.014018,-0.151397,0.213237,0.303082,0.119200,0.015841,0.264134,-0.181764,0.015898,-0.047009,0.124713,0.024207,-0.058262,-0.175937,0.016149
0.226479,-0.050175,0.235120,0.418186,0.051186,0.239037,0.414562,-0.157106,0.219900,0.038395,0.056756,0.250340,0.034771,-0.151535,0.231203,0.305754,0.119315,0.015644,0.273125,-0.181649,0.016972,-0.051802,0.123639,0.036304,-0.059013,-0.175781,0.016014
0.245785,-0.050335,0.250897,0.437450,0.051090,0.255225,0.433957,-0.157276,0.236899,0.057613,0.056607,0.264895,0.054120,-0.151760,0.246569,0.326127,0.119178,0.021121,0.305541,-0.181665,0.019834,-0.051361,0.123182,0.047533,-0.053792,-0.176002,0.023941
0.263958,-0.050388,0.261773,0.455556,0.051193,0.265358,0.452182,-0.157241,0.247788,0.075734,0.056464,0.275757,0.072360,-0.151969,0.258187,0.363838,0.118197,0.029254,0.345076,-0.182221,0.023533,-0.044903,0.122123,0.061166,-0.040922,-0.177130,0.037257
0.281479,-0.050442,0.268481,0.472935,0.051443,0.270768,0.469793,-0.157048,0.253856,0.093165,0.056165,0.283107,0.090023,-0.152327,0.266194,0.398915,0.117309,0.034733,0.384774,-0.182835,0.025336,-0.030338,0.120911,0.070079,-0.023773,-0.178615,0.049205
0.298492,-0.050468,0.271058,0.489670,0.051962,0.271368,0.486968,-0.156575,0.254947,0.110017,0.055638,0.287169,0.107314,-0.152899,0.270748,0.432008,0.116682,0.037973,0.424235,-0.183339,0.026135,-0.007259,0.119726,0.071613,-0.003139,-0.180236,0.057064
0.315002,-0.050503,0.269466,0.505745,0.052711,0.267177,0.503690,-0.155859,0.251078,0.126314,0.054853,0.287854,0.124259,-0.153716,0.271756,0.464023,0.116317,0.039057,0.462895,-0.183718,0.026607,0.024246,0.118544,0.066335,0.021555,-0.181948,0.060006
0.330990,-0.050503,0.263643,0.521140,0.053686,0.258275,0.519908,-0.154910,0.242426,0.142071,0.053904,0.284860,0.140840,-0.154691,0.269010,0.496190,0.116142,0.038121,0.500476,-0.184027,0.027243,0.063989,0.117310,0.056337,0.051358,-0.183684,0.057636
0.346527,-0.050480,0.253447,0.535978,0.054762,0.244854,0.535656,-0.153857,0.229274,0.157398,0.052897,0.277621,0.157076,-0.155721,0.262041,0.528579,0.115973,0.035654,0.533768,-0.184298,0.026635,0.110666,0.115984,0.044118,0.088228,-0.185328,0.049622
0.361732,-0.050453,0.238665,0.550494,0.055745,0.227172,0.551007,-0.152886,0.211759,0.172458,0.051979,0.265572,0.172971,-0.156651,0.250158,0.560487,0.115740,0.032307,0.561537,-0.184550,0.023830,0.161766,0.114778,0.032068,0.134304,-0.186565,0.036894
0.376629,-0.050438,0.219151,0.564816,0.056521,0.205492,0.565971,-0.152092,0.189876,0.187286,0.051216,0.248427,0.188442,-0.157397,0.232811,0.594084,0.115349,0.030655,0.588318,-0.184874,0.020588,0.215378,0.113909,0.021866,0.189553,-0.187319,0.023745
0.391644,-0.050438,0.195120,0.579489,0.056991,0.180486,0.580976,-0.151550,0.163963,0.202311,0.050675,0.226278,0.203798,-0.157867,0.209755,0.626199,0.115144,0.026173,0.609611,-0.185009,0.013377,0.262098,0.113386,0.015617,0.243585,-0.187800,0.015690
0.405514,-0.049744,0.175986,0.592707,0.058160,0.157100,0.594207,-0.150301,0.139597,0.216821,0.050814,0.212376,0.218321,-0.157647,0.194873,0.627293,0.115874,0.015914,0.609141,-0.185369,0.015297,0.263868,0.113265,0.015841,0.246291,-0.188049,0.016131
0.420300,-0.048512,0.166256,0.607119,0.059621,0.145110,0.608707,-0.148861,0.127864,0.231893,0.051838,0.204648,0.233480,-0.156644,0.187402,0.627545,0.116070,0.015916,0.610033,-0.185219,0.016179,0.265432,0.113304,0.016018,0.247917,-0.187943,0.015774
0.437603,-0.047066,0.162191,0.624213,0.061040,0.139150,0.625799,-0.147536,0.123086,0.249407,0.053405,0.201296,0.250993,-0.155172,0.185232,0.628920,0.116154,0.015898,0.611939,-0.185011,0.016398,0.266991,0.113393,0.016028,0.249555,-0.187716,0.015751
0.455887,-0.045116,0.162111,0.642144,0.062889,0.135951,0.643767,-0.145851,0.122177,0.268006,0.055618,0.202045,0.269630,-0.153122,0.188271,0.630642,0.116268,0.015965,0.614188,-0.184640,0.016242,0.268565,0.113455,0.015912,0.250866,-0.187444,0.015908
0.474762,-0.042759,0.166529,0.660714,0.064943,0.137145,0.662360,-0.143980,0.126497,0.287164,0.058462,0.206561,0.288810,-0.150460,0.195913,0.632669,0.116416,0.015811,0.616533,-0.184227,0.016140,0.269838,0.113560,0.015768,0.251696,-0.187091,0.015958
0.494534,-0.040405,0.177104,0.680505,0.066883,0.146362,0.682228,-0.142180,0.138973,0.306839,0.061369,0.215235,0.308562,-0.147693,0.207847,0.634904,0.116594,0.015993,0.618791,-0.183837,0.016000,0.270674,0.113600,0.015754,0.251949,-0.186859,0.015953
0.515743,-0.038280,0.195024,0.702337,0.068556,0.166563,0.704112,-0.140586,0.161979,0.327375,0.064025,0.228070,0.329150,-0.145117,0.223485,0.637346,0.116772,0.015810,0.621028,-0.183555,0.016041,0.271278,0.113664,0.015808,0.251649,-0.186690,0.016032
0.537983,-0.035641,0.219072,0.725548,0.070776,0.195920,0.727351,-0.138409,0.194186,0.348614,0.067128,0.243959,0.350418,-0.142057,0.242225,0.639986,0.116983,0.015965,0.623443,-0.183280,0.015915,0.266646,0.113694,0.024481,0.250670,-0.186493,0.015835
0.559456,-0.033443,0.243579,0.747998,0.072467,0.226969,0.749454,-0.136727,0.227013,0.369458,0.069841,0.260145,0.370914,-0.139354,0.260188,0.642659,0.117141,0.015975,0.641878,-0.182971,0.019397,0.259982,0.114483,0.037666,0.252120,-0.185683,0.018778
0.578590,-0.031620,0.263631,0.767916,0.073536,0.251830,0.768597,-0.135660,0.252928,0.388584,0.072420,0.274335,0.389265,-0.136776,0.275432,0.677318,0.117492,0.023185,0.682908,-0.182571,0.027819,0.260701,0.116292,0.052886,0.266240,-0.183922,0.028874
0.596512,-0.029751,0.279032,0.786295,0.074912,0.270703,0.786449,-0.134278,0.272781,0.406574,0.074776,0.285283,0.406729,-0.134414,0.287361,0.721332,0.117950,0.032426,0.725993,-0.182113,0.037274,0.271001,0.117965,0.067544,0.284963,-0.182391,0.042219
0.614006,-0.027908,0.290073,0.803978,0.076591,0.284421,0.803940,-0.132590,0.287244,0.424072,0.076774,0.292901,0.424034,-0.132407,0.295725,0.761439,0.118770,0.041221,0.767228,-0.181289,0.046388,0.291214,0.119290,0.073398,0.304164,-0.181093,0.054674
0.631203,-0.026077,0.296858,0.821131,0.078590,0.293257,0.821254,-0.130584,0.296546,0.441151,0.078429,0.297171,0.441274,-0.130745,0.300460,0.798384,0.120180,0.048298,0.805612,-0.179851,0.054751,0.320293,0.120254,0.070790,0.324640,-0.179987,0.063995
0.648155,-0.024265,0.299396,0.837876,0.080821,0.297363,0.838433,-0.128346,0.301044,0.457877,0.079815,0.297748,0.458435,-0.129352,0.301429,0.832918,0.121969,0.053267,0.838851,-0.178034,0.060573,0.357321,0.120858,0.062145,0.348309,-0.179189,0.069227
0.664818,-0.022434,0.297607,0.854219,0.083242,0.296799,0.855401,-0.125912,0.301012,0.474235,0.081043,0.294202,0.475416,-0.128111,0.298415,0.865454,0.123917,0.056063,0.865624,-0.176119,0.062467,0.401869,0.121181,0.050265,0.377228,-0.178727,0.069971
0.681263,-0.020580,0.291345,0.870307,0.085738,0.291640,0.872162,-0.123394,0.296642,0.490364,0.082233,0.286048,0.492219,-0.126899,0.291050,0.895729,0.125807,0.056618,0.886310,-0.174378,0.060646,0.452832,0.121420,0.037490,0.413050,-0.178448,0.066040
0.697628,-0.018757,0.280445,0.886361,0.088101,0.282070,0.888754,-0.120999,0.288093,0.506502,0.083485,0.272798,0.508895,-0.125614,0.278821,0.923237,0.127454,0.055004,0.902753,-0.172986,0.056377,0.507703,0.121856,0.025814,0.456119,-0.178049,0.058096
0.714088,-0.016956,0.264774,0.902608,0.090229,0.268364,0.905263,-0.118833,0.275471,0.522914,0.084920,0.254076,0.525569,-0.124142,0.261183,0.948360,0.128928,0.051781,0.917718,-0.171785,0.051009,0.562917,0.122842,0.016775,0.505181,-0.177123,0.048151
0.730892,-0.015396,0.244672,0.919205,0.092049,0.250593,0.922026,-0.116986,0.258396,0.539758,0.086194,0.230948,0.542580,-0.122842,0.238751,0.972620,0.130675,0.047500,0.934495,-0.170244,0.045675,0.590987,0.124342,0.015844,0.556999,-0.175584,0.039133
0.747849,-0.014378,0.220307,0.935578,0.094010,0.227456,0.939387,-0.115004,0.235425,0.556310,0.086249,0.205189,0.560119,-0.122765,0.213157,0.992849,0.133510,0.042959,0.957265,-0.167387,0.046084,0.600480,0.125323,0.015779,0.608463,-0.174184,0.034521
0.764835,-0.014233,0.194373,0.951099,0.096788,0.199007,0.958033,-0.112206,0.205200,0.571638,0.083740,0.183546,0.578572,-0.125253,0.189739,1.001840,0.138982,0.030819,0.979910,-0.162071,0.033215,0.602488,0.125291,0.015916,0.653337,-0.173067,0.027767
0.781765,-0.013451,0.176023,0.967935,0.097811,0.174401,0.975334,-0.111140,0.181430,0.588196,0.084238,0.170616,0.595595,-0.124712,0.177646,1.002229,0.139197,0.015888,0.980931,-0.162011,0.015994,0.604515,0.125123,0.016115,0.652056,-0.173648,0.016210
0.799286,-0.011822,0.167157,0.985455,0.099173,0.159246,0.992824,-0.109718,0.167908,0.605748,0.086074,0.166406,0.613117,-0.122816,0.175069,1.002630,0.139353,0.015937,0.981804,-0.161914,0.016217,0.606328,0.125367,0.015803,0.653725,-0.173501,0.015912
0.818047,-0.009693,0.165141,1.003994,0.100880,0.149704,1.011360,-0.107918,0.160363,0.624733,0.088532,0.169920,0.632100,-0.120267,0.180579,1.003872,0.139582,0.015873,0.983272,-0.161812,0.016085,0.607893,0.125605,0.015754,0.655189,-0.173390,0.016021
0.837563,-0.006424,0.168673,1.023210,0.103557,0.146754,1.030551,-0.105063,0.160482,0.644575,0.092215,0.176865,0.651915,-0.116405,0.190593,1.005688,0.139903,0.015851,0.985117,-0.161730,0.016234,0.609070,0.125938,0.015711,0.656404,-0.173303,0.016134
0.858173,-0.002087,0.179240,1.043663,0.107286,0.153310,1.050962,-0.101073,0.170565,0.665384,0.096900,0.187914,0.672684,-0.111460,0.205170,1.007894,0.140307,0.016140,0.987311,-0.161738,0.015988,0.609686,0.126306,0.015527,0.657057,-0.173293,0.016162
0.880287,0.002922,0.198009,1.066031,0.111805,0.171838,1.073048,-0.096312,0.191911,0.687527,0.102156,0.204107,0.694543,-0.105961,0.224180,1.010457,0.140600,0.016133,0.989712,-0.161765,0.016101,0.609701,0.127037,0.015604,0.657060,-0.172963,0.016279
0.903358,0.008232,0.222874,1.089405,0.117057,0.198686,1.096274,-0.090865,0.220734,0.710443,0.107329,0.225014,0.717312,-0.100593,0.247061,1.013184,0.140874,0.015786,0.999611,-0.161106,0.019679,0.610648,0.127815,0.018041,0.656226,-0.172832,0.016084
0.926170,0.012329,0.248646,1.112661,0.121346,0.229207,1.119193,-0.086533,0.251749,0.733148,0.111192,0.245543,0.739680,-0.096688,0.268085,1.015920,0.140939,0.016126,1.030108,-0.159229,0.028971,0.608402,0.129374,0.027572,0.655213,-0.171973,0.020084
0.946999,0.015568,0.270470,1.133861,0.124667,0.255605,1.139922,-0.083270,0.277744,0.754075,0.114406,0.263196,0.760136,-0.093531,0.285334,1.046034,0.142961,0.021991,1.075780,-0.155826,0.043299,0.616022,0.132326,0.039818,0.661709,-0.168868,0.034157
0.966518,0.018742,0.287676,1.153533,0.127944,0.275775,1.159356,-0.080012,0.297796,0.773681,0.117495,0.277555,0.779504,-0.090461,0.299576,1.090540,0.146095,0.032069,1.123078,-0.152338,0.056149,0.632021,0.135520,0.053455,0.674019,-0.165381,0.051735
0.985607,0.021858,0.300539,1.172634,0.131246,0.290727,1.178420,-0.076727,0.312599,0.792794,0.120443,0.288478,0.798580,-0.087530,0.310350,1.133176,0.149745,0.042350,1.168450,-0.148446,0.067998,0.655163,0.138445,0.061342,0.688166,-0.161810,0.067971
1.004509,0.024910,0.309145,1.191395,0.134662,0.300820,1.197417,-0.073340,0.322353,0.811601,0.123160,0.295938,0.817623,-0.084842,0.317471,1.172696,0.153983,0.051133,1.209380,-0.143935,0.078651,0.684969,0.141061,0.062713,0.704642,-0.158359,0.080478
1.023277,0.027946,0.313538,1.209903,0.138214,0.306247,1.216389,-0.069813,0.327397,0.830165,0.125706,0.299679,0.836652,-0.082321,0.320829,1.209333,0.158636,0.057732,1.243293,-0.139231,0.085918,0.720812,0.143512,0.058799,0.725183,-0.155163,0.088122
1.041931,0.030968,0.313694,1.228212,0.141861,0.307100,1.235323,-0.066171,0.328003,0.848539,0.128106,0.299385,0.855651,-0.079925,0.320288,1.243273,0.163447,0.061934,1.269471,-0.134787,0.088368,0.762373,0.145937,0.051290,0.751113,-0.152285,0.090588
1.060429,0.033951,0.309529,1.246322,0.145519,0.303428,1.254134,-0.062489,0.324317,0.866723,0.130391,0.294740,0.874535,-0.077617,0.315629,1.274461,0.168192,0.063495,1.288790,-0.130811,0.086194,0.809407,0.148540,0.041724,0.783341,-0.149597,0.088141
1.078850,0.036903,0.300911,1.264391,0.149083,0.295317,1.272825,-0.058879,0.316412,0.884874,0.132686,0.285409,0.893309,-0.075277,0.306505,1.302506,0.172710,0.062270,1.303246,-0.127262,0.080838,0.860893,0.151659,0.031309,0.822384,-0.146708,0.081396
1.097225,0.039795,0.287674,1.282516,0.152424,0.282881,1.291352,-0.055484,0.304344,0.903098,0.135074,0.271003,0.911934,-0.072835,0.292466,1.327480,0.176923,0.058680,1.315228,-0.124017,0.073648,0.915060,0.155586,0.021773,0.868000,-0.143229,0.071652
1.115669,0.042583,0.269677,1.300838,0.155464,0.266261,1.309778,-0.052391,0.288193,0.921560,0.137558,0.251161,0.930501,-0.070297,0.273093,1.350475,0.180910,0.053663,1.327668,-0.120821,0.065910,0.966653,0.160411,0.015850,0.918791,-0.138968,0.060597
1.134377,0.045174,0.247075,1.319455,0.158241,0.245417,1.328365,-0.049545,0.268001,0.940388,0.139892,0.226149,0.949298,-0.067894,0.248734,1.372946,0.184795,0.047611,1.344079,-0.117269,0.059717,0.999185,0.165323,0.015927,0.972080,-0.134247,0.050281
1.153259,0.047245,0.220080,1.337914,0.161012,0.219188,1.347431,-0.046591,0.243174,0.959087,0.141081,0.196985,0.968604,-0.066522,0.220972,1.394414,0.189120,0.043650,1.368192,-0.112689,0.059250,1.014329,0.168512,0.016093,1.024970,-0.130129,0.044486
1.172775,0.048225,0.192963,1.355787,0.164540,0.188624,1.368564,-0.042759,0.213698,0.976987,0.139210,0.172228,0.989764,-0.068089,0.197302,1.398261,0.192607,0.019820,1.380351,-0.110615,0.025891,1.016315,0.168552,0.015567,1.073144,-0.128746,0.032533
1.192238,0.048512,0.172124,1.375174,0.164629,0.162507,1.388391,-0.042424,0.189322,0.996085,0.139447,0.154925,1.009302,-0.067606,0.181741,1.398161,0.193040,0.015974,1.381160,-0.111228,0.016197,1.018703,0.168806,0.015891,1.093165,-0.129632,0.016046
1.211369,0.049709,0.161612,1.394394,0.164995,0.145731,1.407587,-0.041818,0.174354,1.015150,0.141236,0.148869,1.028343,-0.065576,0.177493,1.398999,0.193272,0.015741,1.382129,-0.111287,0.016327,1.020934,0.169158,0.015763,1.094983,-0.129689,0.015719
1.230915,0.051983,0.159785,1.413777,0.166069,0.135555,1.427003,-0.040506,0.165829,1.034827,0.144472,0.153740,1.048053,-0.062103,0.184014,1.400626,0.193644,0.015388,1.383650,-0.111221,0.016314,1.022769,0.169467,0.015487,1.096525,-0.129710,0.015590
1.251003,0.055790,0.165419,1.433542,0.168582,0.133814,1.446734,-0.037643,0.166398,1.055273,0.149223,0.164441,1.068465,-0.057002,0.197025,1.402750,0.194080,0.015852,1.385375,-0.111435,0.016010,1.023996,0.169763,0.015299,1.097702,-0.129830,0.016060
1.272308,0.060795,0.179028,1.454671,0.172791,0.143786,1.467805,-0.033129,0.178274,1.076812,0.154718,0.179781,1.089946,-0.051201,0.214269,1.405017,0.194395,0.015995,1.387476,-0.111580,0.016150,1.024501,0.170010,0.015309,1.098326,-0.130023,0.016144
1.294876,0.067226,0.200495,1.477458,0.179015,0.165733,1.490381,-0.026677,0.201627,1.099372,0.161130,0.199362,1.112294,-0.044562,0.235257,1.407527,0.194730,0.016070,1.389894,-0.111587,0.016121,1.025480,0.170639,0.015561,1.098348,-0.129920,0.016030
1.318233,0.073868,0.226256,1.501057,0.185912,0.193654,1.513875,-0.019675,0.230182,1.122592,0.167411,0.222331,1.135410,-0.038177,0.258859,1.409984,0.194943,0.016143,1.409703,-0.108973,0.024443,1.026143,0.171445,0.018586,1.097601,-0.129947,0.015920
1.341251,0.079159,0.251749,1.524613,0.191946,0.225320,1.536991,-0.013783,0.261197,1.145512,0.172100,0.242302,1.157889,-0.033629,0.278179,1.412585,0.194936,0.016093,1.449672,-0.104099,0.038439,1.031169,0.173295,0.023577,1.094893,-0.128243,0.022383
1.362289,0.083649,0.272957,1.546057,0.196927,0.252009,1.557899,-0.008971,0.287087,1.166680,0.176269,0.258828,1.178522,-0.029629,0.293905,1.451283,0.198696,0.023329,1.502456,-0.097875,0.055019,1.043102,0.177188,0.034883,1.098747,-0.123793,0.039174
1.382103,0.088051,0.289722,1.566068,0.201680,0.272803,1.577541,-0.004306,0.307485,1.186665,0.180407,0.271959,1.198138,-0.025579,0.306641,1.502139,0.203916,0.033077,1.554768,-0.091903,0.068907,1.061782,0.181780,0.047266,1.110106,-0.118818,0.056139
1.401505,0.092384,0.302064,1.585520,0.206347,0.288202,1.596802,0.000294,0.322546,1.206208,0.184475,0.281582,1.217489,-0.021578,0.315925,1.549562,0.209782,0.043773,1.603455,-0.085563,0.082097,1.087702,0.186109,0.053459,1.124712,-0.113713,0.070469
1.420753,0.096642,0.310059,1.604656,0.211051,0.298603,1.616011,0.004937,0.332553,1.225496,0.188346,0.287565,1.236851,-0.017768,0.321515,1.592058,0.216091,0.053351,1.644898,-0.079026,0.093203,1.120728,0.190121,0.053318,1.143162,-0.108792,0.080298
1.439938,0.100826,0.313747,1.623590,0.215819,0.304277,1.635253,0.009669,0.337898,1.244622,0.191984,0.289595,1.256286,-0.014167,0.323216,1.630353,0.222619,0.060822,1.677184,-0.072907,0.099836,1.160452,0.194012,0.048429,1.166820,-0.104161,0.085249
1.459000,0.104961,0.313094,1.642287,0.220663,0.305346,1.654445,0.014517,0.338826,1.263554,0.195406,0.287362,1.275712,-0.010740,0.320842,1.665538,0.229280,0.065966,1.700974,-0.067421,0.101405,1.206809,0.198082,0.040453,1.196343,-0.099706,0.085870
1.477997,0.109028,0.308005,1.660877,0.225471,0.301925,1.673567,0.019371,0.335485,1.282427,0.198685,0.280525,1.295117,-0.007415,0.314086,1.697711,0.235871,0.068554,1.718384,-0.062485,0.099167,1.258831,0.202726,0.030953,1.232070,-0.095077,0.082894
1.496975,0.113045,0.298345,1.679489,0.230143,0.294157,1.692560,0.024109,0.327976,1.301390,0.201980,0.268715,1.314460,-0.004054,0.302534,1.726745,0.242259,0.068557,1.731738,-0.057878,0.094495,1.314538,0.208454,0.021925,1.274153,-0.089730,0.077301
1.516075,0.116920,0.283988,1.698310,0.234514,0.282212,1.711471,0.028552,0.316428,1.320679,0.205289,0.251547,1.333840,-0.000673,0.285763,1.752944,0.248308,0.066341,1.743555,-0.053445,0.088395,1.369069,0.215433,0.016108,1.321844,-0.083441,0.070043
1.535522,0.120544,0.265043,1.717515,0.238524,0.265845,1.730585,0.032652,0.300635,1.340460,0.208437,0.229451,1.353530,0.002565,0.264241,1.775229,0.253888,0.061774,1.756182,-0.048730,0.082732,1.404864,0.222653,0.016072,1.374400,-0.076446,0.062144
1.555294,0.123768,0.241758,1.736808,0.242445,0.244819,1.750096,0.036806,0.280885,1.360492,0.210729,0.202631,1.373780,0.005091,0.238697,1.795792,0.259320,0.055672,1.773393,-0.043470,0.078219,1.427172,0.228510,0.015809,1.426007,-0.069689,0.056712
1.575359,0.125370,0.215986,1.755179,0.246638,0.216287,1.771617,0.041721,0.255062,1.379102,0.209019,0.176911,1.395540,0.004102,0.215686,1.809721,0.266251,0.051602,1.796190,-0.036266,0.077716,1.429367,0.228862,0.015254,1.471076,-0.065565,0.060702
1.595356,0.126915,0.192180,1.772828,0.251346,0.184307,1.794495,0.047095,0.224017,1.396217,0.206735,0.160342,1.417884,0.002484,0.200052,1.805201,0.268478,0.015325,1.805249,-0.035534,0.032581,1.431286,0.228950,0.016035,1.514446,-0.065217,0.038579
1.615952,0.126736,0.174099,1.793958,0.249653,0.158414,1.815508,0.045666,0.199515,1.416395,0.207806,0.148682,1.437945,0.003818,0.189783,1.805138,0.268669,0.015593,1.806017,-0.038874,0.016251,1.433810,0.229482,0.015796,1.527104,-0.068352,0.016186
1.636490,0.127586,0.166382,1.814732,0.249053,0.143652,1.836220,0.045101,0.184964,1.436760,0.210071,0.147800,1.458247,0.006120,0.189112,1.806571,0.268838,0.015421,1.806916,-0.038790,0.016203,1.436121,0.229822,0.015486,1.528866,-0.068182,0.015718
1.657101,0.130955,0.168359,1.835277,0.250671,0.137339,1.856730,0.046920,0.179647,1.457471,0.214990,0.157072,1.478924,0.011239,0.199380,1.808498,0.269244,0.015626,1.808612,-0.038777,0.016072,1.437809,0.230138,0.015258,1.530231,-0.068198,0.015538
1.678192,0.136189,0.179176,1.856183,0.254674,0.142824,1.877587,0.051136,0.186168,1.478797,0.221241,0.172184,1.500201,0.017703,0.215529,1.810675,0.269584,0.015948,1.810585,-0.038863,0.015996,1.438646,0.230322,0.015294,1.531077,-0.068315,0.015721
1.700203,0.143253,0.198096,1.878174,0.261386,0.160519,1.899533,0.058014,0.204657,1.500873,0.228493,0.191535,1.522232,0.025120,0.235673,1.813062,0.269926,0.015956,1.812947,-0.038768,0.016040,1.438943,0.230552,0.015577,1.531255,-0.068420,0.015726
1.723137,0.150906,0.221959,1.901178,0.269112,0.184947,1.922477,0.065737,0.229105,1.523797,0.236074,0.214814,1.545096,0.032699,0.258971,1.815423,0.270205,0.016023,1.829267,-0.035442,0.023388,1.438954,0.231086,0.017441,1.530756,-0.068403,0.015563
1.746273,0.157444,0.246605,1.924638,0.276630,0.214641,1.945740,0.072999,0.257695,1.546806,0.241889,0.235514,1.567908,0.038258,0.278569,1.817927,0.270283,0.016087,1.863351,-0.028828,0.037317,1.440554,0.232440,0.022061,1.526818,-0.067337,0.020124
1.767807,0.162956,0.267565,1.946425,0.283210,0.241570,1.967281,0.079177,0.282803,1.568333,0.246736,0.252327,1.589189,0.042702,0.293559,1.849325,0.275053,0.019721,1.910625,-0.019519,0.053678,1.449897,0.236719,0.032069,1.524727,-0.062723,0.035081
1.787918,0.168301,0.283908,1.966626,0.289246,0.262073,1.987325,0.085009,0.302366,1.588511,0.251592,0.265449,1.609210,0.047355,0.305743,1.896759,0.282615,0.028378,1.960303,-0.010776,0.066709,1.466504,0.242207,0.044582,1.531915,-0.057142,0.051749
1.807438,0.173546,0.295838,1.986192,0.294927,0.277002,2.006735,0.090549,0.316652,1.608140,0.256542,0.275023,1.628684,0.052164,0.314674,1.940842,0.290481,0.037781,2.008286,-0.001995,0.078629,1.490230,0.247922,0.051882,1.545099,-0.051118,0.065415
1.826733,0.178696,0.303425,2.005416,0.300509,0.286846,2.025985,0.096008,0.325843,1.627481,0.261383,0.281007,1.648049,0.056882,0.320004,1.980219,0.298528,0.045929,2.050235,0.006790,0.089009,1.520850,0.253668,0.052971,1.563256,-0.044978,0.074387
1.845913,0.183754,0.306717,2.024390,0.306102,0.291948,2.045211,0.101507,0.330319,1.646615,0.266000,0.283116,1.667436,0.061406,0.321487,2.015963,0.306710,0.051971,2.083371,0.014815,0.095167,1.558100,0.259560,0.049012,1.586767,-0.038808,0.078713
1.864933,0.188732,0.305683,2.043068,0.311754,0.292464,2.064363,0.107115,0.330334,1.665503,0.270349,0.281032,1.686798,0.065710,0.318902,2.049305,0.315073,0.055816,2.107930,0.021827,0.096033,1.602172,0.265873,0.041385,1.615741,-0.032485,0.079314
1.883820,0.193645,0.300225,2.061518,0.317447,0.288495,2.083422,0.112811,0.326027,1.684217,0.274480,0.274423,1.706121,0.069844,0.311955,2.080694,0.323569,0.057342,2.125998,0.028115,0.092724,1.652765,0.273021,0.031486,1.650134,-0.025692,0.077073
1.902645,0.198425,0.290202,2.079898,0.323008,0.280129,2.102376,0.118407,0.317512,1.702914,0.278444,0.262891,1.725392,0.073842,0.300274,2.110073,0.331977,0.056728,2.140000,0.033922,0.086837,1.708165,0.281401,0.021574,1.690122,-0.018133,0.072436
1.921566,0.203083,0.275486,2.098434,0.328359,0.267433,2.121289,0.123833,0.305003,1.721843,0.282333,0.245970,1.744698,0.077807,0.283539,2.137569,0.340101,0.054469,2.152458,0.039435,0.079669,1.759346,0.290953,0.017002,1.735351,-0.009706,0.065893
1.941021,0.207344,0.256432,2.117623,0.333049,0.249288,2.140774,0.128595,0.287063,1.741267,0.286094,0.225802,1.764419,0.081639,0.263576,2.157190,0.347569,0.051919,2.164945,0.045583,0.074652,1.781548,0.298448,0.016273,1.790972,-0.000009,0.057090
1.960331,0.211201,0.233013,2.136061,0.338142,0.226237,2.160515,0.133960,0.264662,1.760147,0.288441,0.201365,1.784601,0.084259,0.239790,2.175361,0.355008,0.043402,2.181491,0.053083,0.068997,1.803165,0.305129,0.015219,1.843936,0.009455,0.051984
1.979321,0.213982,0.206880,2.152477,0.344081,0.195382,2.181487,0.140813,0.235451,1.777154,0.287150,0.178310,1.806164,0.083883,0.218379,2.193820,0.366185,0.040291,2.205052,0.064126,0.066655,1.806249,0.306058,0.015870,1.888017,0.015809,0.051082
1.998219,0.216518,0.183734,2.170496,0.346687,0.163296,2.201467,0.144426,0.206837,1.794970,0.288611,0.160631,1.825941,0.086350,0.204172,2.193499,0.365387,0.015433,2.206841,0.057155,0.015991,1.808436,0.306521,0.015879,1.923021,0.014835,0.021286
2.017471,0.216404,0.167837,2.189971,0.345186,0.141378,2.220807,0.143025,0.185475,1.814135,0.289783,0.150199,1.844972,0.087621,0.194296,2.194080,0.365449,0.015776,2.206912,0.056981,0.016344,1.810997,0.306947,0.015465,1.925157,0.013903,0.015879
2.036560,0.219139,0.163880,2.208990,0.346513,0.130940,2.239862,0.144526,0.175808,1.833258,0.293752,0.151951,1.864130,0.091766,0.196820,2.195747,0.365867,0.015268,2.208159,0.057163,0.016246,1.812864,0.307324,0.015170,1.926646,0.014000,0.015634
2.056530,0.224670,0.171470,2.228712,0.350406,0.131654,2.259571,0.148655,0.177579,1.853489,0.300686,0.165360,1.884348,0.098935,0.211285,2.197916,0.366418,0.015653,2.210103,0.057182,0.016007,1.813819,0.307572,0.015231,1.927574,0.013860,0.015537
2.077915,0.232292,0.189120,2.249948,0.357238,0.146290,2.280761,0.155599,0.192732,1.875070,0.308986,0.185508,1.905882,0.107346,0.231950,2.200211,0.366785,0.016009,2.212375,0.057303,0.016060,1.813796,0.307613,0.015471,1.927911,0.013744,0.015670
2.100483,0.241364,0.213411,2.272541,0.366367,0.170851,2.303341,0.164715,0.217246,1.897625,0.318012,0.209576,1.928425,0.116360,0.255972,2.202656,0.367182,0.015852,2.220027,0.059251,0.019109,1.813799,0.307905,0.016359,1.927482,0.013738,0.015499
2.123775,0.249977,0.239893,2.296106,0.375938,0.201458,2.326821,0.174049,0.246870,1.920730,0.325905,0.232917,1.951445,0.124017,0.278329,2.205250,0.367517,0.016100,2.245269,0.065883,0.030527,1.813804,0.309001,0.020709,1.921657,0.014206,0.019665
2.146183,0.257030,0.263804,2.319265,0.383959,0.232613,2.349133,0.181530,0.276142,1.943233,0.332531,0.251466,1.973101,0.130102,0.294995,2.216130,0.369607,0.018206,2.286573,0.076245,0.047883,1.820648,0.313571,0.028977,1.909466,0.018059,0.036045
2.166622,0.263584,0.283089,2.340066,0.391218,0.257246,2.369417,0.188398,0.299287,1.963827,0.338770,0.266891,1.993178,0.135950,0.308932,2.258772,0.378589,0.026910,2.336598,0.087988,0.063951,1.835315,0.320527,0.042439,1.907525,0.024665,0.058017
2.186050,0.270012,0.298091,2.359810,0.397937,0.276095,2.388601,0.194825,0.317097,1.983500,0.345199,0.279085,2.012290,0.142087,0.320087,2.305786,0.388757,0.036661,2.386906,0.099411,0.077530,1.856241,0.328431,0.053484,1.915681,0.032396,0.076441
2.205170,0.276306,0.308739,2.379179,0.404349,0.289583,2.407482,0.200982,0.329650,2.002858,0.351630,0.287828,2.031161,0.148263,0.327895,2.348893,0.398963,0.046332,2.432386,0.110547,0.090342,1.883013,0.336577,0.058772,1.930458,0.040415,0.088932
