0.007309,0.005383,0.326791,0.200613,0.103214,0.316612,0.193800,-0.104926,0.336505,-0.179182,0.115691,0.317076,-0.185995,-0.092449,0.336969,0.174067,0.131153,0.121874,0.205977,-0.165285,0.187107,-0.185630,0.143993,0.133024,-0.172829,-0.154715,0.167957
0.012146,0.007233,0.309759,0.207611,0.100451,0.297725,0.196067,-0.107361,0.318837,-0.171775,0.121826,0.300681,-0.183319,-0.085985,0.321793,0.171071,0.128475,0.103238,0.230897,-0.169751,0.174130,-0.188171,0.149123,0.110044,-0.126483,-0.153278,0.140860
0.018028,0.009220,0.289453,0.214712,0.099524,0.275241,0.200362,-0.107888,0.298464,-0.164306,0.126328,0.280442,-0.178655,-0.081083,0.303665,0.165511,0.125882,0.070829,0.241385,-0.172749,0.153945,-0.187426,0.152131,0.087188,-0.106292,-0.153712,0.109146
0.024170,0.011318,0.265695,0.221182,0.100556,0.249449,0.206023,-0.106490,0.275274,-0.157683,0.129126,0.256115,-0.172843,-0.077919,0.281940,0.171021,0.123719,0.037534,0.237732,-0.176139,0.103667,-0.168813,0.149433,0.044213,-0.117154,-0.152896,0.081701
0.030434,0.012909,0.238572,0.226900,0.102456,0.217995,0.212759,-0.104273,0.246764,-0.151891,0.130091,0.230380,-0.166033,-0.076638,0.259149,0.183525,0.123278,0.015792,0.215871,-0.179482,0.038356,-0.153905,0.146416,0.016198,-0.129518,-0.153191,0.057506
0.036049,0.010674,0.213476,0.232035,0.099100,0.184990,0.217969,-0.107406,0.215353,-0.145871,0.128753,0.211599,-0.159937,-0.077753,0.241962,0.182872,0.123632,0.015915,0.208012,-0.182085,0.015982,-0.152470,0.146485,0.015994,-0.135771,-0.155934,0.034578
0.039589,0.006256,0.194342,0.235159,0.094183,0.161751,0.221013,-0.112539,0.190568,-0.141835,0.125051,0.198117,-0.155981,-0.081671,0.226933,0.182824,0.123430,0.015913,0.206915,-0.181930,0.015813,-0.151334,0.146299,0.015925,-0.139442,-0.157969,0.017667
0.042168,0.001369,0.181219,0.237509,0.089439,0.147654,0.223251,-0.117724,0.173047,-0.138916,0.120463,0.189392,-0.153174,-0.086700,0.214785,0.183163,0.122940,0.016001,0.206141,-0.181727,0.015718,-0.150611,0.145917,0.016041,-0.138729,-0.158005,0.015606
0.045334,-0.002701,0.174460,0.240607,0.085786,0.141604,0.226268,-0.121785,0.163363,-0.135600,0.116383,0.185557,-0.149940,-0.091187,0.207316,0.183811,0.122345,0.015956,0.205874,-0.181662,0.015698,-0.150324,0.145427,0.015936,-0.137954,-0.157895,0.015823
0.049110,-0.006191,0.172345,0.244464,0.082932,0.141763,0.230132,-0.124996,0.159787,-0.131911,0.112614,0.184902,-0.146243,-0.095315,0.202927,0.184377,0.121886,0.015839,0.205928,-0.181536,0.015816,-0.150098,0.144943,0.015870,-0.137261,-0.157875,0.015890
0.053047,-0.008968,0.172985,0.248442,0.080893,0.144935,0.234335,-0.127300,0.159813,-0.128241,0.109363,0.186158,-0.142348,-0.098830,0.201036,0.184768,0.121649,0.015802,0.206503,-0.181368,0.015898,-0.150953,0.144396,0.015778,-0.136835,-0.158101,0.015938
0.057030,-0.011162,0.174753,0.252479,0.079294,0.149090,0.238582,-0.129076,0.161475,-0.124522,0.106752,0.188031,-0.138419,-0.101618,0.200415,0.185137,0.121489,0.015708,0.213271,-0.181640,0.016425,-0.154192,0.144243,0.017778,-0.136487,-0.158343,0.015937
0.061241,-0.013077,0.176584,0.256736,0.077769,0.152709,0.242945,-0.130722,0.163004,-0.120463,0.104568,0.190163,-0.134254,-0.103923,0.200458,0.185537,0.121318,0.015690,0.225570,-0.182215,0.020476,-0.157341,0.144522,0.026312,-0.136149,-0.158512,0.015946
0.065804,-0.014992,0.178622,0.261303,0.076181,0.156069,0.247606,-0.132405,0.164368,-0.115999,0.102421,0.192875,-0.129696,-0.106165,0.201174,0.186027,0.121126,0.015761,0.236358,-0.182791,0.025101,-0.156963,0.144490,0.036896,-0.135802,-0.158717,0.015931
0.070778,-0.017139,0.181029,0.266264,0.074339,0.159626,0.252636,-0.134329,0.165685,-0.111080,0.100050,0.196373,-0.124708,-0.108618,0.202432,0.186527,0.120937,0.015816,0.243412,-0.183296,0.027777,-0.152356,0.143942,0.045893,-0.135458,-0.158897,0.015909
0.076096,-0.019657,0.183626,0.271535,0.072143,0.163199,0.257979,-0.136588,0.166687,-0.105787,0.097274,0.200564,-0.119344,-0.111457,0.204052,0.187018,0.120722,0.015863,0.245808,-0.183701,0.025951,-0.143718,0.142782,0.050546,-0.135131,-0.159129,0.015881
0.081558,-0.022453,0.185785,0.276912,0.069637,0.165854,0.263380,-0.139123,0.166544,-0.100263,0.094217,0.205027,-0.113796,-0.114544,0.205717,0.187503,0.120484,0.015880,0.243078,-0.183847,0.016866,-0.130454,0.141205,0.049381,-0.134823,-0.159354,0.015843
0.086563,-0.024876,0.186998,0.281769,0.067601,0.167410,0.268415,-0.141166,0.165843,-0.095289,0.091415,0.208152,-0.108643,-0.117352,0.206586,0.188637,0.120241,0.015730,0.243591,-0.183997,0.015811,-0.111180,0.139221,0.042149,-0.134861,-0.159788,0.015815
0.090965,-0.026413,0.187233,0.285881,0.066974,0.169129,0.273465,-0.141846,0.166982,-0.091535,0.089020,0.207485,-0.103951,-0.119800,0.205338,0.214571,0.118315,0.016531,0.244102,-0.184079,0.015848,-0.089387,0.136234,0.031510,-0.137490,-0.161390,0.015783
0.094948,-0.027241,0.185338,0.289618,0.067189,0.170246,0.278401,-0.141703,0.168468,-0.088505,0.087221,0.202208,-0.099722,-0.121670,0.200430,0.251860,0.115996,0.021969,0.244663,-0.184109,0.015859,-0.071594,0.133413,0.016315,-0.139242,-0.163517,0.018600
0.098778,-0.027874,0.182176,0.293687,0.066544,0.170483,0.282469,-0.142342,0.168192,-0.084914,0.086594,0.196160,-0.096131,-0.122292,0.193869,0.278691,0.114416,0.029337,0.245047,-0.184180,0.015840,-0.071045,0.133345,0.015810,-0.137422,-0.163752,0.026028
0.102783,-0.028637,0.179759,0.297820,0.065782,0.170445,0.286602,-0.143095,0.167474,-0.081036,0.085822,0.192045,-0.092254,-0.123056,0.189074,0.294575,0.113427,0.033307,0.245423,-0.184248,0.015898,-0.070516,0.133283,0.015803,-0.133353,-0.164135,0.031986
0.107056,-0.029373,0.178842,0.302169,0.065027,0.171054,0.290927,-0.143840,0.167445,-0.076816,0.085093,0.190238,-0.088057,-0.123773,0.186629,0.304976,0.112749,0.034983,0.245871,-0.184317,0.015794,-0.070077,0.133266,0.015824,-0.129078,-0.164502,0.036968
0.111450,-0.029896,0.179373,0.306592,0.064514,0.172462,0.295365,-0.144348,0.168540,-0.072464,0.084556,0.190207,-0.083691,-0.124305,0.186284,0.312457,0.112291,0.035695,0.246324,-0.184368,0.015888,-0.069733,0.133208,0.015809,-0.124710,-0.164905,0.041527
0.115929,-0.030045,0.180920,0.311098,0.064338,0.174434,0.299857,-0.144525,0.170646,-0.068000,0.084436,0.191195,-0.079241,-0.124427,0.187407,0.318087,0.111993,0.036145,0.246796,-0.184386,0.015863,-0.069423,0.133217,0.015805,-0.119661,-0.165201,0.045447
0.120468,-0.029743,0.182984,0.315663,0.064589,0.176530,0.304398,-0.144284,0.173430,-0.063462,0.084798,0.192539,-0.074726,-0.124076,0.189438,0.322254,0.111836,0.036339,0.247313,-0.184387,0.015806,-0.069107,0.133247,0.015802,-0.113583,-0.165414,0.048797
0.124924,-0.028908,0.185180,0.320135,0.065367,0.178413,0.308856,-0.143520,0.176562,-0.059008,0.085704,0.193798,-0.070288,-0.123183,0.191948,0.325090,0.111880,0.035951,0.247768,-0.184315,0.015777,-0.068851,0.133331,0.015803,-0.106190,-0.165517,0.051402
0.129402,-0.027550,0.187255,0.324623,0.066659,0.179856,0.313339,-0.142236,0.179819,-0.054535,0.087137,0.194691,-0.065819,-0.121758,0.194654,0.326650,0.112092,0.034294,0.248263,-0.184208,0.015730,-0.068527,0.133441,0.015812,-0.096709,-0.165581,0.052731
0.133850,-0.025654,0.188981,0.329070,0.068472,0.180575,0.317793,-0.140411,0.182916,-0.050093,0.089103,0.195047,-0.061370,-0.119779,0.197388,0.326229,0.112459,0.030175,0.248764,-0.184076,0.015813,-0.068188,0.133590,0.015802,-0.084064,-0.165706,0.051700
0.138268,-0.023323,0.189971,0.333472,0.070675,0.179930,0.322198,-0.138157,0.185090,-0.045663,0.091511,0.194852,-0.056937,-0.117321,0.200012,0.321864,0.112919,0.021599,0.249210,-0.183931,0.015771,-0.067818,0.133813,0.015789,-0.066160,-0.166135,0.046962
0.142616,-0.021225,0.189552,0.337895,0.072332,0.177115,0.326343,-0.136400,0.185020,-0.041110,0.093950,0.194085,-0.052662,-0.114781,0.201989,0.318545,0.112851,0.015934,0.260229,-0.184700,0.015815,-0.067844,0.134231,0.015839,-0.040439,-0.167222,0.037953
0.146713,-0.020031,0.188015,0.342268,0.072830,0.174739,0.330062,-0.135818,0.183785,-0.036635,0.095756,0.192245,-0.048842,-0.112892,0.201292,0.318828,0.112887,0.015952,0.288651,-0.186042,0.020582,-0.069872,0.135619,0.015752,-0.010837,-0.168127,0.029651
0.150841,-0.019886,0.185092,0.346687,0.072499,0.172824,0.333935,-0.136111,0.181998,-0.032253,0.096339,0.188187,-0.045005,-0.112271,0.197361,0.319179,0.112862,0.015991,0.326712,-0.188041,0.027524,-0.070269,0.136661,0.015798,0.016420,-0.169422,0.019575
0.155197,-0.020454,0.180968,0.351118,0.071890,0.169615,0.338273,-0.136724,0.178563,-0.027879,0.095815,0.183373,-0.040723,-0.112799,0.192321,0.319508,0.112826,0.016018,0.355620,-0.189520,0.035177,-0.069696,0.136780,0.015801,0.021443,-0.169780,0.015684
0.159660,-0.021049,0.176960,0.355592,0.071342,0.166193,0.342766,-0.137280,0.174972,-0.023445,0.095181,0.178947,-0.036271,-0.113441,0.187727,0.319866,0.112795,0.016024,0.374094,-0.190400,0.041477,-0.068584,0.136787,0.018665,0.021994,-0.169842,0.015614
0.164055,-0.021488,0.174247,0.360006,0.070946,0.164238,0.347192,-0.137679,0.172943,-0.019082,0.094703,0.175551,-0.031896,-0.113923,0.184256,0.320268,0.112775,0.015967,0.385667,-0.190931,0.045603,-0.065973,0.136798,0.023132,0.022479,-0.169871,0.015687
0.168243,-0.021839,0.173222,0.364221,0.070643,0.164212,0.351413,-0.137985,0.172865,-0.014926,0.094307,0.173579,-0.027734,-0.114321,0.182231,0.320653,0.112748,0.016054,0.393069,-0.191332,0.047111,-0.061806,0.136634,0.025884,0.022890,-0.169908,0.015752
0.172356,-0.022179,0.173527,0.368357,0.070366,0.165769,0.355560,-0.138268,0.174299,-0.010849,0.093910,0.172755,-0.023645,-0.114724,0.181285,0.321097,0.112712,0.015939,0.397828,-0.191645,0.046839,-0.056786,0.136331,0.026724,0.023285,-0.169941,0.015805
0.176437,-0.022526,0.174674,0.372454,0.070093,0.168339,0.359674,-0.138548,0.176701,-0.006800,0.093497,0.172648,-0.019580,-0.115145,0.181010,0.321583,0.112672,0.015914,0.400899,-0.191891,0.045818,-0.051548,0.135970,0.026938,0.023682,-0.169986,0.015847
0.180428,-0.022896,0.176263,0.376451,0.069799,0.171426,0.363688,-0.138853,0.179555,-0.002833,0.093061,0.172970,-0.015596,-0.115591,0.181099,0.321988,0.112641,0.015882,0.402831,-0.192062,0.044900,-0.046329,0.135619,0.027372,0.024007,-0.170020,0.015875
0.184402,-0.023312,0.177994,0.380424,0.069453,0.174616,0.367674,-0.139211,0.182463,0.001130,0.092587,0.173524,-0.011619,-0.116076,0.181372,0.322461,0.112590,0.015832,0.404139,-0.192195,0.044483,-0.041094,0.135281,0.028538,0.024373,-0.170066,0.015895
0.188332,-0.023735,0.179713,0.384342,0.069091,0.177611,0.371608,-0.139584,0.185173,0.005055,0.092114,0.174254,-0.007679,-0.116561,0.181816,0.322868,0.112542,0.015779,0.405034,-0.192278,0.044708,-0.035885,0.134973,0.030656,0.024666,-0.170111,0.015904
0.192307,-0.024162,0.181401,0.388303,0.068712,0.180333,0.375583,-0.139975,0.187597,0.009030,0.091650,0.175205,-0.003690,-0.117036,0.182470,0.323336,0.112503,0.015712,0.405687,-0.192313,0.045655,-0.030573,0.134706,0.033856,0.025005,-0.170145,0.015902
0.196281,-0.024666,0.183145,0.392262,0.068247,0.182885,0.379558,-0.140452,0.189796,0.013004,0.091120,0.176494,0.000301,-0.117579,0.183405,0.323712,0.112445,0.015755,0.405994,-0.192343,0.047178,-0.025095,0.134412,0.037975,0.025281,-0.170205,0.015897
0.200378,-0.025303,0.185114,0.396340,0.067650,0.185491,0.383664,-0.141067,0.191905,0.017093,0.090462,0.178323,0.004417,-0.118255,0.184736,0.324136,0.112375,0.015788,0.405931,-0.192360,0.049209,-0.019145,0.134053,0.042796,0.025584,-0.170285,0.015887
0.204620,-0.026123,0.187445,0.400570,0.066850,0.188372,0.387911,-0.141890,0.194053,0.021329,0.089644,0.180836,0.008670,-0.119096,0.186518,0.324575,0.112312,0.015817,0.405206,-0.192374,0.051312,-0.012387,0.133614,0.047679,0.025891,-0.170335,0.015870
0.209091,-0.027218,0.190195,0.405019,0.065795,0.191597,0.392407,-0.142971,0.196322,0.025775,0.088535,0.184067,0.013163,-0.120231,0.188792,0.325032,0.112194,0.015851,0.403459,-0.192425,0.053101,-0.004218,0.132896,0.051705,0.026168,-0.170474,0.015894
0.213860,-0.028553,0.193278,0.409781,0.064467,0.195067,0.397190,-0.144324,0.198570,0.030529,0.087218,0.187985,0.017938,-0.121573,0.191488,0.325493,0.112082,0.015859,0.400445,-0.192487,0.053842,0.006096,0.131982,0.053974,0.026449,-0.170572,0.015882
0.218864,-0.030071,0.196316,0.414777,0.062968,0.198113,0.402228,-0.145845,0.200252,0.035501,0.085702,0.192380,0.022952,-0.123110,0.194519,0.325990,0.111971,0.015871,0.396223,-0.192542,0.051516,0.019120,0.130796,0.053311,0.026733,-0.170702,0.015887
0.223923,-0.031479,0.198469,0.419801,0.061648,0.199151,0.407367,-0.147180,0.200076,0.040479,0.084223,0.196863,0.028045,-0.124605,0.197788,0.326445,0.111925,0.015927,0.390981,-0.192430,0.043272,0.035324,0.129405,0.048876,0.026919,-0.170875,0.015878
0.228798,-0.032639,0.198674,0.424398,0.061065,0.197600,0.412582,-0.147800,0.197153,0.045014,0.082523,0.200195,0.033197,-0.126343,0.199748,0.352812,0.111028,0.015332,0.384492,-0.191370,0.026942,0.055163,0.127812,0.041250,0.026768,-0.171108,0.015865
0.233513,-0.033623,0.195861,0.428444,0.061404,0.192258,0.418037,-0.147537,0.191915,0.048989,0.080292,0.199807,0.038582,-0.128649,0.199464,0.385297,0.109342,0.019974,0.381557,-0.190938,0.015990,0.076803,0.124689,0.031483,0.020048,-0.172936,0.019277
0.237816,-0.033985,0.190866,0.432067,0.062378,0.186183,0.423116,-0.146630,0.186839,0.052516,0.078660,0.194893,0.043565,-0.130348,0.195549,0.420413,0.107876,0.029332,0.381831,-0.190890,0.016010,0.092784,0.121864,0.015619,0.011588,-0.174995,0.028565
0.242073,-0.033825,0.185323,0.436332,0.062524,0.180657,0.427374,-0.146482,0.181715,0.056772,0.078832,0.188930,0.047815,-0.130174,0.189988,0.441790,0.107047,0.035431,0.382048,-0.190871,0.015891,0.093363,0.121880,0.015947,0.008223,-0.174743,0.037106
0.246529,-0.033928,0.181925,0.440782,0.062402,0.176709,0.431810,-0.146602,0.177875,0.061247,0.078747,0.185975,0.052275,-0.130258,0.187141,0.453570,0.106564,0.036649,0.382375,-0.190877,0.015858,0.093866,0.121890,0.015940,0.007714,-0.174623,0.046269
0.251167,-0.034042,0.181139,0.445412,0.062251,0.174989,0.436407,-0.146752,0.176253,0.065927,0.078667,0.186026,0.056923,-0.130335,0.187289,0.461477,0.106214,0.036476,0.382758,-0.190903,0.015876,0.094276,0.121911,0.015927,0.009715,-0.174605,0.053110
0.255966,-0.033924,0.182216,0.450175,0.062364,0.174958,0.441183,-0.146637,0.176586,0.070749,0.078789,0.187845,0.061757,-0.130212,0.189473,0.467161,0.106037,0.035150,0.383208,-0.190888,0.015835,0.094587,0.121916,0.015810,0.013638,-0.174662,0.057629
0.260887,-0.033386,0.184180,0.455070,0.062860,0.175755,0.446074,-0.146132,0.178229,0.075700,0.079360,0.190130,0.066705,-0.129632,0.192604,0.471221,0.105972,0.033203,0.383684,-0.190865,0.015786,0.094890,0.121966,0.015851,0.019006,-0.174635,0.060750
0.265907,-0.032368,0.186298,0.460059,0.063822,0.176615,0.451075,-0.145150,0.180454,0.080739,0.080414,0.192143,0.071755,-0.128557,0.195982,0.474076,0.106041,0.030821,0.384214,-0.190801,0.015773,0.095254,0.122052,0.015886,0.025737,-0.174520,0.063104
0.271049,-0.030872,0.188147,0.465162,0.065246,0.177077,0.456213,-0.143685,0.182770,0.085886,0.081940,0.193525,0.076937,-0.126991,0.199218,0.476158,0.106214,0.027716,0.384782,-0.190685,0.015751,0.095668,0.122190,0.015910,0.034018,-0.174326,0.064724
0.276207,-0.028828,0.189523,0.470261,0.067212,0.176851,0.461392,-0.141642,0.184984,0.091022,0.083986,0.194062,0.082153,-0.124867,0.202195,0.477402,0.106452,0.023241,0.385318,-0.190526,0.015771,0.096086,0.122360,0.015928,0.044198,-0.174117,0.065182
0.281395,-0.026276,0.190257,0.475378,0.069631,0.175642,0.466602,-0.139090,0.186744,0.096188,0.086539,0.193770,0.087412,-0.122182,0.204873,0.477076,0.106633,0.016203,0.385834,-0.190343,0.015771,0.096560,0.122617,0.015919,0.057211,-0.173997,0.063307
0.286369,-0.023651,0.190434,0.480306,0.072018,0.173783,0.471570,-0.136507,0.188131,0.101168,0.089205,0.192737,0.092433,-0.119320,0.207084,0.477433,0.106854,0.015646,0.386114,-0.190379,0.015842,0.097046,0.122809,0.015935,0.074768,-0.174474,0.057438
0.291000,-0.021824,0.190299,0.484952,0.073586,0.172386,0.476160,-0.134764,0.189046,0.105841,0.091117,0.191552,0.097049,-0.117234,0.208212,0.477780,0.106996,0.015707,0.401366,-0.191107,0.015666,0.097430,0.123064,0.015935,0.099044,-0.175781,0.047790
0.295319,-0.021240,0.189591,0.489297,0.074065,0.171413,0.480466,-0.134206,0.189019,0.110171,0.091725,0.190162,0.101340,-0.116546,0.207768,0.478091,0.107037,0.015781,0.432587,-0.192219,0.018785,0.097652,0.123178,0.015911,0.127368,-0.177541,0.039334
0.299706,-0.021915,0.187688,0.493739,0.073470,0.170548,0.484882,-0.134834,0.187744,0.114529,0.091003,0.187633,0.105672,-0.117301,0.204828,0.478511,0.106991,0.015828,0.476598,-0.193566,0.024946,0.098143,0.123168,0.015885,0.156697,-0.179469,0.030956
0.304375,-0.023991,0.183870,0.498506,0.071601,0.169153,0.489587,-0.136850,0.184422,0.119163,0.088869,0.183319,0.110244,-0.119582,0.198588,0.478912,0.106826,0.015881,0.510929,-0.194533,0.032110,0.098666,0.123090,0.015819,0.180219,-0.181266,0.020067
0.309364,-0.026577,0.179265,0.503523,0.069275,0.166773,0.494634,-0.139344,0.179578,0.124095,0.086190,0.178952,0.115206,-0.122429,0.191756,0.479330,0.106621,0.015880,0.533537,-0.195246,0.038354,0.099080,0.122814,0.015724,0.183600,-0.181719,0.015811
0.314316,-0.028965,0.175420,0.508423,0.067190,0.164555,0.499687,-0.141564,0.175061,0.128944,0.083634,0.175780,0.120209,-0.125120,0.186285,0.479712,0.106457,0.015894,0.546113,-0.195687,0.043241,0.097471,0.122578,0.018404,0.184172,-0.181928,0.015688
0.319084,-0.031052,0.173100,0.513160,0.065330,0.163807,0.504530,-0.143524,0.172176,0.133638,0.081421,0.174024,0.125009,-0.127434,0.182393,0.480163,0.106295,0.015986,0.551978,-0.196077,0.045709,0.096070,0.122437,0.022765,0.184742,-0.182109,0.015632
0.323654,-0.032814,0.172426,0.517707,0.063748,0.164638,0.509164,-0.145177,0.171129,0.138144,0.079549,0.173724,0.129602,-0.129376,0.180215,0.480635,0.106155,0.016003,0.554592,-0.196466,0.044898,0.096658,0.122176,0.026345,0.185226,-0.182271,0.015706
0.328110,-0.034275,0.173052,0.522147,0.062419,0.166666,0.513672,-0.146551,0.171606,0.142548,0.078001,0.174497,0.134072,-0.130969,0.179438,0.481135,0.106021,0.016011,0.555970,-0.196826,0.042207,0.099299,0.121809,0.028749,0.185671,-0.182430,0.015812
0.332527,-0.035477,0.174502,0.526563,0.061299,0.169443,0.518122,-0.147698,0.173113,0.146932,0.076745,0.175890,0.138491,-0.132253,0.179561,0.481644,0.105912,0.015945,0.556841,-0.197113,0.038891,0.103432,0.121439,0.030316,0.186088,-0.182544,0.015875
0.336945,-0.036526,0.176326,0.530984,0.060301,0.172509,0.522561,-0.148714,0.175106,0.151328,0.075662,0.177546,0.142905,-0.133352,0.180143,0.482162,0.105812,0.015891,0.557534,-0.197342,0.035948,0.108521,0.121065,0.031654,0.186498,-0.182640,0.015910
0.341415,-0.037430,0.178147,0.535451,0.059440,0.175386,0.527053,-0.149585,0.177093,0.155778,0.074725,0.179200,0.147380,-0.134299,0.180907,0.482635,0.105747,0.015863,0.558256,-0.197499,0.033529,0.114258,0.120688,0.033092,0.186855,-0.182721,0.015944
0.345909,-0.038307,0.179781,0.539948,0.058578,0.177901,0.531553,-0.150452,0.178798,0.160265,0.073838,0.180764,0.151871,-0.135192,0.181661,0.483126,0.105651,0.015808,0.559153,-0.197677,0.032045,0.120276,0.120306,0.035104,0.187250,-0.182810,0.015961
0.350464,-0.039181,0.181205,0.544497,0.057726,0.180011,0.536119,-0.151306,0.180102,0.164808,0.072944,0.182307,0.156431,-0.136088,0.182399,0.483609,0.105581,0.015790,0.560239,-0.197824,0.031395,0.126447,0.119905,0.037903,0.187646,-0.182898,0.015966
0.355072,-0.040115,0.182536,0.549108,0.056790,0.181842,0.540725,-0.152241,0.181063,0.169419,0.072010,0.184009,0.161036,-0.137020,0.183231,0.484065,0.105503,0.015850,0.561227,-0.197993,0.031382,0.132841,0.119495,0.041518,0.188003,-0.182966,0.015964
0.359802,-0.041214,0.183965,0.553835,0.055700,0.183615,0.545457,-0.153324,0.181825,0.174147,0.070896,0.186104,0.165770,-0.138128,0.184314,0.484576,0.105401,0.015831,0.561769,-0.198179,0.031538,0.139790,0.118966,0.045519,0.188417,-0.183081,0.015917
0.364700,-0.042496,0.185636,0.558732,0.054420,0.185466,0.550350,-0.154590,0.182453,0.179050,0.069599,0.188820,0.170668,-0.139412,0.185807,0.485052,0.105311,0.015880,0.561337,-0.198341,0.031160,0.147823,0.118355,0.049207,0.188778,-0.183180,0.015880
0.369850,-0.044056,0.187519,0.563875,0.052874,0.187390,0.555494,-0.156110,0.182905,0.184206,0.067998,0.192132,0.175825,-0.140985,0.187648,0.485555,0.105190,0.015973,0.559358,-0.198460,0.028999,0.157794,0.117575,0.051395,0.189157,-0.183330,0.015808
0.375206,-0.045841,0.189311,0.569235,0.051081,0.188934,0.560814,-0.157858,0.182762,0.189598,0.066176,0.195860,0.181177,-0.142763,0.189687,0.486073,0.105049,0.015980,0.555359,-0.198434,0.023313,0.170411,0.116736,0.050988,0.189529,-0.183469,0.015779
0.380577,-0.047573,0.190400,0.574513,0.049522,0.188882,0.566199,-0.159363,0.180970,0.194956,0.064216,0.199830,0.186641,-0.144669,0.191918,0.486475,0.105095,0.015974,0.551746,-0.198050,0.015813,0.186016,0.115868,0.047299,0.189879,-0.183644,0.015777
0.385567,-0.048573,0.190696,0.579288,0.048914,0.187623,0.571310,-0.159963,0.179168,0.199824,0.062817,0.202224,0.191845,-0.146059,0.193768,0.499805,0.104408,0.016256,0.552112,-0.198136,0.015780,0.204745,0.114684,0.040804,0.189419,-0.184284,0.015840
0.390007,-0.048817,0.189889,0.583266,0.049549,0.185843,0.576224,-0.159391,0.178159,0.203790,0.061758,0.201618,0.196748,-0.147183,0.193935,0.529594,0.103044,0.017793,0.552533,-0.198129,0.015810,0.222114,0.112876,0.032220,0.187372,-0.185822,0.015776
0.394119,-0.048325,0.187061,0.586827,0.051120,0.183113,0.581023,-0.157915,0.177168,0.207215,0.061266,0.196953,0.201411,-0.147769,0.191009,0.566261,0.101700,0.024052,0.552954,-0.198034,0.015858,0.235856,0.111100,0.016096,0.182020,-0.187821,0.018860
0.398232,-0.047417,0.182877,0.590989,0.051956,0.179606,0.585162,-0.157106,0.174718,0.211301,0.062272,0.191036,0.205474,-0.146789,0.186148,0.590201,0.100900,0.032407,0.553265,-0.197981,0.015820,0.236431,0.111146,0.015940,0.177846,-0.187727,0.024798
0.402534,-0.046871,0.180122,0.595310,0.052461,0.176694,0.589455,-0.156615,0.172488,0.215614,0.062872,0.187757,0.209759,-0.146204,0.183550,0.602135,0.100588,0.035473,0.553600,-0.197935,0.015822,0.236934,0.111211,0.015840,0.175683,-0.187692,0.032741
0.407089,-0.046494,0.179449,0.599859,0.052826,0.175370,0.593993,-0.156260,0.171750,0.220185,0.063273,0.187148,0.214319,-0.145813,0.183527,0.609121,0.100449,0.036294,0.554004,-0.197913,0.015830,0.237360,0.111234,0.015780,0.176032,-0.187727,0.039953
0.411781,-0.046051,0.180454,0.604548,0.053236,0.175523,0.598653,-0.155860,0.172579,0.224909,0.063758,0.188329,0.219015,-0.145338,0.185385,0.613920,0.100409,0.036004,0.554472,-0.197880,0.015823,0.237718,0.111299,0.015816,0.178719,-0.187702,0.045304
0.416565,-0.045395,0.182454,0.609324,0.053858,0.176623,0.603412,-0.155249,0.174618,0.229718,0.064459,0.190290,0.223806,-0.144648,0.188285,0.617682,0.100448,0.035207,0.554965,-0.197827,0.015848,0.238025,0.111367,0.015844,0.183270,-0.187639,0.049220
0.421440,-0.044422,0.184805,0.614198,0.054774,0.178053,0.608264,-0.154340,0.177334,0.234616,0.065496,0.192276,0.228682,-0.143619,0.191556,0.620873,0.100549,0.034099,0.555523,-0.197757,0.015846,0.238378,0.111465,0.015866,0.189381,-0.187492,0.052205
0.426346,-0.043072,0.186990,0.619093,0.056070,0.179198,0.613163,-0.153044,0.180162,0.239528,0.066900,0.193818,0.233599,-0.142214,0.194782,0.623530,0.100736,0.032480,0.556044,-0.197651,0.015830,0.238709,0.111571,0.015866,0.196974,-0.187291,0.054493
0.431229,-0.041279,0.188725,0.623966,0.057779,0.179722,0.618039,-0.151315,0.182807,0.244418,0.068757,0.194644,0.238491,-0.140336,0.197729,0.625487,0.100997,0.029806,0.556558,-0.197509,0.015784,0.239060,0.111745,0.015870,0.206392,-0.186994,0.055769
0.436066,-0.039009,0.189881,0.628770,0.059970,0.179420,0.622895,-0.149070,0.185128,0.249236,0.071052,0.194635,0.243362,-0.137988,0.200343,0.626167,0.101315,0.025120,0.557047,-0.197329,0.015725,0.239452,0.111930,0.015858,0.218493,-0.186738,0.055171
0.440842,-0.036316,0.190224,0.633492,0.062536,0.177764,0.627683,-0.146398,0.186565,0.254000,0.073766,0.193883,0.248191,-0.135168,0.202685,0.623666,0.101520,0.016408,0.557517,-0.197152,0.015719,0.239906,0.112166,0.015841,0.235081,-0.186695,0.051146
0.445396,-0.033962,0.189582,0.638031,0.064595,0.174764,0.632154,-0.144201,0.186370,0.258639,0.076276,0.192793,0.252762,-0.132519,0.204399,0.623976,0.101694,0.015840,0.560483,-0.197221,0.015476,0.240158,0.112496,0.015800,0.259128,-0.187255,0.042151
0.449577,-0.032673,0.188428,0.642398,0.065394,0.172804,0.636108,-0.143309,0.185771,0.263046,0.077963,0.191086,0.256756,-0.130740,0.204053,0.624270,0.101750,0.015890,0.589166,-0.197775,0.019628,0.239082,0.113353,0.015802,0.287980,-0.187837,0.033474
0.453781,-0.032650,0.186143,0.646747,0.065271,0.171414,0.640247,-0.143416,0.184535,0.267315,0.078116,0.187751,0.260816,-0.130571,0.200872,0.624664,0.101744,0.015921,0.631343,-0.198633,0.026566,0.239072,0.113743,0.015761,0.317248,-0.188969,0.024678
0.458260,-0.033985,0.182140,0.651295,0.064102,0.169595,0.644790,-0.144653,0.181590,0.271729,0.076682,0.182689,0.265224,-0.132072,0.194684,0.625000,0.101638,0.015927,0.664065,-0.199257,0.034424,0.239697,0.113634,0.015744,0.334506,-0.190059,0.015778
0.462906,-0.035557,0.177673,0.655939,0.062753,0.166963,0.649523,-0.146079,0.177576,0.276289,0.074966,0.177771,0.269873,-0.133866,0.188384,0.625377,0.101545,0.015911,0.685101,-0.199624,0.041373,0.240060,0.113376,0.015777,0.335098,-0.190176,0.015706
0.467476,-0.036751,0.174269,0.660503,0.061701,0.164838,0.654147,-0.147182,0.174416,0.280805,0.073681,0.174122,0.274449,-0.135203,0.183700,0.625731,0.101450,0.015929,0.697288,-0.199887,0.046339,0.240156,0.113334,0.019235,0.335615,-0.190291,0.015599
0.471931,-0.037617,0.172580,0.664952,0.060950,0.164296,0.658648,-0.147970,0.173089,0.285215,0.072736,0.172070,0.278911,-0.136184,0.180864,0.626174,0.101387,0.015936,0.704229,-0.200115,0.048146,0.241778,0.113277,0.022852,0.336107,-0.190373,0.015686
0.476181,-0.038273,0.172502,0.669204,0.060386,0.165455,0.662933,-0.148562,0.173602,0.289429,0.072016,0.171401,0.283158,-0.136931,0.179548,0.626594,0.101343,0.016031,0.708356,-0.200347,0.047480,0.245017,0.113138,0.024803,0.336528,-0.190425,0.015756
0.480331,-0.038807,0.173521,0.673355,0.059939,0.167819,0.667116,-0.149030,0.175431,0.293547,0.071416,0.171611,0.287308,-0.137552,0.179223,0.627076,0.101291,0.016020,0.710902,-0.200569,0.045544,0.249271,0.112911,0.025363,0.336942,-0.190487,0.015807
0.484406,-0.039257,0.175121,0.677427,0.059564,0.170843,0.671212,-0.149422,0.177990,0.297599,0.070907,0.172251,0.291384,-0.138078,0.179398,0.627554,0.101246,0.015932,0.712528,-0.200747,0.043454,0.254023,0.112683,0.025548,0.337315,-0.190533,0.015840
0.488449,-0.039646,0.176902,0.681460,0.059245,0.174011,0.675271,-0.149754,0.180781,0.301627,0.070461,0.173022,0.295438,-0.138537,0.179792,0.628029,0.101199,0.015892,0.713731,-0.200884,0.041940,0.259077,0.112454,0.026047,0.337680,-0.190592,0.015879
0.492455,-0.039978,0.178610,0.685456,0.058961,0.176966,0.679277,-0.150048,0.183419,0.305632,0.070092,0.173802,0.299453,-0.138917,0.180255,0.628460,0.101163,0.015848,0.714768,-0.200978,0.041251,0.264249,0.112284,0.027322,0.338012,-0.190623,0.015912
0.496490,-0.040272,0.180163,0.689471,0.058719,0.179547,0.683317,-0.150299,0.185737,0.309664,0.069755,0.174590,0.303510,-0.139263,0.180780,0.628907,0.101143,0.015802,0.715883,-0.201018,0.041537,0.269459,0.112135,0.029619,0.338362,-0.190661,0.015921
0.500572,-0.040569,0.181620,0.693538,0.058453,0.181804,0.687396,-0.150573,0.187732,0.313749,0.069434,0.175508,0.307607,-0.139592,0.181436,0.629367,0.101116,0.015733,0.717048,-0.201046,0.042687,0.274719,0.112027,0.032986,0.338733,-0.190689,0.015912
0.504684,-0.040913,0.183113,0.697634,0.058138,0.183886,0.691509,-0.150896,0.189532,0.317860,0.069071,0.176695,0.311735,-0.139963,0.182340,0.629768,0.101071,0.015743,0.718059,-0.201081,0.044379,0.280167,0.111895,0.037223,0.339043,-0.190744,0.015912
0.508865,-0.041397,0.184844,0.701803,0.057672,0.186112,0.695693,-0.151375,0.191277,0.322037,0.068581,0.178411,0.315928,-0.140466,0.183575,0.630191,0.101041,0.015792,0.718668,-0.201105,0.046557,0.286042,0.111748,0.042086,0.339358,-0.190777,0.015894
0.513199,-0.042080,0.186980,0.706118,0.057018,0.188671,0.700042,-0.152046,0.193151,0.326355,0.067886,0.180810,0.320279,-0.141178,0.185290,0.630625,0.100987,0.015816,0.718484,-0.201156,0.048747,0.292779,0.111474,0.046966,0.339684,-0.190851,0.015878
0.517792,-0.043034,0.189584,0.710705,0.056069,0.191660,0.704645,-0.153014,0.195181,0.330938,0.066946,0.183987,0.324878,-0.142136,0.187508,0.631110,0.100891,0.015848,0.717079,-0.201286,0.050473,0.301020,0.111049,0.050981,0.340016,-0.190940,0.015872
0.522652,-0.044243,0.192551,0.715561,0.054862,0.194923,0.709521,-0.154238,0.197222,0.335782,0.065753,0.187880,0.329743,-0.143347,0.190179,0.631591,0.100790,0.015882,0.714205,-0.201454,0.050906,0.311379,0.110449,0.053223,0.340303,-0.191041,0.015876
0.527740,-0.045628,0.195485,0.720651,0.053477,0.197755,0.714634,-0.155635,0.198678,0.340846,0.064380,0.192293,0.334830,-0.144732,0.193216,0.632076,0.100691,0.015871,0.709943,-0.201634,0.048074,0.324453,0.109704,0.052502,0.340604,-0.191150,0.015870
0.532890,-0.046894,0.197521,0.725774,0.052283,0.198536,0.719850,-0.156833,0.198237,0.345930,0.063045,0.196806,0.340007,-0.146071,0.196507,0.632496,0.100655,0.015889,0.704554,-0.201641,0.039330,0.340634,0.108875,0.048352,0.340793,-0.191303,0.015865
0.537811,-0.047924,0.197646,0.730346,0.051929,0.196739,0.725143,-0.157199,0.195030,0.350479,0.061351,0.200261,0.345276,-0.147777,0.198552,0.659802,0.100631,0.015485,0.697779,-0.200574,0.022479,0.360245,0.107876,0.040937,0.340648,-0.191634,0.015858
0.542557,-0.048721,0.194818,0.734369,0.052453,0.191233,0.730589,-0.156709,0.189934,0.354525,0.059266,0.199703,0.350744,-0.149896,0.198404,0.696000,0.099665,0.020574,0.695615,-0.200455,0.015983,0.381847,0.105278,0.030995,0.333754,-0.193937,0.019680
0.546944,-0.048683,0.189935,0.738072,0.053740,0.185369,0.735680,-0.155447,0.185301,0.358208,0.058080,0.194570,0.355816,-0.151106,0.194501,0.729568,0.099340,0.030234,0.695989,-0.200391,0.015957,0.396970,0.103148,0.015955,0.325815,-0.196162,0.029010
