0.007597,0.013069,0.326369,0.200359,0.112213,0.333739,0.194561,-0.096843,0.328572,-0.179368,0.122981,0.324166,-0.185165,-0.086075,0.318999,0.236604,0.160209,0.191321,0.194747,-0.138334,0.166926,-0.193192,0.172636,0.170795,-0.180716,-0.127513,0.150435
0.011420,0.019226,0.308492,0.205288,0.115988,0.318162,0.197147,-0.092782,0.307502,-0.174307,0.131234,0.309483,-0.182448,-0.077536,0.298823,0.232155,0.169724,0.137198,0.190976,-0.129206,0.133614,-0.172306,0.187069,0.106413,-0.145716,-0.114479,0.102352
0.015508,0.025688,0.285744,0.210369,0.120362,0.296097,0.200087,-0.088169,0.282914,-0.169072,0.139545,0.288574,-0.179353,-0.068986,0.275391,0.221316,0.178094,0.095583,0.186851,-0.121691,0.102239,-0.143550,0.198592,0.055902,-0.114140,-0.104101,0.058742
0.019864,0.032150,0.258853,0.215541,0.125084,0.269569,0.203454,-0.083273,0.255216,-0.163727,0.147574,0.262490,-0.175814,-0.060783,0.248137,0.212503,0.185550,0.056810,0.187066,-0.115514,0.074588,-0.124905,0.207947,0.015829,-0.095666,-0.095215,0.018019
0.024934,0.035767,0.233838,0.220344,0.129819,0.237032,0.208922,-0.078674,0.224192,-0.159054,0.150207,0.243485,-0.170476,-0.058286,0.230645,0.203871,0.189989,0.015166,0.180854,-0.111489,0.041486,-0.123342,0.207878,0.015767,-0.094559,-0.094826,0.015932
0.031420,0.037186,0.212810,0.226895,0.131059,0.208485,0.214770,-0.077392,0.195609,-0.151930,0.151764,0.230011,-0.164055,-0.056687,0.217134,0.202765,0.189985,0.015690,0.170090,-0.109298,0.015774,-0.120373,0.208765,0.015947,-0.094739,-0.093896,0.015813
0.037644,0.037315,0.194662,0.232920,0.131415,0.187337,0.220780,-0.076992,0.173779,-0.145493,0.151622,0.215546,-0.157632,-0.056785,0.201988,0.202397,0.189974,0.015819,0.169929,-0.109371,0.015742,-0.119184,0.208690,0.016067,-0.093725,-0.094008,0.015648
0.043654,0.037178,0.178206,0.238793,0.131446,0.169507,0.226651,-0.076894,0.154950,-0.139343,0.151250,0.201463,-0.151485,-0.057090,0.186906,0.202368,0.189943,0.015848,0.170179,-0.109508,0.015661,-0.118050,0.208599,0.016092,-0.092772,-0.094197,0.015851
0.049695,0.037041,0.162929,0.244799,0.131427,0.154758,0.232742,-0.076841,0.139142,-0.133353,0.150922,0.186716,-0.145409,-0.057345,0.171100,0.202542,0.189945,0.015806,0.170782,-0.109659,0.015798,-0.116874,0.208426,0.015949,-0.090908,-0.094523,0.015978
0.055840,0.036880,0.149441,0.251070,0.131186,0.143707,0.239057,-0.076997,0.126977,-0.127377,0.150758,0.171905,-0.139390,-0.057425,0.155175,0.202959,0.189916,0.015763,0.171607,-0.109854,0.015942,-0.115681,0.208304,0.015749,-0.088415,-0.094859,0.016056
0.062019,0.036903,0.138921,0.257445,0.130955,0.136916,0.245458,-0.077173,0.119488,-0.121421,0.150980,0.158354,-0.133408,-0.057148,0.140926,0.203583,0.189886,0.015768,0.172514,-0.109991,0.016009,-0.114516,0.208223,0.015571,-0.087229,-0.095038,0.016089
0.068272,0.036957,0.132236,0.263874,0.130636,0.134575,0.251881,-0.077471,0.116901,-0.115337,0.151385,0.147571,-0.127329,-0.056722,0.129896,0.204289,0.189842,0.015845,0.173345,-0.110069,0.016052,-0.113405,0.208148,0.015856,-0.086505,-0.095099,0.016099
0.074636,0.036903,0.129433,0.270316,0.130152,0.136863,0.258330,-0.077966,0.119306,-0.109059,0.151772,0.139561,-0.121044,-0.056345,0.122004,0.204993,0.189798,0.015977,0.173997,-0.110085,0.016051,-0.112357,0.208073,0.015994,-0.085706,-0.095133,0.016100
0.081063,0.036781,0.130355,0.276651,0.129536,0.143874,0.264667,-0.078624,0.126827,-0.102541,0.152186,0.133883,-0.114526,-0.055973,0.116836,0.205635,0.189772,0.016023,0.174479,-0.110031,0.015991,-0.111356,0.208022,0.016034,-0.084834,-0.095104,0.016024
0.087438,0.036583,0.134993,0.282572,0.128879,0.156091,0.270673,-0.079355,0.139915,-0.095798,0.152521,0.130070,-0.107697,-0.055713,0.113894,0.206235,0.189781,0.016037,0.174883,-0.109916,0.015997,-0.109847,0.207861,0.015812,-0.083856,-0.095113,0.015766
0.093502,0.036446,0.142521,0.287623,0.128284,0.172916,0.275813,-0.080039,0.157860,-0.088809,0.152930,0.127181,-0.100619,-0.055393,0.112125,0.206847,0.189842,0.016048,0.176066,-0.109792,0.016270,-0.102404,0.206375,0.029868,-0.082822,-0.095071,0.015645
0.099081,0.036049,0.151724,0.291774,0.127454,0.191164,0.279977,-0.080926,0.176918,-0.081815,0.153024,0.126530,-0.093612,-0.055357,0.112283,0.207480,0.189830,0.016015,0.183104,-0.110286,0.019167,-0.091284,0.203718,0.060279,-0.081811,-0.095063,0.015888
0.104354,0.035500,0.161491,0.295505,0.126621,0.208389,0.283753,-0.081796,0.194642,-0.075045,0.152795,0.128340,-0.086797,-0.055621,0.114592,0.208189,0.189861,0.015909,0.199965,-0.111467,0.024466,-0.079077,0.200954,0.093316,-0.080902,-0.095071,0.015996
0.109533,0.034920,0.170949,0.299259,0.125831,0.223677,0.287507,-0.082613,0.210351,-0.068441,0.152453,0.131547,-0.080194,-0.055992,0.118222,0.208961,0.189824,0.015828,0.223564,-0.113061,0.029492,-0.067306,0.198374,0.125754,-0.080134,-0.095076,0.016025
0.114833,0.034279,0.179832,0.303512,0.125054,0.236412,0.291746,-0.083406,0.223344,-0.062080,0.151964,0.136321,-0.073846,-0.056496,0.123252,0.209779,0.189792,0.015706,0.252758,-0.114924,0.033649,-0.059524,0.197253,0.139152,-0.079549,-0.095065,0.016046
0.120401,0.033623,0.187769,0.308491,0.124349,0.246354,0.296720,-0.084122,0.233472,-0.055919,0.151368,0.142067,-0.067689,-0.057103,0.129184,0.210623,0.189734,0.015745,0.283979,-0.116863,0.036876,-0.053361,0.196659,0.144868,-0.079093,-0.095075,0.016015
0.126351,0.033012,0.194442,0.314362,0.123813,0.253164,0.302644,-0.084669,0.240408,-0.049943,0.150693,0.148476,-0.061660,-0.057788,0.135720,0.211436,0.189721,0.015901,0.315553,-0.118748,0.040141,-0.047398,0.195987,0.151254,-0.078775,-0.095107,0.015978
0.132847,0.032578,0.199585,0.321374,0.123581,0.256303,0.309720,-0.084917,0.243766,-0.044026,0.150072,0.155403,-0.055680,-0.058426,0.142866,0.212226,0.189734,0.016000,0.345607,-0.120429,0.042589,-0.041497,0.195369,0.158141,-0.078587,-0.095119,0.015972
0.140013,0.032349,0.202880,0.329555,0.123706,0.255502,0.318012,-0.084816,0.243255,-0.037985,0.149513,0.162506,-0.049528,-0.059009,0.150259,0.212980,0.189820,0.016056,0.370996,-0.121510,0.041728,-0.035483,0.194814,0.165195,-0.078487,-0.095116,0.015953
0.147828,0.032272,0.204035,0.338764,0.124016,0.250594,0.327245,-0.084533,0.238782,-0.031589,0.149077,0.169287,-0.043108,-0.059471,0.157475,0.213496,0.189809,0.016085,0.389263,-0.121992,0.034703,-0.029094,0.194384,0.171886,-0.078422,-0.095095,0.015926
0.156227,0.032249,0.203090,0.348720,0.124385,0.241802,0.337161,-0.084185,0.230419,-0.024708,0.148684,0.175761,-0.036266,-0.059886,0.164378,0.213984,0.189758,0.016089,0.399431,-0.121737,0.019959,-0.021862,0.194042,0.177072,-0.078370,-0.095041,0.015971
0.164614,0.032501,0.201357,0.358353,0.125017,0.232135,0.346717,-0.083585,0.221443,-0.017490,0.148588,0.181271,-0.029125,-0.060015,0.170579,0.214550,0.189693,0.016065,0.399518,-0.121585,0.016092,-0.012428,0.194156,0.176002,-0.078314,-0.094930,0.016026
0.172243,0.032715,0.200650,0.366687,0.125554,0.225420,0.355042,-0.083081,0.215384,-0.010556,0.148510,0.185916,-0.022202,-0.060124,0.175881,0.215016,0.189667,0.015980,0.399514,-0.121548,0.016058,-0.000210,0.194367,0.168012,-0.078254,-0.094879,0.016005
0.179407,0.032761,0.200548,0.374321,0.125847,0.220159,0.362661,-0.082812,0.210668,-0.003846,0.148333,0.190429,-0.015507,-0.060326,0.180938,0.215543,0.189577,0.015961,0.399617,-0.121591,0.016027,0.014406,0.194409,0.156831,-0.078246,-0.094884,0.015981
0.186307,0.032799,0.200579,0.381533,0.126103,0.215487,0.369870,-0.082576,0.206451,0.002744,0.148174,0.194708,-0.008919,-0.060505,0.185671,0.216065,0.189557,0.015911,0.399782,-0.121565,0.016026,0.031311,0.194347,0.143764,-0.078259,-0.094845,0.015982
0.193052,0.032761,0.200514,0.388474,0.126253,0.211015,0.376808,-0.082441,0.202335,0.009295,0.147962,0.198694,-0.002371,-0.060732,0.190014,0.216600,0.189539,0.015845,0.399975,-0.121547,0.016020,0.050473,0.194088,0.129750,-0.078280,-0.094810,0.015977
0.199675,0.032692,0.200223,0.395194,0.126371,0.206355,0.383535,-0.082337,0.197995,0.015815,0.147720,0.202451,0.004156,-0.060987,0.194091,0.217143,0.189508,0.015780,0.400180,-0.121534,0.016011,0.071357,0.193657,0.115517,-0.078316,-0.094802,0.015973
0.206196,0.032562,0.199644,0.401720,0.126418,0.201284,0.390059,-0.082298,0.193139,0.022332,0.147423,0.206149,0.010672,-0.061293,0.198004,0.217658,0.189495,0.015802,0.400371,-0.121517,0.015999,0.093132,0.193111,0.101394,-0.078373,-0.094770,0.015975
0.212659,0.032410,0.198787,0.408075,0.126452,0.195613,0.396413,-0.082271,0.187645,0.028906,0.147090,0.209930,0.017244,-0.061632,0.201962,0.218172,0.189477,0.015895,0.400557,-0.121504,0.015989,0.114290,0.192552,0.087377,-0.078464,-0.094739,0.015981
0.219136,0.032227,0.197687,0.414296,0.126476,0.189284,0.402637,-0.082252,0.181466,0.035635,0.146705,0.213909,0.023975,-0.062023,0.206091,0.218685,0.189449,0.015920,0.400747,-0.121501,0.015978,0.132954,0.192088,0.073297,-0.078600,-0.094726,0.015986
0.225646,0.032051,0.196225,0.420384,0.126520,0.182298,0.408725,-0.082214,0.174623,0.042567,0.146316,0.217828,0.030908,-0.062418,0.210153,0.219191,0.189426,0.015934,0.400942,-0.121496,0.015958,0.147621,0.191828,0.059322,-0.078759,-0.094704,0.015990
0.232166,0.031921,0.194086,0.426330,0.126606,0.174680,0.414670,-0.082134,0.167158,0.049663,0.145977,0.221015,0.038003,-0.062763,0.213493,0.219716,0.189417,0.015954,0.401160,-0.121479,0.015923,0.157594,0.191795,0.046277,-0.078885,-0.094666,0.015994
0.238483,0.031898,0.190733,0.431977,0.126770,0.166227,0.420315,-0.081977,0.158940,0.056652,0.145774,0.222526,0.044989,-0.062973,0.215239,0.220246,0.189394,0.015952,0.401392,-0.121476,0.015913,0.163653,0.191902,0.034681,-0.078900,-0.094644,0.015983
0.244229,0.032051,0.185442,0.437096,0.127029,0.156759,0.425404,-0.081727,0.149786,0.063055,0.145830,0.221099,0.051363,-0.062927,0.214126,0.220733,0.189398,0.015937,0.401617,-0.121469,0.015884,0.166847,0.192162,0.023519,-0.076128,-0.094713,0.015931
0.249266,0.032547,0.177654,0.441682,0.127566,0.146210,0.430030,-0.081214,0.139920,0.068502,0.146308,0.215387,0.056851,-0.062472,0.209098,0.222728,0.189253,0.015854,0.401875,-0.121447,0.015863,0.167136,0.192353,0.015961,-0.065899,-0.095419,0.018395
0.253856,0.032730,0.168171,0.446140,0.127730,0.135875,0.434466,-0.081055,0.129776,0.073246,0.146515,0.206565,0.061572,-0.062270,0.200466,0.234435,0.188587,0.016761,0.402187,-0.121462,0.015854,0.167797,0.192337,0.015947,-0.047098,-0.096809,0.031857
0.258695,0.032806,0.158297,0.451348,0.127707,0.127973,0.439660,-0.081078,0.121923,0.077730,0.146691,0.194671,0.066041,-0.062094,0.188620,0.252807,0.187431,0.022095,0.402733,-0.121478,0.015875,0.168462,0.192333,0.015886,-0.020052,-0.098565,0.041979
0.263912,0.032761,0.148641,0.457381,0.127472,0.123324,0.445687,-0.081312,0.117232,0.082138,0.146833,0.180050,0.070444,-0.061951,0.173958,0.272946,0.185998,0.032326,0.403498,-0.121533,0.015925,0.169109,0.192296,0.015787,0.010127,-0.100391,0.046402
0.269619,0.032494,0.139605,0.464091,0.126955,0.122320,0.452411,-0.081821,0.115935,0.086826,0.146808,0.163274,0.075146,-0.061968,0.156889,0.297076,0.184294,0.042107,0.404361,-0.121619,0.016006,0.169706,0.192227,0.015708,0.038851,-0.102174,0.048785
0.275959,0.032066,0.131519,0.471252,0.126195,0.125100,0.459597,-0.082566,0.118200,0.092320,0.146698,0.144838,0.080665,-0.062063,0.137937,0.324827,0.182447,0.048527,0.405245,-0.121695,0.015882,0.170279,0.192163,0.015606,0.063621,-0.103793,0.051310
0.282989,0.031586,0.124748,0.478493,0.125270,0.131244,0.466841,-0.083473,0.123824,0.099136,0.146644,0.125672,0.087484,-0.062099,0.118252,0.353536,0.180634,0.051382,0.406050,-0.121789,0.015788,0.170842,0.192100,0.015701,0.083140,-0.105095,0.053256
0.290426,0.031235,0.119897,0.485188,0.124463,0.140324,0.473552,-0.084274,0.132695,0.107300,0.146743,0.107099,0.095663,-0.061994,0.099471,0.381721,0.178994,0.052434,0.406729,-0.121829,0.015845,0.171419,0.192057,0.015791,0.097686,-0.105975,0.053454
0.297800,0.031036,0.117746,0.490803,0.123895,0.151928,0.479166,-0.084850,0.144540,0.116434,0.146923,0.090952,0.104797,-0.061823,0.083564,0.408823,0.177483,0.053913,0.407285,-0.121840,0.015911,0.172037,0.192029,0.015880,0.108883,-0.106462,0.051420
0.304707,0.030838,0.118713,0.495194,0.123451,0.165391,0.483530,-0.085306,0.158389,0.125884,0.146982,0.079038,0.114220,-0.061775,0.072036,0.433749,0.176070,0.056868,0.407752,-0.121842,0.015957,0.172825,0.192022,0.015949,0.118425,-0.106760,0.048305
0.310925,0.030586,0.122551,0.498540,0.123068,0.179901,0.486843,-0.085699,0.173265,0.135008,0.146872,0.071837,0.123311,-0.061895,0.065201,0.455220,0.174872,0.059341,0.408202,-0.121835,0.015909,0.173891,0.192008,0.016150,0.127374,-0.107028,0.045099
0.316398,0.030251,0.128464,0.501218,0.122718,0.194287,0.489532,-0.086059,0.187944,0.143265,0.146561,0.068983,0.131578,-0.062216,0.062641,0.472214,0.174043,0.057349,0.408681,-0.121850,0.015929,0.175240,0.191923,0.015983,0.136429,-0.107374,0.041054
0.321456,0.029800,0.135365,0.504041,0.122255,0.207170,0.492371,-0.086526,0.200919,0.150541,0.146126,0.069810,0.138871,-0.062654,0.063559,0.484470,0.173584,0.050420,0.409195,-0.121880,0.015983,0.176752,0.191816,0.015914,0.145684,-0.107724,0.035082
0.326490,0.029228,0.142171,0.507646,0.121627,0.217578,0.495996,-0.087151,0.211198,0.156984,0.145607,0.073143,0.145334,-0.063171,0.066764,0.490607,0.173583,0.038782,0.409759,-0.121915,0.015957,0.178179,0.191717,0.015847,0.155680,-0.107985,0.024067
0.331614,0.028809,0.148090,0.512295,0.121205,0.224629,0.500609,-0.087574,0.218354,0.162619,0.145191,0.077825,0.150933,-0.063588,0.071550,0.488888,0.174141,0.022225,0.410329,-0.121977,0.015888,0.179348,0.191657,0.015908,0.160998,-0.108023,0.015975
0.336889,0.028526,0.154419,0.517491,0.120948,0.231116,0.505668,-0.087835,0.225236,0.168110,0.144887,0.083602,0.156287,-0.063896,0.077723,0.489906,0.174115,0.015802,0.411954,-0.122170,0.015770,0.180415,0.191636,0.015956,0.162073,-0.108026,0.016007
0.341616,0.028191,0.161648,0.521871,0.120684,0.239071,0.510069,-0.088104,0.233343,0.173162,0.144485,0.089954,0.161361,-0.064303,0.084226,0.490633,0.174113,0.015870,0.425777,-0.122960,0.017587,0.177169,0.191208,0.038581,0.162932,-0.108059,0.015959
0.346040,0.027946,0.169900,0.526032,0.120568,0.247778,0.514248,-0.088229,0.242360,0.177831,0.144122,0.097441,0.166047,-0.064676,0.092023,0.491415,0.174077,0.015933,0.447280,-0.124271,0.022113,0.178494,0.190174,0.076175,0.163509,-0.108095,0.015915
0.350525,0.027733,0.179057,0.530379,0.120480,0.257106,0.518597,-0.088326,0.252019,0.182453,0.143791,0.106095,0.170671,-0.065015,0.101008,0.492261,0.174043,0.015913,0.473728,-0.125856,0.027335,0.185012,0.189156,0.107199,0.163850,-0.108093,0.015915
0.355295,0.027374,0.188620,0.535170,0.120181,0.266551,0.523393,-0.088629,0.261610,0.187198,0.143378,0.115630,0.175421,-0.065432,0.110689,0.493162,0.174015,0.015966,0.504050,-0.127648,0.032365,0.189756,0.188743,0.116706,0.164018,-0.108081,0.015887
0.360366,0.027054,0.197686,0.540469,0.119943,0.274987,0.528711,-0.088872,0.270227,0.192021,0.142980,0.125144,0.180262,-0.065835,0.120384,0.494067,0.173996,0.015904,0.536166,-0.129522,0.037545,0.194575,0.188346,0.126179,0.164074,-0.108075,0.015888
0.365774,0.026718,0.205776,0.546496,0.119672,0.281540,0.534752,-0.089147,0.276930,0.196796,0.142583,0.134622,0.185052,-0.066236,0.130012,0.494936,0.173971,0.015831,0.568005,-0.131374,0.042484,0.199348,0.187950,0.135627,0.164020,-0.108066,0.015886
0.371628,0.026352,0.212685,0.553401,0.119353,0.285833,0.541671,-0.089470,0.281329,0.201585,0.142174,0.144042,0.189854,-0.066649,0.139538,0.495732,0.173947,0.015872,0.598681,-0.133165,0.047654,0.204133,0.187542,0.145022,0.163897,-0.108056,0.015898
0.378046,0.025986,0.218296,0.561297,0.119018,0.287616,0.549564,-0.089807,0.283216,0.206527,0.141778,0.153376,0.194794,-0.067046,0.148977,0.496443,0.173919,0.015837,0.626812,-0.134813,0.052262,0.209076,0.187147,0.154335,0.163720,-0.108028,0.015912
0.385109,0.025696,0.222326,0.570226,0.118789,0.286408,0.558494,-0.090040,0.282193,0.211724,0.141431,0.162460,0.199992,-0.067397,0.158245,0.497015,0.173895,0.015785,0.650734,-0.136160,0.054675,0.214272,0.186800,0.163382,0.163516,-0.108006,0.015926
0.392787,0.025497,0.224524,0.580012,0.118679,0.282014,0.568286,-0.090154,0.278058,0.217288,0.141149,0.170990,0.205562,-0.067684,0.167035,0.497416,0.173889,0.015824,0.668936,-0.137076,0.053146,0.219835,0.186520,0.171851,0.163321,-0.107980,0.015940
0.400985,0.025383,0.224621,0.590420,0.118663,0.274164,0.578691,-0.090176,0.270531,0.223279,0.140942,0.178711,0.211551,-0.067897,0.175078,0.497698,0.173893,0.015870,0.680533,-0.137524,0.046340,0.225827,0.186314,0.179503,0.163153,-0.107939,0.015947
0.409566,0.025269,0.222485,0.601099,0.118655,0.262920,0.589378,-0.090190,0.259608,0.229754,0.140727,0.185361,0.218032,-0.068118,0.182049,0.497878,0.173893,0.015889,0.685120,-0.137504,0.033394,0.232300,0.186100,0.186083,0.163051,-0.107926,0.015961
0.418408,0.024910,0.218335,0.611722,0.118357,0.248970,0.599995,-0.090489,0.245733,0.236822,0.140309,0.190938,0.225094,-0.068537,0.187701,0.498066,0.173879,0.015907,0.683331,-0.137129,0.015642,0.239816,0.185700,0.188864,0.163035,-0.107918,0.015958
0.426686,0.024765,0.214201,0.621046,0.118301,0.236928,0.609320,-0.090549,0.233918,0.244052,0.140079,0.194484,0.232327,-0.068771,0.191474,0.498346,0.173901,0.015940,0.682586,-0.137046,0.015907,0.249242,0.185465,0.183978,0.163136,-0.107882,0.015947
0.434087,0.024818,0.211294,0.628958,0.118442,0.228640,0.617239,-0.090414,0.226052,0.250934,0.140051,0.196535,0.239215,-0.068805,0.193948,0.498745,0.173908,0.015924,0.682275,-0.136985,0.015936,0.260639,0.185303,0.174560,0.163279,-0.107864,0.015944
0.441131,0.024773,0.209135,0.636304,0.118446,0.222315,0.624582,-0.090413,0.220041,0.257679,0.139958,0.198229,0.245957,-0.068900,0.195955,0.499199,0.173912,0.015956,0.682146,-0.136946,0.015932,0.273463,0.184967,0.164260,0.163426,-0.107833,0.015934
0.448004,0.024673,0.207399,0.643363,0.118389,0.217043,0.631644,-0.090473,0.215052,0.264363,0.139820,0.199747,0.252644,-0.069042,0.197756,0.499683,0.173891,0.016005,0.682126,-0.136931,0.015943,0.287456,0.184489,0.153368,0.163556,-0.107835,0.015921
0.454797,0.024513,0.205970,0.650274,0.118259,0.212439,0.638555,-0.090605,0.210661,0.271039,0.139631,0.201280,0.259321,-0.069233,0.199502,0.500204,0.173874,0.016008,0.682185,-0.136918,0.015941,0.302809,0.183879,0.141774,0.163663,-0.107826,0.015909
0.461561,0.024300,0.204802,0.657103,0.118068,0.208221,0.645383,-0.090797,0.206598,0.277738,0.139396,0.203006,0.266018,-0.069469,0.201383,0.500731,0.173859,0.015992,0.682298,-0.136910,0.015942,0.319623,0.183138,0.129732,0.163730,-0.107811,0.015901
0.468310,0.024055,0.203837,0.663870,0.117850,0.204061,0.652153,-0.091017,0.202578,0.284468,0.139128,0.205096,0.272750,-0.069739,0.203613,0.501271,0.173830,0.015949,0.682449,-0.136914,0.015943,0.337918,0.182275,0.117342,0.163738,-0.107813,0.015898
0.475064,0.023766,0.203013,0.670586,0.117584,0.199763,0.658867,-0.091283,0.198356,0.291262,0.138814,0.207671,0.279543,-0.070053,0.206263,0.501816,0.173815,0.015903,0.682618,-0.136908,0.015943,0.357580,0.181309,0.104701,0.163680,-0.107792,0.015900
0.481838,0.023438,0.202258,0.677241,0.117284,0.195074,0.665519,-0.091583,0.193736,0.298156,0.138458,0.210780,0.286435,-0.070409,0.209441,0.502344,0.173771,0.015838,0.682798,-0.136935,0.015941,0.377950,0.180264,0.091841,0.163544,-0.107795,0.015907
0.488647,0.023186,0.201466,0.683815,0.117066,0.189772,0.672093,-0.091802,0.188561,0.305200,0.138173,0.214371,0.293478,-0.070694,0.213161,0.502887,0.173751,0.015749,0.682982,-0.136935,0.015937,0.397913,0.179278,0.078723,0.163321,-0.107768,0.015916
0.495507,0.022911,0.200487,0.690298,0.116832,0.183865,0.678575,-0.092036,0.182762,0.312438,0.137858,0.218213,0.300715,-0.071010,0.217110,0.503435,0.173730,0.015774,0.683170,-0.136935,0.015923,0.416010,0.178374,0.065447,0.163040,-0.107743,0.015924
0.502369,0.022644,0.199054,0.696632,0.116607,0.177277,0.684908,-0.092262,0.176310,0.319830,0.137550,0.221797,0.308106,-0.071319,0.220830,0.503998,0.173689,0.015815,0.683361,-0.136955,0.015918,0.430659,0.177635,0.052553,0.162736,-0.107732,0.015931
0.509061,0.022430,0.196716,0.702677,0.116430,0.169917,0.690948,-0.092440,0.169096,0.327173,0.137301,0.224337,0.315445,-0.071569,0.223515,0.504551,0.173683,0.015874,0.683552,-0.136944,0.015905,0.440849,0.177161,0.040950,0.162492,-0.107685,0.015932
0.515319,0.022308,0.192926,0.708249,0.116337,0.161655,0.696529,-0.092534,0.161060,0.334109,0.137151,0.224792,0.322389,-0.071720,0.224198,0.505084,0.173673,0.015906,0.683730,-0.136924,0.015895,0.447031,0.176889,0.030444,0.162514,-0.107677,0.015822
0.520935,0.022324,0.187138,0.713262,0.116343,0.152327,0.701550,-0.092529,0.152091,0.340320,0.137176,0.222185,0.328608,-0.071696,0.221950,0.505617,0.173661,0.015916,0.683892,-0.136906,0.015879,0.448706,0.176848,0.020167,0.167135,-0.107931,0.015867
0.525835,0.022461,0.179116,0.717749,0.116440,0.141994,0.706052,-0.092433,0.142205,0.345618,0.137354,0.216027,0.333921,-0.071518,0.216239,0.506140,0.173684,0.015914,0.684069,-0.136851,0.015860,0.448779,0.176896,0.015921,0.180900,-0.108673,0.015788
0.530252,0.022430,0.169690,0.722080,0.116412,0.132137,0.710443,-0.092463,0.132656,0.350060,0.137324,0.206725,0.338423,-0.071551,0.207244,0.512604,0.173315,0.016016,0.684322,-0.136819,0.015884,0.449471,0.176832,0.015921,0.201805,-0.109909,0.026757
0.534662,0.022331,0.159580,0.726958,0.116267,0.124374,0.715332,-0.092609,0.125109,0.353992,0.137271,0.194052,0.342366,-0.071604,0.194786,0.524483,0.172689,0.019784,0.684774,-0.136813,0.015840,0.450079,0.176817,0.015941,0.234133,-0.111660,0.035928
0.539465,0.021988,0.149248,0.732711,0.115907,0.119647,0.721098,-0.092970,0.120344,0.357832,0.136945,0.178151,0.346218,-0.071931,0.178848,0.541944,0.171728,0.028064,0.685424,-0.136855,0.015942,0.450652,0.176764,0.015915,0.271207,-0.113742,0.040485
0.544873,0.021385,0.139167,0.739280,0.115307,0.118535,0.727663,-0.093570,0.118820,0.362082,0.136340,0.159515,0.350465,-0.072537,0.159799,0.563265,0.170506,0.037723,0.686235,-0.136926,0.016025,0.451161,0.176711,0.015873,0.305982,-0.115742,0.042801
0.550987,0.020546,0.129893,0.746291,0.114486,0.121357,0.734698,-0.094392,0.120888,0.367277,0.135483,0.138897,0.355684,-0.073395,0.138428,0.588404,0.168941,0.044976,0.687100,-0.137034,0.016006,0.451579,0.176601,0.015796,0.335077,-0.117563,0.045742
0.557876,0.019699,0.122192,0.753311,0.113568,0.128096,0.741706,-0.095306,0.126797,0.374045,0.134704,0.117587,0.362440,-0.074169,0.116287,0.615187,0.167255,0.048946,0.687920,-0.137149,0.015865,0.451936,0.176531,0.015738,0.357077,-0.118969,0.048258
0.565331,0.019005,0.117033,0.759712,0.112761,0.138642,0.748091,-0.096108,0.136759,0.382571,0.134117,0.097307,0.370950,-0.074751,0.095424,0.641743,0.165640,0.050642,0.688624,-0.137231,0.015824,0.452240,0.176499,0.015680,0.372763,-0.119955,0.048933
0.572830,0.018463,0.115368,0.764858,0.112156,0.152626,0.753234,-0.096710,0.150449,0.392426,0.133636,0.080287,0.380802,-0.075229,0.078109,0.667566,0.164144,0.051859,0.689222,-0.137266,0.015785,0.452618,0.176483,0.015617,0.384593,-0.120639,0.047047
0.579771,0.017960,0.117563,0.768395,0.111651,0.169371,0.756759,-0.097213,0.167078,0.402783,0.133132,0.068049,0.391146,-0.075731,0.065756,0.692053,0.162694,0.053939,0.689731,-0.137341,0.015825,0.453232,0.176419,0.015737,0.394797,-0.121216,0.043712
0.585611,0.017609,0.123125,0.770218,0.111437,0.187605,0.758620,-0.097430,0.185376,0.412601,0.132647,0.060875,0.401003,-0.076219,0.058646,0.713312,0.161528,0.055617,0.690249,-0.137347,0.015891,0.454229,0.176338,0.015918,0.404736,-0.121742,0.039191
0.590174,0.017296,0.131088,0.770840,0.111249,0.205744,0.759244,-0.097618,0.203553,0.421104,0.132210,0.058622,0.409507,-0.076657,0.056431,0.729875,0.160645,0.053262,0.690769,-0.137370,0.015880,0.455626,0.176261,0.016180,0.414594,-0.122217,0.033044
0.593775,0.016876,0.140090,0.771223,0.110875,0.222050,0.759648,-0.097991,0.219669,0.427901,0.131743,0.060512,0.416326,-0.077123,0.058131,0.741025,0.160077,0.046129,0.691329,-0.137404,0.015909,0.457222,0.176147,0.016102,0.424346,-0.122690,0.023054
0.597111,0.016266,0.148796,0.772589,0.110073,0.235102,0.760953,-0.098783,0.232224,0.433268,0.131315,0.065367,0.421632,-0.077541,0.062489,0.745966,0.159829,0.035687,0.691906,-0.137482,0.015961,0.458749,0.176101,0.015941,0.429699,-0.122872,0.015832
0.601200,0.016106,0.156818,0.776848,0.109712,0.242995,0.764497,-0.099114,0.241077,0.437903,0.131325,0.072558,0.425551,-0.077501,0.070641,0.741437,0.159393,0.019212,0.692602,-0.138327,0.016153,0.460078,0.176066,0.015838,0.430616,-0.122829,0.015904
0.605614,0.016113,0.164442,0.781707,0.109851,0.249564,0.769317,-0.098977,0.248088,0.441911,0.131203,0.080795,0.429521,-0.077625,0.079319,0.742311,0.159371,0.015859,0.702256,-0.138919,0.020175,0.456822,0.176245,0.024872,0.431313,-0.122814,0.015995
0.609875,0.016014,0.172497,0.786042,0.109849,0.257357,0.773651,-0.098980,0.256132,0.446098,0.131008,0.088863,0.433707,-0.077821,0.087638,0.743060,0.159347,0.015895,0.718796,-0.139903,0.025451,0.451679,0.176405,0.055269,0.431817,-0.122818,0.015897
0.614112,0.015961,0.181149,0.790357,0.109927,0.265702,0.777985,-0.098904,0.264773,0.450240,0.130826,0.097525,0.437868,-0.078006,0.096595,0.743856,0.159324,0.015911,0.740621,-0.141181,0.031123,0.452839,0.176216,0.094346,0.432122,-0.122837,0.015874
0.618553,0.015755,0.190369,0.795125,0.109748,0.274207,0.782760,-0.099084,0.273372,0.454347,0.130594,0.107366,0.441982,-0.078239,0.106531,0.744715,0.159296,0.015846,0.768106,-0.142799,0.036251,0.457034,0.175964,0.107547,0.432233,-0.122829,0.015875
0.623329,0.015533,0.199205,0.800427,0.109546,0.281903,0.788063,-0.099287,0.281183,0.458595,0.130354,0.117228,0.446231,-0.078480,0.116507,0.745575,0.159242,0.015920,0.798200,-0.144589,0.041322,0.461281,0.175724,0.117384,0.432238,-0.122834,0.015866
0.628496,0.015335,0.207139,0.806491,0.109354,0.287884,0.794124,-0.099480,0.287302,0.462868,0.130150,0.126976,0.450502,-0.078684,0.126395,0.746441,0.159197,0.015911,0.828283,-0.146361,0.046333,0.465555,0.175520,0.127106,0.432148,-0.122819,0.015855
0.634137,0.015182,0.213912,0.813465,0.109204,0.291646,0.801097,-0.099630,0.291267,0.467178,0.129995,0.136556,0.454809,-0.078839,0.136177,0.747239,0.159156,0.015855,0.857529,-0.148067,0.051318,0.469865,0.175365,0.136642,0.431993,-0.122800,0.015868
0.640362,0.015068,0.219337,0.821462,0.109068,0.292876,0.809078,-0.099765,0.292750,0.471646,0.129901,0.145925,0.459261,-0.078932,0.145799,0.747932,0.159126,0.015802,0.884874,-0.149646,0.055739,0.474336,0.175272,0.145955,0.431795,-0.122754,0.015879
0.647221,0.014999,0.223275,0.830430,0.108986,0.291407,0.818054,-0.099847,0.291595,0.476388,0.129846,0.154956,0.464011,-0.078988,0.155144,0.748495,0.159124,0.015887,0.908644,-0.150955,0.058489,0.479076,0.175216,0.154922,0.431582,-0.122721,0.015894
0.654700,0.014992,0.225551,0.840240,0.108957,0.287085,0.827870,-0.099876,0.287670,0.481530,0.129859,0.163431,0.469160,-0.078974,0.164016,0.748919,0.159137,0.015886,0.927213,-0.151934,0.057881,0.484217,0.175230,0.163310,0.431381,-0.122681,0.015901
0.662719,0.014977,0.225939,0.850682,0.108888,0.279712,0.838311,-0.099943,0.280730,0.487127,0.129896,0.171149,0.474755,-0.078935,0.172166,0.749211,0.159144,0.015906,0.939745,-0.152594,0.052579,0.489814,0.175266,0.170934,0.431216,-0.122647,0.015915
0.671137,0.014931,0.224202,0.861469,0.108755,0.269055,0.849099,-0.100074,0.270513,0.493176,0.129936,0.177890,0.480805,-0.078893,0.179348,0.749405,0.159157,0.015922,0.946101,-0.152945,0.042110,0.495862,0.175305,0.177579,0.431102,-0.122621,0.015916
0.679830,0.014671,0.220435,0.872284,0.108359,0.255439,0.859929,-0.100469,0.257154,0.499731,0.129812,0.183716,0.487376,-0.079016,0.185432,0.749572,0.159182,0.015933,0.945416,-0.152970,0.024405,0.503270,0.175093,0.178826,0.431054,-0.122608,0.015914
0.688567,0.014145,0.215441,0.882617,0.107656,0.240763,0.870254,-0.101171,0.242518,0.506879,0.129460,0.188364,0.494516,-0.079367,0.190118,0.749831,0.159160,0.015951,0.943522,-0.152943,0.015865,0.513129,0.174504,0.174304,0.431116,-0.122608,0.015915
0.696416,0.013939,0.211638,0.891281,0.107364,0.230092,0.878911,-0.101460,0.232128,0.513921,0.129338,0.191149,0.501551,-0.079486,0.193185,0.750230,0.159163,0.015975,0.943005,-0.152897,0.015873,0.526181,0.173876,0.163693,0.431248,-0.122583,0.015900
0.703633,0.013809,0.208901,0.898940,0.107181,0.222237,0.886571,-0.101639,0.224598,0.520694,0.129258,0.193204,0.508325,-0.079563,0.195566,0.750686,0.159163,0.015974,0.942756,-0.152860,0.015887,0.541486,0.173090,0.151745,0.431386,-0.122570,0.015895
0.710559,0.013611,0.206689,0.906135,0.106932,0.215776,0.893768,-0.101886,0.218366,0.527351,0.129108,0.195013,0.514984,-0.079710,0.197602,0.751167,0.159165,0.015958,0.942644,-0.152825,0.015886,0.558111,0.172139,0.140178,0.431520,-0.122553,0.015884
0.717337,0.013351,0.204781,0.913078,0.106616,0.210104,0.900705,-0.102200,0.212856,0.533969,0.128903,0.196706,0.521596,-0.079913,0.199458,0.751674,0.159154,0.015946,0.942618,-0.152813,0.015886,0.575678,0.171073,0.129035,0.431639,-0.122536,0.015875
0.724034,0.013023,0.203133,0.919863,0.106237,0.204936,0.907489,-0.102577,0.207793,0.540578,0.128624,0.198473,0.528204,-0.080190,0.201330,0.752189,0.159121,0.015923,0.942656,-0.152821,0.015895,0.593829,0.169905,0.118266,0.431728,-0.122545,0.015870
0.730691,0.012627,0.201750,0.926544,0.105794,0.200093,0.914172,-0.103020,0.202971,0.547209,0.128274,0.200528,0.534838,-0.080540,0.203407,0.752709,0.159087,0.015848,0.942746,-0.152826,0.015894,0.612475,0.168659,0.107500,0.431774,-0.122553,0.015865
0.737351,0.012207,0.200623,0.933162,0.105327,0.195372,0.920791,-0.103487,0.198223,0.553911,0.127901,0.203022,0.541539,-0.080913,0.205874,0.753244,0.159069,0.015829,0.942877,-0.152819,0.015895,0.631191,0.167402,0.096493,0.431758,-0.122537,0.015863
0.744031,0.011787,0.199654,0.939719,0.104863,0.190466,0.927349,-0.103952,0.193307,0.560714,0.127527,0.206002,0.548343,-0.081288,0.208843,0.753802,0.159033,0.015755,0.943034,-0.152829,0.015891,0.649472,0.166155,0.084902,0.431667,-0.122536,0.015867
