0.011071,0.017868,0.353703,0.201746,0.121088,0.359167,0.200217,-0.088106,0.359580,-0.178074,0.123842,0.347826,-0.179604,-0.085352,0.348239,0.210362,0.166171,0.204579,0.200046,-0.133921,0.174908,-0.160042,0.168797,0.162842,-0.164654,-0.131264,0.169939
0.015856,0.026688,0.348215,0.206894,0.129129,0.355393,0.204539,-0.080057,0.354963,-0.172827,0.133432,0.341467,-0.175181,-0.075754,0.341037,0.193693,0.175068,0.191492,0.160622,-0.124614,0.159575,-0.158905,0.179146,0.138334,-0.177573,-0.120803,0.157549
0.019193,0.035484,0.338561,0.210702,0.136884,0.347715,0.207245,-0.072284,0.346552,-0.168858,0.143253,0.330569,-0.172315,-0.065916,0.329407,0.190760,0.183587,0.182855,0.132018,-0.115378,0.145129,-0.155409,0.189670,0.117898,-0.180398,-0.110216,0.145454
0.021753,0.044304,0.325454,0.213916,0.144225,0.336872,0.208888,-0.064908,0.335180,-0.165382,0.153515,0.315728,-0.170410,-0.055617,0.314036,0.193077,0.191554,0.168323,0.115217,-0.106424,0.125528,-0.153090,0.200460,0.096195,-0.176897,-0.099435,0.129651
0.023705,0.053139,0.308974,0.216611,0.151314,0.322755,0.209732,-0.057762,0.320631,-0.162323,0.164040,0.297317,-0.169202,-0.045036,0.295194,0.197094,0.199254,0.143493,0.112238,-0.097798,0.100764,-0.149882,0.211398,0.071773,-0.168428,-0.088623,0.106538
0.025195,0.062012,0.289117,0.218766,0.158538,0.305060,0.210135,-0.050471,0.302750,-0.159745,0.174494,0.275483,-0.168376,-0.034515,0.273173,0.202832,0.206860,0.108469,0.118708,-0.089625,0.070870,-0.143263,0.221869,0.043532,-0.158079,-0.078239,0.074827
0.026475,0.070946,0.265822,0.220448,0.166410,0.283197,0.210615,-0.042553,0.281682,-0.157666,0.184445,0.249963,-0.167499,-0.024519,0.248448,0.210870,0.213943,0.065147,0.128023,-0.082396,0.037241,-0.136687,0.230657,0.015748,-0.148959,-0.069333,0.033272
0.028997,0.077797,0.242500,0.222702,0.174576,0.254887,0.213922,-0.034410,0.258413,-0.155929,0.190004,0.226588,-0.164708,-0.018982,0.230114,0.213553,0.216425,0.015923,0.131795,-0.080547,0.015988,-0.135163,0.231076,0.016028,-0.147650,-0.068809,0.015921
0.034187,0.082092,0.225522,0.228131,0.178989,0.231694,0.219397,-0.029874,0.239733,-0.151023,0.194058,0.211310,-0.159756,-0.014805,0.219349,0.212429,0.216865,0.015954,0.131568,-0.080336,0.016012,-0.134016,0.231346,0.015802,-0.153888,-0.068406,0.015835
0.039552,0.083542,0.215063,0.233569,0.180410,0.218926,0.224819,-0.028363,0.229007,-0.145715,0.195447,0.201118,-0.154465,-0.013327,0.211200,0.212143,0.217050,0.015963,0.131613,-0.080284,0.016038,-0.133058,0.231515,0.015891,-0.153149,-0.068353,0.015954
0.044969,0.083778,0.207129,0.239023,0.180624,0.209365,0.230303,-0.028106,0.220330,-0.140365,0.195663,0.193927,-0.149085,-0.013067,0.204892,0.212106,0.217144,0.016018,0.131781,-0.080275,0.016042,-0.132241,0.231526,0.015955,-0.152335,-0.068407,0.016010
0.050220,0.083603,0.199614,0.244323,0.180373,0.200403,0.235592,-0.028334,0.211799,-0.135153,0.195539,0.187429,-0.143883,-0.013167,0.198825,0.212175,0.217207,0.016018,0.131980,-0.080245,0.016050,-0.131456,0.231579,0.015950,-0.151508,-0.068387,0.016031
0.055214,0.083305,0.192756,0.249339,0.180034,0.192190,0.240637,-0.028656,0.203900,-0.130208,0.195267,0.181611,-0.138911,-0.013424,0.193321,0.212324,0.217252,0.016008,0.132223,-0.080238,0.016051,-0.130719,0.231554,0.015966,-0.150806,-0.068438,0.016011
0.059990,0.082970,0.187219,0.254148,0.179616,0.185477,0.245426,-0.029063,0.197372,-0.125447,0.195002,0.177066,-0.134169,-0.013677,0.188962,0.212549,0.217257,0.015995,0.132519,-0.080244,0.016042,-0.130061,0.231572,0.015906,-0.150186,-0.068432,0.015973
0.064670,0.082687,0.183215,0.258839,0.179287,0.180381,0.250131,-0.029383,0.192454,-0.120792,0.194758,0.173977,-0.129500,-0.013912,0.186050,0.212844,0.217259,0.015965,0.132857,-0.080262,0.016026,-0.129489,0.231536,0.015828,-0.149672,-0.068481,0.015880
0.069329,0.082481,0.180275,0.263510,0.179019,0.176337,0.254803,-0.029639,0.188601,-0.116145,0.194602,0.171949,-0.124852,-0.014056,0.184214,0.213191,0.217258,0.015931,0.133231,-0.080280,0.015997,-0.128593,0.231510,0.015776,-0.149214,-0.068506,0.015821
0.074120,0.082405,0.178220,0.268309,0.178881,0.173308,0.259597,-0.029762,0.185831,-0.111357,0.194573,0.170610,-0.120069,-0.014070,0.183133,0.213595,0.217290,0.015923,0.143056,-0.080479,0.019033,-0.125801,0.231956,0.024136,-0.148800,-0.068488,0.015768
0.079155,0.082230,0.177205,0.273343,0.178672,0.171621,0.264638,-0.029963,0.184273,-0.106328,0.194423,0.170138,-0.115032,-0.014213,0.182790,0.214051,0.217275,0.015885,0.159486,-0.080802,0.025091,-0.116971,0.232300,0.035907,-0.148415,-0.068525,0.015706
0.084358,0.081779,0.177165,0.278539,0.178222,0.171360,0.269849,-0.030431,0.183726,-0.101133,0.193990,0.170605,-0.109823,-0.014663,0.182971,0.214557,0.217237,0.015813,0.179251,-0.081220,0.031987,-0.102994,0.232134,0.044009,-0.148063,-0.068556,0.015648
0.089681,0.080948,0.177966,0.283842,0.177443,0.172377,0.275194,-0.031257,0.183955,-0.095833,0.193153,0.171976,-0.104480,-0.015547,0.183554,0.215086,0.217160,0.015718,0.201276,-0.081901,0.037081,-0.085767,0.231337,0.046565,-0.147717,-0.068624,0.015754
0.095084,0.079659,0.179269,0.289215,0.176244,0.174225,0.280632,-0.032530,0.184443,-0.090465,0.191847,0.174094,-0.099047,-0.016927,0.184312,0.215624,0.217056,0.015753,0.223288,-0.082837,0.038933,-0.065514,0.230053,0.045156,-0.147388,-0.068731,0.015783
0.100632,0.077888,0.180634,0.294726,0.174587,0.176357,0.286223,-0.034275,0.184670,-0.084960,0.190052,0.176598,-0.093462,-0.018810,0.184912,0.216169,0.216917,0.015808,0.243254,-0.083931,0.036930,-0.041369,0.228432,0.041699,-0.147043,-0.068882,0.015833
0.106514,0.075645,0.181643,0.300585,0.172420,0.178121,0.292130,-0.036525,0.184050,-0.079101,0.187816,0.179236,-0.087556,-0.021129,0.185164,0.216738,0.216714,0.015841,0.257848,-0.085056,0.028522,-0.013476,0.226657,0.037952,-0.146655,-0.069047,0.015852
0.112764,0.073112,0.181660,0.306811,0.169936,0.178185,0.298388,-0.039069,0.181477,-0.072861,0.185294,0.181843,-0.081283,-0.023711,0.185136,0.217322,0.216477,0.015853,0.259552,-0.085602,0.016081,0.014905,0.224928,0.034446,-0.146251,-0.069252,0.015868
0.118862,0.071548,0.181366,0.312908,0.168374,0.177917,0.304470,-0.040648,0.179730,-0.066747,0.183745,0.183002,-0.075185,-0.025277,0.184814,0.217838,0.216296,0.015901,0.260064,-0.085764,0.015995,0.034925,0.223792,0.028787,-0.145887,-0.069377,0.015831
0.124654,0.071495,0.180376,0.318672,0.168375,0.176835,0.310297,-0.040647,0.178945,-0.060989,0.183637,0.181807,-0.069364,-0.025385,0.183917,0.214951,0.216403,0.016726,0.260576,-0.085789,0.015950,0.043079,0.223281,0.015822,-0.144455,-0.069561,0.015821
0.130127,0.071785,0.178848,0.324159,0.168625,0.175010,0.315752,-0.040390,0.177624,-0.055498,0.183960,0.180072,-0.063905,-0.025055,0.182686,0.211826,0.216736,0.023283,0.261069,-0.085703,0.015887,0.043638,0.223409,0.015930,-0.136847,-0.069699,0.015804
0.135294,0.071259,0.178676,0.329344,0.168074,0.175162,0.320903,-0.040943,0.177503,-0.050315,0.183460,0.179849,-0.058757,-0.025557,0.182190,0.218007,0.216363,0.023632,0.261549,-0.085846,0.015839,0.044099,0.223300,0.015916,-0.125544,-0.070213,0.015832
0.140391,0.070297,0.178816,0.334460,0.167102,0.176121,0.325989,-0.041922,0.177581,-0.045206,0.182516,0.180052,-0.053678,-0.026507,0.181512,0.227811,0.215863,0.025962,0.262032,-0.085948,0.015779,0.044570,0.223219,0.015885,-0.111663,-0.070796,0.016824
0.145501,0.069031,0.178967,0.339586,0.165831,0.177521,0.331094,-0.043197,0.177726,-0.040091,0.181258,0.180208,-0.048583,-0.027769,0.180413,0.237352,0.215325,0.028667,0.262515,-0.086057,0.015789,0.045046,0.223126,0.015839,-0.097771,-0.071418,0.017907
0.150599,0.067711,0.179022,0.344713,0.164462,0.179006,0.336166,-0.044560,0.177932,-0.034968,0.179982,0.180112,-0.043515,-0.029041,0.179039,0.246005,0.214747,0.031110,0.262990,-0.086224,0.015839,0.045522,0.223024,0.015750,-0.085760,-0.071978,0.018753
0.155657,0.066353,0.178953,0.349762,0.163112,0.180405,0.341236,-0.045900,0.177983,-0.029921,0.178606,0.179924,-0.038448,-0.030406,0.177502,0.254255,0.214201,0.033446,0.263461,-0.086340,0.015874,0.045994,0.222903,0.015662,-0.075725,-0.072551,0.019942
0.160654,0.065102,0.178810,0.354747,0.161854,0.181630,0.346240,-0.047141,0.177989,-0.024931,0.177345,0.179630,-0.033439,-0.031651,0.175989,0.262434,0.213649,0.035692,0.263922,-0.086461,0.015907,0.046462,0.222790,0.015641,-0.067146,-0.073081,0.021469
0.165563,0.063972,0.178676,0.359631,0.160732,0.182746,0.351166,-0.048243,0.178017,-0.020040,0.176188,0.179335,-0.028504,-0.032787,0.174606,0.270828,0.213102,0.038086,0.264371,-0.086560,0.015981,0.046925,0.222677,0.015706,-0.059323,-0.073623,0.023715
0.170381,0.063026,0.178634,0.364422,0.159788,0.183776,0.355998,-0.049166,0.178147,-0.015236,0.175219,0.179120,-0.023660,-0.033735,0.173491,0.279706,0.212558,0.040824,0.264815,-0.086625,0.015970,0.047374,0.222599,0.015780,-0.051721,-0.074156,0.026805
0.175155,0.062263,0.178729,0.369191,0.158988,0.184714,0.360762,-0.049947,0.178404,-0.010452,0.174474,0.179054,-0.018880,-0.034461,0.172744,0.289087,0.211978,0.043959,0.265246,-0.086694,0.015923,0.047822,0.222558,0.015915,-0.043908,-0.074664,0.030543
0.179944,0.061699,0.178987,0.373966,0.158408,0.185635,0.365550,-0.050514,0.178892,-0.005661,0.173912,0.179082,-0.014077,-0.035010,0.172339,0.299044,0.211418,0.046790,0.265678,-0.086740,0.015880,0.048256,0.222516,0.015924,-0.035586,-0.075196,0.034209
0.184784,0.061325,0.179400,0.378799,0.158010,0.186583,0.370379,-0.050905,0.179637,-0.000810,0.173556,0.179163,-0.009230,-0.035359,0.172218,0.311356,0.210829,0.048536,0.266114,-0.086770,0.015838,0.048700,0.222498,0.015970,-0.026473,-0.075701,0.037604
0.189717,0.061012,0.179824,0.383736,0.157650,0.187479,0.375285,-0.051260,0.180437,0.004148,0.173285,0.179211,-0.004303,-0.035626,0.172169,0.326635,0.210140,0.049023,0.266555,-0.086826,0.015825,0.049145,0.222479,0.016004,-0.016150,-0.076226,0.040635
0.194799,0.060776,0.180081,0.388816,0.157385,0.188178,0.380349,-0.051525,0.181118,0.009250,0.173076,0.179044,0.000783,-0.035833,0.171984,0.344849,0.209403,0.048402,0.267015,-0.086859,0.015821,0.049612,0.222463,0.016034,-0.004128,-0.076787,0.042959
0.200091,0.060738,0.180048,0.394107,0.157316,0.188501,0.385615,-0.051599,0.181641,0.014566,0.173074,0.178455,0.006075,-0.035841,0.171595,0.364887,0.208674,0.046647,0.267495,-0.086865,0.015836,0.050097,0.222475,0.016035,0.009956,-0.077325,0.044109
0.205644,0.060898,0.179583,0.399680,0.157431,0.188100,0.391128,-0.051496,0.181703,0.020160,0.173292,0.177464,0.011608,-0.035635,0.171067,0.384708,0.208020,0.042218,0.267980,-0.086884,0.015789,0.050624,0.222498,0.015995,0.026329,-0.077844,0.043594
0.211512,0.061485,0.178567,0.405575,0.158004,0.186628,0.396967,-0.050948,0.181160,0.026058,0.173918,0.175975,0.017450,-0.035033,0.170507,0.402193,0.207653,0.033534,0.268497,-0.086832,0.015792,0.051194,0.222574,0.015950,0.044644,-0.078301,0.042242
0.217735,0.062637,0.176943,0.411839,0.159174,0.183700,0.403174,-0.049812,0.179890,0.032296,0.175087,0.173995,0.023632,-0.033899,0.170186,0.414517,0.207565,0.018784,0.269046,-0.086757,0.015813,0.051876,0.222654,0.015860,0.064511,-0.078742,0.041337
0.223882,0.063881,0.175545,0.417999,0.160463,0.181157,0.409323,-0.048547,0.179099,0.038440,0.176309,0.171992,0.029764,-0.032701,0.169934,0.415137,0.207701,0.015797,0.269621,-0.086632,0.015920,0.052551,0.222752,0.015877,0.085595,-0.079238,0.040779
0.229606,0.064308,0.175332,0.423716,0.160912,0.180812,0.415043,-0.048104,0.179551,0.044169,0.176720,0.171114,0.035496,-0.032296,0.169852,0.415595,0.207736,0.015762,0.270140,-0.086594,0.015924,0.053132,0.222775,0.015860,0.106719,-0.079943,0.037631
0.235195,0.064201,0.175614,0.429294,0.160819,0.181272,0.420632,-0.048199,0.180172,0.049759,0.176602,0.171056,0.041097,-0.032416,0.169955,0.416081,0.207727,0.015819,0.270641,-0.086608,0.015957,0.053647,0.222747,0.015837,0.122559,-0.080563,0.033436
0.240660,0.063667,0.175965,0.434750,0.160275,0.182071,0.426090,-0.048741,0.180592,0.055230,0.176075,0.171338,0.046570,-0.032940,0.169860,0.416581,0.207693,0.015855,0.271153,-0.086647,0.016003,0.054119,0.222712,0.015807,0.133249,-0.081012,0.027076
0.245887,0.062988,0.176283,0.439960,0.159588,0.183015,0.431311,-0.049424,0.181016,0.060462,0.175400,0.171551,0.051813,-0.033611,0.169552,0.417072,0.207624,0.015926,0.271650,-0.086730,0.015977,0.054559,0.222625,0.015775,0.138951,-0.081258,0.017930
0.250797,0.062531,0.176627,0.444862,0.159136,0.183502,0.436231,-0.049873,0.181207,0.065364,0.174934,0.172046,0.056732,-0.034075,0.169751,0.417521,0.207596,0.015956,0.272112,-0.086773,0.015983,0.054956,0.222571,0.015791,0.139408,-0.081290,0.015796
0.255385,0.062233,0.176871,0.449452,0.158865,0.183316,0.440846,-0.050144,0.180958,0.069924,0.174610,0.172784,0.061318,-0.034399,0.170425,0.417924,0.207543,0.015962,0.278562,-0.087093,0.016011,0.055506,0.222467,0.015799,0.139848,-0.081378,0.015740
0.259885,0.062386,0.176912,0.453949,0.159045,0.183043,0.445359,-0.049969,0.181046,0.074412,0.174740,0.172778,0.065822,-0.034274,0.170781,0.418320,0.207596,0.015930,0.292459,-0.087604,0.016518,0.059801,0.222331,0.015819,0.140283,-0.081342,0.015674
0.264515,0.063248,0.176830,0.458557,0.159982,0.182428,0.450011,-0.049042,0.181663,0.079019,0.175538,0.171997,0.070473,-0.033486,0.171231,0.418712,0.207709,0.015965,0.309801,-0.088200,0.018527,0.067586,0.222061,0.017016,0.140735,-0.081277,0.015605
0.269313,0.064598,0.176618,0.463363,0.161356,0.181484,0.454794,-0.047666,0.182543,0.083833,0.176862,0.170693,0.075263,-0.032160,0.171752,0.419111,0.207820,0.015955,0.327040,-0.088731,0.021856,0.076930,0.221862,0.018424,0.141182,-0.081142,0.015668
0.274200,0.066231,0.176386,0.468252,0.163025,0.180377,0.459670,-0.045973,0.183628,0.088731,0.178435,0.169144,0.080149,-0.030564,0.172394,0.419530,0.207962,0.015891,0.342320,-0.089101,0.025901,0.086115,0.221711,0.019666,0.141635,-0.081019,0.015693
0.279081,0.068039,0.176282,0.473138,0.164857,0.179290,0.464536,-0.044090,0.184923,0.093626,0.180168,0.167640,0.085023,-0.028779,0.173273,0.419957,0.208146,0.015872,0.355406,-0.089273,0.030214,0.094252,0.221697,0.021099,0.142074,-0.080880,0.015723
0.283875,0.069931,0.176423,0.477962,0.166716,0.178377,0.469289,-0.042147,0.186474,0.098460,0.182009,0.166373,0.089787,-0.026854,0.174470,0.420388,0.208329,0.015841,0.366241,-0.089283,0.034506,0.101306,0.221843,0.022681,0.142480,-0.080720,0.015726
0.288522,0.071793,0.176850,0.482653,0.168506,0.177754,0.473881,-0.040244,0.188288,0.103162,0.183829,0.165413,0.094391,-0.024921,0.175947,0.420815,0.208480,0.015795,0.375263,-0.089199,0.038652,0.107667,0.222063,0.024216,0.142855,-0.080587,0.015795
0.293011,0.073639,0.177530,0.487204,0.170232,0.177423,0.478293,-0.038381,0.190307,0.107729,0.185659,0.164752,0.098818,-0.022954,0.177636,0.421238,0.208642,0.015739,0.382806,-0.089004,0.042582,0.113773,0.222389,0.025685,0.143195,-0.080425,0.015766
0.297326,0.075363,0.178422,0.491573,0.171841,0.177392,0.482538,-0.036619,0.192473,0.112113,0.187345,0.164372,0.103078,-0.021115,0.179453,0.421646,0.208784,0.015671,0.389016,-0.088766,0.046104,0.119773,0.222671,0.026779,0.143499,-0.080319,0.015772
0.301458,0.076927,0.179444,0.495781,0.173241,0.177635,0.486575,-0.035061,0.194659,0.116341,0.188916,0.164229,0.107135,-0.019387,0.181253,0.422043,0.208907,0.015646,0.394119,-0.088506,0.049239,0.125626,0.222991,0.027673,0.143784,-0.080178,0.015763
0.305424,0.078278,0.180539,0.499795,0.174482,0.178108,0.490474,-0.033671,0.196821,0.120374,0.190226,0.164257,0.111054,-0.017927,0.182970,0.422424,0.209023,0.015687,0.398714,-0.088254,0.052065,0.131339,0.223212,0.028530,0.144044,-0.080115,0.015760
0.309270,0.079430,0.181703,0.503698,0.175508,0.178848,0.494238,-0.032505,0.198988,0.124303,0.191364,0.164419,0.114843,-0.016649,0.184559,0.422783,0.209110,0.015797,0.403096,-0.088037,0.054728,0.136956,0.223449,0.029637,0.144290,-0.080032,0.015847
0.313041,0.080353,0.182932,0.507509,0.176341,0.179854,0.497938,-0.031555,0.201122,0.128144,0.192260,0.164741,0.118572,-0.015635,0.186010,0.423142,0.209184,0.015871,0.407666,-0.087841,0.057367,0.142635,0.223647,0.031008,0.144539,-0.079970,0.015895
0.316785,0.081062,0.184182,0.511270,0.177016,0.181029,0.501638,-0.030785,0.203176,0.131933,0.192910,0.165187,0.122301,-0.014891,0.187335,0.423489,0.209244,0.015924,0.412468,-0.087675,0.059938,0.148590,0.223765,0.032622,0.144773,-0.079956,0.015942
0.320557,0.081505,0.185428,0.515064,0.177416,0.182377,0.505354,-0.030320,0.205094,0.135761,0.193330,0.165763,0.126051,-0.014406,0.188480,0.423841,0.209254,0.015979,0.417588,-0.087587,0.062446,0.155045,0.223824,0.034311,0.145025,-0.079928,0.015977
0.324406,0.081741,0.186642,0.518919,0.177647,0.183805,0.509164,-0.030052,0.206834,0.139648,0.193535,0.166450,0.129894,-0.014165,0.189480,0.424194,0.209273,0.016037,0.423067,-0.087529,0.064857,0.162061,0.223807,0.036091,0.145296,-0.079902,0.015997
0.328377,0.081673,0.187784,0.522862,0.177643,0.185253,0.513139,-0.030054,0.208312,0.143616,0.193400,0.167256,0.133892,-0.014298,0.190315,0.424541,0.209242,0.016062,0.428853,-0.087571,0.067045,0.169817,0.223571,0.037718,0.145560,-0.079971,0.016036
0.332513,0.081367,0.188920,0.526970,0.177406,0.186865,0.517275,-0.030324,0.209645,0.147752,0.193059,0.168196,0.138057,-0.014671,0.190976,0.424905,0.209213,0.016076,0.435887,-0.087746,0.068764,0.178413,0.223278,0.039429,0.145857,-0.079989,0.016057
0.336852,0.080765,0.190125,0.531245,0.176945,0.188726,0.521649,-0.030850,0.210945,0.152055,0.192380,0.169305,0.142459,-0.015416,0.191524,0.425295,0.209134,0.016073,0.445270,-0.088199,0.069547,0.188233,0.222760,0.041122,0.146145,-0.080106,0.016053
0.341457,0.079887,0.191412,0.535782,0.176213,0.190912,0.526281,-0.031681,0.212237,0.156632,0.191455,0.170587,0.147131,-0.016438,0.191912,0.425728,0.209043,0.016065,0.457164,-0.088896,0.069526,0.199815,0.222107,0.042776,0.146486,-0.080185,0.016038
0.346384,0.078705,0.192671,0.540610,0.175230,0.193235,0.531269,-0.032792,0.213340,0.161499,0.190202,0.172002,0.152158,-0.017820,0.192107,0.426172,0.208952,0.016052,0.470973,-0.089789,0.068516,0.214084,0.221162,0.043845,0.146874,-0.080303,0.016078
0.351669,0.077187,0.193633,0.545787,0.173915,0.195395,0.536623,-0.034258,0.213960,0.166715,0.188632,0.173307,0.157551,-0.019541,0.191872,0.426662,0.208835,0.016011,0.485876,-0.090906,0.065862,0.231902,0.219920,0.044171,0.147334,-0.080444,0.016069
0.357372,0.075249,0.194201,0.551382,0.172162,0.197237,0.542405,-0.036181,0.213892,0.172340,0.186678,0.174510,0.163363,-0.021665,0.191165,0.427181,0.208656,0.015909,0.500692,-0.092307,0.060196,0.252469,0.218346,0.042956,0.147846,-0.080634,0.016015
0.363535,0.072769,0.194221,0.557456,0.169815,0.198504,0.548658,-0.038718,0.212694,0.178413,0.184256,0.175748,0.169615,-0.024276,0.189939,0.427745,0.208451,0.015831,0.514033,-0.093914,0.050151,0.269778,0.216665,0.038604,0.148434,-0.080818,0.015958
0.370064,0.070045,0.192731,0.563926,0.167173,0.197721,0.555316,-0.041530,0.209283,0.184812,0.181621,0.176178,0.176202,-0.027082,0.187741,0.428310,0.208247,0.015786,0.522338,-0.095485,0.033147,0.287598,0.215062,0.034014,0.149087,-0.081045,0.015841
0.376907,0.067291,0.189356,0.570801,0.164382,0.193766,0.562313,-0.044453,0.202742,0.191501,0.179035,0.175971,0.183012,-0.029800,0.184946,0.428868,0.208035,0.015867,0.521254,-0.096335,0.016087,0.304899,0.213636,0.028931,0.149796,-0.081253,0.015702
0.383503,0.065834,0.185375,0.577431,0.162897,0.188847,0.568999,-0.045984,0.196739,0.198007,0.177652,0.174011,0.189576,-0.031229,0.181903,0.429725,0.207846,0.015932,0.521596,-0.096421,0.015932,0.317267,0.212493,0.018791,0.150535,-0.081448,0.015795
0.389625,0.065567,0.181603,0.583637,0.162489,0.184184,0.575089,-0.046386,0.192134,0.204161,0.177520,0.171072,0.195612,-0.031354,0.179022,0.440318,0.207503,0.016769,0.521981,-0.096441,0.015892,0.317843,0.212482,0.015902,0.151301,-0.081274,0.015802
0.395274,0.065010,0.179154,0.589332,0.161853,0.181168,0.580732,-0.047031,0.188806,0.209815,0.177051,0.169503,0.201216,-0.031833,0.177141,0.459597,0.206719,0.017252,0.522388,-0.096472,0.015849,0.318364,0.212486,0.015935,0.154980,-0.081347,0.015812
0.400684,0.063843,0.177826,0.594792,0.160582,0.180032,0.586104,-0.048334,0.186613,0.215265,0.176019,0.169039,0.206577,-0.032897,0.175619,0.478330,0.205883,0.019577,0.522820,-0.096594,0.015786,0.318890,0.212400,0.015960,0.161967,-0.081575,0.016185
0.405931,0.062256,0.177215,0.600067,0.158919,0.180129,0.591318,-0.050039,0.185124,0.220543,0.174550,0.169306,0.211794,-0.034407,0.174301,0.492184,0.205173,0.022613,0.523250,-0.096741,0.015729,0.319392,0.212249,0.015981,0.170265,-0.081950,0.016219
0.411017,0.060570,0.176968,0.605180,0.157141,0.180933,0.596358,-0.051847,0.184186,0.225675,0.172987,0.169750,0.216853,-0.036002,0.173004,0.502136,0.204564,0.025278,0.523682,-0.096897,0.015799,0.319889,0.212112,0.015951,0.178180,-0.082311,0.015885
0.415953,0.058914,0.176905,0.610128,0.155405,0.182059,0.601254,-0.053601,0.183595,0.230651,0.171430,0.170215,0.221777,-0.037576,0.171751,0.510017,0.204012,0.027562,0.524110,-0.097051,0.015849,0.320368,0.211979,0.015900,0.184707,-0.082640,0.015904
0.420738,0.057381,0.176971,0.614917,0.153794,0.183310,0.606002,-0.055216,0.183295,0.235473,0.169978,0.170646,0.226559,-0.039032,0.170632,0.516979,0.203473,0.029635,0.524531,-0.097221,0.015882,0.320826,0.211840,0.015821,0.190164,-0.082961,0.015915
0.425380,0.055992,0.177139,0.619553,0.152332,0.184681,0.610613,-0.056671,0.183225,0.240148,0.168656,0.171053,0.231208,-0.040348,0.169596,0.524178,0.202969,0.031952,0.524943,-0.097334,0.015950,0.321273,0.211761,0.015735,0.195703,-0.083251,0.015938
0.429923,0.054688,0.177385,0.624063,0.150991,0.186113,0.615144,-0.058001,0.183349,0.244701,0.167376,0.171421,0.235782,-0.041616,0.168658,0.531889,0.202423,0.034605,0.525350,-0.097450,0.015947,0.321705,0.211644,0.015654,0.201449,-0.083640,0.016899
0.434397,0.053513,0.177693,0.628522,0.149742,0.187518,0.619587,-0.059230,0.183608,0.249208,0.166255,0.171778,0.240272,-0.042717,0.167869,0.540165,0.201825,0.037582,0.525746,-0.097580,0.015933,0.322134,0.211558,0.015642,0.207507,-0.084029,0.018955
0.438824,0.052475,0.178058,0.632917,0.148667,0.188837,0.624005,-0.060285,0.183917,0.253643,0.165235,0.172199,0.244731,-0.043717,0.167279,0.548721,0.201248,0.040814,0.526140,-0.097658,0.015897,0.322554,0.211485,0.015702,0.214002,-0.084488,0.021957
0.443214,0.051598,0.178491,0.637299,0.147721,0.190007,0.628367,-0.061210,0.184312,0.258061,0.164406,0.172671,0.249130,-0.044526,0.166975,0.557555,0.200614,0.044179,0.526528,-0.097773,0.015862,0.322967,0.211416,0.015766,0.221042,-0.084975,0.025413
0.447599,0.050873,0.179038,0.641657,0.146977,0.191144,0.632751,-0.061938,0.184834,0.262447,0.163684,0.173243,0.253541,-0.045231,0.166933,0.567764,0.199995,0.046907,0.526922,-0.097834,0.015837,0.323375,0.211351,0.015899,0.228745,-0.085524,0.029135
0.452017,0.050232,0.179684,0.646056,0.146310,0.192303,0.637162,-0.062590,0.185482,0.266872,0.163054,0.173885,0.257978,-0.045846,0.167064,0.580735,0.199302,0.048491,0.527321,-0.097890,0.015836,0.323776,0.211305,0.015906,0.237420,-0.086102,0.032793
0.456528,0.049690,0.180333,0.650547,0.145745,0.193427,0.641665,-0.063142,0.186216,0.271392,0.162522,0.174451,0.262510,-0.046365,0.167240,0.596810,0.198531,0.049091,0.527726,-0.097933,0.015820,0.324183,0.211266,0.015985,0.247429,-0.086721,0.036299
0.461197,0.049248,0.180844,0.655193,0.145284,0.194396,0.646320,-0.063595,0.186933,0.276073,0.162090,0.174754,0.267200,-0.046788,0.167291,0.615548,0.197688,0.048859,0.528140,-0.097981,0.015825,0.324613,0.211221,0.015990,0.259209,-0.087386,0.039038
0.466081,0.048927,0.180989,0.660079,0.144914,0.194868,0.651170,-0.063959,0.187298,0.280992,0.161813,0.174681,0.272083,-0.047060,0.167110,0.635989,0.196791,0.047856,0.528573,-0.098035,0.015775,0.325062,0.211205,0.016036,0.272876,-0.088021,0.040375
0.471245,0.048828,0.180574,0.665265,0.144761,0.194499,0.656295,-0.064113,0.187036,0.286194,0.161769,0.174111,0.277224,-0.047105,0.166648,0.656176,0.196018,0.044890,0.529023,-0.098049,0.015781,0.325548,0.211248,0.016040,0.288595,-0.088587,0.039924
0.476756,0.049126,0.179582,0.670813,0.145047,0.193087,0.661782,-0.063846,0.186238,0.291731,0.162097,0.172926,0.282700,-0.046795,0.166077,0.673925,0.195501,0.038409,0.529503,-0.098058,0.015871,0.326078,0.211274,0.016015,0.306063,-0.089145,0.038657
0.482672,0.050026,0.178021,0.676790,0.145976,0.190385,0.667688,-0.062952,0.184823,0.297656,0.163004,0.171218,0.288554,-0.045924,0.165656,0.686877,0.195402,0.026745,0.530021,-0.097968,0.015932,0.326711,0.211379,0.015989,0.324785,-0.089616,0.038100
0.488987,0.051506,0.175957,0.683151,0.147629,0.186058,0.674089,-0.061345,0.182529,0.303885,0.164357,0.169385,0.294823,-0.044617,0.165856,0.690577,0.195679,0.015926,0.530602,-0.097808,0.015906,0.327404,0.211429,0.015856,0.344585,-0.090118,0.038184
0.495041,0.052933,0.175364,0.689225,0.149161,0.183948,0.680173,-0.059837,0.182443,0.309908,0.165703,0.168285,0.300856,-0.043296,0.166781,0.690943,0.195791,0.015838,0.531138,-0.097678,0.015954,0.328034,0.211509,0.015883,0.365500,-0.090655,0.037046
0.500801,0.053459,0.175622,0.694990,0.149724,0.183661,0.685938,-0.059280,0.183059,0.315663,0.166198,0.168185,0.306611,-0.042805,0.167582,0.691393,0.195856,0.015818,0.531668,-0.097609,0.016000,0.328595,0.211570,0.015881,0.384800,-0.091302,0.034949
0.506472,0.053223,0.176002,0.700670,0.149481,0.183936,0.691611,-0.059522,0.183321,0.321334,0.165967,0.168683,0.312275,-0.043035,0.168068,0.691877,0.195849,0.015793,0.532192,-0.097613,0.015998,0.329109,0.211573,0.015853,0.398766,-0.091873,0.030503
0.512004,0.052361,0.176073,0.706201,0.148595,0.184304,0.697146,-0.060405,0.182966,0.326862,0.165126,0.169179,0.317807,-0.043874,0.167841,0.692355,0.195767,0.015844,0.532690,-0.097705,0.015974,0.329589,0.211483,0.015829,0.407600,-0.092330,0.022927
0.517317,0.051201,0.175813,0.711487,0.147432,0.184689,0.702475,-0.061561,0.182335,0.332159,0.163963,0.169291,0.323147,-0.045030,0.166936,0.692828,0.195634,0.015880,0.533192,-0.097881,0.015937,0.330028,0.211279,0.015771,0.411123,-0.092616,0.015845
0.522349,0.050781,0.176385,0.716521,0.147015,0.185193,0.707521,-0.061976,0.182602,0.337178,0.163538,0.170169,0.328177,-0.045452,0.167578,0.693281,0.195610,0.015883,0.535652,-0.098003,0.015952,0.330403,0.211240,0.015764,0.411607,-0.092659,0.015814
0.527059,0.050575,0.176712,0.721241,0.146827,0.185093,0.712256,-0.062164,0.182488,0.341863,0.163314,0.170935,0.332878,-0.045677,0.168331,0.693685,0.195615,0.015949,0.546913,-0.098476,0.016005,0.331420,0.211192,0.015754,0.412060,-0.092675,0.015748
0.531727,0.050972,0.176846,0.725904,0.147270,0.184794,0.716938,-0.061729,0.182908,0.346517,0.163673,0.170785,0.337550,-0.045326,0.168899,0.694081,0.195652,0.015966,0.564960,-0.099205,0.016882,0.336468,0.210996,0.015783,0.412513,-0.092654,0.015684
0.536538,0.052010,0.176790,0.730695,0.148399,0.184087,0.721769,-0.060610,0.183691,0.351307,0.164629,0.169888,0.342381,-0.044380,0.169492,0.694478,0.195756,0.015941,0.583375,-0.099879,0.019317,0.344229,0.210715,0.016250,0.412976,-0.092595,0.015613
0.541464,0.053490,0.176579,0.735601,0.149977,0.183064,0.726708,-0.059027,0.184673,0.356219,0.166007,0.168486,0.347327,-0.042998,0.170095,0.694883,0.195915,0.015930,0.600035,-0.100377,0.022761,0.352986,0.210466,0.016387,0.413453,-0.092493,0.015662
0.546409,0.055199,0.176344,0.740562,0.151712,0.181925,0.731623,-0.057261,0.185826,0.361196,0.167658,0.166862,0.352257,-0.041314,0.170763,0.695290,0.196049,0.015910,0.614196,-0.100709,0.026613,0.361282,0.210345,0.016377,0.413907,-0.092346,0.015685
0.551282,0.057083,0.176206,0.745447,0.153625,0.180786,0.736470,-0.055285,0.187168,0.366095,0.169451,0.165243,0.357118,-0.039459,0.171625,0.695705,0.196238,0.015896,0.626132,-0.100839,0.030611,0.368536,0.210318,0.016600,0.414347,-0.092194,0.015719
0.556015,0.059067,0.176265,0.750220,0.155571,0.179783,0.741145,-0.053240,0.188733,0.370886,0.171374,0.163797,0.361810,-0.037438,0.172746,0.696124,0.196432,0.015876,0.636213,-0.100820,0.034591,0.374728,0.210471,0.017506,0.414749,-0.092003,0.015717
0.560574,0.061073,0.176575,0.754829,0.157510,0.179027,0.745632,-0.051169,0.190581,0.375515,0.173315,0.162568,0.366318,-0.035363,0.174123,0.696539,0.196607,0.015839,0.644617,-0.100701,0.038504,0.380262,0.210699,0.018620,0.415120,-0.091844,0.015787
0.564946,0.063080,0.177122,0.759266,0.159408,0.178554,0.749915,-0.049105,0.192679,0.379977,0.175265,0.161566,0.370627,-0.033248,0.175691,0.696945,0.196776,0.015794,0.651667,-0.100489,0.042252,0.385505,0.211017,0.019858,0.415450,-0.091690,0.015781
0.569129,0.064987,0.177874,0.763517,0.161186,0.178403,0.754001,-0.047145,0.194907,0.384258,0.177119,0.160842,0.374741,-0.031212,0.177346,0.697340,0.196962,0.015738,0.657398,-0.100195,0.045660,0.390636,0.211372,0.020790,0.415754,-0.091526,0.015754
0.573115,0.066803,0.178761,0.767578,0.162852,0.178469,0.757880,-0.045281,0.197215,0.388351,0.178887,0.160307,0.378653,-0.029246,0.179053,0.697719,0.197128,0.015675,0.662213,-0.099872,0.048814,0.395670,0.211739,0.021639,0.416029,-0.091379,0.015743
0.576910,0.068459,0.179721,0.771450,0.164346,0.178723,0.761561,-0.043583,0.199520,0.392259,0.180500,0.159921,0.382370,-0.027429,0.180718,0.698085,0.197248,0.015601,0.666304,-0.099568,0.051674,0.400603,0.212070,0.022336,0.416271,-0.091270,0.015739
0.580526,0.069939,0.180718,0.775134,0.165680,0.179206,0.765066,-0.042054,0.201784,0.395986,0.181931,0.159653,0.385918,-0.025803,0.182231,0.698432,0.197399,0.015718,0.670168,-0.099250,0.054346,0.405416,0.212399,0.023060,0.416506,-0.091141,0.015841
0.584014,0.071243,0.181808,0.778681,0.166860,0.179959,0.768443,-0.040685,0.204146,0.399584,0.183171,0.159469,0.389347,-0.024373,0.183657,0.698761,0.197483,0.015794,0.674197,-0.098982,0.057130,0.410144,0.212719,0.024377,0.416719,-0.091088,0.015884
0.587415,0.072365,0.182972,0.782134,0.167871,0.180963,0.771733,-0.039507,0.206479,0.403096,0.184236,0.159465,0.392695,-0.023141,0.184981,0.699077,0.197571,0.015856,0.677952,-0.098713,0.059692,0.415028,0.213005,0.025504,0.416930,-0.091006,0.015929
