0.001266,-0.009933,0.367271,0.191230,0.094730,0.367898,0.191284,-0.114455,0.370372,-0.188751,0.094588,0.364170,-0.188697,-0.114597,0.366643,0.201209,0.137864,0.171503,0.181631,-0.162455,0.155236,-0.152047,0.137426,0.142238,-0.175538,-0.162259,0.179582
0.002720,-0.014931,0.366437,0.192513,0.090038,0.367589,0.192886,-0.119137,0.370785,-0.187446,0.089276,0.362090,-0.187073,-0.119899,0.365286,0.198251,0.132202,0.151450,0.168944,-0.168025,0.148929,-0.169447,0.131131,0.124312,-0.163283,-0.168743,0.140740
0.005394,-0.019867,0.360907,0.194833,0.085709,0.363654,0.195818,-0.123440,0.368138,-0.185030,0.083707,0.353675,-0.184045,-0.125443,0.358159,0.182271,0.126136,0.131603,0.137008,-0.174160,0.135788,-0.183375,0.123758,0.100983,-0.168239,-0.176131,0.110868
0.008324,-0.024727,0.350983,0.197474,0.081280,0.356075,0.198811,-0.127825,0.362233,-0.182164,0.078371,0.339733,-0.180826,-0.130734,0.345891,0.160390,0.119313,0.111554,0.108102,-0.180877,0.124489,-0.201113,0.116027,0.078487,-0.182662,-0.183917,0.084411
0.010464,-0.029617,0.336982,0.199336,0.076717,0.344810,0.200867,-0.132343,0.352313,-0.179940,0.073108,0.321650,-0.178409,-0.135952,0.329154,0.140660,0.112483,0.086136,0.095878,-0.187168,0.113382,-0.220411,0.108903,0.060045,-0.193660,-0.191309,0.057081
0.011707,-0.034492,0.319050,0.200177,0.072353,0.329270,0.202078,-0.136651,0.338127,-0.178663,0.067666,0.299973,-0.176762,-0.141338,0.308830,0.128439,0.105662,0.057156,0.102123,-0.193212,0.098398,-0.235299,0.101741,0.042702,-0.203429,-0.198971,0.028067
0.012753,-0.037575,0.299826,0.202516,0.067198,0.307146,0.202156,-0.141738,0.317644,-0.176651,0.066589,0.282008,-0.177011,-0.142348,0.292506,0.125715,0.098814,0.028022,0.116285,-0.199143,0.077903,-0.242662,0.099423,0.027516,-0.202704,-0.201725,0.015565
0.016617,-0.038712,0.284311,0.207032,0.065106,0.286542,0.205897,-0.143818,0.297228,-0.172663,0.066395,0.271394,-0.173799,-0.142529,0.282080,0.117543,0.097253,0.015759,0.120428,-0.201011,0.059726,-0.246749,0.099391,0.018853,-0.201806,-0.201512,0.015698
0.022198,-0.040146,0.276304,0.212646,0.063628,0.277564,0.211542,-0.145332,0.287521,-0.167147,0.065040,0.265088,-0.168250,-0.143920,0.275045,0.117369,0.097161,0.015795,0.133644,-0.201757,0.049647,-0.235259,0.099211,0.019733,-0.200929,-0.201603,0.015779
0.028877,-0.041618,0.274045,0.219304,0.062187,0.275861,0.218240,-0.146820,0.284790,-0.160486,0.063583,0.263300,-0.161550,-0.145423,0.272228,0.117812,0.097084,0.015757,0.157596,-0.202175,0.046670,-0.197062,0.098891,0.020541,-0.200378,-0.201671,0.015827
0.036518,-0.042877,0.273493,0.226937,0.060938,0.275562,0.225902,-0.148106,0.283574,-0.152866,0.062352,0.263412,-0.153901,-0.146692,0.271424,0.118435,0.097005,0.015871,0.182313,-0.202487,0.045816,-0.145529,0.098631,0.024195,-0.199973,-0.201742,0.015895
0.044758,-0.044296,0.272351,0.235176,0.059518,0.274528,0.234167,-0.149563,0.281524,-0.144652,0.060970,0.263178,-0.145660,-0.148110,0.270173,0.119079,0.096901,0.015922,0.205334,-0.202893,0.042604,-0.096894,0.098470,0.031667,-0.199531,-0.201833,0.015927
0.053471,-0.046135,0.270211,0.243893,0.057677,0.272089,0.242929,-0.151445,0.277725,-0.135988,0.059175,0.262697,-0.136952,-0.149947,0.268333,0.119702,0.096813,0.015953,0.225073,-0.203408,0.033648,-0.057801,0.098233,0.038275,-0.199018,-0.201930,0.015931
0.062588,-0.048561,0.266929,0.253040,0.055210,0.267662,0.252095,-0.153953,0.271483,-0.126919,0.056831,0.262375,-0.127865,-0.152332,0.266196,0.120251,0.096669,0.015956,0.238493,-0.203971,0.018521,-0.029850,0.097810,0.041279,-0.198465,-0.202044,0.015921
0.071819,-0.050629,0.264010,0.262274,0.053141,0.264458,0.261348,-0.156045,0.266697,-0.117710,0.054788,0.261324,-0.118635,-0.154398,0.263562,0.120916,0.096560,0.015937,0.238894,-0.204084,0.015789,-0.012527,0.097402,0.039472,-0.197890,-0.202150,0.015930
0.080597,-0.051399,0.261951,0.271055,0.052364,0.262342,0.270127,-0.156827,0.264024,-0.108933,0.054029,0.259877,-0.109861,-0.155162,0.261560,0.130509,0.096457,0.015941,0.239291,-0.204138,0.015840,-0.001909,0.097153,0.029410,-0.197421,-0.202201,0.015906
0.089066,-0.051086,0.259669,0.279502,0.052716,0.259981,0.278617,-0.156472,0.261985,-0.100485,0.054300,0.257353,-0.101371,-0.154889,0.259358,0.139889,0.096421,0.015950,0.239710,-0.204119,0.015863,0.001770,0.097002,0.015518,-0.196995,-0.202269,0.015912
0.096771,-0.050728,0.257938,0.287219,0.053052,0.257191,0.286319,-0.156133,0.259514,-0.092777,0.054677,0.256362,-0.093676,-0.154508,0.258685,0.150241,0.096416,0.015958,0.240118,-0.204093,0.015899,0.002473,0.097050,0.015831,-0.195404,-0.202219,0.015959
0.103889,-0.050941,0.258012,0.294334,0.052831,0.256187,0.293439,-0.156356,0.258384,-0.085660,0.054473,0.257639,-0.086555,-0.154714,0.259836,0.163496,0.096349,0.018665,0.240553,-0.204129,0.015886,0.002978,0.097007,0.015873,-0.187592,-0.202280,0.017497
0.110954,-0.051659,0.259481,0.301398,0.052115,0.257595,0.300501,-0.157077,0.259208,-0.078593,0.053760,0.259755,-0.079489,-0.155432,0.261367,0.179743,0.096294,0.024833,0.241092,-0.204150,0.015862,0.003417,0.096981,0.015902,-0.176297,-0.202307,0.022859
0.118259,-0.052963,0.262041,0.308709,0.050807,0.260711,0.307800,-0.158390,0.261314,-0.071282,0.052464,0.262768,-0.072190,-0.156733,0.263371,0.192602,0.096105,0.032653,0.241720,-0.204261,0.015890,0.003810,0.096877,0.015917,-0.162615,-0.202470,0.027859
0.125648,-0.054680,0.265184,0.316097,0.049100,0.264726,0.315193,-0.160096,0.263975,-0.063896,0.050737,0.266394,-0.064800,-0.158460,0.265642,0.204556,0.095841,0.039763,0.242372,-0.204341,0.015910,0.004139,0.096793,0.015920,-0.146678,-0.202715,0.031240
0.133053,-0.056648,0.268398,0.323497,0.047139,0.268943,0.322603,-0.162047,0.266682,-0.056498,0.048750,0.270115,-0.057391,-0.160436,0.267854,0.217877,0.095459,0.045480,0.243059,-0.204449,0.015903,0.004429,0.096691,0.015915,-0.129583,-0.203051,0.033899
0.140453,-0.058701,0.271360,0.330884,0.045099,0.273014,0.330019,-0.164065,0.269229,-0.049112,0.046664,0.273491,-0.049978,-0.162500,0.269707,0.232942,0.094996,0.050075,0.243764,-0.204581,0.015839,0.004720,0.096559,0.015913,-0.112424,-0.203479,0.036402
0.147861,-0.060715,0.273798,0.338275,0.043091,0.276662,0.337444,-0.166041,0.271391,-0.041721,0.044612,0.276205,-0.042552,-0.164520,0.270935,0.249624,0.094533,0.053434,0.244446,-0.204694,0.015756,0.005008,0.096451,0.015909,-0.095202,-0.203918,0.038498
0.155262,-0.062553,0.275553,0.345647,0.041260,0.279724,0.344870,-0.167834,0.273109,-0.034346,0.042728,0.277997,-0.035123,-0.166366,0.271382,0.267890,0.094118,0.055411,0.245123,-0.204799,0.015899,0.005354,0.096345,0.015889,-0.077361,-0.204347,0.039531
0.162613,-0.064110,0.276544,0.352971,0.039688,0.282090,0.352237,-0.169366,0.274323,-0.027011,0.041147,0.278764,-0.027746,-0.167908,0.270997,0.287660,0.093790,0.056265,0.245789,-0.204876,0.015990,0.005751,0.096282,0.015850,-0.058347,-0.204686,0.039642
0.169956,-0.065384,0.276724,0.360274,0.038407,0.283626,0.359601,-0.170611,0.274926,-0.019689,0.039843,0.278521,-0.020362,-0.169175,0.269821,0.308499,0.093542,0.055908,0.246459,-0.204960,0.016041,0.006225,0.096186,0.015757,-0.037540,-0.204995,0.038833
0.177303,-0.066284,0.276179,0.367591,0.037472,0.284344,0.366950,-0.171517,0.274958,-0.012343,0.038948,0.277401,-0.012984,-0.170040,0.268015,0.330361,0.093402,0.054561,0.247079,-0.205018,0.016073,0.006733,0.096141,0.015659,-0.014826,-0.205191,0.037802
0.184677,-0.066803,0.274806,0.374933,0.036921,0.284037,0.374320,-0.172047,0.274197,-0.004966,0.038441,0.275415,-0.005579,-0.170527,0.265576,0.353029,0.093416,0.051895,0.247669,-0.205022,0.016072,0.007309,0.096138,0.015622,0.010194,-0.205267,0.036069
0.192127,-0.066757,0.272551,0.382367,0.036926,0.282541,0.381750,-0.172040,0.272672,0.002505,0.038525,0.272431,0.001888,-0.170441,0.262562,0.376216,0.093504,0.048381,0.248258,-0.205025,0.016000,0.008002,0.096132,0.015743,0.036569,-0.205252,0.034040
0.199673,-0.066116,0.269329,0.389927,0.037522,0.279518,0.389259,-0.171462,0.270041,0.010087,0.039230,0.268617,0.009419,-0.169754,0.259140,0.398776,0.093673,0.043942,0.248767,-0.204988,0.015945,0.008741,0.096191,0.015892,0.063019,-0.205130,0.032161
0.207397,-0.064934,0.264952,0.397726,0.038650,0.274248,0.396933,-0.170370,0.265620,0.017862,0.040503,0.264283,0.017068,-0.168518,0.255655,0.417558,0.093906,0.035815,0.249169,-0.204991,0.015902,0.009514,0.096272,0.016002,0.087503,-0.204951,0.029813
0.215424,-0.063354,0.259303,0.405836,0.040266,0.266157,0.404956,-0.168798,0.258660,0.025892,0.042089,0.259947,0.025011,-0.166975,0.252449,0.426416,0.094502,0.019556,0.249519,-0.204916,0.015859,0.010276,0.096381,0.016058,0.106868,-0.204681,0.026068
0.223495,-0.062508,0.254011,0.414014,0.040989,0.259685,0.412946,-0.168092,0.252697,0.034045,0.043076,0.255326,0.032977,-0.166004,0.248337,0.426646,0.094553,0.015780,0.250114,-0.204817,0.015795,0.011108,0.096668,0.016045,0.120097,-0.204258,0.018960
0.231163,-0.062714,0.250630,0.421675,0.040802,0.256177,0.420625,-0.168271,0.248974,0.041701,0.042844,0.252286,0.040651,-0.166229,0.245083,0.426837,0.094533,0.015834,0.262238,-0.204923,0.015877,0.011740,0.096611,0.016023,0.120811,-0.204215,0.015940
0.238697,-0.062653,0.249363,0.429217,0.040870,0.254506,0.428159,-0.168205,0.247360,0.049235,0.042900,0.251366,0.048177,-0.166175,0.244221,0.427163,0.094514,0.015853,0.277410,-0.205010,0.015919,0.012350,0.096608,0.015982,0.121442,-0.204221,0.015927
0.246323,-0.061920,0.249514,0.436835,0.041622,0.254528,0.435788,-0.167474,0.248025,0.056857,0.043634,0.251002,0.055810,-0.165462,0.244499,0.427627,0.094565,0.015813,0.289742,-0.205119,0.019838,0.016451,0.096619,0.015955,0.122018,-0.204155,0.015862
0.254078,-0.060448,0.250718,0.444568,0.043146,0.255531,0.443557,-0.165987,0.250341,0.064599,0.045092,0.251094,0.063588,-0.164041,0.245905,0.428175,0.094639,0.015763,0.300489,-0.205162,0.024713,0.026291,0.096576,0.015962,0.122552,-0.204080,0.015782
0.262009,-0.058403,0.252499,0.452471,0.045250,0.257115,0.451498,-0.163920,0.253668,0.072520,0.047113,0.251330,0.071546,-0.162056,0.247884,0.428765,0.094791,0.015869,0.308578,-0.205033,0.030447,0.039884,0.096600,0.015960,0.123034,-0.203928,0.015740
0.270039,-0.055954,0.254389,0.460479,0.047749,0.258780,0.459521,-0.161444,0.257427,0.080556,0.049536,0.251350,0.079598,-0.159657,0.249997,0.429361,0.094914,0.015897,0.316144,-0.204807,0.035945,0.055272,0.096626,0.015969,0.123467,-0.203794,0.015678
0.278118,-0.053284,0.256077,0.468539,0.050466,0.260215,0.467584,-0.158730,0.261075,0.088652,0.052162,0.251080,0.087698,-0.157034,0.251940,0.429966,0.095089,0.015857,0.324654,-0.204435,0.040468,0.070880,0.096728,0.016005,0.123922,-0.203621,0.015614
0.286171,-0.050545,0.257476,0.476587,0.053227,0.261253,0.475601,-0.155947,0.264395,0.096741,0.054857,0.250557,0.095755,-0.154317,0.253699,0.430564,0.095214,0.015852,0.334550,-0.204049,0.043878,0.085304,0.096857,0.016825,0.124344,-0.203483,0.015634
0.294159,-0.047791,0.258715,0.484581,0.055985,0.262073,0.483542,-0.153143,0.267440,0.104776,0.057562,0.249990,0.103737,-0.151567,0.255357,0.431149,0.095398,0.015835,0.345626,-0.203593,0.046509,0.099014,0.097109,0.018223,0.124738,-0.203287,0.015672
0.302082,-0.045135,0.260031,0.492522,0.058622,0.262920,0.491406,-0.150439,0.270453,0.112758,0.060168,0.249609,0.111643,-0.148893,0.257142,0.431729,0.095527,0.015929,0.357793,-0.203196,0.048715,0.112117,0.097409,0.020839,0.125092,-0.203145,0.015695
0.309906,-0.042633,0.261605,0.500368,0.061094,0.264054,0.499167,-0.147885,0.273580,0.120645,0.062619,0.249630,0.119444,-0.146361,0.259156,0.432335,0.095676,0.015998,0.371105,-0.202806,0.050704,0.125287,0.097828,0.024504,0.125417,-0.202988,0.015747
0.317654,-0.040352,0.263391,0.508140,0.063338,0.265463,0.506850,-0.145552,0.276771,0.128458,0.064848,0.250011,0.127167,-0.144042,0.261320,0.432970,0.095817,0.016032,0.385633,-0.202464,0.052443,0.138973,0.098317,0.028644,0.125680,-0.202844,0.015753
0.325317,-0.038399,0.265206,0.515828,0.065255,0.266947,0.514454,-0.143547,0.279779,0.136181,0.066750,0.250634,0.134807,-0.142052,0.263466,0.433609,0.095913,0.016031,0.401618,-0.202237,0.053656,0.152848,0.098801,0.032982,0.125913,-0.202752,0.015766
0.332928,-0.036819,0.266881,0.523444,0.066826,0.268443,0.522020,-0.141897,0.282501,0.143835,0.068258,0.251262,0.142412,-0.140465,0.265319,0.434298,0.095985,0.016001,0.419534,-0.202131,0.054157,0.166867,0.099219,0.036930,0.126167,-0.202716,0.015765
0.340427,-0.035645,0.268220,0.530943,0.068002,0.269746,0.529484,-0.140661,0.284659,0.151371,0.069372,0.251781,0.149911,-0.139291,0.266694,0.434967,0.096097,0.015894,0.439633,-0.202103,0.053744,0.181315,0.099612,0.040245,0.126421,-0.202628,0.015754
0.347847,-0.034920,0.268977,0.538371,0.068713,0.270435,0.536875,-0.139908,0.285914,0.158819,0.070069,0.252040,0.157323,-0.138552,0.267519,0.435598,0.096134,0.015828,0.461811,-0.202278,0.052330,0.196816,0.099811,0.042310,0.126680,-0.202589,0.015770
0.355198,-0.034706,0.269040,0.545722,0.068925,0.270478,0.544217,-0.139679,0.286173,0.166179,0.070267,0.251908,0.164673,-0.138338,0.267603,0.436223,0.096133,0.015793,0.486155,-0.202603,0.050088,0.214340,0.099749,0.042572,0.127015,-0.202592,0.015788
0.362537,-0.035065,0.268629,0.553053,0.068581,0.270196,0.551563,-0.140040,0.285675,0.173512,0.069911,0.251582,0.172021,-0.138710,0.267062,0.436790,0.096121,0.015935,0.512276,-0.203012,0.047457,0.234076,0.099451,0.041297,0.127358,-0.202609,0.015817
0.370026,-0.035973,0.267867,0.560533,0.067689,0.269436,0.559090,-0.140978,0.284290,0.180961,0.069033,0.251445,0.179518,-0.139634,0.266299,0.437395,0.096067,0.016020,0.537792,-0.203528,0.043641,0.255171,0.098989,0.039366,0.127735,-0.202669,0.015866
0.377739,-0.037430,0.266540,0.568248,0.066234,0.267647,0.566889,-0.142506,0.281455,0.188589,0.067646,0.251625,0.187230,-0.141093,0.265432,0.437974,0.095989,0.016028,0.559186,-0.204180,0.036939,0.276155,0.098432,0.037031,0.128113,-0.202762,0.015928
0.385845,-0.039459,0.264463,0.576377,0.064168,0.264455,0.575110,-0.144664,0.276790,0.196580,0.065745,0.252135,0.195313,-0.143087,0.264471,0.438532,0.095861,0.016033,0.573047,-0.204989,0.026102,0.294352,0.097808,0.034179,0.128516,-0.202889,0.015979
0.394455,-0.041893,0.261752,0.585012,0.061674,0.260056,0.583827,-0.147259,0.270563,0.205083,0.063473,0.252942,0.203898,-0.145460,0.263448,0.439084,0.095738,0.016014,0.575491,-0.205529,0.015833,0.307336,0.097205,0.030305,0.128954,-0.202988,0.015958
0.402916,-0.043350,0.259623,0.593482,0.060179,0.256861,0.592325,-0.148804,0.266320,0.213507,0.062103,0.252926,0.212350,-0.146879,0.262386,0.439779,0.095623,0.015979,0.575694,-0.205552,0.015717,0.316588,0.096569,0.021799,0.129335,-0.203071,0.015981
0.410744,-0.043594,0.257762,0.601332,0.059866,0.254135,0.600144,-0.149121,0.263514,0.221344,0.061932,0.252009,0.220155,-0.147054,0.261388,0.445860,0.095559,0.015975,0.575987,-0.205599,0.015725,0.321196,0.096261,0.015815,0.129698,-0.203049,0.015994
0.417843,-0.043922,0.257349,0.608476,0.059422,0.252877,0.607203,-0.149575,0.261998,0.228483,0.061730,0.252701,0.227210,-0.147267,0.261822,0.458836,0.095489,0.015958,0.576355,-0.205627,0.015774,0.321742,0.096319,0.015844,0.132354,-0.202912,0.015989
0.424606,-0.044777,0.258275,0.615248,0.058557,0.253927,0.613957,-0.150469,0.262352,0.235256,0.060915,0.254197,0.233965,-0.148111,0.262623,0.476285,0.095392,0.017973,0.576804,-0.205666,0.015802,0.322215,0.096260,0.015902,0.139207,-0.202944,0.016286
0.431427,-0.046280,0.259853,0.622092,0.057040,0.256251,0.620754,-0.152032,0.263447,0.242100,0.059472,0.256259,0.240762,-0.149600,0.263454,0.495093,0.095213,0.020401,0.577314,-0.205754,0.015829,0.322639,0.096164,0.015940,0.147510,-0.202944,0.017533
0.438423,-0.048302,0.261659,0.629116,0.054999,0.259108,0.627722,-0.154122,0.264692,0.249125,0.057519,0.258625,0.247730,-0.151602,0.264210,0.509510,0.094979,0.023793,0.577834,-0.205903,0.015832,0.323024,0.096013,0.015945,0.158284,-0.203064,0.017395
0.445515,-0.050720,0.263441,0.636227,0.052566,0.262099,0.634792,-0.156597,0.265758,0.256237,0.055156,0.261123,0.254802,-0.154007,0.264782,0.520838,0.094714,0.027653,0.578357,-0.206039,0.015883,0.323409,0.095864,0.015928,0.171320,-0.203238,0.016374
0.452644,-0.053322,0.265094,0.643371,0.049948,0.265103,0.641905,-0.159241,0.266717,0.263383,0.052597,0.263470,0.261918,-0.156592,0.265085,0.531075,0.094386,0.031756,0.578869,-0.206187,0.015910,0.323786,0.095716,0.015928,0.185058,-0.203429,0.015899
0.459789,-0.056023,0.266600,0.650518,0.047233,0.268046,0.649044,-0.161961,0.267580,0.270535,0.049916,0.265621,0.269061,-0.159279,0.265155,0.541411,0.093971,0.035525,0.579411,-0.206362,0.015910,0.324157,0.095545,0.015891,0.198337,-0.203678,0.016238
0.466949,-0.058739,0.268018,0.657657,0.044524,0.270975,0.656218,-0.164656,0.268438,0.277681,0.047179,0.267599,0.276242,-0.162001,0.265061,0.553062,0.093507,0.039361,0.579966,-0.206522,0.015890,0.324501,0.095365,0.015845,0.211427,-0.204006,0.017438
0.474140,-0.061356,0.269442,0.664827,0.041886,0.274029,0.663416,-0.167261,0.269508,0.284864,0.044549,0.269376,0.283454,-0.164597,0.264855,0.566161,0.093004,0.043138,0.580548,-0.206680,0.015858,0.324848,0.095223,0.015789,0.224423,-0.204356,0.019465
0.481369,-0.063904,0.270892,0.672008,0.039336,0.277179,0.670671,-0.169761,0.270763,0.292067,0.041954,0.271021,0.290730,-0.167144,0.264605,0.581079,0.092461,0.046696,0.581159,-0.206838,0.015774,0.325161,0.095047,0.015733,0.237827,-0.204838,0.022126
0.488632,-0.066231,0.272230,0.679227,0.036977,0.280168,0.677951,-0.172059,0.272000,0.299314,0.039598,0.272459,0.298038,-0.169439,0.264291,0.597932,0.091969,0.049565,0.581785,-0.206949,0.015835,0.325502,0.094957,0.015671,0.252437,-0.205285,0.024695
0.495880,-0.068306,0.273311,0.686412,0.034880,0.282860,0.685222,-0.174092,0.273182,0.306538,0.037480,0.273439,0.305348,-0.171492,0.263762,0.616721,0.091490,0.051530,0.582438,-0.207094,0.015950,0.325847,0.094810,0.015597,0.268728,-0.205802,0.026631
0.503090,-0.070061,0.273982,0.693547,0.033104,0.285138,0.692456,-0.175805,0.274149,0.313724,0.035683,0.273815,0.312633,-0.173225,0.262827,0.637278,0.091140,0.052637,0.583087,-0.207170,0.016029,0.326227,0.094711,0.015636,0.287075,-0.206234,0.027635
0.510265,-0.071442,0.274089,0.700664,0.031661,0.286718,0.699627,-0.177190,0.274695,0.320903,0.034307,0.273482,0.319867,-0.174544,0.261459,0.659172,0.090862,0.052749,0.583698,-0.207253,0.016074,0.326650,0.094643,0.015722,0.307884,-0.206555,0.027709
0.517429,-0.072418,0.273514,0.707769,0.030632,0.287392,0.706785,-0.178175,0.274604,0.328074,0.033338,0.272425,0.327089,-0.175468,0.259637,0.682077,0.090724,0.051678,0.584308,-0.207301,0.016093,0.327125,0.094593,0.015834,0.331176,-0.206790,0.027231
0.524658,-0.072884,0.272094,0.714959,0.030109,0.286895,0.713992,-0.178672,0.273703,0.335324,0.032905,0.270485,0.334357,-0.175876,0.257293,0.705509,0.090694,0.049501,0.584887,-0.207337,0.016082,0.327673,0.094566,0.015930,0.356377,-0.206924,0.026294
0.531986,-0.072800,0.269717,0.722264,0.030146,0.285137,0.721289,-0.178633,0.271917,0.342683,0.033034,0.267516,0.341709,-0.175745,0.254296,0.728532,0.090769,0.046498,0.585431,-0.207338,0.016030,0.328301,0.094567,0.016029,0.382064,-0.206966,0.025152
0.539433,-0.072052,0.266189,0.729726,0.030886,0.281465,0.728711,-0.177922,0.268709,0.350154,0.033818,0.263669,0.349139,-0.174990,0.250913,0.749373,0.090982,0.041549,0.585898,-0.207324,0.015982,0.329001,0.094581,0.016081,0.406800,-0.206911,0.023468
0.547119,-0.070778,0.261340,0.737508,0.032181,0.275219,0.736388,-0.176676,0.263303,0.357850,0.035121,0.259378,0.356730,-0.173737,0.247462,0.763797,0.091495,0.031057,0.586263,-0.207281,0.015919,0.329726,0.094676,0.016100,0.427719,-0.206698,0.020589
0.555267,-0.069244,0.255291,0.745843,0.033714,0.266317,0.744514,-0.175202,0.255498,0.366021,0.036713,0.255084,0.364692,-0.172203,0.244264,0.765230,0.092079,0.015754,0.586579,-0.207298,0.015862,0.330466,0.094829,0.016068,0.440860,-0.206372,0.015877
0.563248,-0.068314,0.250237,0.753872,0.034812,0.258526,0.752561,-0.174133,0.248292,0.373934,0.037506,0.252181,0.372624,-0.171439,0.241947,0.765043,0.092135,0.015820,0.589105,-0.207230,0.015879,0.331093,0.094849,0.015992,0.441584,-0.206306,0.015904
0.570724,-0.067825,0.247833,0.761346,0.035410,0.254685,0.760075,-0.173554,0.244834,0.381374,0.037904,0.250832,0.380103,-0.171060,0.240981,0.765185,0.092146,0.015862,0.601648,-0.207299,0.015900,0.331642,0.094780,0.015968,0.442208,-0.206320,0.015712
0.578262,-0.066879,0.247988,0.768871,0.036395,0.254617,0.767622,-0.172606,0.245585,0.388902,0.038848,0.250390,0.387654,-0.170153,0.241359,0.765634,0.092226,0.015828,0.615761,-0.207430,0.019673,0.336351,0.094766,0.016405,0.442770,-0.206224,0.015678
0.586060,-0.065231,0.249819,0.776631,0.038118,0.256345,0.775441,-0.170943,0.248792,0.396678,0.040480,0.250846,0.395488,-0.168580,0.243293,0.766202,0.092349,0.015776,0.627791,-0.207494,0.024931,0.347582,0.094667,0.017588,0.443265,-0.206107,0.015611
0.594109,-0.063049,0.252418,0.784651,0.040369,0.258684,0.783496,-0.168753,0.253078,0.404721,0.042654,0.251758,0.403566,-0.166468,0.246152,0.766832,0.092444,0.015862,0.636626,-0.207465,0.031386,0.363691,0.094595,0.018709,0.443698,-0.205977,0.015654
0.602272,-0.060493,0.255079,0.792771,0.043027,0.260960,0.791675,-0.166142,0.257552,0.412869,0.045155,0.252606,0.411773,-0.164014,0.249198,0.767463,0.092609,0.015899,0.644805,-0.207245,0.037599,0.381681,0.094569,0.019787,0.444089,-0.205836,0.015693
0.610447,-0.057724,0.257389,0.800920,0.045873,0.262758,0.799846,-0.163322,0.261644,0.421047,0.047874,0.253134,0.419974,-0.161321,0.252021,0.768097,0.092806,0.015868,0.653990,-0.206858,0.042595,0.399043,0.094672,0.021326,0.444469,-0.205640,0.015729
0.618591,-0.054916,0.259256,0.809052,0.048735,0.263959,0.807977,-0.160458,0.265175,0.429205,0.050626,0.253337,0.428130,-0.158568,0.254553,0.768684,0.092952,0.015870,0.664517,-0.206445,0.046244,0.414722,0.094816,0.023578,0.444804,-0.205493,0.015763
0.626656,-0.052147,0.260784,0.817107,0.051554,0.264732,0.816031,-0.157615,0.268181,0.437280,0.053321,0.253387,0.436204,-0.155848,0.256836,0.769268,0.093154,0.015872,0.676222,-0.205968,0.048836,0.428938,0.095079,0.026394,0.445139,-0.205324,0.015802
0.634636,-0.049477,0.262193,0.825100,0.054228,0.265346,0.823981,-0.154894,0.270954,0.445291,0.055941,0.253432,0.444172,-0.153181,0.259040,0.769824,0.093300,0.015880,0.689177,-0.205546,0.050734,0.442455,0.095424,0.029751,0.445439,-0.205177,0.015843
0.642506,-0.047089,0.263622,0.832990,0.056594,0.266207,0.831806,-0.152468,0.273709,0.453205,0.058291,0.253536,0.452021,-0.150771,0.261037,0.770403,0.093450,0.015963,0.703386,-0.205171,0.052130,0.456235,0.095848,0.033207,0.445722,-0.205013,0.015856
0.650276,-0.045059,0.265081,0.840782,0.058594,0.267273,0.839526,-0.150404,0.276397,0.461026,0.060285,0.253764,0.459770,-0.148712,0.262888,0.770990,0.093537,0.016006,0.718890,-0.204927,0.052979,0.470314,0.096252,0.036824,0.445979,-0.204908,0.015852
0.657959,-0.043358,0.266442,0.848484,0.060264,0.268377,0.847161,-0.148671,0.278813,0.468757,0.061955,0.254072,0.467434,-0.146980,0.264507,0.771613,0.093655,0.016021,0.735929,-0.204744,0.053164,0.484429,0.096690,0.040367,0.446233,-0.204773,0.015849
0.665558,-0.042084,0.267567,0.856091,0.061527,0.269348,0.854725,-0.147355,0.280791,0.476391,0.063188,0.254343,0.475025,-0.145694,0.265787,0.772232,0.093716,0.016007,0.755066,-0.204727,0.052550,0.498559,0.097014,0.043551,0.446469,-0.204719,0.015858
0.673069,-0.041306,0.268400,0.863596,0.062315,0.270236,0.862212,-0.146532,0.282305,0.483926,0.063921,0.254495,0.482542,-0.144926,0.266564,0.772861,0.093746,0.015921,0.776791,-0.204847,0.051227,0.513525,0.097198,0.045913,0.446740,-0.204704,0.015856
0.680508,-0.041046,0.268775,0.871028,0.062583,0.270792,0.869634,-0.146252,0.283065,0.491382,0.064160,0.254484,0.489987,-0.144675,0.266757,0.773485,0.093780,0.015828,0.800683,-0.205062,0.049244,0.530068,0.097235,0.046957,0.447047,-0.204663,0.015857
0.687935,-0.041306,0.268533,0.878439,0.062352,0.270663,0.877075,-0.146493,0.282777,0.498795,0.063882,0.254290,0.497431,-0.144963,0.266404,0.774097,0.093776,0.015780,0.826087,-0.205404,0.046302,0.548710,0.097018,0.046302,0.447400,-0.204697,0.015857
0.695431,-0.042068,0.267760,0.885931,0.061595,0.269859,0.884599,-0.147279,0.281449,0.506263,0.063142,0.254070,0.504930,-0.145732,0.265660,0.774677,0.093730,0.015811,0.851791,-0.205862,0.042262,0.569152,0.096613,0.044148,0.447757,-0.204747,0.015905
0.703140,-0.043411,0.266462,0.893636,0.060266,0.268312,0.892371,-0.148660,0.278930,0.513909,0.061838,0.253994,0.512644,-0.147089,0.264612,0.775243,0.093664,0.015866,0.874769,-0.206410,0.035971,0.590599,0.096062,0.041070,0.448144,-0.204845,0.015949
0.711170,-0.045341,0.264526,0.901688,0.058305,0.265678,0.900474,-0.150689,0.274869,0.521866,0.060006,0.254183,0.520652,-0.148988,0.263375,0.775814,0.093547,0.015905,0.891663,-0.207064,0.026317,0.610638,0.095466,0.037726,0.448547,-0.204945,0.015962
0.719734,-0.047806,0.261965,0.910297,0.055764,0.261730,0.909104,-0.153303,0.269077,0.530364,0.057692,0.254853,0.529171,-0.151376,0.262200,0.776393,0.093371,0.015979,0.896085,-0.207608,0.015826,0.626454,0.094856,0.033882,0.448969,-0.205051,0.015950
0.728344,-0.049454,0.260046,0.918932,0.054063,0.258860,0.917731,-0.155042,0.265027,0.538957,0.056135,0.255066,0.537756,-0.152971,0.261232,0.776960,0.093187,0.015986,0.896334,-0.207741,0.015748,0.638426,0.094278,0.025983,0.449328,-0.205167,0.015947
0.736492,-0.049683,0.258178,0.927082,0.053824,0.256400,0.925889,-0.155284,0.262468,0.547096,0.055919,0.253888,0.545903,-0.153189,0.259956,0.780581,0.093153,0.015986,0.896676,-0.207746,0.015783,0.645368,0.093920,0.015815,0.449668,-0.205190,0.015974
0.743908,-0.049660,0.257098,0.934515,0.053796,0.254396,0.933294,-0.155311,0.260533,0.554522,0.055991,0.253664,0.553301,-0.153115,0.259800,0.790633,0.093108,0.015971,0.897056,-0.207752,0.015811,0.645972,0.093948,0.015830,0.451344,-0.205146,0.015968
0.750847,-0.050186,0.257622,0.941458,0.053246,0.254414,0.940228,-0.155872,0.260141,0.561466,0.055500,0.255103,0.560235,-0.153618,0.260830,0.806425,0.093038,0.018153,0.897497,-0.207779,0.015834,0.646458,0.093916,0.015861,0.459175,-0.205180,0.016603
0.757790,-0.051262,0.259267,0.948417,0.052151,0.256392,0.947155,-0.156989,0.261254,0.568425,0.054465,0.257279,0.567163,-0.154675,0.262141,0.824252,0.092924,0.022412,0.898024,-0.207860,0.015857,0.646882,0.093842,0.015874,0.469899,-0.205194,0.019421
0.764961,-0.052902,0.261647,0.955604,0.050501,0.259606,0.954310,-0.158665,0.263149,0.575612,0.052861,0.260144,0.574318,-0.156305,0.263687,0.837752,0.092768,0.028216,0.898616,-0.207967,0.015840,0.647266,0.093737,0.015877,0.482772,-0.205292,0.021906
0.772247,-0.054932,0.264359,0.962896,0.048477,0.263350,0.961592,-0.160710,0.265275,0.582903,0.050847,0.263443,0.581599,-0.158340,0.265367,0.848999,0.092531,0.034024,0.899216,-0.208068,0.015903,0.647600,0.093619,0.015875,0.497535,-0.205493,0.023519
0.779575,-0.057213,0.267076,0.970217,0.046212,0.267217,0.968926,-0.162984,0.267361,0.590225,0.048558,0.266791,0.588933,-0.160638,0.266935,0.860467,0.092184,0.039166,0.899826,-0.208181,0.015916,0.647920,0.093480,0.015913,0.513109,-0.205787,0.025076
0.786919,-0.059563,0.269576,0.977544,0.043885,0.270946,0.976285,-0.165304,0.269273,0.597552,0.046179,0.269879,0.596294,-0.163010,0.268205,0.873343,0.091783,0.043628,0.900465,-0.208273,0.015901,0.648219,0.093359,0.015885,0.528628,-0.206127,0.027173
0.794266,-0.061913,0.271828,0.984883,0.041523,0.274530,0.983636,-0.167646,0.271095,0.604895,0.043820,0.272561,0.603648,-0.165348,0.269126,0.888150,0.091282,0.047652,0.901107,-0.208419,0.015856,0.648514,0.093233,0.015845,0.544053,-0.206522,0.029959
0.801624,-0.064201,0.273724,0.992215,0.039238,0.277798,0.991015,-0.169896,0.272677,0.612234,0.041493,0.274772,0.611034,-0.167641,0.269651,0.904705,0.090760,0.050896,0.901749,-0.208558,0.015780,0.648814,0.093088,0.015800,0.559924,-0.207010,0.032691
0.808975,-0.066261,0.275153,0.999533,0.037174,0.280641,0.998387,-0.171917,0.273991,0.619564,0.039394,0.276316,0.618418,-0.169697,0.269666,0.922973,0.090307,0.053019,0.902386,-0.208654,0.015847,0.649149,0.092993,0.015753,0.576782,-0.207464,0.034543
0.816319,-0.068054,0.276024,1.006834,0.035370,0.282977,1.005750,-0.173675,0.275013,0.626887,0.037567,0.277035,0.625803,-0.171479,0.269071,0.942964,0.089904,0.054104,0.903035,-0.208757,0.015958,0.649525,0.092889,0.015685,0.595168,-0.207899,0.035335
0.823620,-0.069489,0.276230,1.014092,0.033908,0.284639,1.013062,-0.175093,0.275590,0.634178,0.036116,0.276870,0.633148,-0.172885,0.267822,0.964243,0.089625,0.054161,0.903674,-0.208810,0.016027,0.649967,0.092842,0.015614,0.615545,-0.208222,0.035219
0.830906,-0.070534,0.275749,1.021342,0.032810,0.285517,1.020339,-0.176157,0.275697,0.641473,0.035089,0.275802,0.640470,-0.173878,0.265982,0.986402,0.089404,0.053039,0.904276,-0.208900,0.016067,0.650461,0.092773,0.015647,0.638183,-0.208481,0.034327
0.838238,-0.071175,0.274505,1.028641,0.032121,0.285352,1.027657,-0.176821,0.275012,0.648818,0.034472,0.273998,0.647834,-0.174470,0.263658,1.009384,0.089325,0.050797,0.904864,-0.208935,0.016080,0.651042,0.092747,0.015758,0.662918,-0.208633,0.033001
0.845600,-0.071297,0.272396,1.035978,0.031968,0.283968,1.035004,-0.176967,0.273486,0.656196,0.034373,0.271306,0.655223,-0.174561,0.260824,1.032524,0.089348,0.047649,0.905396,-0.208955,0.016052,0.651651,0.092717,0.015878,0.688906,-0.208716,0.031388
0.853088,-0.070778,0.269311,1.043469,0.032455,0.281125,1.042461,-0.176496,0.270961,0.663715,0.034940,0.267661,0.662708,-0.174010,0.257496,1.054767,0.089461,0.043560,0.905924,-0.208939,0.015989,0.652350,0.092742,0.015985,0.714780,-0.208687,0.029759
0.860741,-0.069687,0.265052,1.051169,0.033542,0.276100,1.050093,-0.175443,0.266660,0.671388,0.036069,0.263444,0.670312,-0.172915,0.254005,1.073143,0.089775,0.035884,0.906346,-0.208875,0.015939,0.653086,0.092834,0.016056,0.738672,-0.208536,0.027564
0.868717,-0.068214,0.259489,1.059283,0.034987,0.268163,1.058035,-0.174044,0.259824,0.679399,0.037615,0.259154,0.678151,-0.171415,0.250816,1.081633,0.090231,0.020209,0.906672,-0.208896,0.015902,0.653829,0.092951,0.016083,0.757249,-0.208318,0.023789
