-0.005182,-0.015320,0.365278,0.186477,0.085993,0.371882,0.183095,-0.122929,0.361627,-0.193459,0.092289,0.368929,-0.196842,-0.116632,0.358674,0.172697,0.142057,0.161419,0.177550,-0.157875,0.148231,-0.156122,0.147942,0.149988,-0.188538,-0.152565,0.160813
-0.006881,-0.022659,0.363099,0.184968,0.078218,0.370770,0.181189,-0.130605,0.358794,-0.194951,0.085286,0.367404,-0.198730,-0.123536,0.355428,0.203928,0.135113,0.166658,0.167612,-0.163816,0.148235,-0.188188,0.143125,0.150678,-0.187835,-0.157513,0.150492
-0.006721,-0.029877,0.357546,0.185115,0.070952,0.366137,0.181343,-0.137863,0.354027,-0.194784,0.078109,0.361065,-0.198556,-0.130706,0.348956,0.211791,0.128126,0.157117,0.141747,-0.170159,0.138097,-0.213396,0.137059,0.135521,-0.208674,-0.163533,0.133004
-0.005169,-0.036911,0.348221,0.186843,0.063499,0.357735,0.182641,-0.145389,0.347106,-0.192979,0.071567,0.349335,-0.197181,-0.137321,0.338707,0.199060,0.120105,0.134968,0.112007,-0.178182,0.124939,-0.238523,0.130078,0.111979,-0.235223,-0.169960,0.100624
-0.003839,-0.043831,0.334473,0.188457,0.055879,0.345483,0.183504,-0.153089,0.336968,-0.191183,0.065427,0.331978,-0.196136,-0.143541,0.323464,0.173405,0.111564,0.104291,0.095517,-0.187363,0.112622,-0.260049,0.122365,0.091320,-0.258471,-0.176955,0.063069
-0.004202,-0.050697,0.316522,0.188355,0.048356,0.328835,0.182640,-0.160673,0.322578,-0.191044,0.059278,0.310466,-0.196759,-0.149750,0.304209,0.149550,0.102633,0.070647,0.099574,-0.197101,0.095820,-0.271634,0.114029,0.074626,-0.273071,-0.184898,0.028532
-0.004563,-0.055824,0.297611,0.190076,0.039487,0.306121,0.180157,-0.169425,0.301421,-0.189284,0.057776,0.293802,-0.199203,-0.151136,0.289102,0.131457,0.093822,0.037701,0.107524,-0.206294,0.070531,-0.273802,0.112543,0.060808,-0.274139,-0.186937,0.015563
-0.001074,-0.059036,0.280503,0.195595,0.032408,0.281159,0.181369,-0.176261,0.276751,-0.183517,0.058188,0.284256,-0.197743,-0.150481,0.279848,0.113271,0.089193,0.015724,0.092109,-0.210771,0.041468,-0.273340,0.114978,0.042820,-0.276183,-0.185123,0.015882
0.006695,-0.062599,0.270095,0.203297,0.028955,0.267559,0.189046,-0.179644,0.260634,-0.175657,0.054446,0.279557,-0.189908,-0.154153,0.272631,0.112969,0.089065,0.015809,0.077726,-0.209790,0.024806,-0.271454,0.114529,0.039861,-0.275325,-0.185366,0.015635
0.018771,-0.066154,0.267035,0.215275,0.025519,0.262202,0.200968,-0.182992,0.253094,-0.163426,0.050683,0.280977,-0.177733,-0.157828,0.271869,0.113664,0.088848,0.015930,0.085161,-0.210397,0.018440,-0.251330,0.112946,0.037583,-0.274914,-0.185567,0.015619
0.034406,-0.069778,0.269359,0.230812,0.022054,0.263649,0.216530,-0.186369,0.252673,-0.147719,0.046813,0.286044,-0.162001,-0.161611,0.275068,0.115087,0.088642,0.016063,0.115380,-0.212646,0.016983,-0.204435,0.109579,0.034232,-0.275054,-0.185823,0.015672
0.051145,-0.073135,0.270726,0.247564,0.018609,0.264110,0.233040,-0.189712,0.251621,-0.130751,0.043442,0.289830,-0.145274,-0.164880,0.277341,0.119845,0.088023,0.016097,0.146306,-0.215185,0.016043,-0.139135,0.105085,0.032661,-0.275605,-0.185867,0.017652
0.067645,-0.075592,0.268957,0.264199,0.015784,0.261320,0.249149,-0.192442,0.247896,-0.113859,0.041258,0.290018,-0.128909,-0.166968,0.276594,0.149644,0.085190,0.021454,0.147444,-0.215784,0.015689,-0.079840,0.101146,0.031227,-0.265053,-0.186442,0.023004
0.084239,-0.076904,0.266389,0.281361,0.013320,0.259778,0.265141,-0.194789,0.245925,-0.096663,0.040981,0.286854,-0.112883,-0.167129,0.273001,0.196616,0.080684,0.033378,0.148463,-0.216073,0.015913,-0.052493,0.100569,0.026319,-0.235796,-0.186673,0.024163
0.100999,-0.077080,0.264536,0.298753,0.011959,0.261971,0.281613,-0.196118,0.248741,-0.079616,0.041958,0.280332,-0.096755,-0.166118,0.267101,0.250279,0.074985,0.052203,0.149971,-0.216177,0.016092,-0.044859,0.101604,0.015904,-0.190722,-0.188591,0.023616
0.117995,-0.078049,0.265252,0.315891,0.010703,0.266540,0.298727,-0.197394,0.253677,-0.062736,0.041297,0.276828,-0.079900,-0.166801,0.263965,0.299677,0.070121,0.066109,0.151708,-0.216273,0.016091,-0.043542,0.101553,0.015585,-0.135951,-0.193008,0.023565
0.135157,-0.079697,0.266368,0.333088,0.008899,0.270273,0.315931,-0.199189,0.257251,-0.045618,0.039796,0.275485,-0.062774,-0.168292,0.262463,0.346767,0.065969,0.070442,0.153494,-0.216385,0.015881,-0.042445,0.101478,0.015794,-0.076527,-0.197847,0.022694
0.152286,-0.081337,0.265374,0.350232,0.007187,0.270050,0.333051,-0.200884,0.256792,-0.028480,0.038210,0.273956,-0.045661,-0.169861,0.260698,0.391643,0.062189,0.070351,0.155660,-0.216590,0.016000,-0.041404,0.101411,0.015995,-0.016934,-0.202744,0.022370
0.169617,-0.082619,0.261345,0.367689,0.005663,0.265189,0.350199,-0.202395,0.252137,-0.010966,0.037158,0.270552,-0.028456,-0.170901,0.257501,0.426315,0.059291,0.060244,0.161555,-0.217425,0.016023,-0.039973,0.101258,0.016089,0.034786,-0.207243,0.023595
0.187696,-0.083305,0.254779,0.385939,0.004653,0.256772,0.367992,-0.203390,0.244097,0.007400,0.036780,0.265462,-0.010548,-0.171263,0.252787,0.443239,0.058971,0.034221,0.171482,-0.218235,0.015857,-0.038267,0.101611,0.016145,0.070737,-0.209842,0.020752
0.206873,-0.083420,0.247613,0.405158,0.004467,0.247642,0.387020,-0.203589,0.235472,0.026726,0.036749,0.259755,0.008588,-0.171307,0.247584,0.442363,0.060482,0.015857,0.189769,-0.219249,0.015904,-0.036428,0.102214,0.015989,0.080434,-0.209724,0.016006
0.225729,-0.083519,0.244502,0.423942,0.004523,0.243356,0.405930,-0.203613,0.232414,0.045528,0.036575,0.256589,0.027516,-0.171561,0.245647,0.443055,0.060505,0.015975,0.226214,-0.222334,0.015388,-0.034390,0.101828,0.015860,0.082049,-0.209874,0.015702
0.244658,-0.082619,0.246245,0.442859,0.005447,0.244734,0.424917,-0.202801,0.236040,0.064400,0.037564,0.256451,0.046458,-0.170684,0.247756,0.444255,0.060540,0.015850,0.253084,-0.224714,0.021905,-0.021117,0.100637,0.015798,0.083349,-0.209831,0.015690
0.263742,-0.080872,0.251615,0.461917,0.007242,0.249626,0.444083,-0.201118,0.243916,0.083402,0.039375,0.259314,0.065568,-0.168985,0.253605,0.445774,0.060664,0.015793,0.277973,-0.226665,0.029739,0.005595,0.098287,0.017752,0.084312,-0.209705,0.015761
0.283215,-0.078484,0.259427,0.481382,0.009631,0.256854,0.463607,-0.198800,0.254559,0.102822,0.041833,0.264295,0.085047,-0.166598,0.262000,0.447479,0.060793,0.015889,0.302117,-0.228279,0.039552,0.041739,0.095323,0.022374,0.084951,-0.209497,0.015806
0.302988,-0.075752,0.268314,0.501174,0.012298,0.265064,0.483387,-0.196141,0.266283,0.122589,0.044636,0.270345,0.104802,-0.163803,0.271564,0.449293,0.060884,0.015879,0.329600,-0.229902,0.049195,0.082536,0.092268,0.030564,0.085301,-0.209249,0.015911
0.322425,-0.073112,0.276253,0.520649,0.014832,0.272492,0.502795,-0.193559,0.276884,0.142055,0.047334,0.275621,0.124201,-0.161057,0.280014,0.451068,0.061013,0.015998,0.363617,-0.231922,0.055758,0.124835,0.089494,0.041198,0.086079,-0.208987,0.015790
0.340688,-0.070793,0.280903,0.539138,0.016620,0.276706,0.520758,-0.191663,0.283400,0.160617,0.050077,0.278405,0.142238,-0.158207,0.285099,0.468029,0.060156,0.015678,0.402519,-0.234160,0.056862,0.164146,0.088130,0.051735,0.098202,-0.208605,0.016465
0.358206,-0.068825,0.282293,0.557182,0.017330,0.277090,0.537534,-0.190779,0.285408,0.178878,0.053130,0.279179,0.159230,-0.154979,0.287496,0.479796,0.059881,0.015795,0.441103,-0.236641,0.053267,0.197702,0.088177,0.057405,0.119643,-0.207735,0.017141
0.375506,-0.067635,0.281231,0.575220,0.016718,0.274885,0.553759,-0.191144,0.284752,0.197253,0.055875,0.277709,0.175793,-0.151987,0.287576,0.481104,0.059879,0.015807,0.478904,-0.240344,0.049119,0.226745,0.088049,0.056007,0.139654,-0.206914,0.015503
0.392957,-0.067253,0.279043,0.592895,0.016491,0.271795,0.570870,-0.191231,0.283237,0.215044,0.056725,0.274849,0.193018,-0.150997,0.286291,0.482365,0.059887,0.015856,0.517974,-0.244483,0.045636,0.256950,0.085536,0.047584,0.142154,-0.206279,0.015754
0.410734,-0.067726,0.278121,0.610696,0.015957,0.270795,0.588625,-0.191696,0.283363,0.232843,0.056244,0.272879,0.210772,-0.151409,0.285447,0.483841,0.059810,0.016035,0.562886,-0.249142,0.045550,0.293754,0.081328,0.037750,0.142799,-0.206292,0.015803
0.428639,-0.068779,0.277422,0.628620,0.014831,0.269790,0.606501,-0.192774,0.283042,0.250778,0.055216,0.271802,0.228659,-0.152389,0.285054,0.485421,0.059687,0.016010,0.606886,-0.253855,0.044282,0.334168,0.076905,0.033288,0.143306,-0.206278,0.015864
0.446408,-0.070244,0.274264,0.646409,0.013179,0.265245,0.624193,-0.194393,0.278843,0.268624,0.053905,0.269685,0.246407,-0.153667,0.283284,0.493180,0.059054,0.015941,0.635706,-0.257535,0.033036,0.368215,0.073373,0.030354,0.146059,-0.206258,0.015785
0.464496,-0.072716,0.268361,0.664536,0.010463,0.258054,0.642148,-0.197097,0.271554,0.286844,0.051666,0.265167,0.264455,-0.155894,0.278667,0.507935,0.057416,0.015933,0.643870,-0.259755,0.015362,0.387400,0.070744,0.020944,0.152795,-0.206759,0.015765
0.482211,-0.075462,0.262971,0.682251,0.007771,0.253093,0.659883,-0.199814,0.266244,0.304540,0.048889,0.259697,0.282171,-0.158695,0.272849,0.532591,0.054677,0.015952,0.644429,-0.259816,0.015846,0.391677,0.069855,0.015862,0.162171,-0.207849,0.015876
0.499145,-0.078896,0.261136,0.699214,0.004393,0.252400,0.676810,-0.203255,0.264440,0.321479,0.045464,0.257831,0.299075,-0.162184,0.269871,0.572560,0.050448,0.021298,0.645357,-0.260072,0.015741,0.393025,0.069510,0.015962,0.176106,-0.209415,0.016189
0.515975,-0.083153,0.261959,0.716115,0.000143,0.255101,0.693583,-0.207595,0.265201,0.338367,0.041290,0.258716,0.315835,-0.166448,0.268816,0.620630,0.045297,0.029445,0.646472,-0.260381,0.015798,0.394198,0.069202,0.015981,0.194270,-0.211035,0.021964
0.532994,-0.087914,0.264885,0.733218,-0.004661,0.260335,0.710515,-0.212484,0.268008,0.355474,0.036657,0.261763,0.332771,-0.171166,0.269436,0.665721,0.040387,0.041590,0.647736,-0.260683,0.015970,0.395249,0.068979,0.015744,0.221901,-0.213773,0.026558
0.550126,-0.093033,0.269176,0.750401,-0.009812,0.266902,0.727583,-0.217702,0.271955,0.372669,0.031636,0.266398,0.349851,-0.176254,0.271451,0.707150,0.035497,0.054010,0.649143,-0.261050,0.015989,0.396056,0.068710,0.015620,0.259209,-0.217928,0.029260
0.567268,-0.098259,0.273654,0.767563,-0.015054,0.273511,0.744692,-0.222986,0.275945,0.389845,0.026468,0.271363,0.366973,-0.181464,0.273797,0.747077,0.030460,0.062798,0.650669,-0.261416,0.015830,0.396720,0.068446,0.015729,0.303041,-0.223019,0.029481
0.584347,-0.103333,0.277128,0.784643,-0.020145,0.278719,0.761757,-0.228089,0.278722,0.406937,0.021424,0.275534,0.384051,-0.186520,0.275537,0.787996,0.025208,0.068998,0.652201,-0.261760,0.015936,0.397304,0.068205,0.015874,0.349202,-0.228413,0.028982
0.601395,-0.108047,0.278639,0.801663,-0.024826,0.281444,0.778838,-0.232766,0.279315,0.423952,0.016671,0.277963,0.401126,-0.191269,0.275834,0.827965,0.020152,0.072513,0.653686,-0.262058,0.016027,0.397912,0.067937,0.015969,0.394724,-0.233759,0.028459
0.618446,-0.112305,0.277267,0.818666,-0.028990,0.280713,0.795964,-0.236917,0.276789,0.440928,0.012308,0.277746,0.418227,-0.195620,0.273821,0.862859,0.015870,0.071062,0.655049,-0.262336,0.015920,0.399555,0.067493,0.015999,0.437036,-0.238742,0.026930
0.635451,-0.116081,0.272346,0.835573,-0.032529,0.275721,0.813128,-0.240453,0.270372,0.457775,0.008290,0.274319,0.435329,-0.199633,0.268971,0.889168,0.012910,0.062055,0.656884,-0.262766,0.015779,0.405754,0.066281,0.015949,0.473541,-0.243172,0.023442
0.652741,-0.119270,0.264245,0.852776,-0.035494,0.267236,0.830558,-0.243403,0.260551,0.474925,0.004863,0.267939,0.452707,-0.203047,0.261253,0.903802,0.011997,0.042949,0.661139,-0.263162,0.015857,0.413765,0.065237,0.015825,0.500566,-0.246009,0.016061
0.670785,-0.121170,0.254835,0.870978,-0.037721,0.254888,0.848319,-0.245581,0.248157,0.493250,0.003241,0.261513,0.470592,-0.204619,0.254782,0.901323,0.012456,0.015824,0.672070,-0.264588,0.015851,0.421225,0.064794,0.015746,0.502119,-0.246054,0.015610
0.688749,-0.122505,0.248953,0.888894,-0.038970,0.246721,0.866252,-0.246844,0.240369,0.511246,0.001834,0.257537,0.488604,-0.206040,0.251186,0.901713,0.012424,0.015982,0.695526,-0.267123,0.015687,0.430971,0.063701,0.015879,0.503611,-0.246223,0.015815
0.707050,-0.123276,0.249662,0.907203,-0.039767,0.247169,0.884551,-0.247669,0.241841,0.529550,0.001117,0.257484,0.506897,-0.206785,0.252156,0.902852,0.012366,0.015982,0.719522,-0.269789,0.022054,0.447032,0.061862,0.022574,0.504691,-0.246221,0.015820
0.726164,-0.123329,0.256301,0.926325,-0.039839,0.253846,0.903693,-0.247781,0.250289,0.548634,0.001123,0.262313,0.526003,-0.206819,0.258755,0.904494,0.012331,0.015997,0.745531,-0.272530,0.030388,0.477345,0.058555,0.031526,0.505335,-0.246142,0.016017
0.746101,-0.122879,0.266917,0.946262,-0.039394,0.264227,0.923662,-0.247365,0.262852,0.568541,0.001607,0.270983,0.545941,-0.206364,0.269607,0.906469,0.012290,0.015951,0.774820,-0.275439,0.040484,0.521737,0.053938,0.040212,0.505451,-0.246005,0.015975
0.765903,-0.122528,0.277343,0.966142,-0.039228,0.274809,0.943378,-0.247185,0.275314,0.588427,0.002129,0.279371,0.565663,-0.205828,0.279876,0.908464,0.012179,0.015944,0.811003,-0.278966,0.049106,0.571444,0.049157,0.051577,0.507035,-0.245773,0.015922
0.784346,-0.122307,0.284075,0.984994,-0.039994,0.281657,0.961218,-0.247833,0.283258,0.607473,0.003219,0.284891,0.583697,-0.204619,0.286493,0.938574,0.009051,0.020402,0.851543,-0.282814,0.052215,0.615811,0.046313,0.064325,0.522757,-0.245444,0.020643
0.802170,-0.122169,0.287069,1.003542,-0.041644,0.284585,0.977920,-0.249262,0.286304,0.626419,0.004923,0.287834,0.600798,-0.202695,0.289554,0.985223,0.004261,0.024672,0.891408,-0.286339,0.050025,0.649646,0.046076,0.073327,0.551213,-0.244570,0.024253
0.820155,-0.122169,0.286279,1.022482,-0.044066,0.284041,0.994359,-0.251366,0.284758,0.645951,0.007027,0.287799,0.617829,-0.200273,0.288516,1.026892,0.000309,0.025614,0.928829,-0.289171,0.045291,0.676622,0.047995,0.074472,0.586576,-0.242818,0.022867
0.838648,-0.122345,0.281540,1.042025,-0.047001,0.280106,1.011068,-0.253895,0.278902,0.666227,0.009205,0.284178,0.635270,-0.197689,0.282974,1.057171,-0.001796,0.019887,0.963094,-0.291282,0.040011,0.701489,0.051145,0.067869,0.623961,-0.240398,0.015938
0.857662,-0.123116,0.274112,1.062000,-0.050401,0.274173,1.028385,-0.256872,0.272073,0.686940,0.010641,0.276150,0.653325,-0.195830,0.274051,1.061611,-0.001660,0.015823,0.994302,-0.294975,0.036149,0.726802,0.052446,0.055510,0.640612,-0.237185,0.015831
0.876741,-0.124557,0.269733,1.081065,-0.051808,0.270375,1.047491,-0.258295,0.269534,0.705992,0.009180,0.269931,0.672418,-0.197307,0.269090,1.062465,-0.001700,0.015937,1.022677,-0.299370,0.039422,0.752750,0.048539,0.045238,0.641992,-0.237376,0.015963
0.895745,-0.126274,0.270576,1.100063,-0.053516,0.271882,1.066494,-0.260005,0.272096,0.724997,0.007456,0.269055,0.691428,-0.199033,0.269269,1.063770,-0.001834,0.015958,1.049341,-0.303500,0.043820,0.784348,0.043619,0.042525,0.642819,-0.237440,0.015971
0.914932,-0.128235,0.274510,1.119249,-0.055478,0.276043,1.085669,-0.261962,0.277142,0.744195,0.005493,0.271878,0.710616,-0.200992,0.272977,1.065332,-0.002047,0.015931,1.076980,-0.307824,0.046698,0.821026,0.037838,0.045022,0.643225,-0.237448,0.015967
0.934005,-0.130486,0.277798,1.138333,-0.057750,0.278562,1.104734,-0.264227,0.280264,0.763276,0.003256,0.275333,0.729676,-0.203221,0.277035,1.066886,-0.002238,0.015913,1.103397,-0.312005,0.044081,0.858170,0.031986,0.047611,0.644070,-0.237494,0.015763
0.952687,-0.132942,0.277764,1.157106,-0.060461,0.277123,1.123263,-0.266898,0.278740,0.782112,0.001014,0.276787,0.748268,-0.205424,0.278405,1.081804,-0.004101,0.016252,1.120032,-0.314355,0.032739,0.887270,0.028023,0.045870,0.650926,-0.237581,0.015764
0.971593,-0.135651,0.273956,1.176193,-0.063709,0.271874,1.141806,-0.270062,0.272423,0.801380,-0.001239,0.275490,0.766993,-0.207593,0.276038,1.105044,-0.006456,0.015920,1.122920,-0.313675,0.015605,0.902358,0.027372,0.035482,0.662909,-0.237017,0.015735
0.990802,-0.137726,0.268100,1.195537,-0.066171,0.265934,1.160765,-0.272458,0.267116,0.820839,-0.002994,0.269085,0.786067,-0.209280,0.270266,1.130899,-0.010612,0.016548,1.123722,-0.313745,0.015855,0.906472,0.027213,0.015748,0.678153,-0.238641,0.015609
1.009247,-0.139908,0.264504,1.214018,-0.068438,0.263122,1.179160,-0.274705,0.265013,0.839333,-0.005111,0.263995,0.804475,-0.211377,0.265886,1.165101,-0.016222,0.028890,1.124831,-0.313903,0.015896,0.908228,0.027069,0.015884,0.704191,-0.242816,0.016013
1.027641,-0.143280,0.265100,1.232425,-0.071834,0.264506,1.197536,-0.278098,0.266156,0.857746,-0.008463,0.264043,0.822858,-0.214726,0.265693,1.197884,-0.021676,0.041901,1.126165,-0.314125,0.015920,0.909573,0.026882,0.015891,0.735209,-0.247932,0.023987
1.046051,-0.147194,0.268140,1.250816,-0.075696,0.268663,1.215974,-0.281971,0.269676,0.876128,-0.012416,0.266604,0.841286,-0.218692,0.267617,1.233831,-0.027796,0.052006,1.127717,-0.314404,0.015925,0.910637,0.026617,0.015675,0.776297,-0.254990,0.027117
1.064396,-0.151161,0.271757,1.269150,-0.079647,0.273390,1.234324,-0.285927,0.273712,0.894468,-0.016395,0.269803,0.859642,-0.222676,0.270125,1.274345,-0.034765,0.059227,1.129399,-0.314709,0.015863,0.911554,0.026417,0.015693,0.823420,-0.263032,0.028097
1.082645,-0.154976,0.274524,1.287394,-0.083460,0.276688,1.252574,-0.289742,0.276438,0.912717,-0.020210,0.272610,0.877897,-0.226491,0.272360,1.317099,-0.042123,0.063879,1.131098,-0.315014,0.015976,0.912396,0.026249,0.015863,0.873468,-0.271542,0.029433
1.100851,-0.158592,0.274984,1.305607,-0.087084,0.276710,1.270782,-0.293364,0.276062,0.930920,-0.023820,0.273907,0.896096,-0.230100,0.273259,1.356573,-0.048925,0.063331,1.132714,-0.315332,0.015957,0.913250,0.026066,0.015964,0.923494,-0.280060,0.031554
1.119146,-0.161903,0.272028,1.323880,-0.090313,0.272347,1.289135,-0.296606,0.271502,0.949158,-0.027201,0.272554,0.914413,-0.233494,0.271709,1.386493,-0.053871,0.053468,1.138406,-0.316262,0.015871,0.915913,0.025540,0.015935,0.968932,-0.287789,0.033054
1.137987,-0.164665,0.265982,1.342629,-0.092820,0.264867,1.308133,-0.299154,0.263874,0.967842,-0.030176,0.268091,0.933345,-0.236510,0.267097,1.400607,-0.055305,0.030705,1.153011,-0.318107,0.015868,0.920936,0.024961,0.015905,1.003894,-0.293244,0.029943
1.157709,-0.167465,0.258572,1.362269,-0.095428,0.255894,1.327957,-0.301793,0.255002,0.987461,-0.033137,0.262141,0.953150,-0.239503,0.261249,1.400307,-0.054641,0.016028,1.169692,-0.320520,0.015905,0.922393,0.024820,0.015859,1.023824,-0.296286,0.020403
1.177052,-0.170830,0.253411,1.381588,-0.098761,0.249912,1.347299,-0.305129,0.248876,1.006804,-0.036530,0.257946,0.972515,-0.242898,0.256910,1.400925,-0.054726,0.016057,1.194113,-0.324585,0.016762,0.923560,0.024589,0.015978,1.025402,-0.296549,0.015904
1.195845,-0.173424,0.252514,1.400364,-0.101352,0.248183,1.366081,-0.307723,0.247577,1.025608,-0.039125,0.257451,0.991326,-0.245496,0.256845,1.401941,-0.054859,0.015922,1.220155,-0.328887,0.020210,0.936458,0.022463,0.017269,1.026736,-0.296744,0.015762
1.214769,-0.175026,0.256341,1.419281,-0.102955,0.251678,1.385026,-0.309330,0.252320,1.044513,-0.040722,0.260361,1.010257,-0.247097,0.261003,1.403381,-0.054977,0.015879,1.239108,-0.331880,0.027941,0.965553,0.017715,0.022196,1.027756,-0.296837,0.015634
1.234364,-0.175789,0.264086,1.438880,-0.103751,0.259107,1.404635,-0.310113,0.261673,1.064092,-0.041465,0.266499,1.029847,-0.247827,0.269065,1.405159,-0.055104,0.015861,1.258036,-0.334636,0.038475,1.006463,0.011209,0.028122,1.028408,-0.296814,0.015677
1.254427,-0.176163,0.273710,1.458971,-0.104220,0.268505,1.424677,-0.310535,0.273240,1.084177,-0.041790,0.274181,1.049883,-0.248106,0.278916,1.407062,-0.055302,0.015937,1.282772,-0.338174,0.049220,1.053512,0.003952,0.037128,1.028706,-0.296712,0.015714
1.273977,-0.176575,0.281619,1.478639,-0.104957,0.276570,1.444042,-0.311175,0.283043,1.103913,-0.041974,0.280194,1.069315,-0.248192,0.286667,1.411273,-0.055727,0.016015,1.315715,-0.342866,0.056435,1.100968,-0.002643,0.048602,1.032106,-0.296541,0.016374
1.292404,-0.177048,0.285717,1.497346,-0.106237,0.280647,1.461951,-0.312286,0.288090,1.122858,-0.041809,0.283344,1.087462,-0.247858,0.290786,1.448419,-0.061182,0.017793,1.353109,-0.348071,0.057298,1.140853,-0.006829,0.059835,1.044289,-0.296305,0.021740
1.310482,-0.177628,0.286138,1.515941,-0.108333,0.281045,1.479024,-0.314118,0.288404,1.141940,-0.041137,0.283873,1.105023,-0.246922,0.291231,1.497588,-0.068190,0.019464,1.391438,-0.353011,0.053446,1.169875,-0.007746,0.065670,1.065854,-0.295613,0.025164
1.328808,-0.178329,0.282771,1.535010,-0.111262,0.277913,1.495845,-0.316669,0.284140,1.161770,-0.039990,0.281403,1.122605,-0.245397,0.287629,1.538337,-0.073502,0.017465,1.427462,-0.357092,0.047541,1.192216,-0.006122,0.063164,1.095535,-0.294573,0.022152
1.347450,-0.179832,0.276434,1.554865,-0.116513,0.273153,1.511931,-0.321199,0.278122,1.182970,-0.038466,0.274747,1.140035,-0.243152,0.279715,1.543134,-0.073847,0.015770,1.460224,-0.362518,0.042805,1.213798,-0.003872,0.052629,1.126485,-0.293181,0.015289
1.366234,-0.181969,0.271545,1.573784,-0.119057,0.269034,1.530434,-0.323623,0.275231,1.202034,-0.040315,0.267860,1.158684,-0.244880,0.274057,1.544051,-0.073947,0.015835,1.489797,-0.368502,0.043797,1.238349,-0.008479,0.038497,1.128988,-0.292890,0.015805
1.384989,-0.184204,0.271690,1.592544,-0.121291,0.269756,1.549178,-0.325809,0.277250,1.220799,-0.042599,0.266130,1.177433,-0.247118,0.273624,1.545307,-0.074082,0.016009,1.518474,-0.374230,0.046894,1.269395,-0.014986,0.032158,1.129870,-0.292967,0.015866
1.403809,-0.186729,0.276105,1.611363,-0.123791,0.274982,1.567985,-0.328268,0.283464,1.239633,-0.045191,0.268746,1.196255,-0.249668,0.277228,1.546955,-0.074369,0.016018,1.549948,-0.380563,0.051519,1.307676,-0.022832,0.034748,1.130278,-0.293012,0.015888
1.422504,-0.189415,0.280570,1.630077,-0.126543,0.279190,1.586639,-0.330974,0.288462,1.258370,-0.047856,0.272679,1.214932,-0.252287,0.281951,1.548633,-0.074670,0.015896,1.581231,-0.387035,0.052561,1.346876,-0.030685,0.040457,1.131075,-0.293053,0.015755
1.440569,-0.192329,0.281669,1.648252,-0.129843,0.279642,1.604466,-0.334209,0.288690,1.276672,-0.050450,0.274648,1.232885,-0.254816,0.283696,1.569394,-0.078082,0.016277,1.604419,-0.391503,0.045219,1.378841,-0.036081,0.042770,1.140313,-0.293367,0.015810
1.458826,-0.195496,0.279023,1.666687,-0.133611,0.276727,1.622322,-0.337918,0.284142,1.295330,-0.053073,0.273904,1.250965,-0.257381,0.281320,1.598497,-0.081744,0.015573,1.615454,-0.392144,0.031245,1.398116,-0.037481,0.036251,1.154354,-0.292578,0.015767
1.477631,-0.199150,0.272783,1.685814,-0.138390,0.269772,1.640365,-0.342492,0.276218,1.314896,-0.055808,0.269349,1.269447,-0.259910,0.275794,1.614003,-0.083827,0.016022,1.616736,-0.392050,0.015461,1.405565,-0.037256,0.020975,1.167231,-0.291949,0.015635
1.495829,-0.203194,0.267012,1.704022,-0.142538,0.262802,1.658506,-0.346623,0.269316,1.333151,-0.059765,0.264708,1.287636,-0.263849,0.271221,1.629116,-0.087071,0.017559,1.617242,-0.392100,0.015810,1.406932,-0.037573,0.015839,1.180446,-0.294690,0.015625
1.513416,-0.207649,0.265302,1.721613,-0.147050,0.260492,1.676054,-0.351136,0.266623,1.350779,-0.064162,0.263980,1.305220,-0.268249,0.270111,1.663074,-0.094294,0.030772,1.618223,-0.392349,0.015836,1.408292,-0.037862,0.015979,1.202878,-0.299564,0.018022
1.531176,-0.212753,0.267315,1.739401,-0.152181,0.263538,1.693777,-0.356280,0.268715,1.368574,-0.069227,0.265915,1.322950,-0.273326,0.271091,1.699073,-0.102105,0.045714,1.619548,-0.392683,0.015973,1.409390,-0.038110,0.015740,1.231870,-0.305760,0.026304
1.548977,-0.218224,0.271098,1.757210,-0.157599,0.268895,1.711596,-0.361726,0.272898,1.386358,-0.074721,0.269298,1.340744,-0.278848,0.273300,1.737368,-0.110768,0.055592,1.621115,-0.393126,0.015942,1.410279,-0.038461,0.015617,1.270352,-0.314464,0.030232
1.566658,-0.223717,0.274751,1.774903,-0.163100,0.273844,1.729257,-0.367240,0.276642,1.404059,-0.080193,0.272860,1.358413,-0.284333,0.275658,1.779170,-0.120381,0.062017,1.622746,-0.393575,0.015866,1.411063,-0.038706,0.015761,1.315393,-0.324641,0.031156
1.584257,-0.228996,0.277055,1.792503,-0.168377,0.276789,1.746854,-0.372527,0.278569,1.421661,-0.085465,0.275541,1.376011,-0.289616,0.277321,1.821591,-0.130146,0.065710,1.624344,-0.393996,0.015982,1.411786,-0.038946,0.015910,1.363734,-0.335587,0.031579
1.601847,-0.233948,0.276739,1.810093,-0.173331,0.276270,1.764442,-0.377487,0.277305,1.439251,-0.090408,0.276173,1.393600,-0.294564,0.277208,1.859718,-0.138930,0.064201,1.625816,-0.394387,0.015946,1.412599,-0.039195,0.016034,1.412122,-0.346521,0.032192
1.619499,-0.238586,0.272887,1.827724,-0.177914,0.271264,1.782129,-0.382084,0.271811,1.456869,-0.095089,0.273964,1.411275,-0.299259,0.274510,1.888437,-0.145485,0.053764,1.628298,-0.394986,0.015856,1.415944,-0.040071,0.015928,1.455816,-0.356424,0.032246
1.637615,-0.242722,0.265811,1.845767,-0.181847,0.262931,1.800365,-0.386061,0.263066,1.474865,-0.099383,0.268556,1.429464,-0.303596,0.268692,1.902015,-0.147946,0.030356,1.639455,-0.397010,0.015806,1.422561,-0.041362,0.015800,1.489680,-0.363704,0.027800
1.656498,-0.246956,0.257275,1.864603,-0.185970,0.253485,1.819301,-0.390206,0.253288,1.493695,-0.103706,0.261261,1.448393,-0.307942,0.261065,1.901423,-0.147354,0.015974,1.654363,-0.399947,0.015838,1.424542,-0.041576,0.015880,1.509808,-0.367884,0.016543
1.674944,-0.251297,0.252111,1.883020,-0.190282,0.247373,1.837737,-0.394521,0.246984,1.512151,-0.108073,0.257237,1.466867,-0.312312,0.256848,1.902030,-0.147502,0.016057,1.678307,-0.405287,0.015832,1.425932,-0.041943,0.015820,1.511403,-0.368281,0.015882
1.693018,-0.254684,0.252083,1.901073,-0.193670,0.246454,1.855796,-0.397912,0.246584,1.530240,-0.111457,0.257582,1.484963,-0.315699,0.257711,1.903068,-0.147706,0.015964,1.698904,-0.409828,0.022616,1.440927,-0.045257,0.018050,1.512631,-0.368539,0.015697
1.711416,-0.257080,0.257040,1.919489,-0.196147,0.251192,1.874170,-0.400374,0.252665,1.548662,-0.113786,0.261415,1.503344,-0.318014,0.262888,1.904575,-0.147978,0.015858,1.716755,-0.413590,0.032172,1.471347,-0.051791,0.023318,1.513523,-0.368612,0.015687
1.730646,-0.258614,0.265366,1.938733,-0.197759,0.259240,1.893395,-0.401957,0.262756,1.567897,-0.115271,0.267976,1.522559,-0.319468,0.271492,1.906363,-0.148199,0.015860,1.736210,-0.417398,0.043320,1.512452,-0.060508,0.029161,1.514046,-0.368546,0.015681
1.750292,-0.259811,0.274688,1.958405,-0.199059,0.268418,1.913024,-0.403196,0.274189,1.587560,-0.116427,0.275186,1.542179,-0.320563,0.280957,1.908220,-0.148463,0.015956,1.762133,-0.422470,0.053441,1.558120,-0.070008,0.038067,1.514302,-0.368443,0.015709
1.769285,-0.261032,0.281678,1.977490,-0.200585,0.275498,1.931847,-0.404604,0.283093,1.606723,-0.117461,0.280263,1.561081,-0.321479,0.287859,1.913492,-0.149306,0.016488,1.795989,-0.429158,0.058977,1.603110,-0.078660,0.048938,1.518578,-0.368669,0.016727
1.787207,-0.262238,0.284913,1.995603,-0.202469,0.278583,1.949319,-0.406307,0.287105,1.625095,-0.118168,0.282722,1.578811,-0.322006,0.291244,1.948358,-0.156011,0.017536,1.833324,-0.436184,0.058219,1.640265,-0.084301,0.059469,1.532135,-0.369365,0.020690
1.804838,-0.263481,0.284485,2.013609,-0.205044,0.278070,1.966023,-0.408591,0.286375,1.643653,-0.118371,0.282594,1.596068,-0.321918,0.290899,1.995584,-0.164709,0.018486,1.871022,-0.442611,0.053120,1.666851,-0.085995,0.064123,1.553800,-0.369678,0.023013
1.822760,-0.264984,0.280263,2.032094,-0.208580,0.274044,1.982498,-0.411695,0.281047,1.663021,-0.118273,0.279479,1.613425,-0.321388,0.286482,2.034928,-0.171354,0.016102,1.906039,-0.447937,0.046126,1.686983,-0.084882,0.059947,1.582981,-0.369982,0.019191
1.840893,-0.267418,0.273535,2.051168,-0.214489,0.268623,1.998166,-0.416764,0.274957,1.683620,-0.118072,0.272113,1.630618,-0.320347,0.278447,2.036102,-0.171454,0.015761,1.937561,-0.455214,0.041091,1.706508,-0.084105,0.047246,1.606586,-0.369285,0.015664
1.859200,-0.270439,0.269064,2.069523,-0.217658,0.264640,2.016384,-0.419849,0.272374,1.702015,-0.121029,0.265753,1.648877,-0.323220,0.273487,2.037055,-0.171615,0.015869,1.964252,-0.461995,0.041755,1.727441,-0.089627,0.032003,1.608002,-0.369359,0.015828
1.877640,-0.273491,0.269894,2.087980,-0.220738,0.265987,2.034808,-0.422864,0.275066,1.720471,-0.124118,0.264723,1.667299,-0.326244,0.273802,2.038344,-0.171867,0.016048,1.990287,-0.468593,0.043535,1.756230,-0.097243,0.025174,1.608738,-0.369465,0.015859
1.896259,-0.276810,0.275271,2.106611,-0.224046,0.272223,2.053417,-0.426119,0.282299,1.739102,-0.127500,0.268242,1.685907,-0.329573,0.278318,2.040038,-0.172243,0.016023,2.022169,-0.476608,0.048431,1.795218,-0.107189,0.028185,1.608978,-0.369461,0.015866
1.914600,-0.280357,0.280511,2.124997,-0.227766,0.277569,2.071633,-0.429758,0.288341,1.757568,-0.130956,0.272680,1.704204,-0.332949,0.283452,2.041776,-0.172664,0.015884,2.055496,-0.485220,0.051073,1.836470,-0.117375,0.035556,1.611030,-0.369678,0.015805
1.932161,-0.284019,0.282225,2.142733,-0.232157,0.278875,2.088689,-0.433978,0.289474,1.775633,-0.134061,0.274976,1.721590,-0.335882,0.285575,2.063501,-0.177616,0.016328,2.081903,-0.492023,0.046670,1.870533,-0.124702,0.039974,1.624091,-0.371050,0.015836
1.949860,-0.287994,0.280228,2.160665,-0.237092,0.276878,2.105695,-0.438745,0.285773,1.794024,-0.137244,0.274683,1.739054,-0.338897,0.283578,2.096206,-0.183884,0.015835,2.096589,-0.494475,0.034992,1.892488,-0.127478,0.035630,1.642050,-0.371417,0.015785
1.968094,-0.292221,0.274478,2.179196,-0.242556,0.271220,2.123027,-0.443959,0.278048,1.813161,-0.140484,0.270907,1.756992,-0.341886,0.277736,2.123526,-0.188495,0.015389,2.100524,-0.493729,0.017429,1.902965,-0.126745,0.022419,1.659368,-0.370756,0.015647
1.986305,-0.296425,0.267900,2.197506,-0.247166,0.264901,2.140945,-0.448441,0.272245,1.831665,-0.144409,0.263554,1.775105,-0.345684,0.270898,2.127934,-0.189456,0.016018,2.101313,-0.493900,0.015796,1.907784,-0.127596,0.015896,1.672560,-0.373423,0.015566
2.003857,-0.301460,0.265309,2.215057,-0.252199,0.262309,2.158498,-0.453474,0.269650,1.849215,-0.149446,0.260968,1.792657,-0.350722,0.268309,2.149758,-0.195201,0.026782,2.102279,-0.494174,0.015818,1.909231,-0.128006,0.015993,1.688844,-0.377999,0.015811
2.021378,-0.307526,0.266456,2.232600,-0.258323,0.264130,2.175960,-0.459606,0.270591,1.866795,-0.155446,0.262322,1.810155,-0.356729,0.268783,2.182865,-0.204274,0.040326,2.103484,-0.494622,0.015969,1.910378,-0.128387,0.015720,1.710893,-0.383947,0.022266
