-0.013309,-0.006165,0.347002,0.178312,0.095433,0.346401,0.175022,-0.113740,0.346831,-0.201641,0.101411,0.347174,-0.204931,-0.107762,0.347603,0.155579,0.140841,0.148904,0.185111,-0.159688,0.184445,-0.173864,0.146024,0.149539,-0.200926,-0.153678,0.154500
-0.017548,-0.009193,0.337641,0.174569,0.091453,0.336034,0.170250,-0.117698,0.337421,-0.205345,0.099311,0.337862,-0.209664,-0.109840,0.339248,0.145702,0.136253,0.146474,0.143006,-0.163805,0.155043,-0.160284,0.142511,0.137277,-0.200188,-0.156723,0.154236
-0.020161,-0.012222,0.324970,0.172724,0.086895,0.321444,0.166773,-0.122204,0.324071,-0.207095,0.097759,0.325869,-0.213045,-0.111339,0.328495,0.121374,0.131525,0.138088,0.099546,-0.168064,0.140835,-0.174382,0.139762,0.123727,-0.212988,-0.159188,0.139389
-0.022911,-0.015396,0.310218,0.170971,0.081683,0.305081,0.162847,-0.127337,0.308136,-0.208669,0.096544,0.312300,-0.216793,-0.112475,0.315355,0.116137,0.126712,0.127796,0.062750,-0.171686,0.119980,-0.204733,0.138811,0.102315,-0.222595,-0.160709,0.112225
-0.027225,-0.018463,0.292405,0.167913,0.075975,0.285791,0.157000,-0.132900,0.289897,-0.211451,0.095974,0.294912,-0.222364,-0.112901,0.299018,0.120118,0.120461,0.106131,0.056435,-0.177107,0.089471,-0.223255,0.137781,0.074642,-0.220383,-0.162753,0.083939
-0.033375,-0.021301,0.269991,0.162859,0.070669,0.261332,0.149416,-0.138013,0.267304,-0.216165,0.095410,0.272677,-0.229608,-0.113272,0.278649,0.116324,0.113708,0.068362,0.082058,-0.185089,0.062791,-0.217038,0.134647,0.049635,-0.211187,-0.166359,0.057161
-0.039177,-0.024010,0.243346,0.157697,0.066312,0.232215,0.142694,-0.142159,0.241118,-0.221048,0.094140,0.245575,-0.236050,-0.114332,0.254478,0.098087,0.107111,0.019134,0.106324,-0.193576,0.043834,-0.200284,0.128807,0.024374,-0.216797,-0.171139,0.024698
-0.043911,-0.026726,0.218224,0.152907,0.063625,0.206368,0.137868,-0.144925,0.213093,-0.225690,0.091474,0.223354,-0.240729,-0.117077,0.230079,0.096808,0.107117,0.015791,0.111002,-0.194958,0.015273,-0.195909,0.128227,0.015869,-0.216419,-0.171334,0.015718
-0.045078,-0.030182,0.203003,0.151689,0.060355,0.191745,0.136682,-0.148275,0.195362,-0.226839,0.087911,0.210644,-0.241846,-0.120719,0.214261,0.096327,0.106862,0.015835,0.109586,-0.195009,0.016029,-0.195444,0.127851,0.015895,-0.215677,-0.171614,0.015888
-0.042454,-0.032623,0.193356,0.154353,0.058064,0.184186,0.139378,-0.150595,0.185540,-0.224285,0.085349,0.201171,-0.239261,-0.123310,0.202525,0.096389,0.106699,0.015776,0.109285,-0.195103,0.016000,-0.197758,0.127811,0.015996,-0.214941,-0.171834,0.015898
-0.037685,-0.033730,0.184708,0.159137,0.057007,0.176402,0.144178,-0.151657,0.176957,-0.219549,0.084197,0.192459,-0.234508,-0.124466,0.193015,0.096688,0.106624,0.015821,0.108529,-0.195096,0.015994,-0.195371,0.127561,0.016018,-0.214172,-0.171962,0.015914
-0.032280,-0.034210,0.175591,0.164536,0.056537,0.167240,0.149585,-0.152127,0.167725,-0.214145,0.083707,0.183457,-0.229095,-0.124958,0.183942,0.097083,0.106585,0.015790,0.111064,-0.195287,0.016002,-0.188907,0.127076,0.015759,-0.213317,-0.172045,0.015830
-0.026585,-0.034462,0.166511,0.170224,0.056292,0.158072,0.155290,-0.152373,0.158769,-0.208459,0.083449,0.174254,-0.223393,-0.125216,0.174951,0.097583,0.106582,0.015831,0.119714,-0.195867,0.017018,-0.176588,0.126205,0.015826,-0.212416,-0.172100,0.015856
-0.020531,-0.034706,0.158382,0.176279,0.056042,0.149908,0.161352,-0.152622,0.150920,-0.202413,0.083210,0.165845,-0.217341,-0.125454,0.166857,0.098164,0.106547,0.015862,0.133122,-0.196810,0.018797,-0.159923,0.125014,0.016822,-0.211506,-0.172171,0.015836
-0.014076,-0.035118,0.151292,0.182727,0.055638,0.142735,0.167812,-0.153027,0.143860,-0.195965,0.082791,0.158725,-0.210879,-0.125874,0.159850,0.098873,0.106513,0.015892,0.147350,-0.197804,0.019053,-0.140599,0.123650,0.019631,-0.210591,-0.172238,0.015799
-0.007324,-0.035866,0.144863,0.189456,0.054895,0.135861,0.174532,-0.153770,0.136626,-0.189181,0.082039,0.153101,-0.204105,-0.126627,0.153866,0.099652,0.106445,0.015847,0.156919,-0.198519,0.015813,-0.117316,0.121984,0.021785,-0.209636,-0.172304,0.015762
-0.000931,-0.036499,0.138968,0.195814,0.054268,0.129281,0.180887,-0.154398,0.129839,-0.182748,0.081400,0.148098,-0.197676,-0.127266,0.148656,0.100412,0.106356,0.015916,0.157493,-0.198596,0.015812,-0.090579,0.120032,0.020725,-0.208718,-0.172398,0.015868
0.005165,-0.036354,0.133372,0.201897,0.054372,0.123056,0.186973,-0.154289,0.124528,-0.176643,0.081581,0.142215,-0.191567,-0.127080,0.143687,0.101187,0.106387,0.015945,0.158139,-0.198562,0.015795,-0.074716,0.118967,0.015915,-0.207835,-0.172386,0.015895
0.011189,-0.036026,0.128538,0.207893,0.054638,0.117211,0.192978,-0.154011,0.119976,-0.170601,0.081959,0.137101,-0.185516,-0.126690,0.139866,0.115473,0.105502,0.018144,0.158845,-0.198521,0.015871,-0.074168,0.119030,0.015938,-0.206992,-0.172369,0.015866
0.017235,-0.035965,0.125234,0.213924,0.054679,0.113477,0.199043,-0.153958,0.117187,-0.164573,0.082028,0.133281,-0.179454,-0.126609,0.136991,0.137241,0.104120,0.023409,0.159575,-0.198515,0.015968,-0.073613,0.119026,0.015928,-0.203824,-0.172599,0.015777
0.023357,-0.036179,0.123301,0.220092,0.054442,0.112139,0.205196,-0.154187,0.116247,-0.158482,0.081830,0.130355,-0.173377,-0.126799,0.134462,0.157771,0.102862,0.030684,0.160362,-0.198535,0.015938,-0.072996,0.119046,0.015864,-0.197252,-0.173006,0.015769
0.029434,-0.036568,0.122418,0.226223,0.054051,0.112242,0.211313,-0.154575,0.116448,-0.152444,0.081439,0.128387,-0.167355,-0.127186,0.132594,0.173382,0.101884,0.036921,0.161139,-0.198589,0.016003,-0.072379,0.119021,0.015745,-0.189202,-0.173555,0.015787
0.035419,-0.037109,0.122275,0.232254,0.053529,0.113213,0.217339,-0.155099,0.117278,-0.146500,0.080880,0.127272,-0.161415,-0.127748,0.131337,0.184771,0.101095,0.041173,0.161908,-0.198686,0.015891,-0.071725,0.118934,0.015635,-0.180710,-0.174194,0.015817
0.041279,-0.037682,0.122649,0.238145,0.052998,0.114758,0.223241,-0.155637,0.118498,-0.140684,0.080274,0.126800,-0.155587,-0.128361,0.130540,0.193510,0.100488,0.043885,0.162605,-0.198719,0.015861,-0.071070,0.118882,0.015650,-0.172123,-0.174809,0.015852
0.046989,-0.038277,0.123382,0.243874,0.052449,0.116568,0.228994,-0.156193,0.120018,-0.135015,0.079640,0.126746,-0.149895,-0.129002,0.130196,0.200730,0.099923,0.045534,0.163287,-0.198802,0.015793,-0.070416,0.118769,0.015745,-0.163904,-0.175455,0.016471
0.052532,-0.038811,0.124344,0.249450,0.051905,0.118410,0.234539,-0.156739,0.121573,-0.129475,0.079117,0.127114,-0.144385,-0.129527,0.130277,0.207398,0.099393,0.046579,0.163943,-0.198868,0.015784,-0.069745,0.118734,0.015880,-0.156417,-0.175933,0.018476
0.057930,-0.039261,0.125406,0.254857,0.051472,0.120048,0.239951,-0.157175,0.123043,-0.124091,0.078653,0.127770,-0.138997,-0.129993,0.130764,0.213800,0.098929,0.047122,0.164529,-0.198897,0.015790,-0.069128,0.118693,0.015930,-0.149253,-0.176397,0.021643
0.063324,-0.039581,0.126450,0.260253,0.051160,0.121342,0.245355,-0.157486,0.124399,-0.118707,0.078324,0.128501,-0.133605,-0.130323,0.131559,0.220222,0.098500,0.047005,0.165117,-0.198919,0.015835,-0.068480,0.118658,0.015945,-0.141612,-0.176880,0.025240
0.068760,-0.039787,0.127376,0.265696,0.050937,0.122242,0.250786,-0.157705,0.125574,-0.113266,0.078130,0.129177,-0.128177,-0.130511,0.132509,0.227150,0.098048,0.046182,0.165678,-0.198946,0.015878,-0.067848,0.118648,0.015954,-0.132807,-0.177409,0.028740
0.074341,-0.039902,0.128100,0.271272,0.050822,0.122767,0.256373,-0.157813,0.126538,-0.107691,0.078009,0.129662,-0.122590,-0.130626,0.133433,0.235041,0.097568,0.044474,0.166239,-0.198950,0.015849,-0.067208,0.118634,0.015837,-0.122137,-0.178070,0.031704
0.080177,-0.039932,0.128546,0.277118,0.050753,0.122935,0.262196,-0.157868,0.127302,-0.101841,0.078004,0.129789,-0.116764,-0.130618,0.134156,0.244193,0.096977,0.041393,0.166828,-0.198955,0.015898,-0.066503,0.118668,0.015905,-0.108952,-0.178857,0.033650
0.086330,-0.039886,0.128624,0.283259,0.050801,0.122618,0.268363,-0.157804,0.127811,-0.095703,0.078031,0.129436,-0.110598,-0.130574,0.134629,0.254668,0.096278,0.036480,0.167427,-0.198960,0.015956,-0.065742,0.118645,0.015910,-0.092351,-0.179954,0.034273
0.092819,-0.039658,0.128163,0.289747,0.050988,0.121525,0.274847,-0.157585,0.127826,-0.089209,0.078270,0.128501,-0.104108,-0.130304,0.134802,0.265767,0.095475,0.028406,0.168048,-0.198921,0.015985,-0.064917,0.118719,0.015892,-0.070918,-0.181317,0.033659
0.099648,-0.039101,0.126994,0.296533,0.051531,0.119054,0.281703,-0.156986,0.127131,-0.082408,0.078785,0.126857,-0.097238,-0.129732,0.134934,0.275048,0.094644,0.015424,0.168732,-0.198855,0.015994,-0.064001,0.118775,0.015858,-0.043544,-0.183104,0.032869
0.105736,-0.038658,0.125893,0.302542,0.052031,0.116736,0.287865,-0.156429,0.126407,-0.076393,0.079113,0.125378,-0.091071,-0.129348,0.135049,0.275853,0.094834,0.015691,0.169355,-0.198819,0.015977,-0.063211,0.118713,0.015812,-0.010910,-0.185372,0.032252
0.111404,-0.039101,0.125442,0.308224,0.051572,0.116410,0.293523,-0.156886,0.126089,-0.070714,0.078685,0.124794,-0.085416,-0.129773,0.134473,0.276595,0.094748,0.015908,0.169857,-0.198892,0.015914,-0.062455,0.118649,0.015703,0.018831,-0.187658,0.028476
0.116821,-0.040207,0.124071,0.313659,0.050495,0.115745,0.298928,-0.158012,0.124257,-0.065286,0.077598,0.123885,-0.080016,-0.130909,0.132397,0.277276,0.094596,0.016035,0.170413,-0.198961,0.015818,-0.061726,0.118536,0.015816,0.034367,-0.189194,0.019626
0.122120,-0.041710,0.121595,0.318947,0.049096,0.114208,0.304249,-0.159480,0.120898,-0.060009,0.076060,0.122292,-0.074707,-0.132515,0.128981,0.277954,0.094423,0.016061,0.174938,-0.199325,0.015782,-0.060997,0.118302,0.015850,0.036720,-0.189584,0.015789
0.127392,-0.042732,0.119786,0.324183,0.048170,0.112634,0.309556,-0.160440,0.118327,-0.054772,0.074976,0.121245,-0.069399,-0.133634,0.126937,0.278650,0.094306,0.016053,0.188969,-0.200326,0.017099,-0.059708,0.118023,0.015812,0.037162,-0.189716,0.015839
0.132797,-0.043228,0.119198,0.329577,0.047702,0.112079,0.314974,-0.160915,0.117600,-0.049380,0.074458,0.120795,-0.063982,-0.134158,0.126316,0.279363,0.094251,0.015973,0.206529,-0.201455,0.021083,-0.056350,0.117744,0.015744,0.037694,-0.189775,0.015866
0.138309,-0.043312,0.119874,0.335102,0.047593,0.112776,0.320482,-0.161011,0.118745,-0.043863,0.074387,0.121003,-0.058483,-0.134217,0.126972,0.280061,0.094258,0.015885,0.219190,-0.202096,0.027744,-0.050478,0.117419,0.015752,0.038270,-0.189755,0.015910
0.143860,-0.043198,0.121682,0.340662,0.047696,0.114715,0.326044,-0.160884,0.121429,-0.038324,0.074489,0.121936,-0.052942,-0.134092,0.128650,0.280718,0.094298,0.015793,0.226981,-0.202309,0.034979,-0.043283,0.117004,0.015759,0.038894,-0.189740,0.015966
0.149426,-0.042923,0.124162,0.346260,0.047919,0.117458,0.331597,-0.160624,0.125159,-0.032746,0.074778,0.123165,-0.047409,-0.133765,0.130866,0.281334,0.094320,0.015695,0.232234,-0.202324,0.041382,-0.035497,0.116598,0.015758,0.039533,-0.189714,0.015968
0.154945,-0.042595,0.126796,0.351817,0.048199,0.120540,0.337101,-0.160300,0.129271,-0.027210,0.075110,0.124320,-0.041926,-0.133389,0.133051,0.281923,0.094347,0.015751,0.237139,-0.202318,0.046389,-0.027857,0.116212,0.015746,0.040159,-0.189690,0.015939
0.160378,-0.042213,0.129252,0.357283,0.048544,0.123557,0.342513,-0.159905,0.133338,-0.021758,0.075478,0.125166,-0.036528,-0.132971,0.134947,0.282471,0.094401,0.015765,0.243077,-0.202379,0.050096,-0.020461,0.115865,0.015741,0.040759,-0.189650,0.015833
0.165718,-0.041801,0.131359,0.362651,0.048935,0.126309,0.347830,-0.159456,0.137174,-0.016394,0.075853,0.125543,-0.031215,-0.132538,0.136408,0.282999,0.094463,0.015765,0.250495,-0.202555,0.052870,-0.013097,0.115520,0.015736,0.041337,-0.189612,0.015818
0.170975,-0.041458,0.133080,0.367938,0.049251,0.128785,0.353043,-0.159079,0.140678,-0.011093,0.076162,0.125481,-0.025989,-0.132167,0.137375,0.283521,0.094482,0.015906,0.259219,-0.202901,0.055015,-0.005830,0.115172,0.015941,0.041906,-0.189607,0.015713
0.176189,-0.041168,0.134470,0.373175,0.049527,0.131008,0.358206,-0.158744,0.143801,-0.005827,0.076407,0.125139,-0.020797,-0.131864,0.137933,0.284031,0.094521,0.015965,0.269024,-0.203333,0.056771,0.000884,0.114959,0.017385,0.042480,-0.189579,0.015595
0.181347,-0.040916,0.135681,0.378339,0.049792,0.133011,0.363318,-0.158422,0.146635,-0.000624,0.076589,0.124727,-0.015645,-0.131625,0.138351,0.284506,0.094571,0.016017,0.280082,-0.203857,0.058391,0.007071,0.114873,0.020401,0.043032,-0.189552,0.015649
0.186520,-0.040779,0.136887,0.383512,0.049949,0.134956,0.368443,-0.158214,0.149297,0.004596,0.076656,0.124476,-0.010472,-0.131507,0.138818,0.284968,0.094566,0.016044,0.292688,-0.204539,0.060291,0.013184,0.114841,0.024758,0.043595,-0.189579,0.015705
0.191753,-0.040710,0.138228,0.388734,0.050055,0.137002,0.373638,-0.158070,0.151870,0.009869,0.076649,0.124586,-0.005227,-0.131475,0.139454,0.285451,0.094590,0.016052,0.306153,-0.205270,0.062131,0.019668,0.114845,0.029710,0.044155,-0.189582,0.015724
0.197128,-0.040779,0.139778,0.394090,0.050032,0.139074,0.378990,-0.158064,0.154329,0.015267,0.076506,0.125228,0.000166,-0.131590,0.140482,0.285907,0.094555,0.016051,0.320747,-0.206154,0.063953,0.026647,0.114779,0.035291,0.044710,-0.189655,0.015770
0.202671,-0.040977,0.141580,0.399617,0.049870,0.141276,0.384521,-0.158220,0.156614,0.020821,0.076265,0.126546,0.005725,-0.131825,0.141884,0.286391,0.094544,0.016018,0.336445,-0.207132,0.065616,0.034476,0.114661,0.040991,0.045285,-0.189681,0.015802
0.208401,-0.041344,0.143416,0.405316,0.049571,0.143306,0.390280,-0.158535,0.158493,0.026521,0.075847,0.128340,0.011485,-0.132258,0.143526,0.286898,0.094523,0.015965,0.352735,-0.208225,0.066491,0.043707,0.114290,0.046057,0.045855,-0.189744,0.015901
0.214302,-0.042023,0.144816,0.411184,0.048964,0.144712,0.396242,-0.159188,0.159354,0.032362,0.075142,0.130278,0.017420,-0.133009,0.144920,0.287404,0.094463,0.015844,0.368374,-0.209472,0.065452,0.055182,0.113485,0.049275,0.046446,-0.189842,0.015977
0.220360,-0.043129,0.145217,0.417221,0.047903,0.144923,0.402374,-0.160327,0.158512,0.038346,0.074069,0.131923,0.023499,-0.134161,0.145512,0.287975,0.094353,0.015795,0.381953,-0.210913,0.060738,0.069916,0.112116,0.049732,0.047111,-0.189959,0.015987
0.226536,-0.044739,0.144259,0.423391,0.046304,0.143568,0.408625,-0.162030,0.155554,0.044447,0.072552,0.132965,0.029681,-0.135782,0.144951,0.288544,0.094150,0.015814,0.392467,-0.212574,0.050395,0.089344,0.110066,0.047047,0.047817,-0.190124,0.016011
0.232929,-0.046814,0.141738,0.429723,0.044354,0.140423,0.415170,-0.164114,0.150121,0.050689,0.070486,0.133355,0.036135,-0.137982,0.143053,0.289181,0.093981,0.015881,0.398125,-0.214046,0.031630,0.115360,0.107334,0.042063,0.048617,-0.190374,0.015970
0.239342,-0.049065,0.137716,0.436064,0.042243,0.135645,0.421719,-0.166342,0.142806,0.056965,0.068212,0.132626,0.042619,-0.140372,0.139786,0.289820,0.093776,0.015963,0.397043,-0.214587,0.015846,0.146958,0.104304,0.036426,0.049426,-0.190678,0.015878
0.245239,-0.050301,0.132921,0.441653,0.041656,0.130324,0.428016,-0.166984,0.137257,0.062462,0.066383,0.128585,0.048825,-0.142257,0.135519,0.300466,0.092655,0.015932,0.397634,-0.214605,0.015846,0.176220,0.101124,0.026409,0.050703,-0.191931,0.015793
0.251163,-0.050537,0.127444,0.447373,0.041858,0.124941,0.434193,-0.166772,0.132990,0.068134,0.065697,0.121898,0.054954,-0.142932,0.129947,0.319621,0.091287,0.015683,0.398269,-0.214594,0.015902,0.185465,0.099766,0.015778,0.051680,-0.192705,0.015751
0.257141,-0.050751,0.123507,0.453344,0.041647,0.120675,0.440180,-0.166962,0.129238,0.074102,0.065461,0.117775,0.060938,-0.143149,0.126338,0.342084,0.090029,0.017922,0.398892,-0.214586,0.015954,0.185892,0.099799,0.015816,0.052551,-0.192736,0.015799
0.263069,-0.051117,0.121751,0.459268,0.041282,0.118621,0.446116,-0.167324,0.127291,0.080022,0.065091,0.116210,0.066871,-0.143516,0.124880,0.369748,0.088510,0.022496,0.399585,-0.214593,0.016057,0.186497,0.099787,0.015870,0.053609,-0.192794,0.015751
0.268890,-0.051628,0.121181,0.465089,0.040777,0.118289,0.451936,-0.167838,0.126732,0.085845,0.064582,0.115629,0.072691,-0.144033,0.124072,0.393043,0.087286,0.029067,0.400283,-0.214640,0.016011,0.187095,0.099741,0.015952,0.056540,-0.192978,0.015713
0.274536,-0.052284,0.121215,0.470738,0.040135,0.119020,0.457572,-0.168500,0.126958,0.091500,0.063931,0.115472,0.078334,-0.144703,0.123410,0.410189,0.086342,0.035254,0.400958,-0.214723,0.015961,0.187679,0.099650,0.015976,0.061557,-0.193314,0.015729
0.280045,-0.053024,0.121654,0.476263,0.039377,0.120354,0.463049,-0.169280,0.127581,0.097040,0.063232,0.115727,0.083827,-0.145425,0.122954,0.422409,0.085571,0.039955,0.401615,-0.214827,0.015890,0.188313,0.099564,0.015956,0.067509,-0.193673,0.015756
0.285408,-0.053810,0.122354,0.481632,0.038588,0.122031,0.468388,-0.170093,0.128498,0.102428,0.062472,0.116210,0.089184,-0.146208,0.122677,0.431597,0.084885,0.043251,0.402220,-0.214948,0.015818,0.188931,0.099439,0.015938,0.073993,-0.194119,0.015787
0.290649,-0.054611,0.123219,0.486873,0.037785,0.123979,0.473606,-0.170919,0.129567,0.107692,0.061697,0.116871,0.094426,-0.147007,0.122460,0.439245,0.084272,0.045635,0.402816,-0.215026,0.015736,0.189570,0.099346,0.015884,0.080893,-0.194561,0.015821
0.295769,-0.055412,0.124186,0.491994,0.036964,0.126052,0.478692,-0.171759,0.130797,0.112845,0.060934,0.117576,0.099544,-0.147789,0.122321,0.445859,0.083669,0.047340,0.403373,-0.215128,0.015759,0.190197,0.099244,0.015748,0.087991,-0.195027,0.015854
0.300808,-0.056213,0.125198,0.497026,0.036152,0.128075,0.483707,-0.172586,0.132015,0.117909,0.060159,0.118380,0.104590,-0.148579,0.122321,0.452152,0.083068,0.048723,0.403898,-0.215238,0.015812,0.190816,0.099118,0.015635,0.094854,-0.195493,0.017168
0.305817,-0.056999,0.126181,0.502036,0.035333,0.129919,0.488685,-0.173416,0.133061,0.122948,0.059418,0.119301,0.109598,-0.149332,0.122444,0.458313,0.082470,0.049722,0.404417,-0.215340,0.015845,0.191444,0.099025,0.015649,0.101786,-0.195931,0.019478
0.310818,-0.057724,0.127084,0.507033,0.034588,0.131481,0.493669,-0.174170,0.133928,0.127967,0.058722,0.120240,0.114603,-0.150036,0.122687,0.464450,0.081907,0.050199,0.404940,-0.215420,0.015876,0.192074,0.098940,0.015734,0.109150,-0.196409,0.022389
0.315804,-0.058296,0.127845,0.512005,0.034025,0.132645,0.498659,-0.174739,0.134649,0.132948,0.058146,0.121041,0.119602,-0.150618,0.123045,0.470774,0.081414,0.050129,0.405437,-0.215464,0.015856,0.192669,0.098864,0.015835,0.117279,-0.196950,0.025556
0.320896,-0.058777,0.128424,0.517097,0.033530,0.133496,0.503742,-0.175236,0.135200,0.138051,0.057682,0.121649,0.124695,-0.151084,0.123353,0.477714,0.080906,0.049232,0.405932,-0.215497,0.015881,0.193289,0.098830,0.015923,0.126593,-0.197523,0.028673
0.326183,-0.059143,0.128801,0.522382,0.033161,0.134020,0.509023,-0.175605,0.135687,0.143344,0.057319,0.121914,0.129985,-0.151447,0.123581,0.485632,0.080365,0.047301,0.406433,-0.215541,0.015920,0.193929,0.098781,0.015949,0.137473,-0.198208,0.031234
0.331787,-0.059349,0.128932,0.527989,0.032947,0.134169,0.514613,-0.175816,0.136086,0.148961,0.057118,0.121778,0.135585,-0.151645,0.123695,0.494844,0.079788,0.043981,0.406976,-0.215568,0.015942,0.194607,0.098767,0.015939,0.150482,-0.198978,0.032917
0.337715,-0.059441,0.128725,0.533928,0.032840,0.133824,0.520522,-0.175916,0.136225,0.154908,0.057035,0.121224,0.141503,-0.151722,0.123626,0.505301,0.079132,0.038755,0.407543,-0.215591,0.015941,0.195317,0.098775,0.015895,0.166631,-0.199920,0.033362
0.344082,-0.059341,0.128115,0.540297,0.032959,0.132742,0.526892,-0.175786,0.135993,0.161271,0.057103,0.120237,0.147867,-0.151641,0.123488,0.516555,0.078442,0.030616,0.408144,-0.215580,0.015918,0.196148,0.098787,0.015876,0.187394,-0.201141,0.032838
0.350887,-0.058868,0.127006,0.547116,0.033456,0.130407,0.533720,-0.175261,0.135151,0.168055,0.057524,0.118862,0.154658,-0.151193,0.123606,0.526913,0.077769,0.018710,0.408792,-0.215509,0.015827,0.197060,0.098877,0.015899,0.213702,-0.202602,0.032805
0.357407,-0.058151,0.125806,0.553577,0.034350,0.127265,0.540375,-0.174324,0.134024,0.174438,0.058022,0.117588,0.161237,-0.150652,0.124348,0.528500,0.077887,0.015702,0.409460,-0.215437,0.015789,0.197791,0.098814,0.015861,0.244678,-0.204417,0.034149
0.363449,-0.058144,0.125196,0.559648,0.034307,0.125619,0.546416,-0.174339,0.133132,0.180482,0.058052,0.117260,0.167251,-0.150594,0.124773,0.529208,0.077856,0.015850,0.410037,-0.215485,0.015818,0.198612,0.098820,0.015827,0.275528,-0.206337,0.032982
0.369190,-0.058800,0.123844,0.565408,0.033612,0.123846,0.552159,-0.175049,0.130900,0.186222,0.057450,0.116788,0.172973,-0.151211,0.123843,0.529897,0.077787,0.015975,0.410645,-0.215520,0.015876,0.199404,0.098765,0.015782,0.293798,-0.207717,0.027226
0.374672,-0.060097,0.121139,0.570900,0.032291,0.121403,0.557641,-0.176415,0.126939,0.191703,0.056221,0.115338,0.178444,-0.152485,0.120875,0.530551,0.077617,0.016033,0.415431,-0.215883,0.015907,0.200197,0.098600,0.015859,0.298358,-0.208449,0.015778
0.380043,-0.061333,0.118220,0.576283,0.031030,0.118650,0.563012,-0.177710,0.122686,0.197074,0.055044,0.113755,0.183803,-0.153695,0.117790,0.531243,0.077459,0.016014,0.427141,-0.216688,0.015796,0.201081,0.098448,0.015898,0.298734,-0.208526,0.015738
0.385189,-0.062042,0.116817,0.581441,0.030295,0.116810,0.568159,-0.178455,0.120176,0.202220,0.054371,0.113458,0.188937,-0.154380,0.116824,0.531915,0.077369,0.015993,0.441029,-0.217581,0.016802,0.202179,0.098347,0.015823,0.299213,-0.208573,0.015795
0.390450,-0.062218,0.116818,0.586680,0.030164,0.116181,0.573453,-0.178585,0.119894,0.207446,0.054149,0.113742,0.194219,-0.154599,0.117456,0.532590,0.077356,0.015928,0.462710,-0.218889,0.020252,0.205279,0.098092,0.015754,0.299811,-0.208646,0.015850
0.395824,-0.062042,0.117937,0.592071,0.030299,0.116752,0.578809,-0.178429,0.121376,0.212840,0.054345,0.114498,0.199577,-0.154383,0.119122,0.533259,0.077353,0.015838,0.478688,-0.219707,0.027187,0.210842,0.097837,0.015761,0.300439,-0.208632,0.015872
0.401230,-0.061691,0.120041,0.597488,0.030622,0.118521,0.584200,-0.178077,0.124237,0.218260,0.054694,0.115845,0.204972,-0.154005,0.121561,0.533891,0.077415,0.015737,0.487911,-0.219955,0.034804,0.217406,0.097566,0.015756,0.301106,-0.208578,0.015919
0.406574,-0.061203,0.122788,0.602845,0.031079,0.121083,0.589522,-0.177579,0.128071,0.223627,0.055173,0.117505,0.210303,-0.153485,0.124492,0.534464,0.077486,0.015747,0.493712,-0.219921,0.041731,0.224341,0.097288,0.015752,0.301762,-0.208527,0.015976
0.411873,-0.060661,0.125760,0.608156,0.031595,0.124092,0.594792,-0.177013,0.132389,0.228953,0.055690,0.119131,0.215589,-0.152917,0.127428,0.535013,0.077552,0.015776,0.498389,-0.219799,0.047335,0.231279,0.097008,0.015731,0.302431,-0.208493,0.015977
0.417084,-0.060112,0.128541,0.613385,0.032111,0.127131,0.599958,-0.176440,0.136677,0.234210,0.056216,0.120404,0.220783,-0.152335,0.129951,0.535524,0.077618,0.015777,0.503564,-0.219721,0.051565,0.238102,0.096765,0.015723,0.303033,-0.208440,0.015947
0.422218,-0.059570,0.130941,0.618538,0.032619,0.129913,0.605033,-0.175868,0.140674,0.239403,0.056727,0.121208,0.225899,-0.151759,0.131968,0.536033,0.077679,0.015800,0.509854,-0.219749,0.054643,0.244799,0.096538,0.015711,0.303630,-0.208393,0.015852
0.427261,-0.059052,0.132919,0.623594,0.033114,0.132407,0.610008,-0.175303,0.144344,0.244515,0.057200,0.121494,0.230929,-0.151217,0.133431,0.536518,0.077740,0.015927,0.517742,-0.219907,0.057088,0.251661,0.096296,0.015704,0.304176,-0.208347,0.015840
0.432266,-0.058601,0.134530,0.628605,0.033551,0.134645,0.614934,-0.174795,0.147665,0.249598,0.057593,0.121396,0.235927,-0.150754,0.134416,0.536989,0.077784,0.015983,0.526857,-0.220189,0.059067,0.258265,0.096109,0.016557,0.304727,-0.208321,0.015740
0.437244,-0.058220,0.135881,0.633592,0.033912,0.136691,0.619817,-0.174367,0.150650,0.254672,0.057927,0.121112,0.240897,-0.150352,0.135070,0.537445,0.077834,0.016017,0.537194,-0.220572,0.060853,0.264449,0.096072,0.018761,0.305280,-0.208265,0.015633
0.442238,-0.057899,0.137119,0.638575,0.034245,0.138588,0.624730,-0.173970,0.153406,0.259745,0.058171,0.120831,0.245900,-0.150044,0.135649,0.537904,0.077883,0.016052,0.548957,-0.221055,0.062659,0.270404,0.096125,0.022430,0.305826,-0.208236,0.015613
0.447277,-0.057693,0.138402,0.643581,0.034511,0.140456,0.629721,-0.173650,0.155993,0.264833,0.058263,0.120811,0.250973,-0.149898,0.136348,0.538358,0.077909,0.016052,0.561676,-0.221636,0.064348,0.276522,0.096139,0.026719,0.306370,-0.208271,0.015673
0.452419,-0.057617,0.139817,0.648708,0.034607,0.142404,0.634800,-0.173514,0.158424,0.270038,0.058280,0.121210,0.256131,-0.149842,0.137230,0.538825,0.077910,0.016052,0.575191,-0.222338,0.065902,0.283061,0.096183,0.031406,0.306928,-0.208277,0.015692
0.457718,-0.057648,0.141447,0.653979,0.034622,0.144422,0.640073,-0.173479,0.160711,0.275363,0.058183,0.122183,0.261456,-0.149918,0.138473,0.539310,0.077924,0.016023,0.590044,-0.223127,0.067433,0.290160,0.096186,0.036608,0.307510,-0.208291,0.015753
0.463181,-0.057838,0.143176,0.659413,0.034489,0.146316,0.645549,-0.173610,0.162665,0.280812,0.057933,0.123688,0.266948,-0.150165,0.140036,0.539769,0.077907,0.015941,0.605929,-0.224054,0.068563,0.298352,0.096012,0.041669,0.308084,-0.208358,0.015780
0.468815,-0.058289,0.144626,0.665022,0.034092,0.147770,0.651230,-0.174035,0.163825,0.286399,0.057458,0.125428,0.272608,-0.150669,0.141483,0.540257,0.077868,0.015852,0.621855,-0.225127,0.068482,0.308463,0.095512,0.045467,0.308667,-0.208431,0.015889
0.474598,-0.059128,0.145295,0.670797,0.033274,0.148283,0.657082,-0.174914,0.163582,0.292114,0.056658,0.127008,0.278399,-0.151530,0.142307,0.540778,0.077775,0.015807,0.636301,-0.226415,0.065624,0.321493,0.094510,0.046944,0.309279,-0.208519,0.015973
0.480522,-0.060486,0.144813,0.676698,0.031974,0.147536,0.663131,-0.176319,0.161481,0.297913,0.055347,0.128145,0.284347,-0.152946,0.142090,0.541338,0.077622,0.015849,0.648296,-0.227907,0.058330,0.338525,0.092830,0.045689,0.309898,-0.208701,0.015987
0.486664,-0.062340,0.142975,0.682829,0.030152,0.145346,0.669409,-0.178277,0.157256,0.303918,0.053597,0.128694,0.290499,-0.154832,0.140605,0.541954,0.077445,0.015925,0.656773,-0.229536,0.044301,0.361708,0.090534,0.041895,0.310663,-0.208869,0.015998
0.493057,-0.064674,0.139500,0.689177,0.027929,0.141131,0.676011,-0.180650,0.150393,0.310103,0.051302,0.128608,0.296937,-0.157278,0.137870,0.542604,0.077209,0.015972,0.657812,-0.230876,0.020024,0.391438,0.087709,0.037539,0.311472,-0.209195,0.015951
0.499180,-0.066658,0.134887,0.695294,0.025967,0.135954,0.682233,-0.182707,0.142956,0.316126,0.049391,0.126818,0.303066,-0.159283,0.133819,0.543341,0.077016,0.015987,0.658357,-0.231045,0.015761,0.424382,0.085004,0.032162,0.312327,-0.209384,0.015903
0.504913,-0.067345,0.130030,0.700862,0.025630,0.131038,0.688170,-0.183058,0.138313,0.321657,0.048368,0.121747,0.308965,-0.160320,0.129022,0.562086,0.075620,0.015957,0.658885,-0.231107,0.015852,0.446496,0.082730,0.018254,0.313142,-0.210082,0.015790
0.510979,-0.067650,0.125196,0.706957,0.025265,0.125855,0.694209,-0.183408,0.133438,0.327749,0.048108,0.116955,0.315000,-0.160565,0.124537,0.586958,0.074157,0.015658,0.659446,-0.231120,0.015903,0.447009,0.082709,0.015742,0.314029,-0.210023,0.015771
0.516945,-0.068031,0.122370,0.712933,0.024865,0.122148,0.700196,-0.183801,0.129948,0.333693,0.047738,0.114793,0.320957,-0.160928,0.122593,0.608715,0.072963,0.019701,0.660069,-0.231178,0.015994,0.447530,0.082655,0.015776,0.314866,-0.210114,0.015816
0.522903,-0.068382,0.121373,0.718898,0.024500,0.120779,0.706160,-0.184165,0.128625,0.339647,0.047400,0.114122,0.326909,-0.161264,0.121968,0.633544,0.071700,0.025640,0.660772,-0.231193,0.016073,0.448109,0.082649,0.015810,0.315915,-0.210152,0.015790
0.528728,-0.068863,0.121229,0.724741,0.023979,0.120600,0.711966,-0.184690,0.128251,0.345491,0.046964,0.114207,0.332716,-0.161705,0.121857,0.653782,0.070639,0.031943,0.661469,-0.231280,0.015991,0.448730,0.082605,0.015917,0.318219,-0.210275,0.015725
0.534382,-0.069489,0.121467,0.730396,0.023353,0.121279,0.717611,-0.185334,0.128402,0.351153,0.046357,0.114533,0.338368,-0.162330,0.121655,0.669176,0.069804,0.037424,0.662139,-0.231335,0.015968,0.449351,0.082539,0.015955,0.322640,-0.210543,0.015740
0.539856,-0.070175,0.122005,0.735887,0.022630,0.122509,0.723049,-0.186077,0.128953,0.356663,0.045726,0.115057,0.343825,-0.162980,0.121501,0.680613,0.069088,0.041557,0.662771,-0.231417,0.015894,0.449970,0.082485,0.015956,0.328075,-0.210833,0.015761
0.545204,-0.070923,0.122737,0.741246,0.021852,0.124068,0.728363,-0.186873,0.129763,0.362045,0.045028,0.115712,0.349163,-0.163698,0.121407,0.689486,0.068428,0.044476,0.663403,-0.231526,0.015840,0.450613,0.082393,0.015946,0.334153,-0.211206,0.015788
0.550415,-0.071686,0.123598,0.746458,0.021068,0.125849,0.733545,-0.187676,0.130739,0.367286,0.044305,0.116457,0.354372,-0.164439,0.121346,0.696833,0.067829,0.046505,0.663991,-0.231616,0.015755,0.451238,0.082305,0.015901,0.340688,-0.211614,0.015819
0.555527,-0.072456,0.124533,0.751577,0.020255,0.127729,0.738614,-0.188503,0.131855,0.372440,0.043590,0.117210,0.359477,-0.165167,0.121336,0.703515,0.067212,0.048089,0.664551,-0.231744,0.015756,0.451859,0.082200,0.015788,0.347621,-0.212062,0.015851
0.560547,-0.073227,0.125501,0.756598,0.019442,0.129682,0.743593,-0.189328,0.132982,0.377501,0.042874,0.118019,0.364495,-0.165896,0.121319,0.709732,0.066634,0.049279,0.665093,-0.231833,0.015808,0.452504,0.082128,0.015685,0.354708,-0.212487,0.016468
0.565533,-0.073982,0.126441,0.761586,0.018640,0.131484,0.748540,-0.190137,0.134037,0.382526,0.042172,0.118846,0.369480,-0.166605,0.121399,0.715826,0.066048,0.050241,0.665591,-0.231941,0.015845,0.453120,0.082041,0.015601,0.361749,-0.212927,0.018105
0.570507,-0.074699,0.127301,0.766549,0.017906,0.133043,0.753499,-0.190878,0.134903,0.387515,0.041479,0.119699,0.374465,-0.167305,0.121559,0.721848,0.065509,0.050816,0.666113,-0.232016,0.015891,0.453743,0.081954,0.015704,0.369020,-0.213405,0.020576
0.575470,-0.075333,0.128034,0.771506,0.017254,0.134274,0.758449,-0.191535,0.135578,0.392491,0.040869,0.120491,0.379434,-0.167919,0.121795,0.728194,0.064981,0.050966,0.666605,-0.232078,0.015872,0.454345,0.081887,0.015796,0.376905,-0.213913,0.023621
