0.015266,0.012398,0.348820,0.201968,0.121897,0.334900,0.207709,-0.087179,0.339258,-0.177176,0.111974,0.358381,-0.171435,-0.097101,0.362740,0.161825,0.161530,0.107443,0.187538,-0.137777,0.120182,-0.176179,0.153014,0.144197,-0.171980,-0.146536,0.173601
0.023087,0.018228,0.342085,0.208344,0.130041,0.327303,0.216607,-0.078976,0.330144,-0.170433,0.115431,0.354025,-0.162171,-0.093586,0.356867,0.164300,0.170487,0.084304,0.159264,-0.129832,0.102145,-0.166233,0.157732,0.107190,-0.152459,-0.141706,0.135155
0.031799,0.024169,0.330683,0.216014,0.137712,0.316051,0.226162,-0.071234,0.317927,-0.162563,0.119572,0.343439,-0.152416,-0.089374,0.345315,0.163245,0.178401,0.065072,0.123160,-0.123813,0.087165,-0.174839,0.162095,0.077681,-0.141798,-0.136530,0.103958
0.040329,0.030156,0.315272,0.223879,0.144861,0.301360,0.235295,-0.064023,0.302633,-0.154637,0.124336,0.327910,-0.143221,-0.084549,0.329183,0.162188,0.185413,0.039732,0.104648,-0.118073,0.074571,-0.197077,0.165872,0.055224,-0.133257,-0.131090,0.072116
0.048470,0.035811,0.296465,0.231989,0.150726,0.283965,0.243660,-0.058140,0.285740,-0.146721,0.129763,0.307191,-0.135050,-0.079104,0.308966,0.160313,0.189966,0.015889,0.106785,-0.113242,0.058486,-0.219162,0.168924,0.034819,-0.125163,-0.126355,0.040423
0.056808,0.038860,0.280828,0.241312,0.152664,0.273895,0.251696,-0.056252,0.277144,-0.138079,0.133973,0.284512,-0.127696,-0.074944,0.287761,0.160310,0.190138,0.015948,0.131759,-0.111310,0.046649,-0.224545,0.171014,0.016159,-0.120840,-0.124342,0.015977
0.066528,0.041525,0.272895,0.251154,0.155245,0.268182,0.261424,-0.053642,0.273208,-0.128367,0.136692,0.272583,-0.118097,-0.072195,0.277608,0.160683,0.190246,0.015910,0.154939,-0.110007,0.039974,-0.219305,0.171561,0.015780,-0.119606,-0.124092,0.015587
0.077812,0.044510,0.270489,0.262471,0.158228,0.267246,0.272697,-0.050606,0.274214,-0.117073,0.139626,0.266764,-0.106847,-0.069208,0.273732,0.161543,0.190425,0.015799,0.176538,-0.108695,0.038939,-0.202860,0.172588,0.016017,-0.118722,-0.123929,0.015685
0.090096,0.047671,0.272445,0.274778,0.161374,0.270179,0.284930,-0.047390,0.279074,-0.104739,0.142732,0.265816,-0.094587,-0.066032,0.274711,0.162718,0.190633,0.015828,0.200084,-0.107161,0.042023,-0.169694,0.174526,0.017197,-0.118239,-0.123759,0.015781
0.102913,0.051053,0.276068,0.287635,0.164693,0.273839,0.297681,-0.043981,0.284738,-0.091855,0.146087,0.267398,-0.081809,-0.062587,0.278297,0.164025,0.190840,0.015991,0.226081,-0.105432,0.046560,-0.120829,0.177235,0.018061,-0.118038,-0.123605,0.015796
0.115654,0.054388,0.277998,0.300433,0.167911,0.274767,0.310371,-0.040654,0.287668,-0.079063,0.149430,0.268328,-0.069125,-0.059135,0.281230,0.165214,0.191052,0.016043,0.253381,-0.103775,0.048129,-0.068051,0.180272,0.021453,-0.117377,-0.123445,0.015737
0.128014,0.057308,0.276749,0.313162,0.170171,0.271943,0.322437,-0.038296,0.286781,-0.066410,0.152912,0.266718,-0.057135,-0.055555,0.281556,0.170458,0.191217,0.016038,0.280267,-0.103050,0.044175,-0.021931,0.183231,0.024085,-0.112338,-0.122532,0.015872
0.140381,0.059621,0.272710,0.326110,0.171432,0.266073,0.334335,-0.036973,0.282338,-0.053573,0.156215,0.263082,-0.045349,-0.052190,0.279347,0.171297,0.191426,0.015976,0.306927,-0.102827,0.036987,0.015421,0.185726,0.021761,-0.107804,-0.120848,0.015785
0.153152,0.060944,0.267382,0.339360,0.171863,0.259327,0.346705,-0.036502,0.276485,-0.040400,0.158389,0.258279,-0.033055,-0.049976,0.275438,0.172155,0.191554,0.015878,0.331575,-0.103177,0.027421,0.042558,0.187009,0.016167,-0.106391,-0.119569,0.015865
0.166473,0.060557,0.262701,0.352530,0.171538,0.252341,0.360153,-0.036853,0.269065,-0.027207,0.157967,0.256337,-0.019583,-0.050424,0.273060,0.173023,0.191619,0.015843,0.350635,-0.103210,0.015080,0.043593,0.186902,0.016072,-0.105077,-0.119814,0.015908
0.179184,0.059741,0.260120,0.365226,0.170533,0.247684,0.372810,-0.037921,0.263614,-0.014442,0.157403,0.256626,-0.006858,-0.051051,0.272556,0.180523,0.191712,0.015884,0.350951,-0.103276,0.015692,0.044625,0.186776,0.016002,-0.097136,-0.119561,0.015911
0.191307,0.059090,0.260228,0.377377,0.169766,0.247192,0.384859,-0.038763,0.262173,-0.002245,0.156942,0.258282,0.005237,-0.051586,0.273264,0.213905,0.192852,0.015514,0.351616,-0.103258,0.015723,0.045552,0.186838,0.015883,-0.090550,-0.118697,0.021642
0.204033,0.057771,0.262453,0.390181,0.168403,0.250187,0.397514,-0.040234,0.263663,0.010552,0.155775,0.261244,0.017885,-0.052862,0.274719,0.243170,0.194014,0.021119,0.352548,-0.103390,0.015895,0.046280,0.186753,0.015838,-0.085729,-0.117880,0.030031
0.217102,0.056170,0.265326,0.403310,0.166786,0.253858,0.410523,-0.041960,0.265583,0.023681,0.154299,0.265069,0.030894,-0.054447,0.276794,0.273938,0.195098,0.026582,0.353500,-0.103499,0.015992,0.046907,0.186643,0.015696,-0.076519,-0.117201,0.036570
0.230415,0.054570,0.268417,0.416676,0.165181,0.257767,0.423785,-0.043658,0.267770,0.037046,0.152799,0.269063,0.044155,-0.056041,0.279067,0.303132,0.196075,0.032938,0.354549,-0.103603,0.016014,0.047470,0.186542,0.015604,-0.060518,-0.116523,0.041267
0.243820,0.053151,0.271552,0.430110,0.163789,0.261733,0.437164,-0.045121,0.270190,0.050476,0.151423,0.272914,0.057530,-0.057487,0.281371,0.334414,0.197090,0.039888,0.355673,-0.103678,0.015941,0.047957,0.186439,0.015682,-0.037197,-0.115782,0.044607
0.257179,0.052024,0.274469,0.443494,0.162702,0.265627,0.450516,-0.046257,0.272797,0.063842,0.150305,0.276141,0.070864,-0.058654,0.283310,0.369437,0.198174,0.045833,0.356857,-0.103725,0.015794,0.048431,0.186357,0.015790,-0.007099,-0.114910,0.046259
0.270386,0.051263,0.276475,0.456734,0.161969,0.268751,0.463722,-0.047022,0.274966,0.077049,0.149548,0.277983,0.084038,-0.059443,0.284199,0.407983,0.199303,0.049134,0.358047,-0.103756,0.015878,0.048901,0.186307,0.015867,0.029181,-0.113887,0.044985
0.283356,0.050900,0.276963,0.469726,0.161635,0.270259,0.476701,-0.047373,0.275869,0.090011,0.149174,0.278057,0.096985,-0.059834,0.283668,0.448214,0.200488,0.049699,0.359198,-0.103763,0.015952,0.049460,0.186276,0.015919,0.070573,-0.112694,0.042018
0.296188,0.050979,0.275392,0.482570,0.161727,0.269236,0.489538,-0.047288,0.274619,0.102838,0.149245,0.276164,0.109807,-0.059769,0.281547,0.486326,0.201614,0.046792,0.360269,-0.103749,0.015980,0.050153,0.186277,0.015940,0.115513,-0.111326,0.038621
0.308975,0.051554,0.271215,0.495347,0.162305,0.264809,0.502329,-0.046704,0.270384,0.115621,0.149812,0.272045,0.122604,-0.059197,0.277621,0.518776,0.202560,0.039152,0.361150,-0.103699,0.015947,0.050965,0.186312,0.015933,0.160956,-0.109837,0.036562
0.321892,0.052505,0.264290,0.508209,0.163234,0.256138,0.515232,-0.045761,0.262187,0.128552,0.150772,0.266393,0.135575,-0.058223,0.272442,0.538621,0.202939,0.020791,0.362562,-0.103514,0.015892,0.051992,0.186445,0.015946,0.200647,-0.108421,0.034365
0.334717,0.052634,0.257406,0.521037,0.163374,0.249495,0.528060,-0.045626,0.255338,0.141373,0.150895,0.259474,0.148396,-0.058106,0.265317,0.539152,0.202949,0.016010,0.369701,-0.103136,0.015867,0.053169,0.186616,0.015944,0.228725,-0.107539,0.027833
0.347488,0.051482,0.252296,0.533838,0.162304,0.246507,0.540866,-0.046727,0.251147,0.154111,0.149691,0.253445,0.161139,-0.059339,0.258084,0.539733,0.202873,0.016030,0.391343,-0.102465,0.015753,0.054087,0.186544,0.015931,0.236797,-0.107659,0.015856
0.360153,0.051163,0.250039,0.546475,0.162055,0.244731,0.553561,-0.046985,0.248804,0.166745,0.149311,0.251273,0.173831,-0.059729,0.255347,0.540404,0.202877,0.016027,0.414240,-0.101721,0.016392,0.060532,0.186606,0.015739,0.237918,-0.107706,0.015964
0.372765,0.052060,0.250848,0.559091,0.162936,0.245360,0.566169,-0.046097,0.249811,0.179360,0.150217,0.251885,0.186438,-0.058816,0.256336,0.541264,0.202934,0.015935,0.427068,-0.101134,0.022440,0.081282,0.187356,0.015791,0.238777,-0.107649,0.015908
0.385674,0.053885,0.254209,0.572031,0.164716,0.248868,0.579071,-0.044292,0.254400,0.192276,0.152061,0.254018,0.199316,-0.056947,0.259550,0.542387,0.203040,0.015800,0.434486,-0.100541,0.031985,0.111602,0.188533,0.015898,0.239474,-0.107539,0.015763
0.398941,0.056431,0.258908,0.585336,0.167218,0.253994,0.592327,-0.041744,0.261118,0.205555,0.154606,0.256698,0.212546,-0.054356,0.263822,0.543629,0.203203,0.015771,0.443107,-0.099697,0.042333,0.145494,0.189928,0.017069,0.240057,-0.107397,0.015710
0.412392,0.059443,0.263843,0.598827,0.170179,0.259300,0.605748,-0.038712,0.268330,0.219035,0.157597,0.259355,0.225957,-0.051294,0.268385,0.544848,0.203382,0.015805,0.456264,-0.098571,0.051138,0.178645,0.191482,0.021221,0.240571,-0.107252,0.015637
0.425842,0.062614,0.268443,0.612330,0.173269,0.264075,0.619142,-0.035529,0.275092,0.232543,0.160758,0.261793,0.239355,-0.048040,0.272810,0.546020,0.203554,0.015999,0.474983,-0.097276,0.057011,0.208868,0.193200,0.028238,0.240963,-0.107096,0.015609
0.439140,0.065695,0.272549,0.625673,0.176273,0.268187,0.632380,-0.032422,0.281078,0.245901,0.163811,0.264020,0.252607,-0.044883,0.276911,0.547222,0.203737,0.016046,0.499141,-0.095920,0.059999,0.236776,0.195017,0.036386,0.241304,-0.106946,0.015638
0.452278,0.068478,0.276061,0.638845,0.179000,0.271717,0.645462,-0.029590,0.286242,0.259094,0.166546,0.265881,0.265711,-0.042044,0.280406,0.548436,0.203907,0.015990,0.527961,-0.094606,0.060705,0.263548,0.196789,0.043558,0.241597,-0.106827,0.015673
0.465225,0.070812,0.278648,0.651817,0.181297,0.274425,0.658357,-0.027201,0.290260,0.272094,0.168825,0.267035,0.278633,-0.039672,0.282870,0.549634,0.204055,0.015818,0.560625,-0.093383,0.059654,0.289929,0.198379,0.048339,0.241886,-0.106720,0.015685
0.477913,0.072618,0.279847,0.664536,0.183053,0.275732,0.670988,-0.025368,0.292576,0.284838,0.170603,0.267118,0.291290,-0.037818,0.283962,0.550753,0.204158,0.015972,0.596488,-0.092354,0.056736,0.316801,0.199632,0.049589,0.242227,-0.106635,0.015727
0.490372,0.073814,0.279621,0.677013,0.184221,0.275549,0.683412,-0.024149,0.293031,0.297332,0.171778,0.266211,0.303730,-0.036592,0.283692,0.551828,0.204236,0.016045,0.635862,-0.091375,0.053031,0.346266,0.200489,0.046622,0.242662,-0.106578,0.015748
0.502625,0.074396,0.277792,0.689285,0.184760,0.273459,0.695653,-0.023587,0.291232,0.309596,0.172379,0.264352,0.315964,-0.035968,0.282126,0.552795,0.204267,0.016063,0.675931,-0.090505,0.048824,0.377950,0.201071,0.041241,0.243161,-0.106551,0.015766
0.515022,0.074340,0.274455,0.701691,0.184661,0.269429,0.708079,-0.023694,0.287093,0.321966,0.172373,0.261817,0.328354,-0.035982,0.279482,0.553690,0.204274,0.016025,0.709944,-0.090038,0.042142,0.407892,0.201419,0.035076,0.243730,-0.106562,0.015852
0.527885,0.073622,0.269733,0.714537,0.183901,0.263341,0.721015,-0.024500,0.280420,0.334756,0.171744,0.259047,0.341234,-0.036657,0.276126,0.554564,0.204277,0.015938,0.730755,-0.090343,0.030010,0.431991,0.201432,0.027715,0.244359,-0.106615,0.015947
0.541191,0.072246,0.263464,0.727748,0.182547,0.255023,0.734440,-0.025934,0.271006,0.347942,0.170425,0.255923,0.354634,-0.038056,0.271906,0.555354,0.204281,0.015805,0.734855,-0.091091,0.015818,0.447865,0.201015,0.018212,0.245110,-0.106792,0.016069
0.553650,0.071212,0.258446,0.740226,0.181401,0.249033,0.746871,-0.027143,0.264185,0.360428,0.169567,0.252708,0.367073,-0.038978,0.267860,0.567444,0.204545,0.015825,0.735057,-0.091160,0.015791,0.449324,0.200787,0.015904,0.250969,-0.106582,0.015823
0.565208,0.070005,0.256778,0.751836,0.180146,0.247803,0.758382,-0.028485,0.261772,0.372035,0.168496,0.251784,0.378581,-0.040135,0.265753,0.598264,0.205377,0.015940,0.735619,-0.091247,0.015729,0.450325,0.200737,0.015963,0.261228,-0.106107,0.016085
0.576988,0.068175,0.257179,0.763672,0.178350,0.249989,0.770120,-0.030395,0.262176,0.383856,0.166746,0.252182,0.390304,-0.041999,0.264368,0.635307,0.206407,0.018286,0.736356,-0.091372,0.015773,0.451175,0.200586,0.015999,0.273651,-0.105536,0.017968
0.589294,0.065733,0.258762,0.776049,0.175918,0.253952,0.782366,-0.032955,0.263798,0.396223,0.164421,0.253726,0.402540,-0.044452,0.263572,0.663985,0.207149,0.022678,0.737244,-0.091530,0.015800,0.452035,0.200421,0.015941,0.291950,-0.104986,0.016035
0.601845,0.062917,0.261086,0.788665,0.173063,0.258454,0.794851,-0.035921,0.265663,0.408839,0.161754,0.256509,0.415024,-0.047230,0.263718,0.686245,0.207579,0.028008,0.738157,-0.091710,0.015942,0.452756,0.200247,0.015795,0.312333,-0.104318,0.015808
0.614594,0.059952,0.264003,0.801455,0.170056,0.263092,0.807559,-0.039006,0.267571,0.421628,0.158910,0.260434,0.427732,-0.050153,0.264914,0.705944,0.207855,0.034730,0.739097,-0.091876,0.015966,0.453372,0.200072,0.015674,0.334516,-0.103690,0.015893
0.627457,0.057016,0.267256,0.814337,0.167091,0.267901,0.820403,-0.042013,0.269739,0.434511,0.156046,0.264773,0.440576,-0.053058,0.266611,0.725755,0.207999,0.041152,0.740129,-0.092044,0.015915,0.453878,0.199889,0.015613,0.358495,-0.103105,0.016842
0.640358,0.054214,0.270508,0.827241,0.164266,0.272650,0.833299,-0.044846,0.272007,0.447417,0.153273,0.269010,0.453475,-0.055839,0.268366,0.750128,0.208194,0.047462,0.741233,-0.092193,0.015786,0.454356,0.199723,0.015704,0.383913,-0.102558,0.019698
0.653206,0.051676,0.273465,0.840076,0.161711,0.277057,0.846152,-0.047382,0.274190,0.460260,0.150733,0.272740,0.466335,-0.058359,0.269874,0.779892,0.208507,0.053026,0.742380,-0.092329,0.015936,0.454803,0.199571,0.015818,0.411265,-0.102051,0.023234
0.665932,0.049575,0.275646,0.852779,0.159591,0.280721,0.858887,-0.049466,0.275991,0.472976,0.148616,0.275301,0.479085,-0.060441,0.270571,0.814193,0.208998,0.057372,0.743563,-0.092436,0.016029,0.455251,0.199448,0.015910,0.441807,-0.101465,0.025388
0.678452,0.047968,0.276382,0.865269,0.157964,0.282802,0.871418,-0.051052,0.276577,0.485485,0.146988,0.276187,0.491634,-0.062029,0.269962,0.850309,0.209656,0.059795,0.744695,-0.092511,0.016033,0.455774,0.199353,0.015988,0.475873,-0.100708,0.025700
0.690819,0.046872,0.275199,0.877620,0.156838,0.282543,0.883789,-0.052141,0.275167,0.497848,0.145885,0.275231,0.504018,-0.063094,0.267855,0.884470,0.210430,0.058956,0.745701,-0.092565,0.015916,0.456370,0.199307,0.016030,0.512580,-0.099755,0.024624
0.703087,0.046392,0.271696,0.889872,0.156358,0.279439,0.896071,-0.052593,0.271314,0.510102,0.145377,0.272077,0.516301,-0.063573,0.263952,0.914079,0.211343,0.054088,0.746599,-0.092596,0.015799,0.457102,0.199264,0.016076,0.549771,-0.098716,0.023021
0.715385,0.046544,0.265600,0.902182,0.156529,0.272787,0.908383,-0.052407,0.264298,0.522388,0.145495,0.266902,0.528589,-0.063440,0.258413,0.936186,0.212386,0.042880,0.747380,-0.092597,0.015805,0.458304,0.199293,0.016037,0.583006,-0.097645,0.019972
0.727959,0.047208,0.257154,0.914852,0.157146,0.262243,0.920904,-0.051796,0.253796,0.535013,0.146212,0.260511,0.541066,-0.062730,0.252065,0.943370,0.213311,0.019003,0.748371,-0.092684,0.015910,0.459323,0.199412,0.015950,0.602308,-0.096906,0.015687
0.740150,0.047500,0.250145,0.927094,0.157390,0.254348,0.933052,-0.051544,0.245643,0.547248,0.146544,0.254647,0.553207,-0.062390,0.245942,0.943621,0.213300,0.015970,0.753121,-0.092614,0.015949,0.460686,0.199536,0.015754,0.603506,-0.096868,0.015621
0.751953,0.048123,0.248160,0.938887,0.158034,0.252230,0.944864,-0.050907,0.243715,0.559043,0.147153,0.252604,0.565020,-0.061788,0.244089,0.944154,0.213321,0.015955,0.776818,-0.091980,0.016975,0.467701,0.199677,0.016298,0.604521,-0.096855,0.015677
0.764153,0.049986,0.250413,0.951064,0.159958,0.253781,0.957083,-0.049032,0.246609,0.571222,0.149004,0.254217,0.577241,-0.059987,0.247045,0.944980,0.213445,0.015827,0.799629,-0.091360,0.022185,0.484373,0.199963,0.022138,0.605247,-0.096739,0.015792
0.776855,0.052650,0.255155,0.963740,0.162697,0.257407,0.969810,-0.046351,0.252253,0.583901,0.151652,0.258057,0.589971,-0.057396,0.252903,0.945987,0.213623,0.015747,0.814240,-0.090907,0.031432,0.511231,0.200711,0.027456,0.605697,-0.096577,0.015822
0.789963,0.055786,0.260673,0.976827,0.165885,0.261678,0.982935,-0.043206,0.258839,0.596990,0.154778,0.262507,0.603098,-0.054313,0.259669,0.947059,0.213826,0.015917,0.826760,-0.090293,0.041603,0.542386,0.201787,0.031911,0.606034,-0.096392,0.015890
0.803322,0.059082,0.265965,0.990179,0.169198,0.265889,0.996301,-0.039912,0.265392,0.610343,0.158076,0.266538,0.616464,-0.051034,0.266041,0.948213,0.214033,0.015929,0.842361,-0.089376,0.049869,0.572064,0.202969,0.037751,0.606351,-0.096204,0.015920
0.816620,0.062281,0.270413,1.003479,0.172389,0.269471,1.009598,-0.036714,0.271162,0.623642,0.161276,0.269664,0.629761,-0.047828,0.271355,0.949306,0.214224,0.015854,0.862881,-0.088230,0.054561,0.598475,0.204193,0.044968,0.606568,-0.096043,0.015930
0.829735,0.065165,0.273843,1.016604,0.175249,0.272283,1.022703,-0.033831,0.275869,0.636766,0.164161,0.271818,0.642865,-0.044920,0.275404,0.950378,0.214396,0.015959,0.888693,-0.086991,0.055818,0.622709,0.205455,0.051962,0.606799,-0.095899,0.015937
0.842682,0.067600,0.276351,1.029564,0.177658,0.274457,1.035637,-0.031391,0.279574,0.649727,0.166592,0.273129,0.655800,-0.042458,0.278245,0.951441,0.214545,0.015959,0.919096,-0.085763,0.054695,0.646573,0.206693,0.057021,0.607019,-0.095777,0.015953
0.855492,0.069489,0.277872,1.042381,0.179533,0.275933,1.048433,-0.029487,0.282169,0.662550,0.168464,0.273575,0.668602,-0.040555,0.279811,0.952504,0.214659,0.015831,0.953254,-0.084596,0.052100,0.671546,0.207810,0.058936,0.607291,-0.095693,0.015925
0.868126,0.070809,0.278168,1.055020,0.180846,0.276260,1.061057,-0.028152,0.283213,0.675195,0.169770,0.273123,0.681231,-0.039227,0.280076,0.953527,0.214744,0.015788,0.990386,-0.083503,0.048257,0.698960,0.208761,0.056978,0.607599,-0.095635,0.015922
0.880539,0.071521,0.277056,1.067437,0.181550,0.275106,1.073465,-0.027437,0.282361,0.687613,0.170479,0.271750,0.693641,-0.038509,0.279005,0.954478,0.214790,0.015888,1.029647,-0.082493,0.043381,0.730198,0.209549,0.051263,0.607977,-0.095608,0.015924
0.892914,0.071618,0.274449,1.079807,0.181650,0.272215,1.085850,-0.027341,0.279338,0.699978,0.170578,0.269561,0.706020,-0.038414,0.276684,0.955350,0.214812,0.015947,1.066724,-0.081654,0.036887,0.763488,0.210227,0.044185,0.608446,-0.095619,0.015901
0.905632,0.071124,0.270338,1.092521,0.181139,0.267149,1.098583,-0.027870,0.273713,0.712681,0.170118,0.266963,0.718743,-0.038891,0.273527,0.956197,0.214789,0.015983,1.091922,-0.081368,0.024937,0.793907,0.210726,0.036467,0.608985,-0.095655,0.015949
0.918869,0.070182,0.264898,1.105766,0.180134,0.260275,1.111800,-0.028903,0.265915,0.725938,0.169267,0.263881,0.731972,-0.039770,0.269522,0.956978,0.214732,0.015968,1.096504,-0.081581,0.015697,0.816083,0.210976,0.027470,0.609638,-0.095629,0.015953
0.931633,0.070136,0.259904,1.118490,0.180156,0.255294,1.124598,-0.028883,0.260783,0.738668,0.169155,0.259026,0.744776,-0.039884,0.264514,0.969531,0.215004,0.015962,1.097019,-0.081607,0.015767,0.825264,0.210786,0.015832,0.611249,-0.095797,0.015944
0.943382,0.070101,0.257109,1.130272,0.180077,0.252789,1.136321,-0.028970,0.258017,0.750444,0.169172,0.256201,0.756493,-0.039875,0.261430,0.994612,0.215748,0.017426,1.097646,-0.081630,0.015828,0.826323,0.210840,0.015872,0.620410,-0.095439,0.015816
0.955002,0.069403,0.256820,1.141911,0.179376,0.253346,1.147928,-0.029691,0.257732,0.762075,0.168497,0.255907,0.768093,-0.040571,0.260293,1.025254,0.216666,0.023046,1.098421,-0.081669,0.015855,0.827196,0.210817,0.015973,0.639759,-0.094870,0.015895
0.967171,0.068011,0.258880,1.154102,0.177986,0.257026,1.160084,-0.031108,0.259956,0.774258,0.167130,0.257804,0.780240,-0.041964,0.260733,1.049595,0.217324,0.032548,1.099362,-0.081739,0.015818,0.827965,0.210750,0.015923,0.662597,-0.094194,0.018730
0.979774,0.066058,0.262718,1.166733,0.176002,0.262783,1.172661,-0.033111,0.263822,0.786888,0.165228,0.261615,0.792816,-0.043886,0.262654,1.072119,0.217699,0.043333,1.100449,-0.081859,0.015929,0.828651,0.210659,0.015810,0.690775,-0.093447,0.021221
0.992561,0.063732,0.267468,1.179502,0.173688,0.269471,1.185456,-0.035424,0.268392,0.799667,0.162889,0.266544,0.805621,-0.046224,0.265465,1.096022,0.217903,0.051966,1.101614,-0.081977,0.015879,0.829157,0.210492,0.015700,0.721918,-0.092829,0.023792
1.005424,0.061262,0.272083,1.192349,0.171201,0.275836,1.198323,-0.037889,0.272589,0.812526,0.160413,0.271576,0.818500,-0.048676,0.268329,1.123481,0.218098,0.057527,1.102857,-0.082103,0.015832,0.829598,0.210351,0.015600,0.754004,-0.092228,0.025937
1.018211,0.058946,0.275769,1.205107,0.168868,0.281067,1.211124,-0.040180,0.275820,0.825299,0.158071,0.275718,0.831315,-0.050977,0.270470,1.155214,0.218432,0.061271,1.104089,-0.082222,0.016000,0.830018,0.210217,0.015670,0.786056,-0.091670,0.027752
1.030830,0.057014,0.278021,1.217694,0.166913,0.284738,1.223758,-0.042083,0.277787,0.837903,0.156110,0.278254,0.843967,-0.052886,0.271304,1.189883,0.218939,0.064069,1.105276,-0.082311,0.016056,0.830486,0.210118,0.015790,0.818936,-0.091040,0.028752
1.043251,0.055522,0.278343,1.230078,0.165408,0.286212,1.236198,-0.043536,0.277863,0.850304,0.154580,0.278823,0.856424,-0.054364,0.270473,1.224655,0.219605,0.064736,1.106413,-0.082380,0.016025,0.831081,0.210030,0.015888,0.853966,-0.090269,0.028433
1.055557,0.054585,0.276569,1.242361,0.164449,0.285255,1.248515,-0.044449,0.275854,0.862599,0.153620,0.277284,0.868753,-0.055278,0.267883,1.256956,0.220418,0.062523,1.107394,-0.082424,0.015897,0.831778,0.209987,0.015993,0.890618,-0.089328,0.027418
1.067818,0.054306,0.272450,1.254615,0.164159,0.281406,1.260784,-0.044709,0.271365,0.874851,0.153321,0.273535,0.881020,-0.055547,0.263493,1.284767,0.221372,0.056755,1.108282,-0.082448,0.015780,0.832664,0.209976,0.016049,0.926897,-0.088296,0.026001
1.080177,0.054642,0.265846,1.267031,0.164466,0.273949,1.273125,-0.044392,0.263646,0.887230,0.153675,0.268045,0.893324,-0.055182,0.257742,1.304625,0.222423,0.044162,1.108986,-0.082483,0.015873,0.833722,0.210068,0.016081,0.958112,-0.087223,0.022732
1.092834,0.055491,0.257110,1.279753,0.165357,0.262778,1.285759,-0.043506,0.252549,0.899910,0.154489,0.261672,0.905916,-0.054374,0.251443,1.308590,0.223680,0.018358,1.110084,-0.082494,0.015958,0.834819,0.210171,0.016035,0.977368,-0.086299,0.015735
1.105110,0.055910,0.249850,1.292090,0.165729,0.254258,1.297974,-0.043126,0.243790,0.912247,0.154946,0.255911,0.918130,-0.053909,0.245443,1.308781,0.223670,0.015930,1.113088,-0.082441,0.015985,0.835927,0.210350,0.015914,0.978649,-0.086216,0.015742
1.116768,0.056520,0.247591,1.303717,0.166399,0.251802,1.309658,-0.042464,0.241527,0.923878,0.155503,0.253654,0.929819,-0.053360,0.243380,1.309241,0.223682,0.015927,1.140397,-0.081673,0.015286,0.840406,0.210286,0.017144,0.979637,-0.086261,0.015597
1.129044,0.058584,0.249635,1.315956,0.168528,0.253804,1.321973,-0.040403,0.245049,0.936114,0.157571,0.254221,0.942131,-0.051359,0.245466,1.310123,0.223842,0.015801,1.166705,-0.080897,0.018669,0.854116,0.210489,0.021062,0.980439,-0.086137,0.015704
1.141922,0.061554,0.253794,1.328795,0.171590,0.257221,1.334888,-0.037421,0.250748,0.948956,0.160529,0.256839,0.955049,-0.048482,0.250366,1.311145,0.224042,0.015835,1.183401,-0.080404,0.027153,0.878277,0.211166,0.024129,0.981077,-0.085950,0.015769
1.155121,0.065046,0.258651,1.341964,0.175162,0.260989,1.348113,-0.033912,0.257148,0.962128,0.164005,0.260155,0.968278,-0.045069,0.256313,1.312189,0.224266,0.015925,1.195969,-0.079825,0.037286,0.907361,0.212158,0.026833,0.981485,-0.085740,0.015832
1.168510,0.068778,0.263428,1.355336,0.178941,0.264631,1.361517,-0.030165,0.263509,0.975504,0.167721,0.263348,0.981685,-0.041385,0.262226,1.313260,0.224502,0.015925,1.209930,-0.078950,0.046217,0.935576,0.213257,0.031185,0.981872,-0.085528,0.015891
1.181885,0.072486,0.267715,1.368710,0.182656,0.267865,1.374889,-0.026448,0.269355,0.988881,0.171420,0.266074,0.995059,-0.037684,0.267565,1.314331,0.224724,0.015864,1.228016,-0.077807,0.052179,0.961226,0.214442,0.037193,0.982168,-0.085329,0.015915
1.195160,0.075928,0.271432,1.381995,0.186080,0.270765,1.388151,-0.022995,0.274600,1.002169,0.174850,0.268263,1.008325,-0.034224,0.272098,1.315426,0.224923,0.015958,1.251256,-0.076531,0.054999,0.985677,0.215724,0.043742,0.982495,-0.085161,0.015919
1.208244,0.078975,0.274655,1.395097,0.189091,0.273424,1.401211,-0.019939,0.279252,1.015278,0.177888,0.270058,1.021391,-0.031141,0.275887,1.316509,0.225100,0.015969,1.279259,-0.075233,0.055477,1.010439,0.217086,0.049599,0.982685,-0.085010,0.015902
1.221199,0.081516,0.277159,1.408069,0.191600,0.275627,1.414140,-0.017380,0.283041,1.028258,0.180413,0.271278,1.034329,-0.028568,0.278692,1.317627,0.225254,0.015842,1.311180,-0.073984,0.054287,1.036174,0.218418,0.053603,0.982936,-0.084882,0.015903
1.233925,0.083482,0.278480,1.420811,0.193535,0.276753,1.426840,-0.015402,0.285340,1.041010,0.182365,0.271619,1.047039,-0.026572,0.280207,1.318705,0.225371,0.015780,1.346283,-0.072839,0.051604,1.063198,0.219593,0.054600,0.983234,-0.084782,0.015912
1.246407,0.084829,0.278276,1.433311,0.194848,0.276314,1.439301,-0.014058,0.285657,1.053513,0.183716,0.270895,1.059502,-0.025189,0.280238,1.319728,0.225458,0.015878,1.384088,-0.071809,0.047424,1.092854,0.220544,0.051458,0.983616,-0.084701,0.015908
1.258682,0.085500,0.276421,1.445596,0.195495,0.274135,1.451572,-0.013396,0.283791,1.065793,0.184396,0.269052,1.071768,-0.024496,0.278707,1.320642,0.225506,0.015991,1.422881,-0.070896,0.042305,1.125222,0.221276,0.045426,0.984032,-0.084671,0.015884
1.271080,0.085542,0.272985,1.457999,0.195511,0.269931,1.463985,-0.013386,0.279471,1.078175,0.184469,0.266499,1.084161,-0.024427,0.276038,1.321486,0.225519,0.016011,1.455191,-0.070366,0.033938,1.156560,0.221817,0.038431,0.984516,-0.084677,0.015920
1.283966,0.084926,0.268092,1.470872,0.194865,0.263541,1.476902,-0.014057,0.272470,1.091030,0.183908,0.263714,1.097061,-0.025014,0.272643,1.322268,0.225506,0.015984,1.473218,-0.070471,0.019831,1.181783,0.222063,0.030323,0.985018,-0.084729,0.015971
1.296967,0.084469,0.262742,1.483771,0.194546,0.257428,1.489990,-0.014392,0.265854,1.103943,0.183329,0.259630,1.110162,-0.025608,0.268056,1.323127,0.225532,0.015907,1.473819,-0.070468,0.015701,1.198517,0.221986,0.019952,0.986286,-0.084970,0.015925
1.308876,0.084162,0.259362,1.495692,0.194160,0.252927,1.501869,-0.014796,0.260906,1.115883,0.183120,0.257818,1.122061,-0.025837,0.265797,1.342034,0.226072,0.015926,1.474233,-0.070476,0.015760,1.199672,0.221861,0.015875,0.990734,-0.084760,0.015998
1.320213,0.083275,0.258404,1.507034,0.193254,0.251797,1.513184,-0.015737,0.258814,1.127243,0.182287,0.257993,1.133393,-0.026705,0.265011,1.364393,0.226763,0.019813,1.474848,-0.070520,0.015811,1.200538,0.221811,0.015933,1.003966,-0.084370,0.015976
1.331734,0.081890,0.259084,1.518579,0.191891,0.253624,1.524693,-0.017144,0.259240,1.138774,0.180924,0.258927,1.144889,-0.028111,0.264543,1.391628,0.227544,0.025832,1.475635,-0.070603,0.015849,1.201334,0.221713,0.015979,1.020245,-0.083871,0.017825
1.343674,0.079986,0.261137,1.530551,0.190011,0.257593,1.536624,-0.019067,0.261362,1.150724,0.179038,0.260913,1.156797,-0.030040,0.264681,1.416945,0.228159,0.034103,1.476536,-0.070713,0.015904,1.202072,0.221590,0.015924,1.041635,-0.083306,0.018137
1.355980,0.077635,0.264396,1.542867,0.187691,0.263037,1.548931,-0.021415,0.264611,1.163029,0.176685,0.264181,1.169092,-0.032421,0.265756,1.440973,0.228553,0.043518,1.477582,-0.070827,0.015934,1.202713,0.221435,0.015788,1.067105,-0.082705,0.019326
1.368484,0.074959,0.268433,1.555389,0.184991,0.269277,1.561421,-0.024120,0.268458,1.175548,0.174038,0.268407,1.181580,-0.035073,0.267589,1.465734,0.228724,0.052155,1.478700,-0.070987,0.015887,1.203246,0.221295,0.015699,1.095113,-0.082076,0.022136
1.381042,0.072159,0.272557,1.567934,0.182178,0.275481,1.573984,-0.026909,0.272242,1.188101,0.171227,0.272871,1.194151,-0.037860,0.269632,1.493224,0.228852,0.058509,1.479888,-0.071134,0.015799,1.203701,0.221139,0.015602,1.124710,-0.081557,0.025188
1.393623,0.069484,0.276018,1.580479,0.179496,0.280864,1.586586,-0.029542,0.275346,1.200661,0.168510,0.276690,1.206768,-0.040528,0.271172,1.524433,0.229104,0.062627,1.481083,-0.071264,0.015985,1.204111,0.220986,0.015661,1.155412,-0.081076,0.027287
1.406029,0.067161,0.278226,1.592836,0.177161,0.284880,1.599018,-0.031813,0.277369,1.213040,0.166134,0.279083,1.219222,-0.042840,0.271573,1.558468,0.229528,0.065478,1.482256,-0.071375,0.016058,1.204556,0.220844,0.015784,1.187326,-0.080528,0.027976
1.418282,0.065287,0.278660,1.605039,0.175264,0.286887,1.611294,-0.033640,0.277688,1.225269,0.164213,0.279632,1.231524,-0.044691,0.270433,1.592929,0.230109,0.066757,1.483328,-0.071464,0.016048,1.205114,0.220738,0.015891,1.220999,-0.079816,0.027350
1.430435,0.063958,0.277192,1.617159,0.173890,0.286707,1.623457,-0.034950,0.276167,1.237414,0.162866,0.278216,1.243712,-0.045973,0.267677,1.625311,0.230828,0.065500,1.484308,-0.071542,0.015938,1.205779,0.220674,0.015995,1.256117,-0.078930,0.025982
1.442604,0.063289,0.273643,1.629295,0.173198,0.284015,1.635640,-0.035591,0.272539,1.249568,0.162168,0.274747,1.255913,-0.046620,0.263271,1.654098,0.231745,0.061072,1.485273,-0.071588,0.015804,1.206654,0.220622,0.016053,1.291598,-0.077937,0.024232
1.454758,0.063302,0.267709,1.641449,0.173213,0.278063,1.647806,-0.035544,0.266033,1.261709,0.162148,0.269385,1.268067,-0.046609,0.257355,1.676873,0.232892,0.051554,1.486041,-0.071601,0.015876,1.207881,0.220654,0.016072,1.323870,-0.076836,0.021027
1.467056,0.063932,0.259541,1.653815,0.173851,0.268494,1.660092,-0.034901,0.256336,1.274021,0.162766,0.262746,1.280297,-0.045986,0.250587,1.688082,0.234205,0.031957,1.486764,-0.071659,0.015945,1.208973,0.220726,0.016044,1.344810,-0.075921,0.015829
1.479668,0.065196,0.250956,1.666485,0.175250,0.256313,1.672680,-0.033528,0.244555,1.286655,0.163920,0.257357,1.292851,-0.044858,0.245599,1.685472,0.234898,0.015867,1.488369,-0.071666,0.015992,1.210164,0.220790,0.015931,1.346015,-0.075871,0.015656
1.491768,0.066369,0.246808,1.678561,0.176526,0.250664,1.684784,-0.032278,0.239410,1.298752,0.165017,0.254207,1.304975,-0.043788,0.242953,1.685724,0.234927,0.015927,1.508730,-0.071005,0.015729,1.214586,0.220892,0.015823,1.347067,-0.075821,0.015689
