-0.015842,-0.007208,0.362822,0.172012,0.101131,0.366629,0.176218,-0.107970,0.361743,-0.207902,0.093554,0.363901,-0.203697,-0.115547,0.359015,0.150632,0.151317,0.146483,0.158047,-0.149061,0.158663,-0.198989,0.143933,0.161551,-0.180887,-0.155897,0.159479
-0.021313,-0.010295,0.364841,0.165553,0.099781,0.367235,0.171652,-0.109319,0.365074,-0.214277,0.088729,0.364609,-0.208178,-0.120371,0.362448,0.152388,0.147280,0.133822,0.184918,-0.152250,0.156596,-0.172093,0.137812,0.134221,-0.190351,-0.163132,0.150496
-0.024540,-0.013407,0.362529,0.161165,0.098631,0.364093,0.169448,-0.110404,0.363638,-0.218528,0.083591,0.361421,-0.210245,-0.125445,0.360965,0.157504,0.144478,0.131782,0.193987,-0.154467,0.156801,-0.172178,0.131463,0.108957,-0.216424,-0.170691,0.138802
-0.027912,-0.016589,0.355410,0.156674,0.097281,0.357039,0.167018,-0.111662,0.357527,-0.222842,0.078484,0.353293,-0.212498,-0.130459,0.353781,0.170275,0.142934,0.131872,0.193832,-0.156322,0.151891,-0.186497,0.125176,0.090887,-0.229662,-0.177353,0.123515
-0.032024,-0.019855,0.343569,0.151616,0.095529,0.345529,0.163670,-0.113320,0.346577,-0.227719,0.073609,0.340560,-0.215664,-0.135240,0.341608,0.182727,0.141764,0.128778,0.189997,-0.158350,0.142801,-0.202261,0.119282,0.077069,-0.226608,-0.182583,0.105505
-0.036568,-0.023169,0.327253,0.146247,0.093512,0.329593,0.159770,-0.115245,0.331089,-0.232905,0.068908,0.323418,-0.219383,-0.139849,0.324914,0.188813,0.140309,0.119376,0.184339,-0.160641,0.130053,-0.212429,0.113908,0.062203,-0.214241,-0.186776,0.085952
-0.040981,-0.026469,0.306860,0.141012,0.091479,0.309677,0.155970,-0.117176,0.311706,-0.237933,0.064238,0.302014,-0.222975,-0.144417,0.304043,0.187565,0.138365,0.101937,0.176836,-0.163185,0.112579,-0.216691,0.108802,0.042039,-0.201237,-0.190766,0.063485
-0.044914,-0.029708,0.282789,0.136240,0.089501,0.286494,0.152634,-0.119044,0.288693,-0.242462,0.059629,0.276884,-0.226068,-0.148917,0.279084,0.180344,0.136341,0.076038,0.166063,-0.165697,0.088132,-0.216532,0.104499,0.015165,-0.193676,-0.194526,0.036103
-0.047890,-0.033523,0.258172,0.132361,0.087064,0.261265,0.150421,-0.121346,0.259292,-0.246200,0.054301,0.257052,-0.228141,-0.154109,0.255079,0.166221,0.137660,0.045762,0.146623,-0.165331,0.051552,-0.215240,0.104891,0.015597,-0.188877,-0.194064,0.015734
-0.047199,-0.035997,0.238116,0.132706,0.084874,0.230027,0.150861,-0.123488,0.225525,-0.245260,0.051493,0.250708,-0.227104,-0.156869,0.246205,0.137446,0.135545,0.016007,0.118096,-0.167416,0.014542,-0.214883,0.104851,0.015725,-0.188260,-0.194139,0.015839
-0.042553,-0.036446,0.222639,0.136458,0.084821,0.205592,0.154808,-0.123499,0.200016,-0.239913,0.050607,0.245261,-0.221564,-0.157712,0.239686,0.136136,0.135515,0.015770,0.116791,-0.167561,0.015890,-0.214198,0.104657,0.015746,-0.187439,-0.194355,0.015771
-0.034233,-0.036262,0.212822,0.144374,0.085142,0.192777,0.162727,-0.123154,0.186409,-0.231193,0.050631,0.239235,-0.212840,-0.157665,0.232867,0.136045,0.135463,0.015898,0.117042,-0.167616,0.015973,-0.213246,0.104688,0.015864,-0.186421,-0.194352,0.015928
-0.023464,-0.035640,0.208456,0.154903,0.085843,0.186814,0.173251,-0.122439,0.179991,-0.220179,0.051159,0.236920,-0.201831,-0.157123,0.230097,0.136616,0.135482,0.015879,0.117864,-0.167594,0.015932,-0.212367,0.104735,0.016003,-0.185484,-0.194321,0.016061
-0.011089,-0.034633,0.208997,0.167245,0.086857,0.187129,0.185589,-0.121424,0.180257,-0.207768,0.052158,0.237737,-0.189424,-0.156122,0.230864,0.137653,0.135549,0.015973,0.119022,-0.167519,0.016057,-0.211614,0.104786,0.016042,-0.184693,-0.194266,0.015983
0.002621,-0.033235,0.214897,0.181206,0.088181,0.194727,0.199553,-0.120111,0.188228,-0.194312,0.053642,0.241566,-0.175964,-0.154650,0.235067,0.139125,0.135703,0.015883,0.120449,-0.167352,0.015968,-0.211042,0.104854,0.016029,-0.184077,-0.194176,0.015942
0.017452,-0.030767,0.226571,0.196451,0.090482,0.209274,0.214829,-0.117847,0.204191,-0.179924,0.056312,0.248951,-0.161546,-0.152017,0.243869,0.140962,0.135948,0.015758,0.122091,-0.167073,0.015826,-0.211009,0.104880,0.016540,-0.183836,-0.194061,0.015876
0.032814,-0.027166,0.241255,0.212076,0.093903,0.225494,0.230486,-0.114466,0.222660,-0.164858,0.060133,0.259850,-0.146448,-0.148236,0.257016,0.142842,0.136269,0.015902,0.124611,-0.166649,0.016641,-0.214234,0.104634,0.022282,-0.184085,-0.193913,0.015969
0.048038,-0.024161,0.255076,0.227621,0.096689,0.241419,0.245904,-0.111706,0.240036,-0.149827,0.063383,0.270115,-0.131544,-0.145012,0.268732,0.144669,0.136534,0.015848,0.136096,-0.165513,0.021123,-0.215942,0.104812,0.028527,-0.184012,-0.193567,0.016533
0.062271,-0.021726,0.264839,0.242198,0.098860,0.253598,0.260200,-0.109561,0.252582,-0.135658,0.066110,0.277096,-0.117656,-0.142312,0.276081,0.161982,0.138695,0.018863,0.156748,-0.163023,0.028103,-0.211176,0.106395,0.033209,-0.179715,-0.192052,0.021734
0.075623,-0.019365,0.270063,0.255738,0.101094,0.260628,0.273610,-0.107340,0.259934,-0.122365,0.068609,0.280192,-0.104493,-0.139825,0.279498,0.188959,0.141777,0.022982,0.177451,-0.160442,0.031969,-0.199363,0.108434,0.037239,-0.170740,-0.190294,0.030962
0.088348,-0.017063,0.270939,0.268590,0.103303,0.262804,0.286364,-0.105140,0.262384,-0.109668,0.071014,0.279494,-0.091893,-0.137429,0.279074,0.215295,0.144852,0.025198,0.198308,-0.157803,0.033108,-0.179689,0.111146,0.037130,-0.156483,-0.188070,0.039879
0.100544,-0.014799,0.267418,0.280845,0.105529,0.260096,0.298586,-0.102917,0.259944,-0.097498,0.073319,0.274891,-0.079757,-0.135128,0.274739,0.240479,0.147880,0.025231,0.219424,-0.155102,0.032494,-0.152088,0.114463,0.033656,-0.135664,-0.185333,0.045538
0.112156,-0.012577,0.259361,0.292447,0.107792,0.252474,0.310245,-0.100649,0.252641,-0.085933,0.075495,0.266082,-0.068135,-0.132947,0.266249,0.266509,0.151010,0.023733,0.242217,-0.152250,0.031275,-0.116489,0.118311,0.028591,-0.107499,-0.182099,0.046787
0.123280,-0.010380,0.246619,0.303542,0.110048,0.239999,0.321423,-0.098386,0.240689,-0.074864,0.077626,0.252549,-0.056983,-0.130807,0.253238,0.295026,0.154215,0.022497,0.268583,-0.149231,0.030713,-0.074013,0.122558,0.023349,-0.072121,-0.178417,0.043552
0.134186,-0.008197,0.229162,0.314489,0.112202,0.223169,0.332353,-0.096229,0.224540,-0.063981,0.079835,0.233784,-0.046117,-0.128596,0.235155,0.325609,0.157454,0.022645,0.298215,-0.146044,0.031210,-0.028584,0.127074,0.018991,-0.031462,-0.174255,0.037875
0.145439,-0.006025,0.207238,0.325923,0.114168,0.202760,0.343545,-0.094279,0.204679,-0.052667,0.082229,0.209797,-0.035045,-0.126219,0.211717,0.355453,0.160627,0.023392,0.329329,-0.142685,0.032025,0.009037,0.131282,0.016886,0.009605,-0.169709,0.032536
0.157463,-0.004384,0.182744,0.337769,0.116072,0.178129,0.355698,-0.092348,0.180194,-0.040772,0.083580,0.185294,-0.022843,-0.124840,0.187359,0.373409,0.163166,0.017430,0.359802,-0.139122,0.028158,0.012174,0.132075,0.015767,0.047186,-0.166053,0.024223
0.169876,-0.002850,0.165212,0.350114,0.117511,0.156906,0.368011,-0.090904,0.159712,-0.028259,0.085204,0.170712,-0.010362,-0.123210,0.173518,0.372985,0.163198,0.015922,0.360557,-0.139101,0.015917,0.013699,0.132344,0.015883,0.048506,-0.165899,0.015844
0.182243,-0.001576,0.155024,0.362416,0.118745,0.144924,0.380325,-0.089661,0.148240,-0.015838,0.086508,0.161808,0.002071,-0.121897,0.165124,0.373379,0.163259,0.016032,0.361359,-0.139016,0.016143,0.015159,0.132474,0.015941,0.049851,-0.165788,0.015960
0.194569,-0.000444,0.147021,0.374739,0.119867,0.136768,0.392653,-0.088534,0.140378,-0.003516,0.087645,0.153663,0.014399,-0.120756,0.157273,0.374292,0.163357,0.015765,0.361024,-0.139030,0.016059,0.016680,0.132620,0.015972,0.051268,-0.165657,0.016038
0.206802,0.000406,0.140330,0.386981,0.120735,0.130446,0.404902,-0.087667,0.133932,0.008703,0.088479,0.146729,0.026623,-0.119923,0.150215,0.375393,0.163448,0.015958,0.361981,-0.138951,0.016159,0.018206,0.132733,0.015934,0.052795,-0.165540,0.016032
0.219025,0.000815,0.135657,0.399204,0.121199,0.126466,0.417137,-0.087215,0.129075,0.020912,0.088845,0.142239,0.038846,-0.119568,0.144847,0.376761,0.163507,0.016011,0.363342,-0.138879,0.016130,0.019713,0.132780,0.015755,0.054319,-0.165472,0.015895
0.231339,0.001064,0.133768,0.411495,0.121512,0.124991,0.429445,-0.086912,0.126339,0.033232,0.089041,0.141196,0.051182,-0.119384,0.142545,0.378211,0.163560,0.015994,0.364804,-0.138812,0.016086,0.021093,0.132803,0.015885,0.055776,-0.165427,0.015808
0.243877,0.001343,0.135299,0.423980,0.121854,0.126281,0.441948,-0.086572,0.126357,0.045806,0.089258,0.144240,0.063775,-0.119169,0.144316,0.379688,0.163614,0.016115,0.366178,-0.138764,0.016006,0.022153,0.132790,0.015887,0.057016,-0.165417,0.015900
0.256958,0.001654,0.140759,0.436980,0.122231,0.131044,0.454964,-0.086191,0.129887,0.058952,0.089498,0.151631,0.076936,-0.118924,0.150473,0.381180,0.163674,0.016173,0.367490,-0.138725,0.015903,0.022817,0.132754,0.015867,0.057919,-0.165437,0.015873
0.270695,0.001925,0.150852,0.450663,0.122567,0.140948,0.468653,-0.085845,0.138589,0.072737,0.089694,0.163115,0.090727,-0.118718,0.160756,0.382639,0.163732,0.015965,0.368707,-0.138705,0.015867,0.023067,0.132695,0.015871,0.058427,-0.165488,0.015908
0.284668,0.002199,0.166119,0.464693,0.122867,0.157653,0.482671,-0.085533,0.154329,0.086665,0.089931,0.177909,0.104643,-0.118468,0.174585,0.384083,0.163798,0.015876,0.369843,-0.138682,0.015821,0.023608,0.132683,0.016953,0.058452,-0.165547,0.015937
0.298470,0.002682,0.187047,0.478638,0.123321,0.181887,0.496614,-0.085072,0.178141,0.100325,0.090435,0.195953,0.118301,-0.117957,0.192207,0.385602,0.163905,0.015960,0.371061,-0.138610,0.015802,0.018887,0.132049,0.028394,0.057963,-0.165624,0.016183
0.312466,0.003590,0.212645,0.492726,0.124186,0.210706,0.510713,-0.084208,0.207119,0.114218,0.091388,0.218172,0.132205,-0.117007,0.214585,0.387379,0.164072,0.015878,0.373685,-0.138374,0.016138,0.009416,0.130909,0.047277,0.056908,-0.165718,0.016266
0.327007,0.004407,0.239679,0.507289,0.124985,0.240473,0.525305,-0.083408,0.236920,0.128709,0.092222,0.242438,0.146725,-0.116171,0.238884,0.389541,0.164263,0.015784,0.383884,-0.137541,0.018811,0.002593,0.130067,0.059335,0.055268,-0.165899,0.015777
0.340858,0.004812,0.262433,0.521236,0.125213,0.265431,0.539094,-0.083172,0.260804,0.142623,0.092797,0.264062,0.160481,-0.115588,0.259435,0.406345,0.166423,0.020958,0.411942,-0.134506,0.027008,0.001725,0.130757,0.065590,0.054993,-0.165050,0.024978
0.353893,0.005230,0.279976,0.534431,0.125367,0.283774,0.552008,-0.083030,0.278646,0.155778,0.093490,0.281307,0.173356,-0.114908,0.276179,0.438638,0.169077,0.033269,0.445804,-0.131654,0.036490,0.006038,0.131523,0.076537,0.059487,-0.164353,0.041096
0.366455,0.005621,0.293248,0.547184,0.125457,0.297451,0.564428,-0.082957,0.291894,0.168482,0.094199,0.294602,0.185726,-0.114215,0.289045,0.467004,0.171217,0.043429,0.477289,-0.129178,0.043950,0.014900,0.132640,0.087306,0.068175,-0.163364,0.056542
0.378757,0.005983,0.302300,0.559634,0.125598,0.306438,0.576623,-0.082822,0.300325,0.180891,0.094788,0.304276,0.197881,-0.113631,0.298163,0.491669,0.173161,0.051321,0.504591,-0.126966,0.049811,0.028599,0.134152,0.094322,0.080667,-0.162066,0.068354
0.390877,0.006323,0.307157,0.571829,0.125839,0.310809,0.588688,-0.082568,0.303947,0.193065,0.095214,0.310366,0.209924,-0.113193,0.303504,0.512514,0.175036,0.056538,0.526686,-0.124965,0.053646,0.047409,0.136092,0.096614,0.097027,-0.160450,0.075760
0.402817,0.006638,0.307815,0.583769,0.126177,0.310604,0.600616,-0.082198,0.302831,0.205018,0.095473,0.312800,0.221865,-0.112902,0.305027,0.530417,0.176880,0.058971,0.544638,-0.123114,0.055130,0.071478,0.138464,0.094122,0.117217,-0.158556,0.078860
0.414494,0.006929,0.304237,0.595374,0.126600,0.305813,0.612304,-0.081728,0.297028,0.216683,0.095587,0.311446,0.233614,-0.112741,0.302661,0.547006,0.178725,0.058824,0.560574,-0.121341,0.054398,0.100919,0.141262,0.087536,0.141283,-0.156417,0.078144
0.425758,0.007211,0.296339,0.606486,0.127122,0.296371,0.623592,-0.081144,0.286523,0.227925,0.095566,0.306155,0.245031,-0.112701,0.296307,0.564765,0.180689,0.056559,0.577554,-0.119508,0.052399,0.136068,0.144455,0.078188,0.169576,-0.154037,0.073935
0.436447,0.007475,0.283983,0.616937,0.127730,0.282150,0.634300,-0.080463,0.271238,0.238594,0.095412,0.296728,0.255957,-0.112780,0.285815,0.586920,0.182882,0.053494,0.599061,-0.117535,0.051137,0.177541,0.148009,0.067432,0.203090,-0.151363,0.066485
0.446564,0.007751,0.267010,0.626781,0.128369,0.263267,0.644402,-0.079746,0.251343,0.248726,0.095249,0.282676,0.266346,-0.112867,0.270752,0.614251,0.185139,0.051322,0.625180,-0.115638,0.052001,0.225241,0.151916,0.056335,0.243124,-0.148234,0.056335
0.456417,0.008060,0.245265,0.636419,0.128956,0.240304,0.654216,-0.079078,0.227270,0.258618,0.095199,0.263259,0.276415,-0.112835,0.250225,0.644713,0.187187,0.051694,0.650576,-0.114186,0.053170,0.276160,0.155965,0.046805,0.289886,-0.144557,0.045433
0.466351,0.008423,0.218896,0.646333,0.129357,0.214169,0.664094,-0.078585,0.199711,0.268607,0.095431,0.238082,0.286368,-0.112511,0.223624,0.675971,0.188700,0.054722,0.676715,-0.113032,0.053007,0.323982,0.159610,0.040692,0.338572,-0.140939,0.038981
0.477859,0.009163,0.195542,0.657954,0.129993,0.192876,0.675726,-0.077922,0.178040,0.279993,0.096248,0.213043,0.297765,-0.111668,0.198208,0.679351,0.190162,0.016165,0.676401,-0.112039,0.016087,0.355679,0.162501,0.016093,0.369994,-0.138203,0.015708
0.489353,0.011782,0.177098,0.669473,0.132596,0.175749,0.687346,-0.075335,0.161262,0.291360,0.098898,0.192933,0.309233,-0.109033,0.178447,0.679246,0.190293,0.016007,0.676808,-0.111856,0.016120,0.357286,0.162643,0.015650,0.371549,-0.138071,0.015787
0.500748,0.014759,0.162505,0.680918,0.135504,0.161781,0.698814,-0.072507,0.148519,0.302681,0.102025,0.176490,0.320578,-0.105986,0.163228,0.679432,0.190382,0.015970,0.677459,-0.111611,0.016085,0.358735,0.162802,0.015807,0.372935,-0.137805,0.016003
0.512276,0.017227,0.150410,0.692473,0.137934,0.150345,0.710407,-0.070132,0.138023,0.314144,0.104586,0.162798,0.332078,-0.103479,0.150476,0.680019,0.190516,0.015977,0.677570,-0.111434,0.016001,0.360116,0.162938,0.016032,0.374327,-0.137579,0.016123
0.523998,0.019140,0.140300,0.704213,0.139820,0.140727,0.722164,-0.068269,0.128853,0.325832,0.106550,0.151747,0.343784,-0.101540,0.139873,0.680910,0.190623,0.015939,0.678675,-0.111272,0.015959,0.361469,0.163058,0.016076,0.375857,-0.137396,0.015982
0.535908,0.020596,0.132476,0.716123,0.141273,0.133104,0.734084,-0.066815,0.121217,0.337732,0.108006,0.143736,0.355692,-0.100082,0.131849,0.682054,0.190724,0.015853,0.680176,-0.111143,0.015870,0.362938,0.163173,0.015975,0.377499,-0.137262,0.015784
0.547886,0.021857,0.127654,0.728086,0.142559,0.127975,0.746053,-0.065526,0.116035,0.349718,0.109240,0.139273,0.367686,-0.098845,0.127334,0.683373,0.190819,0.015958,0.681715,-0.111041,0.016119,0.364409,0.163289,0.015762,0.379156,-0.137157,0.015961
0.560024,0.022970,0.126471,0.740197,0.143712,0.125892,0.758155,-0.064374,0.113960,0.361894,0.110314,0.138983,0.379851,-0.097772,0.127050,0.684754,0.190926,0.015929,0.683159,-0.110927,0.016092,0.365780,0.163407,0.015794,0.380662,-0.137031,0.016061
0.572498,0.023749,0.129422,0.752612,0.144565,0.127469,0.770561,-0.063511,0.115352,0.374436,0.111010,0.143491,0.392385,-0.097067,0.131374,0.686169,0.191026,0.015905,0.684456,-0.110846,0.015961,0.366955,0.163487,0.015952,0.381904,-0.136944,0.015948
0.585411,0.024129,0.137075,0.765440,0.145039,0.133707,0.783387,-0.063012,0.121156,0.387436,0.111269,0.152994,0.405382,-0.096781,0.140443,0.687490,0.191108,0.016143,0.685569,-0.110791,0.015737,0.367691,0.163530,0.016020,0.382662,-0.136925,0.015836
0.599018,0.024158,0.150010,0.779022,0.145091,0.146162,0.796934,-0.062931,0.133099,0.401102,0.111246,0.166921,0.419014,-0.096776,0.153858,0.688806,0.191202,0.016030,0.686586,-0.110763,0.015626,0.368168,0.163593,0.016029,0.382959,-0.136922,0.015863
0.612953,0.024070,0.168352,0.793010,0.144952,0.165530,0.810923,-0.063059,0.152297,0.414984,0.111199,0.184407,0.432896,-0.096813,0.171175,0.690113,0.191320,0.015905,0.687567,-0.110710,0.015836,0.365012,0.162828,0.023699,0.382678,-0.136976,0.016011
0.626987,0.024174,0.192454,0.807140,0.144942,0.191414,0.825064,-0.063098,0.178656,0.428911,0.111445,0.206253,0.446834,-0.096594,0.193495,0.691580,0.191463,0.015729,0.688685,-0.110577,0.016010,0.353152,0.160537,0.044581,0.381712,-0.137034,0.016173
0.641605,0.025046,0.220959,0.821815,0.145731,0.221801,0.839810,-0.062376,0.210302,0.443401,0.112469,0.231617,0.461395,-0.095638,0.220118,0.693464,0.191697,0.015928,0.690345,-0.110258,0.016105,0.340804,0.158534,0.064242,0.380163,-0.137073,0.016008
0.655914,0.025597,0.248317,0.836130,0.146221,0.251961,0.854238,-0.061918,0.241227,0.457591,0.113111,0.255407,0.475698,-0.095027,0.244673,0.699693,0.192137,0.017250,0.702118,-0.109331,0.018187,0.334237,0.157489,0.072602,0.377630,-0.137904,0.024847
0.669258,0.026057,0.269970,0.849462,0.146667,0.274529,0.867611,-0.061488,0.264206,0.470905,0.113603,0.275733,0.489054,-0.094553,0.265411,0.732931,0.194465,0.026920,0.738987,-0.106633,0.027321,0.333241,0.156990,0.079901,0.378535,-0.138670,0.039625
0.682018,0.026525,0.286976,0.862233,0.147108,0.291832,0.880370,-0.061077,0.282106,0.483667,0.114128,0.291845,0.501803,-0.094057,0.282120,0.767978,0.196466,0.037145,0.774797,-0.104488,0.036831,0.336928,0.156439,0.090133,0.385013,-0.139248,0.054034
0.694389,0.026983,0.299681,0.874607,0.147568,0.304389,0.892740,-0.060645,0.295256,0.496039,0.114611,0.304107,0.514172,-0.093601,0.294973,0.798635,0.197964,0.045712,0.806335,-0.102863,0.045125,0.345483,0.156185,0.098495,0.396013,-0.139508,0.065903
0.706524,0.027443,0.308139,0.886702,0.148108,0.312241,0.904901,-0.060121,0.303614,0.508147,0.115006,0.312663,0.526345,-0.093222,0.304036,0.824777,0.199125,0.052360,0.833141,-0.101621,0.051809,0.359180,0.156341,0.102879,0.410836,-0.139470,0.074525
0.718479,0.027882,0.312382,0.898554,0.148731,0.315486,0.916922,-0.059499,0.307265,0.520036,0.115262,0.317499,0.538404,-0.092968,0.309277,0.846595,0.200028,0.056688,0.855377,-0.100680,0.056298,0.378307,0.156902,0.102709,0.429066,-0.139216,0.079850
0.730225,0.028303,0.312404,0.910116,0.149452,0.314184,0.928777,-0.058764,0.306276,0.531673,0.115370,0.318531,0.550333,-0.092846,0.310623,0.864939,0.200782,0.058411,0.873907,-0.099930,0.058350,0.403052,0.157881,0.098089,0.450614,-0.138768,0.082105
0.741703,0.028709,0.308157,0.921321,0.150276,0.308326,0.940404,-0.057912,0.300677,0.543002,0.115331,0.315636,0.562085,-0.092857,0.307987,0.881672,0.201526,0.057587,0.890475,-0.099252,0.058259,0.433506,0.159266,0.089743,0.475765,-0.138112,0.081348
0.752769,0.029084,0.299543,0.932016,0.151187,0.297827,0.951654,-0.056959,0.290440,0.553885,0.115127,0.308646,0.573523,-0.093018,0.301259,0.899412,0.202418,0.054731,0.907777,-0.098495,0.057011,0.469825,0.161026,0.079004,0.505164,-0.137213,0.077676
0.763309,0.029433,0.286402,0.942098,0.152156,0.282538,0.962392,-0.055938,0.275496,0.564227,0.114805,0.297307,0.584521,-0.093290,0.290265,0.920931,0.203607,0.051349,0.928860,-0.097489,0.056487,0.512234,0.163214,0.067142,0.539966,-0.135911,0.071131
0.773388,0.029762,0.268564,0.951687,0.153110,0.262564,0.972663,-0.054933,0.256029,0.574112,0.114458,0.281099,0.595089,-0.093586,0.274564,0.946807,0.205017,0.049391,0.953235,-0.096355,0.057383,0.560122,0.165839,0.055397,0.581280,-0.134007,0.062119
0.783360,0.030068,0.245929,0.961223,0.153969,0.238544,0.982831,-0.054024,0.232490,0.583888,0.114161,0.259367,0.605496,-0.093832,0.253313,0.974827,0.206591,0.049745,0.977122,-0.095254,0.058054,0.609731,0.168778,0.045731,0.627955,-0.131385,0.053085
0.793537,0.030391,0.218827,0.971102,0.154701,0.211166,0.993214,-0.053254,0.205641,0.593860,0.114035,0.232014,0.615972,-0.093919,0.226488,1.003560,0.208079,0.052912,1.003698,-0.093939,0.058025,0.654884,0.171375,0.038977,0.674199,-0.128687,0.047231
0.805439,0.030734,0.195259,0.982734,0.155449,0.187928,1.005308,-0.052446,0.182042,0.605570,0.113914,0.208476,0.628144,-0.093981,0.202590,1.006127,0.208588,0.016130,0.994172,-0.094695,0.016198,0.678225,0.172982,0.016205,0.710561,-0.125485,0.016022
0.817390,0.032261,0.176285,0.994661,0.157013,0.168985,1.017258,-0.050869,0.162746,0.617522,0.115391,0.189825,0.640120,-0.092491,0.183586,1.005955,0.208572,0.015950,0.994662,-0.094660,0.016021,0.679781,0.173126,0.015605,0.712113,-0.125363,0.015654
0.829052,0.034523,0.160952,1.006347,0.159237,0.153592,1.028937,-0.048666,0.148046,0.629166,0.117712,0.173858,0.651757,-0.090191,0.168312,1.006139,0.208620,0.015932,0.995419,-0.094519,0.015990,0.681220,0.173316,0.015853,0.713497,-0.125149,0.015871
0.840740,0.036561,0.148310,1.018059,0.161256,0.141227,1.040668,-0.046660,0.136289,0.640813,0.119782,0.160331,0.663421,-0.088134,0.155393,1.006755,0.208733,0.015948,0.996538,-0.094334,0.016059,0.682626,0.173487,0.016011,0.714885,-0.124959,0.016020
0.852577,0.038210,0.137873,1.029931,0.162892,0.131460,1.052547,-0.045028,0.126700,0.652608,0.121448,0.149046,0.675223,-0.086472,0.144286,1.007791,0.208858,0.015971,0.997700,-0.094189,0.016027,0.684040,0.173642,0.016007,0.716321,-0.124796,0.016055
0.864479,0.039498,0.130087,1.041859,0.164186,0.124569,1.064487,-0.043725,0.119515,0.664471,0.122721,0.140660,0.687099,-0.085190,0.135605,1.009053,0.208989,0.015923,0.999186,-0.094051,0.016158,0.685545,0.173781,0.015842,0.717883,-0.124661,0.015918
0.876530,0.040640,0.125497,1.053931,0.165330,0.120750,1.076559,-0.042570,0.115225,0.676500,0.123849,0.135769,0.699129,-0.084050,0.130244,1.010475,0.209116,0.016058,1.000679,-0.093927,0.016023,0.687075,0.173923,0.015802,0.719507,-0.124526,0.015862
0.888771,0.041727,0.124474,1.066176,0.166421,0.119966,1.088796,-0.041467,0.113980,0.688747,0.124921,0.134969,0.711366,-0.082966,0.128983,1.011948,0.209246,0.016163,1.002048,-0.093817,0.015869,0.688522,0.174062,0.015905,0.721069,-0.124393,0.015952
0.901276,0.042670,0.127426,1.078661,0.167377,0.122546,1.101261,-0.040496,0.116013,0.701290,0.125837,0.138839,0.723890,-0.082036,0.132306,1.013371,0.209367,0.016006,1.003283,-0.093739,0.015796,0.689707,0.174179,0.015964,0.722394,-0.124284,0.016002
0.914101,0.043376,0.134965,1.091448,0.168114,0.129526,1.114032,-0.039737,0.122288,0.714169,0.126489,0.147642,0.736753,-0.081362,0.140404,1.014699,0.209470,0.016108,1.004337,-0.093690,0.015719,0.690484,0.174245,0.016021,0.723306,-0.124236,0.016006
0.927345,0.043964,0.147672,1.104680,0.168719,0.142225,1.127255,-0.039113,0.134429,0.727435,0.127042,0.160915,0.750010,-0.080791,0.153119,1.015961,0.209567,0.015983,1.005289,-0.093663,0.015863,0.690803,0.174244,0.016082,0.723719,-0.124251,0.015949
0.940800,0.044675,0.165745,1.118203,0.169384,0.161646,1.140771,-0.038445,0.153762,0.740828,0.127795,0.177727,0.763397,-0.080035,0.169843,1.017193,0.209694,0.015913,1.006182,-0.093583,0.015986,0.689169,0.173812,0.022812,0.723593,-0.124270,0.015991
0.954193,0.045585,0.189326,1.131678,0.170227,0.187165,1.154257,-0.037616,0.179666,0.754129,0.128785,0.198985,0.776709,-0.079058,0.191486,1.018568,0.209868,0.015827,1.007263,-0.093428,0.016058,0.679619,0.172071,0.042852,0.722827,-0.124330,0.016117
0.968304,0.046924,0.217205,1.145826,0.171530,0.216672,1.168445,-0.036335,0.209948,0.768163,0.130183,0.224463,0.790781,-0.077682,0.217739,1.020373,0.210119,0.015789,1.011511,-0.092890,0.016322,0.668036,0.170320,0.060923,0.721519,-0.124438,0.016086
0.982761,0.047675,0.244544,1.160303,0.172232,0.246938,1.182969,-0.035628,0.240203,0.782554,0.130978,0.248884,0.805220,-0.076881,0.242149,1.022975,0.210481,0.016055,1.029151,-0.090995,0.019568,0.661278,0.169302,0.069715,0.719173,-0.124833,0.020713
0.996307,0.048161,0.266401,1.173833,0.172703,0.270287,1.196537,-0.035146,0.263352,0.796078,0.131467,0.269451,0.818782,-0.076381,0.262516,1.051907,0.213304,0.025324,1.068293,-0.087080,0.028978,0.660744,0.168912,0.075196,0.719337,-0.125343,0.033342
1.009201,0.048638,0.283586,1.186735,0.173141,0.288271,1.209424,-0.034713,0.281447,0.808978,0.131990,0.285725,0.831667,-0.075864,0.278901,1.086118,0.216201,0.035499,1.105895,-0.083766,0.038017,0.665227,0.168672,0.083811,0.725027,-0.125655,0.047612
1.021675,0.049081,0.296449,1.199210,0.173568,0.301491,1.221894,-0.034290,0.294782,0.821456,0.132452,0.298115,0.844140,-0.075407,0.291407,1.117485,0.218698,0.044169,1.139072,-0.081035,0.045774,0.674474,0.168830,0.091275,0.735347,-0.125554,0.059988
1.033859,0.049498,0.305045,1.211344,0.174060,0.309994,1.234113,-0.033789,0.303286,0.833606,0.132784,0.306805,0.856374,-0.075065,0.300097,1.145053,0.220901,0.051037,1.167184,-0.078757,0.052021,0.688800,0.169499,0.095119,0.749681,-0.125042,0.069076
1.045868,0.049886,0.309407,1.223232,0.174639,0.313870,1.246205,-0.033184,0.307042,0.845531,0.132955,0.311771,0.868504,-0.074867,0.304943,1.168655,0.222838,0.055723,1.190454,-0.076855,0.056152,0.708633,0.170706,0.094675,0.767704,-0.124196,0.074662
1.057655,0.050253,0.309527,1.234819,0.175316,0.313193,1.258125,-0.032462,0.306141,0.857186,0.132968,0.312913,0.880492,-0.074810,0.305861,1.188878,0.224589,0.057914,1.209881,-0.075209,0.057894,0.734169,0.172497,0.089986,0.789272,-0.123035,0.076985
1.069168,0.050586,0.305359,1.246045,0.176081,0.307988,1.269814,-0.031635,0.300645,0.868522,0.132806,0.310073,0.892292,-0.074909,0.302730,1.207349,0.226279,0.057594,1.227254,-0.073686,0.057533,0.765477,0.174857,0.081873,0.814516,-0.121577,0.076216
1.080292,0.050887,0.296802,1.256785,0.176939,0.298204,1.281156,-0.030695,0.290553,0.879428,0.132469,0.303051,0.903798,-0.075165,0.295400,1.226539,0.228135,0.055233,1.245201,-0.072069,0.056110,0.802743,0.177787,0.071685,0.843948,-0.119771,0.072549
1.090912,0.051160,0.283687,1.266949,0.177857,0.283746,1.292018,-0.029684,0.275827,0.889806,0.132004,0.291548,0.914875,-0.075538,0.283628,1.248749,0.230310,0.052124,1.266322,-0.070195,0.055515,0.845984,0.181331,0.060748,0.878648,-0.117425,0.066054
1.101173,0.051413,0.265853,1.276742,0.178753,0.264760,1.302518,-0.028696,0.256683,0.899829,0.131521,0.275022,0.925605,-0.075928,0.266945,1.274595,0.232672,0.050230,1.289680,-0.068309,0.055953,0.894055,0.185387,0.050286,0.919620,-0.114339,0.057201
1.111443,0.051675,0.243199,1.286607,0.179568,0.241830,1.313018,-0.027791,0.233512,0.909868,0.131141,0.252885,0.936278,-0.076218,0.244567,1.302444,0.235104,0.050728,1.312419,-0.066596,0.055899,0.942523,0.189600,0.042311,0.965511,-0.110490,0.048655
1.121948,0.051985,0.216097,1.296838,0.180259,0.215589,1.323728,-0.027026,0.206977,0.920168,0.130996,0.225218,0.947058,-0.076290,0.216606,1.331009,0.237292,0.053593,1.338392,-0.064700,0.055483,0.985038,0.193097,0.037096,1.010554,-0.106711,0.043023
1.133965,0.052843,0.193740,1.308783,0.181216,0.194086,1.335816,-0.026032,0.185022,0.932113,0.131718,0.202458,0.959146,-0.075530,0.193394,1.333732,0.238134,0.016066,1.337413,-0.064311,0.016035,1.006568,0.195462,0.016019,1.036164,-0.103613,0.016208
1.146118,0.055269,0.176390,1.320907,0.183683,0.176214,1.347967,-0.023568,0.167286,0.944269,0.134106,0.185495,0.971329,-0.073144,0.176567,1.333490,0.238106,0.015985,1.337767,-0.064260,0.016001,1.008064,0.195634,0.015570,1.037695,-0.103430,0.015791
1.157997,0.058274,0.162105,1.332775,0.186701,0.161332,1.359856,-0.020590,0.153470,0.956138,0.137139,0.170740,0.983219,-0.070152,0.162878,1.333651,0.238198,0.015932,1.338459,-0.064038,0.015956,1.009490,0.195852,0.015837,1.039094,-0.103153,0.016058
1.169823,0.060881,0.150050,1.344597,0.189311,0.149087,1.371699,-0.018007,0.142051,0.967947,0.139769,0.158048,0.995049,-0.067549,0.151013,1.334184,0.238330,0.015947,1.339402,-0.063815,0.016016,1.010867,0.196062,0.016025,1.040516,-0.102891,0.016149
1.181755,0.062986,0.139832,1.356524,0.191423,0.138893,1.383643,-0.015902,0.132159,0.979867,0.141875,0.147504,1.006986,-0.065451,0.140771,1.335064,0.238470,0.015944,1.340485,-0.063640,0.016145,1.012250,0.196241,0.016060,1.042081,-0.102670,0.016034
1.193748,0.064690,0.131934,1.368513,0.193134,0.131065,1.395637,-0.014184,0.124130,0.991860,0.143564,0.139738,1.018984,-0.063754,0.132802,1.336220,0.238623,0.015919,1.341914,-0.063459,0.016006,1.013745,0.196432,0.015904,1.043709,-0.102470,0.015862
1.205772,0.066225,0.127082,1.380529,0.194678,0.126013,1.407648,-0.012629,0.118761,1.003896,0.145080,0.135403,1.031016,-0.062228,0.128150,1.337535,0.238769,0.015959,1.343433,-0.063304,0.016107,1.015257,0.196613,0.015830,1.045360,-0.102291,0.015918
1.217888,0.067685,0.125882,1.392616,0.196168,0.124047,1.419733,-0.011131,0.116514,1.016043,0.146501,0.135250,1.043159,-0.060797,0.127717,1.338911,0.238931,0.016114,1.344840,-0.063143,0.016027,1.016628,0.196784,0.015828,1.046842,-0.102124,0.016020
1.230301,0.068966,0.128779,1.404977,0.197494,0.125645,1.432084,-0.009791,0.117736,1.028518,0.147723,0.139823,1.055625,-0.059562,0.131914,1.340329,0.239094,0.015977,1.346110,-0.063018,0.015891,1.017792,0.196916,0.015961,1.048066,-0.102000,0.016049
1.243187,0.069983,0.136301,1.417788,0.198571,0.131767,1.444884,-0.008693,0.123284,1.041490,0.148659,0.149318,1.068586,-0.058606,0.140836,1.341714,0.239233,0.016119,1.347292,-0.062925,0.015752,1.018573,0.196992,0.016029,1.048904,-0.101942,0.015937
1.256744,0.070720,0.149166,1.431321,0.199327,0.144232,1.458385,-0.007912,0.135048,1.055104,0.149351,0.163285,1.082168,-0.057888,0.154101,1.343053,0.239363,0.015999,1.348346,-0.062872,0.015676,1.019056,0.197058,0.015847,1.049215,-0.101945,0.015881
1.270576,0.071462,0.167457,1.445207,0.200034,0.163643,1.472263,-0.007191,0.154144,1.068889,0.150115,0.180770,1.095946,-0.057111,0.171271,1.344331,0.239517,0.015935,1.349335,-0.062785,0.015846,1.016697,0.196448,0.022291,1.048944,-0.102013,0.016001
1.284393,0.072450,0.191469,1.459115,0.200941,0.189614,1.486181,-0.006298,0.180432,1.082606,0.151197,0.202507,1.109671,-0.056041,0.193325,1.345770,0.239720,0.015787,1.350483,-0.062615,0.016010,1.005781,0.194140,0.042358,1.048065,-0.102121,0.016245
1.298782,0.074099,0.219895,1.473554,0.202535,0.219938,1.500671,-0.004737,0.211721,1.096893,0.152935,0.228069,1.124010,-0.054338,0.219853,1.347619,0.240023,0.015813,1.352109,-0.062291,0.016090,0.993429,0.191875,0.061481,1.046529,-0.102268,0.016048
