0.012667,0.003371,0.343339,0.203832,0.105685,0.348698,0.201165,-0.103447,0.353313,-0.175832,0.110188,0.333364,-0.178499,-0.098944,0.337979,0.204906,0.147263,0.173191,0.206446,-0.152793,0.180514,-0.160920,0.151361,0.147503,-0.165996,-0.148653,0.152867
0.019215,0.004799,0.334627,0.210338,0.107131,0.341054,0.207651,-0.101995,0.345933,-0.169222,0.111593,0.323321,-0.171908,-0.097533,0.328200,0.184637,0.148870,0.167156,0.181364,-0.151438,0.161033,-0.156801,0.152406,0.130752,-0.170790,-0.147445,0.138273
0.025544,0.006232,0.323291,0.216155,0.109414,0.331146,0.214371,-0.099724,0.335894,-0.163283,0.112188,0.310688,-0.165068,-0.096951,0.315436,0.180068,0.151204,0.155783,0.155381,-0.149123,0.140400,-0.154422,0.153021,0.110071,-0.180803,-0.146980,0.108415
0.031544,0.007652,0.309188,0.221410,0.111997,0.319386,0.220889,-0.097163,0.323446,-0.157801,0.112468,0.294929,-0.158323,-0.096692,0.298989,0.182997,0.153938,0.133252,0.133850,-0.146443,0.115412,-0.150164,0.153790,0.082799,-0.189642,-0.146596,0.065967
0.036616,0.008985,0.291676,0.225674,0.114458,0.304855,0.226452,-0.094725,0.307415,-0.153220,0.112696,0.275936,-0.152442,-0.096487,0.278496,0.195500,0.157325,0.102623,0.122842,-0.143282,0.085310,-0.141795,0.155432,0.050389,-0.190006,-0.145242,0.020149
0.041462,0.011724,0.272866,0.231112,0.116564,0.281951,0.231076,-0.092564,0.287426,-0.148151,0.116012,0.258306,-0.148188,-0.093116,0.263781,0.214441,0.156447,0.068602,0.124567,-0.144192,0.051332,-0.134270,0.155223,0.019515,-0.189041,-0.145065,0.015877
0.049190,0.015497,0.254098,0.239957,0.118691,0.254248,0.238265,-0.090245,0.264613,-0.139885,0.121239,0.243583,-0.141577,-0.087698,0.253948,0.198658,0.152672,0.015150,0.125829,-0.146842,0.022709,-0.133977,0.155396,0.015753,-0.188204,-0.144639,0.015852
0.060689,0.018925,0.240805,0.251440,0.122071,0.236789,0.249885,-0.086658,0.250735,-0.128506,0.124508,0.230876,-0.130062,-0.084221,0.244822,0.198409,0.153254,0.015792,0.126407,-0.146982,0.015863,-0.132392,0.155726,0.015892,-0.187366,-0.144633,0.016024
0.073715,0.021116,0.232840,0.264476,0.124189,0.227603,0.262898,-0.084345,0.244201,-0.115467,0.126577,0.221479,-0.117045,-0.081957,0.238077,0.199053,0.153414,0.015705,0.139013,-0.147157,0.016109,-0.130895,0.155936,0.016023,-0.186381,-0.144701,0.016033
0.087165,0.022336,0.226367,0.277989,0.125242,0.220221,0.276284,-0.083147,0.238543,-0.101955,0.127819,0.214191,-0.103659,-0.080570,0.232513,0.199869,0.153543,0.015896,0.157005,-0.147389,0.015727,-0.129154,0.156422,0.018037,-0.185434,-0.144570,0.015938
0.100885,0.023380,0.221354,0.291766,0.126150,0.214713,0.289938,-0.082095,0.234594,-0.088167,0.128856,0.208114,-0.089995,-0.079389,0.227995,0.200826,0.153640,0.016044,0.181970,-0.147607,0.016717,-0.121240,0.157401,0.025821,-0.184630,-0.144471,0.015845
0.114824,0.023996,0.218135,0.305746,0.126684,0.211421,0.303817,-0.081457,0.232356,-0.074170,0.129449,0.203913,-0.076098,-0.078692,0.224849,0.201879,0.153680,0.016089,0.219609,-0.147942,0.017773,-0.100943,0.158209,0.033221,-0.184002,-0.144405,0.015752
0.128761,0.023661,0.216127,0.319655,0.126448,0.210160,0.317753,-0.081695,0.231077,-0.060230,0.129017,0.201178,-0.062132,-0.079126,0.222094,0.203043,0.153678,0.015948,0.260592,-0.148042,0.020221,-0.068007,0.158053,0.034837,-0.183474,-0.144446,0.015626
0.142756,0.022084,0.214562,0.333619,0.125014,0.210319,0.331725,-0.083261,0.229878,-0.046212,0.127429,0.199245,-0.048106,-0.080846,0.218804,0.204271,0.153581,0.015858,0.301405,-0.147916,0.024583,-0.023225,0.156941,0.029599,-0.182570,-0.144352,0.015659
0.156779,0.019454,0.212327,0.347966,0.121844,0.210050,0.345370,-0.086647,0.227074,-0.031811,0.125554,0.197580,-0.034407,-0.082936,0.214603,0.205573,0.153374,0.015962,0.333303,-0.148564,0.025455,0.031302,0.156211,0.024143,-0.177934,-0.142997,0.015672
0.170641,0.016495,0.207445,0.362486,0.117639,0.204851,0.358633,-0.091035,0.219171,-0.017351,0.124025,0.195720,-0.021203,-0.084649,0.210040,0.206989,0.153117,0.016038,0.340119,-0.150190,0.016143,0.082833,0.155975,0.024278,-0.163309,-0.140930,0.015639
0.183998,0.014645,0.200742,0.376099,0.115254,0.196702,0.371793,-0.093506,0.209559,-0.003797,0.122796,0.191925,-0.008102,-0.085964,0.204782,0.231141,0.153117,0.023407,0.340478,-0.150323,0.016058,0.112671,0.155195,0.017457,-0.136093,-0.140519,0.015627
0.197033,0.013195,0.195338,0.389183,0.113686,0.190710,0.384794,-0.095128,0.202624,0.009273,0.121519,0.188052,0.004884,-0.087295,0.199967,0.260486,0.152766,0.030192,0.341246,-0.150399,0.015937,0.113870,0.155035,0.015964,-0.104402,-0.141050,0.015643
0.209797,0.010947,0.192384,0.402068,0.111229,0.188270,0.397432,-0.097686,0.198157,0.022163,0.119580,0.186611,0.017527,-0.089335,0.196499,0.294721,0.151831,0.034202,0.342151,-0.150598,0.015896,0.115120,0.154956,0.016019,-0.068615,-0.141488,0.015776
0.222806,0.008245,0.190207,0.415170,0.108399,0.187657,0.410336,-0.100618,0.194972,0.035276,0.117108,0.185442,0.030442,-0.091909,0.192756,0.318982,0.150879,0.038088,0.343167,-0.150826,0.015746,0.116414,0.154787,0.015855,-0.033457,-0.142058,0.017384
0.235957,0.005436,0.188343,0.428374,0.105519,0.187741,0.423420,-0.103572,0.192351,0.048494,0.114444,0.184335,0.043540,-0.094646,0.188946,0.339161,0.149878,0.041346,0.344238,-0.151061,0.015847,0.117655,0.154560,0.015669,-0.002963,-0.142739,0.020217
0.249170,0.002939,0.186926,0.441622,0.102947,0.188202,0.436578,-0.106181,0.190401,0.061761,0.112059,0.183450,0.056717,-0.097069,0.185649,0.358123,0.148917,0.044614,0.345340,-0.151281,0.015880,0.118910,0.154383,0.015768,0.021126,-0.143368,0.024752
0.262322,0.000972,0.186057,0.454782,0.100935,0.188835,0.449704,-0.108203,0.189185,0.074940,0.110147,0.182930,0.069862,-0.098991,0.183280,0.377948,0.148028,0.048353,0.346458,-0.151450,0.015924,0.120121,0.154234,0.015969,0.040875,-0.144005,0.031230
0.275419,-0.000470,0.185851,0.467883,0.099442,0.189896,0.462773,-0.109694,0.188965,0.088065,0.108754,0.182737,0.082955,-0.100381,0.181806,0.402332,0.147124,0.051332,0.347603,-0.151574,0.015926,0.121274,0.154149,0.015954,0.060010,-0.144648,0.038708
0.288566,-0.001522,0.186194,0.481030,0.098340,0.191356,0.475889,-0.110790,0.189609,0.101243,0.107746,0.182778,0.096103,-0.101383,0.181032,0.433059,0.146135,0.053505,0.348771,-0.151679,0.015768,0.122423,0.154084,0.015903,0.082266,-0.145375,0.045228
0.301866,-0.002201,0.186577,0.494312,0.097652,0.192510,0.489179,-0.111474,0.190372,0.114553,0.107072,0.182782,0.109420,-0.102054,0.180644,0.466957,0.145203,0.054259,0.349962,-0.151740,0.015887,0.123600,0.154022,0.015895,0.109949,-0.146171,0.047440
0.315455,-0.002275,0.186583,0.507904,0.097555,0.192765,0.502742,-0.111573,0.190908,0.128168,0.107022,0.182259,0.123005,-0.102106,0.180401,0.498900,0.144517,0.049324,0.351188,-0.151744,0.016008,0.124780,0.154050,0.015836,0.144033,-0.146880,0.044059
0.329535,-0.001489,0.185875,0.522004,0.098346,0.191347,0.516807,-0.110788,0.190770,0.142263,0.107810,0.180981,0.137066,-0.101324,0.180404,0.524512,0.144180,0.034955,0.352443,-0.151686,0.015987,0.126005,0.154135,0.015746,0.182648,-0.147535,0.040468
0.344194,0.000024,0.184307,0.536615,0.100062,0.187135,0.531597,-0.109071,0.188726,0.156792,0.109120,0.179888,0.151774,-0.100014,0.181479,0.531747,0.144340,0.015831,0.353753,-0.151584,0.015851,0.127357,0.154042,0.015875,0.221913,-0.148250,0.038304
0.358490,0.000302,0.183350,0.550940,0.100318,0.184249,0.545909,-0.108808,0.186559,0.171071,0.109413,0.180141,0.166040,-0.099714,0.182451,0.532781,0.144363,0.016009,0.357585,-0.151630,0.015788,0.128372,0.154092,0.015897,0.253129,-0.148943,0.031475
0.372076,-0.000791,0.182716,0.564554,0.099170,0.183807,0.559469,-0.109964,0.185196,0.184683,0.108382,0.180236,0.179598,-0.100751,0.181625,0.533960,0.144264,0.015999,0.374939,-0.152066,0.015826,0.131835,0.154040,0.015824,0.266222,-0.149423,0.015855
0.385200,-0.001432,0.182467,0.577645,0.098589,0.183883,0.572627,-0.110548,0.184915,0.197773,0.107684,0.180019,0.192755,-0.101453,0.181050,0.535150,0.144244,0.015987,0.396086,-0.152588,0.020318,0.146694,0.153564,0.015884,0.267491,-0.149525,0.015729
0.398183,-0.001037,0.183135,0.590587,0.099063,0.184485,0.585646,-0.110070,0.186375,0.210720,0.107996,0.179894,0.205779,-0.101138,0.181784,0.536367,0.144284,0.015847,0.425596,-0.153214,0.024846,0.169495,0.153004,0.021672,0.268752,-0.149591,0.015701
0.411152,-0.000014,0.184149,0.603546,0.100107,0.185364,0.598610,-0.109007,0.188754,0.223694,0.108979,0.179545,0.218758,-0.100136,0.182935,0.537578,0.144384,0.015823,0.463156,-0.153867,0.029108,0.195475,0.152679,0.029362,0.269908,-0.149521,0.015798
0.424215,0.001125,0.185121,0.616595,0.101276,0.186056,0.611671,-0.107806,0.191084,0.236759,0.110056,0.179158,0.231835,-0.099026,0.184186,0.538776,0.144491,0.015835,0.496553,-0.154298,0.036054,0.220689,0.152480,0.036544,0.271028,-0.149471,0.015921
0.437370,0.002062,0.186164,0.629755,0.102206,0.186721,0.624810,-0.106837,0.193140,0.249931,0.110961,0.179188,0.244985,-0.098082,0.185607,0.539963,0.144569,0.015885,0.525522,-0.154556,0.043854,0.244485,0.152372,0.042349,0.272097,-0.149419,0.015903
0.450602,0.002597,0.187528,0.642993,0.102730,0.187914,0.638024,-0.106283,0.195242,0.263180,0.111476,0.179815,0.258211,-0.097536,0.187143,0.541126,0.144615,0.016003,0.553151,-0.154839,0.050264,0.268602,0.152147,0.046023,0.273115,-0.149384,0.015939
0.463949,0.002687,0.189401,0.656322,0.102852,0.190085,0.651368,-0.106147,0.197793,0.276530,0.111521,0.181010,0.271575,-0.097478,0.188718,0.542328,0.144628,0.015990,0.583859,-0.155364,0.053430,0.295218,0.151637,0.047196,0.274164,-0.149403,0.016000
0.477483,0.002251,0.191525,0.669827,0.102464,0.192956,0.664900,-0.106544,0.200436,0.290065,0.111046,0.182613,0.285138,-0.097962,0.190093,0.543560,0.144595,0.015869,0.617039,-0.156175,0.053257,0.326398,0.150788,0.045881,0.275188,-0.149451,0.015937
0.491331,0.001178,0.193458,0.683623,0.101471,0.195970,0.678768,-0.107569,0.202549,0.303894,0.109925,0.184368,0.299039,-0.099115,0.190947,0.544823,0.144511,0.015859,0.650091,-0.157201,0.049586,0.363924,0.149571,0.043142,0.276187,-0.149579,0.015874
0.505616,-0.000519,0.194622,0.697871,0.099817,0.198049,0.693081,-0.109267,0.203103,0.318151,0.108229,0.186141,0.313361,-0.100855,0.191195,0.546133,0.144367,0.015953,0.678052,-0.158369,0.038829,0.406317,0.148191,0.041640,0.277181,-0.149741,0.015783
0.520291,-0.002633,0.193731,0.712522,0.097774,0.196389,0.707877,-0.111353,0.199424,0.332704,0.106088,0.188039,0.328060,-0.103039,0.191074,0.547506,0.144286,0.015964,0.688993,-0.159071,0.015320,0.443371,0.146933,0.039026,0.278176,-0.149940,0.015876
0.534794,-0.003933,0.191067,0.726670,0.097174,0.192543,0.722812,-0.111973,0.195252,0.346775,0.104107,0.186883,0.342918,-0.105040,0.189592,0.567145,0.143290,0.015941,0.689985,-0.159150,0.016107,0.465091,0.145351,0.029703,0.281796,-0.151624,0.015865
0.548907,-0.003779,0.187789,0.740426,0.098006,0.189040,0.737298,-0.111138,0.192714,0.360517,0.103580,0.182863,0.357389,-0.105564,0.186537,0.591332,0.142779,0.022862,0.691164,-0.159016,0.015906,0.473872,0.144413,0.015873,0.289397,-0.153008,0.015831
0.562494,-0.004083,0.185669,0.754130,0.097476,0.187294,0.750751,-0.111668,0.190785,0.374238,0.103502,0.180554,0.370858,-0.105642,0.184045,0.625634,0.142334,0.026706,0.692317,-0.159106,0.015811,0.475164,0.144585,0.015883,0.302431,-0.152806,0.015837
0.575767,-0.005342,0.184923,0.767436,0.096138,0.187371,0.763979,-0.113021,0.189668,0.387555,0.102337,0.180178,0.384098,-0.106822,0.182474,0.658294,0.141693,0.031896,0.693473,-0.159224,0.015819,0.476438,0.144523,0.015920,0.323317,-0.153088,0.017496
0.588960,-0.007067,0.184915,0.780639,0.094353,0.188662,0.777141,-0.114816,0.189253,0.400778,0.100683,0.180576,0.397280,-0.108487,0.181167,0.685880,0.140971,0.038680,0.694638,-0.159383,0.015919,0.477672,0.144388,0.015751,0.347582,-0.153561,0.022361
0.602146,-0.008769,0.185239,0.793820,0.092602,0.190348,0.790307,-0.116566,0.189266,0.413984,0.099028,0.181211,0.410472,-0.110140,0.180130,0.709162,0.140231,0.045145,0.695790,-0.159539,0.015887,0.478896,0.144250,0.015695,0.370771,-0.154148,0.028767
0.615272,-0.010176,0.185744,0.806943,0.091136,0.192009,0.803411,-0.118021,0.189579,0.427134,0.097668,0.181909,0.423601,-0.111488,0.179479,0.731395,0.139515,0.050435,0.696935,-0.159664,0.015871,0.480093,0.144161,0.015897,0.391840,-0.154745,0.036002
0.628335,-0.011263,0.186606,0.819996,0.089998,0.193899,0.816450,-0.119145,0.190505,0.440219,0.096619,0.182708,0.436673,-0.112524,0.179313,0.757775,0.138788,0.053832,0.698095,-0.159766,0.015859,0.481241,0.144091,0.015977,0.412553,-0.155370,0.043320
0.641424,-0.012096,0.187546,0.833071,0.089128,0.195703,0.829521,-0.120003,0.191654,0.453328,0.095812,0.183439,0.449778,-0.113319,0.179389,0.789243,0.138046,0.055792,0.699264,-0.159852,0.015840,0.482344,0.144027,0.015969,0.435533,-0.156013,0.048790
0.654642,-0.012573,0.188166,0.846289,0.088601,0.196899,0.842707,-0.120524,0.192571,0.466576,0.095377,0.183761,0.462995,-0.113748,0.179432,0.823299,0.137370,0.056366,0.700454,-0.159897,0.015935,0.483504,0.144028,0.015903,0.462902,-0.156530,0.049841
0.668132,-0.012465,0.188149,0.859778,0.088703,0.196968,0.856178,-0.120429,0.193021,0.480086,0.095499,0.183278,0.476485,-0.113633,0.179330,0.855414,0.136981,0.051868,0.701668,-0.159893,0.016030,0.484718,0.144043,0.015877,0.496223,-0.156915,0.045689
0.682108,-0.011505,0.187233,0.873785,0.089673,0.195243,0.870134,-0.119479,0.192640,0.494083,0.096468,0.181825,0.490432,-0.112684,0.179222,0.881263,0.136951,0.038708,0.702911,-0.159821,0.015965,0.485979,0.144137,0.015819,0.534208,-0.157191,0.041302
0.696735,-0.009732,0.185246,0.888450,0.091549,0.190620,0.884820,-0.117619,0.190269,0.508649,0.098156,0.180223,0.505020,-0.111012,0.179872,0.892368,0.137231,0.015700,0.704251,-0.159650,0.015820,0.487257,0.144260,0.015814,0.573688,-0.157423,0.038503
0.711202,-0.008969,0.183360,0.902990,0.092275,0.186227,0.899300,-0.116891,0.186972,0.523104,0.098954,0.179749,0.519414,-0.110212,0.180494,0.893266,0.137297,0.015918,0.707454,-0.159574,0.015762,0.488411,0.144440,0.015906,0.606635,-0.157733,0.033066
0.725034,-0.009885,0.182215,0.916896,0.091218,0.185129,0.913067,-0.117947,0.184959,0.537002,0.098178,0.179472,0.533173,-0.110987,0.179302,0.894390,0.137225,0.015970,0.721165,-0.159754,0.015777,0.490012,0.144628,0.015933,0.624272,-0.157980,0.015764
0.738389,-0.010654,0.181623,0.930198,0.090534,0.184973,0.926471,-0.118632,0.184291,0.550306,0.097323,0.178955,0.546579,-0.111843,0.178273,0.895581,0.137160,0.015917,0.744278,-0.160296,0.016706,0.499393,0.144220,0.015917,0.625616,-0.158178,0.015784
0.751503,-0.010383,0.181929,0.943316,0.090808,0.185053,0.939581,-0.118359,0.184946,0.563426,0.097593,0.178913,0.559691,-0.111573,0.178805,0.896769,0.137183,0.015898,0.771685,-0.160735,0.022486,0.519135,0.143923,0.020479,0.626837,-0.158146,0.015670
0.764593,-0.009274,0.183088,0.956384,0.091965,0.185915,0.952676,-0.117197,0.187361,0.576509,0.098650,0.178815,0.572801,-0.110512,0.180261,0.897979,0.137282,0.015792,0.807199,-0.161196,0.025406,0.543919,0.143634,0.026715,0.628037,-0.158087,0.015772
0.777730,-0.007915,0.184277,0.969507,0.093364,0.186630,0.965813,-0.115778,0.189887,0.589647,0.099949,0.178666,0.585953,-0.109193,0.181923,0.899193,0.137408,0.015807,0.841768,-0.161516,0.031519,0.568916,0.143515,0.033345,0.629179,-0.158004,0.015925
0.790912,-0.006650,0.185474,0.982695,0.094628,0.187268,0.978977,-0.114481,0.192191,0.602847,0.101181,0.178757,0.599129,-0.107928,0.183681,0.900387,0.137525,0.015849,0.872508,-0.161660,0.039223,0.592576,0.143557,0.039606,0.630265,-0.157901,0.015919
0.804132,-0.005741,0.186840,0.995914,0.095546,0.188169,0.992190,-0.113529,0.194363,0.616073,0.102048,0.179317,0.612349,-0.107027,0.185511,0.901564,0.137601,0.015937,0.900606,-0.161755,0.046520,0.615924,0.143526,0.044242,0.631286,-0.157867,0.015879
0.817419,-0.005276,0.188591,1.009197,0.096019,0.189864,1.005467,-0.113033,0.196788,0.629370,0.102481,0.180395,0.625640,-0.106571,0.187319,0.902746,0.137642,0.016019,0.930200,-0.161986,0.051457,0.640928,0.143327,0.046648,0.632302,-0.157848,0.015964
0.830853,-0.005313,0.190756,1.022608,0.096018,0.192535,1.018895,-0.113030,0.199595,0.642810,0.102404,0.181916,0.639097,-0.106644,0.188976,0.903956,0.137645,0.015975,0.963001,-0.162464,0.053224,0.669495,0.142849,0.046767,0.633326,-0.157867,0.015983
0.844543,-0.005939,0.192951,1.036256,0.095451,0.195639,1.032590,-0.113614,0.202193,0.656495,0.101736,0.183709,0.652829,-0.107329,0.190262,0.905213,0.137591,0.015788,0.996826,-0.163178,0.051869,0.703913,0.142023,0.044577,0.634309,-0.157950,0.015867
0.858616,-0.007214,0.194701,1.050291,0.094216,0.198446,1.046672,-0.114884,0.203812,0.670559,0.100457,0.185591,0.666941,-0.108643,0.190957,0.906497,0.137492,0.015912,1.028045,-0.164100,0.045338,0.744651,0.140965,0.042121,0.635291,-0.158063,0.015755
0.873094,-0.008982,0.194970,1.064762,0.092454,0.198876,1.061200,-0.116683,0.202578,0.684988,0.098718,0.187361,0.681426,-0.110419,0.191063,0.907800,0.137353,0.015963,1.048976,-0.165020,0.028464,0.787139,0.139861,0.041530,0.636258,-0.158215,0.015855
0.887775,-0.010672,0.193038,1.079428,0.090844,0.195265,1.076015,-0.118316,0.197476,0.699536,0.096972,0.188601,0.696123,-0.112188,0.190812,0.917913,0.137043,0.015943,1.048875,-0.165251,0.015943,0.816968,0.138910,0.036784,0.637514,-0.158539,0.015902
0.901960,-0.010917,0.190125,1.093267,0.091269,0.191026,1.090595,-0.117895,0.193841,0.713325,0.096060,0.186409,0.710653,-0.113104,0.189224,0.945186,0.136318,0.020057,1.049969,-0.165227,0.015982,0.831739,0.137765,0.019912,0.643007,-0.160031,0.015867
0.915720,-0.010747,0.187153,1.106963,0.091562,0.187578,1.104430,-0.117601,0.190593,0.727010,0.096107,0.183712,0.724477,-0.113056,0.186728,0.972283,0.136339,0.027242,1.050971,-0.164931,0.015880,0.833052,0.137861,0.015878,0.654738,-0.160134,0.015804
0.929067,-0.011759,0.185973,1.120345,0.090482,0.186707,1.117742,-0.118691,0.188830,0.740391,0.095173,0.183115,0.737788,-0.114000,0.185238,1.002604,0.135815,0.030270,1.052134,-0.165086,0.015839,0.834270,0.137764,0.015940,0.674357,-0.160385,0.015895
0.942381,-0.013284,0.185617,1.133665,0.088932,0.187458,1.131043,-0.120250,0.188072,0.753719,0.093682,0.183162,0.751097,-0.115500,0.183776,1.030799,0.135230,0.035843,1.053315,-0.165235,0.015874,0.835495,0.137620,0.015833,0.697373,-0.160762,0.019999
0.955679,-0.014929,0.185640,1.146967,0.087247,0.188857,1.144324,-0.121933,0.187798,0.767035,0.092075,0.183483,0.764392,-0.117106,0.182424,1.055224,0.134605,0.041831,1.054486,-0.165382,0.015909,0.836718,0.137498,0.015613,0.720483,-0.161214,0.026112
0.968934,-0.016354,0.185823,1.160221,0.085775,0.190282,1.157560,-0.123393,0.187791,0.780307,0.090685,0.183855,0.777646,-0.118483,0.181364,1.077609,0.133980,0.047741,1.055635,-0.165506,0.015826,0.837941,0.137409,0.015862,0.741987,-0.161726,0.033540
0.982108,-0.017442,0.186283,1.173385,0.084655,0.191785,1.170724,-0.124499,0.188272,0.793491,0.089614,0.184293,0.790830,-0.119540,0.180780,1.101811,0.133373,0.052023,1.056795,-0.165614,0.015904,0.839115,0.137321,0.015984,0.762407,-0.162296,0.041356
0.995262,-0.018230,0.187033,1.186542,0.083804,0.193524,1.183846,-0.125336,0.189322,0.806677,0.088876,0.184743,0.803982,-0.120264,0.180541,1.131717,0.132765,0.054629,1.057972,-0.165690,0.015774,0.840243,0.137297,0.016024,0.784229,-0.162817,0.048358
1.008498,-0.018724,0.187674,1.199767,0.083278,0.194927,1.197063,-0.125855,0.190372,0.819932,0.088406,0.184975,0.817228,-0.120727,0.180420,1.165604,0.132210,0.056029,1.059163,-0.165737,0.015952,0.841385,0.137274,0.015954,0.809738,-0.163290,0.051629
1.021934,-0.018763,0.187823,1.213199,0.083223,0.195418,1.210480,-0.125913,0.191030,0.833387,0.088388,0.184615,0.830668,-0.120749,0.180227,1.199470,0.131830,0.054156,1.060368,-0.165753,0.016028,0.842585,0.137273,0.015878,0.840498,-0.163595,0.049392
1.035751,-0.018039,0.187215,1.227038,0.083931,0.194465,1.224266,-0.125223,0.191072,0.847236,0.089145,0.183359,0.844464,-0.120009,0.179965,1.228939,0.131796,0.044703,1.061621,-0.165686,0.015989,0.843827,0.137368,0.015839,0.877049,-0.163694,0.043974
1.050158,-0.016439,0.185640,1.241500,0.085530,0.191242,1.238651,-0.123646,0.189869,0.861664,0.090768,0.181411,0.858815,-0.118408,0.180038,1.248772,0.131987,0.023487,1.062877,-0.165565,0.015885,0.845117,0.137536,0.015764,0.916795,-0.163736,0.040371
1.064672,-0.015028,0.184132,1.256027,0.087007,0.187798,1.253202,-0.122174,0.188311,0.876143,0.092118,0.179953,0.873318,-0.117062,0.180466,1.250251,0.132117,0.015844,1.064233,-0.165499,0.015753,0.846350,0.137572,0.015879,0.954637,-0.163966,0.037354
1.078590,-0.015181,0.183807,1.269982,0.086804,0.186864,1.267105,-0.122375,0.187372,0.890076,0.092014,0.180242,0.887198,-0.117166,0.180751,1.251345,0.132100,0.015932,1.074630,-0.165599,0.015812,0.847382,0.137656,0.015914,0.981298,-0.164295,0.024136
1.092006,-0.016100,0.183344,1.283429,0.085815,0.186789,1.280491,-0.123364,0.186379,0.903522,0.091164,0.180308,0.900584,-0.118015,0.179899,1.252502,0.132038,0.015985,1.093134,-0.165853,0.015740,0.852257,0.137660,0.015861,0.987939,-0.164376,0.015879
1.105012,-0.016239,0.183364,1.296443,0.085668,0.186620,1.293495,-0.123511,0.186259,0.916530,0.091033,0.180468,0.913582,-0.118146,0.180107,1.253650,0.132020,0.015970,1.116215,-0.166182,0.021262,0.868037,0.137451,0.017851,0.989142,-0.164382,0.015718
1.117957,-0.015425,0.184154,1.309329,0.086601,0.187123,1.306491,-0.122578,0.187963,0.929424,0.091728,0.180346,0.926586,-0.117451,0.181186,1.254823,0.132108,0.015865,1.148518,-0.166542,0.025297,0.890873,0.137073,0.022765,0.990418,-0.164436,0.015728
1.130930,-0.014073,0.185058,1.322287,0.087990,0.187696,1.319459,-0.121175,0.190264,0.942401,0.093029,0.179851,0.939573,-0.116136,0.182419,1.256018,0.132234,0.015830,1.184844,-0.166785,0.029637,0.915872,0.136996,0.029169,0.991587,-0.164341,0.015844
1.143955,-0.012623,0.185849,1.335302,0.089470,0.188000,1.332476,-0.119665,0.192413,0.955434,0.094419,0.179285,0.952608,-0.114715,0.183699,1.257200,0.132356,0.015842,1.217556,-0.166869,0.036390,0.939937,0.137068,0.035969,0.992708,-0.164262,0.015928
1.157035,-0.011387,0.186711,1.348380,0.090719,0.188302,1.345547,-0.118376,0.194296,0.968522,0.095602,0.179126,0.965690,-0.113493,0.185119,1.258361,0.132469,0.015883,1.246159,-0.166811,0.043960,0.962879,0.137214,0.041765,0.993773,-0.164196,0.015923
1.170173,-0.010566,0.187911,1.361526,0.091530,0.189174,1.358668,-0.117530,0.196257,0.981679,0.096398,0.179564,0.978820,-0.112662,0.186647,1.259516,0.132538,0.016012,1.273659,-0.166794,0.050290,0.986431,0.137274,0.045561,0.994785,-0.164144,0.015948
1.183430,-0.010206,0.189696,1.374768,0.091915,0.191158,1.371915,-0.117127,0.198781,0.994945,0.096714,0.180612,0.992092,-0.112328,0.188235,1.260706,0.132569,0.016010,1.304585,-0.166981,0.053767,1.012531,0.137093,0.047182,0.995826,-0.164145,0.015968
1.196891,-0.010375,0.191832,1.388198,0.091792,0.193969,1.385371,-0.117253,0.201510,1.008411,0.096503,0.182154,1.005584,-0.112542,0.189695,1.261925,0.132559,0.015872,1.337921,-0.167418,0.053932,1.043216,0.136610,0.046169,0.996844,-0.164175,0.015940
1.210660,-0.011171,0.193811,1.401920,0.091061,0.196911,1.399150,-0.118010,0.203711,1.022170,0.095669,0.183910,1.019400,-0.113402,0.190710,1.263193,0.132487,0.015853,1.371074,-0.168097,0.050584,1.080368,0.135803,0.043325,0.997828,-0.164282,0.015853
1.224872,-0.012601,0.195049,1.416091,0.089677,0.199005,1.413392,-0.119436,0.204409,1.036351,0.094234,0.185689,1.033653,-0.114879,0.191093,1.264484,0.132372,0.015949,1.399353,-0.168961,0.040440,1.122596,0.134866,0.041571,0.998805,-0.164430,0.015712
1.239471,-0.014436,0.194247,1.430680,0.087885,0.197493,1.428103,-0.121269,0.201023,1.050839,0.092396,0.187471,1.048262,-0.116758,0.191001,1.265833,0.132313,0.015961,1.411710,-0.169626,0.017376,1.160413,0.134004,0.039256,0.999810,-0.164577,0.015885
1.254049,-0.015459,0.191570,1.444847,0.087656,0.193724,1.443162,-0.121509,0.197132,1.064937,0.090591,0.186007,1.063251,-0.118574,0.189416,1.284414,0.131509,0.015938,1.412803,-0.169672,0.016107,1.183514,0.132569,0.031122,1.002802,-0.166373,0.015866
1.268209,-0.015083,0.188297,1.458673,0.088654,0.190147,1.457656,-0.120496,0.194576,1.078763,0.090330,0.182018,1.077746,-0.118821,0.186446,1.308672,0.131302,0.022849,1.413971,-0.169527,0.015927,1.193654,0.131713,0.015861,1.009952,-0.167566,0.015757
1.281825,-0.015224,0.186123,1.472409,0.088287,0.188223,1.471140,-0.120866,0.192509,1.092510,0.090418,0.179737,1.091241,-0.118734,0.184024,1.343253,0.131220,0.026695,1.415106,-0.169606,0.015851,1.194945,0.131899,0.015882,1.022915,-0.167227,0.015826
1.295132,-0.016359,0.185316,1.485756,0.087062,0.188098,1.484402,-0.122111,0.191184,1.105861,0.089392,0.179448,1.104508,-0.119780,0.182534,1.375891,0.130922,0.031754,1.416250,-0.169713,0.015800,1.196228,0.131851,0.015938,1.043607,-0.167280,0.017280
1.308355,-0.017990,0.185227,1.498998,0.085356,0.189206,1.497589,-0.123835,0.190544,1.119120,0.087855,0.179911,1.117711,-0.121336,0.181249,1.403267,0.130487,0.038327,1.417408,-0.169864,0.015879,1.197475,0.131729,0.015786,1.067789,-0.167472,0.021798
1.321562,-0.019622,0.185475,1.512208,0.083661,0.190755,1.510771,-0.125534,0.190353,1.132353,0.086290,0.180597,1.130916,-0.122905,0.180194,1.426288,0.129983,0.044554,1.418555,-0.170016,0.015894,1.198707,0.131602,0.015669,1.090900,-0.167788,0.027872
1.334709,-0.020962,0.185889,1.525355,0.082257,0.192290,1.523894,-0.126930,0.190469,1.145523,0.085005,0.181309,1.144063,-0.124182,0.179488,1.448042,0.129491,0.049800,1.419694,-0.170135,0.015904,1.199918,0.131518,0.015910,1.111811,-0.168151,0.034910
1.347770,-0.021978,0.186615,1.538410,0.081187,0.193983,1.536933,-0.127988,0.191126,1.158607,0.084033,0.182103,1.157129,-0.125143,0.179246,1.473471,0.129026,0.053105,1.420846,-0.170230,0.015894,1.201073,0.131457,0.015999,1.132036,-0.168549,0.042216
1.360845,-0.022715,0.187532,1.551471,0.080411,0.195773,1.549987,-0.128754,0.192219,1.171702,0.083324,0.182844,1.170218,-0.125840,0.179291,1.504499,0.128592,0.055096,1.422015,-0.170306,0.015799,1.202190,0.131400,0.016009,1.154433,-0.168959,0.048200
1.374022,-0.023124,0.188204,1.564648,0.079953,0.197035,1.563134,-0.129206,0.193133,1.184909,0.082959,0.183275,1.183395,-0.126200,0.179374,1.538655,0.128230,0.056033,1.423192,-0.170346,0.015914,1.203346,0.131406,0.015923,1.181181,-0.169229,0.049985
1.387447,-0.022992,0.188276,1.578071,0.080079,0.197229,1.576543,-0.129084,0.193587,1.198351,0.083101,0.182965,1.196823,-0.126062,0.179323,1.571410,0.128104,0.052573,1.424398,-0.170338,0.015991,1.204548,0.131423,0.015883,1.213786,-0.169329,0.046372
1.401332,-0.022028,0.187472,1.591982,0.081053,0.195731,1.590410,-0.128127,0.193279,1.212254,0.084071,0.181665,1.210682,-0.125109,0.179212,1.598326,0.128275,0.040888,1.425633,-0.170265,0.015980,1.205806,0.131518,0.015827,1.251408,-0.169258,0.041800
1.415849,-0.020240,0.185665,1.606574,0.082857,0.191679,1.604932,-0.126336,0.191353,1.226766,0.085857,0.179977,1.225124,-0.123336,0.179651,1.612934,0.128533,0.015706,1.426904,-0.170117,0.015850,1.207070,0.131719,0.015797,1.291045,-0.169086,0.038958
1.430341,-0.019037,0.184154,1.621087,0.084119,0.188175,1.619473,-0.125072,0.189367,1.241210,0.086998,0.178941,1.239596,-0.122193,0.180133,1.613842,0.128645,0.015879,1.428218,-0.170037,0.015769,1.208260,0.131775,0.015904,1.326279,-0.169139,0.035408
1.444161,-0.019491,0.183846,1.634958,0.083576,0.187742,1.633257,-0.125616,0.188455,1.255065,0.086635,0.179236,1.253365,-0.122557,0.179949,1.614977,0.128604,0.015954,1.441423,-0.170097,0.015760,1.209343,0.131901,0.015925,1.348785,-0.169335,0.018393
1.457436,-0.020030,0.183744,1.648189,0.083133,0.187151,1.646604,-0.126061,0.187461,1.268267,0.086001,0.180028,1.266682,-0.123193,0.180338,1.616108,0.128574,0.015982,1.464380,-0.170386,0.015806,1.216084,0.131605,0.015872,1.350093,-0.169520,0.015853
1.470400,-0.019722,0.184161,1.661181,0.083415,0.186750,1.659562,-0.125777,0.187490,1.281238,0.086334,0.180832,1.279620,-0.122858,0.181573,1.617253,0.128602,0.015974,1.486949,-0.170473,0.023893,1.233948,0.131583,0.020257,1.351257,-0.169452,0.015657
1.483367,-0.018613,0.185247,1.674132,0.084564,0.187395,1.672538,-0.124620,0.189493,1.294196,0.087394,0.181002,1.292602,-0.121790,0.183099,1.618441,0.128721,0.015855,1.519936,-0.170536,0.027436,1.257613,0.131563,0.025088,1.352429,-0.169377,0.015720
1.496377,-0.017145,0.186142,1.687128,0.086064,0.187863,1.685546,-0.123095,0.191724,1.307208,0.088804,0.180560,1.305626,-0.120355,0.184421,1.619640,0.128857,0.015775,1.554779,-0.170508,0.032250,1.282427,0.131690,0.030982,1.353573,-0.169288,0.015840
1.509420,-0.015655,0.186838,1.700178,0.087549,0.188053,1.698567,-0.121569,0.193679,1.320273,0.090260,0.179997,1.318662,-0.118858,0.185622,1.620816,0.128995,0.015834,1.586193,-0.170335,0.038912,1.306033,0.132002,0.037434,1.354673,-0.169169,0.015899
1.522491,-0.014446,0.187582,1.713251,0.088760,0.188285,1.711627,-0.120313,0.195377,1.333356,0.091422,0.179787,1.331732,-0.117651,0.186879,1.621976,0.129100,0.015923,1.614167,-0.170095,0.046175,1.328781,0.132294,0.042957,1.355716,-0.169114,0.015898
1.535617,-0.013676,0.188692,1.726383,0.089518,0.189194,1.724733,-0.119520,0.197237,1.346500,0.092169,0.180147,1.344850,-0.116870,0.188190,1.623120,0.129155,0.016022,1.641833,-0.169941,0.051947,1.352494,0.132463,0.046466,1.356748,-0.169075,0.015982
1.548869,-0.013358,0.190391,1.739622,0.089858,0.191234,1.737971,-0.119166,0.199663,1.359766,0.092450,0.181119,1.358115,-0.116573,0.189548,1.624307,0.129191,0.015991,1.673255,-0.169988,0.054697,1.379116,0.132405,0.047667,1.357786,-0.169057,0.016008
1.562334,-0.013575,0.192367,1.753050,0.089700,0.193969,1.751437,-0.119333,0.202182,1.373230,0.092183,0.182553,1.371617,-0.116850,0.190766,1.625537,0.129172,0.015865,1.706764,-0.170293,0.054088,1.410770,0.132016,0.046038,1.358776,-0.169107,0.015928
1.576148,-0.014444,0.194159,1.766816,0.088898,0.196843,1.765262,-0.120169,0.204133,1.387035,0.091281,0.184186,1.385480,-0.117786,0.191476,1.626794,0.129108,0.015860,1.739684,-0.170836,0.049874,1.448946,0.131379,0.043061,1.359767,-0.169197,0.015847
