0.006145,0.014503,0.353699,0.196135,0.119117,0.352678,0.196083,-0.089868,0.362163,-0.183792,0.118875,0.345234,-0.183844,-0.090110,0.354720,0.191659,0.156855,0.181709,0.222405,-0.142066,0.214668,-0.187833,0.156492,0.171604,-0.150758,-0.143600,0.178793
0.010094,0.021469,0.348204,0.200517,0.125240,0.344819,0.199642,-0.083658,0.356004,-0.179454,0.126597,0.340404,-0.180330,-0.082302,0.351590,0.163300,0.161502,0.169073,0.219394,-0.137182,0.207992,-0.195580,0.161795,0.146469,-0.162003,-0.137575,0.170795
0.013374,0.028336,0.337778,0.203827,0.131986,0.332716,0.202911,-0.076832,0.345316,-0.176162,0.133503,0.330241,-0.177078,-0.075315,0.342841,0.155156,0.167843,0.168818,0.212084,-0.131565,0.193519,-0.201382,0.166846,0.126366,-0.175349,-0.131012,0.174515
0.015484,0.035080,0.323474,0.205827,0.138903,0.317887,0.205136,-0.069914,0.330515,-0.174168,0.140074,0.316433,-0.174860,-0.068744,0.329061,0.158000,0.175032,0.159751,0.206537,-0.124883,0.174556,-0.200764,0.173065,0.107579,-0.175544,-0.123785,0.171796
0.017052,0.041687,0.305586,0.207231,0.145844,0.300670,0.206870,-0.063071,0.311575,-0.172767,0.146445,0.299597,-0.173128,-0.062470,0.310502,0.164399,0.182998,0.139128,0.197774,-0.117123,0.147671,-0.195978,0.180745,0.084010,-0.164496,-0.116020,0.156790
0.018593,0.048286,0.284168,0.208566,0.152853,0.280014,0.208619,-0.056156,0.288935,-0.171434,0.152729,0.279402,-0.171380,-0.056280,0.288323,0.168010,0.190973,0.107539,0.188276,-0.108965,0.117634,-0.189446,0.188660,0.055519,-0.150074,-0.108510,0.130330
0.020035,0.055008,0.259275,0.209780,0.159994,0.255276,0.210289,-0.049053,0.263247,-0.170219,0.159069,0.255303,-0.169710,-0.049978,0.263275,0.170044,0.198265,0.068679,0.184733,-0.101372,0.085639,-0.181002,0.195672,0.023116,-0.139308,-0.101648,0.099100
0.021690,0.060638,0.232408,0.209910,0.168083,0.224023,0.213366,-0.040843,0.234154,-0.169985,0.162120,0.230663,-0.166529,-0.046806,0.240794,0.171520,0.203357,0.026057,0.186802,-0.095799,0.048415,-0.178983,0.197065,0.015870,-0.136102,-0.099957,0.072832
0.026760,0.062508,0.208415,0.214228,0.170275,0.191588,0.218629,-0.038519,0.203849,-0.165109,0.163535,0.212982,-0.160708,-0.045259,0.225243,0.169857,0.204568,0.016029,0.178390,-0.095925,0.016208,-0.177700,0.197231,0.015832,-0.131832,-0.101033,0.040577
0.035759,0.060684,0.192095,0.223069,0.168256,0.172484,0.227354,-0.040606,0.183569,-0.155836,0.161975,0.200621,-0.151551,-0.046887,0.211707,0.170256,0.204392,0.016033,0.178216,-0.096036,0.015913,-0.176366,0.197266,0.015761,-0.132263,-0.102409,0.015869
0.048996,0.058868,0.183519,0.236072,0.166556,0.162376,0.240422,-0.042396,0.171571,-0.142430,0.160133,0.195467,-0.138080,-0.048819,0.204662,0.171401,0.204267,0.015881,0.179168,-0.096028,0.015844,-0.177157,0.197004,0.015706,-0.130917,-0.102486,0.015781
0.065300,0.058502,0.180758,0.252233,0.166259,0.158718,0.256642,-0.042722,0.167225,-0.126042,0.159726,0.194292,-0.121633,-0.049255,0.202799,0.172973,0.204270,0.015878,0.207669,-0.094797,0.031021,-0.183548,0.197864,0.043282,-0.129570,-0.102530,0.015843
0.083233,0.059128,0.183661,0.270156,0.166869,0.161459,0.274571,-0.042104,0.170143,-0.108106,0.160360,0.197180,-0.103690,-0.048613,0.205863,0.174693,0.204304,0.015925,0.246672,-0.093189,0.049903,-0.169572,0.199743,0.081246,-0.128515,-0.102532,0.015858
0.102573,0.059372,0.190188,0.289439,0.167205,0.167954,0.293911,-0.041787,0.176124,-0.088764,0.160531,0.204253,-0.084292,-0.048461,0.212423,0.176429,0.204342,0.015995,0.276308,-0.091984,0.065496,-0.143139,0.200792,0.100138,-0.127788,-0.102572,0.015843
0.122765,0.058479,0.197176,0.309537,0.166524,0.175191,0.314068,-0.042528,0.181623,-0.068538,0.159486,0.212730,-0.064008,-0.049566,0.219161,0.178241,0.204258,0.015809,0.295408,-0.091755,0.073021,-0.114811,0.200363,0.095634,-0.127230,-0.102675,0.015770
0.142250,0.057098,0.201515,0.328783,0.165691,0.180197,0.333576,-0.043430,0.183363,-0.049076,0.157627,0.219666,-0.044283,-0.051494,0.222832,0.210508,0.205956,0.015665,0.306838,-0.091317,0.064042,-0.080036,0.200158,0.072590,-0.121334,-0.101821,0.018438
0.160812,0.055832,0.201755,0.346782,0.165624,0.181703,0.352535,-0.043497,0.181329,-0.030911,0.155161,0.222181,-0.025158,-0.053960,0.221807,0.258807,0.208955,0.023018,0.313148,-0.089796,0.040715,-0.034230,0.200842,0.051606,-0.115130,-0.101573,0.037644
0.179020,0.054436,0.198163,0.364467,0.165504,0.180434,0.371286,-0.043546,0.176378,-0.013246,0.152417,0.219947,-0.006427,-0.056633,0.215891,0.317038,0.212371,0.029345,0.313840,-0.087779,0.015387,0.017838,0.202416,0.039419,-0.105701,-0.102399,0.063606
0.196556,0.053421,0.192173,0.382075,0.164689,0.176576,0.388978,-0.044314,0.170661,0.004134,0.151156,0.213685,0.011037,-0.057846,0.207771,0.368833,0.213732,0.035659,0.315469,-0.087857,0.015961,0.065108,0.203986,0.025585,-0.086306,-0.102919,0.079319
0.213657,0.053802,0.185875,0.399382,0.165086,0.173082,0.406358,-0.043905,0.166877,0.020957,0.151510,0.204873,0.027933,-0.057481,0.198669,0.408940,0.214787,0.042169,0.317101,-0.087900,0.015976,0.082802,0.204689,0.015624,-0.060284,-0.102399,0.080032
0.230568,0.054604,0.181687,0.416513,0.165771,0.171322,0.423442,-0.043226,0.165257,0.037694,0.152433,0.198117,0.044623,-0.056564,0.192052,0.440029,0.215672,0.046330,0.318690,-0.087856,0.015802,0.084471,0.204768,0.015835,-0.030921,-0.101409,0.083385
0.247734,0.055908,0.180703,0.433858,0.166892,0.171671,0.440674,-0.042132,0.166440,0.054794,0.153948,0.194966,0.061610,-0.055075,0.189735,0.466477,0.216544,0.047755,0.320278,-0.087776,0.015797,0.086023,0.204933,0.016036,-0.002694,-0.100024,0.084397
0.265274,0.058273,0.182060,0.451600,0.168950,0.173427,0.458201,-0.040122,0.170290,0.072347,0.156669,0.193830,0.078948,-0.052403,0.190692,0.489180,0.217535,0.045450,0.321819,-0.087590,0.015919,0.087466,0.205293,0.015945,0.026892,-0.097912,0.083187
0.283180,0.061836,0.184330,0.469796,0.171959,0.174909,0.475962,-0.037149,0.175495,0.090398,0.160822,0.193165,0.096565,-0.048287,0.193751,0.503829,0.218032,0.032088,0.323269,-0.087569,0.015994,0.089108,0.205757,0.015884,0.061900,-0.095114,0.074061
0.301155,0.065880,0.186128,0.488472,0.174569,0.174287,0.493236,-0.034539,0.178247,0.109074,0.166299,0.194009,0.113838,-0.042809,0.197970,0.504823,0.217412,0.015889,0.352898,-0.086286,0.015652,0.089332,0.207946,0.015890,0.107536,-0.091284,0.046887
0.318897,0.069153,0.187553,0.506554,0.176993,0.173535,0.510572,-0.032067,0.180030,0.127223,0.170373,0.195075,0.131240,-0.038688,0.201571,0.506007,0.217564,0.015847,0.413100,-0.084421,0.019081,0.088903,0.209546,0.015765,0.162112,-0.088946,0.028701
0.336658,0.071281,0.187740,0.524339,0.178972,0.172910,0.528335,-0.030017,0.181427,0.144982,0.172580,0.194054,0.148978,-0.036409,0.202571,0.507561,0.217746,0.015844,0.494041,-0.082555,0.024720,0.090082,0.209762,0.015821,0.216852,-0.087747,0.027377
0.354126,0.072189,0.185608,0.541865,0.179789,0.170862,0.545795,-0.029170,0.180105,0.162457,0.173549,0.191111,0.166387,-0.035410,0.200354,0.509081,0.217826,0.016030,0.555567,-0.080666,0.040448,0.094523,0.210016,0.015732,0.264205,-0.086827,0.025041
0.371269,0.072136,0.181835,0.558864,0.180238,0.169052,0.563258,-0.028708,0.178381,0.179280,0.172980,0.185289,0.183675,-0.035966,0.194619,0.510671,0.217895,0.015995,0.593462,-0.079057,0.055673,0.111135,0.209481,0.015734,0.283452,-0.087348,0.015999
0.387978,0.073006,0.179369,0.575630,0.181159,0.167939,0.580038,-0.027752,0.178010,0.195917,0.173764,0.180728,0.200325,-0.035147,0.190799,0.512329,0.218003,0.015830,0.618015,-0.077809,0.067141,0.132384,0.210599,0.028545,0.284998,-0.087304,0.015938
0.404640,0.074821,0.179655,0.592366,0.182889,0.168620,0.596704,-0.025937,0.180354,0.212577,0.175580,0.178956,0.216915,-0.033246,0.190690,0.513986,0.218201,0.015733,0.637950,-0.076692,0.072154,0.153766,0.212349,0.044749,0.286484,-0.087160,0.015775
0.421486,0.076584,0.182170,0.609296,0.184556,0.171648,0.613527,-0.024183,0.184872,0.229444,0.177350,0.179469,0.233676,-0.031388,0.192692,0.515608,0.218344,0.015953,0.655024,-0.075889,0.074412,0.174839,0.214168,0.059097,0.287901,-0.087053,0.015680
0.438618,0.077942,0.186393,0.626489,0.185869,0.176531,0.630638,-0.022812,0.190661,0.246598,0.178695,0.182125,0.250747,-0.029986,0.196256,0.517155,0.218392,0.016051,0.667926,-0.075342,0.076807,0.196642,0.215815,0.072096,0.289209,-0.087006,0.015763
0.456326,0.078819,0.192158,0.644177,0.186846,0.183048,0.648381,-0.021824,0.197311,0.264270,0.179463,0.187005,0.268474,-0.029208,0.201269,0.518780,0.218460,0.015895,0.676311,-0.074899,0.079218,0.219599,0.217011,0.082888,0.290397,-0.087007,0.015826
0.474873,0.079086,0.199129,0.662638,0.187311,0.190594,0.667013,-0.021400,0.204216,0.282732,0.179572,0.194042,0.287107,-0.029138,0.207664,0.520466,0.218479,0.015799,0.680444,-0.074593,0.082896,0.244370,0.217448,0.088678,0.291455,-0.087114,0.015977
0.493797,0.079010,0.205804,0.681379,0.187498,0.196617,0.686083,-0.021268,0.209231,0.301512,0.179288,0.202377,0.306215,-0.029478,0.214990,0.522155,0.218544,0.016031,0.682092,-0.074473,0.083938,0.271584,0.217026,0.084340,0.292260,-0.087361,0.015988
0.512009,0.078911,0.209977,0.698933,0.188376,0.199123,0.704798,-0.020454,0.210094,0.319219,0.178276,0.209859,0.325084,-0.030554,0.220831,0.566950,0.220573,0.015904,0.684722,-0.073652,0.074886,0.304238,0.215758,0.064674,0.287320,-0.087589,0.022055
0.529331,0.078804,0.210438,0.715217,0.189904,0.198419,0.722912,-0.018963,0.207373,0.335751,0.176571,0.213503,0.343445,-0.032296,0.222457,0.631369,0.224746,0.021337,0.691205,-0.072004,0.059227,0.347189,0.215287,0.044911,0.280197,-0.087956,0.040335
0.546261,0.078621,0.206958,0.731023,0.191604,0.195166,0.740740,-0.017262,0.201897,0.351782,0.174504,0.212020,0.361499,-0.034362,0.218751,0.696981,0.230235,0.030460,0.693525,-0.070345,0.035444,0.395982,0.216345,0.033968,0.278022,-0.088640,0.067575
0.563164,0.078247,0.199414,0.747356,0.192201,0.188070,0.758028,-0.016691,0.191932,0.368300,0.173185,0.206895,0.378971,-0.035707,0.210758,0.748571,0.235030,0.039353,0.691994,-0.068837,0.015851,0.434276,0.218742,0.026776,0.289380,-0.088040,0.089646
0.579849,0.078087,0.190506,0.764174,0.191795,0.178855,0.774520,-0.017130,0.181661,0.385179,0.173304,0.199352,0.395524,-0.035622,0.202157,0.784506,0.236480,0.042482,0.693194,-0.068893,0.015891,0.449994,0.219556,0.015678,0.311550,-0.086706,0.096720
0.596550,0.078506,0.184300,0.780874,0.192214,0.172618,0.791199,-0.016716,0.175052,0.401901,0.173729,0.193548,0.412226,-0.035201,0.195983,0.811710,0.237744,0.043599,0.694640,-0.068851,0.015918,0.451636,0.219624,0.015759,0.338990,-0.085458,0.099080
0.613613,0.079750,0.181936,0.797970,0.193373,0.169957,0.808231,-0.015555,0.172878,0.418995,0.175055,0.190994,0.429256,-0.033873,0.193915,0.835049,0.238937,0.043620,0.696151,-0.068763,0.015944,0.453186,0.219796,0.015953,0.366166,-0.083827,0.097632
0.631123,0.082283,0.182412,0.815537,0.195750,0.169852,0.825734,-0.013147,0.174626,0.436511,0.177713,0.190198,0.446708,-0.031183,0.194973,0.855899,0.240278,0.040469,0.697700,-0.068543,0.015800,0.454596,0.220128,0.015894,0.394709,-0.081539,0.094265
0.649021,0.086212,0.184204,0.833595,0.199279,0.170430,0.843562,-0.009520,0.178690,0.454480,0.181944,0.189718,0.464448,-0.026855,0.197978,0.870508,0.240910,0.027154,0.699202,-0.068389,0.015907,0.456238,0.220690,0.015935,0.428410,-0.078637,0.083605
0.666843,0.090462,0.185794,0.851905,0.202368,0.169358,0.860874,-0.006327,0.180777,0.472813,0.187251,0.190812,0.481782,-0.021445,0.202230,0.872274,0.240404,0.015831,0.733910,-0.066364,0.015902,0.456757,0.222555,0.015974,0.472798,-0.075428,0.055338
0.684464,0.093437,0.187315,0.869732,0.204787,0.169479,0.878284,-0.003804,0.182954,0.490643,0.190678,0.191676,0.499195,-0.017912,0.205152,0.873812,0.240605,0.015749,0.813736,-0.062745,0.017144,0.457220,0.223527,0.015781,0.527212,-0.073262,0.036189
0.702251,0.094681,0.187033,0.887535,0.205990,0.169103,0.896080,-0.002563,0.183143,0.508422,0.191925,0.190923,0.516968,-0.016629,0.204963,0.875439,0.240762,0.015762,0.885534,-0.059007,0.028346,0.458433,0.223673,0.015734,0.585242,-0.071194,0.030100
0.719940,0.094444,0.184444,0.905218,0.205911,0.167457,0.913821,-0.002698,0.180614,0.526059,0.191587,0.188274,0.534662,-0.017022,0.201431,0.877017,0.240769,0.015921,0.936464,-0.055937,0.044356,0.461368,0.223610,0.015655,0.634496,-0.069543,0.026075
0.737274,0.093338,0.180404,0.922350,0.205537,0.166279,0.931509,-0.003138,0.177914,0.543039,0.189814,0.182894,0.552199,-0.018861,0.194529,0.878622,0.240804,0.016023,0.968918,-0.053723,0.058421,0.475647,0.223098,0.015700,0.655212,-0.069858,0.015996
0.753948,0.093323,0.177938,0.939030,0.205742,0.165789,0.948289,-0.002966,0.176731,0.559608,0.189611,0.179144,0.568866,-0.019097,0.190086,0.880287,0.240835,0.015894,0.990494,-0.052276,0.069439,0.495096,0.224434,0.028986,0.656765,-0.069885,0.015948
0.770500,0.094589,0.178451,0.955629,0.207008,0.167035,0.964858,-0.001672,0.178516,0.576143,0.190851,0.178386,0.585371,-0.017830,0.189867,0.881974,0.240987,0.015684,1.008589,-0.051062,0.073808,0.515752,0.226418,0.045236,0.658260,-0.069746,0.015805
0.787277,0.096138,0.181235,0.972458,0.208532,0.170420,0.981637,-0.000108,0.182660,0.592917,0.192384,0.179809,0.602097,-0.016256,0.192049,0.883615,0.241122,0.015762,1.024660,-0.050138,0.074410,0.536411,0.228387,0.059068,0.659668,-0.069644,0.015646
0.804386,0.097534,0.185629,0.989595,0.209944,0.175490,0.998756,0.001330,0.188175,0.610017,0.193738,0.183083,0.619177,-0.014876,0.195768,0.885214,0.241242,0.016024,1.037240,-0.049433,0.075093,0.557841,0.230252,0.071707,0.661012,-0.069560,0.015800
0.822086,0.098518,0.191410,1.007240,0.211080,0.181979,1.016521,0.002462,0.194496,0.627652,0.194575,0.188323,0.636932,-0.014044,0.200840,0.886855,0.241340,0.015961,1.045670,-0.048901,0.076464,0.580392,0.231701,0.082518,0.662236,-0.069595,0.015844
0.840603,0.099007,0.198294,1.025706,0.211700,0.189454,1.035084,0.003037,0.201141,0.646122,0.194976,0.195446,0.655500,-0.013687,0.207133,0.888569,0.241376,0.015775,1.050110,-0.048664,0.079568,0.604805,0.232734,0.089168,0.663326,-0.069610,0.015951
0.859631,0.099182,0.205003,1.044606,0.212045,0.195668,1.054188,0.003334,0.206271,0.665073,0.195030,0.203734,0.674655,-0.013681,0.214337,0.890290,0.241389,0.015986,1.051949,-0.048694,0.080897,0.631799,0.233100,0.086426,0.664241,-0.069792,0.015982
0.878124,0.099312,0.209311,1.062536,0.212938,0.198247,1.073039,0.004203,0.207413,0.683209,0.194421,0.211209,0.693712,-0.014314,0.220375,0.924217,0.243598,0.017633,1.054660,-0.048147,0.073651,0.663802,0.232742,0.068804,0.659572,-0.070389,0.019845
0.895531,0.099319,0.210068,1.078945,0.214407,0.197603,1.091093,0.005681,0.204735,0.699968,0.192958,0.215401,0.712117,-0.015768,0.222533,0.983249,0.248420,0.022886,1.062309,-0.046518,0.059268,0.705357,0.233114,0.048275,0.652775,-0.071108,0.037202
0.912479,0.099274,0.207085,1.094711,0.216246,0.194816,1.108887,0.007579,0.199506,0.716072,0.190968,0.214664,0.730248,-0.017698,0.219354,1.050639,0.255127,0.030621,1.064698,-0.044703,0.034286,0.753886,0.235097,0.036411,0.649755,-0.072238,0.063397
0.929352,0.099037,0.200048,1.110894,0.217142,0.188435,1.126200,0.008510,0.190216,0.732503,0.189564,0.209881,0.747810,-0.019068,0.211661,1.104800,0.260988,0.038369,1.063443,-0.043156,0.015840,0.794487,0.238146,0.029483,0.659223,-0.072204,0.087034
0.945980,0.099342,0.191309,1.127562,0.217434,0.180187,1.142796,0.008791,0.181062,0.749164,0.189894,0.201556,0.764398,-0.018749,0.202432,1.143351,0.263581,0.042537,1.064757,-0.043171,0.015876,0.815096,0.239499,0.015660,0.680138,-0.070931,0.093355
0.962490,0.100296,0.184626,1.144155,0.218339,0.174391,1.159312,0.009690,0.175001,0.765668,0.190902,0.194251,0.780825,-0.017747,0.194861,1.172132,0.265562,0.044585,1.066182,-0.043111,0.015837,0.816792,0.239664,0.015743,0.707672,-0.068923,0.095209
0.979317,0.101784,0.181789,1.161040,0.219763,0.171855,1.176137,0.011110,0.172769,0.782497,0.192458,0.190810,0.797593,-0.016195,0.191723,1.196254,0.267326,0.045454,1.067689,-0.042992,0.015929,0.818362,0.239856,0.015971,0.734869,-0.066732,0.093574
0.996540,0.104309,0.182022,1.178343,0.222149,0.171889,1.193354,0.013502,0.174306,0.799726,0.195116,0.189737,0.814737,-0.013531,0.192154,1.217731,0.269069,0.043765,1.069232,-0.042834,0.015806,0.819797,0.240118,0.015951,0.762837,-0.064006,0.091085
1.014103,0.108322,0.183912,1.196096,0.225800,0.173023,1.210845,0.017192,0.178512,0.817361,0.199452,0.189312,0.832109,-0.009155,0.194801,1.234187,0.270415,0.034054,1.070753,-0.042570,0.015900,0.821301,0.240748,0.015949,0.795034,-0.060290,0.083296
1.031769,0.112671,0.185423,1.214294,0.228953,0.171131,1.228009,0.020426,0.180765,0.835528,0.204916,0.190080,0.849244,-0.003611,0.199714,1.236746,0.268850,0.015799,1.082599,-0.042351,0.015910,0.822645,0.241618,0.015889,0.836082,-0.056515,0.060292
1.049137,0.116173,0.186841,1.231824,0.231863,0.170035,1.245133,0.023424,0.181897,0.853141,0.208922,0.191785,0.866450,0.000483,0.203647,1.238156,0.269106,0.015800,1.157784,-0.037206,0.016064,0.822933,0.242593,0.015785,0.890575,-0.053148,0.035733
1.066696,0.118103,0.187117,1.249422,0.233711,0.170165,1.262694,0.025322,0.182911,0.870699,0.210885,0.191324,0.883971,0.002495,0.204069,1.239787,0.269278,0.015724,1.239720,-0.031485,0.024051,0.824129,0.242808,0.015766,0.948310,-0.049747,0.028908
1.084286,0.118500,0.184987,1.267041,0.234164,0.168758,1.280291,0.025732,0.180822,0.888281,0.211267,0.189152,0.901530,0.002836,0.201216,1.241355,0.269300,0.015896,1.298563,-0.026865,0.040169,0.825909,0.242878,0.015665,0.999712,-0.046647,0.026609
1.101635,0.117989,0.181116,1.284131,0.234345,0.167059,1.297971,0.025885,0.177907,0.905299,0.210092,0.184325,0.919139,0.001632,0.195173,1.242920,0.269360,0.016009,1.335230,-0.023626,0.055422,0.837714,0.242442,0.015705,1.025419,-0.046249,0.015957
1.118301,0.118385,0.178393,1.300803,0.234918,0.165969,1.314720,0.026429,0.176140,0.921883,0.210341,0.180647,0.935800,0.001853,0.190817,1.244544,0.269448,0.015912,1.358010,-0.021617,0.066849,0.855942,0.244109,0.028216,1.027049,-0.046191,0.015979
1.134819,0.119995,0.178470,1.317363,0.236523,0.166636,1.331257,0.028060,0.177354,0.938381,0.211930,0.179586,0.952275,0.003468,0.190305,1.246225,0.269634,0.015745,1.376123,-0.019998,0.071612,0.876075,0.246431,0.044267,1.028556,-0.046030,0.015831
1.151531,0.121941,0.180795,1.334136,0.238429,0.169521,1.347973,0.030007,0.181071,0.955090,0.213875,0.180519,0.968926,0.005452,0.192069,1.247868,0.269801,0.015768,1.392320,-0.018689,0.072428,0.896557,0.248807,0.057789,1.029973,-0.045894,0.015602
1.168541,0.123672,0.184736,1.351186,0.240168,0.174221,1.364992,0.031771,0.186243,0.972090,0.215574,0.183230,0.985896,0.007177,0.195252,1.249488,0.269929,0.016005,1.405471,-0.017690,0.073274,0.917779,0.251071,0.070027,1.031367,-0.045789,0.015797
1.186039,0.125092,0.190079,1.368670,0.241677,0.180339,1.382525,0.033280,0.192315,0.989553,0.216903,0.187844,1.003408,0.008506,0.199819,1.251079,0.270041,0.016017,1.414717,-0.016956,0.074840,0.940073,0.253107,0.081147,1.032614,-0.045749,0.015859
1.204372,0.126076,0.196640,1.386916,0.242853,0.187570,1.400935,0.034427,0.198836,1.007810,0.217724,0.194444,1.021829,0.009299,0.205710,1.252771,0.270164,0.015807,1.419933,-0.016478,0.077399,0.964035,0.254691,0.088846,1.033749,-0.045776,0.015934
1.223385,0.126671,0.203437,1.405771,0.243686,0.194279,1.420050,0.035221,0.204423,1.026720,0.218121,0.202450,1.040999,0.009656,0.212595,1.254448,0.270251,0.015892,1.422185,-0.016312,0.079707,0.990465,0.255703,0.088494,1.034685,-0.045956,0.015955
1.242046,0.127258,0.208323,1.423761,0.245207,0.197875,1.439131,0.036737,0.206152,1.044962,0.217780,0.210493,1.060332,0.009310,0.218770,1.280895,0.273072,0.016255,1.424480,-0.015185,0.074354,1.020765,0.256162,0.073392,1.032870,-0.046323,0.017305
1.259830,0.127777,0.209702,1.440320,0.247473,0.197977,1.457682,0.039088,0.204210,1.061979,0.216466,0.215195,1.079341,0.008081,0.221428,1.343802,0.279764,0.020938,1.429699,-0.013185,0.059979,1.060492,0.257058,0.050994,1.026048,-0.047686,0.030887
1.277084,0.128258,0.207140,1.456244,0.249950,0.195558,1.475826,0.041713,0.199876,1.078342,0.214802,0.214404,1.097925,0.006566,0.218721,1.408953,0.287695,0.028320,1.434047,-0.011234,0.037908,1.109092,0.259684,0.037355,1.021857,-0.049620,0.056084
1.294216,0.128616,0.200446,1.472427,0.251755,0.189546,1.493563,0.043634,0.191492,1.094870,0.213598,0.209399,1.116005,0.005478,0.211345,1.462960,0.295054,0.037089,1.435426,-0.009603,0.015245,1.153007,0.263505,0.029442,1.029637,-0.050197,0.081065
1.311081,0.129318,0.191480,1.489245,0.252572,0.181124,1.510461,0.044453,0.182163,1.111701,0.214184,0.200796,1.132917,0.006065,0.201835,1.503050,0.298971,0.042105,1.436735,-0.009579,0.015876,1.178095,0.265714,0.015760,1.049834,-0.048641,0.091688
1.327759,0.130814,0.184386,1.506006,0.254034,0.175128,1.527160,0.045908,0.175939,1.128358,0.215720,0.192834,1.149511,0.007593,0.193645,1.532838,0.301937,0.044623,1.438187,-0.009443,0.015858,1.179801,0.265943,0.015740,1.076877,-0.045864,0.093417
1.344624,0.132690,0.181247,1.522943,0.255827,0.172270,1.544006,0.047693,0.173291,1.145241,0.217688,0.189203,1.166304,0.009554,0.190225,1.557176,0.304353,0.045721,1.439680,-0.009320,0.015930,1.181390,0.266179,0.015965,1.104164,-0.042899,0.091981
1.361805,0.135620,0.181364,1.540203,0.258622,0.172100,1.561169,0.050489,0.174456,1.162441,0.220751,0.188273,1.183407,0.012618,0.190628,1.578767,0.306746,0.044531,1.441242,-0.009070,0.015863,1.182826,0.266538,0.015946,1.131928,-0.039390,0.089980
1.379280,0.139977,0.183341,1.557836,0.262686,0.173267,1.578594,0.054585,0.178527,1.179966,0.225368,0.188156,1.200724,0.017267,0.193416,1.595882,0.308702,0.036019,1.442788,-0.008764,0.015873,1.184241,0.267132,0.015939,1.163522,-0.034911,0.083527
1.396854,0.144989,0.185081,1.575852,0.266759,0.171922,1.595798,0.058705,0.180871,1.197911,0.231273,0.189291,1.217857,0.023219,0.198240,1.599397,0.308002,0.015807,1.447709,-0.008286,0.015971,1.185557,0.268333,0.015945,1.203654,-0.029717,0.061678
1.414070,0.149162,0.186550,1.593396,0.270149,0.170878,1.612682,0.062136,0.181975,1.215458,0.236189,0.191126,1.234744,0.028175,0.202223,1.600780,0.308271,0.015820,1.512637,-0.001778,0.014617,1.185559,0.269774,0.015844,1.257492,-0.024309,0.035701
1.431446,0.152000,0.187442,1.611042,0.272430,0.170616,1.629810,0.064422,0.182659,1.233082,0.239579,0.192226,1.251850,0.031571,0.204269,1.601894,0.308348,0.015733,1.560640,0.003207,0.022647,1.185976,0.270823,0.015754,1.307473,-0.019195,0.030258
1.448753,0.154083,0.187168,1.628390,0.274449,0.170321,1.647116,0.066473,0.182967,1.250390,0.241694,0.191370,1.269116,0.033718,0.204016,1.603484,0.308534,0.015895,1.629010,0.009939,0.031885,1.187115,0.271037,0.015766,1.353910,-0.014912,0.030552
1.465664,0.155205,0.184829,1.645219,0.275868,0.169288,1.664191,0.067914,0.181925,1.267137,0.242495,0.187732,1.286109,0.034541,0.200369,1.605033,0.308613,0.016066,1.681570,0.015649,0.048170,1.196173,0.271288,0.015677,1.389124,-0.012678,0.021070
1.482067,0.156662,0.182193,1.661539,0.277584,0.167739,1.680738,0.069664,0.180602,1.283397,0.243660,0.183783,1.302595,0.035740,0.196646,1.606620,0.308852,0.015943,1.713879,0.019689,0.062524,1.213964,0.273002,0.022511,1.393214,-0.012798,0.015998
1.498314,0.159180,0.181389,1.677879,0.280001,0.167258,1.696977,0.072151,0.181332,1.299650,0.246208,0.181446,1.318749,0.038358,0.195520,1.608247,0.309092,0.015787,1.736317,0.022537,0.070807,1.233934,0.276256,0.038789,1.394645,-0.012579,0.015855
1.514809,0.162064,0.182611,1.694473,0.282794,0.168968,1.713464,0.075036,0.184478,1.316153,0.249091,0.180745,1.335145,0.041333,0.196255,1.609870,0.309385,0.015704,1.755254,0.024875,0.074427,1.254559,0.279748,0.053778,1.396049,-0.012354,0.015565
1.531536,0.164772,0.185532,1.711283,0.285463,0.172647,1.730182,0.077784,0.189285,1.332890,0.251760,0.181780,1.351789,0.044081,0.198418,1.611455,0.309613,0.016017,1.770829,0.026766,0.077777,1.276055,0.283189,0.067174,1.397382,-0.012191,0.015696
1.548721,0.167122,0.190082,1.728495,0.287866,0.178099,1.747376,0.080226,0.195243,1.350067,0.254018,0.184921,1.368948,0.046378,0.202065,1.613030,0.309778,0.016054,1.782399,0.028234,0.081582,1.298560,0.286400,0.079241,1.398587,-0.012099,0.015782
1.566723,0.169060,0.196230,1.746436,0.289984,0.185202,1.765432,0.082333,0.202079,1.368014,0.255787,0.190381,1.387009,0.048136,0.207258,1.614681,0.309957,0.015865,1.789707,0.029279,0.085372,1.322377,0.289087,0.088081,1.399693,-0.012040,0.015973
1.585567,0.170464,0.203270,1.765162,0.291619,0.192859,1.784363,0.083911,0.208778,1.386772,0.257016,0.197763,1.405973,0.049308,0.213682,1.616393,0.310086,0.015962,1.793440,0.029832,0.089494,1.348265,0.290967,0.089910,1.400645,-0.012111,0.016000
1.604279,0.171814,0.208996,1.783190,0.293905,0.197786,1.803524,0.086175,0.211907,1.405033,0.257453,0.206085,1.425367,0.049723,0.220206,1.626880,0.312022,0.016043,1.796304,0.031224,0.087268,1.376688,0.291747,0.078059,1.401455,-0.012265,0.016097
1.622002,0.173073,0.211541,1.799741,0.296712,0.198765,1.821959,0.089061,0.211105,1.422044,0.257084,0.211978,1.444262,0.049434,0.224317,1.683340,0.319339,0.018585,1.801768,0.032965,0.074010,1.413053,0.292583,0.054995,1.396776,-0.012987,0.029945
1.639091,0.174301,0.210341,1.815370,0.299978,0.197219,1.839946,0.092496,0.207790,1.438237,0.256106,0.212893,1.462813,0.048624,0.223463,1.752777,0.329560,0.023893,1.807434,0.034948,0.053297,1.459482,0.295583,0.038873,1.392306,-0.014192,0.053910
1.656036,0.175415,0.204936,1.830976,0.302998,0.192294,1.857697,0.095685,0.200792,1.454375,0.255145,0.209079,1.481096,0.047833,0.217578,1.812987,0.340051,0.033932,1.808879,0.036496,0.029217,1.506635,0.300394,0.029756,1.397062,-0.014404,0.082391
1.673050,0.176376,0.196069,1.847501,0.304659,0.183759,1.874955,0.097370,0.190269,1.471145,0.255382,0.201869,1.498599,0.048094,0.208379,1.857522,0.347340,0.039964,1.807249,0.037056,0.015831,1.537673,0.304296,0.018233,1.415013,-0.012286,0.098812
1.689976,0.177582,0.187530,1.864456,0.305778,0.174739,1.891786,0.098447,0.180368,1.488165,0.256717,0.194691,1.515495,0.049386,0.200320,1.888746,0.351205,0.040850,1.808585,0.037152,0.015822,1.539246,0.304450,0.015695,1.439667,-0.009170,0.100860
1.707008,0.179443,0.182476,1.881487,0.307580,0.169078,1.908756,0.100234,0.174428,1.505260,0.258653,0.190524,1.532530,0.051307,0.195874,1.913189,0.354293,0.040694,1.810031,0.037305,0.015984,1.540875,0.304688,0.015921,1.467741,-0.005484,0.102314
1.724396,0.182587,0.181154,1.898875,0.310636,0.166948,1.926127,0.103316,0.173304,1.522664,0.261858,0.189004,1.549917,0.054538,0.195360,1.935024,0.357342,0.039495,1.811589,0.037572,0.015931,1.542400,0.305008,0.015922,1.495783,-0.001349,0.100488
1.742100,0.187347,0.182215,1.916659,0.315156,0.166879,1.943829,0.107927,0.175970,1.540371,0.266768,0.188460,1.567540,0.059539,0.197551,1.953496,0.359951,0.032007,1.813160,0.037887,0.015814,1.543835,0.305537,0.015979,1.526579,0.003740,0.093928
1.759903,0.193062,0.183552,1.934619,0.320256,0.165192,1.961485,0.113200,0.178268,1.558321,0.272923,0.188835,1.585187,0.065868,0.201912,1.958994,0.359910,0.015893,1.815212,0.038054,0.016028,1.545169,0.306215,0.015885,1.564971,0.009187,0.073063
1.777180,0.197807,0.185178,1.952358,0.324054,0.164797,1.978391,0.117022,0.179795,1.575968,0.278592,0.190561,1.602001,0.071561,0.205559,1.960503,0.360206,0.015746,1.878453,0.046651,0.015823,1.544861,0.307951,0.015858,1.617767,0.015770,0.042028
1.794605,0.200928,0.186400,1.969995,0.326842,0.165777,1.995698,0.119820,0.181455,1.593513,0.282036,0.191346,1.619216,0.075014,0.207024,1.962179,0.360434,0.015699,1.943923,0.055384,0.021954,1.545625,0.308717,0.015705,1.671380,0.022444,0.033800
1.812069,0.202789,0.186072,1.987481,0.328761,0.166000,2.013179,0.121712,0.181329,1.610959,0.283866,0.190816,1.636657,0.076817,0.206145,1.963857,0.360636,0.015867,2.009610,0.064373,0.033096,1.546731,0.308854,0.015725,1.723641,0.028825,0.032350
1.829258,0.203575,0.183706,2.004538,0.330001,0.165413,2.030550,0.122913,0.179650,1.627966,0.284237,0.187761,1.653978,0.077150,0.201999,1.965444,0.360730,0.015977,2.057025,0.071385,0.049622,1.555018,0.309156,0.015665,1.762157,0.032498,0.022723
1.845989,0.204285,0.180731,2.021107,0.331286,0.165066,2.047522,0.124168,0.178071,1.644457,0.284401,0.183392,1.670871,0.077283,0.196397,1.967068,0.360941,0.015995,2.086510,0.076027,0.063293,1.572825,0.311009,0.021518,1.770684,0.032777,0.015973
1.862270,0.206322,0.179755,2.037409,0.333455,0.165445,2.063873,0.126347,0.178498,1.660668,0.286297,0.181012,1.687132,0.079188,0.194065,1.968711,0.361156,0.015821,2.107608,0.079320,0.072097,1.593186,0.314489,0.036733,1.772169,0.032918,0.015929
1.878704,0.209160,0.181087,2.053936,0.336255,0.167600,2.080310,0.129184,0.181409,1.677098,0.289136,0.180765,1.703473,0.082065,0.194574,1.970362,0.361400,0.015728,2.125937,0.081987,0.075079,1.613618,0.318370,0.051842,1.773598,0.033151,0.015702
1.895397,0.212105,0.184142,2.070705,0.339182,0.171495,2.097003,0.132150,0.186023,1.693791,0.292059,0.182261,1.720090,0.085028,0.196790,1.971959,0.361651,0.015984,2.141511,0.084193,0.076514,1.634562,0.322245,0.065174,1.774970,0.033364,0.015684
1.912502,0.214813,0.188647,2.087809,0.341982,0.176939,2.114138,0.134970,0.191685,1.710867,0.294657,0.185609,1.737196,0.087645,0.200355,1.973529,0.361917,0.016049,2.153332,0.085951,0.078345,1.656473,0.325957,0.077346,1.776260,0.033536,0.015787
1.930367,0.217163,0.194549,2.105581,0.344534,0.183697,2.132072,0.137516,0.198067,1.728661,0.296810,0.191032,1.755152,0.089793,0.205402,1.975162,0.362123,0.015858,2.160791,0.087101,0.080506,1.679738,0.329241,0.086762,1.777437,0.033561,0.015896
1.949135,0.219093,0.201354,2.124222,0.346682,0.191021,2.150918,0.139624,0.204386,1.747351,0.298563,0.198322,1.774048,0.091504,0.211687,1.976877,0.362299,0.015863,2.164502,0.087665,0.083700,1.705088,0.332057,0.090229,1.778425,0.033517,0.015997
