0.001923,-0.002522,0.334319,0.194782,0.096620,0.338507,0.188914,-0.112330,0.330124,-0.185069,0.107287,0.338514,-0.190936,-0.101663,0.330130,0.203260,0.148951,0.162444,0.192624,-0.150981,0.156724,-0.154671,0.159381,0.153005,-0.189519,-0.139499,0.138027
0.003716,-0.003208,0.318140,0.197135,0.094887,0.320852,0.190078,-0.114074,0.313774,-0.182647,0.107657,0.322505,-0.189704,-0.101304,0.315427,0.158144,0.148015,0.134587,0.168346,-0.152722,0.133118,-0.140690,0.158538,0.121877,-0.174718,-0.140367,0.110400
0.005714,-0.003960,0.299180,0.199020,0.094386,0.300712,0.192200,-0.114624,0.294969,-0.180771,0.106705,0.303392,-0.187591,-0.102305,0.297649,0.137837,0.147077,0.111357,0.146788,-0.153627,0.112761,-0.146057,0.156668,0.099414,-0.183858,-0.141909,0.078945
0.006927,-0.004795,0.277744,0.200034,0.093945,0.278946,0.193635,-0.115092,0.273729,-0.179780,0.105502,0.281760,-0.186179,-0.103535,0.276542,0.146700,0.145848,0.087224,0.134015,-0.153938,0.080853,-0.156089,0.155519,0.071119,-0.194071,-0.143012,0.045457
0.006752,-0.005539,0.252695,0.200037,0.092854,0.253568,0.193258,-0.116185,0.248948,-0.179754,0.105107,0.256441,-0.186533,-0.103932,0.251822,0.158223,0.144087,0.054839,0.138889,-0.155319,0.041322,-0.154866,0.154660,0.035815,-0.193248,-0.143977,0.015469
0.007492,-0.004776,0.225940,0.201437,0.092224,0.221773,0.193077,-0.116785,0.218641,-0.178093,0.107233,0.233239,-0.186453,-0.101776,0.230107,0.150445,0.142844,0.015692,0.145025,-0.157317,0.016006,-0.151771,0.154930,0.015846,-0.191930,-0.143835,0.015699
0.012733,-0.003647,0.207768,0.206474,0.093384,0.198246,0.198111,-0.115639,0.196194,-0.172645,0.108345,0.219341,-0.181008,-0.100677,0.217289,0.149988,0.142923,0.015815,0.144628,-0.157218,0.015847,-0.150634,0.154949,0.015944,-0.190743,-0.143799,0.015757
0.022224,-0.002972,0.199481,0.215947,0.093993,0.188963,0.207559,-0.115036,0.187911,-0.163110,0.109093,0.211052,-0.171498,-0.099936,0.209999,0.150578,0.142974,0.015879,0.145245,-0.157157,0.015889,-0.149531,0.155018,0.015886,-0.189646,-0.143718,0.015844
0.033569,-0.002502,0.194458,0.227363,0.094391,0.184617,0.218955,-0.114640,0.184545,-0.151817,0.109635,0.204371,-0.160224,-0.099396,0.204299,0.172009,0.142160,0.022646,0.146248,-0.157144,0.015822,-0.148297,0.155046,0.015899,-0.185609,-0.143796,0.015833
0.044983,-0.002449,0.188580,0.238841,0.094419,0.179813,0.230434,-0.114612,0.180308,-0.140469,0.109714,0.196853,-0.148875,-0.099317,0.197348,0.207814,0.140811,0.034956,0.147252,-0.157142,0.015878,-0.147004,0.155035,0.015870,-0.172733,-0.144268,0.018033
0.056305,-0.002724,0.181462,0.250188,0.094132,0.173116,0.241777,-0.114898,0.173842,-0.129168,0.109450,0.189082,-0.137578,-0.099579,0.189808,0.237726,0.139679,0.046044,0.148222,-0.157169,0.015872,-0.145683,0.155000,0.015782,-0.148633,-0.145208,0.020958
0.067673,-0.002872,0.173852,0.261560,0.093954,0.165276,0.253137,-0.115073,0.166410,-0.117791,0.109328,0.181294,-0.126214,-0.099699,0.182428,0.255320,0.139047,0.046228,0.149191,-0.157188,0.015907,-0.144385,0.154989,0.015845,-0.109933,-0.146716,0.021458
0.079277,-0.002510,0.166217,0.273128,0.094263,0.156323,0.264704,-0.114755,0.158528,-0.106150,0.109735,0.173907,-0.114574,-0.099283,0.176112,0.259210,0.138962,0.028133,0.150273,-0.157137,0.015939,-0.143017,0.155044,0.015891,-0.055033,-0.148806,0.021252
0.090889,-0.001945,0.158736,0.284587,0.094788,0.145895,0.276238,-0.114212,0.149622,-0.094460,0.110321,0.167851,-0.102809,-0.098679,0.171578,0.255259,0.139134,0.015885,0.151411,-0.157105,0.015842,-0.141637,0.154988,0.015764,0.004431,-0.151037,0.026828
0.101639,-0.002796,0.152225,0.295345,0.093681,0.137697,0.286698,-0.115319,0.140688,-0.083420,0.109726,0.163762,-0.092068,-0.099274,0.166753,0.256277,0.139051,0.016082,0.163151,-0.157457,0.017941,-0.135162,0.155242,0.015736,0.043682,-0.152353,0.029213
0.111526,-0.004715,0.144918,0.305445,0.091412,0.130904,0.296232,-0.117585,0.131299,-0.073179,0.108155,0.158537,-0.082392,-0.100842,0.158932,0.257451,0.138805,0.015981,0.186381,-0.158438,0.024857,-0.113136,0.155141,0.015754,0.052428,-0.152550,0.015731
0.121452,-0.006443,0.138349,0.315369,0.089836,0.125394,0.306197,-0.119158,0.123997,-0.063292,0.106272,0.152701,-0.072464,-0.102722,0.151304,0.258539,0.138557,0.015858,0.209623,-0.159793,0.031019,-0.088566,0.153791,0.015803,0.053325,-0.152831,0.015763
0.131592,-0.007137,0.134353,0.325452,0.089318,0.121878,0.316456,-0.119682,0.120207,-0.053273,0.105407,0.148499,-0.062269,-0.103593,0.146827,0.259780,0.138486,0.015867,0.229598,-0.160766,0.036365,-0.066621,0.152537,0.015791,0.054245,-0.153054,0.015851
0.141991,-0.007149,0.132373,0.335879,0.089327,0.120504,0.326957,-0.119680,0.119524,-0.042976,0.105383,0.145222,-0.051898,-0.103625,0.144242,0.261016,0.138505,0.015869,0.245377,-0.161319,0.040537,-0.045957,0.151609,0.015671,0.055146,-0.153084,0.015914
0.152451,-0.006847,0.131417,0.346364,0.089676,0.120381,0.337574,-0.119339,0.120638,-0.032673,0.105644,0.142196,-0.041463,-0.103371,0.142453,0.262185,0.138579,0.015878,0.260713,-0.161691,0.043788,-0.025962,0.150696,0.015574,0.056192,-0.153124,0.015905
0.162872,-0.006439,0.130923,0.356830,0.090096,0.120802,0.348125,-0.118916,0.122473,-0.022381,0.106038,0.139374,-0.031086,-0.102974,0.141045,0.263293,0.138644,0.015911,0.278124,-0.162098,0.046670,-0.007105,0.149905,0.015831,0.057311,-0.153147,0.015907
0.173286,-0.006035,0.130700,0.367272,0.090536,0.121496,0.358658,-0.118465,0.124532,-0.012085,0.106395,0.136868,-0.020699,-0.102606,0.139904,0.264376,0.138737,0.015955,0.298467,-0.162559,0.050042,0.009998,0.149253,0.018081,0.058402,-0.153162,0.015803
0.183807,-0.005695,0.130719,0.377867,0.090814,0.122458,0.369216,-0.118164,0.126745,-0.001601,0.106773,0.134693,-0.010252,-0.102204,0.138980,0.265389,0.138782,0.015904,0.320878,-0.163148,0.054252,0.026114,0.148827,0.022743,0.059501,-0.153120,0.015642
0.194580,-0.005444,0.131169,0.388680,0.091055,0.123802,0.380030,-0.117896,0.129227,0.009130,0.107009,0.133111,0.000480,-0.101942,0.138536,0.266390,0.138817,0.015774,0.343994,-0.163742,0.058598,0.042876,0.148400,0.028480,0.060662,-0.153126,0.015710
0.205696,-0.005283,0.132116,0.399816,0.091239,0.125647,0.391187,-0.117685,0.132035,0.020205,0.107118,0.132198,0.011576,-0.101806,0.138586,0.267397,0.138862,0.015859,0.366902,-0.164350,0.061466,0.062717,0.147858,0.033596,0.061867,-0.153145,0.015873
0.217102,-0.005402,0.133025,0.411233,0.091156,0.127472,0.402619,-0.117753,0.134359,0.031585,0.106949,0.131691,0.022971,-0.101960,0.138577,0.268438,0.138881,0.015932,0.388598,-0.165139,0.060013,0.089327,0.146924,0.035902,0.063129,-0.153172,0.015930
0.228607,-0.006149,0.133060,0.422752,0.090426,0.128343,0.414123,-0.118497,0.134775,0.043091,0.106198,0.131344,0.034463,-0.102725,0.137777,0.269461,0.138808,0.015978,0.407920,-0.166350,0.050365,0.126844,0.145307,0.035786,0.064414,-0.153223,0.015955
0.240173,-0.007557,0.131451,0.434229,0.089209,0.126988,0.425783,-0.119763,0.131908,0.054564,0.104649,0.130993,0.046118,-0.104323,0.135913,0.270445,0.138714,0.015945,0.421119,-0.167541,0.027131,0.172828,0.143191,0.038507,0.065842,-0.153444,0.015944
0.251091,-0.008770,0.128344,0.444969,0.088327,0.123360,0.436876,-0.120680,0.127258,0.065306,0.103140,0.129430,0.057213,-0.105867,0.133328,0.274864,0.138401,0.015880,0.422714,-0.167701,0.015862,0.213032,0.141234,0.039440,0.067293,-0.153940,0.015868
0.261520,-0.008934,0.125035,0.455057,0.088799,0.119287,0.447692,-0.120204,0.124584,0.075349,0.102336,0.125487,0.067984,-0.106667,0.130783,0.311005,0.136748,0.015917,0.423815,-0.167612,0.015825,0.222369,0.139934,0.018363,0.068644,-0.155097,0.015811
0.272423,-0.008842,0.121999,0.465956,0.088871,0.115818,0.458598,-0.120107,0.122041,0.086247,0.102422,0.121957,0.078890,-0.106555,0.128180,0.352294,0.135458,0.017997,0.425070,-0.167586,0.015898,0.223277,0.139939,0.015944,0.070017,-0.155086,0.015862
0.283249,-0.008945,0.120771,0.476794,0.088695,0.113860,0.469391,-0.120265,0.120593,0.097106,0.102374,0.120948,0.089704,-0.106586,0.127681,0.394363,0.134276,0.025687,0.426356,-0.167611,0.016061,0.224277,0.139985,0.015865,0.072097,-0.155073,0.015705
0.294113,-0.009178,0.120569,0.487653,0.088472,0.113645,0.480267,-0.120480,0.120674,0.107960,0.102123,0.120463,0.100573,-0.106828,0.127493,0.428562,0.133461,0.036248,0.427704,-0.167646,0.016026,0.225306,0.139957,0.015752,0.078742,-0.155322,0.015669
0.304840,-0.009636,0.120843,0.498405,0.088015,0.114682,0.490990,-0.120941,0.121535,0.118690,0.101670,0.120151,0.111275,-0.107287,0.127004,0.454193,0.132812,0.045303,0.428964,-0.167709,0.015861,0.226327,0.139932,0.015839,0.090391,-0.155699,0.015692
0.315453,-0.010284,0.121462,0.509066,0.087342,0.116557,0.501575,-0.121629,0.122832,0.129330,0.101060,0.120092,0.121839,-0.107911,0.126367,0.473786,0.132161,0.051762,0.430227,-0.167789,0.015691,0.227452,0.139915,0.015948,0.104772,-0.156121,0.015761
0.325912,-0.011147,0.122380,0.519585,0.086431,0.119134,0.511986,-0.122561,0.124533,0.139839,0.100268,0.120226,0.132239,-0.108724,0.125626,0.490181,0.131379,0.056579,0.431368,-0.167934,0.015813,0.228634,0.139840,0.015939,0.120374,-0.156624,0.015831
0.336266,-0.012104,0.123478,0.529971,0.085451,0.121997,0.522303,-0.123563,0.126350,0.150228,0.099355,0.120606,0.142560,-0.109659,0.124959,0.505020,0.130580,0.060689,0.432432,-0.168058,0.015827,0.229831,0.139741,0.015782,0.135513,-0.157113,0.018257
0.346542,-0.013111,0.124681,0.540276,0.084400,0.124702,0.532536,-0.124631,0.127950,0.160548,0.098409,0.121413,0.152809,-0.110623,0.124661,0.518916,0.129731,0.063763,0.433446,-0.168189,0.015929,0.231089,0.139640,0.015623,0.150051,-0.157597,0.022344
0.356804,-0.014053,0.125902,0.550547,0.083431,0.127061,0.542773,-0.125612,0.129277,0.170835,0.097506,0.122528,0.163060,-0.111538,0.124744,0.532385,0.128937,0.065331,0.434432,-0.168268,0.015944,0.232315,0.139572,0.015782,0.165217,-0.158140,0.026853
0.367149,-0.014874,0.127042,0.560901,0.082583,0.128955,0.553098,-0.126466,0.130439,0.181201,0.096719,0.123645,0.173398,-0.112330,0.125129,0.545709,0.128175,0.064342,0.435434,-0.168369,0.015884,0.233582,0.139482,0.015942,0.182616,-0.158829,0.030377
0.377731,-0.015408,0.128002,0.571499,0.082009,0.130346,0.563652,-0.127041,0.131551,0.191810,0.096226,0.124453,0.183964,-0.112824,0.125657,0.558776,0.127557,0.058885,0.436425,-0.168415,0.015788,0.234852,0.139468,0.015961,0.204475,-0.159620,0.031277
0.388657,-0.015480,0.128707,0.582458,0.081869,0.131008,0.574531,-0.127174,0.132734,0.202782,0.096214,0.124681,0.194855,-0.112829,0.126407,0.571370,0.127084,0.047497,0.437431,-0.168424,0.015876,0.236237,0.139531,0.015918,0.233417,-0.160570,0.030176
0.400154,-0.014866,0.129056,0.593995,0.082424,0.130182,0.585995,-0.126593,0.133671,0.214313,0.096862,0.124440,0.206313,-0.112156,0.127930,0.581542,0.126720,0.030130,0.438402,-0.168399,0.015950,0.237766,0.139641,0.015874,0.271391,-0.161771,0.030048
0.412003,-0.013500,0.128703,0.605859,0.083743,0.126505,0.597865,-0.125204,0.132999,0.226140,0.098203,0.124407,0.218147,-0.110743,0.130901,0.583168,0.126675,0.015809,0.439409,-0.168284,0.015975,0.239318,0.139830,0.015840,0.316430,-0.163023,0.033885
0.423347,-0.012844,0.128476,0.617378,0.083950,0.123554,0.609004,-0.124932,0.131478,0.237691,0.099244,0.125474,0.229317,-0.109638,0.133397,0.584555,0.126702,0.015927,0.441983,-0.168137,0.015986,0.240843,0.140476,0.015780,0.355268,-0.163845,0.037482
0.434143,-0.013176,0.127414,0.628524,0.082870,0.121713,0.619369,-0.126005,0.128946,0.248918,0.099653,0.125881,0.239762,-0.109222,0.133114,0.585952,0.126597,0.016043,0.465551,-0.168696,0.015960,0.245099,0.141527,0.015759,0.375267,-0.164199,0.031560
0.444557,-0.014099,0.124709,0.639376,0.081095,0.119736,0.629262,-0.127788,0.125235,0.259853,0.099589,0.124183,0.249738,-0.109294,0.129682,0.587314,0.126404,0.015968,0.500963,-0.169956,0.016521,0.253998,0.142535,0.015681,0.379007,-0.164069,0.015855
0.454926,-0.015156,0.121638,0.649670,0.080220,0.117261,0.639726,-0.128688,0.122078,0.270125,0.098377,0.121197,0.260181,-0.110531,0.126015,0.588602,0.126300,0.015794,0.541590,-0.171861,0.021034,0.265796,0.141662,0.015643,0.379968,-0.164289,0.015743
0.465179,-0.015579,0.120173,0.659878,0.079893,0.115849,0.650039,-0.129014,0.120906,0.280320,0.097856,0.119440,0.270481,-0.111051,0.124498,0.589875,0.126281,0.015800,0.571806,-0.173036,0.030335,0.279982,0.140873,0.015675,0.380964,-0.164400,0.015811
0.475456,-0.015572,0.120597,0.670185,0.079857,0.116662,0.660295,-0.129027,0.122538,0.290618,0.097884,0.118656,0.280728,-0.111000,0.124531,0.591058,0.126286,0.015836,0.591659,-0.173634,0.039417,0.296379,0.140232,0.015623,0.381975,-0.164369,0.015862
0.485718,-0.015327,0.122299,0.680442,0.080134,0.119047,0.670570,-0.128711,0.126190,0.300866,0.098056,0.118407,0.290993,-0.110789,0.125551,0.592086,0.126311,0.015928,0.606992,-0.173958,0.046517,0.313506,0.139469,0.015610,0.383060,-0.164417,0.015964
0.496002,-0.014942,0.124613,0.690720,0.080558,0.122187,0.680850,-0.128237,0.130675,0.311154,0.098352,0.118552,0.301284,-0.110442,0.127039,0.593051,0.126397,0.016006,0.622361,-0.174191,0.052432,0.330318,0.138811,0.015883,0.384236,-0.164418,0.015937
0.506264,-0.014572,0.127005,0.700964,0.080980,0.125375,0.691098,-0.127758,0.135159,0.321430,0.098614,0.118851,0.311563,-0.110124,0.128635,0.594004,0.126459,0.015998,0.639576,-0.174504,0.057693,0.346348,0.138231,0.017393,0.385442,-0.164457,0.015767
0.516579,-0.014263,0.129279,0.711279,0.081300,0.128451,0.701360,-0.127381,0.139339,0.331797,0.098855,0.119220,0.321878,-0.109826,0.130108,0.594949,0.126521,0.015932,0.658702,-0.174930,0.062417,0.361574,0.137892,0.021285,0.386623,-0.164442,0.015597
0.527023,-0.014008,0.131496,0.721705,0.081597,0.131333,0.711766,-0.127026,0.143252,0.342281,0.099011,0.119741,0.332342,-0.109613,0.131660,0.595853,0.126567,0.015783,0.679678,-0.175447,0.066693,0.377862,0.137549,0.026234,0.387783,-0.164452,0.015742
0.537613,-0.013851,0.133532,0.732296,0.081750,0.133927,0.722290,-0.126817,0.146737,0.352936,0.099115,0.120326,0.342930,-0.109453,0.133136,0.596810,0.126585,0.015834,0.701156,-0.176166,0.068989,0.397598,0.137048,0.030580,0.388937,-0.164454,0.015813
0.548363,-0.014114,0.134934,0.743019,0.081536,0.135911,0.733016,-0.127014,0.149008,0.363710,0.098785,0.120861,0.353706,-0.109765,0.133957,0.597722,0.126567,0.016007,0.721647,-0.177213,0.066963,0.424340,0.135907,0.032299,0.390095,-0.164514,0.015918
0.559204,-0.015018,0.135043,0.753846,0.080657,0.136456,0.743863,-0.127931,0.148935,0.374545,0.097894,0.121151,0.364563,-0.110694,0.133631,0.598738,0.126459,0.016029,0.739249,-0.178807,0.056774,0.461259,0.134050,0.032940,0.391375,-0.164597,0.016022
0.570023,-0.016541,0.133122,0.764610,0.079250,0.134214,0.754823,-0.129434,0.145171,0.385223,0.096353,0.121073,0.375435,-0.112331,0.132030,0.599669,0.126341,0.016000,0.749059,-0.180619,0.032931,0.503716,0.131911,0.036371,0.392739,-0.164797,0.016004
0.580383,-0.018204,0.129043,0.774825,0.077887,0.128539,0.765489,-0.130899,0.137807,0.395278,0.094492,0.120278,0.385942,-0.114294,0.129547,0.607992,0.125889,0.015963,0.747283,-0.181042,0.015798,0.537804,0.129851,0.034493,0.394200,-0.165250,0.015860
0.590660,-0.018845,0.124690,0.784748,0.077942,0.122840,0.776211,-0.130830,0.133132,0.405109,0.093141,0.116249,0.396572,-0.115632,0.126540,0.647745,0.123832,0.016225,0.748361,-0.181013,0.015903,0.544036,0.128061,0.015999,0.395730,-0.166601,0.015759
0.601692,-0.018875,0.121703,0.795792,0.077870,0.119128,0.787238,-0.130853,0.130361,0.416147,0.093103,0.113045,0.407592,-0.115620,0.124278,0.693650,0.122240,0.019343,0.749579,-0.181018,0.015997,0.544909,0.128154,0.015957,0.397093,-0.166584,0.015769
0.612617,-0.019230,0.120681,0.806744,0.077440,0.117371,0.798149,-0.131269,0.128832,0.427086,0.092809,0.112530,0.418491,-0.115900,0.123990,0.734592,0.121077,0.028286,0.750831,-0.181067,0.016112,0.545977,0.128160,0.015826,0.401336,-0.166702,0.015606
0.623436,-0.019981,0.120720,0.817562,0.076699,0.117682,0.808968,-0.132037,0.128631,0.437904,0.092074,0.112809,0.429310,-0.116662,0.123758,0.766392,0.120222,0.038857,0.752080,-0.181154,0.015992,0.547057,0.128044,0.015827,0.411238,-0.167140,0.015648
0.634109,-0.020927,0.121375,0.828278,0.075693,0.119304,0.819579,-0.133089,0.129251,0.448640,0.091234,0.113500,0.439941,-0.117548,0.123447,0.789778,0.119411,0.047374,0.753308,-0.181273,0.015821,0.548215,0.127979,0.015965,0.424411,-0.167576,0.015704
0.644623,-0.022034,0.122381,0.838838,0.074513,0.121687,0.830012,-0.134322,0.130338,0.459233,0.090254,0.114424,0.450408,-0.118580,0.123075,0.807942,0.118517,0.053348,0.754491,-0.181408,0.015725,0.549451,0.127893,0.015980,0.439112,-0.168077,0.015777
0.654968,-0.023254,0.123586,0.849213,0.073231,0.124436,0.840285,-0.135652,0.131693,0.469652,0.089143,0.115479,0.460724,-0.119740,0.122736,0.823624,0.117534,0.057939,0.755601,-0.181578,0.015803,0.550746,0.127736,0.015900,0.453930,-0.168620,0.017638
0.665138,-0.024460,0.124916,0.859407,0.071954,0.127149,0.850387,-0.136969,0.133022,0.479889,0.088049,0.116810,0.470869,-0.120874,0.122683,0.837908,0.116545,0.061401,0.756605,-0.181723,0.015887,0.551986,0.127603,0.015657,0.468356,-0.169126,0.021297
0.675323,-0.025635,0.126305,0.869611,0.070712,0.129600,0.860523,-0.138240,0.134214,0.490124,0.086970,0.118397,0.481036,-0.121981,0.123011,0.851518,0.115539,0.063305,0.757604,-0.181878,0.015961,0.553286,0.127460,0.015713,0.483311,-0.169733,0.025700
0.685532,-0.026657,0.127659,0.879823,0.069655,0.131660,0.870710,-0.139315,0.135302,0.500354,0.086001,0.120016,0.491240,-0.122969,0.123657,0.864811,0.114610,0.062826,0.758578,-0.182005,0.015949,0.554557,0.127323,0.015915,0.500209,-0.170502,0.029437
0.695877,-0.027412,0.128861,0.890178,0.068864,0.133254,0.881036,-0.140114,0.136339,0.510719,0.085289,0.121383,0.501576,-0.123689,0.124468,0.877877,0.113795,0.058414,0.759533,-0.182075,0.015880,0.555811,0.127258,0.015956,0.521089,-0.171421,0.030987
0.706589,-0.027786,0.129814,0.900911,0.068446,0.134207,0.891717,-0.140527,0.137439,0.521460,0.084955,0.122189,0.512266,-0.124018,0.125421,0.890577,0.113076,0.048613,0.760529,-0.182136,0.015796,0.557139,0.127240,0.015895,0.548627,-0.172587,0.030371
0.717827,-0.027481,0.130410,0.912198,0.068691,0.133871,0.902922,-0.140255,0.138348,0.532732,0.085293,0.122473,0.523456,-0.123653,0.126949,0.901284,0.112529,0.033460,0.761524,-0.182107,0.015885,0.558589,0.127367,0.015909,0.584772,-0.173951,0.030315
0.729622,-0.026386,0.130337,0.924068,0.069696,0.130915,0.914719,-0.139175,0.138005,0.544525,0.086403,0.122669,0.535176,-0.122468,0.129759,0.904996,0.112152,0.015451,0.762527,-0.182029,0.015921,0.560129,0.127597,0.015757,0.628481,-0.175420,0.033897
0.741058,-0.025707,0.130096,0.935601,0.070146,0.127575,0.926111,-0.138646,0.136537,0.556006,0.087232,0.123654,0.546515,-0.121560,0.132617,0.906310,0.112222,0.015891,0.763629,-0.181974,0.016003,0.561584,0.127887,0.015780,0.669649,-0.176731,0.038623
0.751991,-0.026161,0.129337,0.946753,0.069210,0.125658,0.936799,-0.139577,0.134230,0.567183,0.087255,0.124444,0.557230,-0.121532,0.133016,0.907563,0.112118,0.016046,0.785878,-0.182774,0.016056,0.564482,0.128463,0.015800,0.693843,-0.177596,0.035311
0.762596,-0.027210,0.126726,0.957686,0.067495,0.123281,0.947010,-0.141316,0.130262,0.578182,0.086895,0.123189,0.567506,-0.121916,0.130170,0.908833,0.111942,0.016038,0.825251,-0.184379,0.017974,0.573049,0.129097,0.015650,0.698220,-0.177860,0.018705
0.773102,-0.028095,0.123310,0.968203,0.066582,0.119735,0.957501,-0.142241,0.126305,0.588703,0.086051,0.120315,0.578000,-0.122772,0.126885,0.910142,0.111821,0.015847,0.867957,-0.186430,0.023121,0.585088,0.128475,0.015641,0.699221,-0.178013,0.015788
0.783485,-0.028374,0.121557,0.978603,0.066248,0.117444,0.967862,-0.142556,0.124522,0.599109,0.085808,0.118592,0.588368,-0.122996,0.125670,0.911438,0.111792,0.015739,0.897470,-0.187586,0.032634,0.599157,0.127853,0.015660,0.700220,-0.178011,0.015785
0.793861,-0.028400,0.121815,0.988966,0.066259,0.117927,0.978259,-0.142514,0.125932,0.609464,0.085713,0.117698,0.598757,-0.123060,0.125703,0.912617,0.111801,0.015791,0.914709,-0.188054,0.041007,0.615546,0.127028,0.015580,0.701211,-0.178068,0.015890
0.804192,-0.028255,0.123428,0.999286,0.066451,0.120265,0.988595,-0.142276,0.129408,0.619788,0.085765,0.117448,0.609097,-0.122962,0.126592,0.913691,0.111816,0.015911,0.927375,-0.188287,0.047376,0.632555,0.126202,0.015586,0.702348,-0.178136,0.015987
0.814453,-0.027969,0.125616,1.009501,0.066855,0.123246,0.998886,-0.141814,0.133697,0.630021,0.085875,0.117536,0.619405,-0.122794,0.127987,0.914687,0.111873,0.015993,0.940589,-0.188462,0.052862,0.648823,0.125390,0.015839,0.703522,-0.178250,0.015967
0.824661,-0.027641,0.127837,1.019709,0.067202,0.126289,1.009046,-0.141400,0.137954,0.640276,0.086117,0.117720,0.629614,-0.122485,0.129385,0.915632,0.111936,0.016023,0.956127,-0.188753,0.057879,0.665034,0.124747,0.016053,0.704650,-0.178249,0.015862
0.834900,-0.027313,0.129889,1.029948,0.067539,0.129125,1.019216,-0.140989,0.141987,0.650583,0.086363,0.117792,0.639852,-0.122165,0.130654,0.916552,0.111993,0.015988,0.974327,-0.189172,0.062603,0.680138,0.124347,0.019025,0.705830,-0.178250,0.015654
0.845215,-0.027084,0.131865,1.040255,0.067787,0.131875,1.029458,-0.140670,0.145792,0.660972,0.086502,0.117938,0.650175,-0.121955,0.131855,0.917447,0.112012,0.015825,0.994809,-0.189741,0.067112,0.695845,0.124007,0.023573,0.706936,-0.178262,0.015699
0.855682,-0.026920,0.133753,1.050704,0.067986,0.134413,1.039861,-0.140404,0.149265,0.671503,0.086564,0.118241,0.660660,-0.121826,0.133094,0.918399,0.112042,0.015796,1.016449,-0.190434,0.070401,0.714255,0.123543,0.028120,0.708121,-0.178284,0.015770
0.866295,-0.027100,0.135197,1.061277,0.067881,0.136485,1.050445,-0.140475,0.151810,0.682145,0.086276,0.118584,0.671312,-0.122080,0.133909,0.919345,0.112032,0.015996,1.037441,-0.191430,0.070280,0.738568,0.122507,0.030629,0.709314,-0.178370,0.015903
0.877022,-0.027847,0.135570,1.071989,0.067158,0.137318,1.061161,-0.141224,0.152296,0.692883,0.085529,0.118845,0.682055,-0.122853,0.133823,0.920324,0.111950,0.016037,1.055855,-0.192988,0.063090,0.772464,0.120734,0.031357,0.710545,-0.178430,0.016000
0.887756,-0.029232,0.134133,1.082661,0.065903,0.135760,1.072032,-0.142571,0.149553,0.703481,0.084107,0.118713,0.692851,-0.124367,0.132506,0.921294,0.111817,0.016033,1.068285,-0.195019,0.043300,0.814031,0.118491,0.034250,0.711896,-0.178652,0.016040
0.898079,-0.031040,0.130177,1.092729,0.064628,0.130217,1.082857,-0.144022,0.141722,0.713301,0.081941,0.118631,0.703429,-0.126709,0.130137,0.925236,0.111822,0.015954,1.065867,-0.195741,0.015623,0.850458,0.116413,0.035044,0.713223,-0.179042,0.015878
0.908112,-0.032398,0.125243,1.102329,0.064128,0.123379,1.093486,-0.144550,0.135208,0.722737,0.079754,0.115277,0.713894,-0.128924,0.127106,0.965372,0.109399,0.015840,1.066786,-0.195747,0.015874,0.859586,0.113892,0.016020,0.714639,-0.180836,0.015668
0.919044,-0.032646,0.121890,1.113276,0.063834,0.119275,1.104420,-0.144804,0.131777,0.733669,0.079512,0.112002,0.724813,-0.129126,0.124505,1.005118,0.108048,0.019997,1.067970,-0.195768,0.015985,0.860485,0.113945,0.015950,0.716056,-0.180844,0.015745
0.929893,-0.033115,0.120934,1.124150,0.063293,0.117608,1.115261,-0.145339,0.130201,0.744526,0.079108,0.111668,0.735637,-0.129523,0.124261,1.045129,0.106819,0.027903,1.069196,-0.195840,0.016058,0.861476,0.113913,0.015802,0.719745,-0.180979,0.015594
0.940697,-0.033951,0.121177,1.134980,0.062415,0.118220,1.126032,-0.146257,0.130080,0.755361,0.078356,0.112274,0.746413,-0.130316,0.124134,1.078064,0.105842,0.037661,1.070436,-0.195922,0.016006,0.862595,0.113842,0.015847,0.728671,-0.181288,0.015619
0.951340,-0.034981,0.122005,1.145660,0.061335,0.120032,1.136617,-0.147392,0.130797,0.766063,0.077430,0.113214,0.757019,-0.131297,0.123979,1.102541,0.104927,0.045784,1.071668,-0.196059,0.015853,0.863759,0.113736,0.015979,0.740991,-0.181741,0.015686
0.961807,-0.036182,0.123113,1.156137,0.060133,0.122462,1.147048,-0.148659,0.131849,0.776567,0.076294,0.114378,0.767477,-0.132498,0.123765,1.121477,0.103998,0.051677,1.072848,-0.196190,0.015670,0.865006,0.113559,0.015985,0.755225,-0.182359,0.015760
0.972107,-0.037449,0.124349,1.166464,0.058811,0.125161,1.157279,-0.150037,0.133095,0.786935,0.075139,0.115603,0.777750,-0.133709,0.123537,1.137559,0.102982,0.056015,1.073893,-0.196352,0.015794,0.866285,0.113387,0.015883,0.769883,-0.182926,0.017291
0.982285,-0.038700,0.125681,1.176672,0.057478,0.127836,1.167384,-0.151415,0.134321,0.797185,0.074015,0.117040,0.787898,-0.134878,0.123525,1.152290,0.101956,0.059450,1.074936,-0.196499,0.015868,0.867583,0.113255,0.015665,0.784307,-0.183419,0.020968
0.992393,-0.039913,0.127066,1.186789,0.056220,0.130231,1.177457,-0.152707,0.135439,0.807330,0.072881,0.118694,0.797998,-0.136046,0.123902,1.166220,0.100937,0.061590,1.075915,-0.196659,0.015960,0.868841,0.113077,0.015741,0.799318,-0.184068,0.025481
1.002556,-0.040958,0.128426,1.196975,0.055102,0.132284,1.187577,-0.153844,0.136483,0.817534,0.071928,0.120370,0.808137,-0.137019,0.124569,1.179887,0.099955,0.061571,1.076888,-0.196794,0.015961,0.870131,0.112968,0.015923,0.816318,-0.184806,0.029368
1.012894,-0.041721,0.129648,1.207330,0.054287,0.133871,1.197886,-0.154667,0.137542,0.827901,0.071224,0.121753,0.818457,-0.137730,0.125425,1.193208,0.099091,0.057739,1.077854,-0.196882,0.015902,0.871366,0.112904,0.015935,0.837236,-0.185741,0.031047
1.023605,-0.042118,0.130628,1.218047,0.053881,0.134870,1.208588,-0.155071,0.138630,0.838622,0.070835,0.122626,0.829164,-0.138117,0.126385,1.206070,0.098373,0.048533,1.078884,-0.196915,0.015774,0.872730,0.112875,0.015923,0.864916,-0.186965,0.030476
1.034843,-0.041889,0.131236,1.229318,0.054076,0.134606,1.219809,-0.154850,0.139522,0.849878,0.071072,0.122949,0.840368,-0.137854,0.127865,1.216935,0.097777,0.033783,1.079893,-0.196901,0.015867,0.874175,0.112957,0.015914,0.901435,-0.188436,0.030415
1.046623,-0.040855,0.131129,1.241137,0.055089,0.131756,1.231633,-0.153765,0.139124,0.861613,0.072054,0.123134,0.852110,-0.136800,0.130502,1.220804,0.097433,0.015345,1.080957,-0.196781,0.015923,0.875676,0.113151,0.015754,0.945607,-0.189980,0.034109
1.058029,-0.040207,0.130771,1.252634,0.055522,0.128329,1.243005,-0.153252,0.137553,0.873054,0.072838,0.123988,0.863424,-0.135936,0.133212,1.222100,0.097506,0.015901,1.081950,-0.196737,0.016006,0.877194,0.113410,0.015813,0.986926,-0.191329,0.039202
1.068886,-0.040714,0.129927,1.263686,0.054582,0.126358,1.253647,-0.154192,0.135148,0.884125,0.072764,0.124707,0.874086,-0.136010,0.133496,1.223341,0.097421,0.016067,1.105748,-0.197641,0.015957,0.880268,0.113906,0.015781,1.010843,-0.192243,0.035786
1.079361,-0.041794,0.127250,1.274483,0.052851,0.123923,1.263738,-0.155951,0.131049,0.894984,0.072364,0.123452,0.884239,-0.136439,0.130578,1.224627,0.097271,0.016018,1.142806,-0.199108,0.018412,0.889007,0.114529,0.015659,1.015104,-0.192539,0.018360
1.089790,-0.042736,0.123843,1.284923,0.051880,0.120386,1.274152,-0.156937,0.127004,0.905429,0.071465,0.120683,0.894657,-0.137352,0.127300,1.225881,0.097146,0.015838,1.184117,-0.201098,0.023784,0.901038,0.113896,0.015655,1.016098,-0.192684,0.015789
1.100151,-0.043022,0.122134,1.295310,0.051519,0.118097,1.284479,-0.157279,0.125234,0.915823,0.071235,0.119035,0.904992,-0.137563,0.126172,1.227206,0.097091,0.015765,1.213417,-0.202269,0.033416,0.915267,0.113268,0.015675,1.017120,-0.192690,0.015782
1.110512,-0.043045,0.122378,1.305658,0.051529,0.118559,1.294858,-0.157237,0.126592,0.926165,0.071147,0.118165,0.915365,-0.137620,0.126197,1.228397,0.097117,0.015795,1.230618,-0.202724,0.041716,0.931888,0.112449,0.015594,1.018093,-0.192723,0.015889
1.120880,-0.042858,0.123925,1.316009,0.051779,0.120785,1.305242,-0.156940,0.130008,0.936518,0.071224,0.117843,0.925752,-0.137495,0.127065,1.229477,0.097164,0.015924,1.243546,-0.202934,0.048034,0.949226,0.111605,0.015595,1.019257,-0.192781,0.015988
1.131149,-0.042580,0.126032,1.326250,0.052138,0.123690,1.315517,-0.156522,0.134200,0.946781,0.071363,0.117864,0.936048,-0.137297,0.128374,1.230423,0.097210,0.015998,1.256984,-0.203147,0.053444,0.965778,0.110815,0.015855,1.020399,-0.192865,0.015973
1.141403,-0.042255,0.128168,1.336487,0.052513,0.126656,1.325741,-0.156083,0.138357,0.957065,0.071572,0.117979,0.946319,-0.137024,0.129680,1.231379,0.097303,0.016017,1.272851,-0.203427,0.058364,0.982105,0.110160,0.016299,1.021577,-0.192866,0.015871
1.151680,-0.041969,0.130154,1.346765,0.052807,0.129436,1.335949,-0.155717,0.142297,0.967410,0.071778,0.118012,0.956595,-0.136746,0.130873,1.232340,0.097342,0.015976,1.291353,-0.203892,0.062991,0.997317,0.109749,0.019503,1.022756,-0.192881,0.015655
1.162041,-0.041729,0.132070,1.357124,0.053054,0.132111,1.346231,-0.155400,0.146005,0.977851,0.071942,0.118135,0.966958,-0.136512,0.132030,1.233242,0.097389,0.015819,1.312100,-0.204466,0.067433,1.013206,0.109444,0.024169,1.023901,-0.192855,0.015688
1.172531,-0.041611,0.133901,1.367599,0.053201,0.134554,1.356657,-0.155185,0.149389,0.988406,0.071963,0.118412,0.977463,-0.136423,0.133248,1.234136,0.097385,0.015838,1.333847,-0.205230,0.070509,1.031925,0.108914,0.028633,1.025017,-0.192911,0.015776
1.183189,-0.041824,0.135274,1.378222,0.053054,0.136552,1.367283,-0.155303,0.151804,0.999096,0.071654,0.118744,0.988157,-0.136702,0.133996,1.235086,0.097378,0.016007,1.354896,-0.206269,0.070078,1.056879,0.107828,0.030949,1.026210,-0.192979,0.015900
1.193924,-0.042641,0.135535,1.388923,0.052299,0.137276,1.378031,-0.156090,0.152112,1.009816,0.070809,0.118958,0.998925,-0.137580,0.133794,1.236031,0.097286,0.016041,1.373248,-0.207863,0.062268,1.091591,0.105947,0.031668,1.027394,-0.193081,0.016002
1.204674,-0.044067,0.133950,1.399606,0.051013,0.135514,1.388932,-0.157473,0.149084,1.020415,0.069339,0.118816,1.009742,-0.139148,0.132386,1.237018,0.097165,0.016027,1.385174,-0.209896,0.041394,1.133513,0.103686,0.034804,1.028742,-0.193298,0.016046
1.215019,-0.045898,0.129897,1.409751,0.049604,0.129802,1.399712,-0.159045,0.141190,1.030326,0.067248,0.118605,1.020287,-0.141401,0.129992,1.241638,0.097050,0.015980,1.382072,-0.210610,0.015795,1.169492,0.101562,0.035052,1.030110,-0.193667,0.015956
