0.000765,0.000381,0.356383,0.188581,0.108633,0.349463,0.192867,-0.100171,0.361594,-0.191337,0.100934,0.351172,-0.187051,-0.107870,0.363302,0.197818,0.143625,0.164705,0.196906,-0.154852,0.202763,-0.211303,0.136265,0.182564,-0.192919,-0.162352,0.211382
0.002005,-0.000298,0.355982,0.189399,0.108723,0.349726,0.194490,-0.100195,0.359319,-0.190481,0.099600,0.352644,-0.185389,-0.109318,0.362237,0.214764,0.146285,0.163130,0.183717,-0.153145,0.203027,-0.219085,0.135772,0.164440,-0.174479,-0.163111,0.176098
0.004576,-0.000626,0.352851,0.192142,0.108088,0.346404,0.196900,-0.100840,0.355965,-0.187748,0.099588,0.349738,-0.182990,-0.109339,0.359299,0.199894,0.144167,0.136483,0.183819,-0.153756,0.200608,-0.219692,0.133756,0.117794,-0.168822,-0.164685,0.137283
0.006933,-0.000679,0.345558,0.194696,0.107679,0.338857,0.199085,-0.101147,0.350557,-0.185219,0.099789,0.340558,-0.180829,-0.109037,0.352258,0.172117,0.139729,0.106715,0.191165,-0.155810,0.190555,-0.206824,0.129897,0.073374,-0.168846,-0.168288,0.102899
0.008293,-0.000633,0.334035,0.196055,0.107730,0.327398,0.200444,-0.100925,0.341839,-0.183857,0.099659,0.326230,-0.179469,-0.108996,0.340671,0.152138,0.135219,0.079506,0.204264,-0.158055,0.173625,-0.189869,0.125309,0.040253,-0.171379,-0.172846,0.074071
0.009434,-0.000885,0.318995,0.197105,0.107668,0.312938,0.201658,-0.100957,0.327744,-0.182790,0.099187,0.310245,-0.178238,-0.109438,0.325051,0.143338,0.133567,0.052217,0.214483,-0.158999,0.148136,-0.186590,0.123696,0.014577,-0.174961,-0.174622,0.047742
0.011368,-0.003006,0.303927,0.197148,0.108374,0.292908,0.205200,-0.100314,0.305115,-0.182464,0.094302,0.302740,-0.174412,-0.114386,0.314947,0.136377,0.136088,0.027883,0.212904,-0.157084,0.108408,-0.185116,0.122985,0.015941,-0.184081,-0.177003,0.029751
0.014381,-0.005348,0.286854,0.198740,0.107280,0.267672,0.208625,-0.101431,0.277997,-0.179863,0.090735,0.295711,-0.169977,-0.117976,0.306037,0.125850,0.136932,0.015977,0.202378,-0.158052,0.060340,-0.180998,0.122395,0.015914,-0.190682,-0.178858,0.016079
0.018799,-0.006691,0.272753,0.201966,0.105618,0.243129,0.212051,-0.103114,0.252823,-0.174454,0.089732,0.292683,-0.164369,-0.119000,0.302377,0.124823,0.136892,0.015943,0.189791,-0.159935,0.033323,-0.156593,0.123629,0.023130,-0.190126,-0.179110,0.015706
0.024586,-0.007683,0.260425,0.206364,0.104235,0.222057,0.216440,-0.104523,0.231179,-0.167268,0.089157,0.289670,-0.157193,-0.119601,0.298793,0.124364,0.136817,0.015925,0.177746,-0.161270,0.017582,-0.100503,0.126712,0.033063,-0.189418,-0.179075,0.015648
0.031961,-0.008301,0.247991,0.212446,0.103346,0.203253,0.222521,-0.105428,0.212013,-0.158599,0.088826,0.283969,-0.148523,-0.119947,0.292728,0.124347,0.136776,0.015903,0.177878,-0.161356,0.015855,-0.046508,0.130046,0.052019,-0.188400,-0.179042,0.015606
0.040970,-0.008698,0.235784,0.220466,0.102770,0.186821,0.230521,-0.106017,0.195281,-0.148581,0.088622,0.276287,-0.138526,-0.120165,0.284748,0.124763,0.136776,0.015940,0.179421,-0.161288,0.015871,-0.012633,0.132195,0.066172,-0.187199,-0.178947,0.015802
0.050938,-0.009377,0.223523,0.229688,0.102070,0.171861,0.239730,-0.106741,0.179721,-0.137855,0.087988,0.267325,-0.127813,-0.120823,0.275185,0.125484,0.136725,0.015982,0.179850,-0.161326,0.015791,0.001875,0.132729,0.067743,-0.185915,-0.178913,0.015888
0.061199,-0.010429,0.211005,0.239545,0.101113,0.158163,0.249475,-0.107742,0.164920,-0.127076,0.086883,0.257091,-0.117146,-0.121972,0.263847,0.126420,0.136661,0.015985,0.180551,-0.161370,0.015729,0.004960,0.132268,0.058707,-0.184483,-0.178719,0.015918
0.071133,-0.011505,0.197821,0.249996,0.099544,0.145693,0.258881,-0.109404,0.150837,-0.116616,0.086394,0.244804,-0.107730,-0.122554,0.249948,0.127569,0.136647,0.015884,0.181410,-0.161528,0.015815,0.002466,0.132028,0.044372,-0.181158,-0.176943,0.015948
0.080221,-0.012169,0.183551,0.260340,0.098236,0.134470,0.268022,-0.110788,0.138317,-0.107580,0.086450,0.228786,-0.099898,-0.122574,0.232633,0.128779,0.136705,0.015794,0.182371,-0.161677,0.015866,-0.003132,0.132075,0.027626,-0.175218,-0.174664,0.024330
0.088230,-0.011864,0.167995,0.270003,0.098003,0.124074,0.276886,-0.111050,0.127844,-0.100426,0.087322,0.208147,-0.093543,-0.121730,0.211916,0.131481,0.136974,0.015931,0.183412,-0.161627,0.015941,-0.005416,0.132466,0.015879,-0.156969,-0.172437,0.038004
0.095781,-0.011864,0.153332,0.278831,0.098192,0.115628,0.285755,-0.110859,0.119405,-0.094193,0.087131,0.187259,-0.087268,-0.121920,0.191036,0.151175,0.137697,0.018810,0.184517,-0.161563,0.015964,-0.004469,0.132491,0.015960,-0.126312,-0.171224,0.051086
0.104136,-0.012192,0.140679,0.288465,0.098176,0.110970,0.295443,-0.110883,0.114173,-0.087172,0.086499,0.167186,-0.080194,-0.122560,0.170388,0.187297,0.138922,0.022325,0.185665,-0.161533,0.015909,-0.003626,0.132451,0.015902,-0.091766,-0.170175,0.056237
0.113783,-0.012466,0.129989,0.299289,0.098082,0.109794,0.306196,-0.110989,0.112334,-0.078630,0.086056,0.147644,-0.071723,-0.123015,0.150184,0.232209,0.140348,0.027858,0.186790,-0.161584,0.015812,-0.002756,0.132438,0.015719,-0.059682,-0.169255,0.054724
0.124559,-0.012558,0.121651,0.310761,0.098132,0.110793,0.317644,-0.110946,0.112745,-0.068525,0.085830,0.130557,-0.061642,-0.123248,0.132509,0.274275,0.141719,0.037045,0.187847,-0.161599,0.015909,-0.001810,0.132430,0.015651,-0.030979,-0.168493,0.049172
0.135944,-0.012566,0.115907,0.322355,0.098250,0.112402,0.329285,-0.110831,0.113804,-0.057396,0.085700,0.118011,-0.050466,-0.123381,0.119413,0.304240,0.142658,0.042738,0.188891,-0.161616,0.015978,-0.000696,0.132370,0.015782,-0.004104,-0.167835,0.042681
0.147633,-0.012192,0.112296,0.334081,0.098611,0.113303,0.340963,-0.110471,0.114728,-0.045697,0.086087,0.109864,-0.038815,-0.122995,0.111289,0.323127,0.143182,0.033394,0.189902,-0.161592,0.015952,0.000606,0.132447,0.015948,0.019237,-0.167066,0.036984
0.159166,-0.011223,0.109935,0.345641,0.099521,0.111911,0.352431,-0.109552,0.114547,-0.034099,0.087106,0.105322,-0.027309,-0.121967,0.107958,0.327570,0.143203,0.015992,0.190944,-0.161517,0.015910,0.002029,0.132630,0.015932,0.036883,-0.166354,0.029165
0.169947,-0.010666,0.111480,0.356264,0.100217,0.117122,0.363145,-0.108847,0.120204,-0.023252,0.087515,0.102757,-0.016371,-0.121549,0.105839,0.329059,0.143307,0.015737,0.191673,-0.161508,0.015821,0.003664,0.132601,0.015988,0.049533,-0.166189,0.015621
0.180328,-0.009865,0.118408,0.366287,0.101138,0.130205,0.373168,-0.107916,0.133899,-0.012511,0.088187,0.102918,-0.005630,-0.120867,0.106612,0.330410,0.143420,0.015967,0.192187,-0.161442,0.015798,0.000299,0.132621,0.019791,0.050928,-0.166092,0.015800
0.190147,-0.009117,0.128783,0.375283,0.102094,0.148733,0.382216,-0.106951,0.152856,-0.001921,0.088716,0.104709,0.005012,-0.120328,0.108832,0.331644,0.143513,0.015985,0.208681,-0.160890,0.015934,-0.004179,0.132789,0.036950,0.052341,-0.166075,0.015908
0.199955,-0.008270,0.140261,0.383686,0.103178,0.169649,0.390649,-0.105856,0.174233,0.009261,0.089316,0.106289,0.016224,-0.119718,0.110874,0.332890,0.143602,0.016006,0.237142,-0.159835,0.020151,0.000764,0.133445,0.057347,0.053817,-0.166036,0.015869
0.209723,-0.007133,0.151833,0.391542,0.104597,0.190551,0.398498,-0.104419,0.195885,0.020947,0.090153,0.107782,0.027903,-0.118864,0.113115,0.334146,0.143719,0.015839,0.260198,-0.158817,0.027178,0.012404,0.134456,0.072424,0.055439,-0.165916,0.015969
0.219151,-0.005852,0.163568,0.398702,0.106217,0.210928,0.405643,-0.102777,0.217117,0.032658,0.091073,0.110020,0.039599,-0.117920,0.116208,0.335391,0.143830,0.015765,0.282056,-0.157823,0.033148,0.025933,0.135613,0.085311,0.056997,-0.165808,0.015889
0.228022,-0.004562,0.175663,0.405215,0.107831,0.230540,0.412116,-0.101139,0.237496,0.043927,0.092014,0.113830,0.050829,-0.116956,0.120786,0.336635,0.143919,0.015826,0.307184,-0.156766,0.037382,0.039224,0.136839,0.098206,0.058309,-0.165707,0.015697
0.236374,-0.003334,0.187837,0.411348,0.109371,0.248852,0.418227,-0.099578,0.256451,0.054521,0.092910,0.119224,0.061400,-0.116039,0.126823,0.337886,0.143988,0.015964,0.336862,-0.155608,0.040669,0.051734,0.138053,0.111815,0.059351,-0.165648,0.015816
0.244337,-0.002121,0.199628,0.417461,0.110865,0.265229,0.424337,-0.098064,0.273359,0.064337,0.093822,0.125897,0.071214,-0.115107,0.134026,0.339174,0.144100,0.016019,0.371158,-0.154249,0.043954,0.062843,0.139213,0.124128,0.060074,-0.165583,0.015808
0.252153,-0.000916,0.210561,0.424012,0.112322,0.278993,0.430890,-0.096586,0.287643,0.073417,0.094755,0.133479,0.080294,-0.114153,0.142129,0.340514,0.144195,0.015962,0.408286,-0.152790,0.047435,0.071923,0.140142,0.131600,0.060502,-0.165549,0.015792
0.260015,0.000381,0.220158,0.431354,0.113839,0.289525,0.438225,-0.095045,0.298749,0.081806,0.095808,0.141568,0.088677,-0.113076,0.150792,0.341880,0.144326,0.015773,0.446431,-0.151189,0.052012,0.080315,0.141189,0.139572,0.060687,-0.165477,0.015783
0.268188,0.001778,0.228210,0.439910,0.115418,0.296318,0.446742,-0.093433,0.306278,0.089634,0.096988,0.150142,0.096467,-0.111863,0.160102,0.343150,0.144407,0.015925,0.483821,-0.149618,0.057314,0.087389,0.142069,0.142343,0.060657,-0.165444,0.015765
0.276890,0.003220,0.234779,0.449737,0.116986,0.299757,0.456547,-0.091828,0.310480,0.097233,0.098267,0.159079,0.104043,-0.110547,0.169802,0.344359,0.144514,0.016020,0.518364,-0.148057,0.062941,0.094072,0.142562,0.136969,0.060497,-0.165411,0.015780
0.286253,0.004723,0.239821,0.460820,0.118525,0.299959,0.467597,-0.090248,0.311488,0.104909,0.099693,0.168155,0.111686,-0.109079,0.179684,0.345397,0.144641,0.016016,0.547261,-0.146720,0.066752,0.103145,0.142660,0.122545,0.060243,-0.165344,0.015785
0.296366,0.006218,0.243344,0.473078,0.119932,0.297036,0.479794,-0.088792,0.309437,0.112937,0.101228,0.177251,0.119653,-0.107496,0.189652,0.346282,0.144706,0.015959,0.568534,-0.145888,0.067107,0.119231,0.142375,0.099688,0.059919,-0.165303,0.015775
0.307140,0.007568,0.245338,0.486187,0.121055,0.291209,0.492868,-0.087624,0.304372,0.121413,0.102761,0.186304,0.128093,-0.105918,0.199466,0.346993,0.144796,0.015882,0.581328,-0.145565,0.063251,0.147029,0.141986,0.072816,0.059564,-0.165263,0.015766
0.318375,0.008644,0.245531,0.499740,0.121773,0.282270,0.506442,-0.086867,0.296022,0.130307,0.104155,0.195039,0.137010,-0.104485,0.208792,0.347528,0.144891,0.015801,0.586215,-0.145766,0.054945,0.188083,0.141967,0.049156,0.059175,-0.165282,0.015737
0.329981,0.009338,0.243753,0.513367,0.122018,0.270472,0.520196,-0.086604,0.284430,0.139766,0.105280,0.203076,0.146595,-0.103342,0.217034,0.349071,0.145179,0.015821,0.584567,-0.146264,0.042427,0.234559,0.142853,0.037084,0.058836,-0.165261,0.015691
0.341856,0.009552,0.239687,0.526858,0.121659,0.255412,0.533816,-0.086963,0.269303,0.149896,0.106067,0.210070,0.156854,-0.102555,0.223961,0.350518,0.145401,0.015833,0.578332,-0.147187,0.027018,0.273961,0.144125,0.035010,0.058538,-0.165278,0.015685
0.353703,0.009323,0.232990,0.539673,0.120864,0.236818,0.546858,-0.087765,0.250480,0.160547,0.106412,0.215500,0.167732,-0.102218,0.229162,0.350949,0.145470,0.015862,0.573954,-0.147770,0.015862,0.300363,0.145007,0.035405,0.058526,-0.165531,0.015723
0.364883,0.009132,0.224722,0.551084,0.120176,0.218399,0.558443,-0.088441,0.232173,0.171324,0.106705,0.217271,0.178683,-0.101911,0.231044,0.353151,0.145405,0.015956,0.573269,-0.147766,0.016020,0.317051,0.145175,0.031760,0.063061,-0.165781,0.015756
0.375525,0.009125,0.214478,0.561547,0.119713,0.200091,0.569010,-0.088877,0.214196,0.182039,0.107127,0.214759,0.189502,-0.101464,0.228864,0.354975,0.145457,0.016009,0.572875,-0.147728,0.015948,0.324058,0.144780,0.022351,0.070458,-0.165629,0.017058
0.385529,0.009323,0.202081,0.571441,0.119233,0.182144,0.578610,-0.089331,0.196774,0.192447,0.107978,0.207388,0.199616,-0.100587,0.222017,0.359938,0.145899,0.016018,0.572669,-0.147805,0.015985,0.324886,0.144689,0.015935,0.081598,-0.163895,0.027233
0.395039,0.009300,0.188854,0.580725,0.119105,0.166390,0.588031,-0.089408,0.181672,0.202046,0.108009,0.196036,0.209352,-0.100504,0.211319,0.374891,0.146529,0.016808,0.572712,-0.147687,0.016007,0.325967,0.144741,0.015804,0.102903,-0.161868,0.047116
0.404734,0.009109,0.175575,0.590521,0.118953,0.154158,0.597818,-0.089522,0.169958,0.211650,0.107741,0.181191,0.218946,-0.100734,0.196991,0.394323,0.147739,0.022805,0.573106,-0.147661,0.016017,0.326964,0.144857,0.015888,0.135546,-0.159632,0.060152
0.414824,0.008553,0.162789,0.600866,0.118812,0.146291,0.608206,-0.089652,0.162219,0.221441,0.106757,0.163359,0.228781,-0.101707,0.179287,0.417118,0.149254,0.032442,0.573796,-0.147638,0.016097,0.327850,0.144854,0.015993,0.173746,-0.157937,0.065667
0.425447,0.007751,0.151308,0.611674,0.118683,0.143892,0.618985,-0.089812,0.159418,0.231910,0.105315,0.143198,0.239221,-0.103180,0.158723,0.444160,0.150715,0.040518,0.574756,-0.147637,0.016119,0.328699,0.144844,0.016047,0.211323,-0.156549,0.067586
0.436813,0.006897,0.142015,0.622612,0.118666,0.147274,0.629882,-0.089892,0.161951,0.243744,0.103686,0.122078,0.251015,-0.104872,0.136755,0.475455,0.151838,0.043714,0.575849,-0.147640,0.015946,0.329464,0.144802,0.016035,0.243817,-0.155603,0.067262
0.448820,0.006340,0.135978,0.633102,0.118941,0.156037,0.640322,-0.089676,0.169877,0.257318,0.102356,0.102079,0.264538,-0.106261,0.115919,0.511179,0.152763,0.042459,0.576977,-0.147665,0.015827,0.330272,0.144746,0.015977,0.269927,-0.155133,0.063446
0.460855,0.006226,0.134308,0.642453,0.119531,0.169312,0.649612,-0.089132,0.182464,0.272099,0.101584,0.086152,0.279258,-0.107080,0.099304,0.550875,0.153930,0.041981,0.578068,-0.147663,0.015729,0.331321,0.144749,0.015819,0.291264,-0.154878,0.057362
0.472193,0.006516,0.137212,0.650362,0.120418,0.185411,0.657512,-0.088272,0.198148,0.286873,0.101303,0.076275,0.294023,-0.107387,0.089012,0.589929,0.155376,0.045621,0.579127,-0.147650,0.015765,0.332859,0.144735,0.015577,0.310111,-0.154729,0.050803
0.482458,0.007034,0.143600,0.657304,0.121369,0.201889,0.664470,-0.087336,0.214361,0.300446,0.101405,0.072838,0.307612,-0.107300,0.085310,0.621903,0.156527,0.048196,0.580152,-0.147643,0.015990,0.334874,0.144741,0.015891,0.328264,-0.154691,0.042777
0.491953,0.007484,0.151642,0.664515,0.121971,0.216111,0.671704,-0.086761,0.228117,0.312202,0.101730,0.075167,0.319390,-0.107002,0.087173,0.644539,0.156977,0.044738,0.581148,-0.147631,0.016033,0.337176,0.144747,0.016137,0.344870,-0.154775,0.033299
0.501453,0.007591,0.159442,0.673181,0.121851,0.226490,0.680333,-0.086931,0.237601,0.322574,0.102114,0.081284,0.329726,-0.106669,0.092394,0.657341,0.156640,0.034636,0.582164,-0.147627,0.016007,0.339413,0.144759,0.016035,0.360336,-0.155095,0.018471
0.511423,0.007965,0.165646,0.683884,0.121734,0.231639,0.690557,-0.087073,0.242587,0.332289,0.103003,0.088706,0.338962,-0.105803,0.099653,0.658709,0.155262,0.017965,0.584213,-0.147875,0.016226,0.341184,0.144996,0.015706,0.362580,-0.154974,0.015929
0.521397,0.008705,0.171174,0.694618,0.122506,0.235087,0.701390,-0.086292,0.246136,0.341404,0.103702,0.096212,0.348175,-0.105096,0.107261,0.659756,0.155317,0.015935,0.594549,-0.147402,0.017319,0.341814,0.145322,0.021925,0.363854,-0.154962,0.015852
0.530798,0.009468,0.178033,0.704284,0.123296,0.241176,0.711071,-0.085494,0.252362,0.350525,0.104431,0.103704,0.357312,-0.104360,0.114890,0.660785,0.155345,0.015762,0.616358,-0.146563,0.019964,0.344346,0.146700,0.046428,0.364871,-0.154969,0.015659
0.539951,0.010162,0.186316,0.713443,0.123993,0.249439,0.720261,-0.084800,0.260558,0.359642,0.105125,0.112075,0.366460,-0.103668,0.123193,0.661876,0.155404,0.015761,0.645500,-0.145323,0.025028,0.352701,0.148615,0.077850,0.365683,-0.154954,0.015736
0.549152,0.010818,0.195621,0.722587,0.124614,0.258962,0.729410,-0.084187,0.269934,0.368895,0.105824,0.121308,0.375717,-0.102977,0.132279,0.663035,0.155434,0.015918,0.678476,-0.143945,0.030965,0.364842,0.150491,0.107274,0.366274,-0.154946,0.015730
0.558559,0.011490,0.205479,0.732057,0.125230,0.268748,0.738872,-0.083579,0.279578,0.378247,0.106558,0.131380,0.385062,-0.102250,0.142210,0.664247,0.155444,0.016025,0.716961,-0.142382,0.037548,0.376767,0.151923,0.129026,0.366649,-0.154944,0.015765
0.568285,0.012123,0.215087,0.742134,0.125790,0.277516,0.748965,-0.083026,0.288181,0.387605,0.107272,0.141994,0.394436,-0.101544,0.152659,0.665517,0.155462,0.016022,0.758309,-0.140698,0.044543,0.386122,0.152639,0.139682,0.366825,-0.154973,0.015766
0.578356,0.012825,0.223578,0.752992,0.126383,0.283975,0.759814,-0.082437,0.294564,0.396897,0.108087,0.152591,0.403719,-0.100733,0.163180,0.666797,0.155507,0.015913,0.799968,-0.138949,0.052174,0.395043,0.153326,0.147993,0.366835,-0.154945,0.015775
0.588896,0.013512,0.230461,0.764836,0.126944,0.287200,0.771679,-0.081876,0.297786,0.406113,0.108899,0.163135,0.412956,-0.099921,0.173721,0.668004,0.155546,0.015817,0.838726,-0.137299,0.059354,0.403198,0.153535,0.147324,0.366728,-0.154975,0.015788
0.600016,0.014214,0.235442,0.777697,0.127441,0.286919,0.784515,-0.081375,0.297604,0.415517,0.109802,0.173280,0.422334,-0.099014,0.183964,0.669051,0.155563,0.015965,0.870426,-0.136087,0.063413,0.413296,0.153371,0.136308,0.366542,-0.154974,0.015794
0.611778,0.014915,0.238478,0.791441,0.127888,0.283193,0.798249,-0.080920,0.294022,0.425307,0.110751,0.182934,0.432115,-0.098057,0.193763,0.669965,0.155607,0.016020,0.892250,-0.135422,0.062033,0.429853,0.152967,0.116059,0.366299,-0.154968,0.015792
0.624035,0.015511,0.239503,0.805778,0.128121,0.275966,0.812552,-0.080682,0.286931,0.435518,0.111703,0.192076,0.442292,-0.097099,0.203041,0.670732,0.155626,0.016028,0.903611,-0.135494,0.054046,0.458684,0.152565,0.088753,0.366025,-0.154944,0.015786
0.636539,0.015938,0.238336,0.820208,0.128167,0.265012,0.827061,-0.080633,0.275979,0.446018,0.112508,0.200693,0.452871,-0.096292,0.211660,0.671407,0.155742,0.016004,0.904727,-0.136088,0.038626,0.503357,0.152663,0.062384,0.365721,-0.154977,0.015789
0.649223,0.015892,0.234971,0.834491,0.127584,0.250526,0.841354,-0.081224,0.261340,0.457092,0.113008,0.208601,0.463956,-0.095800,0.219415,0.672000,0.155631,0.015965,0.897338,-0.137469,0.019006,0.554659,0.153443,0.048188,0.365384,-0.155121,0.015777
0.661888,0.015739,0.230091,0.848073,0.126902,0.234466,0.854978,-0.081923,0.244903,0.468798,0.113402,0.215278,0.475703,-0.095424,0.225715,0.672654,0.155709,0.015896,0.896035,-0.137544,0.015875,0.595748,0.154645,0.045495,0.365137,-0.155106,0.015740
0.673836,0.015869,0.224868,0.860281,0.126572,0.219947,0.867182,-0.082252,0.230403,0.480490,0.113991,0.219333,0.487391,-0.094834,0.229789,0.673349,0.155703,0.015769,0.895649,-0.137585,0.015878,0.623519,0.155472,0.044049,0.365260,-0.155119,0.015757
0.685097,0.016014,0.218214,0.871382,0.126329,0.205196,0.878311,-0.082490,0.215740,0.491882,0.114519,0.220688,0.498811,-0.094301,0.231232,0.674058,0.155753,0.015845,0.895379,-0.137551,0.015841,0.639845,0.155791,0.039083,0.366604,-0.155105,0.015685
0.695713,0.016220,0.209496,0.881584,0.126230,0.189721,0.888594,-0.082568,0.200611,0.502832,0.115009,0.218381,0.509842,-0.093790,0.229271,0.674844,0.155764,0.015964,0.895207,-0.137521,0.015827,0.646745,0.155512,0.029224,0.374193,-0.155024,0.015648
0.705227,0.016327,0.198852,0.890579,0.126110,0.173680,0.897710,-0.082663,0.184986,0.512743,0.115317,0.212718,0.519875,-0.093456,0.224023,0.675576,0.155773,0.016059,0.895098,-0.137455,0.015828,0.644921,0.155050,0.022042,0.387731,-0.154402,0.022935
0.713974,0.016586,0.187039,0.899222,0.125979,0.159518,0.906121,-0.082776,0.171290,0.521827,0.115948,0.202788,0.528726,-0.092806,0.214559,0.687511,0.156443,0.016114,0.895179,-0.137446,0.015915,0.645026,0.155021,0.015778,0.409473,-0.152127,0.040188
0.722948,0.016624,0.174690,0.908307,0.126142,0.148441,0.915318,-0.082577,0.160765,0.530578,0.115826,0.188615,0.537589,-0.092893,0.200939,0.701034,0.157276,0.022133,0.895605,-0.137344,0.015958,0.645960,0.155056,0.015864,0.442487,-0.150296,0.054373
0.732410,0.016289,0.162419,0.918235,0.126156,0.141457,0.925283,-0.082551,0.153947,0.539537,0.115129,0.170890,0.546586,-0.093579,0.183381,0.721468,0.158525,0.032113,0.896347,-0.137338,0.016051,0.646821,0.155038,0.015970,0.482056,-0.148689,0.060173
0.742521,0.015633,0.150957,0.928841,0.126085,0.139722,0.935865,-0.082647,0.151814,0.549178,0.113912,0.150101,0.556201,-0.094820,0.162193,0.746459,0.159813,0.041535,0.897305,-0.137358,0.016107,0.647645,0.155011,0.016048,0.521540,-0.147320,0.062386
0.753473,0.014793,0.141353,0.939696,0.125953,0.143807,0.946673,-0.082837,0.154896,0.560274,0.112423,0.127809,0.567251,-0.096366,0.138899,0.775894,0.160836,0.046248,0.898424,-0.137364,0.016037,0.648383,0.154970,0.016022,0.555842,-0.146343,0.062537
0.765160,0.014153,0.134867,0.950067,0.125934,0.153713,0.956959,-0.082912,0.163722,0.573360,0.111217,0.106011,0.580252,-0.097629,0.116020,0.809551,0.161628,0.045287,0.899586,-0.137417,0.015898,0.649147,0.154929,0.015951,0.583462,-0.145797,0.058707
0.776962,0.013863,0.132861,0.959026,0.126146,0.168731,0.965872,-0.082745,0.177819,0.588052,0.110470,0.087903,0.594899,-0.098420,0.096991,0.847882,0.162543,0.042844,0.900678,-0.137450,0.015745,0.650090,0.154883,0.015774,0.606157,-0.145567,0.051062
0.788012,0.013863,0.135885,0.966126,0.126449,0.187272,0.972922,-0.082474,0.195622,0.603101,0.110199,0.076148,0.609897,-0.098724,0.084498,0.887990,0.163697,0.044145,0.901719,-0.137488,0.015781,0.651483,0.154865,0.015643,0.625999,-0.145379,0.042747
0.797775,0.014046,0.143114,0.971675,0.126833,0.206982,0.978502,-0.082111,0.214757,0.617048,0.110202,0.071470,0.623876,-0.098741,0.079245,0.923573,0.164835,0.047571,0.902752,-0.137494,0.015834,0.653457,0.154831,0.015939,0.644304,-0.145247,0.034441
0.806318,0.014114,0.152689,0.976931,0.126832,0.224988,0.983757,-0.082139,0.232012,0.628880,0.110367,0.073366,0.635706,-0.098603,0.080390,0.949478,0.165422,0.046063,0.903754,-0.137513,0.015966,0.655731,0.154818,0.016037,0.660749,-0.145170,0.024315
0.814596,0.013840,0.162491,0.983652,0.126148,0.238965,0.990424,-0.082861,0.244800,0.638768,0.110540,0.080183,0.645541,-0.098469,0.086018,0.965376,0.165474,0.039294,0.904743,-0.137516,0.015988,0.657950,0.154859,0.015927,0.670300,-0.145123,0.015633
0.823463,0.013992,0.171343,0.993738,0.125324,0.246529,0.998840,-0.083699,0.253443,0.648087,0.111684,0.089242,0.653189,-0.097340,0.096156,0.969006,0.162881,0.024982,0.915265,-0.139066,0.016495,0.659792,0.155027,0.015761,0.671529,-0.145037,0.015853
0.832874,0.014740,0.178267,1.004489,0.125902,0.250604,1.009205,-0.083110,0.258103,0.656543,0.112590,0.098430,0.661260,-0.096422,0.105930,0.967400,0.162128,0.015710,0.933044,-0.138814,0.021372,0.660334,0.155352,0.019986,0.672605,-0.144892,0.015763
0.842150,0.015450,0.185280,1.014402,0.126670,0.255993,1.019108,-0.082331,0.263803,0.665191,0.113230,0.106757,0.669898,-0.095771,0.114567,0.968397,0.162152,0.015799,0.951153,-0.138268,0.025254,0.661749,0.156132,0.039493,0.673512,-0.144874,0.015797
0.851225,0.016045,0.193550,1.023849,0.127260,0.263357,1.028542,-0.081738,0.271258,0.673908,0.113827,0.115842,0.678600,-0.095171,0.123742,0.969477,0.162177,0.015865,0.975335,-0.137543,0.030084,0.667488,0.157325,0.066865,0.674189,-0.144844,0.015812
0.860361,0.016541,0.202803,1.033317,0.127717,0.271848,1.038005,-0.081283,0.279707,0.682717,0.114364,0.125899,0.687405,-0.094636,0.133758,0.970644,0.162183,0.015988,1.005746,-0.136663,0.036021,0.676987,0.158566,0.094962,0.674646,-0.144850,0.015828
0.869722,0.017090,0.212274,1.043165,0.128238,0.280133,1.047877,-0.080763,0.287951,0.691568,0.114943,0.136597,0.696279,-0.094058,0.144415,0.971887,0.162244,0.016000,1.041781,-0.135575,0.042497,0.687692,0.159684,0.118822,0.674876,-0.144845,0.015806
0.879396,0.017685,0.221057,1.053723,0.128799,0.286670,1.058446,-0.080199,0.294550,0.700347,0.115569,0.147565,0.705070,-0.093429,0.155444,0.973150,0.162265,0.015912,1.081301,-0.134424,0.049250,0.697535,0.160526,0.135017,0.674920,-0.144869,0.015809
0.889502,0.018333,0.228485,1.065194,0.129377,0.290474,1.069928,-0.079618,0.298433,0.709075,0.116285,0.158537,0.713809,-0.092710,0.166496,0.974363,0.162354,0.015819,1.121133,-0.133181,0.056140,0.706141,0.161058,0.141342,0.674836,-0.144826,0.015821
0.900187,0.019012,0.234125,1.077683,0.129958,0.290933,1.082415,-0.079029,0.299100,0.717958,0.117054,0.169151,0.722690,-0.091933,0.177318,0.975427,0.162391,0.015909,1.156842,-0.132125,0.061513,0.715360,0.161226,0.136772,0.674655,-0.144828,0.015825
0.911577,0.019730,0.237819,1.091150,0.130522,0.288016,1.095861,-0.078453,0.296476,0.727293,0.117913,0.179161,0.732005,-0.091063,0.187621,0.976348,0.162421,0.015996,1.184126,-0.131430,0.062619,0.729194,0.161117,0.121425,0.674432,-0.144815,0.015831
0.923615,0.020378,0.239553,1.105349,0.130965,0.281795,1.110075,-0.078001,0.290494,0.737154,0.118757,0.188612,0.741880,-0.090208,0.197311,0.977181,0.162502,0.016011,1.200995,-0.131133,0.057785,0.752995,0.160823,0.097488,0.674198,-0.144795,0.015826
0.936043,0.020836,0.239193,1.119905,0.131096,0.272035,1.124616,-0.077862,0.280904,0.747469,0.119534,0.197482,0.752181,-0.089425,0.206350,0.977831,0.162529,0.015995,1.207346,-0.131462,0.046161,0.791482,0.160662,0.071013,0.673934,-0.144778,0.015821
0.948677,0.021034,0.236615,1.134376,0.130910,0.258621,1.139131,-0.078049,0.267453,0.758223,0.120118,0.205777,0.762978,-0.088841,0.214609,0.978390,0.162607,0.015962,1.204087,-0.132184,0.028260,0.841515,0.161033,0.052397,0.673651,-0.144778,0.015816
0.961538,0.020851,0.232027,1.148571,0.130203,0.242138,1.153286,-0.078767,0.250738,0.769791,0.120470,0.213316,0.774506,-0.088500,0.221916,0.978959,0.162565,0.015910,1.199244,-0.132892,0.015979,0.886812,0.161748,0.046583,0.673382,-0.144765,0.015780
0.973827,0.020958,0.226788,1.161380,0.129884,0.226298,1.166093,-0.079084,0.234953,0.781561,0.121000,0.218624,0.786275,-0.087968,0.227279,0.979586,0.162567,0.015818,1.198743,-0.132922,0.015849,0.919507,0.162436,0.045389,0.673404,-0.144778,0.015686
0.985428,0.021210,0.220645,1.172971,0.129752,0.211292,1.177671,-0.079207,0.220169,0.793185,0.121627,0.221121,0.797885,-0.087332,0.229997,0.980297,0.162615,0.015792,1.198435,-0.132923,0.015837,0.939871,0.162809,0.041754,0.673635,-0.144730,0.015761
0.996426,0.021408,0.212830,1.183647,0.129633,0.196199,1.188365,-0.079313,0.205357,0.804487,0.122129,0.220302,0.809204,-0.086817,0.229460,0.981032,0.162662,0.015910,1.198247,-0.132902,0.015813,0.950835,0.162752,0.033515,0.677552,-0.144664,0.015692
1.006802,0.021645,0.202894,1.193602,0.129614,0.180775,1.198352,-0.079312,0.190354,0.815251,0.122601,0.215433,0.820001,-0.086325,0.225012,0.982689,0.162776,0.016041,1.198179,-0.132829,0.015791,0.952148,0.162385,0.022655,0.688692,-0.144394,0.016193
1.016413,0.022034,0.190949,1.203149,0.129574,0.166334,1.207609,-0.079333,0.176464,0.825216,0.123401,0.205434,0.829677,-0.085506,0.215564,0.989859,0.163245,0.016015,1.198271,-0.132833,0.015885,0.952373,0.162435,0.015828,0.707119,-0.142599,0.030731
1.025879,0.022255,0.177854,1.212650,0.129834,0.153682,1.217211,-0.079029,0.164629,0.834547,0.123539,0.191079,0.839108,-0.085325,0.202026,1.005753,0.163815,0.019631,1.198659,-0.132750,0.015949,0.953377,0.162472,0.015834,0.738184,-0.141172,0.047089
1.035645,0.022087,0.164796,1.222815,0.129832,0.144814,1.227332,-0.079014,0.156103,0.843957,0.123188,0.173489,0.848474,-0.085658,0.184778,1.026275,0.164811,0.028306,1.199332,-0.132715,0.016085,0.954401,0.162586,0.015911,0.777907,-0.139704,0.055416
1.045885,0.021530,0.152654,1.233502,0.129732,0.141108,1.238005,-0.079122,0.152258,0.853765,0.122182,0.153049,0.858268,-0.086672,0.164199,1.050881,0.165823,0.038142,1.200250,-0.132731,0.016085,0.955278,0.162579,0.015986,0.818451,-0.138670,0.059038
1.056839,0.020721,0.142409,1.244462,0.129523,0.143370,1.248917,-0.079372,0.153756,0.864761,0.120814,0.131061,0.869216,-0.088080,0.141447,1.079786,0.166610,0.044447,1.201352,-0.132748,0.016069,0.956038,0.162556,0.015991,0.854183,-0.137936,0.060617
1.068512,0.020012,0.135228,1.255059,0.129416,0.151715,1.259464,-0.079525,0.161125,0.877560,0.119549,0.109330,0.881964,-0.089393,0.118740,1.112819,0.167127,0.045215,1.202517,-0.132771,0.015928,0.956777,0.162521,0.015968,0.883006,-0.137570,0.058946
1.080462,0.019630,0.132368,1.264480,0.129567,0.165418,1.268867,-0.079409,0.174030,0.892056,0.118670,0.090706,0.896443,-0.090307,0.099319,1.150433,0.167642,0.043361,1.203641,-0.132799,0.015774,0.957674,0.162460,0.015817,0.906116,-0.137508,0.053065
1.091848,0.019577,0.134481,1.272165,0.129904,0.183008,1.276530,-0.079097,0.191027,0.907167,0.118251,0.077936,0.911531,-0.090750,0.085954,1.190515,0.168375,0.044404,1.204698,-0.132814,0.015775,0.958978,0.162437,0.015651,0.925947,-0.137485,0.045745
1.102064,0.019684,0.140969,1.278298,0.130267,0.202240,1.282674,-0.078752,0.209755,0.921454,0.118120,0.072183,0.925830,-0.090899,0.079699,1.226994,0.169140,0.048105,1.205729,-0.132825,0.015833,0.960853,0.162410,0.015909,0.944325,-0.137503,0.037957
1.111031,0.019775,0.150082,1.283874,0.130395,0.220295,1.288228,-0.078644,0.227256,0.933833,0.118195,0.072908,0.938188,-0.090844,0.079870,1.254638,0.169522,0.047675,1.206738,-0.132863,0.015956,0.963127,0.162396,0.016019,0.961111,-0.137550,0.028862
1.119583,0.019524,0.159725,1.290503,0.129870,0.234900,1.294825,-0.079200,0.240872,0.944341,0.118248,0.078578,0.948663,-0.090822,0.084551,1.272665,0.169455,0.041531,1.207736,-0.132903,0.015991,0.965452,0.162376,0.016038,0.975772,-0.137702,0.015886
1.128494,0.019432,0.168515,1.299747,0.129185,0.243801,1.303310,-0.079897,0.249844,0.953679,0.118761,0.087185,0.957242,-0.090321,0.093229,1.279453,0.168111,0.029161,1.213840,-0.133657,0.015983,0.967318,0.162406,0.015796,0.977248,-0.137691,0.015886
1.138109,0.020203,0.175204,1.311071,0.129676,0.246905,1.313849,-0.079378,0.254201,0.962370,0.119783,0.096207,0.965148,-0.089271,0.103503,1.275425,0.166617,0.015748,1.230964,-0.134185,0.018549,0.968836,0.162572,0.016577,0.978318,-0.137641,0.015740
1.147663,0.021027,0.181711,1.321480,0.130619,0.251124,1.324247,-0.078415,0.258981,0.971079,0.120468,0.104440,0.973846,-0.088566,0.112298,1.276372,0.166663,0.015810,1.250556,-0.133814,0.021215,0.969079,0.163274,0.033836,0.979289,-0.137607,0.015810
