0.003731,0.002449,0.344539,0.191987,0.110014,0.350075,0.195306,-0.099155,0.348630,-0.187844,0.104053,0.340449,-0.184525,-0.105116,0.339003,0.192344,0.156905,0.143361,0.201105,-0.143091,0.141950,-0.163195,0.151436,0.118358,-0.172864,-0.149032,0.142922
0.007454,0.003459,0.334961,0.194536,0.112926,0.342624,0.200066,-0.096169,0.338948,-0.185158,0.103087,0.330975,-0.179628,-0.106008,0.327298,0.197437,0.162450,0.116547,0.184525,-0.138124,0.115485,-0.155791,0.153500,0.094207,-0.147007,-0.146666,0.102548
0.014069,0.004649,0.322032,0.199916,0.115973,0.332470,0.207644,-0.093025,0.327474,-0.179507,0.102323,0.316590,-0.171779,-0.106674,0.311595,0.188839,0.166792,0.092576,0.158639,-0.134696,0.091728,-0.172316,0.154206,0.060440,-0.158845,-0.145710,0.061417
0.021034,0.005920,0.305073,0.205690,0.118768,0.319522,0.215321,-0.090121,0.313436,-0.173252,0.101962,0.296710,-0.163621,-0.106927,0.290624,0.173883,0.170351,0.061017,0.149428,-0.131648,0.072192,-0.201312,0.153918,0.031338,-0.175940,-0.145017,0.016203
0.027290,0.009384,0.287777,0.212742,0.121348,0.298404,0.221113,-0.087661,0.295284,-0.166532,0.106429,0.280270,-0.158161,-0.102580,0.277150,0.163838,0.168958,0.025275,0.160117,-0.131972,0.052512,-0.227705,0.153418,0.015766,-0.174694,-0.144831,0.015691
0.036987,0.012072,0.277338,0.222656,0.124127,0.280762,0.230980,-0.084902,0.279332,-0.157006,0.109046,0.275344,-0.148682,-0.099984,0.273914,0.163856,0.169085,0.015867,0.161961,-0.131489,0.038361,-0.226888,0.153525,0.015919,-0.173993,-0.144714,0.015915
0.049660,0.013056,0.274652,0.235339,0.125146,0.274922,0.243678,-0.083885,0.273850,-0.144358,0.109996,0.275455,-0.136020,-0.099035,0.274382,0.164331,0.169129,0.015936,0.161581,-0.131412,0.033197,-0.218053,0.153844,0.021941,-0.173481,-0.144690,0.015880
0.064171,0.013885,0.277247,0.249849,0.125979,0.277146,0.258189,-0.083053,0.276273,-0.129848,0.110824,0.278221,-0.121507,-0.098208,0.277349,0.165568,0.169193,0.015820,0.177705,-0.130753,0.037175,-0.187832,0.155052,0.025377,-0.173168,-0.144664,0.015895
0.079872,0.015230,0.281679,0.265552,0.127319,0.281014,0.273887,-0.081715,0.280686,-0.114143,0.112175,0.282672,-0.105807,-0.096858,0.282344,0.167044,0.169293,0.015905,0.204218,-0.129605,0.042341,-0.139079,0.157065,0.029147,-0.173155,-0.144612,0.015942
0.095406,0.016809,0.283479,0.281263,0.128582,0.281265,0.289255,-0.080463,0.282201,-0.098444,0.114080,0.284758,-0.090452,-0.094965,0.285694,0.179587,0.168991,0.015883,0.233387,-0.129161,0.041278,-0.085118,0.158946,0.032905,-0.167389,-0.144589,0.017798
0.110687,0.018066,0.281870,0.297236,0.128654,0.278545,0.303910,-0.080435,0.279953,-0.082536,0.116567,0.283787,-0.075862,-0.092521,0.285194,0.194164,0.169070,0.015848,0.263195,-0.128852,0.035835,-0.038606,0.161768,0.034829,-0.154412,-0.142303,0.017846
0.126312,0.018836,0.277415,0.313764,0.127858,0.273254,0.318693,-0.081279,0.274667,-0.066069,0.118951,0.280163,-0.061139,-0.090186,0.281576,0.197396,0.168840,0.015961,0.291073,-0.129060,0.028098,-0.002128,0.164253,0.033107,-0.144037,-0.139399,0.015862
0.142609,0.019345,0.270614,0.330172,0.128088,0.264609,0.334807,-0.081056,0.266086,-0.049590,0.119746,0.275142,-0.044955,-0.089397,0.276619,0.198278,0.168872,0.015970,0.304501,-0.128955,0.015972,0.026546,0.165139,0.026341,-0.142476,-0.138861,0.015932
0.158676,0.020611,0.264003,0.346164,0.129442,0.257260,0.350929,-0.079691,0.259570,-0.033576,0.120913,0.268436,-0.028811,-0.088220,0.270745,0.207037,0.169071,0.015972,0.305228,-0.128889,0.015866,0.040262,0.165271,0.015929,-0.138302,-0.138997,0.015667
0.173759,0.021539,0.261039,0.361247,0.130342,0.253863,0.366002,-0.078786,0.256665,-0.018483,0.121863,0.265413,-0.013728,-0.087264,0.268215,0.238634,0.169893,0.020503,0.306145,-0.128839,0.015854,0.041587,0.165351,0.015861,-0.122646,-0.138584,0.016104
0.189178,0.021525,0.262182,0.376681,0.130327,0.255383,0.381419,-0.078805,0.257882,-0.003062,0.121856,0.266481,0.001676,-0.087276,0.268981,0.281222,0.170966,0.032546,0.307344,-0.128839,0.015946,0.042648,0.165362,0.015931,-0.103439,-0.137989,0.029089
0.205177,0.020997,0.265942,0.392705,0.129828,0.260439,0.397441,-0.079311,0.262194,0.012913,0.121305,0.269689,0.017649,-0.087834,0.271444,0.320458,0.171849,0.045248,0.308768,-0.128850,0.015906,0.043477,0.165329,0.015752,-0.074850,-0.137345,0.038733
0.221268,0.020317,0.270294,0.408818,0.129173,0.266259,0.413553,-0.079971,0.267176,0.028982,0.120605,0.273412,0.033717,-0.088539,0.274329,0.359205,0.172576,0.052719,0.310334,-0.128872,0.015857,0.044207,0.165282,0.015616,-0.036909,-0.136627,0.040088
0.237251,0.019733,0.273759,0.424813,0.128608,0.270918,0.429552,-0.080538,0.271097,0.044950,0.120005,0.276420,0.049689,-0.089141,0.276600,0.401028,0.173348,0.057485,0.311911,-0.128884,0.015960,0.044915,0.165243,0.015695,0.007043,-0.135773,0.038268
0.253067,0.019343,0.275449,0.440634,0.128223,0.273255,0.445372,-0.080923,0.272861,0.060762,0.119609,0.278037,0.065500,-0.089537,0.277643,0.443276,0.174148,0.059323,0.313426,-0.128890,0.015962,0.045660,0.165223,0.015841,0.054848,-0.134785,0.035948
0.268745,0.019250,0.274452,0.456312,0.128128,0.272118,0.461043,-0.081017,0.271379,0.076448,0.119517,0.277525,0.081179,-0.089628,0.276787,0.481868,0.174930,0.056257,0.314815,-0.128884,0.015825,0.046473,0.165225,0.015947,0.104488,-0.133705,0.034022
0.284317,0.019485,0.270047,0.471939,0.128232,0.266453,0.476520,-0.080916,0.265681,0.092114,0.119885,0.274413,0.096695,-0.089263,0.273641,0.512123,0.175387,0.045963,0.316391,-0.128962,0.015760,0.048174,0.165338,0.015995,0.151428,-0.132638,0.033132
0.300285,0.020272,0.262713,0.487934,0.128890,0.257124,0.492367,-0.080262,0.256478,0.108204,0.120806,0.268949,0.112637,-0.088346,0.268303,0.527051,0.175904,0.022805,0.322008,-0.128589,0.015820,0.050143,0.165817,0.015935,0.188764,-0.131456,0.029647
0.316475,0.020463,0.255199,0.504155,0.129013,0.249363,0.508505,-0.080140,0.248517,0.124445,0.121066,0.261881,0.128794,-0.088087,0.261035,0.527777,0.175908,0.016066,0.334629,-0.128275,0.015777,0.051494,0.166004,0.015847,0.211563,-0.130853,0.020470
0.332397,0.020097,0.250749,0.520056,0.128704,0.245291,0.524453,-0.080445,0.243876,0.140342,0.120638,0.257622,0.144739,-0.088511,0.256207,0.528400,0.175893,0.015931,0.364418,-0.127725,0.015526,0.052442,0.165888,0.015893,0.212843,-0.130914,0.015887
0.348351,0.021104,0.250527,0.536036,0.129673,0.245229,0.540408,-0.079479,0.244354,0.156293,0.121687,0.256701,0.160665,-0.087465,0.255825,0.529369,0.175954,0.015945,0.384033,-0.127275,0.021442,0.063402,0.166214,0.015833,0.214038,-0.130805,0.015862
0.364281,0.023194,0.253376,0.551990,0.131725,0.248132,0.556360,-0.077429,0.248716,0.172201,0.123817,0.258036,0.176571,-0.085336,0.258619,0.530602,0.176090,0.015845,0.402294,-0.126721,0.029008,0.088192,0.166847,0.015970,0.214976,-0.130671,0.015726
0.380554,0.026143,0.258293,0.568300,0.134612,0.253079,0.572650,-0.074526,0.255767,0.188459,0.126812,0.260819,0.192808,-0.082326,0.263507,0.531992,0.176270,0.015798,0.418616,-0.125991,0.038084,0.119636,0.167739,0.019282,0.215701,-0.130500,0.015614
0.397163,0.029643,0.264326,0.584949,0.138039,0.259045,0.589261,-0.071053,0.264180,0.205066,0.130339,0.264471,0.209378,-0.078753,0.269606,0.533470,0.176479,0.015844,0.437484,-0.124984,0.047218,0.154867,0.168885,0.024534,0.216242,-0.130321,0.015656
0.413841,0.033358,0.270674,0.601679,0.141655,0.265220,0.605914,-0.067362,0.272861,0.221769,0.134078,0.268486,0.226003,-0.074940,0.276127,0.534960,0.176682,0.015987,0.461340,-0.123768,0.054383,0.190691,0.170318,0.032695,0.216604,-0.130141,0.015686
0.430267,0.036875,0.276429,0.618153,0.145086,0.270918,0.622306,-0.063838,0.280819,0.238229,0.137588,0.272039,0.242381,-0.071336,0.281940,0.536477,0.176893,0.016016,0.491586,-0.122487,0.058397,0.226216,0.171959,0.042038,0.216866,-0.129969,0.015738
0.446152,0.039880,0.280403,0.634162,0.147882,0.275026,0.638073,-0.060953,0.286743,0.254231,0.140713,0.274062,0.258142,-0.068122,0.285779,0.537964,0.177070,0.015889,0.527403,-0.121338,0.058922,0.260225,0.173778,0.049917,0.218787,-0.129543,0.015682
0.461349,0.042320,0.281557,0.649759,0.149621,0.276112,0.652889,-0.059146,0.289189,0.269810,0.143787,0.273925,0.272940,-0.064981,0.287001,0.539336,0.177211,0.015900,0.566219,-0.120616,0.055687,0.291969,0.175863,0.053610,0.226440,-0.128220,0.015639
0.476204,0.044145,0.280338,0.665040,0.150679,0.274612,0.667333,-0.058027,0.288797,0.285074,0.146317,0.271879,0.287368,-0.062389,0.286063,0.540560,0.177294,0.016025,0.607422,-0.120460,0.050184,0.323615,0.177255,0.050533,0.231128,-0.126935,0.015763
0.491219,0.045270,0.278357,0.680086,0.151730,0.272311,0.682316,-0.056918,0.287339,0.300121,0.147458,0.269376,0.302351,-0.061190,0.284403,0.541771,0.177366,0.016051,0.653165,-0.120184,0.045960,0.359132,0.177335,0.042724,0.231713,-0.126862,0.015769
0.506393,0.045687,0.275747,0.695267,0.152106,0.269200,0.697490,-0.056517,0.284561,0.315297,0.147891,0.266933,0.317520,-0.060733,0.282294,0.543002,0.177415,0.015975,0.697390,-0.119981,0.041627,0.396372,0.177315,0.035846,0.232282,-0.126837,0.015816
0.521713,0.045553,0.271140,0.710520,0.151971,0.262879,0.712881,-0.056655,0.278180,0.330545,0.147761,0.264101,0.332906,-0.060865,0.279402,0.544164,0.177543,0.015795,0.727054,-0.120270,0.030019,0.428015,0.177255,0.029796,0.232933,-0.126896,0.015915
0.537201,0.044894,0.264098,0.725787,0.151462,0.253157,0.728526,-0.057180,0.268173,0.345876,0.146969,0.260023,0.348615,-0.061674,0.275039,0.545228,0.177588,0.015897,0.733436,-0.120834,0.016030,0.447915,0.176625,0.020267,0.236423,-0.127370,0.015866
0.551819,0.043962,0.259310,0.740329,0.150468,0.246596,0.743125,-0.058215,0.261031,0.360513,0.146140,0.257590,0.363309,-0.062543,0.272025,0.567945,0.177753,0.015761,0.733778,-0.120860,0.015880,0.449547,0.176176,0.015883,0.246840,-0.127381,0.015922
0.565933,0.042480,0.258103,0.754480,0.148989,0.245981,0.757201,-0.059780,0.259124,0.374666,0.144739,0.257083,0.377387,-0.064030,0.270226,0.603709,0.178244,0.018436,0.734524,-0.120939,0.015772,0.450695,0.176094,0.015969,0.258446,-0.127024,0.017666
0.580322,0.040370,0.258946,0.768973,0.146919,0.248972,0.771549,-0.061963,0.260216,0.389096,0.142703,0.257675,0.391672,-0.066179,0.268919,0.646780,0.178776,0.023179,0.735487,-0.121085,0.015775,0.451770,0.175986,0.016012,0.271580,-0.126471,0.022000
0.595055,0.037688,0.261239,0.783807,0.144273,0.253925,0.786236,-0.064726,0.262779,0.403874,0.140102,0.259698,0.406302,-0.068896,0.268553,0.684197,0.179135,0.030320,0.736602,-0.121257,0.015877,0.452727,0.175836,0.015932,0.292663,-0.126144,0.022302
0.610039,0.034587,0.264614,0.798864,0.141185,0.259818,0.801176,-0.067912,0.265984,0.418902,0.137085,0.263244,0.421213,-0.072011,0.269411,0.716304,0.179246,0.039468,0.737801,-0.121458,0.015971,0.453523,0.175641,0.015735,0.320704,-0.125885,0.022205
0.625244,0.031212,0.268653,0.814101,0.137832,0.266148,0.816362,-0.071329,0.269464,0.434127,0.133753,0.267842,0.436387,-0.075409,0.271158,0.746271,0.179109,0.048629,0.739039,-0.121642,0.015954,0.454162,0.175430,0.015640,0.352887,-0.125692,0.023703
0.640541,0.027782,0.272717,0.829418,0.134396,0.272322,0.831642,-0.074792,0.272829,0.449440,0.130357,0.272605,0.451664,-0.078831,0.273112,0.777813,0.178775,0.055945,0.740410,-0.121838,0.015807,0.454748,0.175243,0.015688,0.387424,-0.125567,0.025612
0.655792,0.024564,0.276051,0.844660,0.131184,0.277600,0.846902,-0.077994,0.275539,0.464683,0.127122,0.276564,0.466925,-0.082056,0.274502,0.812792,0.178428,0.061316,0.741769,-0.122017,0.015944,0.455242,0.175045,0.015814,0.423188,-0.125539,0.026843
0.670891,0.021774,0.277924,0.859741,0.128385,0.281255,0.862012,-0.080759,0.276969,0.479770,0.124308,0.278879,0.482041,-0.084836,0.274593,0.850087,0.178163,0.065481,0.743123,-0.122166,0.016039,0.455774,0.174897,0.015925,0.459455,-0.125473,0.027110
0.685875,0.019490,0.277655,0.874693,0.126103,0.282423,0.877020,-0.082994,0.276268,0.494730,0.121974,0.279041,0.497057,-0.087122,0.272886,0.886020,0.178049,0.066800,0.744433,-0.122280,0.015982,0.456418,0.174763,0.016004,0.496354,-0.125326,0.025682
0.700737,0.017805,0.274794,0.889542,0.124391,0.280572,0.891890,-0.084656,0.272931,0.509584,0.120266,0.276658,0.511932,-0.088781,0.269017,0.917354,0.178104,0.063972,0.745569,-0.122386,0.015842,0.457188,0.174686,0.016077,0.532524,-0.125038,0.022924
0.715546,0.016730,0.269000,0.904311,0.123370,0.275078,0.906741,-0.085634,0.266345,0.524350,0.119094,0.271655,0.526781,-0.089909,0.262922,0.941535,0.178499,0.054820,0.746569,-0.122521,0.015813,0.459847,0.174521,0.015972,0.565543,-0.124727,0.018224
0.730408,0.016410,0.260485,0.919210,0.123038,0.265525,0.921581,-0.085938,0.256156,0.539234,0.118758,0.264814,0.541606,-0.090219,0.255446,0.954582,0.179251,0.035472,0.747964,-0.122638,0.015940,0.465324,0.174580,0.015818,0.578869,-0.124545,0.015672
0.745537,0.017312,0.251750,0.934402,0.123935,0.253400,0.936607,-0.085063,0.244483,0.554467,0.119687,0.259017,0.556672,-0.089311,0.250100,0.951574,0.179742,0.015932,0.754728,-0.122726,0.015966,0.473183,0.174701,0.015783,0.580221,-0.124560,0.015792
0.760567,0.018343,0.247819,0.949398,0.125038,0.247791,0.951618,-0.083985,0.239476,0.569515,0.120671,0.256163,0.571735,-0.088352,0.247848,0.952051,0.179777,0.015979,0.780904,-0.122378,0.015547,0.482713,0.174720,0.017788,0.581377,-0.124509,0.015848
0.776329,0.020110,0.250213,0.965169,0.126790,0.250184,0.967401,-0.082284,0.243275,0.585257,0.122504,0.257152,0.587489,-0.086570,0.250243,0.953202,0.179885,0.015816,0.804186,-0.122215,0.022710,0.499683,0.174697,0.026280,0.582189,-0.124364,0.016018
0.792900,0.022625,0.256975,0.981718,0.129342,0.256415,0.984011,-0.079790,0.251586,0.601789,0.125040,0.262365,0.604082,-0.084092,0.257535,0.954628,0.180064,0.015913,0.826707,-0.121913,0.032223,0.530187,0.174980,0.034558,0.582550,-0.124216,0.016011
0.809998,0.025479,0.265755,0.998801,0.132216,0.264449,1.001134,-0.076956,0.261878,0.618861,0.127914,0.269633,0.621194,-0.081257,0.267062,0.956298,0.180253,0.015953,0.850834,-0.121387,0.042132,0.570030,0.175613,0.042925,0.582603,-0.124057,0.015996
0.826920,0.028091,0.273937,1.015755,0.134767,0.272320,1.018041,-0.074419,0.271642,0.635798,0.130602,0.276232,0.638084,-0.078584,0.275554,0.957975,0.180420,0.015852,0.880964,-0.120648,0.049095,0.611315,0.176511,0.053252,0.583349,-0.123793,0.015798
0.842728,0.030359,0.278860,1.031947,0.136348,0.276970,1.033484,-0.072846,0.277498,0.651971,0.133564,0.280223,0.653508,-0.075629,0.280750,0.973464,0.180711,0.015725,0.916565,-0.119729,0.050247,0.647298,0.178437,0.064163,0.596364,-0.122168,0.015976
0.858002,0.032298,0.280298,1.048112,0.136660,0.277509,1.047867,-0.072536,0.278798,0.668137,0.137132,0.281799,0.667891,-0.072064,0.283088,0.980974,0.180577,0.015810,0.953724,-0.119305,0.046908,0.676080,0.181274,0.070912,0.619362,-0.119103,0.016115
0.873138,0.033563,0.279400,1.064241,0.136082,0.276118,1.061979,-0.073101,0.277620,0.684297,0.140226,0.281180,0.682036,-0.068956,0.282683,0.982043,0.180555,0.015894,0.991736,-0.119488,0.041889,0.702433,0.183970,0.070440,0.635579,-0.115825,0.015796
0.888618,0.034160,0.277455,1.079936,0.136265,0.273787,1.077231,-0.072909,0.275738,0.700006,0.141228,0.279172,0.697301,-0.067946,0.281123,0.983115,0.180567,0.015801,1.031851,-0.119993,0.038198,0.731731,0.184255,0.062786,0.637291,-0.115098,0.015959
0.904510,0.034074,0.275966,1.095818,0.136194,0.272202,1.093132,-0.072978,0.274257,0.715889,0.141126,0.277676,0.713203,-0.068047,0.279731,0.984353,0.180563,0.015909,1.072956,-0.120518,0.035801,0.767877,0.183708,0.053092,0.637923,-0.115128,0.015964
0.920631,0.033422,0.273938,1.111930,0.135542,0.269789,1.109243,-0.073634,0.271517,0.732019,0.140477,0.276360,0.729332,-0.068699,0.278087,0.985573,0.180524,0.015976,1.107213,-0.121066,0.028922,0.807073,0.183061,0.045534,0.638452,-0.115152,0.015965
0.937141,0.032471,0.269763,1.128398,0.134573,0.263671,1.125692,-0.074607,0.264853,0.748590,0.139548,0.274674,0.745884,-0.069631,0.275856,0.986724,0.180461,0.015930,1.121158,-0.121409,0.015829,0.839543,0.182494,0.038707,0.638967,-0.115170,0.016015
0.953346,0.032445,0.264847,1.144437,0.134830,0.258310,1.142054,-0.074351,0.259834,0.764638,0.139241,0.269860,0.762255,-0.069940,0.271384,1.009217,0.180058,0.015891,1.121771,-0.121353,0.015785,0.856319,0.181855,0.023467,0.644181,-0.115911,0.015779
0.968582,0.032228,0.261480,1.159675,0.134659,0.255767,1.157336,-0.074522,0.257297,0.779829,0.138979,0.265663,0.777489,-0.070202,0.267193,1.040050,0.179721,0.019265,1.122655,-0.121355,0.015834,0.858207,0.181730,0.015897,0.657623,-0.116155,0.015671
0.983383,0.031041,0.260879,1.174488,0.133506,0.256267,1.172159,-0.075680,0.256966,0.794607,0.137763,0.264791,0.792279,-0.071423,0.265491,1.078026,0.179270,0.028414,1.123634,-0.121399,0.015890,0.859381,0.181662,0.015909,0.680529,-0.116467,0.015977
0.998512,0.029044,0.263058,1.189603,0.131607,0.260507,1.187355,-0.077580,0.259762,0.809669,0.135668,0.266354,0.807422,-0.073519,0.265608,1.110290,0.178690,0.042243,1.124861,-0.121492,0.015877,0.860335,0.181469,0.015900,0.707582,-0.117031,0.021977
1.013855,0.026463,0.267184,1.204958,0.129034,0.267110,1.202721,-0.080138,0.264491,0.824989,0.133063,0.269876,0.822752,-0.076109,0.267258,1.140046,0.177858,0.053569,1.126197,-0.121663,0.015894,0.861112,0.181313,0.015789,0.739844,-0.117662,0.026308
1.029259,0.023632,0.271819,1.220348,0.126200,0.274232,1.218148,-0.082937,0.269604,0.840369,0.130201,0.274035,0.838169,-0.078936,0.269407,1.171151,0.176914,0.060394,1.127673,-0.121832,0.015806,0.861778,0.181158,0.015650,0.775203,-0.118388,0.027671
1.044609,0.020848,0.275698,1.235667,0.123401,0.280284,1.233522,-0.085684,0.273717,0.855696,0.127381,0.277679,0.853552,-0.081705,0.271112,1.205451,0.175944,0.065133,1.129142,-0.121992,0.015963,0.862361,0.181019,0.015638,0.811070,-0.119107,0.028006
1.059837,0.018378,0.278098,1.250852,0.120912,0.284545,1.248774,-0.088114,0.276273,0.870900,0.124871,0.279923,0.868823,-0.084155,0.271652,1.242102,0.175009,0.069168,1.130581,-0.122131,0.016066,0.862994,0.180889,0.015791,0.847197,-0.119783,0.027901
1.074890,0.016316,0.278445,1.265862,0.118829,0.286309,1.263850,-0.090135,0.276592,0.885930,0.122768,0.280297,0.883918,-0.086196,0.270581,1.278244,0.174220,0.071062,1.131942,-0.122251,0.016053,0.863701,0.180776,0.015936,0.884608,-0.120372,0.026874
1.089798,0.014774,0.276320,1.280746,0.117255,0.285125,1.278769,-0.091653,0.274266,0.900827,0.121202,0.278375,0.898850,-0.087707,0.267515,1.310920,0.173708,0.069190,1.133172,-0.122359,0.015916,0.864528,0.180696,0.016034,0.922427,-0.120840,0.025071
1.104599,0.013809,0.271312,1.295530,0.116303,0.280346,1.293595,-0.092561,0.268654,0.915603,0.120179,0.273970,0.913668,-0.088685,0.262277,1.337483,0.173669,0.061864,1.134235,-0.122455,0.015843,0.866420,0.180596,0.016070,0.957898,-0.121169,0.022049
1.119492,0.013431,0.263388,1.310469,0.115901,0.271665,1.308469,-0.092932,0.259438,0.930514,0.119793,0.267339,0.928514,-0.089039,0.255112,1.353991,0.174280,0.045089,1.135440,-0.122550,0.015970,0.869481,0.180620,0.016066,0.985775,-0.121117,0.015990
1.134888,0.014210,0.254185,1.326217,0.116256,0.258732,1.323520,-0.092603,0.247097,0.946256,0.121022,0.261274,0.943558,-0.087836,0.249639,1.352490,0.175005,0.015243,1.141185,-0.122898,0.016007,0.871332,0.181180,0.015966,0.986978,-0.120887,0.015655
1.150040,0.015382,0.248157,1.341235,0.117771,0.249609,1.338743,-0.091142,0.238944,0.961337,0.121906,0.257371,0.958845,-0.087007,0.246706,1.352559,0.175075,0.015971,1.157922,-0.123110,0.015876,0.876912,0.180735,0.016235,0.988434,-0.121084,0.015775
1.165230,0.016827,0.248080,1.356402,0.119265,0.248953,1.353960,-0.089715,0.239665,0.976499,0.123368,0.256495,0.974057,-0.085611,0.247207,1.353409,0.175159,0.015817,1.182885,-0.123473,0.020502,0.888141,0.180363,0.021045,0.989473,-0.121007,0.015853
1.181122,0.019073,0.252781,1.372267,0.121565,0.253136,1.369901,-0.087501,0.246036,0.992343,0.125648,0.259527,0.989977,-0.083418,0.252427,1.354647,0.175304,0.015807,1.206521,-0.123726,0.028005,0.910440,0.179882,0.029018,0.990115,-0.120865,0.015863
1.197678,0.021955,0.260128,1.388799,0.124490,0.259406,1.386489,-0.084650,0.254963,1.008866,0.128561,0.265293,1.006556,-0.080579,0.260850,1.356129,0.175486,0.015949,1.227264,-0.123745,0.038008,0.944065,0.179621,0.035529,0.990444,-0.120662,0.016010
1.214500,0.025010,0.268213,1.405607,0.127561,0.266475,1.403336,-0.081620,0.264695,1.025665,0.131640,0.271730,1.023394,-0.077540,0.269950,1.357653,0.175668,0.015927,1.250586,-0.123566,0.047331,0.982732,0.179503,0.043395,0.990542,-0.120477,0.015994
1.230995,0.027761,0.275042,1.422166,0.130181,0.272793,1.419777,-0.079005,0.273228,1.042213,0.134528,0.276856,1.039824,-0.074658,0.277292,1.359146,0.175819,0.015938,1.280180,-0.123323,0.052713,1.020693,0.179761,0.052954,0.991845,-0.120107,0.015861
1.246574,0.030074,0.278808,1.438130,0.131769,0.276396,1.434962,-0.077400,0.278047,1.058187,0.137548,0.279570,1.055019,-0.071621,0.281221,1.363495,0.176299,0.015718,1.315181,-0.122822,0.052568,1.054193,0.181349,0.062068,1.003183,-0.118387,0.015833
1.261635,0.032045,0.279401,1.453808,0.132551,0.276358,1.449358,-0.076586,0.278918,1.073911,0.140677,0.279884,1.069462,-0.068460,0.282445,1.365726,0.176699,0.015845,1.353985,-0.122857,0.047245,1.083745,0.183305,0.065397,1.017688,-0.116087,0.015797
1.276649,0.033378,0.277813,1.469311,0.132924,0.274168,1.463838,-0.076175,0.277673,1.089461,0.142930,0.277953,1.083988,-0.066169,0.281459,1.366872,0.176747,0.015862,1.395354,-0.123815,0.041427,1.112232,0.184181,0.061705,1.023076,-0.114498,0.015953
1.292046,0.033933,0.276301,1.484712,0.133455,0.272263,1.479228,-0.075630,0.276525,1.104863,0.143495,0.276076,1.099380,-0.065589,0.280339,1.368027,0.176765,0.015930,1.440054,-0.124935,0.038259,1.146343,0.183331,0.052794,1.023612,-0.114467,0.015939
1.307732,0.033727,0.274851,1.500399,0.133238,0.270606,1.494910,-0.075843,0.275047,1.120553,0.143296,0.274654,1.115064,-0.065785,0.279095,1.369308,0.176746,0.015958,1.483099,-0.126114,0.034680,1.186753,0.182146,0.044545,1.024097,-0.114462,0.015933
1.323486,0.033087,0.271432,1.516134,0.132562,0.265719,1.510637,-0.076521,0.270034,1.136336,0.142694,0.272829,1.130839,-0.066389,0.277145,1.370499,0.176712,0.015939,1.512068,-0.127136,0.022818,1.224284,0.181019,0.038387,1.024704,-0.114463,0.016052
1.339333,0.032488,0.265929,1.531882,0.132013,0.258154,1.526484,-0.077073,0.262459,1.152181,0.142048,0.269398,1.146783,-0.067038,0.273703,1.372011,0.176627,0.015850,1.513992,-0.127304,0.015791,1.249679,0.180074,0.029872,1.027776,-0.114749,0.015818
1.354515,0.032717,0.260616,1.547052,0.132313,0.253468,1.541733,-0.076761,0.258387,1.167297,0.142195,0.262845,1.161978,-0.066880,0.267764,1.397400,0.176006,0.015808,1.514719,-0.127260,0.015741,1.257359,0.179569,0.015840,1.036434,-0.115093,0.015713
1.369087,0.032218,0.257972,1.561684,0.131803,0.252439,1.556311,-0.077272,0.257279,1.181864,0.141708,0.258664,1.176491,-0.067367,0.263504,1.431628,0.175258,0.020673,1.515655,-0.127293,0.015840,1.258790,0.179588,0.015882,1.048284,-0.115280,0.015939
1.383606,0.030608,0.258228,1.576226,0.130232,0.254488,1.570841,-0.078864,0.258318,1.196371,0.140080,0.258138,1.190986,-0.069015,0.261968,1.470493,0.174284,0.028307,1.516693,-0.127383,0.015870,1.259915,0.179481,0.015972,1.067686,-0.115785,0.017829
1.398506,0.028103,0.261046,1.591137,0.127762,0.259448,1.585747,-0.081358,0.261556,1.211265,0.137564,0.260535,1.205875,-0.071556,0.262643,1.504945,0.173236,0.039678,1.517914,-0.127553,0.015919,1.260829,0.179288,0.015890,1.093842,-0.116562,0.021846
1.413704,0.025006,0.265624,1.606328,0.124689,0.266252,1.600952,-0.084442,0.266199,1.226456,0.134454,0.265049,1.221080,-0.074677,0.264997,1.536955,0.171991,0.050992,1.519282,-0.127745,0.015922,1.261550,0.179080,0.015716,1.126430,-0.117648,0.025380
1.428986,0.021637,0.270663,1.621604,0.121297,0.273382,1.616229,-0.087821,0.271028,1.241742,0.131095,0.270298,1.236368,-0.078023,0.267944,1.569565,0.170518,0.058808,1.520760,-0.127962,0.015779,1.262180,0.178905,0.015595,1.163479,-0.118902,0.026745
1.444176,0.018312,0.274949,1.636767,0.117958,0.279464,1.631432,-0.091124,0.274905,1.256920,0.127749,0.274994,1.251584,-0.081334,0.270435,1.605448,0.168925,0.064284,1.522201,-0.128167,0.015998,1.262702,0.178731,0.015694,1.202389,-0.120247,0.027085
1.459244,0.015309,0.277685,1.651802,0.114940,0.283696,1.646519,-0.094092,0.277188,1.271968,0.124711,0.278181,1.266685,-0.084321,0.271673,1.643938,0.167311,0.068946,1.523640,-0.128343,0.016056,1.263274,0.178585,0.015837,1.241910,-0.121573,0.027312
1.474121,0.012730,0.278127,1.666636,0.112373,0.285208,1.661435,-0.096602,0.277029,1.286807,0.122061,0.279224,1.281606,-0.086914,0.271045,1.681352,0.165897,0.070815,1.524946,-0.128488,0.015999,1.263848,0.178436,0.015940,1.282240,-0.122861,0.026570
1.488922,0.010695,0.275860,1.681429,0.110309,0.283543,1.676246,-0.098610,0.274026,1.301598,0.119999,0.277693,1.296415,-0.088920,0.268176,1.714367,0.164808,0.068312,1.526121,-0.128634,0.015822,1.264616,0.178346,0.016047,1.321787,-0.123981,0.024946
1.503693,0.009255,0.270560,1.696177,0.108927,0.278088,1.691062,-0.099945,0.267541,1.316323,0.118455,0.273579,1.311209,-0.090416,0.263032,1.739976,0.164412,0.059523,1.527113,-0.128745,0.015896,1.266272,0.178205,0.016071,1.357254,-0.124891,0.021938
1.518547,0.008451,0.262344,1.711072,0.108116,0.268845,1.705899,-0.100715,0.257567,1.331195,0.117618,0.267122,1.326022,-0.091213,0.255843,1.754116,0.164910,0.040552,1.528805,-0.128811,0.015969,1.269943,0.178228,0.016007,1.383260,-0.125192,0.015696
1.533867,0.008765,0.252947,1.726516,0.108348,0.256200,1.721068,-0.100492,0.245210,1.346666,0.118022,0.260684,1.341218,-0.090818,0.249695,1.752514,0.165847,0.015827,1.533339,-0.129061,0.016009,1.273584,0.178338,0.015905,1.384737,-0.125162,0.015576
1.548904,0.009428,0.247323,1.741515,0.109131,0.248603,1.736096,-0.099743,0.238255,1.361713,0.118599,0.256390,1.356294,-0.090275,0.246043,1.752707,0.165885,0.015994,1.555865,-0.129565,0.015753,1.279797,0.178162,0.015852,1.386048,-0.125160,0.015773
1.564217,0.010660,0.247311,1.756811,0.110399,0.248171,1.751435,-0.098539,0.239195,1.376998,0.119860,0.255427,1.371622,-0.089078,0.246450,1.753605,0.165969,0.015845,1.581144,-0.130253,0.020120,1.290907,0.177690,0.020146,1.387112,-0.125078,0.015876
1.580116,0.012668,0.251866,1.772689,0.112452,0.252185,1.767376,-0.096569,0.245372,1.392856,0.121905,0.258361,1.387544,-0.087117,0.251548,1.754835,0.166099,0.015802,1.603999,-0.130809,0.027643,1.312976,0.176937,0.027849,1.387779,-0.124931,0.015888
1.596672,0.015260,0.259211,1.789223,0.115083,0.258507,1.783962,-0.094009,0.254305,1.409382,0.124528,0.264116,1.404121,-0.084563,0.259914,1.756290,0.166259,0.015945,1.624383,-0.131114,0.037684,1.346114,0.176207,0.034554,1.388134,-0.124734,0.016024
1.613564,0.018013,0.267521,1.806104,0.117846,0.265920,1.800875,-0.091282,0.264335,1.426252,0.127308,0.270707,1.421023,-0.081820,0.269122,1.757875,0.166413,0.015925,1.647721,-0.131271,0.047137,1.384512,0.175546,0.042699,1.388256,-0.124547,0.015999
1.630173,0.020505,0.274763,1.822758,0.120244,0.272674,1.817448,-0.088888,0.273306,1.442897,0.129898,0.276219,1.437588,-0.079234,0.276851,1.759427,0.166540,0.015944,1.677487,-0.131466,0.052817,1.422626,0.175202,0.052673,1.389190,-0.124258,0.015865
1.645790,0.022580,0.278943,1.838721,0.121643,0.276631,1.832691,-0.087461,0.278559,1.458889,0.132621,0.279327,1.452859,-0.076483,0.281255,1.766593,0.166791,0.015930,1.712703,-0.131551,0.052992,1.456407,0.176163,0.062362,1.400460,-0.122890,0.015865
1.660866,0.024381,0.279650,1.854455,0.122130,0.276583,1.847020,-0.086920,0.279368,1.474712,0.135681,0.279932,1.467276,-0.073368,0.282717,1.775386,0.166956,0.016213,1.750696,-0.132050,0.048669,1.483430,0.178031,0.068087,1.418304,-0.120664,0.015886
1.675797,0.025560,0.277813,1.870207,0.121640,0.274031,1.860992,-0.087328,0.277499,1.490601,0.138449,0.278127,1.481386,-0.070519,0.281595,1.776528,0.166986,0.015791,1.789347,-0.133582,0.041712,1.508726,0.179605,0.064480,1.431489,-0.118231,0.015764
1.691147,0.026019,0.275441,1.885672,0.121839,0.271030,1.876201,-0.087101,0.275345,1.506093,0.139140,0.275538,1.496621,-0.069801,0.279853,1.777582,0.166976,0.015870,1.830934,-0.135462,0.037755,1.538090,0.178636,0.054752,1.432626,-0.117857,0.015920
1.707008,0.025610,0.274391,1.901535,0.121432,0.270059,1.892066,-0.087504,0.274627,1.521951,0.138724,0.274155,1.512482,-0.070212,0.278723,1.778895,0.166942,0.015948,1.874142,-0.137407,0.036392,1.576589,0.176749,0.045181,1.433198,-0.117871,0.015944
1.723000,0.024628,0.272765,1.917519,0.120440,0.267914,1.908049,-0.088500,0.272309,1.537951,0.137755,0.273221,1.528480,-0.071184,0.277616,1.780199,0.166871,0.015959,1.909693,-0.139180,0.029884,1.618099,0.174716,0.039645,1.433719,-0.117900,0.015912
1.739235,0.023333,0.268528,1.933672,0.119172,0.261442,1.924269,-0.089778,0.265446,1.554201,0.136443,0.271611,1.544798,-0.072507,0.275615,1.783595,0.166726,0.015917,1.922554,-0.139987,0.015882,1.650551,0.173066,0.034385,1.434461,-0.118022,0.015942
1.755287,0.022929,0.263485,1.949550,0.119081,0.255877,1.940509,-0.089874,0.260428,1.570065,0.135733,0.266541,1.561024,-0.073222,0.271092,1.809957,0.165394,0.015758,1.923178,-0.139955,0.015872,1.664424,0.171761,0.018995,1.440764,-0.119081,0.015862
1.770340,0.022162,0.260503,1.964652,0.118280,0.253758,1.955553,-0.090674,0.258245,1.585127,0.134999,0.262761,1.576028,-0.073955,0.267248,1.844620,0.163957,0.018419,1.924041,-0.140011,0.015790,1.665626,0.171696,0.015867,1.454519,-0.119566,0.015843
1.785126,0.020323,0.260393,1.979443,0.116494,0.254648,1.970361,-0.092479,0.258192,1.599891,0.133125,0.262594,1.590808,-0.075848,0.266138,1.883648,0.162289,0.026589,1.925024,-0.140118,0.015855,1.666758,0.171534,0.015879,1.476057,-0.120558,0.018618
1.800224,0.017755,0.262857,1.994588,0.113928,0.259058,1.985454,-0.095063,0.261028,1.614995,0.130573,0.264687,1.605860,-0.078419,0.266657,1.915931,0.160792,0.039539,1.926235,-0.140282,0.015861,1.667745,0.171417,0.015924,1.502526,-0.121682,0.024283
