-0.016340,0.002825,0.349353,0.173937,0.106672,0.356516,0.173372,-0.101838,0.339548,-0.206053,0.107487,0.359157,-0.206618,-0.101023,0.342189,0.194065,0.164543,0.205062,0.172670,-0.133995,0.174380,-0.225622,0.165136,0.211754,-0.208418,-0.132469,0.168320
-0.022902,0.004319,0.345818,0.167587,0.107937,0.350147,0.166438,-0.100298,0.330105,-0.212241,0.108936,0.361531,-0.213390,-0.099298,0.341490,0.189672,0.171512,0.162743,0.181579,-0.131070,0.174544,-0.241536,0.175407,0.146995,-0.195216,-0.122364,0.105691
-0.028683,0.006334,0.336903,0.161882,0.109899,0.337672,0.160324,-0.098381,0.318137,-0.217690,0.111050,0.355669,-0.219247,-0.097231,0.336134,0.159212,0.175906,0.120849,0.200754,-0.132814,0.195313,-0.224826,0.182391,0.082322,-0.215883,-0.117551,0.065799
-0.035488,0.008898,0.322582,0.154634,0.113252,0.320339,0.153812,-0.095297,0.303869,-0.224788,0.113093,0.341295,-0.225610,-0.095456,0.324825,0.128868,0.177253,0.088511,0.208296,-0.130891,0.174545,-0.193031,0.181785,0.047208,-0.235114,-0.118068,0.034310
-0.042519,0.011833,0.305041,0.147642,0.116036,0.300357,0.146609,-0.092700,0.286476,-0.231646,0.116367,0.323606,-0.232679,-0.092370,0.309725,0.097620,0.178548,0.049028,0.211545,-0.128513,0.135206,-0.189587,0.181537,0.025454,-0.247597,-0.118312,0.015970
-0.046543,0.015912,0.291072,0.143829,0.118709,0.275834,0.140872,-0.090214,0.265504,-0.233959,0.122038,0.316641,-0.236915,-0.086885,0.306311,0.071678,0.178110,0.015563,0.186546,-0.126841,0.072778,-0.205208,0.182008,0.015986,-0.247599,-0.117874,0.015687
-0.046751,0.017900,0.283840,0.142123,0.121252,0.257650,0.139360,-0.087732,0.248543,-0.232862,0.123531,0.319137,-0.235625,-0.085453,0.310030,0.070342,0.178235,0.015839,0.141087,-0.123972,0.035598,-0.200913,0.181674,0.019229,-0.247914,-0.117964,0.015759
-0.045330,0.019430,0.279038,0.141917,0.123038,0.243752,0.139182,-0.085986,0.235635,-0.229842,0.124847,0.322441,-0.232577,-0.084178,0.314324,0.069618,0.178320,0.015896,0.113155,-0.123432,0.037282,-0.179808,0.181174,0.026424,-0.248324,-0.117873,0.015919
-0.042938,0.020800,0.274442,0.143162,0.124780,0.234492,0.140889,-0.084290,0.227485,-0.226765,0.125889,0.321399,-0.229038,-0.083181,0.314393,0.069282,0.178387,0.015934,0.103369,-0.123283,0.046167,-0.146280,0.180048,0.036292,-0.249406,-0.118432,0.015842
-0.038435,0.022684,0.271200,0.147313,0.126524,0.229292,0.145145,-0.082590,0.223692,-0.222015,0.127958,0.318707,-0.224183,-0.081156,0.313107,0.069356,0.178515,0.015931,0.106406,-0.123134,0.054810,-0.114285,0.179614,0.045953,-0.249101,-0.118406,0.015847
-0.031813,0.024578,0.268360,0.154398,0.128340,0.228358,0.152569,-0.080814,0.224347,-0.216194,0.129970,0.312373,-0.218024,-0.079184,0.308362,0.069864,0.178614,0.015875,0.115103,-0.122836,0.062172,-0.087805,0.179275,0.053314,-0.249308,-0.118757,0.015648
-0.022825,0.026782,0.266476,0.164205,0.130279,0.229746,0.162517,-0.078902,0.227488,-0.208168,0.132466,0.305465,-0.209856,-0.076715,0.303207,0.070622,0.178796,0.015904,0.124180,-0.122321,0.067607,-0.069664,0.179478,0.057609,-0.248432,-0.118753,0.015609
-0.011873,0.029121,0.265009,0.176153,0.132285,0.232689,0.174490,-0.076908,0.232337,-0.198237,0.135151,0.297681,-0.199900,-0.074042,0.297329,0.071725,0.178931,0.015894,0.134683,-0.121773,0.071970,-0.055713,0.179873,0.058413,-0.247445,-0.118641,0.015715
0.000607,0.031550,0.263352,0.189626,0.134444,0.236413,0.187964,-0.074743,0.238056,-0.186751,0.137844,0.288648,-0.188413,-0.071343,0.290292,0.072975,0.179090,0.015784,0.148782,-0.121159,0.075788,-0.043684,0.180343,0.057222,-0.246388,-0.118491,0.015822
0.014217,0.033908,0.260896,0.204079,0.136696,0.240196,0.202460,-0.072466,0.243851,-0.174025,0.140281,0.277940,-0.175644,-0.068880,0.281595,0.074340,0.179238,0.015896,0.167307,-0.120519,0.079778,-0.032526,0.180740,0.054475,-0.245154,-0.118443,0.015945
0.028423,0.035851,0.256491,0.219033,0.138479,0.243201,0.217203,-0.070643,0.248596,-0.160356,0.142346,0.264387,-0.162186,-0.066777,0.269782,0.075768,0.179337,0.015941,0.188688,-0.120111,0.083821,-0.022000,0.181049,0.049146,-0.244465,-0.118073,0.015905
0.042580,0.037405,0.248972,0.233877,0.139439,0.243019,0.231216,-0.069630,0.249917,-0.146057,0.144440,0.248028,-0.148718,-0.064629,0.254926,0.077099,0.179422,0.015978,0.209681,-0.120228,0.086428,-0.013442,0.181321,0.038613,-0.237244,-0.116861,0.016087
0.056171,0.038745,0.237689,0.248233,0.139507,0.238226,0.243935,-0.069508,0.245881,-0.131592,0.146998,0.229497,-0.135891,-0.062017,0.237151,0.085641,0.180203,0.016010,0.227739,-0.120653,0.082379,-0.007996,0.182217,0.018433,-0.217308,-0.113943,0.015712
0.068737,0.038710,0.224095,0.261244,0.138530,0.228371,0.255729,-0.070421,0.236965,-0.118255,0.147840,0.211225,-0.123770,-0.061111,0.219819,0.099394,0.179570,0.015996,0.242963,-0.122497,0.068998,-0.006387,0.182355,0.015821,-0.185394,-0.113380,0.015791
0.081411,0.036179,0.209898,0.273544,0.136638,0.215754,0.268759,-0.072409,0.222182,-0.105936,0.144766,0.197615,-0.110721,-0.064281,0.204043,0.109801,0.179912,0.022033,0.231078,-0.122891,0.031545,-0.004892,0.182348,0.015874,-0.149664,-0.114479,0.021706
0.094110,0.033197,0.195777,0.285766,0.134237,0.205790,0.281631,-0.074885,0.209757,-0.093410,0.141280,0.181796,-0.097545,-0.067842,0.185764,0.134824,0.179346,0.029588,0.226406,-0.122937,0.015938,-0.003715,0.181827,0.015944,-0.108957,-0.116032,0.030351
0.107122,0.031394,0.185034,0.297919,0.132415,0.205830,0.293701,-0.076728,0.208259,-0.079456,0.139516,0.161809,-0.083674,-0.069627,0.164238,0.179734,0.178265,0.033885,0.227298,-0.123084,0.016011,-0.002197,0.181723,0.015708,-0.066577,-0.116922,0.036172
0.120916,0.030125,0.178785,0.309497,0.131179,0.214373,0.305281,-0.077974,0.215740,-0.063448,0.138223,0.141830,-0.067664,-0.070930,0.143196,0.236502,0.176953,0.037163,0.228455,-0.123191,0.015912,-0.000519,0.181591,0.015749,-0.027222,-0.117911,0.035204
0.134846,0.028917,0.177508,0.320378,0.129854,0.226810,0.316149,-0.079303,0.227092,-0.046458,0.137138,0.127925,-0.050687,-0.072019,0.128206,0.291996,0.175638,0.042288,0.229723,-0.123300,0.015903,0.001387,0.181479,0.015976,0.009657,-0.118837,0.025577
0.148567,0.027421,0.181087,0.331652,0.127954,0.239519,0.327342,-0.081198,0.238382,-0.030207,0.136040,0.123792,-0.034517,-0.073112,0.122655,0.335763,0.174388,0.044930,0.231036,-0.123465,0.015933,0.003390,0.181395,0.015711,0.031005,-0.119341,0.015584
0.163021,0.026063,0.188218,0.345476,0.126156,0.249316,0.341035,-0.082985,0.247048,-0.014992,0.135110,0.129388,-0.019433,-0.074030,0.127120,0.359806,0.173579,0.040429,0.232497,-0.123636,0.015809,0.005178,0.181377,0.015763,0.032816,-0.119398,0.016010
0.178375,0.025444,0.195321,0.362036,0.124934,0.253731,0.356770,-0.084191,0.251859,-0.000019,0.135080,0.138782,-0.005285,-0.074046,0.136910,0.361428,0.172464,0.024859,0.238215,-0.124562,0.016034,0.006612,0.181480,0.015759,0.034314,-0.119427,0.015986
0.194145,0.025971,0.200319,0.379460,0.125329,0.253496,0.373686,-0.083790,0.252842,0.014604,0.135733,0.147797,0.008831,-0.073386,0.147143,0.358386,0.172122,0.015770,0.258527,-0.125339,0.016437,0.007914,0.181782,0.021072,0.035635,-0.119183,0.015891
0.209578,0.026387,0.205629,0.395714,0.125960,0.255426,0.389960,-0.083161,0.255655,0.029195,0.135935,0.155604,0.023441,-0.073186,0.155833,0.359589,0.172160,0.015856,0.287005,-0.126056,0.017024,0.014252,0.181682,0.035526,0.036921,-0.119177,0.015865
0.224689,0.026297,0.212164,0.411154,0.125939,0.260575,0.405407,-0.083181,0.261122,0.043972,0.135774,0.163205,0.038225,-0.073346,0.163752,0.360967,0.172145,0.015917,0.322755,-0.127007,0.020493,0.026743,0.181430,0.054470,0.038035,-0.119195,0.015796
0.239866,0.025971,0.219712,0.426572,0.125619,0.267173,0.420824,-0.083501,0.267788,0.058909,0.135444,0.171635,0.053161,-0.073676,0.172250,0.362424,0.172110,0.015926,0.363890,-0.128114,0.026382,0.043363,0.181041,0.070638,0.038911,-0.119213,0.015752
0.255327,0.025591,0.227579,0.442447,0.125231,0.273397,0.436703,-0.083889,0.274035,0.073952,0.135071,0.181123,0.068207,-0.074049,0.181762,0.363964,0.172068,0.015921,0.409621,-0.129346,0.033924,0.062743,0.180534,0.078851,0.039530,-0.119235,0.015833
0.271145,0.025270,0.234835,0.459000,0.124906,0.277545,0.453266,-0.084214,0.278267,0.089024,0.134753,0.191402,0.083290,-0.074367,0.192124,0.365526,0.172033,0.015848,0.458053,-0.130625,0.042952,0.087584,0.179857,0.074627,0.039864,-0.119252,0.015865
0.287371,0.025097,0.240500,0.476279,0.124727,0.278294,0.470544,-0.084392,0.279242,0.104198,0.134586,0.201757,0.098462,-0.074533,0.202705,0.366995,0.172004,0.015988,0.502888,-0.131780,0.051088,0.125496,0.178823,0.059204,0.039972,-0.119243,0.015870
0.303991,0.025163,0.243495,0.494100,0.124847,0.274523,0.488435,-0.084272,0.275836,0.119548,0.134597,0.211153,0.113882,-0.074522,0.212467,0.368328,0.172098,0.015984,0.536079,-0.132436,0.052008,0.181509,0.177332,0.043312,0.039956,-0.119222,0.015881
0.321167,0.025336,0.243368,0.512354,0.125161,0.266252,0.506895,-0.083962,0.267867,0.135439,0.134634,0.218868,0.129980,-0.074488,0.220483,0.372925,0.172334,0.015939,0.554454,-0.132402,0.043630,0.242244,0.175927,0.039381,0.039925,-0.119184,0.015872
0.338865,0.025294,0.240194,0.530967,0.125083,0.253628,0.525553,-0.084038,0.255531,0.152178,0.134627,0.224857,0.146764,-0.074494,0.226760,0.376555,0.172384,0.015911,0.559717,-0.132453,0.028871,0.291295,0.174840,0.043195,0.040069,-0.119119,0.015770
0.356558,0.024689,0.233893,0.549102,0.124462,0.237540,0.543787,-0.084664,0.239219,0.169329,0.134041,0.228567,0.164014,-0.075084,0.230246,0.379583,0.172457,0.015841,0.558133,-0.132287,0.015953,0.326089,0.174052,0.045253,0.042733,-0.119188,0.015929
0.373449,0.024206,0.225620,0.565959,0.124023,0.221386,0.560762,-0.085105,0.223131,0.186137,0.133517,0.228108,0.180940,-0.075611,0.229853,0.387519,0.172207,0.015803,0.558196,-0.132236,0.015903,0.348445,0.173382,0.040238,0.054865,-0.119697,0.019766
0.389610,0.024309,0.215337,0.581927,0.124175,0.206263,0.576851,-0.084950,0.208662,0.202370,0.133568,0.222012,0.197294,-0.075557,0.224410,0.398585,0.171907,0.015793,0.558608,-0.132184,0.015928,0.356117,0.173058,0.026301,0.076613,-0.120308,0.031351
0.405258,0.024918,0.202392,0.597514,0.124721,0.191520,0.592450,-0.084387,0.195126,0.218066,0.134222,0.209658,0.213002,-0.074886,0.213264,0.414939,0.171642,0.019280,0.559273,-0.132142,0.016022,0.356558,0.172996,0.015837,0.111877,-0.120758,0.047957
0.420401,0.025240,0.189059,0.612719,0.125096,0.179915,0.607722,-0.083992,0.184569,0.233079,0.134472,0.193549,0.228082,-0.074616,0.198203,0.438341,0.171317,0.026256,0.560224,-0.132082,0.016063,0.358155,0.173000,0.015772,0.160679,-0.121566,0.059564
0.435825,0.025076,0.177031,0.628214,0.125182,0.174448,0.623334,-0.083895,0.179693,0.248317,0.134047,0.174369,0.243437,-0.075030,0.179615,0.470384,0.170812,0.033747,0.561495,-0.132038,0.015886,0.359621,0.172950,0.015882,0.212131,-0.122673,0.064170
0.452135,0.024454,0.166966,0.644181,0.124889,0.175484,0.639345,-0.084189,0.180761,0.264925,0.133097,0.153172,0.260089,-0.075980,0.158448,0.512759,0.169898,0.036537,0.562968,-0.132061,0.015822,0.361162,0.172886,0.015992,0.257890,-0.123769,0.064830
0.469339,0.023684,0.160092,0.660122,0.124454,0.182195,0.655280,-0.084630,0.187211,0.283399,0.131997,0.132972,0.278557,-0.077087,0.137988,0.566908,0.168591,0.036456,0.564480,-0.132114,0.015838,0.362888,0.172820,0.015803,0.297091,-0.124871,0.059631
0.486763,0.023020,0.157577,0.675392,0.124095,0.192851,0.670535,-0.084995,0.197601,0.302991,0.131035,0.117554,0.298134,-0.078055,0.122303,0.625995,0.167245,0.040022,0.565955,-0.132165,0.015988,0.364879,0.172758,0.015722,0.334078,-0.126011,0.049775
0.503672,0.022425,0.159319,0.690113,0.123704,0.204302,0.685260,-0.085393,0.208738,0.322084,0.130242,0.109899,0.317231,-0.078854,0.114336,0.677196,0.166100,0.045213,0.567458,-0.132222,0.015936,0.367139,0.172675,0.015931,0.372055,-0.127206,0.038626
0.520294,0.021842,0.163973,0.705479,0.123133,0.213853,0.700591,-0.085970,0.217924,0.339997,0.129654,0.110023,0.335110,-0.079449,0.114093,0.713424,0.165083,0.042509,0.569015,-0.132300,0.015839,0.369526,0.172603,0.015897,0.401874,-0.128128,0.029484
0.537407,0.021423,0.169461,0.722443,0.122659,0.219999,0.717519,-0.086446,0.223914,0.357295,0.129293,0.115009,0.352371,-0.079812,0.118924,0.732271,0.164318,0.028733,0.570658,-0.132351,0.015954,0.371898,0.172563,0.015850,0.419355,-0.128764,0.017267
0.555042,0.021820,0.174304,0.740745,0.123119,0.222203,0.735755,-0.085969,0.226892,0.374330,0.129609,0.121715,0.369340,-0.079479,0.126404,0.733186,0.164149,0.016019,0.575322,-0.132346,0.015940,0.374270,0.172711,0.015887,0.421513,-0.128676,0.015923
0.571541,0.022166,0.180146,0.757570,0.123558,0.226558,0.752548,-0.085512,0.231945,0.390534,0.129844,0.128347,0.385512,-0.079226,0.133735,0.734536,0.164168,0.016168,0.595152,-0.132671,0.020002,0.377678,0.173195,0.033815,0.423361,-0.128649,0.015919
0.586569,0.022446,0.188799,0.772562,0.123962,0.235083,0.767556,-0.085096,0.240946,0.405581,0.129987,0.136651,0.400576,-0.079070,0.142514,0.736063,0.164168,0.015834,0.633090,-0.133488,0.022363,0.390037,0.173490,0.052830,0.424872,-0.128684,0.015889
0.601334,0.022665,0.199032,0.786876,0.124334,0.246768,0.781901,-0.084716,0.252937,0.420766,0.130046,0.145126,0.415792,-0.079004,0.151295,0.737698,0.164171,0.015816,0.680614,-0.134452,0.027125,0.407326,0.173751,0.074036,0.426224,-0.128731,0.015876
0.616367,0.022751,0.209625,0.801374,0.124509,0.259216,0.796384,-0.084537,0.265522,0.436350,0.130038,0.153729,0.431361,-0.079007,0.160035,0.739397,0.164132,0.015921,0.726272,-0.135332,0.033989,0.425471,0.173791,0.087733,0.427375,-0.128746,0.015805
0.631565,0.022827,0.219970,0.816267,0.124659,0.270533,0.811285,-0.084383,0.276961,0.451845,0.130037,0.162979,0.446863,-0.079004,0.169406,0.741099,0.164109,0.016006,0.773010,-0.136204,0.041201,0.443029,0.173573,0.092759,0.428227,-0.128769,0.015752
0.646933,0.022945,0.229476,0.831770,0.124809,0.279476,0.826799,-0.084228,0.286073,0.467066,0.130118,0.172879,0.462095,-0.078918,0.179475,0.742868,0.164090,0.015868,0.821101,-0.137057,0.049060,0.461707,0.173074,0.088682,0.428783,-0.128777,0.015798
0.662489,0.023151,0.237506,0.848027,0.124982,0.284914,0.843051,-0.084045,0.291797,0.481927,0.130348,0.183215,0.476951,-0.078679,0.190099,0.744578,0.164074,0.015913,0.868190,-0.137842,0.057669,0.486629,0.172131,0.074131,0.429041,-0.128766,0.015812
0.678284,0.023514,0.243320,0.865041,0.125277,0.285830,0.860093,-0.083736,0.293160,0.496474,0.130764,0.193480,0.491526,-0.078249,0.200810,0.746174,0.164119,0.016000,0.908608,-0.138422,0.063714,0.525974,0.170606,0.052343,0.429059,-0.128749,0.015809
0.694250,0.024073,0.246041,0.882573,0.125670,0.281451,0.877613,-0.083318,0.289474,0.510887,0.131463,0.202608,0.505928,-0.077524,0.210631,0.747510,0.164180,0.015976,0.936947,-0.138953,0.062031,0.582556,0.168822,0.034944,0.428944,-0.128673,0.015802
0.710651,0.024590,0.245606,0.900445,0.126032,0.272609,0.895611,-0.082934,0.281240,0.525692,0.132113,0.209972,0.520858,-0.076853,0.218603,0.750813,0.164391,0.015910,0.951649,-0.139178,0.052534,0.639993,0.167609,0.031755,0.428833,-0.128603,0.015773
0.727428,0.024684,0.242090,0.918463,0.125842,0.259808,0.913725,-0.083109,0.268834,0.541132,0.132477,0.215347,0.536394,-0.076474,0.224373,0.754778,0.164519,0.015831,0.954263,-0.139515,0.037750,0.684939,0.166921,0.034791,0.429881,-0.128574,0.015765
0.744144,0.024132,0.235116,0.936142,0.124702,0.243102,0.931242,-0.084245,0.252145,0.557047,0.132509,0.218087,0.552147,-0.076438,0.227130,0.759508,0.164510,0.015775,0.946467,-0.140203,0.018866,0.714801,0.166392,0.035042,0.436627,-0.128382,0.015778
0.760550,0.023353,0.225337,0.952992,0.123386,0.224876,0.947921,-0.085566,0.233696,0.573178,0.132272,0.216978,0.568107,-0.076681,0.225798,0.766355,0.164595,0.015795,0.945819,-0.140210,0.015959,0.732659,0.165944,0.028383,0.448561,-0.127917,0.021254
0.776161,0.023367,0.213782,0.968551,0.123363,0.208497,0.963665,-0.085550,0.218291,0.588657,0.132284,0.209273,0.583771,-0.076629,0.219066,0.781536,0.164215,0.015779,0.946050,-0.140132,0.016043,0.738774,0.165227,0.016041,0.471107,-0.128048,0.036874
0.791149,0.023512,0.201024,0.983515,0.123502,0.194825,0.978676,-0.085355,0.205780,0.603622,0.132379,0.196268,0.598783,-0.076478,0.207222,0.799118,0.164259,0.022488,0.946613,-0.140087,0.016072,0.740250,0.165279,0.015930,0.510929,-0.127985,0.054353
0.806114,0.023169,0.188585,0.998402,0.123453,0.185506,0.993696,-0.085365,0.197233,0.618533,0.131702,0.179938,0.613826,-0.077116,0.191665,0.824134,0.164294,0.032030,0.947533,-0.140036,0.015996,0.741636,0.165245,0.015846,0.560236,-0.128638,0.063514
0.821726,0.022282,0.177216,1.013688,0.123113,0.182210,1.009067,-0.085699,0.194092,0.634385,0.130262,0.160340,0.629764,-0.078549,0.172222,0.858313,0.163901,0.038380,0.948731,-0.140043,0.015820,0.743080,0.165176,0.015973,0.608611,-0.129588,0.067281
0.838221,0.021021,0.168063,1.029180,0.122434,0.185119,1.024478,-0.086402,0.196517,0.651963,0.128444,0.139609,0.647261,-0.080393,0.151008,0.903931,0.162772,0.038332,0.950118,-0.140122,0.015760,0.744664,0.165141,0.016032,0.651020,-0.130672,0.065531
0.855268,0.019871,0.162700,1.044105,0.121979,0.193619,1.039390,-0.086887,0.204452,0.671147,0.126629,0.120948,0.666432,-0.082237,0.131781,0.960672,0.161251,0.036799,0.951544,-0.140205,0.015936,0.746393,0.164998,0.015782,0.688639,-0.132115,0.057474
0.872107,0.019068,0.162083,1.058128,0.121751,0.205594,1.053383,-0.087139,0.215935,0.690830,0.125275,0.108232,0.686085,-0.083615,0.118573,1.019474,0.159969,0.040399,0.953010,-0.140272,0.016045,0.748461,0.164904,0.015723,0.725672,-0.133655,0.045379
0.888222,0.018433,0.165707,1.071912,0.121427,0.217584,1.067163,-0.087491,0.227363,0.709281,0.124356,0.104051,0.704531,-0.084561,0.113830,1.066914,0.158874,0.042872,0.954535,-0.140338,0.015948,0.750830,0.164796,0.015874,0.761514,-0.135141,0.033230
0.904305,0.017747,0.171844,1.087061,0.120675,0.227042,1.082271,-0.088274,0.236100,0.726338,0.123768,0.107588,0.721548,-0.085181,0.116646,1.097590,0.157733,0.037752,0.956132,-0.140435,0.015805,0.753222,0.164683,0.015939,0.785863,-0.136243,0.022459
0.921015,0.017178,0.177878,1.104272,0.119802,0.231973,1.099363,-0.089165,0.240521,0.742666,0.123521,0.115235,0.737758,-0.085447,0.123783,1.110453,0.156621,0.023275,0.957756,-0.140525,0.015987,0.755472,0.164654,0.015835,0.792996,-0.136658,0.015897
0.937866,0.017303,0.183375,1.121981,0.119904,0.234522,1.117147,-0.089058,0.243264,0.758585,0.123665,0.123485,0.753751,-0.085297,0.132227,1.112161,0.156493,0.016041,0.966409,-0.140578,0.016043,0.757953,0.164780,0.018281,0.794870,-0.136615,0.015922
0.953810,0.017531,0.190026,1.138065,0.120221,0.240486,1.133259,-0.088725,0.249597,0.774361,0.123788,0.130456,0.769555,-0.085158,0.139567,1.113552,0.156502,0.016023,0.990567,-0.141143,0.015813,0.762194,0.165696,0.041550,0.796510,-0.136672,0.015985
0.968592,0.017256,0.198740,1.152384,0.119950,0.250852,1.147596,-0.089012,0.259617,0.789588,0.123523,0.137864,0.784800,-0.085438,0.146629,1.115121,0.156445,0.015780,1.006723,-0.141399,0.018512,0.775062,0.166982,0.081207,0.798013,-0.136725,0.015927
0.982960,0.016806,0.208823,1.166133,0.119439,0.263183,1.161330,-0.089545,0.271391,0.804589,0.123156,0.146254,0.799787,-0.085828,0.154462,1.116788,0.156355,0.015827,1.048319,-0.142268,0.021268,0.794380,0.167574,0.112814,0.799217,-0.136755,0.015866
0.997555,0.016539,0.218832,1.180374,0.119162,0.274389,1.175588,-0.089833,0.282317,0.819521,0.122910,0.155347,0.814735,-0.086085,0.163275,1.118423,0.156274,0.016018,1.095561,-0.143217,0.026019,0.812366,0.167647,0.131064,0.800130,-0.136842,0.015732
1.012419,0.016532,0.228205,1.195392,0.119159,0.283247,1.190637,-0.089836,0.291173,0.834200,0.122900,0.165236,0.829446,-0.086095,0.173162,1.120077,0.156231,0.015976,1.147969,-0.144179,0.032267,0.826185,0.167445,0.135377,0.800732,-0.136906,0.015773
1.027620,0.016722,0.236543,1.211357,0.119298,0.289080,1.206612,-0.089690,0.297204,0.848629,0.123133,0.175882,0.843884,-0.085855,0.184006,1.121756,0.156205,0.015799,1.202832,-0.145055,0.041117,0.838248,0.166937,0.126280,0.801036,-0.136917,0.015806
1.043173,0.016998,0.243349,1.228220,0.119444,0.291344,1.223469,-0.089531,0.299794,0.862877,0.123528,0.186905,0.858125,-0.085447,0.195355,1.123344,0.156193,0.015967,1.254805,-0.145774,0.051710,0.855267,0.165812,0.103120,0.801070,-0.136909,0.015807
1.059023,0.017312,0.248050,1.245737,0.119551,0.289599,1.240989,-0.089408,0.298451,0.877057,0.124032,0.197650,0.872309,-0.084927,0.206502,1.124809,0.156211,0.016012,1.297108,-0.146317,0.059295,0.888870,0.163836,0.069460,0.800919,-0.136886,0.015798
1.074951,0.017647,0.249741,1.263413,0.119616,0.283288,1.258688,-0.089321,0.292634,0.891214,0.124615,0.206849,0.886489,-0.084323,0.216195,1.125962,0.156274,0.015956,1.324970,-0.146830,0.057839,0.946831,0.161414,0.040297,0.800717,-0.136855,0.015772
1.091194,0.017826,0.248272,1.281089,0.119627,0.273127,1.276593,-0.089301,0.282799,0.905795,0.124953,0.213745,0.901299,-0.083974,0.223417,1.128373,0.156513,0.015872,1.338060,-0.147034,0.047327,1.011118,0.159788,0.032112,0.800725,-0.136935,0.015695
1.107832,0.017567,0.243817,1.298922,0.118984,0.259318,1.294501,-0.089942,0.269068,0.921162,0.125075,0.218566,0.916742,-0.083851,0.228317,1.132927,0.156641,0.015803,1.338747,-0.147494,0.031082,1.061587,0.159085,0.035813,0.801268,-0.136839,0.015719
1.124338,0.016693,0.235946,1.316286,0.117537,0.241195,1.311797,-0.091401,0.250639,0.936879,0.124787,0.221253,0.932390,-0.084151,0.230697,1.136188,0.156725,0.015777,1.332560,-0.147966,0.015861,1.094977,0.158617,0.038050,0.806920,-0.136676,0.015782
1.140203,0.015846,0.226065,1.332260,0.116568,0.222786,1.328062,-0.092373,0.232305,0.952345,0.124066,0.219825,0.948147,-0.084875,0.229344,1.143689,0.156434,0.015816,1.332215,-0.147820,0.015946,1.114635,0.157746,0.031813,0.821490,-0.137422,0.018938
1.155441,0.015652,0.214309,1.347373,0.116342,0.206255,1.343390,-0.092568,0.216538,0.967492,0.123871,0.212080,0.963509,-0.085038,0.222363,1.157066,0.156108,0.015777,1.332336,-0.147741,0.015999,1.118573,0.156852,0.015990,0.845530,-0.137700,0.031422
1.170134,0.015745,0.200914,1.362165,0.116211,0.192443,1.357976,-0.092647,0.203638,0.982291,0.124138,0.198191,0.978102,-0.084721,0.209386,1.175006,0.156334,0.021658,1.332810,-0.147718,0.016126,1.120145,0.157129,0.015951,0.884371,-0.136980,0.048676
1.184788,0.015358,0.187612,1.376805,0.116093,0.182822,1.372692,-0.092727,0.194735,0.996883,0.123443,0.180488,0.992771,-0.085377,0.192402,1.199232,0.156435,0.030526,1.333642,-0.147681,0.016103,1.121577,0.157126,0.015832,0.933993,-0.137367,0.058935
1.200029,0.014381,0.175453,1.391762,0.115690,0.179511,1.387715,-0.093128,0.191490,1.012344,0.121891,0.159417,1.008297,-0.086927,0.171395,1.231657,0.156172,0.037355,1.334829,-0.147707,0.015916,1.122945,0.157049,0.015929,0.984035,-0.138185,0.063405
1.216204,0.013008,0.165762,1.406842,0.114969,0.183148,1.402728,-0.093884,0.194468,1.029680,0.119900,0.137056,1.025566,-0.088953,0.148376,1.273766,0.155232,0.037702,1.336182,-0.147788,0.015704,1.124418,0.157001,0.016049,1.027639,-0.139194,0.062124
1.232924,0.011705,0.160374,1.421135,0.114368,0.193204,1.416994,-0.094529,0.203658,1.048853,0.117940,0.117090,1.044712,-0.090957,0.127544,1.327096,0.153837,0.035110,1.337613,-0.147872,0.015805,1.126045,0.156862,0.015900,1.065515,-0.140563,0.054067
1.249279,0.010792,0.160533,1.434135,0.113979,0.207668,1.429916,-0.094953,0.217360,1.068642,0.116537,0.103705,1.064423,-0.092396,0.113397,1.385291,0.152573,0.037343,1.339046,-0.147967,0.016015,1.128064,0.156760,0.015631,1.101836,-0.142002,0.041338
1.264694,0.010041,0.165694,1.446535,0.113480,0.222927,1.442282,-0.095489,0.231777,1.087106,0.115572,0.099611,1.082854,-0.093398,0.108462,1.434212,0.151519,0.040848,1.340548,-0.148057,0.016027,1.130462,0.156644,0.015898,1.136330,-0.143382,0.028283
1.279831,0.009156,0.173769,1.460136,0.112434,0.235936,1.455823,-0.096578,0.243686,1.103839,0.114890,0.103852,1.099525,-0.094122,0.111602,1.466739,0.150472,0.038610,1.342140,-0.148171,0.015838,1.132910,0.156523,0.015972,1.159649,-0.144380,0.016487
1.295593,0.008374,0.182017,1.476427,0.111036,0.243668,1.471626,-0.097985,0.250875,1.119561,0.114733,0.113158,1.114759,-0.094287,0.120366,1.482409,0.148990,0.029135,1.346803,-0.148709,0.015908,1.135146,0.156507,0.015808,1.161685,-0.144455,0.015951
1.311939,0.008467,0.188344,1.494725,0.110624,0.244862,1.489279,-0.098346,0.253018,1.134599,0.115279,0.123669,1.129153,-0.093691,0.131825,1.481729,0.147531,0.016002,1.360153,-0.149566,0.020227,1.137270,0.156524,0.016423,1.163297,-0.144600,0.016025
1.327114,0.008664,0.195224,1.511038,0.110723,0.248113,1.505573,-0.098233,0.256598,1.148656,0.115561,0.133851,1.143191,-0.093395,0.142335,1.483012,0.147533,0.015957,1.380868,-0.150088,0.019836,1.142871,0.156776,0.024516,1.164744,-0.144592,0.015975
1.341602,0.008615,0.203487,1.525880,0.110646,0.255186,1.520449,-0.098312,0.263667,1.162756,0.115543,0.143306,1.157325,-0.093415,0.151787,1.484459,0.147507,0.015777,1.424856,-0.151141,0.021949,1.153033,0.157341,0.045803,1.165919,-0.144658,0.015868
1.356361,0.008492,0.212425,1.540791,0.110490,0.263644,1.535377,-0.098472,0.272036,1.177346,0.115457,0.152815,1.171932,-0.093505,0.161207,1.485985,0.147462,0.015901,1.469970,-0.152040,0.028991,1.167136,0.157738,0.066030,1.166913,-0.144716,0.015816
1.371399,0.008353,0.221504,1.556102,0.110287,0.271859,1.550693,-0.098679,0.280146,1.192105,0.115385,0.162862,1.186696,-0.093580,0.171150,1.487540,0.147416,0.016021,1.515121,-0.152889,0.037342,1.183107,0.157748,0.077854,1.167651,-0.144753,0.015718
1.386711,0.008266,0.230185,1.571978,0.110108,0.278616,1.566579,-0.098859,0.286868,1.206844,0.115392,0.173502,1.201444,-0.093575,0.181754,1.489159,0.147377,0.015954,1.561993,-0.153733,0.046498,1.201352,0.157307,0.079103,1.168110,-0.144769,0.015761
1.402340,0.008243,0.237802,1.588531,0.109962,0.282828,1.583153,-0.099004,0.291149,1.221526,0.115489,0.184455,1.216149,-0.093476,0.192776,1.490774,0.147347,0.015833,1.608666,-0.154510,0.056369,1.226630,0.156233,0.068288,1.168307,-0.144794,0.015774
1.418289,0.008351,0.243482,1.605770,0.109873,0.283298,1.600379,-0.099081,0.291884,1.236199,0.115784,0.195080,1.230808,-0.093170,0.203666,1.492257,0.147321,0.015979,1.649075,-0.155234,0.063294,1.266924,0.154506,0.049330,1.168310,-0.144781,0.015792
1.434502,0.008624,0.246277,1.623467,0.109901,0.279082,1.618073,-0.099034,0.288138,1.250930,0.116282,0.204415,1.245536,-0.092653,0.213471,1.493517,0.147361,0.016017,1.677552,-0.155879,0.061989,1.324309,0.152527,0.034421,1.168208,-0.144733,0.015769
1.451124,0.008946,0.245833,1.641486,0.110007,0.270129,1.636224,-0.098908,0.279694,1.266024,0.116801,0.211973,1.260762,-0.092114,0.221537,1.495614,0.147557,0.015974,1.692418,-0.156246,0.052304,1.382172,0.151200,0.033119,1.168091,-0.144713,0.015755
1.468105,0.008880,0.242278,1.659584,0.109659,0.257129,1.654487,-0.099245,0.267014,1.281723,0.117005,0.217541,1.276627,-0.091900,0.227426,1.497745,0.147707,0.015902,1.694989,-0.156631,0.037029,1.427596,0.150447,0.037633,1.169231,-0.144808,0.015790
1.485065,0.008094,0.235430,1.677322,0.108349,0.240666,1.672181,-0.100564,0.250337,1.297950,0.116752,0.220523,1.292809,-0.092161,0.230194,1.501562,0.147777,0.015808,1.687183,-0.157222,0.017546,1.458221,0.149915,0.038954,1.175762,-0.144722,0.015720
1.501612,0.007256,0.226095,1.694107,0.107148,0.223273,1.688985,-0.101766,0.232919,1.314238,0.116277,0.219270,1.309116,-0.092637,0.228917,1.507834,0.147652,0.015888,1.687158,-0.157250,0.015995,1.476969,0.149205,0.033141,1.187204,-0.144763,0.020957
1.517385,0.007011,0.215008,1.709701,0.106998,0.207347,1.704935,-0.101885,0.217822,1.329836,0.115908,0.212194,1.325070,-0.092975,0.222669,1.518946,0.147264,0.015799,1.687428,-0.157124,0.016019,1.483338,0.148086,0.015996,1.207947,-0.145093,0.037777
1.532513,0.007112,0.202212,1.724928,0.106831,0.193623,1.719938,-0.101998,0.205046,1.345087,0.116221,0.199378,1.340098,-0.092608,0.210801,1.536388,0.147483,0.022085,1.687985,-0.157103,0.016061,1.484982,0.148377,0.015972,1.245727,-0.144344,0.056140
1.547503,0.006778,0.189433,1.739871,0.106785,0.183594,1.735033,-0.101998,0.195868,1.359972,0.115554,0.182999,1.355134,-0.093230,0.195273,1.560656,0.147530,0.031363,1.688896,-0.157043,0.016013,1.486428,0.148335,0.015814,1.294864,-0.144980,0.065888
1.563059,0.005883,0.177565,1.755224,0.106435,0.179321,1.750479,-0.102338,0.191808,1.375639,0.114105,0.163322,1.370894,-0.094668,0.175810,1.593880,0.147203,0.038198,1.690083,-0.157034,0.015835,1.487882,0.148280,0.015921,1.344302,-0.145970,0.069433
1.579508,0.004588,0.167699,1.770881,0.105751,0.181250,1.766055,-0.103045,0.193322,1.392961,0.112221,0.142076,1.388135,-0.096574,0.154147,1.638030,0.146106,0.038488,1.691466,-0.157125,0.015754,1.489411,0.148244,0.016057,1.387801,-0.147084,0.068024
1.596598,0.003313,0.161477,1.786060,0.105243,0.188959,1.781252,-0.103587,0.200415,1.411943,0.110213,0.122539,1.407135,-0.098617,0.133995,1.693717,0.144512,0.036057,1.692885,-0.157203,0.015944,1.491094,0.148072,0.015915,1.425951,-0.148614,0.060475
1.613602,0.002434,0.160049,1.800342,0.104990,0.200687,1.795481,-0.103867,0.211634,1.431722,0.108735,0.108463,1.426861,-0.100122,0.119410,1.753846,0.143106,0.038709,1.694316,-0.157289,0.016046,1.493091,0.147963,0.015588,1.462723,-0.150190,0.048661
1.629904,0.001801,0.163032,1.814160,0.104765,0.212924,1.809300,-0.104118,0.223357,1.450507,0.107721,0.102706,1.445647,-0.101162,0.113140,1.804182,0.142002,0.042467,1.695828,-0.157356,0.015958,1.495420,0.147857,0.015869,1.499478,-0.151776,0.036214
1.645973,0.001175,0.168863,1.829047,0.104153,0.222907,1.824149,-0.104761,0.232676,1.467797,0.107111,0.105051,1.462900,-0.101804,0.114820,1.838076,0.140844,0.038778,1.697428,-0.157446,0.015759,1.497894,0.147752,0.015963,1.526510,-0.152978,0.025627
1.662586,0.000535,0.174915,1.845894,0.103215,0.228731,1.840874,-0.105725,0.237870,1.484298,0.106795,0.111959,1.479278,-0.102145,0.121099,1.854224,0.139643,0.025735,1.699054,-0.157530,0.015975,1.500303,0.147714,0.015882,1.537860,-0.153671,0.015654
