0.022980,0.013058,0.321602,0.213482,0.116740,0.321617,0.212122,-0.091811,0.305203,-0.166163,0.117926,0.338001,-0.167523,-0.090624,0.321587,0.187124,0.176747,0.140642,0.207966,-0.122546,0.116792,-0.181223,0.175851,0.182554,-0.139885,-0.120993,0.125877
0.032902,0.020473,0.302676,0.223566,0.123843,0.300970,0.221757,-0.084768,0.285381,-0.155954,0.125715,0.319971,-0.157763,-0.082896,0.304381,0.169747,0.184086,0.110979,0.239145,-0.117530,0.111862,-0.181094,0.182351,0.174920,-0.134167,-0.112906,0.093308
0.042007,0.027645,0.280157,0.231924,0.132373,0.277962,0.231496,-0.076148,0.261120,-0.147481,0.131438,0.299194,-0.147910,-0.077083,0.282352,0.180040,0.193921,0.081804,0.247958,-0.107056,0.078831,-0.160706,0.190178,0.136818,-0.124677,-0.104690,0.059024
0.051086,0.034794,0.253160,0.240377,0.140644,0.250742,0.241064,-0.067736,0.232247,-0.138891,0.137323,0.274073,-0.138204,-0.071056,0.255578,0.196530,0.202559,0.065626,0.239896,-0.094469,0.019307,-0.128998,0.200420,0.077634,-0.114835,-0.097144,0.036283
0.059952,0.042744,0.224519,0.249300,0.148469,0.221309,0.250104,-0.060332,0.208433,-0.130200,0.145820,0.240604,-0.129397,-0.062982,0.227728,0.197940,0.205196,0.036650,0.239498,-0.094040,0.015945,-0.101730,0.204856,0.023479,-0.105838,-0.095358,0.015779
0.067207,0.051617,0.202429,0.256654,0.157089,0.197260,0.257449,-0.052051,0.192319,-0.123034,0.155284,0.212538,-0.122239,-0.053856,0.207598,0.201901,0.206629,0.015839,0.239387,-0.093415,0.015894,-0.100032,0.205477,0.016016,-0.104239,-0.094725,0.016019
0.073269,0.057663,0.188870,0.262743,0.162867,0.180341,0.263470,-0.046327,0.181746,-0.116932,0.161653,0.195993,-0.116206,-0.047541,0.197398,0.201928,0.207002,0.015813,0.239537,-0.092975,0.015933,-0.098746,0.205957,0.015807,-0.104895,-0.094138,0.020942
0.078564,0.061207,0.181328,0.267999,0.166231,0.170138,0.268755,-0.042893,0.175705,-0.111628,0.165307,0.186951,-0.110872,-0.043818,0.192518,0.202222,0.207351,0.015788,0.239841,-0.092719,0.015894,-0.097851,0.206268,0.015831,-0.107259,-0.093616,0.029302
0.083454,0.063080,0.178383,0.272806,0.168041,0.165329,0.273666,-0.041008,0.173240,-0.106757,0.167168,0.183527,-0.105897,-0.041881,0.191438,0.202671,0.207573,0.015730,0.240234,-0.092583,0.015905,-0.097257,0.206345,0.015882,-0.109143,-0.093346,0.033712
0.088360,0.063747,0.178683,0.277671,0.168663,0.164714,0.278557,-0.040357,0.173344,-0.101837,0.167852,0.184023,-0.100951,-0.041168,0.192653,0.215780,0.207744,0.015847,0.240688,-0.092504,0.015972,-0.096849,0.206420,0.015882,-0.111593,-0.093150,0.036487
0.093666,0.063835,0.180638,0.282973,0.168732,0.166469,0.283846,-0.040289,0.175084,-0.096514,0.167959,0.186191,-0.095641,-0.041061,0.194806,0.241820,0.207953,0.018573,0.241240,-0.092513,0.016001,-0.096492,0.206429,0.015878,-0.115115,-0.092946,0.041608
0.099480,0.063885,0.182985,0.288796,0.168771,0.168862,0.289652,-0.040253,0.177401,-0.090692,0.168022,0.188569,-0.089836,-0.041002,0.197108,0.269394,0.208267,0.024101,0.241840,-0.092532,0.015952,-0.096138,0.206434,0.015878,-0.117131,-0.092629,0.049546
0.105701,0.064278,0.185102,0.295009,0.169159,0.170829,0.295882,-0.039852,0.179664,-0.084479,0.168408,0.190541,-0.083606,-0.040604,0.199376,0.288187,0.208574,0.027765,0.242495,-0.092489,0.015898,-0.095743,0.206468,0.015863,-0.114689,-0.092260,0.056603
0.112133,0.065228,0.186815,0.301441,0.170065,0.172231,0.302329,-0.038905,0.182003,-0.078063,0.169360,0.191626,-0.077175,-0.039610,0.201398,0.299607,0.208800,0.027730,0.243164,-0.092426,0.015833,-0.095295,0.206567,0.015844,-0.106623,-0.091824,0.060481
0.118580,0.066868,0.188042,0.307861,0.171676,0.172913,0.308834,-0.037205,0.184413,-0.071675,0.170941,0.191671,-0.070702,-0.037941,0.203171,0.305050,0.208948,0.023352,0.243820,-0.092314,0.015737,-0.094825,0.206669,0.015797,-0.092286,-0.091464,0.059624
0.125065,0.068954,0.188363,0.314298,0.173627,0.171757,0.315333,-0.035118,0.185517,-0.065203,0.173027,0.191208,-0.064168,-0.035718,0.204968,0.304219,0.208841,0.015734,0.244435,-0.092213,0.015692,-0.094324,0.206867,0.015762,-0.069825,-0.091369,0.052135
0.131416,0.070419,0.187907,0.320657,0.174890,0.170158,0.321646,-0.033736,0.185604,-0.058814,0.174575,0.190210,-0.057824,-0.034052,0.205656,0.304729,0.208964,0.015832,0.271868,-0.092016,0.017187,-0.093941,0.207065,0.015719,-0.037449,-0.091801,0.039904
0.137798,0.070473,0.186036,0.327177,0.174803,0.168945,0.327959,-0.033822,0.184421,-0.052363,0.174767,0.187651,-0.051580,-0.033858,0.203127,0.305284,0.208944,0.015911,0.315662,-0.091320,0.024315,-0.093668,0.207433,0.015717,0.001236,-0.092156,0.028952
0.144428,0.069107,0.182414,0.333870,0.173659,0.167511,0.334664,-0.035062,0.181647,-0.045807,0.173276,0.183181,-0.045013,-0.035445,0.197316,0.305866,0.208842,0.015943,0.351922,-0.090551,0.033983,-0.092916,0.207312,0.015752,0.034358,-0.092866,0.017632
0.151104,0.067650,0.178458,0.340548,0.172345,0.164642,0.341364,-0.036471,0.177286,-0.039156,0.171770,0.179630,-0.038340,-0.037046,0.192274,0.306414,0.208742,0.015943,0.375907,-0.089984,0.043265,-0.091839,0.207172,0.015707,0.035246,-0.092975,0.015850
0.157543,0.066734,0.175474,0.346978,0.171529,0.162292,0.347826,-0.037340,0.174023,-0.032740,0.170809,0.176925,-0.031892,-0.038060,0.188656,0.306962,0.208675,0.016058,0.390207,-0.089628,0.050502,-0.087871,0.207409,0.022060,0.035914,-0.093019,0.015731
0.163960,0.066120,0.174150,0.353399,0.171029,0.161996,0.354286,-0.037878,0.173028,-0.026367,0.170118,0.175273,-0.025480,-0.038789,0.186305,0.307610,0.208642,0.016057,0.399482,-0.089504,0.053649,-0.081151,0.207599,0.027560,0.036570,-0.093054,0.015601
0.170368,0.065670,0.174344,0.359817,0.170708,0.163502,0.360752,-0.038229,0.173951,-0.020016,0.169569,0.174738,-0.019080,-0.039368,0.185186,0.308298,0.208606,0.015953,0.406490,-0.089529,0.054022,-0.073399,0.207650,0.031022,0.037196,-0.093099,0.015686
0.176708,0.065281,0.175623,0.366171,0.170441,0.166318,0.367143,-0.038523,0.176200,-0.013727,0.169085,0.175045,-0.012754,-0.039879,0.184928,0.308988,0.208562,0.015905,0.412015,-0.089629,0.053283,-0.065488,0.207654,0.033551,0.037770,-0.093145,0.015778
0.183041,0.064903,0.177548,0.372510,0.170181,0.169858,0.373519,-0.038810,0.179158,-0.007438,0.168617,0.175938,-0.006429,-0.040374,0.185238,0.309694,0.208519,0.015827,0.416179,-0.089734,0.052528,-0.057610,0.207658,0.036343,0.038350,-0.093191,0.015842
0.189346,0.064507,0.179816,0.378810,0.169896,0.173663,0.379861,-0.039122,0.182341,-0.001169,0.168135,0.177290,-0.000117,-0.040883,0.185968,0.310337,0.208484,0.015730,0.419146,-0.089820,0.052132,-0.049747,0.207672,0.039809,0.038854,-0.093238,0.015882
0.195690,0.064068,0.182269,0.385144,0.169544,0.177444,0.386228,-0.039500,0.185453,0.005152,0.167636,0.179085,0.006236,-0.041408,0.187095,0.310985,0.208448,0.015759,0.421007,-0.089903,0.052369,-0.041653,0.207712,0.044279,0.039371,-0.093280,0.015899
0.202118,0.063515,0.184951,0.391556,0.169062,0.181212,0.392674,-0.040010,0.188439,0.011562,0.167040,0.181462,0.012679,-0.042033,0.188690,0.311638,0.208395,0.015807,0.421799,-0.090001,0.053396,-0.033080,0.207723,0.049678,0.039862,-0.093338,0.015902
0.208759,0.062771,0.187983,0.398177,0.168383,0.185109,0.399336,-0.040720,0.191364,0.018183,0.166262,0.184602,0.019342,-0.042842,0.190856,0.312291,0.208315,0.015830,0.421551,-0.090148,0.054969,-0.023597,0.207634,0.055312,0.040330,-0.093430,0.015881
0.215660,0.061790,0.191447,0.405059,0.167453,0.189296,0.406254,-0.041683,0.194311,0.025066,0.165264,0.188583,0.026261,-0.043872,0.193598,0.312944,0.208233,0.015881,0.420033,-0.090373,0.056494,-0.012507,0.207429,0.059937,0.040762,-0.093514,0.015892
0.222977,0.060528,0.195260,0.412351,0.166243,0.193649,0.413595,-0.042924,0.197158,0.032358,0.163979,0.193362,0.033602,-0.045188,0.196871,0.313627,0.208132,0.015943,0.417139,-0.090712,0.056973,0.001153,0.207047,0.061995,0.041212,-0.093636,0.015895
0.230576,0.059170,0.198823,0.419926,0.164926,0.197020,0.421215,-0.044261,0.198985,0.039937,0.162600,0.198660,0.041225,-0.046586,0.200625,0.314331,0.208027,0.015958,0.412827,-0.091136,0.053047,0.018251,0.206611,0.059335,0.041640,-0.093772,0.015884
0.238056,0.058151,0.200795,0.427039,0.164527,0.197516,0.429005,-0.044663,0.197816,0.047107,0.160966,0.203774,0.049073,-0.048225,0.204074,0.325609,0.208766,0.015750,0.407457,-0.090541,0.041481,0.039510,0.206128,0.051580,0.041723,-0.094015,0.015859
0.245083,0.057274,0.199951,0.432976,0.165477,0.194552,0.436935,-0.043682,0.193486,0.053231,0.158230,0.206417,0.057189,-0.050930,0.205351,0.364201,0.210528,0.019287,0.401429,-0.088934,0.020937,0.065742,0.204772,0.040306,0.035806,-0.095841,0.018506
0.251694,0.056602,0.196014,0.438443,0.166704,0.189428,0.444530,-0.042406,0.188769,0.058857,0.155611,0.203260,0.064944,-0.053499,0.202601,0.410722,0.211874,0.028288,0.401701,-0.088578,0.015941,0.094343,0.202666,0.028017,0.024630,-0.099607,0.032834
0.258034,0.056854,0.190333,0.444174,0.168006,0.184155,0.451472,-0.041066,0.184475,0.064595,0.154775,0.196192,0.071893,-0.054297,0.196512,0.443489,0.213237,0.038342,0.402262,-0.088520,0.015854,0.109239,0.201535,0.015869,0.022275,-0.101741,0.043427
0.264297,0.057224,0.185228,0.450494,0.168319,0.179751,0.457730,-0.040755,0.180224,0.070865,0.155204,0.190232,0.078101,-0.053870,0.190705,0.462047,0.213882,0.040744,0.402728,-0.088508,0.015810,0.109956,0.201640,0.015947,0.025846,-0.101470,0.051838
0.270645,0.057465,0.182533,0.456840,0.168555,0.176920,0.464073,-0.040519,0.177452,0.077217,0.155448,0.187613,0.084450,-0.053626,0.188145,0.474423,0.214293,0.040434,0.403269,-0.088512,0.015758,0.110572,0.201643,0.015947,0.031918,-0.101251,0.058386
0.277111,0.057961,0.182188,0.463293,0.169037,0.175911,0.470523,-0.040037,0.176739,0.083700,0.155958,0.187636,0.090929,-0.053116,0.188464,0.484102,0.214693,0.039355,0.403863,-0.088457,0.015831,0.111124,0.201703,0.015943,0.039089,-0.100882,0.063130
0.283634,0.058956,0.183394,0.469801,0.170001,0.176179,0.477031,-0.039067,0.177888,0.090237,0.156979,0.188900,0.097467,-0.052089,0.190609,0.491780,0.215108,0.037662,0.404490,-0.088379,0.015823,0.111615,0.201783,0.015918,0.047089,-0.100323,0.066673
0.290226,0.060593,0.185315,0.476378,0.171584,0.176983,0.483617,-0.037465,0.180262,0.096835,0.158651,0.190369,0.104073,-0.050398,0.193648,0.497673,0.215578,0.035083,0.405142,-0.088244,0.015847,0.112106,0.201925,0.015865,0.056467,-0.099482,0.069198
0.296860,0.062927,0.187365,0.482987,0.173854,0.177705,0.490267,-0.035145,0.183297,0.103452,0.160999,0.191433,0.110733,-0.047999,0.197025,0.501680,0.216074,0.031017,0.405806,-0.088061,0.015851,0.112662,0.202118,0.015915,0.068004,-0.098371,0.070335
0.303516,0.065918,0.189125,0.489601,0.176759,0.177821,0.496957,-0.032135,0.186397,0.110076,0.163971,0.191852,0.117431,-0.044923,0.200428,0.503181,0.216444,0.024113,0.406413,-0.087838,0.015950,0.113208,0.202376,0.015939,0.082651,-0.097066,0.068853
0.310177,0.069382,0.190141,0.496291,0.179899,0.176413,0.503557,-0.028817,0.188631,0.116797,0.167581,0.191651,0.124062,-0.041136,0.203869,0.501625,0.216235,0.015761,0.406844,-0.087843,0.016033,0.113791,0.202746,0.015945,0.101939,-0.095723,0.062745
0.316628,0.072353,0.190484,0.502770,0.182496,0.174339,0.509922,-0.026022,0.189618,0.123333,0.170729,0.191350,0.130485,-0.037790,0.206629,0.502046,0.216446,0.015703,0.421465,-0.087321,0.016754,0.114076,0.203159,0.015957,0.128872,-0.094922,0.049975
0.322865,0.074097,0.190388,0.509060,0.183986,0.173168,0.516095,-0.024407,0.190122,0.129634,0.172600,0.190653,0.136669,-0.035793,0.207607,0.502530,0.216579,0.015679,0.462308,-0.085667,0.020274,0.114164,0.203487,0.015901,0.162347,-0.094243,0.039325
0.329350,0.074471,0.189013,0.515582,0.184354,0.172158,0.522589,-0.024015,0.189417,0.136110,0.172956,0.188610,0.143117,-0.035413,0.205868,0.503099,0.216614,0.015786,0.513827,-0.083388,0.027067,0.114730,0.203563,0.015901,0.199686,-0.093570,0.031679
0.336300,0.073372,0.185644,0.522583,0.183407,0.170412,0.529564,-0.025063,0.186410,0.143035,0.171807,0.184878,0.150017,-0.036664,0.200876,0.503680,0.216522,0.015848,0.553003,-0.081410,0.036256,0.115500,0.203517,0.015778,0.232249,-0.093116,0.023700
0.343639,0.071167,0.180766,0.529967,0.181490,0.168435,0.536957,-0.027159,0.181900,0.150322,0.169493,0.179632,0.157312,-0.039156,0.193097,0.504315,0.216357,0.015905,0.578785,-0.080226,0.044016,0.116306,0.203346,0.015728,0.245389,-0.093205,0.015987
0.350666,0.069241,0.176354,0.536901,0.179933,0.166120,0.544110,-0.028838,0.177408,0.157222,0.167319,0.175300,0.164431,-0.041452,0.186588,0.504866,0.216248,0.015900,0.594678,-0.079451,0.051349,0.117757,0.202951,0.017198,0.246121,-0.093403,0.015912
0.357357,0.067989,0.173673,0.543559,0.178865,0.164921,0.550855,-0.029983,0.174619,0.163859,0.165962,0.172727,0.171155,-0.042886,0.182425,0.505476,0.216141,0.015909,0.603819,-0.079184,0.055642,0.119922,0.202948,0.021866,0.246830,-0.093506,0.015796
0.363773,0.067184,0.172883,0.549952,0.178197,0.165478,0.557316,-0.030700,0.173985,0.170231,0.165069,0.171780,0.177595,-0.043828,0.180288,0.506138,0.216080,0.015970,0.609891,-0.079182,0.055660,0.123500,0.202989,0.025711,0.247477,-0.093585,0.015676
0.369980,0.066624,0.173573,0.556144,0.177748,0.167624,0.563557,-0.031185,0.175142,0.176403,0.164432,0.172005,0.183816,-0.044501,0.179523,0.506784,0.216047,0.015929,0.614490,-0.079258,0.053631,0.128442,0.203072,0.028423,0.248078,-0.093626,0.015645
0.376114,0.066265,0.175216,0.562259,0.177489,0.170690,0.569722,-0.031469,0.177436,0.182505,0.163999,0.172997,0.189969,-0.044959,0.179743,0.507445,0.216037,0.015911,0.617988,-0.079337,0.050789,0.134405,0.203189,0.030675,0.248645,-0.093661,0.015717
0.382252,0.066074,0.177341,0.568389,0.177357,0.174103,0.575872,-0.031618,0.180295,0.188632,0.163766,0.174387,0.196115,-0.045208,0.180579,0.508118,0.216009,0.015855,0.620562,-0.079431,0.048180,0.141098,0.203373,0.032960,0.249219,-0.093687,0.015824
0.388405,0.065987,0.179590,0.574528,0.177319,0.177497,0.582032,-0.031667,0.183246,0.194778,0.163640,0.175935,0.202282,-0.045346,0.181684,0.508777,0.216006,0.015765,0.622523,-0.079472,0.046488,0.148260,0.203608,0.035660,0.249738,-0.093699,0.015880
0.394588,0.065975,0.181804,0.580696,0.177348,0.180629,0.588220,-0.031647,0.186037,0.200957,0.163597,0.177571,0.208481,-0.045398,0.182979,0.509423,0.216010,0.015758,0.624196,-0.079467,0.046124,0.155792,0.203887,0.039296,0.250261,-0.093711,0.015914
0.400833,0.065941,0.184042,0.586920,0.177354,0.183584,0.594473,-0.031649,0.188641,0.207194,0.163531,0.179443,0.214747,-0.045472,0.184500,0.510036,0.216008,0.015806,0.625687,-0.079437,0.047176,0.163709,0.204176,0.044044,0.250745,-0.093743,0.015934
0.407238,0.065815,0.186485,0.593308,0.177257,0.186581,0.600885,-0.031756,0.191164,0.213591,0.163386,0.181806,0.221168,-0.045627,0.186389,0.510663,0.216007,0.015841,0.626834,-0.079419,0.049215,0.172294,0.204480,0.049597,0.251262,-0.093764,0.015923
0.413841,0.065441,0.189336,0.599901,0.176898,0.189905,0.607495,-0.032128,0.193747,0.220187,0.163011,0.184924,0.227782,-0.046016,0.188766,0.511293,0.215967,0.015851,0.627140,-0.079514,0.051680,0.182003,0.204725,0.055129,0.251721,-0.093813,0.015843
0.420803,0.064808,0.192678,0.606844,0.176293,0.193637,0.614477,-0.032748,0.196454,0.227129,0.162364,0.188902,0.234762,-0.046678,0.191720,0.511956,0.215917,0.015892,0.626087,-0.079732,0.053771,0.193706,0.204881,0.059270,0.252180,-0.093896,0.015864
0.428154,0.063911,0.196312,0.614179,0.175422,0.197402,0.621854,-0.033632,0.198914,0.234454,0.161455,0.193710,0.242129,-0.047599,0.195222,0.512643,0.215864,0.015938,0.623347,-0.080108,0.053800,0.208213,0.205008,0.060300,0.252641,-0.093992,0.015874
0.435658,0.063061,0.199374,0.621629,0.174667,0.199527,0.629422,-0.034388,0.199773,0.241893,0.160509,0.198975,0.249686,-0.048545,0.199221,0.513262,0.215892,0.015935,0.619105,-0.080433,0.047931,0.226240,0.205240,0.056289,0.253038,-0.094118,0.015878
0.442978,0.062454,0.200537,0.628548,0.174712,0.198788,0.637066,-0.034312,0.197815,0.248890,0.159221,0.203259,0.257408,-0.049804,0.202285,0.535399,0.217257,0.015678,0.613844,-0.079983,0.033883,0.248755,0.205427,0.047821,0.252874,-0.094609,0.015911
0.449913,0.061665,0.198930,0.634700,0.175145,0.194778,0.644557,-0.033812,0.192692,0.255269,0.157142,0.205168,0.265126,-0.051816,0.203081,0.561316,0.218919,0.021249,0.610849,-0.079137,0.015638,0.273221,0.205158,0.038236,0.247175,-0.096325,0.018781
0.456226,0.061054,0.194895,0.640132,0.175906,0.189526,0.651537,-0.032974,0.187578,0.260915,0.155082,0.202212,0.272320,-0.053798,0.200263,0.607545,0.221127,0.030741,0.611318,-0.079089,0.015953,0.297135,0.204220,0.026248,0.236943,-0.099659,0.029790
0.462116,0.061230,0.189641,0.645666,0.176673,0.184770,0.657758,-0.032171,0.183187,0.266474,0.154631,0.196095,0.278567,-0.054213,0.194511,0.641359,0.223040,0.041102,0.611764,-0.079093,0.015849,0.306361,0.203834,0.015936,0.233544,-0.101172,0.039463
0.468014,0.061478,0.185189,0.651576,0.176925,0.180951,0.663674,-0.031917,0.179227,0.272353,0.154873,0.191151,0.284452,-0.053970,0.189427,0.660009,0.224074,0.043807,0.612192,-0.079078,0.015823,0.307019,0.203855,0.015974,0.235503,-0.101168,0.048284
0.474041,0.061676,0.182892,0.657602,0.177130,0.178775,0.669703,-0.031711,0.176863,0.278379,0.155063,0.188921,0.290480,-0.053778,0.187010,0.672004,0.224734,0.043157,0.612714,-0.079067,0.015776,0.307602,0.203868,0.015967,0.240541,-0.100988,0.054682
0.480156,0.062111,0.182661,0.663721,0.177548,0.178265,0.675803,-0.031295,0.176436,0.284509,0.155517,0.188886,0.296591,-0.053326,0.187058,0.681252,0.225284,0.041918,0.613285,-0.079033,0.015819,0.308110,0.203924,0.015966,0.247111,-0.100595,0.059072
0.486351,0.062996,0.183814,0.669922,0.178402,0.178890,0.681983,-0.030446,0.177674,0.290719,0.156438,0.189955,0.302780,-0.052411,0.188739,0.688694,0.225818,0.040578,0.613908,-0.078962,0.015877,0.308600,0.204011,0.015886,0.254676,-0.099979,0.062366
0.492596,0.064476,0.185654,0.676169,0.179844,0.179986,0.688224,-0.029008,0.180037,0.296968,0.157960,0.191271,0.309022,-0.050892,0.191322,0.694576,0.226398,0.038784,0.614522,-0.078827,0.015851,0.309081,0.204142,0.015854,0.263452,-0.099079,0.065026
0.498867,0.066586,0.187640,0.682455,0.181881,0.181035,0.694491,-0.026963,0.183052,0.303243,0.160134,0.192229,0.315279,-0.048709,0.194246,0.698826,0.226950,0.035903,0.615167,-0.078676,0.015865,0.309588,0.204325,0.015890,0.274050,-0.097845,0.066613
0.505180,0.069344,0.189454,0.688782,0.184541,0.181639,0.700805,-0.024262,0.186275,0.309556,0.162949,0.192632,0.321578,-0.045854,0.197268,0.701145,0.227445,0.031007,0.615796,-0.078477,0.015855,0.310132,0.204595,0.015908,0.287237,-0.096273,0.066377
0.511475,0.072659,0.190750,0.695059,0.187753,0.181195,0.707115,-0.020953,0.189024,0.315834,0.166270,0.192476,0.327890,-0.042436,0.200304,0.700277,0.227655,0.022386,0.616376,-0.078243,0.015962,0.310676,0.204907,0.015902,0.304228,-0.094529,0.062497
0.517746,0.076103,0.191048,0.701429,0.190759,0.178576,0.713253,-0.017796,0.189954,0.322239,0.170003,0.192141,0.334062,-0.038553,0.203520,0.697862,0.227262,0.015722,0.617380,-0.078309,0.016070,0.311117,0.205347,0.015906,0.327211,-0.092758,0.052748
0.523842,0.078808,0.190845,0.707623,0.193084,0.176469,0.719237,-0.015328,0.190401,0.328446,0.172944,0.191289,0.340061,-0.035468,0.205221,0.698275,0.227441,0.015757,0.657666,-0.075916,0.017848,0.310923,0.205862,0.015865,0.359077,-0.091108,0.039513
0.530159,0.080067,0.189269,0.714008,0.194210,0.174711,0.725524,-0.014133,0.189707,0.334794,0.174267,0.188831,0.346310,-0.034077,0.203827,0.698760,0.227569,0.015829,0.711874,-0.072427,0.024343,0.311211,0.206152,0.015877,0.397399,-0.089387,0.030199
0.537010,0.079750,0.185733,0.720885,0.193991,0.172300,0.732401,-0.014390,0.186769,0.341619,0.173890,0.184697,0.353136,-0.034491,0.199165,0.699315,0.227566,0.015867,0.753746,-0.069430,0.034238,0.312024,0.206153,0.015759,0.433092,-0.087987,0.022201
0.544243,0.078289,0.180881,0.728133,0.192735,0.169590,0.739673,-0.015766,0.182185,0.348812,0.172344,0.179577,0.360352,-0.036157,0.192172,0.699874,0.227490,0.015903,0.781132,-0.067506,0.042593,0.312810,0.206058,0.015757,0.446260,-0.087649,0.015962
0.551292,0.076965,0.176567,0.735102,0.191677,0.166742,0.746811,-0.016909,0.177662,0.355774,0.170840,0.175472,0.367483,-0.037747,0.186392,0.700427,0.227418,0.015904,0.797644,-0.066311,0.050218,0.314263,0.205858,0.018159,0.447007,-0.087796,0.015812
0.558006,0.076092,0.173946,0.741787,0.190948,0.165356,0.753566,-0.017698,0.174972,0.362447,0.169882,0.172920,0.374226,-0.038765,0.182536,0.701012,0.227335,0.016026,0.807054,-0.065788,0.054795,0.316795,0.205978,0.023262,0.447716,-0.087874,0.015745
0.564476,0.075527,0.173228,0.748231,0.190514,0.165936,0.760076,-0.018176,0.174469,0.368876,0.169230,0.171988,0.380721,-0.039460,0.180520,0.701691,0.227302,0.015972,0.813175,-0.065595,0.055313,0.320890,0.206155,0.027382,0.448390,-0.087923,0.015613
0.570740,0.075157,0.174016,0.754477,0.190253,0.168110,0.766372,-0.018470,0.175719,0.375107,0.168785,0.172314,0.387003,-0.039938,0.179923,0.702314,0.227286,0.015935,0.817638,-0.065553,0.053628,0.326245,0.206378,0.030328,0.448975,-0.087947,0.015680
0.576958,0.074944,0.175778,0.760675,0.190131,0.171206,0.772617,-0.018615,0.178079,0.381298,0.168502,0.173476,0.393240,-0.040244,0.180349,0.703008,0.227267,0.015895,0.820915,-0.065583,0.051054,0.332481,0.206630,0.032909,0.449544,-0.087990,0.015793
0.583179,0.074860,0.178026,0.766873,0.190128,0.174716,0.778861,-0.018634,0.180965,0.387498,0.168353,0.175086,0.399486,-0.040409,0.181335,0.703693,0.227289,0.015827,0.823215,-0.065593,0.048663,0.339348,0.206955,0.035499,0.450116,-0.088000,0.015861
0.589401,0.074852,0.180424,0.773079,0.190172,0.178206,0.785092,-0.018604,0.183945,0.393711,0.168308,0.176903,0.405724,-0.040468,0.182642,0.704324,0.227292,0.015732,0.824805,-0.065618,0.047273,0.346712,0.207345,0.038634,0.450631,-0.088010,0.015903
0.595665,0.074871,0.182843,0.779329,0.190227,0.181499,0.791359,-0.018560,0.186776,0.399971,0.168302,0.178910,0.412001,-0.040485,0.184186,0.704966,0.227294,0.015777,0.825968,-0.065634,0.047142,0.354545,0.207784,0.042749,0.451148,-0.088021,0.015926
0.602058,0.074829,0.185360,0.785698,0.190229,0.184706,0.797766,-0.018568,0.189454,0.406351,0.168226,0.181265,0.418419,-0.040571,0.186013,0.705620,0.227299,0.015826,0.826906,-0.065631,0.048297,0.362943,0.208220,0.047778,0.451660,-0.088055,0.015929
0.608643,0.074646,0.188134,0.792271,0.190067,0.188035,0.804356,-0.018745,0.192072,0.412929,0.168037,0.184196,0.425015,-0.040775,0.188233,0.706265,0.227295,0.015865,0.827377,-0.065688,0.050309,0.372214,0.208683,0.053202,0.452114,-0.088072,0.015916
0.615475,0.074200,0.191302,0.799098,0.189626,0.191664,0.811193,-0.019201,0.194717,0.419756,0.167601,0.187886,0.431851,-0.041227,0.190939,0.706909,0.227248,0.015851,0.826720,-0.065914,0.052363,0.383057,0.209106,0.057933,0.452551,-0.088119,0.015875
0.622734,0.073524,0.194814,0.806337,0.188983,0.195453,0.818476,-0.019857,0.197267,0.426992,0.166906,0.192362,0.439131,-0.041934,0.194175,0.707620,0.227214,0.015906,0.824556,-0.066282,0.053293,0.396419,0.209511,0.060304,0.453032,-0.088202,0.015866
0.630211,0.072720,0.198159,0.813812,0.188183,0.198420,0.825967,-0.020663,0.198910,0.434455,0.166102,0.197408,0.446610,-0.042744,0.197898,0.708286,0.227140,0.015940,0.820886,-0.066835,0.050059,0.413003,0.210054,0.058316,0.453476,-0.088299,0.015875
0.637695,0.072132,0.200167,0.821044,0.187988,0.198807,0.833641,-0.020831,0.198055,0.441750,0.165095,0.202279,0.454347,-0.043724,0.201527,0.715058,0.227787,0.015826,0.816251,-0.066842,0.039583,0.433587,0.210679,0.051533,0.453825,-0.088619,0.015864
0.644764,0.071442,0.199752,0.827294,0.188534,0.196075,0.841268,-0.020191,0.194207,0.448260,0.163074,0.205296,0.462234,-0.045650,0.203428,0.744949,0.230160,0.018867,0.810761,-0.066240,0.021416,0.457458,0.210705,0.041957,0.447905,-0.090495,0.017100
0.651268,0.070961,0.196594,0.832657,0.189778,0.191917,0.848610,-0.018808,0.190369,0.453926,0.160730,0.202819,0.469879,-0.047856,0.201271,0.795124,0.233709,0.027687,0.810889,-0.065983,0.015962,0.484993,0.209974,0.029683,0.436271,-0.094730,0.028732
0.657387,0.071281,0.191344,0.837998,0.191302,0.187354,0.855363,-0.017175,0.186664,0.459410,0.159738,0.196024,0.476776,-0.048739,0.195334,0.832118,0.236911,0.039162,0.811459,-0.065874,0.015918,0.501519,0.209449,0.015980,0.432800,-0.097493,0.039074
0.663456,0.071743,0.186012,0.844107,0.191735,0.183146,0.861441,-0.016745,0.182392,0.465471,0.160231,0.189632,0.482805,-0.048249,0.188879,0.852420,0.238541,0.042678,0.811895,-0.065869,0.015836,0.502253,0.209524,0.015932,0.435556,-0.097271,0.046944
0.669662,0.071999,0.182851,0.850325,0.191978,0.180200,0.867640,-0.016501,0.179131,0.471685,0.160498,0.186571,0.489000,-0.047981,0.185502,0.865167,0.239524,0.042542,0.812400,-0.065859,0.015780,0.502895,0.209572,0.015970,0.441108,-0.096886,0.052890
0.675888,0.072414,0.182048,0.856548,0.192389,0.179020,0.873853,-0.016091,0.177813,0.477923,0.160920,0.186283,0.495228,-0.047560,0.185076,0.874772,0.240303,0.041729,0.812959,-0.065815,0.015809,0.503424,0.209630,0.015959,0.447808,-0.096363,0.057274
0.682106,0.073284,0.182938,0.862770,0.193233,0.179220,0.880052,-0.015250,0.178430,0.484160,0.161819,0.187445,0.501442,-0.046665,0.186655,0.882350,0.240988,0.040490,0.813558,-0.065752,0.015866,0.503881,0.209709,0.015941,0.455198,-0.095627,0.060681
0.688332,0.074764,0.184734,0.868991,0.194689,0.180113,0.886270,-0.013796,0.180423,0.490393,0.163325,0.189045,0.507672,-0.045160,0.189354,0.888238,0.241680,0.038761,0.814167,-0.065622,0.015851,0.504323,0.209829,0.015859,0.463640,-0.094602,0.063433
0.694530,0.076897,0.186813,0.875201,0.196757,0.181106,0.892458,-0.011719,0.183212,0.496603,0.165512,0.190413,0.513859,-0.042964,0.192519,0.892461,0.242328,0.035947,0.814751,-0.065449,0.015861,0.504785,0.210035,0.015884,0.473743,-0.093177,0.065304
0.700733,0.079704,0.188773,0.881393,0.199511,0.181727,0.898674,-0.008923,0.186336,0.502793,0.168332,0.191210,0.520074,-0.040102,0.195819,0.894800,0.242913,0.031290,0.815363,-0.065217,0.015854,0.505286,0.210279,0.015911,0.486304,-0.091399,0.065585
0.706928,0.083061,0.190264,0.887559,0.202791,0.181405,0.904889,-0.005547,0.189106,0.508968,0.171670,0.191421,0.526298,-0.036669,0.199122,0.894235,0.243134,0.023135,0.815938,-0.064985,0.015958,0.505825,0.210559,0.015924,0.502476,-0.089337,0.062556
0.713085,0.086590,0.190877,0.893796,0.205979,0.179427,0.910955,-0.002227,0.190402,0.515215,0.175407,0.191352,0.532375,-0.032799,0.202327,0.891923,0.242864,0.015759,0.816440,-0.064875,0.016039,0.506221,0.211085,0.015913,0.524287,-0.086944,0.054143
0.719090,0.089409,0.190929,0.899879,0.208495,0.177713,0.916885,0.000425,0.191209,0.521294,0.178393,0.190650,0.538300,-0.029678,0.204146,0.892357,0.243070,0.015715,0.854578,-0.061708,0.016306,0.506156,0.211517,0.015889,0.554390,-0.084630,0.041176
0.725395,0.090843,0.189474,0.906268,0.209773,0.175988,0.923144,0.001763,0.190534,0.527646,0.179924,0.188415,0.544522,-0.028087,0.202961,0.892851,0.243194,0.015819,0.908593,-0.056921,0.021885,0.506404,0.211844,0.015867,0.591797,-0.081997,0.030842
0.732231,0.090717,0.185935,0.913127,0.209724,0.173482,0.929995,0.001677,0.187495,0.534467,0.179758,0.184375,0.551335,-0.028290,0.198388,0.893364,0.243207,0.015845,0.951542,-0.052770,0.031719,0.507192,0.211894,0.015801,0.628373,-0.079596,0.022443
0.739563,0.089428,0.180961,0.920473,0.208619,0.170653,0.937354,0.000453,0.182772,0.541772,0.178403,0.179150,0.558653,-0.029763,0.191269,0.893935,0.243132,0.015883,0.980188,-0.050051,0.040182,0.508000,0.211827,0.015755,0.643465,-0.078769,0.015938
0.746716,0.088181,0.176440,0.927523,0.207648,0.167656,0.944597,-0.000597,0.177991,0.548834,0.176959,0.174890,0.565908,-0.031287,0.185224,0.894481,0.243066,0.015895,0.997329,-0.048379,0.048084,0.509231,0.211593,0.018183,0.644223,-0.078932,0.015820
0.753555,0.087414,0.173671,0.934336,0.207005,0.166100,0.951466,-0.001302,0.175005,0.555644,0.176130,0.172336,0.572774,-0.032177,0.181241,0.895072,0.243004,0.016008,1.006532,-0.047632,0.053059,0.511332,0.211773,0.023614,0.644948,-0.078964,0.015689
0.760139,0.086952,0.172901,0.940893,0.206654,0.166522,0.958081,-0.001695,0.174262,0.562198,0.175600,0.171541,0.579386,-0.032749,0.179281,0.895756,0.242975,0.016026,1.012066,-0.047360,0.053595,0.515131,0.212019,0.027979,0.645619,-0.079000,0.015645
0.766537,0.086697,0.173729,0.947259,0.206506,0.168578,0.964512,-0.001872,0.175341,0.568561,0.175265,0.172117,0.585815,-0.033113,0.178880,0.896399,0.242971,0.015960,1.015913,-0.047262,0.051567,0.520362,0.212323,0.030988,0.646219,-0.079036,0.015722
0.772865,0.086597,0.175615,0.953558,0.206497,0.171698,0.970868,-0.001901,0.177638,0.574863,0.175096,0.173592,0.592172,-0.033302,0.179532,0.897090,0.242991,0.015905,1.018715,-0.047220,0.048943,0.526509,0.212716,0.033670,0.646802,-0.079055,0.015841
0.779160,0.086605,0.178013,0.959833,0.206565,0.175241,0.977177,-0.001848,0.180504,0.581142,0.175058,0.175522,0.598486,-0.033355,0.180786,0.897773,0.242997,0.015845,1.020555,-0.047243,0.046533,0.533369,0.213191,0.036395,0.647320,-0.079077,0.015893
0.785484,0.086689,0.180572,0.966141,0.206694,0.178783,0.983511,-0.001731,0.183461,0.587457,0.175109,0.177683,0.604828,-0.033316,0.182360,0.898458,0.243013,0.015754,1.021810,-0.047263,0.045128,0.540844,0.213747,0.039720,0.647836,-0.079086,0.015928
0.791882,0.086796,0.183149,0.972526,0.206829,0.182143,0.989913,-0.001607,0.186258,0.593850,0.175198,0.180039,0.611238,-0.033237,0.184155,0.899118,0.243037,0.015772,1.022745,-0.047273,0.045042,0.548896,0.214377,0.043927,0.648330,-0.079081,0.015937
0.798386,0.086807,0.185813,0.979020,0.206858,0.185424,0.996421,-0.001589,0.188896,0.600351,0.175203,0.182729,0.617751,-0.033243,0.186201,0.899779,0.243032,0.015828,1.023386,-0.047328,0.046250,0.557581,0.215018,0.048934,0.648826,-0.079100,0.015933
0.805115,0.086639,0.188713,0.985731,0.206718,0.188835,1.003163,-0.001738,0.191450,0.607066,0.175017,0.185977,0.624499,-0.033439,0.188592,0.900428,0.243027,0.015859,1.023513,-0.047445,0.048199,0.567321,0.215650,0.054093,0.649276,-0.079147,0.015843
