-0.018520,-0.001625,0.335571,0.173177,0.099789,0.338483,0.169688,-0.109382,0.338299,-0.206728,0.106131,0.332842,-0.210218,-0.103039,0.332659,0.210521,0.144746,0.197810,0.169293,-0.154687,0.173761,-0.224523,0.152022,0.176310,-0.193862,-0.148606,0.146839
-0.025846,-0.002562,0.325868,0.167037,0.096612,0.324555,0.161102,-0.112503,0.323791,-0.212795,0.107379,0.327945,-0.218730,-0.101735,0.327181,0.171573,0.142645,0.134730,0.166877,-0.157612,0.180624,-0.224486,0.154000,0.103315,-0.209400,-0.146638,0.099876
-0.033228,-0.003082,0.311805,0.160610,0.094064,0.306266,0.152547,-0.114968,0.308555,-0.219002,0.108803,0.315055,-0.227066,-0.100229,0.317345,0.123927,0.138576,0.088092,0.165543,-0.162489,0.168529,-0.216588,0.151259,0.046855,-0.231831,-0.148397,0.055738
-0.041862,-0.003769,0.294148,0.152435,0.092231,0.285562,0.143218,-0.116735,0.289146,-0.226943,0.109197,0.299150,-0.236160,-0.099769,0.302734,0.093381,0.136248,0.047182,0.167872,-0.165791,0.145271,-0.210698,0.149125,0.015972,-0.259059,-0.149088,0.021236
-0.049042,-0.004078,0.280064,0.144834,0.090641,0.258114,0.134466,-0.118267,0.261981,-0.232550,0.110111,0.298147,-0.242917,-0.098796,0.302013,0.067060,0.135525,0.015560,0.155924,-0.168015,0.090696,-0.210881,0.149327,0.016016,-0.259956,-0.148764,0.015702
-0.052248,-0.003923,0.268240,0.139386,0.090619,0.231099,0.129045,-0.118286,0.235147,-0.233541,0.110439,0.301333,-0.243882,-0.098466,0.305381,0.065431,0.135623,0.015835,0.124299,-0.167153,0.049996,-0.200824,0.148861,0.018881,-0.260413,-0.148773,0.015788
-0.053469,-0.004179,0.256782,0.135874,0.090277,0.209153,0.125517,-0.118629,0.213120,-0.232455,0.110271,0.300443,-0.242812,-0.098635,0.304410,0.064432,0.135663,0.015879,0.086116,-0.165634,0.031755,-0.181691,0.148108,0.028713,-0.260236,-0.148765,0.015823
-0.053034,-0.004307,0.245402,0.134064,0.090057,0.189448,0.123687,-0.118846,0.193519,-0.229755,0.110232,0.297284,-0.240132,-0.098671,0.301356,0.063798,0.135678,0.015815,0.063073,-0.164513,0.031219,-0.152694,0.146842,0.036855,-0.259778,-0.148777,0.015746
-0.050789,-0.004093,0.234115,0.134570,0.090032,0.172278,0.124099,-0.118857,0.176805,-0.225677,0.110671,0.291426,-0.236148,-0.098218,0.295952,0.063559,0.135719,0.015853,0.054947,-0.164017,0.033372,-0.130542,0.146048,0.043517,-0.259085,-0.148661,0.015609
-0.046778,-0.003866,0.222696,0.137604,0.090015,0.157652,0.127091,-0.118857,0.162798,-0.220647,0.111125,0.282595,-0.231160,-0.097748,0.287741,0.063751,0.135759,0.015834,0.055438,-0.163945,0.034006,-0.119523,0.145696,0.044741,-0.258089,-0.148618,0.015635
-0.041420,-0.003927,0.210846,0.142727,0.089778,0.144889,0.132197,-0.119081,0.150531,-0.215037,0.111227,0.271161,-0.225567,-0.097632,0.276804,0.064306,0.135769,0.015838,0.060800,-0.164179,0.033061,-0.116526,0.145539,0.039999,-0.256855,-0.148630,0.015829
-0.035212,-0.004499,0.198258,0.149364,0.089157,0.133439,0.138795,-0.119697,0.139163,-0.209218,0.110698,0.257353,-0.219787,-0.098156,0.263076,0.065128,0.135722,0.015845,0.069519,-0.164701,0.030281,-0.117914,0.145411,0.031408,-0.255477,-0.148649,0.015913
-0.028610,-0.005726,0.184345,0.157194,0.087864,0.123035,0.146265,-0.120991,0.128009,-0.203485,0.109539,0.240682,-0.214414,-0.099316,0.245656,0.066189,0.135600,0.015935,0.078314,-0.165478,0.022300,-0.120961,0.145522,0.021337,-0.253468,-0.148268,0.015929
-0.022453,-0.007418,0.168518,0.165074,0.086218,0.112776,0.153708,-0.122644,0.116257,-0.198615,0.107809,0.220779,-0.209980,-0.101053,0.224261,0.067342,0.135446,0.015957,0.080067,-0.165835,0.015770,-0.124027,0.145859,0.015910,-0.247856,-0.147987,0.015980
-0.017025,-0.008705,0.153279,0.172597,0.085146,0.105565,0.161200,-0.123728,0.108037,-0.195249,0.106318,0.198521,-0.206647,-0.102557,0.200993,0.068421,0.135290,0.015907,0.081197,-0.165975,0.015879,-0.123136,0.145740,0.015694,-0.240051,-0.148303,0.027902
-0.011606,-0.009697,0.139891,0.180113,0.084264,0.101728,0.168684,-0.124617,0.103421,-0.191897,0.105223,0.176360,-0.203325,-0.103658,0.178054,0.084871,0.134344,0.021549,0.082223,-0.166116,0.015847,-0.122351,0.145634,0.015672,-0.221605,-0.149293,0.040380
-0.005379,-0.010765,0.128739,0.188121,0.083338,0.101466,0.176709,-0.125550,0.102100,-0.187467,0.104020,0.155377,-0.198878,-0.104868,0.156011,0.112266,0.132779,0.028769,0.083150,-0.166218,0.015918,-0.121662,0.145519,0.015736,-0.199435,-0.150685,0.047474
0.001942,-0.011869,0.120030,0.196700,0.082289,0.104390,0.185289,-0.126599,0.103844,-0.181406,0.102860,0.136217,-0.192816,-0.106028,0.135671,0.142451,0.130949,0.036095,0.083979,-0.166353,0.015916,-0.120966,0.145391,0.015815,-0.179229,-0.152061,0.048893
0.010105,-0.012920,0.113973,0.205451,0.081209,0.109401,0.194045,-0.127673,0.107705,-0.173834,0.101832,0.120242,-0.185240,-0.107050,0.118546,0.169648,0.129218,0.043577,0.084697,-0.166475,0.015859,-0.120194,0.145269,0.015967,-0.162152,-0.153248,0.046849
0.018753,-0.013842,0.110519,0.214139,0.080189,0.115382,0.202730,-0.128683,0.112774,-0.165224,0.101000,0.108264,-0.176633,-0.107872,0.105657,0.190729,0.127828,0.048179,0.085353,-0.166582,0.015773,-0.119266,0.145163,0.015994,-0.147351,-0.154216,0.043432
0.027575,-0.014538,0.109237,0.222698,0.079403,0.121200,0.211297,-0.129464,0.118151,-0.156148,0.100388,0.100324,-0.167549,-0.108479,0.097275,0.205927,0.126946,0.045550,0.085993,-0.166653,0.015862,-0.118118,0.145067,0.015872,-0.134075,-0.154982,0.039299
0.036514,-0.014954,0.109369,0.231344,0.078956,0.125603,0.219948,-0.129913,0.122697,-0.146919,0.100006,0.096041,-0.158315,-0.108863,0.093135,0.215084,0.126662,0.032425,0.086680,-0.166678,0.015944,-0.116730,0.144996,0.015869,-0.121883,-0.155552,0.034091
0.045435,-0.014875,0.110247,0.240125,0.079055,0.127972,0.228668,-0.129823,0.126176,-0.137798,0.100073,0.094318,-0.149255,-0.108806,0.092522,0.214757,0.126930,0.015898,0.087410,-0.166648,0.015942,-0.115262,0.145031,0.015872,-0.109956,-0.155906,0.025610
0.053711,-0.014837,0.114046,0.247994,0.079284,0.134939,0.236641,-0.129607,0.134190,-0.129219,0.099932,0.093903,-0.140572,-0.108958,0.093154,0.215751,0.126980,0.015849,0.087917,-0.166617,0.015994,-0.113765,0.144890,0.015850,-0.103014,-0.156240,0.016037
0.061701,-0.014940,0.121744,0.255194,0.079286,0.148632,0.243844,-0.129606,0.148521,-0.120442,0.099725,0.094966,-0.131792,-0.109167,0.094855,0.216731,0.126964,0.015937,0.088247,-0.166598,0.015998,-0.111371,0.144791,0.015919,-0.101630,-0.156281,0.015911
0.069176,-0.015272,0.131770,0.261326,0.079060,0.166714,0.249990,-0.129833,0.166745,-0.111639,0.099288,0.096795,-0.122974,-0.109604,0.096827,0.217694,0.126922,0.016031,0.100666,-0.167269,0.016973,-0.111074,0.144765,0.035669,-0.100201,-0.156369,0.015870
0.076275,-0.015604,0.142877,0.266753,0.078836,0.185775,0.255416,-0.130056,0.185892,-0.102866,0.098848,0.099861,-0.114203,-0.110044,0.099979,0.218675,0.126867,0.015878,0.120750,-0.168358,0.020122,-0.105342,0.144478,0.061223,-0.098817,-0.156444,0.015825
0.083021,-0.015820,0.154210,0.271728,0.078764,0.204059,0.260386,-0.130128,0.204374,-0.094344,0.098489,0.104047,-0.105686,-0.110403,0.104362,0.219694,0.126822,0.015767,0.141239,-0.169447,0.024391,-0.095382,0.144035,0.085762,-0.097600,-0.156493,0.015853
0.089497,-0.015886,0.165586,0.276447,0.078884,0.221347,0.265097,-0.130007,0.221996,-0.086104,0.098234,0.109176,-0.097454,-0.110656,0.109825,0.220709,0.126791,0.015884,0.164482,-0.170660,0.028050,-0.083765,0.143622,0.108479,-0.096573,-0.156514,0.015912
0.095863,-0.015987,0.177096,0.281223,0.078960,0.237658,0.269880,-0.129930,0.238549,-0.078153,0.097955,0.115644,-0.089497,-0.110935,0.116534,0.221774,0.126760,0.015882,0.192516,-0.172132,0.030960,-0.075690,0.143338,0.115445,-0.095780,-0.156540,0.015909
0.102167,-0.016090,0.188234,0.286140,0.079017,0.252652,0.274797,-0.129872,0.253762,-0.070462,0.097691,0.122707,-0.081806,-0.111198,0.123816,0.222863,0.126713,0.015868,0.223989,-0.173797,0.034219,-0.067998,0.143074,0.122465,-0.095214,-0.156561,0.015878
0.108501,-0.016207,0.198718,0.291446,0.079033,0.265815,0.280108,-0.129856,0.267102,-0.063105,0.097442,0.130335,-0.074443,-0.111446,0.131622,0.223938,0.126675,0.015942,0.257569,-0.175562,0.037906,-0.060642,0.142824,0.130057,-0.094857,-0.156570,0.015839
0.115028,-0.016323,0.208256,0.297473,0.079011,0.276568,0.286136,-0.129876,0.278034,-0.056079,0.097230,0.138477,-0.067416,-0.111657,0.139943,0.225044,0.126631,0.015934,0.292175,-0.177377,0.042153,-0.053616,0.142612,0.138162,-0.094677,-0.156567,0.015828
0.121901,-0.016399,0.216549,0.304481,0.079005,0.284397,0.293149,-0.129880,0.286098,-0.049348,0.097082,0.147001,-0.060680,-0.111804,0.148701,0.226129,0.126588,0.015840,0.326433,-0.179152,0.046944,-0.046886,0.142464,0.146637,-0.094665,-0.156561,0.015828
0.129284,-0.016396,0.223422,0.312628,0.079056,0.289111,0.301303,-0.129827,0.291127,-0.042735,0.097036,0.155717,-0.054060,-0.111848,0.157733,0.227130,0.126574,0.015867,0.359190,-0.180790,0.052264,-0.040274,0.142417,0.155287,-0.094761,-0.156529,0.015836
0.137300,-0.016310,0.228709,0.321955,0.079163,0.290587,0.310626,-0.129715,0.293042,-0.036025,0.097096,0.164375,-0.047354,-0.111783,0.166830,0.227991,0.126551,0.015913,0.388461,-0.182232,0.056931,-0.033563,0.142476,0.163850,-0.094927,-0.156497,0.015850
0.145981,-0.016163,0.232212,0.332390,0.079288,0.288622,0.321054,-0.129584,0.291593,-0.029093,0.097258,0.172831,-0.040428,-0.111614,0.175802,0.228690,0.126559,0.015960,0.411857,-0.183351,0.058290,-0.026673,0.142564,0.166885,-0.095149,-0.156440,0.015858
0.155285,-0.016062,0.233818,0.343689,0.079326,0.283279,0.332383,-0.129540,0.286736,-0.021813,0.097416,0.180901,-0.033119,-0.111449,0.184357,0.229285,0.126617,0.015958,0.427863,-0.184071,0.054703,-0.018605,0.142457,0.162274,-0.095369,-0.156391,0.015879
0.165133,-0.016121,0.233507,0.355602,0.079098,0.274686,0.344286,-0.129759,0.278580,-0.014021,0.097517,0.188434,-0.025337,-0.111340,0.192328,0.229718,0.126620,0.015956,0.435838,-0.184589,0.045581,-0.007282,0.141968,0.150394,-0.095572,-0.156349,0.015881
0.175369,-0.016453,0.231242,0.367758,0.078541,0.262929,0.356464,-0.130314,0.267040,-0.005725,0.097408,0.195443,-0.017019,-0.111446,0.199554,0.230068,0.126650,0.015954,0.435871,-0.184782,0.030857,0.010280,0.140821,0.132087,-0.095754,-0.156329,0.015886
0.185789,-0.017242,0.227061,0.379784,0.077421,0.248178,0.368468,-0.131435,0.252156,0.003110,0.096950,0.201967,-0.008206,-0.111906,0.205945,0.230409,0.126616,0.015955,0.430348,-0.184813,0.015827,0.037377,0.138875,0.110453,-0.095898,-0.156300,0.015882
0.195610,-0.017941,0.222624,0.390508,0.076494,0.234379,0.379196,-0.132363,0.238270,0.012024,0.096482,0.206978,0.000712,-0.112375,0.210869,0.230872,0.126595,0.015946,0.429681,-0.184768,0.015772,0.074639,0.136434,0.089866,-0.095993,-0.156295,0.015872
0.204821,-0.018507,0.218782,0.400110,0.075763,0.222853,0.388797,-0.133095,0.226748,0.020844,0.096081,0.210816,0.009532,-0.112777,0.214711,0.231385,0.126567,0.015911,0.429281,-0.184745,0.015848,0.113428,0.134075,0.075902,-0.096056,-0.156290,0.015873
0.213867,-0.019068,0.215266,0.409241,0.075063,0.212160,0.397928,-0.133794,0.216050,0.029806,0.095659,0.214481,0.018494,-0.113199,0.218372,0.231964,0.126533,0.015848,0.429038,-0.184733,0.015862,0.144759,0.132213,0.067205,-0.096144,-0.156287,0.015870
0.222881,-0.019508,0.211893,0.418077,0.074498,0.201764,0.406765,-0.134358,0.205753,0.038998,0.095341,0.218032,0.027686,-0.113515,0.222022,0.232593,0.126517,0.015753,0.428918,-0.184710,0.015865,0.166544,0.130922,0.059115,-0.096279,-0.156263,0.015863
0.231911,-0.019888,0.208338,0.426701,0.074000,0.191521,0.415389,-0.134852,0.195692,0.048432,0.095077,0.220985,0.037120,-0.113776,0.225156,0.233263,0.126494,0.015796,0.428882,-0.184700,0.015862,0.180781,0.130011,0.049610,-0.096448,-0.156247,0.015852
0.240835,-0.020245,0.204034,0.435069,0.073532,0.181223,0.423758,-0.135316,0.185615,0.057913,0.094826,0.222453,0.046602,-0.114021,0.226845,0.233956,0.126473,0.015855,0.428941,-0.184693,0.015855,0.190173,0.129331,0.039002,-0.096526,-0.156234,0.015853
0.249260,-0.020576,0.198182,0.442902,0.073113,0.170501,0.431607,-0.135730,0.175155,0.066913,0.094577,0.221209,0.055618,-0.114266,0.225864,0.234661,0.126457,0.015918,0.429044,-0.184670,0.015846,0.196067,0.128807,0.027671,-0.094813,-0.156339,0.015825
0.257021,-0.020697,0.190051,0.450153,0.072913,0.158774,0.438915,-0.135920,0.163984,0.075127,0.094527,0.216118,0.063889,-0.114306,0.221328,0.235384,0.126438,0.015978,0.429187,-0.184623,0.015834,0.196843,0.128505,0.015658,-0.085288,-0.156938,0.015715
0.264097,-0.020863,0.179829,0.457056,0.072652,0.147223,0.445825,-0.136167,0.152981,0.082369,0.094442,0.206677,0.071138,-0.114377,0.212434,0.239644,0.126259,0.015979,0.429422,-0.184599,0.015839,0.197783,0.128506,0.015832,-0.066896,-0.157622,0.026149
0.271013,-0.021339,0.168671,0.464190,0.072171,0.137368,0.452969,-0.136641,0.143398,0.089057,0.093962,0.193945,0.077837,-0.114850,0.199975,0.254315,0.125537,0.018050,0.429851,-0.184617,0.015816,0.198598,0.128468,0.015870,-0.036370,-0.158894,0.039040
0.278164,-0.022032,0.157160,0.471982,0.071587,0.130490,0.460778,-0.137224,0.136571,0.095550,0.093161,0.177750,0.084346,-0.115650,0.183830,0.273227,0.124725,0.025381,0.430530,-0.184649,0.015937,0.199339,0.128414,0.015936,0.001862,-0.160780,0.045763
0.285772,-0.023045,0.145990,0.480449,0.070798,0.127670,0.469243,-0.138024,0.133369,0.102302,0.091935,0.158611,0.091095,-0.116887,0.164310,0.295375,0.123743,0.035385,0.431401,-0.184729,0.016016,0.200010,0.128331,0.015978,0.040388,-0.162858,0.048522
0.294006,-0.024233,0.135883,0.489304,0.069899,0.129625,0.478076,-0.138941,0.134583,0.109937,0.090475,0.137182,0.098709,-0.118365,0.142140,0.321476,0.122408,0.043577,0.432387,-0.184828,0.015994,0.200585,0.128252,0.015943,0.074221,-0.164743,0.050864
0.302971,-0.025444,0.127836,0.498027,0.068993,0.136552,0.486780,-0.139865,0.140616,0.119162,0.088977,0.115055,0.107915,-0.119881,0.119119,0.350445,0.120737,0.047771,0.433389,-0.184938,0.016022,0.201071,0.128161,0.015894,0.100998,-0.166336,0.052180
0.312471,-0.026499,0.123075,0.505953,0.068213,0.148291,0.494672,-0.140657,0.151566,0.130270,0.087660,0.094583,0.118990,-0.121210,0.097859,0.380909,0.118923,0.048543,0.434296,-0.185046,0.015880,0.201568,0.128095,0.015793,0.121088,-0.167587,0.050562
0.321875,-0.027319,0.122607,0.512351,0.067709,0.164194,0.501076,-0.141169,0.166947,0.142673,0.086531,0.078266,0.131398,-0.122347,0.081020,0.412392,0.117105,0.048924,0.435132,-0.185122,0.015791,0.202246,0.128011,0.015690,0.136982,-0.168624,0.046472
0.330439,-0.027952,0.126540,0.516914,0.067408,0.182881,0.505658,-0.141475,0.185293,0.155219,0.085570,0.067787,0.143963,-0.123313,0.070198,0.442930,0.115393,0.051147,0.435898,-0.185191,0.015852,0.203336,0.127896,0.015748,0.150900,-0.169537,0.041433
0.337639,-0.028397,0.134006,0.519837,0.067277,0.202501,0.508599,-0.141610,0.204691,0.166678,0.084817,0.063321,0.155440,-0.124070,0.065511,0.469362,0.113941,0.052860,0.436661,-0.185238,0.015845,0.204956,0.127780,0.016064,0.163959,-0.170359,0.035679
0.343498,-0.028828,0.143496,0.522007,0.067042,0.220858,0.510793,-0.141848,0.222742,0.176203,0.084193,0.064251,0.164990,-0.124698,0.066135,0.489036,0.112783,0.049398,0.437438,-0.185294,0.015874,0.206912,0.127628,0.016126,0.176386,-0.171176,0.027350
0.348791,-0.029558,0.153256,0.524958,0.066186,0.235957,0.513738,-0.142710,0.237102,0.183844,0.083594,0.069409,0.172624,-0.125302,0.070555,0.501399,0.111900,0.041273,0.438207,-0.185383,0.015878,0.208873,0.127473,0.016059,0.186561,-0.171866,0.015905
0.354542,-0.030092,0.162274,0.530634,0.065231,0.245616,0.518772,-0.143627,0.247004,0.190311,0.083443,0.077543,0.178449,-0.125416,0.078931,0.503623,0.110838,0.027159,0.441928,-0.186322,0.016064,0.210481,0.127412,0.015851,0.187779,-0.171889,0.015830
0.361012,-0.029753,0.169429,0.538366,0.065678,0.249923,0.526216,-0.143153,0.252429,0.195807,0.083648,0.086429,0.183657,-0.125184,0.088935,0.498909,0.110695,0.015818,0.454427,-0.187302,0.019426,0.209428,0.127577,0.019034,0.188581,-0.171877,0.015851
0.367584,-0.029440,0.176598,0.545625,0.066190,0.255322,0.533456,-0.142631,0.258546,0.201712,0.083751,0.094649,0.189543,-0.125070,0.097873,0.499704,0.110702,0.015857,0.470451,-0.188110,0.024195,0.206701,0.128166,0.041096,0.189275,-0.171853,0.015874
0.374016,-0.029423,0.184812,0.552303,0.066309,0.262852,0.540145,-0.142507,0.266385,0.207886,0.083662,0.103240,0.195729,-0.125155,0.106772,0.500596,0.110675,0.015850,0.490489,-0.189157,0.029507,0.208957,0.128639,0.074032,0.189798,-0.171881,0.015847
0.380539,-0.029463,0.193841,0.559048,0.066321,0.271308,0.546889,-0.142492,0.275040,0.214189,0.083566,0.112642,0.202030,-0.125247,0.116374,0.501567,0.110638,0.015934,0.516781,-0.190563,0.035011,0.216453,0.128901,0.108876,0.190136,-0.171886,0.015816
0.387310,-0.029634,0.203177,0.566337,0.066116,0.279481,0.554176,-0.142696,0.283264,0.220444,0.083427,0.123090,0.208283,-0.125385,0.126873,0.502598,0.110589,0.015967,0.549182,-0.192337,0.040495,0.223086,0.128793,0.122270,0.190265,-0.171882,0.015816
0.394444,-0.029776,0.211762,0.574315,0.065938,0.286101,0.562162,-0.142872,0.289997,0.226725,0.083321,0.133526,0.214572,-0.125489,0.137423,0.503656,0.110544,0.015922,0.584055,-0.194234,0.046021,0.229365,0.128686,0.132684,0.190267,-0.171879,0.015816
0.402052,-0.029861,0.219081,0.583204,0.065793,0.290323,0.571050,-0.143013,0.294429,0.233053,0.083290,0.143733,0.220900,-0.125516,0.147839,0.504674,0.110501,0.015797,0.618806,-0.196102,0.051699,0.235694,0.128655,0.142848,0.190183,-0.171860,0.015829
0.410227,-0.029903,0.224843,0.593078,0.065665,0.291726,0.580923,-0.143135,0.296136,0.239531,0.083328,0.153550,0.227376,-0.125472,0.157960,0.505562,0.110470,0.015857,0.651275,-0.197820,0.056932,0.242172,0.128692,0.152600,0.190018,-0.171836,0.015838
0.419058,-0.029902,0.228847,0.603957,0.065539,0.290038,0.591795,-0.143252,0.294839,0.246321,0.083449,0.162855,0.234158,-0.125342,0.167656,0.506311,0.110464,0.015919,0.678763,-0.199258,0.059942,0.248985,0.128748,0.159196,0.189839,-0.171790,0.015844
0.428534,-0.029924,0.230942,0.615722,0.065327,0.285061,0.603545,-0.143453,0.290301,0.253522,0.083604,0.171582,0.241345,-0.125176,0.176822,0.506898,0.110461,0.015942,0.698972,-0.200381,0.058375,0.256810,0.128627,0.158557,0.189646,-0.171742,0.015857
0.438557,-0.030056,0.231043,0.628083,0.064941,0.276829,0.615904,-0.143827,0.282476,0.261210,0.083715,0.179610,0.249030,-0.125053,0.185256,0.507354,0.110473,0.015957,0.710772,-0.201171,0.050813,0.267200,0.128126,0.150630,0.189478,-0.171704,0.015861
0.448994,-0.030424,0.229157,0.640724,0.064245,0.265464,0.628554,-0.144517,0.271375,0.269434,0.083668,0.186939,0.257263,-0.125094,0.192850,0.507743,0.110479,0.015970,0.714044,-0.201681,0.037057,0.282721,0.126998,0.136028,0.189339,-0.171690,0.015867
0.459650,-0.031212,0.225405,0.653260,0.063065,0.251255,0.641115,-0.145701,0.257091,0.278185,0.083277,0.193719,0.266040,-0.125488,0.199555,0.508092,0.110478,0.015982,0.708885,-0.201906,0.016765,0.306384,0.125040,0.117106,0.189231,-0.171699,0.015870
0.469862,-0.031904,0.221014,0.664666,0.062040,0.237353,0.652524,-0.146725,0.243188,0.287200,0.082917,0.198840,0.275058,-0.125849,0.204675,0.508555,0.110476,0.015977,0.708275,-0.201871,0.015693,0.339255,0.122623,0.098258,0.189209,-0.171679,0.015841
0.479290,-0.032484,0.217534,0.674687,0.061219,0.226516,0.662541,-0.147544,0.232419,0.296039,0.082576,0.202649,0.283893,-0.126188,0.208553,0.509106,0.110444,0.015947,0.707893,-0.201854,0.015807,0.376515,0.120057,0.083059,0.189212,-0.171673,0.015847
0.488468,-0.033152,0.214395,0.684164,0.060338,0.216404,0.672019,-0.148427,0.222260,0.304917,0.082124,0.206530,0.292772,-0.126641,0.212386,0.509702,0.110408,0.015889,0.707647,-0.201835,0.015825,0.409968,0.117807,0.072829,0.189174,-0.171672,0.015844
0.497555,-0.033720,0.211401,0.693293,0.059571,0.206443,0.681147,-0.149193,0.212335,0.313962,0.081753,0.210466,0.301817,-0.127011,0.216358,0.510337,0.110379,0.015805,0.707505,-0.201818,0.015830,0.435471,0.116101,0.064207,0.189072,-0.171656,0.015841
0.506639,-0.034227,0.208380,0.702175,0.058880,0.196637,0.690031,-0.149881,0.202637,0.323248,0.081426,0.214124,0.311104,-0.127335,0.220123,0.511019,0.110348,0.015767,0.707457,-0.201809,0.015832,0.453265,0.114823,0.054583,0.188930,-0.171644,0.015837
0.515707,-0.034685,0.204922,0.710841,0.058251,0.186844,0.698697,-0.150505,0.193016,0.332717,0.081134,0.216829,0.320573,-0.127622,0.223001,0.511732,0.110324,0.015829,0.707501,-0.201802,0.015825,0.465235,0.113852,0.043663,0.188808,-0.171628,0.015833
0.524525,-0.035135,0.200311,0.719144,0.057649,0.176741,0.707002,-0.151101,0.183126,0.342048,0.080830,0.217496,0.329905,-0.127920,0.223881,0.512455,0.110301,0.015937,0.707614,-0.201802,0.015813,0.473351,0.113067,0.032000,0.189008,-0.171639,0.015711
0.532705,-0.035458,0.193622,0.726787,0.057234,0.165657,0.714708,-0.151507,0.172443,0.350702,0.080592,0.214800,0.338624,-0.128149,0.221586,0.513170,0.110278,0.015986,0.707733,-0.201746,0.015802,0.477203,0.112476,0.019565,0.194206,-0.172034,0.015747
0.540146,-0.035650,0.184610,0.733878,0.056840,0.153714,0.721741,-0.151879,0.161046,0.358551,0.080579,0.208174,0.346414,-0.128140,0.215507,0.514826,0.110295,0.015997,0.707885,-0.201731,0.015785,0.477905,0.112435,0.015794,0.206901,-0.172471,0.019408
0.546957,-0.036074,0.174371,0.740626,0.056321,0.142800,0.728459,-0.152383,0.150489,0.365455,0.080236,0.198252,0.353288,-0.128468,0.205941,0.527419,0.109644,0.016206,0.708155,-0.201721,0.015787,0.478671,0.112475,0.015889,0.229418,-0.173118,0.034594
0.553957,-0.036650,0.163478,0.748000,0.055763,0.134351,0.735815,-0.152930,0.142319,0.372099,0.079630,0.184637,0.359914,-0.129062,0.192606,0.545491,0.108845,0.021670,0.708676,-0.201733,0.015896,0.479450,0.112482,0.015960,0.262115,-0.174524,0.045651
0.561378,-0.037573,0.152448,0.756130,0.055032,0.129265,0.743945,-0.153663,0.137158,0.378812,0.078518,0.167737,0.366627,-0.130178,0.175630,0.566041,0.107983,0.031225,0.709430,-0.201790,0.016004,0.480174,0.112420,0.015984,0.299637,-0.176561,0.050460
0.569304,-0.038790,0.141980,0.764806,0.054146,0.128460,0.752604,-0.154567,0.135837,0.386003,0.076988,0.148122,0.373801,-0.131726,0.155500,0.590145,0.106801,0.040401,0.710309,-0.201883,0.016096,0.480779,0.112332,0.015981,0.335673,-0.178685,0.052739
0.577930,-0.040121,0.132869,0.773712,0.053209,0.132402,0.761465,-0.155529,0.138958,0.394396,0.075287,0.126779,0.382149,-0.133451,0.133336,0.617867,0.105196,0.046220,0.711306,-0.201999,0.016005,0.481320,0.112256,0.015939,0.366099,-0.180530,0.054698
0.587248,-0.041368,0.126213,0.782261,0.052389,0.141065,0.769982,-0.156372,0.146797,0.404514,0.073635,0.105629,0.392235,-0.135126,0.111361,0.647593,0.103304,0.048123,0.712291,-0.202118,0.015901,0.481826,0.112168,0.015842,0.389539,-0.182066,0.054795
0.596855,-0.042376,0.123168,0.789753,0.051838,0.154075,0.777462,-0.156938,0.159191,0.416248,0.072187,0.087144,0.403957,-0.136589,0.092260,0.678628,0.101325,0.048076,0.713187,-0.202210,0.015818,0.482383,0.112086,0.015766,0.407341,-0.183309,0.052355
0.606075,-0.043121,0.124410,0.795670,0.051565,0.170556,0.783374,-0.157220,0.175280,0.428776,0.070977,0.073541,0.416480,-0.137808,0.078265,0.710119,0.099399,0.049230,0.713983,-0.202283,0.015744,0.483218,0.112002,0.015677,0.421973,-0.184351,0.048240
0.614283,-0.043633,0.129630,0.799946,0.051513,0.188941,0.787647,-0.157277,0.193433,0.440918,0.070012,0.065827,0.428620,-0.138778,0.070319,0.739298,0.097675,0.051843,0.714769,-0.202345,0.015804,0.484549,0.111906,0.015834,0.435343,-0.185298,0.043129
0.621151,-0.043964,0.137685,0.802975,0.051609,0.207306,0.790711,-0.157186,0.211654,0.451591,0.069257,0.063716,0.439327,-0.139537,0.068064,0.762868,0.096257,0.051460,0.715550,-0.202388,0.015846,0.486361,0.111761,0.016069,0.448144,-0.186248,0.036634
0.627045,-0.044386,0.146954,0.805981,0.051350,0.223488,0.793702,-0.157451,0.227470,0.460388,0.068679,0.066438,0.448108,-0.140122,0.070420,0.779318,0.095061,0.045502,0.716311,-0.202472,0.015859,0.488397,0.111608,0.016044,0.460297,-0.187210,0.026658
0.632744,-0.045105,0.155862,0.810283,0.050444,0.235807,0.797947,-0.158366,0.239053,0.467540,0.068156,0.072670,0.455205,-0.140654,0.075916,0.787910,0.094184,0.035309,0.717078,-0.202592,0.015919,0.490237,0.111470,0.016006,0.468325,-0.187898,0.015868
0.639130,-0.045338,0.163665,0.817523,0.049609,0.242420,0.803988,-0.159106,0.246848,0.474271,0.068431,0.080482,0.460737,-0.140284,0.084911,0.784499,0.092537,0.017684,0.721506,-0.204203,0.016408,0.491770,0.111479,0.015800,0.469305,-0.187862,0.015778
0.645756,-0.045479,0.170574,0.824751,0.049496,0.247915,0.811258,-0.159218,0.252509,0.480253,0.068261,0.088638,0.466761,-0.140453,0.093232,0.785402,0.092486,0.015803,0.734974,-0.204948,0.020561,0.490112,0.111760,0.024153,0.470156,-0.187931,0.015875
0.652205,-0.045700,0.178134,0.831291,0.049294,0.255240,0.817816,-0.159421,0.259875,0.486593,0.068020,0.096394,0.473118,-0.140694,0.101028,0.786279,0.092440,0.015839,0.752396,-0.205970,0.024908,0.489217,0.112426,0.052229,0.470871,-0.187996,0.015835
0.658657,-0.045820,0.186682,0.837874,0.049201,0.263451,0.824396,-0.159511,0.268206,0.492918,0.067870,0.105158,0.479440,-0.140841,0.109912,0.787222,0.092387,0.015839,0.775607,-0.207336,0.030310,0.494138,0.112940,0.087254,0.471372,-0.188020,0.015818
0.665268,-0.045969,0.195961,0.844729,0.049048,0.272163,0.831248,-0.159661,0.276991,0.499288,0.067723,0.114930,0.485807,-0.140986,0.119759,0.788203,0.092328,0.015948,0.804981,-0.209101,0.035824,0.502217,0.113066,0.113881,0.471656,-0.188034,0.015819
0.672194,-0.046192,0.205246,0.852152,0.048773,0.280331,0.838675,-0.159936,0.285168,0.505712,0.067552,0.125324,0.492235,-0.141158,0.130161,0.789249,0.092266,0.015979,0.838421,-0.211129,0.041246,0.508641,0.112895,0.124276,0.471764,-0.188043,0.015804
0.679472,-0.046387,0.213621,0.860295,0.048511,0.286687,0.846823,-0.160196,0.291610,0.512121,0.067423,0.135632,0.498649,-0.141285,0.140554,0.790292,0.092202,0.015932,0.873438,-0.213240,0.047008,0.515048,0.112766,0.134567,0.471752,-0.188048,0.015805
0.687218,-0.046541,0.220691,0.869349,0.048260,0.290565,0.855886,-0.160445,0.295646,0.518550,0.067363,0.145737,0.505087,-0.141342,0.150818,0.791299,0.092163,0.015803,0.908053,-0.215277,0.052924,0.521475,0.112705,0.144641,0.471645,-0.188029,0.015820
0.695539,-0.046656,0.226183,0.879396,0.048006,0.291583,0.865926,-0.160691,0.296933,0.525153,0.067380,0.155434,0.511683,-0.141317,0.160784,0.792161,0.092128,0.015848,0.939945,-0.217148,0.058189,0.528079,0.112721,0.154281,0.471491,-0.187998,0.015831
0.704506,-0.046751,0.229896,0.890430,0.047725,0.289458,0.876950,-0.160963,0.295165,0.532062,0.067461,0.164628,0.518581,-0.141227,0.170334,0.792884,0.092107,0.015909,0.966353,-0.218708,0.060801,0.535024,0.112705,0.160038,0.471315,-0.187959,0.015850
0.714083,-0.046879,0.231691,0.902279,0.047361,0.284058,0.888807,-0.161316,0.290144,0.539359,0.067559,0.173239,0.525886,-0.141118,0.179325,0.793491,0.092128,0.015932,0.985204,-0.219862,0.058420,0.543045,0.112458,0.158598,0.471127,-0.187915,0.015852
0.724188,-0.047142,0.231511,0.914696,0.046766,0.275431,0.901203,-0.161899,0.281887,0.547173,0.067615,0.181134,0.533679,-0.141050,0.187590,0.793940,0.092113,0.015958,0.995658,-0.220747,0.050043,0.553856,0.111784,0.149941,0.470950,-0.187874,0.015848
0.734665,-0.047695,0.229376,0.927315,0.045820,0.263757,0.913832,-0.162840,0.270389,0.555498,0.067449,0.188363,0.542015,-0.141210,0.194995,0.794333,0.092105,0.015984,0.997623,-0.221293,0.035332,0.570103,0.110367,0.134670,0.470816,-0.187871,0.015855
0.745300,-0.048683,0.225389,0.939748,0.044387,0.249249,0.926300,-0.164281,0.255680,0.564301,0.066915,0.195097,0.550853,-0.141754,0.201528,0.794670,0.092114,0.015987,0.993431,-0.221536,0.016801,0.594728,0.108065,0.115453,0.470704,-0.187877,0.015863
0.755285,-0.049221,0.221213,0.950791,0.043524,0.235942,0.937352,-0.165139,0.242562,0.573218,0.066697,0.199864,0.559779,-0.141966,0.206484,0.795131,0.092138,0.015986,0.992952,-0.221483,0.015715,0.628831,0.105385,0.095940,0.470656,-0.187842,0.015833
0.764633,-0.049757,0.217520,0.960696,0.042707,0.224655,0.947242,-0.165949,0.231470,0.582024,0.066435,0.203571,0.568570,-0.142221,0.210385,0.795672,0.092100,0.015962,0.992563,-0.221484,0.015780,0.666210,0.102581,0.081256,0.470646,-0.187829,0.015834
0.773790,-0.050465,0.214228,0.970096,0.041758,0.214435,0.956644,-0.166898,0.221237,0.590937,0.065968,0.207219,0.577484,-0.142688,0.214021,0.796277,0.092061,0.015908,0.992302,-0.221462,0.015814,0.698846,0.100158,0.071579,0.470608,-0.187827,0.015833
0.782898,-0.051130,0.211184,0.979198,0.040872,0.204615,0.965745,-0.167784,0.211434,0.600051,0.065523,0.210934,0.586598,-0.143132,0.217753,0.796929,0.092022,0.015826,0.992168,-0.221449,0.015821,0.723267,0.098320,0.063204,0.470511,-0.187815,0.015829
0.792009,-0.051737,0.208135,0.988074,0.040062,0.194995,0.974622,-0.168591,0.201887,0.609397,0.065117,0.214384,0.595944,-0.143536,0.221275,0.797620,0.091991,0.015756,0.992126,-0.221434,0.015821,0.740240,0.096943,0.053680,0.470371,-0.187795,0.015822
0.801098,-0.052303,0.204615,0.996742,0.039310,0.185340,0.983290,-0.169338,0.192376,0.618905,0.064732,0.216854,0.605454,-0.143917,0.223890,0.798345,0.091954,0.015824,0.992182,-0.221436,0.015817,0.751831,0.095863,0.042816,0.470264,-0.187788,0.015821
0.809896,-0.052883,0.199904,1.005024,0.038571,0.175357,0.991575,-0.170072,0.182559,0.628218,0.064306,0.217249,0.614769,-0.144337,0.224452,0.799063,0.091915,0.015943,0.992277,-0.221445,0.015807,0.759786,0.094973,0.031172,0.470453,-0.187811,0.015741
0.818043,-0.053312,0.193102,1.012643,0.038045,0.164364,0.999259,-0.170589,0.171938,0.636827,0.063965,0.214266,0.623443,-0.144669,0.221840,0.799799,0.091885,0.015989,0.992409,-0.221392,0.015794,0.763476,0.094317,0.018777,0.476139,-0.188276,0.015720
0.825417,-0.053679,0.184069,1.019679,0.037496,0.152602,1.006243,-0.171118,0.160601,0.644590,0.063761,0.207538,0.631154,-0.144853,0.215537,0.801449,0.091892,0.016005,0.992549,-0.221367,0.015770,0.764226,0.094282,0.015800,0.490011,-0.188879,0.018924
0.832224,-0.054277,0.173861,1.026457,0.036835,0.142031,1.013010,-0.171767,0.150330,0.651438,0.063212,0.197393,0.637991,-0.145390,0.205691,0.813345,0.091139,0.015994,0.992832,-0.221399,0.015791,0.765022,0.094250,0.015892,0.513414,-0.189787,0.033581
