0.006207,0.007988,0.344152,0.196640,0.111592,0.350659,0.195737,-0.097449,0.342556,-0.183324,0.113425,0.345748,-0.184227,-0.095616,0.337645,0.165928,0.165919,0.125962,0.182689,-0.134581,0.128536,-0.159407,0.167084,0.132198,-0.146298,-0.132825,0.119915
0.010937,0.012032,0.334192,0.201541,0.115283,0.341286,0.200304,-0.093662,0.331028,-0.178431,0.117725,0.337355,-0.179667,-0.091220,0.327097,0.192931,0.172677,0.100176,0.183954,-0.128103,0.107638,-0.157451,0.174669,0.101827,-0.150776,-0.124976,0.084295
0.017670,0.016167,0.318934,0.208466,0.118922,0.327832,0.206809,-0.089944,0.316141,-0.171470,0.122278,0.321727,-0.173127,-0.086589,0.310036,0.190457,0.178890,0.072297,0.157444,-0.122006,0.082646,-0.161880,0.181702,0.071993,-0.162132,-0.117445,0.046440
0.024296,0.020432,0.299894,0.215456,0.122463,0.309291,0.213032,-0.086414,0.297932,-0.164440,0.127277,0.301856,-0.166865,-0.081600,0.290496,0.181080,0.183099,0.038683,0.137975,-0.118217,0.061709,-0.168515,0.187027,0.041067,-0.166235,-0.112178,0.015589
0.032063,0.025787,0.282559,0.223981,0.126757,0.286212,0.220077,-0.082281,0.278969,-0.155952,0.133855,0.286149,-0.159856,-0.075183,0.278905,0.172338,0.182579,0.015757,0.123061,-0.117850,0.045091,-0.177004,0.189104,0.015752,-0.165547,-0.111444,0.015784
0.041126,0.029198,0.273122,0.233042,0.130226,0.274814,0.229143,-0.078884,0.270056,-0.146890,0.137279,0.276189,-0.150789,-0.071830,0.271430,0.172084,0.182724,0.015867,0.120704,-0.117013,0.036352,-0.175690,0.189208,0.015945,-0.164496,-0.111228,0.015824
0.051064,0.031517,0.269343,0.242950,0.132597,0.271185,0.239112,-0.076547,0.268296,-0.136985,0.139582,0.270390,-0.140823,-0.069563,0.267502,0.172539,0.182878,0.015887,0.135346,-0.116882,0.034945,-0.170187,0.189112,0.019980,-0.163701,-0.111131,0.015955
0.061825,0.033607,0.269515,0.253703,0.134699,0.271583,0.249870,-0.074463,0.270480,-0.126221,0.141678,0.268550,-0.130054,-0.067484,0.267447,0.173329,0.182979,0.015879,0.155251,-0.116951,0.036031,-0.152357,0.188906,0.023652,-0.163208,-0.111009,0.015960
0.073219,0.035576,0.271650,0.265085,0.136696,0.273488,0.261266,-0.072469,0.274071,-0.114828,0.143620,0.269228,-0.118647,-0.065544,0.269811,0.174317,0.183093,0.015795,0.177076,-0.117046,0.038284,-0.123312,0.188562,0.028160,-0.162912,-0.110900,0.015964
0.084801,0.037247,0.273663,0.276669,0.138373,0.274872,0.272844,-0.070783,0.276905,-0.103243,0.145276,0.270422,-0.107067,-0.063879,0.272454,0.175311,0.183168,0.015840,0.200969,-0.117234,0.039629,-0.088754,0.188166,0.033220,-0.162711,-0.110814,0.015977
0.096291,0.038445,0.274214,0.288176,0.139544,0.274553,0.284323,-0.069597,0.277667,-0.091742,0.146486,0.270761,-0.095594,-0.062655,0.273875,0.176244,0.183218,0.015923,0.226730,-0.117560,0.038529,-0.053680,0.187760,0.036534,-0.162409,-0.110728,0.015983
0.107601,0.039009,0.272870,0.299501,0.140080,0.272247,0.295629,-0.069052,0.275964,-0.080427,0.147070,0.269776,-0.084299,-0.062061,0.273493,0.177065,0.183256,0.015959,0.253842,-0.118036,0.034468,-0.019894,0.187275,0.036917,-0.161928,-0.110667,0.015944
0.118996,0.038940,0.269840,0.310898,0.139991,0.267942,0.307029,-0.069138,0.271811,-0.069037,0.147019,0.267869,-0.072906,-0.062110,0.271738,0.177809,0.183257,0.015955,0.278574,-0.118621,0.026188,0.010908,0.186691,0.034695,-0.161452,-0.110670,0.015914
0.130795,0.038185,0.265547,0.322695,0.139189,0.261851,0.318808,-0.069945,0.265354,-0.057219,0.146316,0.265739,-0.061106,-0.062819,0.269242,0.178539,0.183213,0.015937,0.290071,-0.119055,0.015855,0.035783,0.186103,0.030027,-0.160925,-0.110672,0.015911
0.142498,0.038078,0.261104,0.334283,0.139251,0.256227,0.330605,-0.069883,0.259978,-0.045609,0.146040,0.262230,-0.049287,-0.063094,0.265981,0.181835,0.183087,0.015934,0.290531,-0.119022,0.015837,0.053462,0.185396,0.018804,-0.159566,-0.111103,0.015934
0.153065,0.038338,0.258105,0.344877,0.139424,0.252574,0.341125,-0.069701,0.256690,-0.034996,0.146377,0.259520,-0.038748,-0.062749,0.263636,0.199487,0.182841,0.015890,0.291089,-0.119010,0.015855,0.054317,0.185445,0.015840,-0.151613,-0.111068,0.015766
0.163216,0.037689,0.258070,0.355025,0.138779,0.252508,0.351271,-0.070353,0.256266,-0.024840,0.145732,0.259874,-0.028594,-0.063401,0.263632,0.221181,0.182512,0.022418,0.291778,-0.119070,0.015855,0.055093,0.185377,0.015888,-0.136873,-0.111349,0.017251
0.173660,0.036209,0.260195,0.365471,0.137346,0.255581,0.361731,-0.071804,0.258258,-0.014411,0.144222,0.262133,-0.018150,-0.064928,0.264809,0.244986,0.182098,0.031857,0.292603,-0.119130,0.015919,0.055749,0.185277,0.015897,-0.122738,-0.111587,0.025050
0.184441,0.034088,0.263791,0.376262,0.135257,0.260554,0.372519,-0.073907,0.261652,-0.003638,0.142083,0.265930,-0.007381,-0.067080,0.267029,0.266440,0.181529,0.041381,0.293566,-0.119242,0.015931,0.056324,0.185155,0.015934,-0.105268,-0.112023,0.031639
0.195278,0.031685,0.267947,0.387108,0.132874,0.266137,0.383364,-0.076291,0.265496,0.007192,0.139661,0.270397,0.003449,-0.069505,0.269757,0.288065,0.180770,0.048658,0.294577,-0.119395,0.015880,0.056779,0.185010,0.015893,-0.083604,-0.112687,0.035382
0.206158,0.029213,0.271868,0.397990,0.130413,0.271452,0.394252,-0.078740,0.269069,0.018063,0.137166,0.274667,0.014326,-0.071987,0.272284,0.311854,0.179893,0.053702,0.295631,-0.119552,0.015797,0.057219,0.184875,0.015841,-0.059293,-0.113455,0.037377
0.217014,0.026848,0.275071,0.408836,0.128064,0.276058,0.405128,-0.081064,0.272037,0.028900,0.134760,0.278105,0.025193,-0.074369,0.274084,0.338505,0.178985,0.057169,0.296666,-0.119684,0.015965,0.057642,0.184760,0.015779,-0.033453,-0.114266,0.038526
0.227814,0.024773,0.277185,0.419623,0.125987,0.279631,0.415946,-0.083111,0.274228,0.039682,0.132656,0.280142,0.036004,-0.076442,0.274739,0.367970,0.178063,0.059229,0.297708,-0.119831,0.016019,0.058119,0.184638,0.015695,-0.005381,-0.115081,0.038500
0.238499,0.023064,0.277873,0.430284,0.124280,0.281731,0.426654,-0.084786,0.275188,0.050343,0.130913,0.280557,0.046714,-0.078153,0.274014,0.399544,0.177233,0.059986,0.298704,-0.119933,0.016047,0.058688,0.184540,0.015594,0.025795,-0.115868,0.037536
0.249092,0.021729,0.276997,0.440846,0.122954,0.281983,0.437273,-0.086083,0.274549,0.060912,0.129540,0.279445,0.057338,-0.079497,0.272011,0.431437,0.176548,0.058507,0.299631,-0.120019,0.015949,0.059350,0.184431,0.015713,0.060386,-0.116632,0.035721
0.259724,0.020927,0.274543,0.451474,0.122124,0.280238,0.447901,-0.086893,0.272242,0.071547,0.128748,0.276844,0.067974,-0.080269,0.268849,0.462109,0.176053,0.054855,0.300461,-0.120055,0.015854,0.060121,0.184416,0.015882,0.097287,-0.117267,0.033764
0.270458,0.020752,0.270241,0.462229,0.121910,0.275907,0.458614,-0.087102,0.267807,0.082302,0.128606,0.272675,0.078687,-0.080406,0.264575,0.489323,0.175740,0.048621,0.301187,-0.120103,0.015762,0.060991,0.184412,0.016004,0.133749,-0.117845,0.032227
0.281418,0.021172,0.263986,0.473237,0.122307,0.268258,0.469538,-0.086716,0.260495,0.093298,0.129059,0.267477,0.089599,-0.079964,0.259714,0.508332,0.175815,0.035608,0.301877,-0.120152,0.015847,0.061983,0.184438,0.016085,0.164672,-0.118234,0.029582
0.292812,0.021896,0.256097,0.484721,0.122944,0.257350,0.480811,-0.086094,0.250107,0.104814,0.129886,0.262086,0.100904,-0.079152,0.254844,0.510225,0.176315,0.015986,0.302831,-0.120135,0.015899,0.062935,0.184679,0.016047,0.184875,-0.118184,0.023250
0.304012,0.021858,0.249304,0.495914,0.122928,0.249263,0.491976,-0.086108,0.241957,0.116048,0.129824,0.256652,0.112111,-0.079211,0.249345,0.510248,0.176299,0.015939,0.312680,-0.120314,0.015874,0.063911,0.184705,0.015976,0.190377,-0.118013,0.015950
0.314766,0.021652,0.246275,0.506654,0.122746,0.245937,0.502731,-0.086286,0.238554,0.126801,0.129591,0.253996,0.122878,-0.079442,0.246613,0.510661,0.176283,0.015877,0.332550,-0.120708,0.015706,0.064635,0.184653,0.015907,0.191370,-0.118064,0.015878
0.325661,0.022354,0.246725,0.517546,0.123454,0.246609,0.513651,-0.085605,0.239981,0.137670,0.130313,0.253468,0.133775,-0.078745,0.246841,0.511400,0.176362,0.015919,0.351071,-0.121074,0.019702,0.071211,0.184565,0.015852,0.192186,-0.117989,0.015785
0.336796,0.023941,0.249424,0.528689,0.125025,0.249446,0.524806,-0.084077,0.244389,0.148786,0.131959,0.254458,0.144902,-0.077143,0.249401,0.512289,0.176452,0.015805,0.366897,-0.121323,0.025539,0.087032,0.184328,0.016670,0.192855,-0.117854,0.015714
0.348206,0.026222,0.253146,0.540093,0.127317,0.253165,0.536243,-0.081827,0.250251,0.160168,0.134272,0.256041,0.156318,-0.074873,0.253127,0.513239,0.176580,0.015867,0.379320,-0.121375,0.033098,0.109332,0.183986,0.018004,0.193439,-0.117709,0.015628
0.359833,0.028900,0.256992,0.551720,0.129996,0.256923,0.547881,-0.079168,0.256421,0.171785,0.136968,0.257564,0.167945,-0.072196,0.257062,0.514241,0.176720,0.015879,0.391682,-0.121241,0.040575,0.133455,0.183700,0.020156,0.193984,-0.117552,0.015650
0.371536,0.031723,0.260517,0.563422,0.132821,0.260196,0.559584,-0.076335,0.262165,0.183488,0.139781,0.258870,0.179650,-0.069375,0.260838,0.515199,0.176866,0.015893,0.405852,-0.121001,0.046665,0.156317,0.183525,0.023645,0.194455,-0.117413,0.015702
0.383202,0.034607,0.263712,0.575086,0.135706,0.262947,0.571243,-0.073413,0.267346,0.195160,0.142626,0.260077,0.191317,-0.066492,0.264476,0.516160,0.177059,0.015889,0.422608,-0.120702,0.050919,0.177282,0.183555,0.028697,0.194895,-0.117258,0.015740
0.394779,0.037338,0.266802,0.586690,0.138383,0.265602,0.582781,-0.070674,0.272256,0.206777,0.145351,0.261348,0.202869,-0.063707,0.268002,0.517119,0.177221,0.015986,0.442435,-0.120490,0.053612,0.197720,0.183786,0.034651,0.195260,-0.117072,0.015806
0.406250,0.039742,0.269882,0.598180,0.140745,0.268358,0.594215,-0.068239,0.276999,0.218285,0.147722,0.262765,0.214320,-0.061262,0.271406,0.518108,0.177327,0.016000,0.465388,-0.120468,0.055079,0.218867,0.184020,0.040569,0.195552,-0.116971,0.015816
0.417625,0.041786,0.272710,0.609570,0.142760,0.271029,0.605555,-0.066150,0.281285,0.229696,0.149723,0.264135,0.225681,-0.059187,0.274391,0.519138,0.177488,0.015926,0.491288,-0.120558,0.055350,0.240859,0.184299,0.045710,0.195818,-0.116820,0.015818
0.428860,0.043358,0.274837,0.620816,0.144307,0.273036,0.616758,-0.064535,0.284567,0.240962,0.151251,0.265107,0.236904,-0.057592,0.276638,0.520155,0.177588,0.015791,0.520211,-0.120897,0.054359,0.263385,0.184437,0.049480,0.196080,-0.116726,0.015842
0.439926,0.044418,0.275806,0.631894,0.145343,0.273814,0.627800,-0.063445,0.286292,0.252052,0.152281,0.265320,0.247959,-0.056506,0.277798,0.521114,0.177637,0.015851,0.551679,-0.121514,0.051678,0.286916,0.184293,0.050395,0.196372,-0.116691,0.015837
0.450775,0.044815,0.275542,0.642749,0.145725,0.273457,0.638636,-0.063032,0.286419,0.262914,0.152663,0.264665,0.258801,-0.056095,0.277627,0.522023,0.177664,0.015995,0.586178,-0.122345,0.048051,0.313265,0.183746,0.047705,0.196769,-0.116673,0.015845
0.461567,0.044617,0.274070,0.653546,0.145509,0.271655,0.649435,-0.063241,0.284725,0.273699,0.152475,0.263415,0.269588,-0.056276,0.276485,0.522867,0.177626,0.016037,0.621500,-0.123331,0.043687,0.341820,0.182876,0.042929,0.197189,-0.116716,0.015854
0.472527,0.043808,0.271417,0.664499,0.144694,0.268286,0.660435,-0.064080,0.280994,0.284618,0.151696,0.261839,0.280554,-0.057078,0.274548,0.523664,0.177623,0.016032,0.651358,-0.124344,0.036248,0.369659,0.181924,0.037448,0.197673,-0.116752,0.015910
0.483936,0.042320,0.267581,0.675905,0.143158,0.263024,0.671890,-0.065665,0.274916,0.295983,0.150305,0.260247,0.291967,-0.058518,0.272139,0.524428,0.177535,0.015985,0.669633,-0.125451,0.023842,0.392873,0.180935,0.031279,0.198186,-0.116834,0.015981
0.495689,0.040596,0.262961,0.687640,0.141389,0.256875,0.683667,-0.067488,0.267795,0.307712,0.148680,0.258127,0.303739,-0.060197,0.269046,0.525241,0.177400,0.015895,0.670269,-0.125930,0.015742,0.409124,0.180000,0.023386,0.198763,-0.116951,0.015966
0.506912,0.039871,0.259094,0.698852,0.140681,0.252951,0.694900,-0.068209,0.263634,0.318925,0.147951,0.254554,0.314972,-0.060938,0.265238,0.538606,0.177107,0.015913,0.670685,-0.125949,0.015690,0.416146,0.179420,0.015835,0.199690,-0.117020,0.016015
0.517250,0.039078,0.257350,0.709213,0.139844,0.251233,0.705210,-0.069068,0.261463,0.329290,0.147223,0.253237,0.325287,-0.061688,0.263467,0.561226,0.176666,0.015827,0.671212,-0.125960,0.015758,0.417107,0.179430,0.015877,0.204903,-0.117013,0.015977
0.527325,0.037445,0.257682,0.719305,0.138220,0.252292,0.715268,-0.070743,0.261386,0.339381,0.145633,0.253978,0.335344,-0.063330,0.263072,0.583621,0.176230,0.019925,0.671879,-0.126094,0.015806,0.417806,0.179261,0.015962,0.216968,-0.117297,0.015995
0.537529,0.035149,0.259295,0.729544,0.135918,0.255168,0.725439,-0.073113,0.262519,0.349619,0.143410,0.256071,0.345514,-0.065621,0.263422,0.606413,0.175718,0.024716,0.672606,-0.126236,0.015871,0.418475,0.179101,0.015967,0.232204,-0.117570,0.016396
0.547943,0.032387,0.261697,0.740001,0.133127,0.259186,0.735809,-0.075965,0.264417,0.360077,0.140739,0.258977,0.355885,-0.068354,0.264208,0.625946,0.175172,0.030739,0.673403,-0.126404,0.015933,0.419085,0.178949,0.015942,0.250809,-0.117922,0.016313
0.558506,0.029335,0.264573,0.750585,0.130062,0.263730,0.746347,-0.079074,0.266656,0.370665,0.137744,0.262490,0.366427,-0.071392,0.265416,0.643804,0.174523,0.037335,0.674243,-0.126584,0.015952,0.419601,0.178766,0.015881,0.271662,-0.118414,0.016781
0.569187,0.026146,0.267703,0.761280,0.126849,0.268460,0.757010,-0.082307,0.269036,0.381364,0.134599,0.266370,0.377095,-0.074557,0.266946,0.662229,0.173712,0.043923,0.675138,-0.126792,0.015914,0.420075,0.178578,0.015778,0.293205,-0.118987,0.018983
0.579975,0.022919,0.270837,0.772066,0.123601,0.273178,0.767793,-0.085548,0.271412,0.392157,0.131386,0.270262,0.387884,-0.077763,0.268496,0.683391,0.172759,0.049809,0.676085,-0.126978,0.015813,0.420491,0.178417,0.015700,0.315216,-0.119663,0.022506
0.590794,0.019867,0.273695,0.782866,0.120535,0.277585,0.778622,-0.088585,0.273659,0.402966,0.128319,0.273731,0.398721,-0.080801,0.269806,0.708534,0.171700,0.054462,0.677059,-0.127152,0.015901,0.420885,0.178268,0.015614,0.338479,-0.120472,0.026181
0.601528,0.017136,0.275937,0.793554,0.117820,0.281400,0.789389,-0.091258,0.275587,0.413667,0.125529,0.276288,0.409502,-0.083548,0.270475,0.737601,0.170627,0.057818,0.678053,-0.127300,0.016007,0.421288,0.178101,0.015652,0.363939,-0.121397,0.028771
0.612156,0.014786,0.277180,0.804140,0.115454,0.284193,0.800037,-0.093573,0.276764,0.424275,0.123145,0.277595,0.420172,-0.085883,0.270166,0.769157,0.169598,0.059952,0.679037,-0.127420,0.016062,0.421759,0.177988,0.015771,0.392362,-0.122281,0.029778
0.622669,0.012894,0.277076,0.814608,0.113546,0.285427,0.810569,-0.095434,0.276709,0.434770,0.121221,0.277444,0.430730,-0.087758,0.268725,0.801189,0.168703,0.060101,0.679963,-0.127532,0.016034,0.422301,0.177872,0.015877,0.424224,-0.123146,0.029391
0.633175,0.011528,0.275469,0.825079,0.112158,0.284819,0.821085,-0.096781,0.275172,0.445265,0.119837,0.275767,0.441270,-0.089102,0.266120,0.831959,0.168007,0.057991,0.680817,-0.127636,0.015934,0.422937,0.177767,0.015976,0.458552,-0.123966,0.028482
0.643723,0.010826,0.272046,0.835609,0.111446,0.281874,0.831640,-0.097469,0.271706,0.455805,0.119122,0.272387,0.451836,-0.089793,0.262219,0.859826,0.167617,0.053417,0.681580,-0.127677,0.015816,0.423725,0.177718,0.016066,0.493662,-0.124665,0.027262
0.654388,0.010773,0.266528,0.846303,0.111393,0.275774,0.842307,-0.097517,0.265518,0.466470,0.119062,0.267537,0.462474,-0.089848,0.257281,0.881664,0.167607,0.044015,0.682206,-0.127707,0.015761,0.424620,0.177719,0.016100,0.525190,-0.125156,0.024969
0.665363,0.011230,0.258995,0.857351,0.111888,0.266048,0.853277,-0.097034,0.256073,0.477450,0.119495,0.261917,0.473375,-0.089427,0.251942,0.890314,0.168340,0.023422,0.682733,-0.127750,0.015874,0.425517,0.177757,0.016048,0.547622,-0.125282,0.019367
0.676250,0.011147,0.251679,0.868333,0.111700,0.257539,0.864084,-0.097212,0.247413,0.488417,0.119505,0.255945,0.484168,-0.089407,0.245818,0.890734,0.168470,0.015906,0.683611,-0.127834,0.015957,0.426500,0.177910,0.015952,0.553408,-0.125184,0.015920
0.686657,0.011009,0.248192,0.878732,0.111605,0.253575,0.874504,-0.097304,0.243399,0.498810,0.119323,0.252985,0.494582,-0.089587,0.242810,0.891019,0.168447,0.015883,0.704137,-0.128278,0.015666,0.428059,0.177819,0.015833,0.554349,-0.125250,0.015746
0.697289,0.011932,0.248323,0.889324,0.112611,0.253548,0.885175,-0.096345,0.244349,0.509402,0.120210,0.252298,0.505253,-0.088746,0.243099,0.891633,0.168534,0.015799,0.724482,-0.128749,0.019278,0.437254,0.177541,0.016161,0.555148,-0.125226,0.015624
0.708309,0.013809,0.250847,0.900309,0.114577,0.255673,0.896229,-0.094454,0.248311,0.520389,0.122072,0.253383,0.516310,-0.086958,0.246021,0.892415,0.168665,0.015808,0.741046,-0.129061,0.025389,0.454830,0.177128,0.018034,0.555800,-0.125103,0.015662
0.719685,0.016319,0.254468,0.911651,0.117179,0.258637,0.907632,-0.091923,0.253614,0.531737,0.124561,0.255322,0.527718,-0.084540,0.250299,0.893286,0.168835,0.015866,0.753526,-0.129137,0.033212,0.478464,0.176720,0.019578,0.556339,-0.124927,0.015727
0.731304,0.019203,0.258239,0.923239,0.120152,0.261640,0.919275,-0.088996,0.259205,0.543333,0.127403,0.257273,0.539369,-0.081746,0.254837,0.894200,0.169025,0.015921,0.765593,-0.129003,0.040935,0.503369,0.176364,0.021769,0.556837,-0.124754,0.015776
0.743011,0.022263,0.261707,0.934936,0.123257,0.264237,0.930983,-0.085906,0.264450,0.555040,0.130431,0.258964,0.551087,-0.078732,0.259178,0.895112,0.169214,0.015879,0.779250,-0.128719,0.047125,0.526292,0.176194,0.025335,0.557260,-0.124555,0.015845
0.754704,0.025330,0.264795,0.946623,0.126353,0.266360,0.942672,-0.082791,0.269167,0.566735,0.133450,0.260423,0.562784,-0.075694,0.263231,0.896015,0.169408,0.015863,0.795544,-0.128397,0.051398,0.547020,0.176193,0.030149,0.557627,-0.124379,0.015891
0.766258,0.028152,0.267635,0.958190,0.129162,0.268378,0.954202,-0.079935,0.273579,0.578314,0.136240,0.261690,0.574327,-0.072857,0.266891,0.896879,0.169524,0.015952,0.814928,-0.128217,0.053872,0.567155,0.176301,0.035588,0.557930,-0.124261,0.015887
0.777668,0.030663,0.270382,0.969618,0.131640,0.270567,0.965576,-0.077395,0.277824,0.589760,0.138721,0.262940,0.585718,-0.070314,0.270198,0.897797,0.169676,0.015998,0.837489,-0.128138,0.055066,0.588132,0.176531,0.040967,0.558189,-0.124097,0.015886
0.788990,0.032730,0.272938,0.980964,0.133661,0.272759,0.976852,-0.075307,0.281719,0.601128,0.140767,0.264156,0.597016,-0.068200,0.273116,0.898773,0.169769,0.015982,0.863051,-0.128283,0.055131,0.610164,0.176726,0.045774,0.558426,-0.123971,0.015872
0.800179,0.034309,0.274949,0.992164,0.135219,0.274586,0.988007,-0.073687,0.284879,0.612350,0.142306,0.265019,0.608193,-0.066600,0.275312,0.899760,0.169823,0.015835,0.891582,-0.128653,0.054089,0.632900,0.176781,0.049269,0.558667,-0.123911,0.015868
0.811188,0.035347,0.275941,1.003180,0.136243,0.275394,0.998995,-0.072614,0.286613,0.623380,0.143308,0.265269,0.619196,-0.065549,0.276487,0.900694,0.169875,0.015759,0.922657,-0.129232,0.051614,0.656572,0.176624,0.050345,0.558928,-0.123864,0.015874
0.821980,0.035805,0.275678,1.013986,0.136672,0.274904,1.009770,-0.072157,0.286636,0.634189,0.143766,0.264720,0.629973,-0.065062,0.276453,0.901560,0.169919,0.015869,0.956307,-0.130021,0.047894,0.682749,0.176135,0.047896,0.559281,-0.123807,0.015856
0.832684,0.035568,0.274263,1.024702,0.136409,0.273262,1.020471,-0.072414,0.285070,0.644896,0.143551,0.263456,0.640665,-0.065273,0.275264,0.902378,0.169873,0.015997,0.991133,-0.131002,0.043657,0.711264,0.175285,0.043222,0.559685,-0.123831,0.015879
0.843563,0.034698,0.271710,1.035585,0.135526,0.270105,1.031385,-0.073321,0.281513,0.655742,0.142718,0.261906,0.651541,-0.066129,0.273314,0.903152,0.169838,0.016027,1.020720,-0.132012,0.036563,0.739068,0.174326,0.037770,0.560132,-0.123876,0.015938
0.854866,0.033226,0.267928,1.046896,0.134007,0.264940,1.042737,-0.074884,0.275524,0.666995,0.141336,0.260333,0.662836,-0.067555,0.270916,0.903865,0.169759,0.016015,1.037954,-0.133049,0.024025,0.762029,0.173364,0.031428,0.560584,-0.123952,0.015996
0.866558,0.031448,0.263280,1.058579,0.132190,0.258760,1.054464,-0.076753,0.268293,0.678652,0.139649,0.258267,0.674537,-0.069293,0.267800,0.904618,0.169650,0.015968,1.038305,-0.133465,0.015695,0.777853,0.172477,0.023202,0.561152,-0.124054,0.016005
0.877689,0.030640,0.259296,1.069700,0.131390,0.254580,1.065605,-0.077566,0.263818,0.689774,0.138845,0.254774,0.685678,-0.070111,0.264012,0.916743,0.169343,0.015975,1.038695,-0.133509,0.015738,0.784336,0.171931,0.015833,0.562063,-0.124153,0.016051
0.887844,0.029793,0.257387,1.079880,0.130492,0.252596,1.075732,-0.078484,0.261343,0.699957,0.138069,0.253431,0.695808,-0.070907,0.262178,0.937699,0.168907,0.015907,1.039203,-0.133535,0.015805,0.785185,0.171934,0.015905,0.568990,-0.124197,0.015873
0.897816,0.028305,0.257642,1.089884,0.128974,0.253556,1.085670,-0.080041,0.261264,0.709962,0.136651,0.254020,0.705748,-0.072364,0.261728,0.956967,0.168600,0.021854,1.039835,-0.133658,0.015826,0.785969,0.171830,0.015952,0.582313,-0.124431,0.015908
0.907913,0.026108,0.259397,1.100004,0.126777,0.256598,1.095743,-0.082292,0.262655,0.720083,0.134508,0.256139,0.715822,-0.074561,0.262196,0.977559,0.168131,0.028091,1.040567,-0.133796,0.015878,0.786612,0.171672,0.015971,0.599486,-0.124800,0.016037
0.918247,0.023415,0.262097,1.110358,0.124079,0.260843,1.106054,-0.085039,0.264866,0.730440,0.131868,0.259329,0.726137,-0.077249,0.263352,0.995836,0.167539,0.034024,1.041365,-0.133965,0.015932,0.787163,0.171485,0.015924,0.618251,-0.125235,0.017090
0.928738,0.020470,0.265278,1.120858,0.121121,0.265564,1.116529,-0.088026,0.267370,0.740947,0.128966,0.263185,0.736617,-0.080182,0.264991,1.014376,0.166845,0.040662,1.042225,-0.134120,0.015942,0.787670,0.171324,0.015852,0.639829,-0.125770,0.018228
0.939365,0.017357,0.268654,1.131489,0.117987,0.270499,1.127146,-0.091168,0.270026,0.751584,0.125881,0.267283,0.747242,-0.083273,0.266810,1.034085,0.165973,0.047309,1.043158,-0.134309,0.015888,0.788105,0.171152,0.015765,0.662437,-0.126416,0.020776
0.950092,0.014214,0.271958,1.142208,0.114818,0.275338,1.137872,-0.094320,0.272641,0.762313,0.122747,0.271275,0.757976,-0.086391,0.268577,1.056671,0.164922,0.053072,1.044133,-0.134527,0.015772,0.788508,0.170964,0.015682,0.685848,-0.127208,0.024280
0.960838,0.011200,0.274857,1.152922,0.111800,0.279807,1.148638,-0.097300,0.274994,0.773038,0.119700,0.274719,0.768754,-0.089401,0.269906,1.083166,0.163822,0.057315,1.045111,-0.134688,0.015943,0.788879,0.170811,0.015597,0.710665,-0.128103,0.027498
0.971508,0.008507,0.276980,1.163546,0.109103,0.283536,1.159334,-0.099949,0.276881,0.783682,0.116963,0.277079,0.779470,-0.092089,0.270424,1.113125,0.162711,0.060182,1.046117,-0.134846,0.016016,0.789296,0.170653,0.015667,0.737615,-0.129053,0.029339
0.982071,0.006264,0.277945,1.174064,0.106836,0.286017,1.169913,-0.102163,0.277837,0.794228,0.114690,0.278053,0.790078,-0.094308,0.269873,1.144969,0.161681,0.061858,1.047067,-0.134971,0.016066,0.789764,0.170538,0.015794,0.767170,-0.129953,0.029870
0.992565,0.004440,0.277465,1.184512,0.104989,0.286823,1.180424,-0.103958,0.277384,0.804706,0.112839,0.277546,0.800618,-0.096108,0.268108,1.176674,0.160836,0.061275,1.047982,-0.135065,0.016007,0.790335,0.170444,0.015897,0.799894,-0.130809,0.029230
1.003040,0.003181,0.275417,1.194957,0.103694,0.285719,1.190902,-0.105212,0.275406,0.815178,0.111575,0.275429,0.811123,-0.097332,0.265116,1.206805,0.160189,0.058651,1.048809,-0.135156,0.015914,0.791002,0.170366,0.015993,0.834625,-0.131604,0.028168
1.013599,0.002617,0.271494,1.205507,0.103115,0.282116,1.201465,-0.105770,0.271367,0.825734,0.111004,0.271621,0.821692,-0.097881,0.260871,1.233609,0.159856,0.053460,1.049560,-0.135198,0.015806,0.791806,0.170330,0.016074,0.869072,-0.132272,0.026829
1.024284,0.002693,0.265467,1.216246,0.103177,0.275206,1.212140,-0.105706,0.264467,0.836429,0.111093,0.266467,0.832323,-0.097791,0.255728,1.253288,0.159942,0.042317,1.050108,-0.135255,0.015800,0.792685,0.170345,0.016086,0.898532,-0.132693,0.023912
1.035301,0.003235,0.257519,1.227319,0.103821,0.264778,1.223184,-0.105075,0.254295,0.847419,0.111545,0.260743,0.843283,-0.097352,0.250260,1.257753,0.161086,0.018675,1.050645,-0.135211,0.015898,0.793594,0.170406,0.016047,0.918059,-0.132651,0.017186
1.046005,0.003288,0.250986,1.238081,0.103865,0.256678,1.233850,-0.105029,0.246188,0.858161,0.111606,0.255783,0.853930,-0.097288,0.245293,1.257889,0.161071,0.015902,1.053240,-0.135325,0.015936,0.794500,0.170456,0.015945,0.919076,-0.132604,0.015872
1.056122,0.003273,0.248515,1.248180,0.103904,0.253809,1.243987,-0.104994,0.243390,0.868257,0.111540,0.253640,0.864063,-0.097358,0.243220,1.258243,0.161085,0.015898,1.075178,-0.135762,0.015672,0.796848,0.170345,0.015958,0.919943,-0.132648,0.015709
1.066578,0.004349,0.249319,1.258610,0.105050,0.254231,1.254470,-0.103903,0.244939,0.878685,0.112600,0.253700,0.874546,-0.096352,0.244408,1.258899,0.161151,0.015802,1.096645,-0.136227,0.018886,0.806927,0.169980,0.018616,0.920661,-0.132595,0.015619
1.077492,0.006264,0.252232,1.269491,0.107058,0.256470,1.265418,-0.101971,0.249066,0.889565,0.114498,0.255397,0.885493,-0.094531,0.247993,1.259690,0.161262,0.015794,1.111323,-0.136549,0.025854,0.825619,0.169515,0.021529,0.921244,-0.132486,0.015688
1.088776,0.008720,0.255981,1.280752,0.109589,0.259384,1.276724,-0.099509,0.254270,0.900827,0.116950,0.257692,0.896799,-0.092149,0.252577,1.260579,0.161406,0.015886,1.122248,-0.136627,0.034395,0.849610,0.169131,0.023745,0.921751,-0.132309,0.015745
1.100292,0.011475,0.259720,1.292252,0.112401,0.262273,1.288254,-0.096744,0.259638,0.912330,0.119694,0.259803,0.908332,-0.089452,0.257167,1.261467,0.161555,0.015932,1.133574,-0.136512,0.042385,0.873902,0.168831,0.026368,0.922196,-0.132137,0.015804
1.111897,0.014359,0.263090,1.303846,0.115322,0.264756,1.299864,-0.093840,0.264626,0.923929,0.122557,0.261555,0.919947,-0.086605,0.261425,1.262357,0.161726,0.015883,1.147267,-0.136258,0.048420,0.895816,0.168695,0.030345,0.922579,-0.131960,0.015853
1.123512,0.017197,0.266050,1.315465,0.118165,0.266828,1.311471,-0.090985,0.269103,0.935553,0.125378,0.262997,0.931559,-0.083772,0.265273,1.263249,0.161892,0.015859,1.164098,-0.135991,0.052212,0.915967,0.168735,0.035308,0.922943,-0.131782,0.015875
1.135006,0.019844,0.268726,1.326981,0.120773,0.268761,1.322934,-0.088339,0.273244,0.947078,0.128027,0.264207,0.943031,-0.081085,0.268690,1.264122,0.162039,0.015954,1.184247,-0.135822,0.054142,0.936004,0.168916,0.040555,0.923242,-0.131591,0.015901
1.146397,0.022133,0.271253,1.338384,0.123037,0.270801,1.334300,-0.086025,0.277189,0.958493,0.130291,0.265318,0.954409,-0.078772,0.271705,1.265046,0.162164,0.015987,1.207688,-0.135830,0.054692,0.957018,0.169084,0.045512,0.923521,-0.131464,0.015901
1.157707,0.023987,0.273516,1.349708,0.124865,0.272809,1.345581,-0.084144,0.280737,0.969833,0.132118,0.266295,0.965707,-0.076891,0.274223,1.266012,0.162267,0.015961,1.234248,-0.136033,0.054133,0.979138,0.169204,0.049542,0.923766,-0.131353,0.015893
1.168903,0.025284,0.275150,1.360902,0.126165,0.274393,1.356762,-0.082798,0.283440,0.981045,0.133366,0.266861,0.976904,-0.075597,0.275908,1.266988,0.162332,0.015820,1.263853,-0.136459,0.052471,1.002100,0.169148,0.052016,0.924026,-0.131309,0.015890
1.179935,0.026093,0.275694,1.371950,0.126943,0.274817,1.367767,-0.081985,0.284626,0.992104,0.134170,0.266762,0.987921,-0.074758,0.276571,1.267922,0.162374,0.015803,1.295903,-0.137100,0.049387,1.026401,0.168905,0.051888,0.924326,-0.131232,0.015890
1.190754,0.026253,0.275001,1.382767,0.127104,0.273972,1.378587,-0.081809,0.284087,1.002921,0.134315,0.265915,0.998741,-0.074599,0.276030,1.268774,0.162401,0.015876,1.330468,-0.137921,0.045276,1.053745,0.168281,0.048460,0.924699,-0.131226,0.015883
1.201557,0.025787,0.273165,1.393581,0.126615,0.271810,1.389394,-0.082304,0.281814,1.013720,0.133878,0.264517,1.009533,-0.075040,0.274521,1.269567,0.162361,0.015992,1.364622,-0.138896,0.040051,1.082870,0.167407,0.043233,0.925117,-0.131244,0.015904
1.212635,0.024696,0.270205,1.404658,0.125512,0.268101,1.400505,-0.083435,0.277518,1.024765,0.132828,0.262891,1.020612,-0.076119,0.272308,1.270346,0.162325,0.016013,1.391135,-0.139866,0.030957,1.110347,0.166467,0.037351,0.925601,-0.131289,0.015957
1.224194,0.022926,0.265997,1.416204,0.123721,0.262343,1.412109,-0.085272,0.270688,1.036278,0.131125,0.261307,1.032183,-0.077869,0.269652,1.271050,0.162224,0.015994,1.404232,-0.140766,0.016390,1.131951,0.165532,0.030579,0.926115,-0.131414,0.015987
1.235760,0.021599,0.261828,1.427748,0.122419,0.257724,1.423699,-0.086602,0.265357,1.047820,0.129800,0.258299,1.043771,-0.079222,0.265932,1.271853,0.162098,0.015932,1.404580,-0.140837,0.015731,1.146725,0.164724,0.021483,0.926892,-0.131575,0.015954
1.246532,0.021248,0.258504,1.438517,0.122087,0.254714,1.434476,-0.086936,0.262320,1.058588,0.129431,0.254688,1.054547,-0.079591,0.262294,1.289110,0.161776,0.015942,1.405082,-0.140827,0.015769,1.152670,0.164409,0.015811,0.927718,-0.131588,0.016061
1.256584,0.020424,0.257234,1.448579,0.121247,0.253516,1.444517,-0.087792,0.260656,1.068651,0.128640,0.253813,1.064589,-0.080399,0.260952,1.311141,0.161325,0.017015,1.405626,-0.140884,0.015811,1.153510,0.164349,0.015879,0.934426,-0.131725,0.015890
1.266487,0.019043,0.257500,1.458497,0.119860,0.254428,1.454405,-0.089209,0.260597,1.078569,0.127295,0.254402,1.074478,-0.081774,0.260571,1.337426,0.160822,0.021045,1.406278,-0.140968,0.015839,1.154242,0.164255,0.015903,0.949723,-0.132028,0.015981
1.276768,0.016953,0.259206,1.468803,0.117751,0.257395,1.464657,-0.091356,0.262029,1.088878,0.125261,0.256384,1.084733,-0.083846,0.261018,1.356549,0.160352,0.027479,1.407066,-0.141139,0.015874,1.154921,0.164094,0.015962,0.968358,-0.132420,0.016816
1.287315,0.014374,0.262005,1.479376,0.115140,0.261714,1.475173,-0.094001,0.264364,1.099458,0.122749,0.259647,1.095255,-0.086392,0.262296,1.372822,0.159877,0.035405,1.407908,-0.141260,0.015926,1.155516,0.163997,0.015917,0.990940,-0.132865,0.017125
