-0.006886,-0.008468,0.362782,0.184813,0.092778,0.356286,0.181319,-0.116261,0.363706,-0.195090,0.099326,0.361859,-0.198584,-0.109713,0.369278,0.169230,0.132584,0.188960,0.153706,-0.167945,0.176051,-0.203609,0.139024,0.194815,-0.200918,-0.161166,0.200045
-0.008659,-0.012547,0.359138,0.183394,0.087887,0.350806,0.179178,-0.120915,0.362997,-0.196497,0.095820,0.355278,-0.200713,-0.112982,0.367469,0.161950,0.124131,0.184220,0.163632,-0.176673,0.182535,-0.201233,0.131274,0.180951,-0.229252,-0.168648,0.184099
-0.009365,-0.016825,0.350908,0.182768,0.083405,0.341955,0.178406,-0.125190,0.357236,-0.197136,0.091541,0.344581,-0.201498,-0.117055,0.359862,0.146877,0.117483,0.174684,0.147476,-0.183409,0.175912,-0.199160,0.123585,0.159215,-0.256734,-0.176153,0.159582
-0.010712,-0.021236,0.338733,0.181503,0.078865,0.330114,0.176984,-0.129597,0.347078,-0.198407,0.087124,0.330387,-0.202926,-0.121338,0.347352,0.138742,0.111681,0.161497,0.124801,-0.189330,0.159641,-0.192389,0.116442,0.131779,-0.273047,-0.183292,0.127846
-0.013290,-0.025705,0.322941,0.179233,0.073887,0.315385,0.174066,-0.134499,0.333075,-0.200647,0.083088,0.312806,-0.205814,-0.125298,0.330497,0.144058,0.105885,0.144552,0.104627,-0.195113,0.136258,-0.186122,0.110790,0.105894,-0.274815,-0.189234,0.094683
-0.016556,-0.030209,0.303688,0.176559,0.068355,0.297947,0.170112,-0.139993,0.315674,-0.203224,0.079576,0.291701,-0.209671,-0.128772,0.309429,0.158285,0.099867,0.125310,0.087727,-0.201022,0.104806,-0.187637,0.106660,0.079343,-0.269971,-0.193281,0.065697
-0.019787,-0.034758,0.280938,0.174045,0.062499,0.277549,0.165988,-0.145843,0.294683,-0.205562,0.076327,0.267193,-0.213619,-0.132014,0.284327,0.171858,0.093632,0.100166,0.073690,-0.206502,0.068630,-0.195656,0.103404,0.046167,-0.266163,-0.196066,0.035709
-0.022896,-0.038991,0.254991,0.171789,0.056585,0.252969,0.161820,-0.151706,0.269703,-0.207612,0.073724,0.240278,-0.217581,-0.134567,0.257012,0.180418,0.086561,0.063031,0.063135,-0.211795,0.031164,-0.199964,0.100975,0.015838,-0.263197,-0.197427,0.015600
-0.020859,-0.041402,0.232289,0.174263,0.053088,0.225920,0.163509,-0.155151,0.242819,-0.205226,0.072347,0.221759,-0.215980,-0.135891,0.238658,0.161939,0.082326,0.015726,0.050064,-0.213372,0.015848,-0.198795,0.100967,0.015866,-0.261788,-0.197269,0.015825
-0.012085,-0.041629,0.221195,0.183053,0.052739,0.213639,0.172270,-0.155408,0.231617,-0.196440,0.072150,0.210774,-0.207223,-0.135997,0.228751,0.161788,0.082458,0.016081,0.050375,-0.213406,0.015882,-0.197550,0.101053,0.015860,-0.260552,-0.197295,0.015931
0.000977,-0.042065,0.217962,0.196108,0.052339,0.210706,0.185334,-0.155763,0.229204,-0.183381,0.071633,0.206720,-0.194155,-0.136469,0.225218,0.162732,0.082453,0.016035,0.051182,-0.213466,0.015916,-0.196317,0.101033,0.015921,-0.259674,-0.197372,0.015908
0.015766,-0.042930,0.215991,0.210897,0.051423,0.208078,0.200130,-0.156673,0.226646,-0.168598,0.070813,0.205337,-0.179365,-0.137283,0.223904,0.163883,0.082402,0.015927,0.056724,-0.213697,0.016478,-0.195252,0.100986,0.015958,-0.258938,-0.197418,0.015880
0.031013,-0.043710,0.213853,0.226148,0.050587,0.205370,0.215375,-0.157494,0.224110,-0.153348,0.070074,0.203595,-0.164121,-0.138006,0.222335,0.165108,0.082362,0.015723,0.083490,-0.215058,0.016501,-0.191221,0.101452,0.022852,-0.258253,-0.197432,0.015757
0.046547,-0.044497,0.212497,0.241688,0.049802,0.204187,0.230901,-0.158264,0.223078,-0.137807,0.069271,0.201916,-0.148594,-0.138795,0.220807,0.166381,0.082301,0.015809,0.124754,-0.217229,0.016328,-0.174797,0.101452,0.031919,-0.257688,-0.197463,0.015658
0.062225,-0.045793,0.212234,0.257356,0.048615,0.204987,0.246584,-0.159491,0.223438,-0.122134,0.067906,0.201029,-0.132905,-0.140200,0.219480,0.167727,0.082187,0.016006,0.169336,-0.219457,0.017314,-0.143649,0.099900,0.034004,-0.257212,-0.197528,0.015636
0.077934,-0.047985,0.212423,0.273033,0.046619,0.207152,0.262304,-0.161610,0.224189,-0.106435,0.065640,0.200657,-0.117164,-0.142589,0.217694,0.169107,0.082000,0.016052,0.214360,-0.221485,0.020282,-0.099702,0.096883,0.028670,-0.256669,-0.197590,0.015697
0.093651,-0.051306,0.212321,0.288789,0.043334,0.209961,0.277908,-0.165088,0.224326,-0.090606,0.062476,0.200316,-0.101487,-0.145946,0.214682,0.170545,0.081753,0.015924,0.254354,-0.223333,0.023306,-0.044408,0.093378,0.021770,-0.254841,-0.197275,0.015689
0.109211,-0.055285,0.210452,0.304847,0.038351,0.209997,0.292846,-0.170219,0.220910,-0.074424,0.059650,0.199995,-0.086425,-0.148920,0.210907,0.171988,0.081421,0.015771,0.276329,-0.225505,0.017367,0.014795,0.090756,0.021314,-0.244591,-0.195619,0.015703
0.124542,-0.058481,0.206175,0.320569,0.034331,0.205626,0.307751,-0.174316,0.213788,-0.058667,0.057354,0.198561,-0.071485,-0.151294,0.206723,0.185213,0.080992,0.020919,0.277113,-0.225740,0.016014,0.058228,0.088957,0.025093,-0.221648,-0.195112,0.015682
0.139568,-0.060236,0.201266,0.335683,0.032385,0.200071,0.322698,-0.176281,0.207458,-0.043561,0.055809,0.195074,-0.056547,-0.152857,0.202461,0.208154,0.080026,0.034485,0.278027,-0.225847,0.015949,0.075682,0.087609,0.015829,-0.189544,-0.196759,0.015669
0.154129,-0.062263,0.197961,0.350331,0.030177,0.197140,0.337152,-0.178513,0.203420,-0.028894,0.053986,0.192502,-0.042073,-0.154704,0.198783,0.238671,0.078076,0.040507,0.279107,-0.226055,0.015805,0.077088,0.087538,0.015878,-0.151440,-0.198868,0.015715
0.168552,-0.065104,0.195813,0.364853,0.027129,0.196078,0.351447,-0.181598,0.200293,-0.014342,0.051389,0.191333,-0.027748,-0.157338,0.195548,0.268543,0.075821,0.045178,0.280234,-0.226303,0.015816,0.078553,0.087434,0.015973,-0.110593,-0.201197,0.015952
0.183174,-0.068332,0.193824,0.379516,0.023794,0.195787,0.365998,-0.184962,0.197567,0.000350,0.048298,0.190082,-0.013168,-0.160457,0.191862,0.291789,0.073768,0.048746,0.281408,-0.226580,0.015899,0.079950,0.087204,0.015795,-0.073524,-0.203565,0.019526
0.197933,-0.071456,0.191962,0.394286,0.020587,0.195820,0.380712,-0.188171,0.195242,0.015155,0.045259,0.188681,0.001581,-0.163499,0.188104,0.313214,0.071803,0.052007,0.282627,-0.226843,0.015854,0.081348,0.086980,0.015679,-0.042250,-0.205741,0.023959
0.212730,-0.074160,0.190566,0.409083,0.017796,0.196133,0.395468,-0.190945,0.193616,0.029993,0.042626,0.187517,0.016378,-0.166115,0.185000,0.335651,0.069837,0.055009,0.283865,-0.227073,0.015906,0.082716,0.086806,0.015900,-0.017044,-0.207619,0.030244
0.227524,-0.076404,0.189949,0.423865,0.015475,0.196986,0.410226,-0.193243,0.193049,0.044821,0.040435,0.186850,0.031182,-0.168282,0.182913,0.363803,0.067597,0.056925,0.285144,-0.227281,0.015805,0.084029,0.086650,0.016019,0.005573,-0.209431,0.038012
0.242359,-0.078218,0.189884,0.438671,0.013627,0.198095,0.425048,-0.195072,0.193220,0.059670,0.038635,0.186549,0.046048,-0.170064,0.181674,0.398138,0.065102,0.058087,0.286479,-0.227445,0.015930,0.085280,0.086508,0.015967,0.030374,-0.211393,0.044398
0.257339,-0.079535,0.189926,0.453642,0.012262,0.198861,0.439998,-0.196426,0.193597,0.074681,0.037357,0.186256,0.061037,-0.171331,0.180992,0.435282,0.062582,0.057779,0.287819,-0.227559,0.016028,0.086580,0.086439,0.015848,0.060690,-0.213456,0.045638
0.272671,-0.080128,0.189616,0.468977,0.011654,0.198624,0.455303,-0.197043,0.193810,0.090039,0.036787,0.185422,0.076365,-0.171910,0.180608,0.469979,0.060547,0.051272,0.289190,-0.227616,0.015982,0.087923,0.086398,0.015823,0.098296,-0.215685,0.040956
0.288639,-0.079801,0.188544,0.484990,0.011988,0.196448,0.471249,-0.196734,0.193156,0.106029,0.037133,0.183933,0.092289,-0.171589,0.180641,0.497213,0.059288,0.034698,0.290617,-0.227601,0.015847,0.089283,0.086441,0.015793,0.140467,-0.218047,0.036819
0.305222,-0.078929,0.186582,0.501643,0.012926,0.191321,0.487882,-0.195818,0.190233,0.122561,0.037960,0.182930,0.108800,-0.170784,0.181842,0.502312,0.059346,0.015863,0.292105,-0.227552,0.015800,0.090566,0.086489,0.015899,0.181304,-0.220343,0.034035
0.321247,-0.079360,0.185333,0.517789,0.012310,0.188314,0.503817,-0.196422,0.187734,0.138677,0.037702,0.182933,0.124705,-0.171030,0.182353,0.503450,0.059301,0.015975,0.303917,-0.228115,0.015858,0.091923,0.086848,0.015930,0.210513,-0.221884,0.023434
0.336594,-0.080725,0.184564,0.533182,0.010845,0.187615,0.519110,-0.197879,0.186548,0.154077,0.036429,0.182581,0.140006,-0.172294,0.181514,0.504753,0.059193,0.015962,0.326119,-0.229548,0.015785,0.097663,0.086639,0.015856,0.218911,-0.222320,0.015817
0.351540,-0.081304,0.184933,0.548088,0.010367,0.187499,0.534114,-0.198366,0.186958,0.168965,0.035758,0.182907,0.154991,-0.172974,0.182366,0.506100,0.059173,0.015947,0.349771,-0.231148,0.021446,0.115352,0.085327,0.017632,0.220369,-0.222470,0.015627
0.366405,-0.081060,0.186202,0.562978,0.010569,0.188351,0.548944,-0.198158,0.189190,0.183867,0.036037,0.183213,0.169833,-0.172690,0.184052,0.507458,0.059161,0.015785,0.382927,-0.233200,0.027250,0.141016,0.083834,0.024696,0.221665,-0.222404,0.015779
0.381218,-0.080355,0.187681,0.577775,0.011316,0.189454,0.563761,-0.197396,0.192193,0.198675,0.036687,0.183170,0.184661,-0.172025,0.185908,0.508803,0.059225,0.015820,0.423916,-0.235668,0.031807,0.169405,0.082238,0.032999,0.222924,-0.222381,0.015951
0.396118,-0.079733,0.188900,0.592668,0.011958,0.190297,0.578654,-0.196723,0.194824,0.213582,0.037257,0.182976,0.199568,-0.171424,0.187503,0.510151,0.059278,0.015856,0.460369,-0.237720,0.039118,0.197176,0.080826,0.040286,0.224135,-0.222359,0.015938
0.411076,-0.079436,0.190093,0.607642,0.012225,0.191146,0.593579,-0.196417,0.197102,0.228572,0.037544,0.183085,0.214509,-0.171097,0.189040,0.511447,0.059280,0.015974,0.493805,-0.239572,0.046174,0.224328,0.079478,0.045600,0.225258,-0.222335,0.015942
0.426102,-0.079566,0.191604,0.622662,0.012107,0.192642,0.608594,-0.196506,0.199517,0.243609,0.037374,0.183690,0.229541,-0.171239,0.190566,0.512765,0.059274,0.015986,0.529209,-0.241637,0.050627,0.253038,0.077850,0.048172,0.226408,-0.222360,0.015958
0.441265,-0.080218,0.193454,0.637808,0.011486,0.194948,0.623749,-0.197116,0.202154,0.258781,0.036680,0.184753,0.244722,-0.171923,0.191959,0.514156,0.059213,0.015827,0.567785,-0.244124,0.051637,0.285964,0.075681,0.047338,0.227530,-0.222425,0.015919
0.456673,-0.081534,0.195274,0.653180,0.010228,0.197623,0.639160,-0.198389,0.204458,0.274185,0.035321,0.186091,0.260165,-0.173297,0.192925,0.515565,0.059099,0.015863,0.606835,-0.246867,0.049601,0.325903,0.072760,0.043796,0.228583,-0.222554,0.015813
0.472454,-0.083568,0.196461,0.668926,0.008248,0.199619,0.654966,-0.200407,0.205361,0.289943,0.033272,0.187560,0.275982,-0.175383,0.193302,0.516997,0.058927,0.015962,0.640804,-0.249552,0.040978,0.372492,0.069284,0.040999,0.229616,-0.222734,0.015812
0.488541,-0.086006,0.195252,0.685016,0.005826,0.197575,0.671136,-0.202870,0.201795,0.305945,0.030858,0.188708,0.292065,-0.177838,0.192929,0.518952,0.058757,0.015956,0.656386,-0.251168,0.017888,0.417144,0.066015,0.040015,0.230664,-0.222895,0.015864
0.504555,-0.087639,0.192092,0.700771,0.004770,0.193158,0.687532,-0.203969,0.197343,0.321577,0.028692,0.186842,0.308339,-0.180047,0.191026,0.542880,0.056819,0.017865,0.657562,-0.251252,0.016117,0.444320,0.063346,0.031624,0.234357,-0.224418,0.015816
0.520264,-0.087923,0.188466,0.716235,0.005005,0.189389,0.703533,-0.203738,0.194812,0.336994,0.027892,0.182121,0.324293,-0.180851,0.187544,0.576330,0.054799,0.025077,0.658855,-0.251216,0.015949,0.455448,0.061914,0.015829,0.244178,-0.225990,0.015708
0.535362,-0.089163,0.186462,0.731367,0.003688,0.187935,0.718573,-0.205059,0.193017,0.352151,0.026733,0.179906,0.339358,-0.182013,0.184988,0.614416,0.052526,0.028640,0.660133,-0.251340,0.015830,0.456912,0.061868,0.015877,0.263277,-0.227019,0.015773
0.550198,-0.091452,0.185963,0.746231,0.001318,0.188379,0.733361,-0.207456,0.191909,0.367034,0.024553,0.180017,0.354164,-0.184221,0.183547,0.647941,0.050332,0.035325,0.661417,-0.251542,0.015807,0.458348,0.061692,0.015950,0.289464,-0.228582,0.017571
0.564999,-0.094162,0.186147,0.761069,-0.001521,0.190064,0.748086,-0.210312,0.191547,0.381911,0.021988,0.180748,0.368929,-0.186803,0.182230,0.674851,0.048330,0.042344,0.662699,-0.251789,0.015902,0.459792,0.061513,0.015715,0.317505,-0.230284,0.021885
0.579815,-0.096771,0.186583,0.775882,-0.004201,0.192039,0.762866,-0.212995,0.191624,0.396764,0.019453,0.181541,0.383748,-0.189341,0.181126,0.697931,0.046481,0.048564,0.663973,-0.252020,0.015890,0.461163,0.061306,0.015721,0.342980,-0.232034,0.027791
0.594589,-0.099054,0.187315,0.790648,-0.006558,0.194127,0.777605,-0.215342,0.192188,0.411574,0.017233,0.182443,0.398530,-0.191551,0.180503,0.722021,0.044582,0.052970,0.665273,-0.252227,0.015910,0.462517,0.061138,0.015931,0.365655,-0.233683,0.034712
0.609303,-0.101000,0.188415,0.805343,-0.008562,0.196442,0.792288,-0.217332,0.193366,0.426317,0.015332,0.183463,0.413262,-0.193438,0.180387,0.751769,0.042407,0.055615,0.666581,-0.252398,0.015808,0.463799,0.060999,0.016009,0.388243,-0.235378,0.042021
0.624043,-0.102627,0.189571,0.820057,-0.010222,0.198547,0.807009,-0.218979,0.194718,0.441076,0.013726,0.184423,0.428028,-0.195032,0.180595,0.786566,0.040010,0.057249,0.667892,-0.252551,0.015933,0.464966,0.060869,0.015948,0.414137,-0.237254,0.046680
0.638966,-0.103805,0.190363,0.834979,-0.011448,0.199862,0.821898,-0.220199,0.195771,0.456033,0.012590,0.184955,0.442952,-0.196161,0.180864,0.823026,0.037649,0.056976,0.669242,-0.252658,0.016022,0.466224,0.060813,0.015873,0.445821,-0.239246,0.046050
0.654308,-0.104268,0.190414,0.850329,-0.011913,0.199766,0.837222,-0.220672,0.196229,0.471394,0.012135,0.184600,0.458288,-0.196624,0.181062,0.855921,0.035820,0.050014,0.670649,-0.252705,0.015974,0.467562,0.060782,0.015814,0.484380,-0.241435,0.041025
0.670288,-0.103882,0.189446,0.866354,-0.011494,0.197424,0.853206,-0.220271,0.195422,0.487370,0.012507,0.183470,0.474222,-0.196270,0.181468,0.879987,0.034774,0.032159,0.672067,-0.252683,0.015832,0.468890,0.060821,0.015811,0.526647,-0.243730,0.037274
0.686756,-0.103220,0.187655,0.882874,-0.010731,0.192609,0.869765,-0.219519,0.192499,0.503748,0.013079,0.182810,0.490638,-0.195709,0.182701,0.882590,0.034920,0.015793,0.673579,-0.252648,0.015805,0.470179,0.060814,0.015898,0.566360,-0.245926,0.034229
0.702648,-0.103877,0.186563,0.898883,-0.011569,0.190076,0.885578,-0.220345,0.190172,0.519718,0.012591,0.182954,0.506414,-0.196185,0.183051,0.883735,0.034858,0.015951,0.687928,-0.253372,0.015824,0.471470,0.061131,0.015986,0.593425,-0.247347,0.021566
0.717827,-0.104554,0.186565,0.914160,-0.012403,0.188162,0.900689,-0.221168,0.188510,0.534965,0.012060,0.184621,0.521494,-0.196706,0.184969,0.884972,0.034739,0.015976,0.711052,-0.254764,0.015659,0.478082,0.060994,0.015867,0.595160,-0.247285,0.015749
0.732689,-0.104694,0.187163,0.928979,-0.012436,0.187285,0.915621,-0.221205,0.188613,0.549757,0.011817,0.185714,0.536399,-0.196952,0.187041,0.886281,0.034749,0.015910,0.739477,-0.256540,0.021784,0.496958,0.059697,0.021926,0.596571,-0.247436,0.015698
0.747608,-0.104414,0.188090,0.943920,-0.012204,0.187622,0.930513,-0.220956,0.190298,0.564703,0.012128,0.185882,0.551297,-0.196624,0.188558,0.887649,0.034755,0.015797,0.770225,-0.258262,0.030176,0.523099,0.058346,0.029698,0.597839,-0.247375,0.015803
0.762482,-0.103732,0.189134,0.958788,-0.011512,0.188340,0.945388,-0.220234,0.192823,0.579575,0.012770,0.185446,0.566176,-0.195952,0.189929,0.889011,0.034816,0.015808,0.810480,-0.260516,0.035062,0.551426,0.056956,0.037572,0.599069,-0.247354,0.015943
0.777439,-0.103228,0.189894,0.973748,-0.011016,0.188909,0.960333,-0.219696,0.195005,0.594545,0.013241,0.184784,0.581130,-0.195440,0.190880,0.890358,0.034852,0.015832,0.845674,-0.262355,0.042111,0.579150,0.055679,0.043938,0.600260,-0.247344,0.015911
0.792454,-0.103077,0.190723,0.988784,-0.010912,0.189648,0.975310,-0.219549,0.196970,0.609598,0.013395,0.184476,0.596123,-0.195242,0.191798,0.891658,0.034839,0.015989,0.878498,-0.264083,0.048388,0.606588,0.054381,0.048224,0.601434,-0.247328,0.015958
0.807522,-0.103355,0.191991,1.003846,-0.011174,0.191197,0.990369,-0.219784,0.199233,0.624675,0.013074,0.184749,0.611198,-0.195537,0.192785,0.892989,0.034818,0.015993,0.914194,-0.266123,0.051739,0.636017,0.052720,0.049771,0.602579,-0.247370,0.015956
0.822746,-0.104182,0.193641,1.019049,-0.011953,0.193602,1.005589,-0.220561,0.201730,0.639903,0.012197,0.185552,0.626443,-0.196411,0.193681,0.894372,0.034743,0.015826,0.952908,-0.268586,0.051740,0.670238,0.050452,0.047841,0.603669,-0.247448,0.015896
0.838234,-0.105710,0.195264,1.034496,-0.013400,0.196365,1.021088,-0.222036,0.203847,0.655380,0.010616,0.186681,0.641972,-0.198020,0.194163,0.895793,0.034613,0.015866,0.991609,-0.271282,0.048597,0.711890,0.047428,0.043655,0.604723,-0.247596,0.015767
0.854130,-0.107952,0.196125,1.050352,-0.015573,0.198133,1.037018,-0.224257,0.204258,0.671242,0.008353,0.187992,0.657908,-0.200332,0.194118,0.897255,0.034425,0.015967,1.023853,-0.273863,0.037851,0.759350,0.043975,0.041144,0.605740,-0.247794,0.015822
0.870300,-0.110635,0.194409,1.066515,-0.018222,0.195260,1.053286,-0.226960,0.199472,0.687314,0.005691,0.189345,0.674086,-0.203048,0.193557,0.902049,0.034134,0.015955,1.032256,-0.274883,0.015867,0.801558,0.040955,0.038374,0.606867,-0.247924,0.015858
0.886021,-0.112494,0.191118,1.081949,-0.019476,0.190235,1.069405,-0.228263,0.194135,0.702637,0.003274,0.188101,0.690092,-0.205513,0.192001,0.930771,0.031932,0.018108,1.033204,-0.274953,0.016112,0.823490,0.038486,0.023914,0.614932,-0.249829,0.015792
0.901512,-0.113121,0.187471,1.097284,-0.019776,0.186380,1.085089,-0.228571,0.190930,0.717935,0.002329,0.184011,0.705740,-0.206466,0.188562,0.962762,0.030102,0.025009,1.034457,-0.274966,0.015923,0.829402,0.037692,0.015862,0.628175,-0.251241,0.015749
0.916531,-0.114684,0.185866,1.112303,-0.021335,0.185402,1.100103,-0.230145,0.189214,0.732958,0.000776,0.182518,0.720758,-0.208033,0.186330,0.998375,0.028008,0.029379,1.035768,-0.275087,0.015761,0.830835,0.037550,0.015865,0.648463,-0.252457,0.015815
0.931393,-0.117005,0.185593,1.127187,-0.023705,0.186434,1.114928,-0.232534,0.188596,0.747857,-0.001476,0.182590,0.735598,-0.210306,0.184753,1.030448,0.025949,0.036236,1.037071,-0.275283,0.015848,0.832244,0.037374,0.015875,0.674211,-0.253947,0.019190
0.946255,-0.119579,0.185896,1.142071,-0.026354,0.188390,1.129743,-0.235190,0.188621,0.762767,-0.003968,0.183170,0.750439,-0.212805,0.183401,1.056966,0.024039,0.043287,1.038401,-0.275518,0.015906,0.833636,0.037192,0.015610,0.701184,-0.255601,0.024983
0.961102,-0.121953,0.186418,1.156915,-0.028776,0.190447,1.144565,-0.237606,0.188983,0.777638,-0.006300,0.183853,0.765288,-0.215130,0.182390,1.080749,0.022245,0.049647,1.039693,-0.275722,0.015898,0.835001,0.037015,0.015834,0.726054,-0.257287,0.032055
0.975914,-0.123984,0.187283,1.171721,-0.030861,0.192642,1.159353,-0.239677,0.189880,0.792475,-0.008292,0.184687,0.780107,-0.217108,0.181925,1.107041,0.020339,0.053927,1.041011,-0.275899,0.015890,0.836312,0.036877,0.016003,0.749193,-0.258927,0.039560
0.990746,-0.125709,0.188442,1.186543,-0.032640,0.194999,1.174155,-0.241441,0.191318,0.807336,-0.009976,0.185566,0.794949,-0.218777,0.181885,1.139161,0.018151,0.056391,1.042336,-0.276063,0.015824,0.837551,0.036758,0.016006,0.773650,-0.260659,0.046233
1.005680,-0.127079,0.189483,1.201456,-0.034032,0.196908,1.189076,-0.242823,0.192708,0.822284,-0.011335,0.186258,0.809904,-0.220126,0.182057,1.175127,0.015871,0.057614,1.043680,-0.276185,0.015940,0.838806,0.036652,0.015893,0.802317,-0.262535,0.048815
1.020863,-0.127900,0.189990,1.216638,-0.034882,0.197783,1.204232,-0.243673,0.193671,0.837494,-0.012127,0.186309,0.825087,-0.220918,0.182196,1.210590,0.013836,0.054632,1.045033,-0.276253,0.016025,0.840082,0.036616,0.015856,0.837288,-0.264486,0.045334
1.036541,-0.127903,0.189617,1.232340,-0.034894,0.196919,1.219884,-0.243700,0.193832,0.853198,-0.012106,0.185402,0.840742,-0.220912,0.182316,1.240827,0.012407,0.043243,1.046439,-0.276259,0.015926,0.841422,0.036639,0.015795,0.878021,-0.266570,0.040124
1.052940,-0.127127,0.188143,1.248795,-0.034091,0.193271,1.236294,-0.242914,0.192147,0.869587,-0.011339,0.184139,0.857085,-0.220163,0.183014,1.258381,0.011815,0.017376,1.047892,-0.276217,0.015718,0.842762,0.036705,0.015865,0.920491,-0.268702,0.036651
1.069225,-0.126975,0.186641,1.265136,-0.033967,0.189759,1.252577,-0.242789,0.189839,0.885873,-0.011161,0.183443,0.873315,-0.219984,0.183523,1.259512,0.011837,0.015931,1.050394,-0.276229,0.015742,0.844064,0.036822,0.015938,0.956588,-0.270581,0.032018
1.084641,-0.128398,0.185864,1.280610,-0.035522,0.189179,1.267922,-0.244336,0.188585,0.901359,-0.012460,0.183143,0.888671,-0.221274,0.182550,1.260776,0.011710,0.015967,1.069984,-0.277351,0.015769,0.845932,0.036917,0.015885,0.976345,-0.271662,0.015939
1.099548,-0.129513,0.185183,1.295465,-0.036537,0.188836,1.282886,-0.245357,0.188088,0.916210,-0.013669,0.182278,0.903632,-0.222489,0.181530,1.262043,0.011628,0.015987,1.098736,-0.279187,0.017878,0.859614,0.035869,0.015890,0.977796,-0.271895,0.015731
1.114353,-0.129585,0.185189,1.310276,-0.036611,0.188511,1.297680,-0.245431,0.188692,0.931027,-0.013739,0.181685,0.918430,-0.222560,0.181866,1.263328,0.011604,0.015872,1.127103,-0.280815,0.026092,0.884315,0.034471,0.020586,0.979192,-0.271902,0.015696
1.129204,-0.128819,0.186146,1.325101,-0.035780,0.189189,1.312539,-0.244592,0.191227,0.945868,-0.013046,0.181065,0.933307,-0.221859,0.183104,1.264685,0.011695,0.015720,1.163776,-0.282763,0.028838,0.912674,0.032974,0.026291,0.980512,-0.271866,0.015838
1.144100,-0.127932,0.187134,1.339983,-0.034851,0.189803,1.327428,-0.243635,0.193841,0.960773,-0.012228,0.180426,0.948217,-0.221012,0.184464,1.266052,0.011771,0.015835,1.200791,-0.284634,0.034888,0.940190,0.031712,0.033668,0.981782,-0.271831,0.015944
1.159019,-0.127252,0.188183,1.354909,-0.034173,0.190392,1.342321,-0.242914,0.196168,0.975718,-0.011589,0.180198,0.963130,-0.220330,0.185974,1.267382,0.011827,0.015892,1.234538,-0.286214,0.042600,0.966390,0.030664,0.040708,0.982965,-0.271782,0.015902
1.173981,-0.126977,0.189578,1.369873,-0.033897,0.191485,1.357264,-0.242598,0.198531,0.990697,-0.011356,0.180625,0.978089,-0.220057,0.187671,1.268682,0.011851,0.015999,1.267095,-0.287754,0.049084,0.993055,0.029491,0.045305,0.984170,-0.271781,0.015957
1.189007,-0.127153,0.191528,1.384891,-0.034060,0.193561,1.372272,-0.242734,0.201337,1.005742,-0.011572,0.181720,0.993122,-0.220247,0.189496,1.270031,0.011833,0.015969,1.303426,-0.289693,0.052209,1.022600,0.027944,0.046776,0.985308,-0.271805,0.015950
1.204205,-0.127908,0.193767,1.400060,-0.034768,0.196393,1.387463,-0.243440,0.204241,1.020946,-0.012375,0.183294,1.008350,-0.221048,0.191141,1.271427,0.011770,0.015795,1.342168,-0.291993,0.052081,1.057559,0.025773,0.044862,0.986380,-0.271878,0.015877
1.219704,-0.129376,0.195801,1.415518,-0.036180,0.199324,1.402967,-0.244879,0.206522,1.036440,-0.013874,0.185081,1.023890,-0.222573,0.192279,1.272857,0.011633,0.015902,1.379767,-0.294499,0.048327,1.100050,0.022901,0.041304,0.987385,-0.272025,0.015754
1.235592,-0.131465,0.196633,1.431399,-0.038268,0.200514,1.418879,-0.247009,0.206458,1.052304,-0.015921,0.186808,1.039785,-0.224662,0.192751,1.274309,0.011450,0.015985,1.408832,-0.296820,0.035621,1.147066,0.019761,0.039869,0.988406,-0.272168,0.015824
1.251781,-0.133835,0.194658,1.447594,-0.040599,0.197050,1.435205,-0.249388,0.201320,1.068358,-0.018282,0.187996,1.055969,-0.227071,0.192266,1.284396,0.010922,0.015989,1.412317,-0.297358,0.016038,1.186269,0.017176,0.037124,0.989986,-0.272302,0.015859
1.267555,-0.135155,0.191448,1.463109,-0.041350,0.192304,1.451360,-0.250173,0.196714,1.083751,-0.020136,0.186182,1.072002,-0.228959,0.190592,1.309948,0.009169,0.020432,1.413457,-0.297389,0.016023,1.205660,0.015063,0.021666,0.997151,-0.273972,0.015778
1.282818,-0.135967,0.188717,1.478256,-0.041918,0.188810,1.466788,-0.250761,0.193012,1.098848,-0.021173,0.184422,1.087380,-0.230017,0.188624,1.340528,0.007922,0.027303,1.414424,-0.296978,0.015889,1.207035,0.015023,0.015885,1.010154,-0.274782,0.015768
1.297646,-0.137799,0.187888,1.493097,-0.043779,0.188240,1.481604,-0.252640,0.191332,1.113687,-0.022958,0.184444,1.102194,-0.231820,0.187536,1.375154,0.005905,0.030938,1.415680,-0.297137,0.015722,1.208413,0.014858,0.015958,1.031518,-0.275997,0.015826
1.312469,-0.140159,0.187805,1.507939,-0.046189,0.189434,1.496394,-0.255066,0.190819,1.128545,-0.025251,0.184792,1.117000,-0.234128,0.186177,1.407130,0.003895,0.037515,1.416979,-0.297357,0.015865,1.209802,0.014657,0.015810,1.057560,-0.277468,0.019639
1.327312,-0.142662,0.187964,1.522781,-0.048732,0.191199,1.511216,-0.257611,0.190707,1.143409,-0.027713,0.185221,1.131844,-0.236592,0.184729,1.434292,0.002033,0.044347,1.418265,-0.297573,0.015899,1.211161,0.014455,0.015677,1.083849,-0.279081,0.025902
1.342129,-0.144936,0.188206,1.537595,-0.051063,0.192902,1.526005,-0.259931,0.190783,1.158252,-0.029940,0.185629,1.146663,-0.238808,0.183510,1.459164,0.000255,0.050582,1.419553,-0.297772,0.015894,1.212508,0.014293,0.015880,1.108219,-0.280674,0.033380
1.356918,-0.146869,0.188757,1.552368,-0.053033,0.194716,1.540781,-0.261885,0.191376,1.173056,-0.031852,0.186137,1.161469,-0.240704,0.182797,1.486841,-0.001634,0.054802,1.420861,-0.297951,0.015854,1.213802,0.014134,0.016010,1.131415,-0.282297,0.041158
1.371738,-0.148476,0.189566,1.567179,-0.054701,0.196677,1.555569,-0.263537,0.192467,1.187908,-0.033415,0.186665,1.176298,-0.242250,0.182455,1.520203,-0.003747,0.057130,1.422176,-0.298090,0.015864,1.215068,0.014046,0.015981,1.156370,-0.283949,0.047410
1.386669,-0.149711,0.190248,1.582087,-0.055956,0.198180,1.570486,-0.264782,0.193539,1.202852,-0.034639,0.186958,1.191251,-0.243465,0.182317,1.557054,-0.005923,0.058205,1.423510,-0.298202,0.015955,1.216338,0.013946,0.015857,1.185855,-0.285737,0.049135
1.401909,-0.150356,0.190412,1.597319,-0.056609,0.198634,1.585709,-0.265440,0.194220,1.218109,-0.035272,0.186603,1.206499,-0.244103,0.182190,1.592534,-0.007763,0.054305,1.424884,-0.298263,0.016024,1.217667,0.013891,0.015844,1.221943,-0.287585,0.044644
1.417648,-0.150155,0.189729,1.613092,-0.056424,0.197302,1.601415,-0.265273,0.194071,1.233882,-0.035037,0.185388,1.222204,-0.243886,0.182156,1.622058,-0.008986,0.041340,1.426287,-0.298251,0.015908,1.218991,0.013947,0.015757,1.263337,-0.289503,0.039350
1.434151,-0.149191,0.187932,1.629647,-0.055396,0.192899,1.617956,-0.264266,0.191732,1.250345,-0.034116,0.184131,1.238654,-0.242986,0.182964,1.636224,-0.009250,0.015336,1.427794,-0.298161,0.015760,1.220313,0.014027,0.015865,1.305537,-0.291429,0.035807
1.450409,-0.149115,0.185860,1.646048,-0.055517,0.188332,1.634123,-0.264377,0.188037,1.266695,-0.033852,0.183683,1.254770,-0.242712,0.183389,1.637213,-0.009246,0.015958,1.434222,-0.298245,0.015747,1.221891,0.014467,0.015906,1.339219,-0.292840,0.029201
1.465862,-0.150469,0.184313,1.661568,-0.057018,0.187006,1.649496,-0.265867,0.186042,1.282228,-0.035070,0.182585,1.270156,-0.243920,0.181621,1.638468,-0.009367,0.015968,1.457553,-0.299513,0.015751,1.227073,0.014414,0.015845,1.354143,-0.293536,0.015862
1.480923,-0.151195,0.183686,1.676587,-0.057660,0.186509,1.664602,-0.266515,0.185751,1.297243,-0.035874,0.181622,1.285259,-0.244729,0.180863,1.639786,-0.009404,0.015973,1.483254,-0.301032,0.019954,1.244005,0.013307,0.015901,1.355614,-0.293692,0.015680
1.495865,-0.150891,0.184229,1.691533,-0.057359,0.186805,1.679529,-0.266213,0.187338,1.312201,-0.035569,0.181121,1.300196,-0.244424,0.181654,1.641156,-0.009374,0.015850,1.516225,-0.302766,0.025069,1.269277,0.012015,0.021412,1.356977,-0.293636,0.015737
1.510754,-0.150010,0.185313,1.706398,-0.056420,0.187618,1.694424,-0.265263,0.190115,1.327083,-0.034758,0.180510,1.315109,-0.243600,0.183007,1.642515,-0.009284,0.015832,1.556406,-0.304797,0.029538,1.297642,0.010647,0.029010,1.358293,-0.293601,0.015924
1.525703,-0.149103,0.186443,1.721342,-0.055492,0.188371,1.709360,-0.264301,0.192841,1.342047,-0.033905,0.180044,1.330065,-0.242714,0.184515,1.643899,-0.009207,0.015839,1.592249,-0.306454,0.036923,1.325108,0.009527,0.036435,1.359549,-0.293550,0.015944
1.540714,-0.148492,0.187748,1.736360,-0.054889,0.189268,1.724346,-0.263655,0.195358,1.357082,-0.033329,0.180137,1.345068,-0.242095,0.186227,1.645234,-0.009157,0.015934,1.624380,-0.307845,0.044599,1.351487,0.008518,0.042339,1.360730,-0.293509,0.015924
1.555748,-0.148322,0.189489,1.751394,-0.054717,0.190879,1.739361,-0.263446,0.198071,1.372135,-0.033198,0.180907,1.360102,-0.241928,0.188098,1.646550,-0.009145,0.016003,1.657171,-0.309363,0.049988,1.378841,0.007309,0.045690,1.361909,-0.293515,0.015960
1.570862,-0.148643,0.191706,1.766496,-0.055019,0.193433,1.754457,-0.263730,0.201140,1.387266,-0.033557,0.182272,1.375228,-0.242268,0.189980,1.647916,-0.009178,0.015910,1.693752,-0.311294,0.051951,1.409797,0.005664,0.045916,1.363021,-0.293548,0.015928
1.586189,-0.149597,0.194060,1.781784,-0.055910,0.196593,1.769785,-0.264630,0.204118,1.402593,-0.034564,0.184002,1.390594,-0.243284,0.191528,1.649312,-0.009260,0.015759,1.732054,-0.313536,0.051015,1.446920,0.003371,0.043380,1.364076,-0.293649,0.015839
1.601868,-0.151268,0.196026,1.797417,-0.057516,0.199539,1.785479,-0.266271,0.206154,1.418257,-0.036265,0.185898,1.406319,-0.245020,0.192514,1.650741,-0.009400,0.015928,1.767763,-0.315903,0.045265,1.491371,0.000488,0.040345,1.365082,-0.293810,0.015767
1.617874,-0.153462,0.196220,1.813428,-0.059719,0.199671,1.801529,-0.268515,0.204887,1.434220,-0.038410,0.187553,1.422320,-0.247206,0.192769,1.652145,-0.009578,0.015981,1.791272,-0.317879,0.028322,1.537649,-0.002459,0.039757,1.366098,-0.293960,0.015852
1.634060,-0.155643,0.193695,1.829624,-0.061872,0.195397,1.817824,-0.270697,0.199566,1.450296,-0.040588,0.187824,1.438496,-0.249413,0.191993,1.669121,-0.010853,0.015970,1.790972,-0.318376,0.016026,1.571231,-0.004936,0.035276,1.368360,-0.294499,0.015802
1.649921,-0.156407,0.190369,1.845151,-0.061928,0.190816,1.834126,-0.270778,0.195787,1.465717,-0.042037,0.184951,1.454692,-0.250887,0.189922,1.694897,-0.012458,0.023230,1.792205,-0.318370,0.016000,1.584696,-0.006819,0.015762,1.376028,-0.296406,0.015765
1.665199,-0.157171,0.187944,1.860506,-0.062852,0.188704,1.849305,-0.271700,0.193387,1.481094,-0.042643,0.182501,1.469893,-0.251490,0.187185,1.731137,-0.014000,0.027615,1.793311,-0.318205,0.015853,1.586484,-0.006505,0.015878,1.392505,-0.296710,0.015775
