0.005028,0.003838,0.330086,0.194750,0.108715,0.323211,0.194936,-0.100463,0.320221,-0.184881,0.108138,0.339952,-0.184695,-0.101040,0.336961,0.175006,0.157302,0.102913,0.185359,-0.143199,0.129459,-0.193615,0.156365,0.145472,-0.185681,-0.143929,0.157383
0.007553,0.005936,0.314072,0.196855,0.111160,0.302507,0.197381,-0.098023,0.299961,-0.182275,0.109895,0.328183,-0.181749,-0.099289,0.325637,0.185240,0.159164,0.090551,0.181681,-0.141124,0.103409,-0.147621,0.158196,0.101363,-0.148637,-0.141989,0.106178
0.010521,0.007828,0.293468,0.199432,0.113489,0.279695,0.200273,-0.095667,0.275460,-0.179231,0.111322,0.311477,-0.178390,-0.097833,0.307242,0.201902,0.163065,0.076872,0.183941,-0.137347,0.085561,-0.122674,0.161803,0.074744,-0.137123,-0.138556,0.081490
0.013977,0.009705,0.268851,0.202581,0.115745,0.253846,0.203657,-0.093368,0.247906,-0.175703,0.112777,0.289797,-0.174627,-0.096336,0.283857,0.213943,0.166876,0.056565,0.178474,-0.133608,0.059280,-0.110988,0.165359,0.051125,-0.131980,-0.135107,0.055802
0.017807,0.011574,0.240106,0.206258,0.117794,0.224467,0.207319,-0.091255,0.216603,-0.171705,0.114403,0.263609,-0.170644,-0.094647,0.255744,0.217069,0.170786,0.026323,0.166952,-0.129863,0.028405,-0.103944,0.169188,0.025478,-0.126435,-0.131244,0.025518
0.021118,0.013039,0.210051,0.209299,0.119297,0.191656,0.210251,-0.089741,0.183479,-0.168015,0.115818,0.236623,-0.167063,-0.093220,0.228446,0.215617,0.171685,0.015929,0.165190,-0.128876,0.015882,-0.101161,0.170246,0.015823,-0.123429,-0.130186,0.015767
0.027100,0.013748,0.189599,0.215254,0.120044,0.171158,0.216235,-0.088990,0.162883,-0.162036,0.116486,0.216315,-0.161055,-0.092548,0.208040,0.215024,0.171672,0.015978,0.165252,-0.128896,0.015887,-0.099848,0.170208,0.015646,-0.122061,-0.130242,0.015821
0.036774,0.014206,0.175829,0.225131,0.120448,0.159242,0.226116,-0.088579,0.150810,-0.152568,0.116991,0.200849,-0.151584,-0.092036,0.192416,0.215400,0.171668,0.016011,0.166107,-0.128906,0.015868,-0.098497,0.170200,0.015764,-0.120638,-0.130264,0.016055
0.047806,0.014793,0.164597,0.236311,0.120988,0.149443,0.237318,-0.088044,0.141130,-0.141707,0.117631,0.188064,-0.140699,-0.091402,0.179752,0.216159,0.171689,0.015880,0.167283,-0.128894,0.016041,-0.097130,0.170174,0.016011,-0.119164,-0.130270,0.015950
0.059235,0.015305,0.155003,0.247865,0.121453,0.141144,0.248889,-0.087584,0.132952,-0.130420,0.118193,0.177054,-0.129396,-0.090844,0.168863,0.217135,0.171700,0.015782,0.168594,-0.128884,0.016101,-0.095843,0.170157,0.016054,-0.117664,-0.130273,0.015781
0.070908,0.015564,0.147834,0.259627,0.121690,0.135053,0.260663,-0.087343,0.126755,-0.118847,0.118471,0.168914,-0.117812,-0.090562,0.160615,0.218370,0.171704,0.015843,0.169988,-0.128878,0.015893,-0.094508,0.170150,0.015960,-0.116162,-0.130287,0.015691
0.082947,0.015640,0.144090,0.271714,0.121756,0.131937,0.272751,-0.087270,0.123473,-0.106857,0.118551,0.164708,-0.105820,-0.090475,0.156244,0.219736,0.171683,0.015915,0.171339,-0.128900,0.015754,-0.093171,0.170136,0.015803,-0.114742,-0.130330,0.016014
0.095634,0.015511,0.144773,0.284415,0.121643,0.132981,0.285467,-0.087373,0.124287,-0.094198,0.118394,0.165260,-0.093146,-0.090622,0.156566,0.221156,0.171685,0.015905,0.172601,-0.128914,0.015684,-0.092005,0.170114,0.015752,-0.113590,-0.130370,0.016044
0.109001,0.015083,0.150978,0.297830,0.121203,0.139864,0.298872,-0.087800,0.130846,-0.080870,0.117966,0.171109,-0.079827,-0.091037,0.162092,0.222557,0.171665,0.016001,0.173707,-0.128955,0.015855,-0.091136,0.170108,0.015818,-0.112835,-0.130389,0.015964
0.122986,0.014381,0.163253,0.311948,0.120438,0.153963,0.312985,-0.088551,0.144639,-0.067013,0.117314,0.181867,-0.065977,-0.091676,0.172544,0.223936,0.171653,0.015994,0.174747,-0.128993,0.015993,-0.090683,0.170070,0.016499,-0.112515,-0.130417,0.015975
0.137253,0.013756,0.181715,0.326418,0.119675,0.175469,0.327459,-0.089321,0.166284,-0.052953,0.116832,0.197145,-0.051912,-0.092163,0.187960,0.225339,0.171679,0.015898,0.175825,-0.128969,0.016064,-0.100900,0.169429,0.030124,-0.112792,-0.130408,0.016115
0.151863,0.013489,0.205642,0.341168,0.119280,0.202009,0.342226,-0.089748,0.193576,-0.038499,0.116725,0.217707,-0.037441,-0.092302,0.209275,0.226975,0.171703,0.015759,0.177174,-0.128909,0.016053,-0.116874,0.168476,0.052617,-0.113756,-0.130385,0.016151
0.167076,0.013138,0.231928,0.356454,0.118856,0.231013,0.357567,-0.090193,0.223146,-0.023415,0.116469,0.240710,-0.022302,-0.092580,0.232843,0.229047,0.171753,0.015986,0.186312,-0.128813,0.016561,-0.129373,0.167871,0.068420,-0.115177,-0.130393,0.015893
0.181511,0.012161,0.254294,0.371077,0.117537,0.255657,0.371910,-0.091523,0.248048,-0.008888,0.115846,0.260540,-0.008055,-0.093214,0.252931,0.242328,0.171141,0.018372,0.218361,-0.129405,0.022477,-0.134806,0.167521,0.076558,-0.116889,-0.130840,0.025221
0.194954,0.011269,0.271196,0.384629,0.116438,0.273151,0.385263,-0.092639,0.266009,0.004645,0.115176,0.276383,0.005279,-0.093901,0.269241,0.278498,0.169973,0.027865,0.256263,-0.130510,0.031917,-0.133468,0.166751,0.085622,-0.112255,-0.131923,0.040614
0.207848,0.010399,0.283816,0.397632,0.115368,0.285914,0.398055,-0.093729,0.279355,0.017641,0.114526,0.288278,0.018063,-0.094570,0.281719,0.310226,0.168519,0.035505,0.287997,-0.131896,0.039375,-0.126088,0.165809,0.093778,-0.101526,-0.133152,0.054335
0.220459,0.009529,0.292162,0.410308,0.114389,0.293892,0.410601,-0.094724,0.287864,0.030317,0.113782,0.296460,0.030610,-0.095331,0.290431,0.337269,0.167029,0.041603,0.314489,-0.133333,0.045242,-0.112925,0.164788,0.097424,-0.086783,-0.134466,0.065030
0.232841,0.008675,0.296261,0.422684,0.113556,0.297193,0.422980,-0.095568,0.291577,0.042703,0.112918,0.300945,0.042999,-0.096207,0.295328,0.359795,0.165691,0.045610,0.336219,-0.134647,0.049183,-0.093876,0.163695,0.095999,-0.068666,-0.135840,0.072262
0.244980,0.007812,0.296118,0.434742,0.112843,0.295822,0.435172,-0.096290,0.290551,0.054788,0.111915,0.301686,0.055218,-0.097218,0.296415,0.379245,0.164457,0.047312,0.355087,-0.135881,0.050980,-0.068717,0.162462,0.089916,-0.047025,-0.137332,0.075736
0.256729,0.006981,0.291698,0.446332,0.112280,0.289746,0.447021,-0.096861,0.284826,0.066438,0.110822,0.298571,0.067126,-0.098319,0.293651,0.397966,0.163301,0.046735,0.373725,-0.137061,0.050884,-0.037200,0.161082,0.080169,-0.021376,-0.138940,0.075483
0.267899,0.006157,0.282893,0.457248,0.111852,0.278851,0.458335,-0.097297,0.274371,0.077463,0.109611,0.291415,0.078549,-0.099539,0.286935,0.419592,0.162134,0.044698,0.395564,-0.138280,0.050093,0.001272,0.159455,0.068285,0.009234,-0.140749,0.071690
0.278435,0.005363,0.269559,0.467446,0.111546,0.263152,0.469047,-0.097613,0.259351,0.087823,0.108340,0.279767,0.089423,-0.100820,0.275965,0.446137,0.160852,0.042492,0.422435,-0.139625,0.050077,0.046971,0.157559,0.055666,0.045809,-0.142771,0.064630
0.288536,0.004578,0.251518,0.477177,0.111265,0.242941,0.479345,-0.097905,0.240091,0.097727,0.107060,0.262944,0.099895,-0.102109,0.260095,0.476741,0.159459,0.041661,0.451740,-0.141077,0.051447,0.098748,0.155513,0.043822,0.089230,-0.144883,0.055042
0.298706,0.003792,0.228750,0.487074,0.110863,0.219037,0.489704,-0.098311,0.217098,0.107708,0.105895,0.240403,0.110338,-0.103279,0.238463,0.507695,0.158214,0.042571,0.479258,-0.142369,0.052136,0.150569,0.153798,0.034597,0.136875,-0.146619,0.046197
0.309280,0.002930,0.201853,0.497548,0.110179,0.192148,0.500425,-0.098999,0.191115,0.118136,0.104858,0.212592,0.121013,-0.104319,0.211558,0.538220,0.156917,0.045548,0.509424,-0.143641,0.051678,0.193865,0.152268,0.027898,0.182288,-0.148084,0.040111
0.321304,0.001740,0.182331,0.509503,0.109065,0.172155,0.512374,-0.100099,0.169589,0.130234,0.103578,0.195072,0.133106,-0.105586,0.192507,0.541720,0.156883,0.015826,0.509455,-0.143713,0.016030,0.196035,0.152139,0.015708,0.206075,-0.147875,0.015820
0.333817,0.001480,0.169029,0.522000,0.108843,0.158965,0.524869,-0.100311,0.155654,0.142765,0.103271,0.182404,0.145633,-0.105883,0.179093,0.541890,0.156843,0.015797,0.510065,-0.143765,0.016126,0.197434,0.152117,0.015876,0.207520,-0.147909,0.015813
0.346596,0.002205,0.157999,0.534810,0.109542,0.148234,0.537685,-0.099619,0.145440,0.155506,0.104029,0.170557,0.158382,-0.105132,0.167763,0.542463,0.156874,0.015826,0.510914,-0.143716,0.015973,0.198924,0.152149,0.015999,0.208970,-0.147868,0.016015
0.359459,0.002907,0.148439,0.547704,0.110221,0.139025,0.550592,-0.098947,0.136816,0.168326,0.104761,0.160062,0.171214,-0.104407,0.157853,0.543365,0.156919,0.015882,0.512017,-0.143662,0.016063,0.200410,0.152182,0.015980,0.210440,-0.147825,0.016055
0.372330,0.003197,0.140430,0.560598,0.110516,0.131566,0.563500,-0.098652,0.129390,0.181159,0.105046,0.151470,0.184061,-0.104123,0.149294,0.544559,0.156953,0.015964,0.513177,-0.143628,0.016065,0.202017,0.152202,0.015890,0.212001,-0.147804,0.015905
0.385185,0.003075,0.134656,0.573463,0.110424,0.126375,0.576376,-0.098737,0.123625,0.193995,0.104887,0.145687,0.196907,-0.104275,0.142937,0.545974,0.156952,0.015936,0.514699,-0.143640,0.016051,0.203624,0.152187,0.015813,0.213659,-0.147830,0.015917
0.398102,0.002739,0.131882,0.586371,0.110129,0.123925,0.589286,-0.099019,0.120265,0.206917,0.104497,0.143498,0.209833,-0.104651,0.139839,0.547465,0.156933,0.016174,0.516233,-0.143675,0.016036,0.205094,0.152166,0.015866,0.215253,-0.147867,0.015835
0.411224,0.002357,0.132705,0.599447,0.109803,0.124410,0.602371,-0.099328,0.119888,0.220078,0.104043,0.145522,0.223001,-0.105088,0.141000,0.548985,0.156902,0.016192,0.517647,-0.143730,0.015965,0.206285,0.152117,0.015955,0.216615,-0.147938,0.015952
0.424805,0.001793,0.137676,0.612963,0.109298,0.128712,0.615876,-0.099808,0.123180,0.233733,0.103394,0.152172,0.236647,-0.105713,0.146640,0.550444,0.156880,0.016008,0.518983,-0.143786,0.015740,0.207123,0.152097,0.015970,0.217707,-0.147990,0.016001
0.438927,0.001007,0.147582,0.627045,0.108570,0.138480,0.629954,-0.100508,0.131944,0.247900,0.102522,0.163220,0.250808,-0.106555,0.156684,0.551865,0.156828,0.016036,0.520160,-0.143881,0.015791,0.207514,0.152041,0.015956,0.218308,-0.148084,0.015919
0.453369,0.000191,0.162819,0.641561,0.107729,0.155047,0.644444,-0.101325,0.147787,0.262294,0.101707,0.177850,0.265177,-0.107348,0.170591,0.553259,0.156822,0.015976,0.521250,-0.143920,0.015716,0.208226,0.152015,0.017364,0.218417,-0.148104,0.015943
0.467842,-0.000534,0.183864,0.656189,0.106907,0.179071,0.659067,-0.102140,0.171604,0.276617,0.101072,0.196123,0.279495,-0.107975,0.188656,0.554703,0.156822,0.015878,0.522391,-0.143945,0.015941,0.202748,0.151445,0.030751,0.217958,-0.148144,0.016178
0.482620,-0.000710,0.209972,0.671077,0.106629,0.208105,0.673972,-0.102436,0.201178,0.291269,0.101017,0.218766,0.294163,-0.108048,0.211839,0.556475,0.156893,0.015816,0.523924,-0.143859,0.016064,0.192669,0.150690,0.051003,0.216828,-0.148116,0.016213
0.497810,-0.000923,0.237525,0.686333,0.106310,0.238683,0.689226,-0.102769,0.232189,0.306394,0.100923,0.242860,0.309287,-0.108156,0.236366,0.558692,0.156936,0.016003,0.533476,-0.143736,0.017612,0.185568,0.150316,0.062920,0.215653,-0.148080,0.015868
0.512070,-0.001450,0.260322,0.700677,0.105583,0.263858,0.703429,-0.103471,0.256539,0.320710,0.100572,0.264105,0.323462,-0.108482,0.256786,0.580657,0.157956,0.021896,0.565513,-0.142668,0.025177,0.184481,0.151045,0.070318,0.216482,-0.147273,0.025467
0.525581,-0.001892,0.277944,0.714289,0.104923,0.282545,0.716843,-0.104121,0.274879,0.334320,0.100336,0.281009,0.336874,-0.108707,0.273343,0.616531,0.158343,0.033587,0.602085,-0.142191,0.034488,0.188580,0.151352,0.081618,0.222090,-0.147060,0.040641
0.538582,-0.002304,0.291292,0.727402,0.104282,0.296537,0.729731,-0.104753,0.288582,0.347433,0.100145,0.294002,0.349762,-0.108891,0.286047,0.647600,0.158516,0.043292,0.635384,-0.141907,0.042008,0.197742,0.151653,0.091937,0.232158,-0.146885,0.054758
0.551338,-0.002739,0.300405,0.740227,0.103717,0.305815,0.742421,-0.105304,0.297437,0.360255,0.099826,0.303373,0.362449,-0.109195,0.294995,0.674626,0.158730,0.051028,0.664362,-0.141616,0.048048,0.212218,0.151996,0.097936,0.245942,-0.146708,0.065529
0.563896,-0.003189,0.305306,0.752787,0.103275,0.310495,0.754983,-0.105719,0.301492,0.372809,0.099341,0.309120,0.375006,-0.109653,0.300118,0.697609,0.159138,0.056352,0.688228,-0.141174,0.052125,0.232117,0.152412,0.098911,0.263147,-0.146517,0.072454
0.576263,-0.003632,0.305995,0.765088,0.102977,0.310606,0.767415,-0.105981,0.300816,0.385112,0.098718,0.311173,0.387439,-0.110240,0.301383,0.717580,0.159734,0.059102,0.708257,-0.140576,0.053929,0.257645,0.152928,0.095024,0.283897,-0.146313,0.075495
0.588303,-0.004066,0.302434,0.776999,0.102802,0.306138,0.779561,-0.106109,0.295455,0.397044,0.097976,0.309412,0.399606,-0.110935,0.298729,0.736231,0.160436,0.059334,0.726694,-0.139906,0.053662,0.288969,0.153530,0.087146,0.308489,-0.146117,0.074858
0.599915,-0.004517,0.294528,0.788420,0.102725,0.297030,0.791310,-0.106131,0.285394,0.408519,0.097098,0.303661,0.411409,-0.111758,0.292025,0.756144,0.161144,0.057573,0.746464,-0.139296,0.052401,0.326481,0.154126,0.076809,0.337533,-0.145978,0.070758
0.610970,-0.004936,0.282120,0.799233,0.102752,0.283211,0.802506,-0.106042,0.270599,0.419433,0.096169,0.293641,0.422706,-0.112625,0.281030,0.779948,0.161764,0.055137,0.770182,-0.138884,0.052009,0.370521,0.154720,0.065508,0.372103,-0.145812,0.063415
0.621536,-0.005318,0.265050,0.809576,0.102767,0.264900,0.813168,-0.105958,0.251274,0.429904,0.095323,0.278826,0.433497,-0.113402,0.265200,0.807774,0.162086,0.053551,0.796393,-0.138850,0.052894,0.420199,0.155357,0.054448,0.413539,-0.145467,0.053323
0.631981,-0.005669,0.243178,0.819908,0.102610,0.242732,0.823640,-0.106019,0.227756,0.440322,0.094682,0.258599,0.444054,-0.113948,0.243623,0.837851,0.162040,0.054189,0.821131,-0.139110,0.053223,0.471278,0.156091,0.045716,0.461514,-0.144811,0.043040
0.642616,-0.005974,0.216714,0.830614,0.102182,0.217494,0.834231,-0.106309,0.200659,0.451001,0.094361,0.232768,0.454619,-0.114129,0.215934,0.868920,0.161392,0.057222,0.847947,-0.139726,0.052671,0.517428,0.156641,0.040525,0.510245,-0.144382,0.037765
0.654671,-0.006004,0.193753,0.842904,0.101690,0.197138,0.846222,-0.106750,0.179632,0.463119,0.094741,0.207875,0.466438,-0.113699,0.190368,0.873030,0.162965,0.016402,0.848386,-0.138572,0.015810,0.549621,0.157842,0.016097,0.538864,-0.143494,0.015736
0.666977,-0.004089,0.175905,0.855134,0.103673,0.180954,0.858685,-0.104775,0.163594,0.475269,0.096597,0.188217,0.478820,-0.111852,0.170857,0.872693,0.163324,0.015994,0.848768,-0.138281,0.016173,0.551224,0.157866,0.015778,0.540444,-0.143501,0.015793
0.679413,-0.001755,0.161965,0.867576,0.105966,0.167614,0.871155,-0.102577,0.151431,0.487671,0.099067,0.172499,0.491249,-0.109475,0.156315,0.872928,0.163418,0.015986,0.849491,-0.138042,0.016130,0.552727,0.157942,0.015743,0.541930,-0.143311,0.016020
0.691887,0.000130,0.150581,0.880030,0.107870,0.156543,0.883668,-0.100747,0.141365,0.500105,0.101006,0.159797,0.503744,-0.107611,0.144620,0.873486,0.163555,0.016043,0.849022,-0.137800,0.015891,0.554178,0.157987,0.016020,0.543437,-0.143152,0.016198
0.704491,0.001480,0.141172,0.892627,0.109239,0.147014,0.896282,-0.099424,0.132489,0.512699,0.102385,0.149855,0.516355,-0.106278,0.135330,0.874370,0.163609,0.015948,0.850198,-0.137688,0.015975,0.555584,0.158015,0.016083,0.545080,-0.143033,0.015962
0.717178,0.002312,0.133996,0.905311,0.110104,0.139308,0.908965,-0.098572,0.124966,0.525392,0.103196,0.143026,0.529046,-0.105480,0.128685,0.875506,0.163631,0.015843,0.851708,-0.137654,0.016054,0.557070,0.158043,0.016016,0.546838,-0.142971,0.015751
0.729927,0.002930,0.129915,0.918043,0.110802,0.134062,0.921700,-0.097887,0.119906,0.538154,0.103746,0.139925,0.541811,-0.104942,0.125769,0.876804,0.163655,0.015912,0.853297,-0.137615,0.016234,0.558582,0.158084,0.015811,0.548578,-0.142942,0.016030
0.742775,0.003342,0.129592,0.930860,0.111319,0.132012,0.934512,-0.097387,0.118115,0.551038,0.104070,0.141070,0.554690,-0.104636,0.127173,0.878219,0.163688,0.015885,0.854775,-0.137550,0.016142,0.559986,0.158132,0.015694,0.550110,-0.142875,0.016054
0.755905,0.003242,0.133613,0.943933,0.111346,0.134103,0.947580,-0.097355,0.120125,0.564230,0.103840,0.147102,0.567877,-0.104861,0.133123,0.879642,0.163689,0.016031,0.856100,-0.137534,0.015942,0.561134,0.158130,0.015939,0.551298,-0.142860,0.015938
0.769531,0.002541,0.142668,0.957495,0.110753,0.141650,0.961130,-0.097915,0.127191,0.577932,0.102996,0.158145,0.581568,-0.105672,0.143687,0.881057,0.163687,0.016087,0.857290,-0.137566,0.015704,0.561839,0.158130,0.016018,0.551975,-0.142897,0.015875
0.783669,0.001480,0.157084,0.971617,0.109713,0.155677,0.975228,-0.098927,0.140819,0.592109,0.101887,0.173348,0.595720,-0.106753,0.158491,0.882407,0.163686,0.016030,0.858359,-0.137610,0.015683,0.562136,0.158087,0.016820,0.552074,-0.142924,0.015874
0.798019,0.000244,0.177177,0.986021,0.108395,0.176927,0.989627,-0.100239,0.161986,0.606412,0.100728,0.192368,0.610018,-0.107907,0.177428,0.883806,0.163734,0.015885,0.859425,-0.137601,0.015890,0.553637,0.157062,0.029361,0.551641,-0.142938,0.016123
0.812592,-0.000511,0.202880,1.000640,0.107549,0.204281,1.004304,-0.101146,0.190230,0.620879,0.100124,0.215531,0.624543,-0.108572,0.201480,0.885477,0.163788,0.015630,0.860754,-0.137501,0.016067,0.539695,0.155278,0.051851,0.550461,-0.142960,0.016227
0.827721,-0.000633,0.231590,1.015801,0.107309,0.235508,1.019542,-0.101472,0.222803,0.635899,0.100205,0.240376,0.639640,-0.108575,0.227671,0.887649,0.163910,0.016041,0.865277,-0.137214,0.016364,0.528968,0.154374,0.067123,0.548792,-0.142862,0.015986
0.841949,-0.000992,0.256353,1.030092,0.106750,0.262289,1.033749,-0.102072,0.250263,0.650150,0.100088,0.262443,0.653807,-0.108734,0.250416,0.904984,0.164065,0.019668,0.891581,-0.136870,0.020647,0.524606,0.154280,0.073903,0.545525,-0.143300,0.027069
0.855278,-0.001259,0.275514,1.043472,0.106373,0.281795,1.047028,-0.102488,0.270440,0.663528,0.099971,0.280588,0.667084,-0.108891,0.269234,0.944981,0.163860,0.030885,0.930232,-0.136952,0.030411,0.525580,0.153871,0.083308,0.547894,-0.144163,0.043338
0.868080,-0.001495,0.290315,1.056361,0.105987,0.296543,1.059746,-0.102914,0.285892,0.676414,0.099923,0.294738,0.679799,-0.108978,0.284086,0.979681,0.163321,0.040404,0.964646,-0.137390,0.039174,0.531614,0.153367,0.093223,0.556552,-0.144936,0.057491
0.880554,-0.001732,0.300835,1.068902,0.105665,0.306514,1.072159,-0.103270,0.296515,0.688949,0.099806,0.305156,0.692207,-0.109129,0.295157,1.009211,0.162600,0.048281,0.994060,-0.138034,0.046562,0.542877,0.152877,0.099538,0.569425,-0.145694,0.068299
0.892899,-0.001961,0.307118,1.081255,0.105467,0.311833,1.084496,-0.103494,0.302372,0.701301,0.099573,0.311863,0.704542,-0.109388,0.302402,1.033723,0.161906,0.053987,1.018243,-0.138690,0.052043,0.559672,0.152409,0.101350,0.585746,-0.146465,0.075628
0.905052,-0.002190,0.309185,1.093349,0.105392,0.312589,1.096699,-0.103585,0.303553,0.713406,0.099206,0.314817,0.716755,-0.109772,0.305781,1.053859,0.161306,0.057055,1.037993,-0.139286,0.055192,0.582075,0.151952,0.098512,0.605213,-0.147276,0.079552
0.916962,-0.002411,0.307018,1.105126,0.105442,0.308769,1.108702,-0.103548,0.300087,0.725221,0.098726,0.313949,0.728797,-0.110263,0.305267,1.071347,0.160802,0.057399,1.055163,-0.139824,0.056102,0.610250,0.151495,0.091518,0.628177,-0.148129,0.080157
0.928513,-0.002609,0.300547,1.116470,0.105618,0.300298,1.120379,-0.103380,0.291962,0.736646,0.098161,0.309132,0.740555,-0.110836,0.300796,1.088641,0.160360,0.055390,1.072253,-0.140340,0.055458,0.644392,0.151010,0.081478,0.655305,-0.149019,0.077538
0.939529,-0.002808,0.289626,1.127206,0.105875,0.287024,1.131534,-0.103130,0.279091,0.747525,0.097514,0.300161,0.751853,-0.111490,0.292227,1.108688,0.159895,0.052271,1.092156,-0.140925,0.054847,0.684805,0.150452,0.069821,0.687693,-0.149947,0.071866
0.949982,-0.003014,0.274090,1.137340,0.106128,0.268977,1.142101,-0.102886,0.261573,0.757862,0.096859,0.286608,0.762624,-0.112156,0.279203,1.132786,0.159282,0.049717,1.115464,-0.141676,0.055277,0.731253,0.149850,0.057748,0.726728,-0.150810,0.063150
0.960167,-0.003189,0.253796,1.147239,0.106327,0.246624,1.152369,-0.102697,0.239739,0.767964,0.096319,0.267852,0.773095,-0.112705,0.260967,1.159881,0.158634,0.049041,1.139485,-0.142451,0.056068,0.781541,0.149420,0.046853,0.772769,-0.151346,0.052829
0.970459,-0.003403,0.228816,1.157391,0.106299,0.220865,1.162711,-0.102725,0.214145,0.778207,0.095920,0.243487,0.783527,-0.113104,0.236767,1.187758,0.158043,0.050336,1.163995,-0.143091,0.055821,0.829700,0.149305,0.038620,0.821586,-0.151474,0.045494
0.981613,-0.003578,0.201404,1.168507,0.106203,0.193679,1.173972,-0.102842,0.187767,0.789254,0.095685,0.215042,0.794719,-0.113360,0.209130,1.209515,0.157310,0.032753,1.183319,-0.143696,0.032707,0.869558,0.148713,0.022512,0.865504,-0.151905,0.029227
0.993446,-0.003777,0.180369,1.180292,0.105979,0.171223,1.185625,-0.103042,0.164411,0.801267,0.095489,0.196328,0.806601,-0.113532,0.189516,1.210090,0.157290,0.015892,1.184028,-0.143737,0.016062,0.870971,0.148644,0.015679,0.871636,-0.151696,0.015691
1.005417,-0.003235,0.166072,1.192257,0.106547,0.157147,1.197612,-0.102465,0.150088,0.813222,0.095995,0.182057,0.818576,-0.113017,0.174998,1.210204,0.157269,0.015882,1.184580,-0.143768,0.016206,0.872672,0.148625,0.015809,0.873029,-0.151738,0.015872
1.017784,-0.002075,0.154482,1.204691,0.107664,0.146452,1.210068,-0.101369,0.140024,0.825501,0.097218,0.168940,0.830878,-0.111814,0.162513,1.210761,0.157322,0.015854,1.185394,-0.143675,0.015957,0.874144,0.148659,0.016002,0.874485,-0.151676,0.016070
1.030388,-0.001198,0.144694,1.217334,0.108529,0.137468,1.222746,-0.100513,0.131427,0.838030,0.098118,0.157960,0.843442,-0.110925,0.151919,1.211666,0.157379,0.015926,1.186416,-0.143603,0.016007,0.875601,0.148675,0.016070,0.876058,-0.151639,0.016074
1.043106,-0.000694,0.136816,1.230083,0.109024,0.130288,1.235504,-0.100017,0.124203,0.850708,0.098629,0.149428,0.856129,-0.110413,0.143343,1.212854,0.157389,0.015978,1.187698,-0.143593,0.016038,0.877144,0.148684,0.015930,0.877686,-0.151630,0.015936
1.055939,-0.000496,0.131586,1.242926,0.109230,0.125475,1.248346,-0.099798,0.118951,0.863531,0.098806,0.144220,0.868952,-0.110221,0.137696,1.214248,0.157392,0.015952,1.189282,-0.143601,0.015915,0.878688,0.148694,0.015816,0.879352,-0.151634,0.015772
1.068901,-0.000443,0.129662,1.255874,0.109302,0.123451,1.261286,-0.099710,0.116426,0.876516,0.098825,0.142898,0.881929,-0.110187,0.135873,1.215760,0.157364,0.016053,1.190872,-0.143651,0.016068,0.880179,0.148683,0.015784,0.880911,-0.151675,0.015981
1.082077,-0.000496,0.131544,1.268994,0.109296,0.124558,1.274403,-0.099698,0.117016,0.889752,0.098706,0.146073,0.895160,-0.110288,0.138530,1.217297,0.157365,0.016174,1.192340,-0.143670,0.015994,0.881411,0.148680,0.015968,0.882209,-0.151694,0.015936
1.095787,-0.000732,0.137792,1.282626,0.109117,0.129696,1.288022,-0.099859,0.121647,0.903552,0.098394,0.153937,0.908948,-0.110582,0.145887,1.218842,0.157349,0.015958,1.193627,-0.143717,0.015780,0.882248,0.148656,0.015988,0.883153,-0.151739,0.015893
1.110176,-0.001343,0.149268,1.296979,0.108552,0.140952,1.302365,-0.100393,0.132131,0.917987,0.097707,0.166405,0.923374,-0.111237,0.157584,1.220326,0.157355,0.016036,1.194812,-0.143758,0.015756,0.882635,0.148651,0.016001,0.883598,-0.151786,0.015884
1.124939,-0.002167,0.166315,1.311829,0.107682,0.159496,1.317195,-0.101236,0.150060,0.932683,0.096902,0.182569,0.938049,-0.112016,0.173133,1.221747,0.157361,0.016008,1.195913,-0.143795,0.015723,0.882075,0.148462,0.019877,0.883468,-0.151831,0.015969
1.139824,-0.002869,0.189255,1.326866,0.106860,0.185257,1.332233,-0.102056,0.175769,0.947415,0.096319,0.202742,0.952781,-0.112597,0.193253,1.223260,0.157404,0.015868,1.197142,-0.143779,0.015943,0.872747,0.147442,0.036966,0.882715,-0.151864,0.016123
1.155151,-0.002930,0.216941,1.342302,0.106679,0.215662,1.347694,-0.102270,0.206946,0.962609,0.096411,0.226936,0.968000,-0.112538,0.218220,1.225143,0.157500,0.015747,1.198807,-0.143655,0.016081,0.860362,0.146346,0.057467,0.881382,-0.151850,0.016200
1.170441,-0.003197,0.244578,1.357697,0.106220,0.246648,1.363033,-0.102745,0.238309,0.977848,0.096352,0.250847,0.983185,-0.112614,0.242508,1.229188,0.157633,0.016270,1.209900,-0.143364,0.017982,0.852993,0.145969,0.067805,0.880228,-0.151886,0.020541
1.184517,-0.003639,0.266750,1.371923,0.105476,0.270495,1.376997,-0.103493,0.262086,0.992037,0.096215,0.271415,0.997111,-0.112755,0.263006,1.259389,0.158113,0.025228,1.246639,-0.142689,0.026761,0.852129,0.146205,0.075390,0.883438,-0.151740,0.032507
1.197929,-0.004021,0.284139,1.385481,0.104814,0.288689,1.390278,-0.104171,0.280512,1.005581,0.096130,0.287765,1.010378,-0.112855,0.279588,1.294750,0.158108,0.036182,1.284159,-0.142541,0.036104,0.856963,0.146091,0.086478,0.891468,-0.151993,0.047325
1.210915,-0.004387,0.297239,1.398577,0.104241,0.302125,1.403158,-0.104757,0.294160,1.018671,0.095983,0.300319,1.023252,-0.113015,0.292354,1.326197,0.157929,0.045503,1.317928,-0.142592,0.044183,0.867194,0.145960,0.095564,0.903166,-0.152306,0.060514
1.223679,-0.004784,0.306103,1.411388,0.103768,0.310881,1.415879,-0.105234,0.302979,1.031478,0.095667,0.309228,1.035969,-0.113336,0.301326,1.353631,0.157772,0.052948,1.347057,-0.142674,0.050852,0.882767,0.145865,0.100233,0.917989,-0.152636,0.070479
1.236275,-0.005165,0.310762,1.423957,0.103454,0.315067,1.428503,-0.105543,0.307068,1.044046,0.095213,0.314456,1.048593,-0.113784,0.306458,1.377090,0.157766,0.058034,1.371252,-0.142654,0.055473,0.903757,0.145862,0.100039,0.935900,-0.152939,0.076768
1.248672,-0.005547,0.311214,1.436255,0.103272,0.314735,1.440990,-0.105712,0.306514,1.056355,0.094619,0.315914,1.061090,-0.114366,0.307693,1.397410,0.157892,0.060463,1.391495,-0.142543,0.057712,0.930300,0.145941,0.095237,0.957126,-0.153239,0.079429
1.260796,-0.005943,0.307413,1.448213,0.103189,0.309872,1.453248,-0.105777,0.301361,1.068344,0.093890,0.313464,1.073378,-0.115076,0.304954,1.416289,0.158085,0.060306,1.409753,-0.142408,0.057829,0.962568,0.146078,0.086699,0.982136,-0.153559,0.078657
1.272491,-0.006332,0.299255,1.459678,0.103218,0.300409,1.465114,-0.105726,0.291606,1.079869,0.093062,0.306905,1.085305,-0.115882,0.298102,1.436069,0.158318,0.058099,1.428591,-0.142291,0.056842,1.000845,0.146245,0.075873,1.011585,-0.153892,0.074663
1.283684,-0.006683,0.286568,1.470595,0.103340,0.286261,1.476487,-0.105581,0.277220,1.090881,0.092214,0.295916,1.096772,-0.116707,0.286875,1.458938,0.158524,0.055146,1.450164,-0.142282,0.056496,1.045301,0.146467,0.064196,1.046759,-0.154135,0.067497
1.294434,-0.007027,0.269173,1.481095,0.103410,0.267607,1.487384,-0.105493,0.258410,1.101483,0.091439,0.279935,1.107772,-0.117464,0.270739,1.485104,0.158489,0.053093,1.473298,-0.142561,0.056910,1.094830,0.146750,0.052868,1.088930,-0.154164,0.057622
1.305122,-0.007339,0.246947,1.491635,0.103342,0.245044,1.498171,-0.105539,0.235536,1.112074,0.090860,0.258358,1.118609,-0.118021,0.248850,1.513161,0.158277,0.053004,1.495522,-0.142995,0.056573,1.145257,0.147181,0.043873,1.137130,-0.153810,0.047819
1.316093,-0.007652,0.220112,1.502605,0.103045,0.219214,1.509189,-0.105807,0.209121,1.122998,0.090503,0.231103,1.129582,-0.118350,0.221009,1.542210,0.157742,0.055291,1.520856,-0.143561,0.055920,1.190722,0.147491,0.038093,1.185322,-0.153487,0.042417
1.328453,-0.007950,0.195284,1.514949,0.102775,0.196083,1.521647,-0.106062,0.185734,1.135259,0.090162,0.204833,1.141957,-0.118674,0.194484,1.546791,0.158233,0.016339,1.513516,-0.143418,0.015546,1.222189,0.147836,0.016030,1.221203,-0.152811,0.015900
1.340790,-0.006401,0.175780,1.527136,0.104576,0.176048,1.534092,-0.104256,0.165796,1.147487,0.091454,0.185764,1.154443,-0.117379,0.175513,1.546240,0.158600,0.015986,1.512914,-0.143135,0.015935,1.223719,0.147874,0.015664,1.222791,-0.152786,0.015684
1.353096,-0.004326,0.160970,1.539420,0.106688,0.160401,1.546407,-0.102199,0.151336,1.159785,0.093547,0.170603,1.166772,-0.115340,0.161538,1.546342,0.158705,0.015975,1.513726,-0.142937,0.016004,1.225154,0.147974,0.015706,1.224209,-0.152617,0.015926
1.365517,-0.002647,0.148860,1.551837,0.108371,0.148007,1.558844,-0.100556,0.139931,1.172189,0.095261,0.157788,1.179196,-0.113666,0.149713,1.546933,0.158820,0.015962,1.513454,-0.142778,0.015501,1.226589,0.148077,0.015938,1.225662,-0.152450,0.016032
1.377998,-0.001312,0.138706,1.564322,0.109700,0.137809,1.571341,-0.099255,0.130529,1.184655,0.096630,0.146883,1.191675,-0.112325,0.139603,1.547861,0.158896,0.015961,1.514733,-0.142668,0.015950,1.228008,0.148148,0.016055,1.227196,-0.152330,0.016049
1.390518,-0.000481,0.131005,1.576825,0.110561,0.130183,1.583885,-0.098402,0.123153,1.197151,0.097441,0.138857,1.204211,-0.111522,0.131827,1.549076,0.158968,0.015944,1.516258,-0.142589,0.016159,1.229512,0.148169,0.015988,1.228888,-0.152289,0.015896
1.403130,0.000023,0.126592,1.589431,0.111072,0.125639,1.596493,-0.097887,0.118496,1.209766,0.097932,0.134687,1.216828,-0.111026,0.127544,1.550453,0.159006,0.015989,1.517772,-0.142547,0.016052,1.231051,0.148217,0.015839,1.230574,-0.152245,0.015811
1.415924,0.000435,0.125889,1.602212,0.111500,0.124304,1.609266,-0.097457,0.117094,1.222583,0.098327,0.134684,1.229636,-0.110630,0.127474,1.551931,0.159037,0.016157,1.519196,-0.142508,0.015885,1.232576,0.148270,0.015785,1.232176,-0.152202,0.016024
1.428917,0.000679,0.129311,1.615173,0.111776,0.126613,1.622215,-0.097176,0.119239,1.235619,0.098534,0.139382,1.242661,-0.110418,0.132008,1.553371,0.159101,0.015980,1.520469,-0.142458,0.015782,1.233840,0.148335,0.015926,1.233449,-0.152137,0.015961
1.442307,0.000580,0.137624,1.628513,0.111728,0.133824,1.635554,-0.097209,0.126055,1.249059,0.098369,0.149193,1.256100,-0.110568,0.141424,1.554767,0.159126,0.016112,1.521600,-0.142452,0.015670,1.234719,0.148346,0.015990,1.234338,-0.152144,0.015957
1.456169,0.000221,0.151458,1.642360,0.111389,0.147483,1.649398,-0.097531,0.139274,1.262941,0.097973,0.163642,1.269978,-0.110947,0.155433,1.556106,0.159161,0.015990,1.522584,-0.142464,0.015861,1.235227,0.148355,0.015926,1.234623,-0.152167,0.015921
