-0.015862,0.018490,0.363316,0.173213,0.124732,0.361110,0.174954,-0.084420,0.356968,-0.206677,0.121400,0.369664,-0.204936,-0.087752,0.365521,0.150295,0.173778,0.170429,0.170411,-0.126258,0.172167,-0.195312,0.170574,0.186951,-0.195698,-0.129444,0.179137
-0.023201,0.027920,0.360869,0.165827,0.134252,0.359140,0.167665,-0.074885,0.354357,-0.214067,0.130725,0.367381,-0.212229,-0.078413,0.362599,0.147207,0.183552,0.184203,0.145503,-0.116664,0.184683,-0.193209,0.180789,0.174228,-0.225488,-0.119948,0.185737
-0.030350,0.037399,0.354944,0.159285,0.142642,0.353013,0.159916,-0.066504,0.348291,-0.220615,0.141303,0.361597,-0.219985,-0.067843,0.356875,0.141350,0.191537,0.198530,0.131769,-0.108554,0.193432,-0.209390,0.191318,0.161384,-0.249324,-0.109451,0.182267
-0.038391,0.046841,0.345418,0.152080,0.150560,0.343393,0.151036,-0.058588,0.338844,-0.227819,0.152269,0.351991,-0.228862,-0.056879,0.347442,0.140761,0.198968,0.210507,0.123338,-0.100722,0.192233,-0.222270,0.202264,0.142284,-0.262224,-0.098349,0.171608
-0.047226,0.056297,0.331617,0.144157,0.158333,0.330038,0.141279,-0.050798,0.325475,-0.235731,0.163392,0.337760,-0.238609,-0.045738,0.333197,0.136806,0.206497,0.210977,0.113066,-0.092770,0.183223,-0.227793,0.213424,0.123479,-0.263198,-0.086970,0.154709
-0.056099,0.065731,0.313800,0.136218,0.166007,0.313222,0.131439,-0.043080,0.308259,-0.243637,0.174542,0.319340,-0.248415,-0.034545,0.314378,0.126529,0.214476,0.196350,0.100184,-0.084540,0.169178,-0.233331,0.224901,0.103626,-0.261117,-0.075402,0.132034
-0.064568,0.075119,0.292925,0.128644,0.173659,0.293519,0.122011,-0.035369,0.288217,-0.251146,0.185607,0.297633,-0.257779,-0.023421,0.292331,0.113061,0.222807,0.168693,0.087544,-0.076215,0.148333,-0.240829,0.236389,0.075962,-0.262276,-0.063890,0.100120
-0.073105,0.084511,0.269003,0.120917,0.181428,0.270917,0.112569,-0.027538,0.265613,-0.258778,0.196560,0.272393,-0.267127,-0.012406,0.267089,0.100336,0.231282,0.131781,0.079107,-0.068046,0.121560,-0.246518,0.247415,0.042158,-0.265317,-0.052752,0.061140
-0.082092,0.093811,0.241445,0.112391,0.189785,0.243934,0.103040,-0.019177,0.240473,-0.267224,0.206799,0.242417,-0.276576,-0.002163,0.238955,0.088507,0.238939,0.087964,0.075779,-0.060990,0.091448,-0.247452,0.255170,0.015775,-0.268188,-0.044404,0.019459
-0.089149,0.101643,0.215360,0.104747,0.198743,0.211273,0.096622,-0.010284,0.213752,-0.274921,0.213570,0.216967,-0.283046,0.004542,0.219446,0.063792,0.243694,0.031747,0.062151,-0.056436,0.044789,-0.246478,0.255567,0.015908,-0.267808,-0.043950,0.015998
-0.091011,0.106567,0.194847,0.102149,0.204006,0.179485,0.094858,-0.004932,0.186996,-0.276880,0.218067,0.202699,-0.284171,0.009129,0.210210,0.054312,0.245303,0.015954,0.037954,-0.054602,0.015972,-0.245946,0.255781,0.015941,-0.267568,-0.043941,0.015960
-0.087051,0.109337,0.184351,0.105814,0.206397,0.163776,0.098621,-0.002377,0.175016,-0.272723,0.221050,0.193687,-0.279917,0.012276,0.204926,0.053946,0.245770,0.015956,0.038040,-0.054396,0.015943,-0.245215,0.256072,0.015864,-0.267127,-0.043885,0.015869
-0.078186,0.111469,0.181433,0.114549,0.208479,0.159449,0.107627,-0.000126,0.173610,-0.263999,0.223065,0.189257,-0.270922,0.014460,0.203418,0.057238,0.246260,0.016542,0.038911,-0.054138,0.015806,-0.244325,0.256222,0.015875,-0.282114,-0.043334,0.018023
-0.066917,0.112614,0.180526,0.125869,0.209654,0.159130,0.119075,0.001175,0.175099,-0.252910,0.224052,0.185954,-0.259704,0.015573,0.201923,0.084644,0.246783,0.030896,0.040053,-0.054065,0.015710,-0.243241,0.256320,0.015918,-0.294137,-0.042521,0.024249
-0.054977,0.112576,0.178820,0.137892,0.209698,0.158581,0.131133,0.001263,0.175129,-0.241088,0.223888,0.182511,-0.247847,0.015453,0.199059,0.117287,0.247279,0.048946,0.041157,-0.054077,0.015915,-0.242033,0.256311,0.015938,-0.287109,-0.042199,0.031440
-0.043098,0.111725,0.175521,0.149804,0.208872,0.155717,0.143021,0.000420,0.172048,-0.229218,0.223029,0.178994,-0.236001,0.014578,0.195325,0.139986,0.247118,0.057618,0.042196,-0.054136,0.016019,-0.240848,0.256239,0.015852,-0.261612,-0.042636,0.036613
-0.031097,0.110832,0.171019,0.161837,0.207934,0.151307,0.154987,-0.000528,0.167465,-0.217182,0.222193,0.174573,-0.224032,0.013730,0.190731,0.153301,0.246077,0.051337,0.043218,-0.054202,0.016055,-0.239602,0.256222,0.015651,-0.216883,-0.044274,0.033871
-0.018585,0.110447,0.165769,0.174310,0.207534,0.145599,0.167515,-0.000890,0.162273,-0.204685,0.221783,0.169264,-0.211480,0.013360,0.185939,0.157555,0.244544,0.031157,0.044344,-0.054195,0.016005,-0.238274,0.256210,0.015663,-0.153646,-0.046583,0.030462
-0.005707,0.110294,0.159693,0.186966,0.207269,0.137013,0.180342,-0.001073,0.154749,-0.191755,0.221662,0.164637,-0.198380,0.013320,0.182372,0.154301,0.243639,0.015953,0.045561,-0.054248,0.015858,-0.236820,0.256061,0.015788,-0.088744,-0.048105,0.037857
0.006432,0.108837,0.153967,0.199224,0.205277,0.130061,0.192016,-0.003157,0.146420,-0.179152,0.220832,0.161515,-0.186361,0.012397,0.177874,0.155672,0.243454,0.016077,0.062261,-0.054169,0.020519,-0.228964,0.256740,0.015867,-0.047713,-0.048663,0.042205
0.017784,0.106411,0.147659,0.210928,0.202354,0.124605,0.202833,-0.006279,0.137706,-0.167265,0.219101,0.157612,-0.175360,0.010468,0.170713,0.157099,0.243197,0.016010,0.091575,-0.054259,0.030628,-0.207001,0.257308,0.015746,-0.040842,-0.049359,0.026838
0.029121,0.103855,0.141054,0.222548,0.199777,0.120404,0.214042,-0.009000,0.130613,-0.155800,0.216711,0.151496,-0.164305,0.007933,0.161705,0.158537,0.242811,0.015784,0.125904,-0.055472,0.038163,-0.179531,0.256577,0.015661,-0.040142,-0.049804,0.015755
0.040718,0.102413,0.136438,0.234215,0.198575,0.117647,0.225792,-0.010258,0.126734,-0.144356,0.215084,0.146141,-0.152779,0.006251,0.155228,0.159982,0.242668,0.015803,0.154487,-0.056529,0.043595,-0.153971,0.255324,0.015654,-0.039086,-0.049930,0.015831
0.052589,0.101963,0.133914,0.246082,0.198419,0.116649,0.237936,-0.010407,0.126114,-0.132757,0.214334,0.141713,-0.140903,0.005507,0.151179,0.161308,0.242691,0.015909,0.176308,-0.057092,0.047645,-0.128844,0.253995,0.015587,-0.037988,-0.050168,0.015972
0.064690,0.102024,0.132709,0.258342,0.198448,0.117140,0.250135,-0.010334,0.127519,-0.120756,0.214382,0.137900,-0.128963,0.005601,0.148279,0.162591,0.242726,0.016019,0.197128,-0.057541,0.052092,-0.103721,0.253190,0.015932,-0.036833,-0.050138,0.016004
0.076889,0.102253,0.132153,0.270659,0.198692,0.118224,0.262440,-0.010026,0.129804,-0.108662,0.214531,0.134502,-0.116881,0.005814,0.146082,0.163775,0.242785,0.016013,0.219093,-0.057913,0.057000,-0.080157,0.252495,0.017914,-0.035600,-0.050164,0.015919
0.089287,0.102524,0.132046,0.283172,0.198951,0.119735,0.274890,-0.009693,0.132540,-0.096316,0.214740,0.131552,-0.104598,0.006097,0.144357,0.165000,0.242836,0.015829,0.242653,-0.058285,0.062454,-0.057596,0.252040,0.021819,-0.034288,-0.050160,0.015725
0.101944,0.102787,0.132388,0.295933,0.199190,0.121628,0.287553,-0.009373,0.135624,-0.083665,0.214947,0.129152,-0.092045,0.006384,0.143148,0.166184,0.242890,0.015806,0.267049,-0.058725,0.067276,-0.033310,0.251601,0.026159,-0.032987,-0.050132,0.015678
0.114807,0.102840,0.132870,0.308869,0.199256,0.123634,0.300406,-0.009240,0.138558,-0.070792,0.214920,0.127183,-0.079255,0.006425,0.142107,0.167315,0.242901,0.016001,0.290885,-0.059453,0.068754,-0.002590,0.250737,0.029134,-0.031642,-0.050153,0.015785
0.127731,0.102314,0.132787,0.321809,0.198824,0.124977,0.313338,-0.009670,0.139914,-0.057875,0.214298,0.125659,-0.066346,0.005804,0.140596,0.168452,0.242854,0.016048,0.312689,-0.060803,0.062381,0.038961,0.249230,0.031606,-0.030260,-0.050196,0.015954
0.140633,0.101074,0.131296,0.334582,0.197898,0.124219,0.326390,-0.010685,0.138028,-0.045125,0.212833,0.124564,-0.053316,0.004250,0.138373,0.169511,0.242801,0.015999,0.329154,-0.062753,0.041735,0.086127,0.247496,0.037460,-0.028760,-0.050397,0.016052
0.153145,0.099358,0.127451,0.346753,0.196789,0.119436,0.339257,-0.011955,0.131035,-0.032968,0.210670,0.123866,-0.040463,0.001927,0.135466,0.176593,0.242696,0.015928,0.330136,-0.063582,0.015778,0.123221,0.245937,0.039756,-0.027187,-0.050740,0.015964
0.165253,0.098175,0.123031,0.358189,0.196769,0.113234,0.352077,-0.011961,0.125847,-0.021571,0.208311,0.120216,-0.027684,-0.000419,0.132829,0.216135,0.240607,0.016025,0.331510,-0.063562,0.015778,0.130176,0.243141,0.016310,-0.026149,-0.053090,0.015764
0.177841,0.097641,0.119530,0.370702,0.196357,0.109488,0.364741,-0.012370,0.122211,-0.009058,0.207652,0.116850,-0.015020,-0.001075,0.129573,0.265604,0.239368,0.018539,0.332870,-0.063494,0.015896,0.131237,0.243053,0.016033,-0.024313,-0.053301,0.015745
0.190300,0.097103,0.118402,0.383210,0.195681,0.107950,0.377120,-0.013057,0.120439,0.003480,0.207263,0.116366,-0.002610,-0.001475,0.128854,0.311489,0.238518,0.027616,0.334348,-0.063604,0.016071,0.132413,0.243045,0.015957,-0.021769,-0.053238,0.015668
0.202682,0.096497,0.118582,0.395622,0.195062,0.108569,0.389480,-0.013703,0.120577,0.015885,0.206696,0.116586,0.009743,-0.002069,0.128594,0.346663,0.238045,0.038989,0.335886,-0.063684,0.016036,0.133605,0.242978,0.015767,-0.013302,-0.053430,0.015692
0.214996,0.095695,0.119442,0.407985,0.194281,0.110642,0.401774,-0.014531,0.121761,0.028218,0.205922,0.117122,0.022008,-0.002890,0.128241,0.372271,0.237548,0.048107,0.337364,-0.063790,0.015840,0.134877,0.242893,0.015894,0.000946,-0.053792,0.015684
0.227158,0.094711,0.120686,0.420226,0.193281,0.113615,0.413885,-0.015590,0.123496,0.040431,0.205012,0.117876,0.034090,-0.003858,0.127756,0.392059,0.236856,0.054385,0.338751,-0.063928,0.015728,0.136188,0.242808,0.015996,0.018053,-0.054192,0.015729
0.239159,0.093559,0.122169,0.432289,0.192131,0.117127,0.425842,-0.016800,0.125555,0.052476,0.203918,0.118784,0.046028,-0.005012,0.127212,0.409110,0.236020,0.059246,0.340012,-0.064087,0.015791,0.137613,0.242652,0.015955,0.035952,-0.054660,0.016890
0.251076,0.092377,0.123766,0.444273,0.190898,0.120672,0.437690,-0.018083,0.127604,0.064461,0.202837,0.119929,0.057879,-0.006145,0.126861,0.424914,0.235103,0.063304,0.341229,-0.064246,0.015945,0.139092,0.242527,0.015713,0.053093,-0.055017,0.020578
0.262939,0.091225,0.125414,0.456189,0.189678,0.123846,0.449489,-0.019341,0.129390,0.076390,0.201790,0.121438,0.069689,-0.007229,0.126982,0.440027,0.234153,0.066045,0.342361,-0.064404,0.015978,0.140568,0.242417,0.015690,0.070074,-0.055427,0.025336
0.274879,0.090179,0.127037,0.468153,0.188599,0.126556,0.461395,-0.020446,0.130936,0.088364,0.200805,0.123138,0.081606,-0.008240,0.127518,0.454839,0.233250,0.066278,0.343517,-0.064529,0.015911,0.142020,0.242308,0.015899,0.089022,-0.056021,0.029318
0.287018,0.089424,0.128572,0.480308,0.187812,0.128798,0.473506,-0.021245,0.132529,0.100529,0.200093,0.124615,0.093728,-0.008963,0.128346,0.469254,0.232456,0.061753,0.344626,-0.064616,0.015783,0.143472,0.242238,0.015949,0.112637,-0.056804,0.030603
0.299545,0.089138,0.129906,0.492886,0.187424,0.130382,0.485969,-0.021626,0.134239,0.113122,0.199902,0.125573,0.106204,-0.009148,0.129430,0.483209,0.231755,0.050611,0.345772,-0.064653,0.015889,0.145046,0.242305,0.015923,0.144329,-0.057736,0.029474
0.312645,0.089546,0.130860,0.506020,0.187766,0.130452,0.499036,-0.021252,0.135676,0.126253,0.200344,0.126045,0.119270,-0.008674,0.131268,0.494336,0.231204,0.032737,0.346876,-0.064650,0.015940,0.146721,0.242396,0.015868,0.186482,-0.058955,0.029389
0.326180,0.090721,0.130999,0.519532,0.188920,0.127386,0.512620,-0.020015,0.135312,0.139739,0.201457,0.126687,0.132827,-0.007478,0.134612,0.495902,0.230977,0.015800,0.348014,-0.064604,0.015997,0.148381,0.242473,0.015808,0.236257,-0.060207,0.034447
0.339233,0.091270,0.131011,0.532798,0.188914,0.124733,0.525409,-0.019960,0.133758,0.153058,0.202501,0.128263,0.145668,-0.006373,0.137289,0.497472,0.230985,0.015970,0.355744,-0.064568,0.015990,0.150384,0.243257,0.015797,0.277156,-0.060770,0.039525
0.351654,0.090931,0.130012,0.545609,0.187751,0.123047,0.537350,-0.021125,0.131253,0.165958,0.202987,0.128770,0.157699,-0.005889,0.136976,0.499034,0.230910,0.016075,0.388165,-0.065277,0.015929,0.157122,0.244415,0.015700,0.296761,-0.060974,0.033485
0.363701,0.090000,0.127191,0.558179,0.185813,0.120908,0.548780,-0.023080,0.127264,0.178622,0.203080,0.127119,0.169223,-0.005812,0.133475,0.500621,0.230724,0.015900,0.428167,-0.066449,0.019489,0.169908,0.245598,0.015680,0.300414,-0.060812,0.015842
0.375679,0.088856,0.124104,0.570069,0.184878,0.118328,0.560869,-0.024042,0.124031,0.190489,0.201754,0.124176,0.181289,-0.007166,0.129879,0.502055,0.230583,0.015733,0.469592,-0.068186,0.026885,0.185602,0.244517,0.015654,0.301583,-0.061091,0.015737
0.387573,0.088417,0.122740,0.582015,0.184355,0.117328,0.572716,-0.024557,0.123162,0.202430,0.201391,0.122319,0.193131,-0.007521,0.128152,0.503452,0.230531,0.015832,0.501345,-0.069289,0.037329,0.204416,0.243837,0.015653,0.302653,-0.061045,0.015826
0.399551,0.088432,0.123076,0.593992,0.184416,0.118453,0.584727,-0.024468,0.125256,0.214376,0.201333,0.120895,0.205111,-0.007551,0.127699,0.504682,0.230557,0.015937,0.524578,-0.069892,0.046276,0.225953,0.242908,0.015589,0.303832,-0.061089,0.015926
0.411613,0.088684,0.124558,0.606026,0.184766,0.120947,0.596834,-0.024073,0.129086,0.226393,0.201441,0.120030,0.217201,-0.007398,0.128169,0.505854,0.230614,0.015990,0.545261,-0.070276,0.053539,0.248186,0.241954,0.015930,0.305141,-0.061170,0.015974
0.423714,0.089027,0.126568,0.618137,0.185119,0.123899,0.608905,-0.023661,0.133397,0.238522,0.201716,0.119740,0.229290,-0.007064,0.129238,0.506962,0.230666,0.015975,0.566248,-0.070666,0.059774,0.269045,0.241289,0.018219,0.306419,-0.061177,0.015809
0.435913,0.089336,0.128767,0.630320,0.185482,0.126999,0.621083,-0.023239,0.137727,0.250744,0.201912,0.119807,0.241506,-0.006809,0.130536,0.508080,0.230730,0.015797,0.588607,-0.071079,0.065301,0.289128,0.240763,0.022458,0.307812,-0.061204,0.015628
0.448288,0.089584,0.130972,0.642687,0.185758,0.130022,0.633409,-0.022899,0.141882,0.263167,0.202068,0.120062,0.253889,-0.006590,0.131922,0.509205,0.230771,0.015813,0.611974,-0.071635,0.069381,0.311628,0.240187,0.026914,0.309195,-0.061220,0.015750
0.460808,0.089569,0.132783,0.655208,0.185744,0.132676,0.645857,-0.022868,0.145263,0.275758,0.202006,0.120303,0.266407,-0.006606,0.132891,0.510268,0.230778,0.015991,0.634940,-0.072513,0.069749,0.340983,0.239193,0.029686,0.310562,-0.061225,0.015855
0.473442,0.088928,0.133531,0.667814,0.185158,0.134261,0.658473,-0.023465,0.146660,0.288411,0.201321,0.120402,0.279070,-0.007302,0.132801,0.511380,0.230711,0.016030,0.655928,-0.073934,0.062410,0.381206,0.237488,0.031990,0.311962,-0.061292,0.015991
0.485992,0.087681,0.132380,0.680257,0.184127,0.133120,0.671186,-0.024574,0.144349,0.300799,0.199936,0.120410,0.291728,-0.008766,0.131639,0.512407,0.230679,0.015982,0.670562,-0.075672,0.040898,0.426682,0.235554,0.037343,0.313486,-0.061490,0.016039
0.498116,0.086109,0.128758,0.692136,0.183046,0.128008,0.683720,-0.025775,0.137370,0.312511,0.197993,0.120146,0.304095,-0.010827,0.129508,0.522589,0.230388,0.015958,0.668801,-0.076153,0.015879,0.462245,0.233781,0.037395,0.315088,-0.061892,0.016001
0.510010,0.085339,0.124686,0.703682,0.182942,0.122297,0.696056,-0.025872,0.132443,0.323964,0.196550,0.116928,0.316337,-0.012265,0.127074,0.565287,0.228370,0.016090,0.670020,-0.076120,0.015861,0.468887,0.231886,0.015997,0.316004,-0.063191,0.015840
0.522789,0.085552,0.122017,0.716483,0.183082,0.118597,0.708820,-0.025660,0.130115,0.336758,0.196764,0.113920,0.329095,-0.011978,0.125438,0.614296,0.226917,0.019529,0.671438,-0.076134,0.016006,0.469888,0.232023,0.015991,0.317604,-0.063155,0.015797
0.535408,0.085354,0.121220,0.729122,0.182813,0.117009,0.721427,-0.025901,0.129007,0.349389,0.196609,0.113433,0.341694,-0.012105,0.125431,0.659499,0.225912,0.029603,0.672888,-0.076158,0.016093,0.471048,0.232071,0.015877,0.323311,-0.063297,0.015589
0.547974,0.084644,0.121436,0.741707,0.182079,0.117567,0.733969,-0.026662,0.129049,0.361979,0.195951,0.113822,0.354240,-0.012791,0.125304,0.694592,0.225185,0.041381,0.674391,-0.076224,0.015959,0.472320,0.232019,0.015822,0.335505,-0.063678,0.015648
0.560440,0.083622,0.122189,0.754191,0.181059,0.119378,0.746404,-0.027735,0.129825,0.374476,0.194979,0.114553,0.366690,-0.013815,0.125000,0.720409,0.224426,0.050788,0.675808,-0.076349,0.015738,0.473690,0.231884,0.015975,0.351671,-0.064262,0.015708
0.572693,0.082386,0.123229,0.766499,0.179746,0.122029,0.758566,-0.029109,0.131044,0.386820,0.193881,0.115415,0.378887,-0.014974,0.124430,0.740809,0.223462,0.057515,0.677182,-0.076519,0.015768,0.475111,0.231761,0.015987,0.369847,-0.064844,0.015804
0.584755,0.081039,0.124474,0.778617,0.178293,0.124994,0.770525,-0.030618,0.132413,0.398985,0.192697,0.116535,0.390893,-0.016214,0.123954,0.758426,0.222368,0.062492,0.678404,-0.076701,0.015883,0.476586,0.231626,0.015773,0.387308,-0.065308,0.019221
0.596733,0.079708,0.125889,0.790640,0.176856,0.127798,0.782419,-0.032099,0.133697,0.411047,0.191516,0.118082,0.402826,-0.017440,0.123981,0.774570,0.221238,0.065689,0.679558,-0.076879,0.015975,0.478119,0.231486,0.015583,0.404521,-0.065831,0.024053
0.608742,0.078510,0.127414,0.802665,0.175602,0.130290,0.794389,-0.033383,0.134914,0.423095,0.190404,0.119915,0.414819,-0.018582,0.124538,0.789993,0.220182,0.066166,0.680725,-0.077010,0.015955,0.479646,0.231359,0.015886,0.423403,-0.066547,0.028323
0.620888,0.077602,0.128941,0.814836,0.174624,0.132392,0.806493,-0.034374,0.136240,0.435283,0.189579,0.121642,0.426939,-0.019419,0.125490,0.804913,0.219218,0.062013,0.681864,-0.077110,0.015811,0.481128,0.231297,0.015960,0.446564,-0.067452,0.030172
0.633339,0.077171,0.130327,0.827315,0.174135,0.133872,0.818905,-0.034860,0.137758,0.447773,0.189203,0.122896,0.439363,-0.019792,0.126782,0.819212,0.218425,0.051559,0.682994,-0.077153,0.015832,0.482613,0.231306,0.015921,0.477310,-0.068622,0.029553
0.646339,0.077465,0.131423,0.840363,0.174364,0.133969,0.831874,-0.034600,0.139121,0.460804,0.189531,0.123725,0.452315,-0.019434,0.128877,0.830740,0.217810,0.034744,0.684103,-0.077136,0.015925,0.484265,0.231420,0.015887,0.517887,-0.070041,0.029837
0.659897,0.078560,0.131763,0.853961,0.175408,0.131021,0.845476,-0.033472,0.138871,0.474318,0.190592,0.124655,0.465832,-0.018289,0.132505,0.832800,0.217444,0.015451,0.685309,-0.077102,0.015999,0.485944,0.231547,0.015763,0.566486,-0.071570,0.034778
0.673096,0.079079,0.131896,0.867354,0.175463,0.128008,0.858496,-0.033348,0.137199,0.487695,0.191505,0.126593,0.478838,-0.017305,0.135784,0.834345,0.217466,0.015960,0.691555,-0.077135,0.016007,0.487863,0.232155,0.015783,0.608450,-0.072548,0.040148
0.685722,0.078640,0.131103,0.880332,0.174271,0.126307,0.870706,-0.034533,0.134842,0.500738,0.191813,0.127364,0.491113,-0.016991,0.135898,0.835876,0.217351,0.016072,0.721311,-0.078044,0.015905,0.494365,0.233078,0.015676,0.629802,-0.073029,0.035384
0.697876,0.077602,0.128592,0.893035,0.172129,0.124252,0.882197,-0.036687,0.130793,0.513555,0.191892,0.126391,0.502717,-0.016925,0.132932,0.837500,0.217152,0.015914,0.753261,-0.079020,0.019334,0.506074,0.234346,0.015685,0.635519,-0.073012,0.016033
0.709816,0.076504,0.125425,0.905033,0.170907,0.121012,0.894063,-0.037913,0.127222,0.525569,0.190920,0.123627,0.514599,-0.017900,0.129837,0.838749,0.216791,0.015708,0.799828,-0.081550,0.024496,0.520649,0.233501,0.015679,0.636641,-0.073236,0.015787
0.721680,0.076145,0.123782,0.916922,0.170484,0.119095,0.905895,-0.038316,0.125843,0.537464,0.190607,0.121722,0.526438,-0.018193,0.128470,0.840165,0.216736,0.015824,0.836623,-0.083118,0.035415,0.538336,0.232670,0.015675,0.637776,-0.073252,0.015798
0.733627,0.076111,0.123758,0.928904,0.170406,0.119708,0.917814,-0.038356,0.127449,0.549440,0.190578,0.120068,0.538350,-0.018185,0.127808,0.841446,0.216749,0.015923,0.860278,-0.083902,0.044986,0.559745,0.231700,0.015554,0.638904,-0.073220,0.015922
0.745667,0.076275,0.124935,0.940958,0.170579,0.121888,0.929832,-0.038128,0.130969,0.561501,0.190678,0.118902,0.550375,-0.018029,0.127983,0.842637,0.216770,0.016004,0.879636,-0.084431,0.052330,0.582109,0.230654,0.015878,0.640230,-0.073250,0.015984
0.757706,0.076527,0.126701,0.952984,0.170884,0.124624,0.941852,-0.037757,0.135088,0.573559,0.190811,0.118314,0.562428,-0.017831,0.128778,0.843753,0.216835,0.015994,0.899263,-0.084892,0.058623,0.603725,0.229689,0.016948,0.641542,-0.073284,0.015924
0.769836,0.076771,0.128709,0.965118,0.171136,0.127568,0.953919,-0.037435,0.139292,0.585754,0.190976,0.118127,0.574555,-0.017595,0.129851,0.844820,0.216902,0.015821,0.920679,-0.085439,0.064533,0.624073,0.229022,0.020571,0.642879,-0.073267,0.015709
0.782112,0.076942,0.130783,0.977385,0.171334,0.130507,0.966127,-0.037165,0.143393,0.598097,0.191050,0.118172,0.586839,-0.017449,0.131058,0.845927,0.216944,0.015785,0.943581,-0.086131,0.069299,0.646117,0.228299,0.024955,0.644220,-0.073279,0.015706
0.794579,0.076889,0.132588,0.989837,0.171308,0.133162,0.978522,-0.037134,0.146896,0.610635,0.190912,0.118281,0.599320,-0.017530,0.132015,0.847048,0.216953,0.015985,0.966635,-0.087103,0.071030,0.674232,0.227133,0.028100,0.645625,-0.073316,0.015804
0.807129,0.076286,0.133501,1.002393,0.170685,0.134923,0.990993,-0.037749,0.148696,0.623264,0.190322,0.118306,0.611865,-0.018113,0.132079,0.848168,0.216881,0.016040,0.987920,-0.088674,0.065827,0.712767,0.225248,0.030589,0.647058,-0.073330,0.015921
0.819595,0.075020,0.132702,1.014820,0.169496,0.134340,1.003526,-0.039006,0.147149,0.635665,0.189046,0.118254,0.624370,-0.019456,0.131063,0.849235,0.216798,0.016008,1.003948,-0.090762,0.047356,0.758179,0.222947,0.035811,0.648537,-0.073434,0.016041
0.831741,0.073338,0.129291,1.026612,0.168556,0.129626,1.016268,-0.040123,0.140143,0.647215,0.186799,0.118439,0.636871,-0.021881,0.128957,0.856132,0.216840,0.015947,1.003611,-0.091333,0.015675,0.794893,0.220987,0.037999,0.650146,-0.073800,0.015900
0.843590,0.072021,0.124865,1.038011,0.168137,0.122978,1.028740,-0.040560,0.134126,0.658439,0.184603,0.115605,0.649169,-0.024094,0.126752,0.899897,0.214112,0.015908,1.004755,-0.091372,0.015845,0.803075,0.218438,0.016382,0.651546,-0.075689,0.015728
0.856140,0.071304,0.121549,1.050549,0.167425,0.118914,1.041328,-0.041272,0.130097,0.670952,0.183881,0.113001,0.661731,-0.024817,0.124184,0.949138,0.212124,0.019232,1.006089,-0.091392,0.015932,0.804050,0.218361,0.015997,0.653363,-0.075815,0.015782
0.868523,0.070499,0.120612,1.063001,0.166456,0.117183,1.053653,-0.042256,0.127967,0.683392,0.183255,0.113257,0.674045,-0.025457,0.124041,0.994808,0.210561,0.029991,1.007464,-0.091523,0.016125,0.805266,0.218321,0.015865,0.656665,-0.075836,0.015651
0.880852,0.069595,0.120902,1.075348,0.165521,0.117671,1.065962,-0.043222,0.127813,0.695742,0.182413,0.113990,0.686355,-0.026330,0.124133,1.029463,0.209476,0.042377,1.008920,-0.091639,0.015996,0.806536,0.218210,0.015818,0.666243,-0.076245,0.015672
0.893066,0.068516,0.121827,1.087597,0.164399,0.119553,1.078127,-0.044387,0.128666,0.708006,0.181419,0.114989,0.698535,-0.027368,0.124102,1.054911,0.208482,0.052184,1.010323,-0.091778,0.015801,0.807841,0.218108,0.015970,0.681055,-0.076846,0.015697
0.905128,0.067242,0.123101,1.099713,0.163042,0.122355,1.090102,-0.045794,0.130093,0.720155,0.180277,0.116108,0.710544,-0.028558,0.123847,1.074785,0.207370,0.058983,1.011675,-0.091950,0.015768,0.809311,0.217993,0.015970,0.698567,-0.077541,0.015785
0.917061,0.065891,0.124537,1.111674,0.161631,0.125496,1.101960,-0.047249,0.131794,0.732161,0.179031,0.117280,0.722448,-0.029848,0.123577,1.091801,0.206216,0.063838,1.012918,-0.092124,0.015820,0.810733,0.217837,0.015785,0.716497,-0.078280,0.017797
0.928894,0.064507,0.126071,1.123532,0.160168,0.128534,1.113723,-0.048746,0.133376,0.744065,0.177759,0.118767,0.734256,-0.031155,0.123609,1.107460,0.205013,0.067195,1.014065,-0.092301,0.015935,0.812202,0.217681,0.015590,0.734031,-0.079016,0.021808
0.940758,0.063213,0.127676,1.135412,0.158807,0.131231,1.125539,-0.050129,0.134793,0.755977,0.176556,0.120558,0.746103,-0.032381,0.124120,1.122534,0.203852,0.068423,1.015217,-0.092449,0.015955,0.813687,0.217552,0.015893,0.752513,-0.079863,0.026024
0.952713,0.062126,0.129269,1.147388,0.157649,0.133526,1.137451,-0.051298,0.136194,0.767975,0.175550,0.122344,0.758038,-0.033396,0.125012,1.137243,0.202773,0.065880,1.016342,-0.092579,0.015883,0.815156,0.217454,0.015968,0.774389,-0.080912,0.028401
0.964966,0.061432,0.130716,1.159661,0.156899,0.135301,1.149666,-0.052048,0.137729,0.780265,0.174912,0.123704,0.770271,-0.034035,0.126132,1.151547,0.201887,0.057493,1.017431,-0.092645,0.015813,0.816581,0.217427,0.015898,0.803066,-0.082247,0.028204
0.977745,0.061359,0.131885,1.172496,0.156736,0.135971,1.162387,-0.052195,0.139233,0.793103,0.174913,0.124538,0.782994,-0.034017,0.127799,1.164127,0.201192,0.042607,1.018585,-0.092671,0.015908,0.818270,0.217509,0.015910,0.841392,-0.083910,0.027944
0.991180,0.062084,0.132466,1.186039,0.157311,0.134214,1.175769,-0.051565,0.139678,0.806592,0.175734,0.125253,0.796322,-0.033142,0.130718,1.169628,0.200678,0.021066,1.019739,-0.092651,0.015937,0.820015,0.217730,0.015779,0.888818,-0.085799,0.031784
1.004562,0.062897,0.132406,1.199484,0.157990,0.130447,1.189164,-0.050809,0.138273,0.819960,0.176602,0.126540,0.809640,-0.032197,0.134366,1.170788,0.200650,0.015836,1.020919,-0.092614,0.015989,0.821630,0.217907,0.015835,0.933960,-0.087413,0.040061
1.017250,0.062706,0.132013,1.212462,0.157148,0.128269,1.201517,-0.051618,0.136117,0.832983,0.177030,0.127909,0.822038,-0.031736,0.135757,1.172238,0.200582,0.016021,1.044711,-0.093458,0.015971,0.825786,0.218736,0.015750,0.962358,-0.088234,0.040070
1.029396,0.061852,0.130025,1.225068,0.155326,0.125976,1.213094,-0.053432,0.132420,0.845698,0.177135,0.127630,0.833724,-0.031623,0.134074,1.173758,0.200419,0.015984,1.081654,-0.094937,0.019137,0.836531,0.219752,0.015690,0.970940,-0.088421,0.024499
1.041473,0.060631,0.126562,1.237321,0.153754,0.122955,1.224953,-0.055014,0.128220,0.857994,0.176275,0.124905,0.845626,-0.032492,0.130170,1.175300,0.200270,0.015780,1.126687,-0.097342,0.024882,0.852259,0.219405,0.015673,0.972826,-0.088455,0.015852
1.053391,0.059845,0.124175,1.249218,0.153008,0.120539,1.236894,-0.055761,0.125858,0.869887,0.175451,0.122491,0.857563,-0.033318,0.127810,1.176719,0.200164,0.015814,1.161978,-0.099203,0.034761,0.870067,0.218262,0.015650,0.973909,-0.088585,0.015756
1.065376,0.059555,0.123633,1.261214,0.152715,0.120439,1.248876,-0.056034,0.126473,0.881876,0.175144,0.120793,0.869539,-0.033604,0.126826,1.178033,0.200155,0.015807,1.185736,-0.100238,0.043869,0.890757,0.217126,0.015557,0.975084,-0.088598,0.015844
1.077408,0.059589,0.124504,1.273244,0.152777,0.122130,1.260907,-0.055932,0.129412,0.893909,0.175111,0.119595,0.881572,-0.033598,0.126878,1.179252,0.200185,0.015965,1.204998,-0.100926,0.050839,0.912484,0.215947,0.015777,0.976291,-0.088624,0.015972
1.089439,0.059765,0.126178,1.285260,0.153003,0.124677,1.272928,-0.055651,0.133404,0.905950,0.175180,0.118952,0.893619,-0.033473,0.127678,1.180412,0.200223,0.016000,1.224383,-0.101552,0.056850,0.934138,0.214779,0.016034,0.977571,-0.088677,0.015950
1.101540,0.059948,0.128111,1.297340,0.153238,0.127477,1.284999,-0.055356,0.137536,0.918080,0.175251,0.118687,0.905739,-0.033342,0.128745,1.181543,0.200291,0.015921,1.245501,-0.102221,0.062467,0.954112,0.213894,0.018986,0.978926,-0.088701,0.015774
1.113747,0.060074,0.130139,1.309536,0.153388,0.130326,1.297147,-0.055142,0.141577,0.930346,0.175289,0.118702,0.917957,-0.033240,0.129952,1.182646,0.200342,0.015761,1.268297,-0.103015,0.067588,0.974473,0.213124,0.023434,0.980327,-0.088712,0.015593
1.126114,0.060085,0.132085,1.321899,0.153405,0.133066,1.309433,-0.055060,0.145377,0.942794,0.175231,0.118793,0.930329,-0.033234,0.131103,1.183718,0.200358,0.015883,1.291768,-0.104025,0.070674,0.998942,0.212089,0.027431,0.981707,-0.088726,0.015801
1.138641,0.059685,0.133466,1.334433,0.152977,0.135264,1.321867,-0.055453,0.148053,0.955415,0.174822,0.118879,0.942850,-0.033608,0.131668,1.184818,0.200298,0.016020,1.314338,-0.105476,0.068870,1.032256,0.210344,0.029843,0.983120,-0.088760,0.015855
1.151199,0.058628,0.133495,1.346979,0.151934,0.135870,1.334409,-0.056527,0.148148,0.967990,0.173783,0.118842,0.955420,-0.034678,0.131119,1.185950,0.200196,0.016023,1.333603,-0.107482,0.056587,1.075983,0.207845,0.033306,0.984524,-0.088824,0.015997
1.163582,0.057049,0.131220,1.359176,0.150757,0.132896,1.347137,-0.057821,0.143610,0.980027,0.171919,0.118830,0.967988,-0.036659,0.129545,1.187073,0.200269,0.015956,1.342310,-0.109085,0.027641,1.118061,0.205421,0.038699,0.986099,-0.089123,0.015991
1.175453,0.055798,0.127611,1.370461,0.150735,0.127905,1.359803,-0.057900,0.138971,0.991103,0.169495,0.116250,0.980446,-0.039140,0.127316,1.207024,0.198720,0.015974,1.343038,-0.109151,0.015769,1.144982,0.202670,0.030694,0.988065,-0.091018,0.015783
1.187531,0.055508,0.124028,1.382164,0.151208,0.123547,1.372333,-0.057387,0.136030,1.002728,0.168403,0.112026,0.992897,-0.040193,0.124509,1.251172,0.196562,0.016571,1.343234,-0.108788,0.015875,1.146329,0.201471,0.016034,0.990052,-0.092151,0.015730
1.199982,0.055199,0.122036,1.394632,0.150855,0.120469,1.384807,-0.057697,0.133673,1.015156,0.168094,0.110398,1.005332,-0.040458,0.123602,1.300211,0.194641,0.021701,1.344562,-0.108839,0.016052,1.147334,0.201483,0.016007,0.991698,-0.092235,0.015753
1.212318,0.054565,0.121633,1.407018,0.150106,0.119339,1.397122,-0.058449,0.132430,1.027515,0.167580,0.110836,1.017619,-0.040976,0.123927,1.342892,0.193293,0.032576,1.345937,-0.108913,0.016100,1.148516,0.201469,0.015886,0.997509,-0.092408,0.015669
1.224632,0.053570,0.122100,1.419375,0.149029,0.120111,1.409387,-0.059572,0.132382,1.039877,0.166711,0.111818,1.029890,-0.041890,0.124089,1.375333,0.192234,0.043883,1.347361,-0.109033,0.015931,1.149812,0.201381,0.015824,1.010036,-0.092897,0.015685
1.236824,0.052277,0.123008,1.431574,0.147737,0.122063,1.421550,-0.060932,0.133074,1.052098,0.165485,0.112942,1.042074,-0.043184,0.123953,1.399400,0.191175,0.052440,1.348694,-0.109190,0.015717,1.151179,0.201175,0.015981,1.026640,-0.093721,0.015702
