-0.021957,0.001595,0.325225,0.166043,0.109545,0.331851,0.169739,-0.099622,0.332204,-0.213654,0.102812,0.318246,-0.209957,-0.106356,0.318599,0.153899,0.154423,0.115870,0.150373,-0.145766,0.128084,-0.186986,0.148379,0.103991,-0.181157,-0.151634,0.122600
-0.030392,0.002537,0.308062,0.157141,0.111416,0.312303,0.161840,-0.097723,0.314070,-0.222623,0.102797,0.302054,-0.217924,-0.106343,0.303822,0.156997,0.155006,0.091036,0.176044,-0.144644,0.103841,-0.173625,0.147236,0.050559,-0.182498,-0.152833,0.088083
-0.036400,0.003225,0.285793,0.150135,0.113827,0.289387,0.156773,-0.095262,0.290837,-0.229573,0.101713,0.280748,-0.222935,-0.107377,0.282198,0.155907,0.157972,0.071190,0.171823,-0.141676,0.086463,-0.182491,0.146845,0.015942,-0.196241,-0.153608,0.050846
-0.041237,0.001484,0.263904,0.142654,0.116485,0.263960,0.154278,-0.092379,0.261704,-0.236752,0.095347,0.266104,-0.225128,-0.113517,0.263848,0.146314,0.164527,0.049547,0.146517,-0.136047,0.049917,-0.182068,0.146615,0.015911,-0.216950,-0.155930,0.017973
-0.044361,-0.001007,0.244418,0.137183,0.117082,0.232675,0.151896,-0.091496,0.226089,-0.240619,0.089481,0.262747,-0.225905,-0.119096,0.256161,0.126565,0.168497,0.024348,0.126011,-0.132363,0.018837,-0.181645,0.147019,0.016016,-0.216468,-0.156426,0.015797
-0.044365,-0.002127,0.228713,0.135967,0.116160,0.205690,0.150383,-0.092386,0.197604,-0.239112,0.088133,0.259822,-0.224696,-0.120413,0.251736,0.120513,0.168046,0.015819,0.124763,-0.132704,0.015879,-0.181923,0.147134,0.015968,-0.216133,-0.156268,0.015878
-0.041397,-0.002138,0.217753,0.138483,0.116310,0.192175,0.152906,-0.092212,0.183488,-0.235701,0.087935,0.252019,-0.221278,-0.120586,0.243332,0.120088,0.167983,0.015798,0.124442,-0.132793,0.015818,-0.181263,0.147135,0.015895,-0.215359,-0.156304,0.015987
-0.037220,-0.001894,0.209115,0.142790,0.116580,0.184595,0.157220,-0.091924,0.175519,-0.231660,0.088136,0.242712,-0.217230,-0.120368,0.233636,0.120105,0.167960,0.015795,0.124573,-0.132832,0.015795,-0.180489,0.147160,0.015705,-0.214614,-0.156317,0.016028
-0.033661,-0.001957,0.201885,0.146567,0.116526,0.179062,0.160974,-0.091951,0.169334,-0.228296,0.088037,0.234435,-0.213889,-0.120440,0.224707,0.120216,0.167931,0.015786,0.124775,-0.132893,0.015734,-0.179806,0.147206,0.015609,-0.213834,-0.156305,0.015993
-0.031162,-0.002148,0.196680,0.149129,0.116374,0.174572,0.163515,-0.092073,0.164197,-0.225840,0.087778,0.229163,-0.211454,-0.120669,0.218788,0.120289,0.167900,0.015801,0.124896,-0.132965,0.015764,-0.179352,0.147226,0.015679,-0.213298,-0.156315,0.015953
-0.028759,-0.002186,0.194859,0.151436,0.116416,0.172397,0.165849,-0.092012,0.161688,-0.223367,0.087640,0.228031,-0.208954,-0.120788,0.217322,0.120446,0.167936,0.015819,0.125065,-0.132953,0.015766,-0.179118,0.147226,0.015732,-0.213025,-0.156339,0.015894
-0.025204,-0.002052,0.197456,0.154973,0.116543,0.174819,0.169376,-0.091887,0.164146,-0.219783,0.087783,0.230767,-0.205381,-0.120648,0.220094,0.120837,0.167942,0.015855,0.125459,-0.132944,0.015808,-0.178979,0.147233,0.015702,-0.212955,-0.156332,0.015886
-0.020325,-0.001869,0.204468,0.159953,0.116673,0.182358,0.174349,-0.091768,0.171888,-0.214999,0.088030,0.237047,-0.200602,-0.120411,0.226578,0.121562,0.167999,0.015874,0.126129,-0.132871,0.015734,-0.178918,0.147255,0.015707,-0.213042,-0.156304,0.015899
-0.014576,-0.001764,0.215578,0.165880,0.116704,0.194553,0.180277,-0.091750,0.184338,-0.209429,0.088221,0.246817,-0.195032,-0.120232,0.236602,0.122497,0.168078,0.015829,0.126974,-0.132786,0.015809,-0.179054,0.147258,0.015688,-0.213378,-0.156299,0.015932
-0.007919,-0.001730,0.230282,0.172856,0.116621,0.211455,0.187253,-0.091845,0.201504,-0.203092,0.088385,0.259060,-0.188695,-0.120081,0.249109,0.123732,0.168177,0.015813,0.128058,-0.132687,0.015963,-0.179366,0.147253,0.015642,-0.213926,-0.156305,0.015966
-0.000305,-0.001678,0.246473,0.180887,0.116532,0.231082,0.195305,-0.091944,0.221377,-0.195916,0.088587,0.271569,-0.181497,-0.119889,0.261863,0.125206,0.168302,0.015996,0.130483,-0.132483,0.016191,-0.179759,0.147229,0.015599,-0.215948,-0.156443,0.016194
0.007793,-0.001598,0.260425,0.189277,0.116578,0.248633,0.203835,-0.091896,0.239090,-0.188248,0.088700,0.281760,-0.173691,-0.119775,0.272217,0.130892,0.168658,0.018201,0.138357,-0.132009,0.019154,-0.181701,0.146889,0.016901,-0.221080,-0.157126,0.019554
0.015732,-0.001469,0.269852,0.197175,0.117067,0.261549,0.212316,-0.091373,0.252164,-0.180853,0.088436,0.287539,-0.165711,-0.120004,0.278154,0.152705,0.170048,0.026220,0.155062,-0.130947,0.025590,-0.187410,0.145553,0.021520,-0.235976,-0.159617,0.031458
0.022953,-0.001369,0.274803,0.204288,0.117501,0.269464,0.219958,-0.090905,0.260191,-0.174052,0.088166,0.289415,-0.158382,-0.120240,0.280141,0.180272,0.171771,0.034561,0.175884,-0.129677,0.031744,-0.189791,0.144294,0.026725,-0.243904,-0.161758,0.043358
0.029312,-0.001314,0.275485,0.210642,0.117639,0.272205,0.226515,-0.090763,0.263190,-0.167890,0.088135,0.287780,-0.152018,-0.120267,0.278765,0.206583,0.172984,0.040305,0.198794,-0.128662,0.035780,-0.184283,0.143697,0.029142,-0.239477,-0.162671,0.050307
0.035046,-0.001280,0.271843,0.216497,0.117517,0.269892,0.232267,-0.090911,0.261291,-0.162175,0.088351,0.282396,-0.146406,-0.120076,0.273795,0.228590,0.173424,0.042716,0.219006,-0.128268,0.036766,-0.170433,0.143856,0.027653,-0.222986,-0.162263,0.050207
0.040451,-0.001251,0.263758,0.222119,0.117227,0.262937,0.237584,-0.091237,0.254680,-0.156682,0.088734,0.272836,-0.141217,-0.119730,0.264579,0.245836,0.173359,0.041722,0.234071,-0.128385,0.034436,-0.149831,0.144767,0.022522,-0.196655,-0.160708,0.043777
0.045773,-0.001244,0.251145,0.227730,0.116791,0.251773,0.242749,-0.091707,0.243535,-0.151204,0.089220,0.258754,-0.136185,-0.119278,0.250517,0.259981,0.173164,0.037991,0.245673,-0.128651,0.029721,-0.128668,0.146011,0.016663,-0.163462,-0.158280,0.033712
0.051399,-0.001364,0.234188,0.233698,0.116131,0.236034,0.248131,-0.092354,0.226533,-0.145332,0.089627,0.241844,-0.130899,-0.118858,0.232342,0.269445,0.173410,0.034180,0.256690,-0.128236,0.026164,-0.127388,0.146771,0.015913,-0.124979,-0.154425,0.021058
0.057110,-0.001938,0.213694,0.239163,0.115932,0.215827,0.253993,-0.092407,0.204013,-0.139773,0.088531,0.223376,-0.124943,-0.119808,0.211562,0.274378,0.174947,0.024126,0.268385,-0.126606,0.020362,-0.126054,0.146900,0.016093,-0.096356,-0.152332,0.016197
0.063343,-0.002052,0.198462,0.245342,0.115906,0.196657,0.259968,-0.092370,0.183545,-0.133282,0.088265,0.213379,-0.118656,-0.120011,0.200267,0.273913,0.174928,0.016159,0.267957,-0.126902,0.015830,-0.125077,0.146915,0.016076,-0.095363,-0.152417,0.015865
0.072491,-0.000889,0.191519,0.254249,0.117340,0.186324,0.268958,-0.090931,0.173238,-0.123977,0.089153,0.209799,-0.109267,-0.119118,0.196713,0.273547,0.175052,0.016090,0.268177,-0.126768,0.016134,-0.124197,0.146971,0.015938,-0.094404,-0.152353,0.015791
0.085583,0.000978,0.190473,0.267175,0.119307,0.182481,0.281887,-0.089021,0.170329,-0.110722,0.090978,0.210616,-0.096009,-0.117350,0.198464,0.274244,0.175152,0.016091,0.269245,-0.126554,0.016043,-0.123262,0.147096,0.015811,-0.093419,-0.152150,0.015774
0.101116,0.003412,0.194784,0.282609,0.121729,0.184646,0.297326,-0.086690,0.174181,-0.095094,0.093514,0.215388,-0.080376,-0.114905,0.204923,0.275517,0.175319,0.015966,0.270770,-0.126243,0.016005,-0.122458,0.147227,0.015753,-0.092627,-0.151895,0.015840
0.118687,0.006359,0.205808,0.300263,0.124526,0.195420,0.314982,-0.083995,0.187224,-0.077609,0.096713,0.224392,-0.062890,-0.111807,0.216196,0.277328,0.175557,0.015991,0.272760,-0.125844,0.016027,-0.121980,0.147380,0.015754,-0.092248,-0.151600,0.015789
0.137745,0.010103,0.224149,0.319517,0.128118,0.215616,0.334325,-0.080491,0.210363,-0.058835,0.100698,0.237935,-0.044027,-0.107911,0.232682,0.279723,0.175902,0.015825,0.275198,-0.125372,0.015951,-0.121912,0.147386,0.016033,-0.092381,-0.151467,0.016023
0.157249,0.014360,0.245145,0.339185,0.132261,0.238821,0.354045,-0.076397,0.236454,-0.039547,0.105118,0.253836,-0.024686,-0.103540,0.251469,0.282290,0.176305,0.015955,0.283840,-0.124499,0.019092,-0.121479,0.147505,0.019897,-0.093174,-0.151313,0.015894
0.175491,0.018202,0.262920,0.357513,0.136067,0.258819,0.372406,-0.072601,0.258391,-0.021423,0.109005,0.267450,-0.006531,-0.099664,0.267022,0.295061,0.177669,0.018486,0.311239,-0.122057,0.026776,-0.114937,0.148397,0.023564,-0.091422,-0.150785,0.021826
0.192390,0.021908,0.275909,0.374392,0.139843,0.273088,0.389386,-0.068816,0.274152,-0.004605,0.112631,0.277666,0.010389,-0.096028,0.278729,0.327997,0.180824,0.027114,0.344787,-0.118807,0.035123,-0.103078,0.149864,0.030692,-0.082765,-0.149534,0.034555
0.208633,0.025558,0.284504,0.390509,0.143702,0.282360,0.405745,-0.064929,0.284737,0.011521,0.116046,0.284270,0.026758,-0.092585,0.286647,0.363388,0.184480,0.035222,0.377674,-0.115317,0.042059,-0.084983,0.151746,0.036175,-0.070198,-0.147958,0.048029
0.224545,0.029181,0.288839,0.406181,0.147693,0.286855,0.421841,-0.060889,0.290442,0.027248,0.119250,0.287236,0.042908,-0.089332,0.290823,0.396353,0.188312,0.041012,0.408645,-0.111640,0.047601,-0.059988,0.153984,0.037097,-0.054378,-0.146215,0.058560
0.240185,0.032772,0.288915,0.421488,0.151789,0.286612,0.437733,-0.056724,0.291430,0.042637,0.122268,0.286400,0.058881,-0.086245,0.291219,0.426477,0.192171,0.043970,0.436356,-0.107982,0.051186,-0.028004,0.156529,0.033881,-0.034016,-0.144319,0.064586
0.255535,0.036360,0.284674,0.436457,0.155940,0.281688,0.453368,-0.052483,0.287900,0.057703,0.125202,0.281448,0.074613,-0.083220,0.287661,0.453900,0.195893,0.044080,0.458953,-0.104695,0.051508,0.010436,0.159420,0.027595,-0.007345,-0.142117,0.065311
0.270725,0.039919,0.275986,0.451292,0.160011,0.272174,0.468820,-0.048307,0.279979,0.072631,0.128145,0.271993,0.090158,-0.080173,0.279798,0.478513,0.199302,0.041526,0.476479,-0.101973,0.048632,0.054026,0.162765,0.019571,0.026893,-0.139348,0.060691
0.285824,0.043430,0.262671,0.466112,0.163916,0.258136,0.484119,-0.044283,0.267817,0.087528,0.131144,0.257525,0.105535,-0.077055,0.267206,0.500637,0.202287,0.036974,0.490765,-0.099796,0.043744,0.093682,0.166124,0.016223,0.068497,-0.135927,0.052143
0.301033,0.046741,0.244677,0.481095,0.167527,0.239214,0.499493,-0.040560,0.250436,0.102573,0.134043,0.238919,0.120971,-0.074044,0.250141,0.518151,0.205264,0.030943,0.503788,-0.097250,0.039481,0.123564,0.169577,0.016119,0.118598,-0.131249,0.040574
0.316193,0.049776,0.222064,0.495834,0.171139,0.215665,0.514957,-0.036820,0.227983,0.117429,0.136373,0.216145,0.136551,-0.071587,0.228463,0.535422,0.209175,0.024453,0.521230,-0.093272,0.037079,0.148360,0.173084,0.016014,0.170394,-0.125770,0.033054
0.331203,0.052336,0.195848,0.509623,0.175294,0.186422,0.530815,-0.032415,0.199567,0.131592,0.137086,0.192130,0.152784,-0.070622,0.205275,0.552781,0.215064,0.021932,0.547002,-0.086755,0.038153,0.155830,0.174159,0.015527,0.216828,-0.120998,0.029341
0.346149,0.055128,0.176137,0.524383,0.177780,0.160959,0.545755,-0.029714,0.176890,0.146544,0.139971,0.175384,0.167916,-0.067524,0.191315,0.552390,0.215355,0.015960,0.545936,-0.087862,0.016142,0.157852,0.174722,0.016015,0.233727,-0.120053,0.015697
0.362034,0.057518,0.166075,0.540233,0.179706,0.147204,0.561507,-0.027632,0.165169,0.162560,0.142669,0.166981,0.183834,-0.064670,0.184946,0.552909,0.215499,0.016027,0.546714,-0.087922,0.016133,0.159745,0.175138,0.015797,0.235214,-0.119920,0.015713
0.379417,0.060486,0.162971,0.557377,0.182019,0.138452,0.578634,-0.025144,0.158356,0.180201,0.146116,0.167586,0.201458,-0.061047,0.187490,0.554302,0.215807,0.015705,0.548115,-0.087826,0.016251,0.161305,0.175475,0.015635,0.236661,-0.119816,0.015919
0.397717,0.064783,0.165779,0.575310,0.185372,0.134793,0.596525,-0.021512,0.157455,0.198908,0.151079,0.174103,0.220123,-0.055806,0.196765,0.556123,0.216313,0.015660,0.549811,-0.087728,0.016257,0.162455,0.175917,0.015411,0.237726,-0.119746,0.016123
0.417213,0.070038,0.175364,0.594619,0.189853,0.140540,0.615769,-0.016723,0.165915,0.218657,0.156798,0.184813,0.239808,-0.049777,0.210188,0.558328,0.216867,0.016004,0.551729,-0.087733,0.015912,0.163088,0.176320,0.015349,0.238375,-0.119777,0.016224
0.438122,0.076195,0.192896,0.615720,0.195688,0.157949,0.636729,-0.010639,0.185384,0.239515,0.163028,0.200408,0.260523,-0.043298,0.227844,0.560763,0.217320,0.016150,0.553976,-0.087650,0.016152,0.163050,0.176739,0.015506,0.238447,-0.119769,0.016219
0.459946,0.082975,0.216840,0.637894,0.202537,0.183965,0.658750,-0.003632,0.212677,0.261142,0.169582,0.221003,0.281998,-0.036586,0.249715,0.563268,0.217708,0.015957,0.560769,-0.086689,0.018601,0.163483,0.177486,0.017536,0.237755,-0.119706,0.016158
0.481880,0.088800,0.242607,0.660482,0.208701,0.214921,0.680843,0.002463,0.243483,0.282917,0.175138,0.241731,0.303279,-0.031100,0.270293,0.565865,0.217927,0.016094,0.584358,-0.083089,0.027410,0.165049,0.179419,0.023769,0.236227,-0.118750,0.018090
0.502342,0.093288,0.265160,0.681910,0.213074,0.243994,0.701040,0.006561,0.271398,0.303645,0.180016,0.258922,0.322775,-0.026498,0.286326,0.584943,0.220396,0.019898,0.624108,-0.077104,0.041575,0.173918,0.184001,0.032551,0.238435,-0.114340,0.030196
0.521156,0.097570,0.283085,0.701363,0.217143,0.266676,0.719512,0.010433,0.293256,0.322801,0.184708,0.272914,0.340950,-0.022002,0.299494,0.627485,0.226102,0.029077,0.670097,-0.070626,0.054322,0.189913,0.189719,0.044903,0.247959,-0.108623,0.047058
0.539299,0.101778,0.296676,0.720018,0.221020,0.283904,0.737262,0.014155,0.309870,0.341336,0.189401,0.283483,0.358580,-0.017464,0.309448,0.670773,0.232134,0.038966,0.716416,-0.064180,0.065807,0.212290,0.195689,0.053103,0.261633,-0.102566,0.062015
0.557213,0.105921,0.305944,0.738283,0.224907,0.296085,0.754839,0.017896,0.321329,0.359586,0.193945,0.290559,0.376143,-0.013065,0.315803,0.711291,0.238449,0.048189,0.758913,-0.057530,0.076782,0.241010,0.201702,0.055286,0.278278,-0.096432,0.072996
0.574963,0.110012,0.310936,0.756220,0.228889,0.303492,0.772351,0.021745,0.327907,0.377574,0.198279,0.293965,0.393706,-0.008864,0.318381,0.749279,0.245041,0.055686,0.795019,-0.050962,0.085501,0.276185,0.207802,0.052315,0.298713,-0.090315,0.079534
0.592556,0.114058,0.311640,0.773862,0.232971,0.306275,0.789797,0.025723,0.329917,0.395315,0.202392,0.293363,0.411250,-0.004856,0.317005,0.785111,0.251762,0.061244,0.823420,-0.044955,0.089860,0.317907,0.214043,0.045498,0.323855,-0.084290,0.081753
0.609985,0.118084,0.307962,0.791248,0.237135,0.304513,0.807130,0.029816,0.327557,0.412841,0.206352,0.288368,0.428723,-0.000967,0.311412,0.818747,0.258447,0.064689,0.844436,-0.039658,0.089421,0.366094,0.220643,0.036546,0.354764,-0.078221,0.079961
0.627327,0.122072,0.299762,0.808546,0.241231,0.298322,0.824331,0.033858,0.320946,0.430323,0.210287,0.278577,0.446108,0.002914,0.301202,0.849442,0.264812,0.065677,0.859686,-0.034999,0.085412,0.419432,0.227869,0.027079,0.392404,-0.071763,0.074453
0.644718,0.125999,0.286877,0.825979,0.245099,0.287901,0.841426,0.037666,0.310204,0.448010,0.214333,0.263550,0.463458,0.006900,0.285852,0.876804,0.270673,0.064227,0.871409,-0.030781,0.079142,0.475271,0.235928,0.019190,0.436717,-0.064546,0.066189
0.662323,0.129854,0.269218,0.843721,0.248673,0.273455,0.858496,0.041165,0.295515,0.466150,0.218544,0.242920,0.480925,0.011036,0.264981,0.901497,0.275988,0.060699,0.882713,-0.026695,0.071987,0.524421,0.244429,0.016373,0.485882,-0.056555,0.056881
0.680378,0.133402,0.247054,0.861840,0.251952,0.254710,0.875925,0.044389,0.276706,0.484831,0.222415,0.217401,0.498916,0.014852,0.239398,0.923746,0.280835,0.055363,0.897275,-0.022226,0.066707,0.554305,0.251596,0.016019,0.536625,-0.048528,0.049445
0.698769,0.136244,0.220764,0.879710,0.255476,0.229980,0.894215,0.048116,0.253557,0.503322,0.224372,0.187971,0.517827,0.017011,0.211548,0.943262,0.285371,0.050524,0.918700,-0.017228,0.067064,0.564774,0.254935,0.015684,0.584631,-0.042908,0.046737
0.717571,0.137915,0.194722,0.896909,0.259760,0.200461,0.914710,0.052800,0.225265,0.520432,0.223030,0.164179,0.538234,0.016070,0.188984,0.946659,0.289256,0.027546,0.930703,-0.014171,0.038334,0.566741,0.255139,0.015531,0.627591,-0.040746,0.034135
0.737083,0.139368,0.173422,0.916519,0.261173,0.170654,0.935239,0.054556,0.197554,0.538928,0.224180,0.149291,0.557648,0.017563,0.176190,0.944259,0.289568,0.015986,0.923749,-0.016113,0.016213,0.569032,0.255580,0.016054,0.645464,-0.041323,0.016240
0.756428,0.140856,0.161822,0.936193,0.261819,0.152153,0.954886,0.055421,0.180696,0.557969,0.226291,0.142949,0.576663,0.019892,0.171491,0.944768,0.289816,0.015868,0.924667,-0.016109,0.016360,0.571360,0.255970,0.015672,0.647265,-0.041321,0.015724
0.775620,0.142906,0.158409,0.955510,0.262900,0.141613,0.974207,0.056648,0.171201,0.577032,0.229164,0.145618,0.595729,0.022913,0.175206,0.946298,0.290079,0.015547,0.926203,-0.016046,0.016152,0.573442,0.256298,0.015685,0.648912,-0.041266,0.015579
0.794724,0.146519,0.161647,0.974579,0.265384,0.137893,0.993200,0.059407,0.169383,0.596247,0.233630,0.153911,0.614868,0.027654,0.185402,0.948227,0.290501,0.015828,0.927884,-0.016131,0.015854,0.575007,0.256676,0.015272,0.650206,-0.041214,0.015984
0.814510,0.151266,0.172281,0.994245,0.269268,0.143784,1.012822,0.063567,0.177051,0.616199,0.238965,0.167511,0.634776,0.033264,0.200778,0.950358,0.290864,0.016009,0.929789,-0.016172,0.016176,0.575855,0.256937,0.015352,0.651048,-0.041337,0.016223
0.835320,0.157248,0.190823,1.015034,0.275014,0.161241,1.033616,0.069528,0.195807,0.637023,0.244967,0.185838,0.655605,0.039481,0.220404,0.952567,0.291202,0.015989,0.931907,-0.016175,0.016079,0.576067,0.257100,0.015661,0.651274,-0.041544,0.016132
0.856949,0.163675,0.214820,1.036732,0.281488,0.185853,1.055265,0.076062,0.220801,0.658632,0.251288,0.208839,0.677165,0.045862,0.243787,0.954885,0.291496,0.016015,0.946677,-0.014018,0.020955,0.575999,0.257617,0.017797,0.650853,-0.041538,0.016062
0.878986,0.169279,0.240564,1.058945,0.287675,0.215297,1.077391,0.082125,0.249552,0.680581,0.256433,0.231576,0.699028,0.050883,0.265831,0.957331,0.291620,0.016118,0.978827,-0.009272,0.031766,0.575688,0.258502,0.022909,0.649301,-0.041177,0.017768
0.899769,0.173687,0.263009,1.080136,0.292444,0.242864,1.098006,0.086610,0.275694,0.701532,0.260764,0.250323,0.719402,0.054930,0.283154,0.976302,0.293986,0.019436,1.023533,-0.002615,0.046437,0.582342,0.261600,0.030828,0.651254,-0.037687,0.029187
0.919033,0.177891,0.280743,1.099586,0.296918,0.264177,1.117125,0.090908,0.296066,0.720941,0.264874,0.265420,0.738480,0.058864,0.297309,1.019398,0.299685,0.027995,1.071297,0.004112,0.058715,0.595854,0.265892,0.042628,0.659829,-0.032894,0.045951
0.937675,0.181992,0.294099,1.118313,0.301228,0.280179,1.135645,0.095088,0.311327,0.739706,0.268896,0.276870,0.757038,0.062755,0.308018,1.062932,0.305983,0.037209,1.117720,0.010876,0.069237,0.615844,0.270471,0.050962,0.671529,-0.027725,0.062051
0.956097,0.186012,0.303120,1.136669,0.305562,0.291183,1.154047,0.099303,0.321511,0.758146,0.272722,0.284729,0.775524,0.066462,0.315057,1.102805,0.312684,0.045510,1.159515,0.017971,0.078752,0.642381,0.275100,0.053721,0.685982,-0.022543,0.074553
0.974346,0.189957,0.307870,1.154708,0.309963,0.297420,1.172396,0.103599,0.326843,0.776297,0.276314,0.288896,0.793984,0.069950,0.318319,1.139409,0.319688,0.051674,1.194956,0.025109,0.085930,0.675343,0.279906,0.051626,0.704516,-0.017419,0.082476
0.992428,0.193842,0.308357,1.172457,0.314439,0.299027,1.190676,0.108003,0.327608,0.794180,0.279681,0.289106,0.812399,0.073245,0.317687,1.173756,0.326901,0.055539,1.223194,0.031775,0.088968,0.714580,0.285022,0.045755,0.728071,-0.012366,0.085767
1.010334,0.197674,0.304505,1.189940,0.318965,0.296072,1.208846,0.112500,0.323987,0.811822,0.282848,0.285023,0.830728,0.076382,0.312938,1.206195,0.334205,0.057168,1.244543,0.037740,0.087480,0.759903,0.290676,0.037471,0.757361,-0.007236,0.084777
1.028126,0.201450,0.296187,1.207305,0.323429,0.288633,1.226890,0.116965,0.316085,0.829361,0.285936,0.276289,0.848946,0.079472,0.303741,1.236152,0.341351,0.056492,1.260415,0.043037,0.082524,0.810177,0.297173,0.028133,0.793261,-0.001659,0.079646
1.045910,0.205151,0.283231,1.224751,0.327690,0.276815,1.244829,0.121236,0.303982,0.846991,0.289065,0.262480,0.867069,0.082611,0.289647,1.263261,0.348150,0.053852,1.272841,0.047822,0.075365,0.863387,0.304777,0.019773,0.836114,0.004788,0.071101
1.063820,0.208744,0.265515,1.242448,0.331669,0.260768,1.262735,0.125220,0.287823,0.864905,0.292268,0.243207,0.885192,0.085819,0.270262,1.288047,0.354554,0.049761,1.284712,0.052440,0.067411,0.911251,0.313146,0.016328,0.884578,0.012255,0.060808
1.082047,0.212124,0.243181,1.260520,0.335337,0.240543,1.280844,0.128878,0.267491,0.883249,0.295370,0.218872,0.903573,0.088911,0.245820,1.311117,0.360775,0.044441,1.299899,0.057783,0.061267,0.945161,0.321025,0.015898,0.935893,0.020604,0.050951
1.100540,0.215046,0.216504,1.278534,0.338971,0.215043,1.299443,0.132689,0.242885,0.901637,0.297403,0.190123,0.922547,0.091121,0.217966,1.333428,0.367192,0.041407,1.322863,0.064327,0.060314,0.962146,0.326159,0.016233,0.986215,0.028067,0.044487
1.119858,0.216841,0.190132,1.296154,0.343086,0.185334,1.320158,0.137348,0.214662,0.919557,0.296334,0.165601,0.943562,0.090595,0.194929,1.336573,0.369885,0.016043,1.334068,0.065857,0.025962,0.964238,0.326361,0.015476,1.031639,0.031171,0.030171
1.139839,0.217602,0.169822,1.316309,0.343238,0.159100,1.340479,0.137761,0.190078,0.939199,0.297442,0.149566,0.963369,0.091965,0.180544,1.336246,0.370273,0.015935,1.335370,0.064668,0.016171,0.966640,0.326775,0.015788,1.045865,0.030613,0.016166
1.159229,0.219011,0.159611,1.335863,0.343714,0.142560,1.360025,0.138378,0.174465,0.958434,0.299644,0.144757,0.982595,0.094308,0.176661,1.337172,0.370487,0.015855,1.336318,0.064701,0.016251,0.968899,0.327124,0.015668,1.047667,0.030636,0.015607
1.178165,0.221584,0.157378,1.354727,0.345089,0.132600,1.378925,0.139903,0.165435,0.977406,0.303265,0.149320,1.001604,0.098080,0.182155,1.338855,0.370828,0.015566,1.337733,0.064828,0.016219,0.970838,0.327442,0.015665,1.049168,0.030717,0.015724
1.197102,0.225800,0.161652,1.373494,0.348034,0.130258,1.397591,0.143126,0.164851,0.996612,0.308473,0.158453,1.020709,0.103565,0.193046,1.340916,0.371293,0.015867,1.339391,0.064750,0.016002,0.972227,0.327833,0.015259,1.050329,0.030777,0.016118
1.216877,0.231058,0.173135,1.393138,0.352534,0.138253,1.417168,0.147851,0.174200,1.016586,0.314265,0.172070,1.040616,0.109582,0.208016,1.343043,0.371644,0.016045,1.341354,0.064734,0.016113,0.973009,0.328075,0.015327,1.050966,0.030655,0.016186
1.237675,0.237722,0.192433,1.414010,0.359238,0.158067,1.438036,0.154713,0.194905,1.037314,0.320731,0.189960,1.061339,0.116207,0.226799,1.345373,0.372065,0.015940,1.343554,0.064914,0.016069,0.973431,0.328316,0.015628,1.051075,0.030572,0.016156
1.259159,0.245024,0.216898,1.435679,0.366790,0.184417,1.459605,0.162316,0.221599,1.058713,0.327732,0.212197,1.082640,0.123258,0.249379,1.347605,0.372385,0.016142,1.359094,0.067748,0.021941,0.973691,0.328956,0.017923,1.050488,0.030561,0.016023
1.280872,0.251333,0.242631,1.457779,0.373690,0.214811,1.481355,0.169018,0.251120,1.080390,0.333648,0.234142,1.103965,0.128977,0.270452,1.350026,0.372484,0.016119,1.391394,0.073622,0.033663,0.970413,0.330559,0.026275,1.049021,0.031610,0.019151
1.301041,0.256475,0.264797,1.478423,0.379191,0.242047,1.501352,0.174218,0.277045,1.100729,0.338733,0.252549,1.123658,0.133760,0.287548,1.371561,0.375708,0.019987,1.435319,0.081408,0.048424,0.975222,0.334256,0.036879,1.052376,0.035828,0.032369
1.319801,0.261400,0.282360,1.497371,0.384447,0.263134,1.519995,0.179295,0.297273,1.119608,0.343505,0.267447,1.142232,0.138353,0.301585,1.415246,0.382616,0.028038,1.480920,0.089245,0.060538,0.987633,0.339106,0.049958,1.061409,0.041134,0.049436
1.338055,0.266222,0.295531,1.515680,0.389564,0.278886,1.538166,0.184286,0.312352,1.137943,0.348158,0.278710,1.160429,0.142880,0.312176,1.457839,0.390101,0.036927,1.524736,0.097168,0.071114,1.006772,0.344201,0.058460,1.072987,0.046729,0.065260
1.356133,0.270960,0.304379,1.533665,0.394678,0.289636,1.556253,0.189292,0.322366,1.156012,0.352628,0.286392,1.178600,0.147242,0.319123,1.496066,0.397821,0.044808,1.564000,0.105313,0.080541,1.032467,0.349405,0.060935,1.087525,0.052379,0.077203
1.374039,0.275612,0.308974,1.551342,0.399815,0.295622,1.574266,0.194342,0.327556,1.173811,0.356882,0.290392,1.196736,0.151409,0.322326,1.530768,0.405695,0.050480,1.597071,0.113286,0.087391,1.064467,0.354888,0.058310,1.106363,0.058095,0.084539
1.391762,0.280210,0.309321,1.568719,0.405011,0.296983,1.592183,0.199487,0.328189,1.191340,0.360934,0.290453,1.214805,0.155410,0.321659,1.563146,0.413714,0.053801,1.623302,0.120621,0.090064,1.102703,0.360829,0.051715,1.130213,0.063924,0.087426
1.409264,0.284744,0.305346,1.585772,0.410253,0.293793,1.609948,0.204726,0.324428,1.208580,0.364763,0.286264,1.232755,0.159235,0.316899,1.593910,0.421856,0.054843,1.643161,0.127170,0.088272,1.147290,0.367458,0.042349,1.159371,0.069996,0.086481
1.426609,0.289209,0.296916,1.602637,0.415458,0.286106,1.627564,0.209965,0.316372,1.225654,0.368454,0.277460,1.250582,0.162961,0.307726,1.622888,0.429954,0.053695,1.658153,0.133059,0.083173,1.197400,0.375096,0.031672,1.194508,0.076631,0.081916
1.443886,0.293575,0.283852,1.619501,0.420473,0.273981,1.645038,0.215035,0.304107,1.242733,0.372116,0.263597,1.268271,0.166677,0.293722,1.649780,0.437801,0.050858,1.670199,0.138434,0.076021,1.251081,0.384002,0.021958,1.236269,0.084196,0.073993
1.461243,0.297827,0.266019,1.636587,0.425204,0.257626,1.662445,0.219801,0.287718,1.260040,0.375852,0.244321,1.285898,0.170449,0.274413,1.674903,0.445443,0.046883,1.681909,0.143787,0.068105,1.303731,0.394114,0.015459,1.283824,0.093072,0.064004
1.478912,0.301723,0.243902,1.653859,0.429715,0.236631,1.680224,0.224449,0.267212,1.277601,0.378998,0.220592,1.303966,0.173732,0.251173,1.699198,0.452836,0.041813,1.697053,0.149631,0.061427,1.329805,0.401484,0.015598,1.333872,0.101953,0.054512
1.496738,0.304850,0.217825,1.670515,0.434346,0.209258,1.698763,0.229599,0.241589,1.294714,0.380100,0.194061,1.322962,0.175353,0.226391,1.719600,0.460352,0.036974,1.719521,0.157557,0.061304,1.337841,0.404242,0.015177,1.383435,0.109266,0.049122
1.515064,0.307039,0.192173,1.686935,0.438444,0.176866,1.718598,0.234457,0.210795,1.311530,0.379622,0.173551,1.343193,0.175634,0.207480,1.720689,0.463507,0.015814,1.734023,0.160401,0.031404,1.339935,0.404533,0.016576,1.427013,0.113294,0.034694
1.534054,0.308016,0.172437,1.706284,0.438144,0.151345,1.737546,0.234331,0.186671,1.330561,0.381700,0.158203,1.361824,0.177888,0.193529,1.720572,0.463571,0.016251,1.738608,0.158253,0.015956,1.342243,0.405437,0.015660,1.443619,0.113021,0.016047
1.552624,0.310236,0.161867,1.724817,0.439332,0.134939,1.756097,0.235805,0.171859,1.349151,0.384667,0.151875,1.380431,0.181140,0.188795,1.721619,0.463924,0.015685,1.739571,0.158295,0.016112,1.344487,0.405936,0.015545,1.445344,0.112999,0.015697
1.570786,0.313803,0.160328,1.742744,0.441461,0.126054,1.774031,0.238201,0.164411,1.367540,0.389404,0.156244,1.398827,0.186145,0.194602,1.723369,0.464391,0.015482,1.740993,0.158379,0.016255,1.346100,0.406277,0.015261,1.446646,0.112973,0.015737
1.589520,0.318842,0.167061,1.761148,0.445098,0.126511,1.792360,0.242057,0.166068,1.386679,0.395627,0.168054,1.417891,0.192586,0.207611,1.725522,0.464891,0.015849,1.742696,0.158370,0.016067,1.347030,0.406600,0.015292,1.447555,0.112986,0.015994
1.609581,0.325470,0.181838,1.781088,0.451111,0.138935,1.812238,0.248234,0.179376,1.406924,0.402706,0.184301,1.438074,0.199829,0.224742,1.727689,0.465269,0.015979,1.744849,0.158462,0.016038,1.347209,0.406728,0.015365,1.447960,0.112889,0.016097
1.630749,0.333784,0.203832,1.802446,0.459545,0.162052,1.833505,0.256773,0.203085,1.427993,0.410795,0.204579,1.459052,0.208024,0.245612,1.730054,0.465762,0.015850,1.747254,0.158835,0.016111,1.347744,0.407275,0.016204,1.447709,0.112905,0.015874
1.652573,0.342306,0.229255,1.824637,0.468568,0.190618,1.855494,0.265767,0.231653,1.449651,0.418846,0.226858,1.480508,0.216044,0.267893,1.732365,0.466126,0.016226,1.764351,0.163138,0.024691,1.347748,0.408478,0.020542,1.446567,0.113055,0.016140
1.673943,0.349031,0.253774,1.847145,0.475882,0.222935,1.876725,0.272565,0.262327,1.471160,0.425498,0.245220,1.500740,0.222181,0.284612,1.734864,0.466235,0.016087,1.798453,0.171323,0.039928,1.352641,0.412752,0.027065,1.442478,0.116461,0.024079
1.693256,0.354891,0.274065,1.867286,0.481980,0.249500,1.895703,0.278281,0.287762,1.490810,0.431501,0.260368,1.519227,0.227802,0.298630,1.773396,0.473061,0.023249,1.846224,0.181279,0.056594,1.365694,0.418917,0.037796,1.445172,0.122533,0.041698
1.711372,0.360605,0.290065,1.885996,0.487711,0.270275,1.913404,0.283764,0.307945,1.509340,0.437446,0.272185,1.536748,0.233499,0.309855,1.822074,0.481762,0.032163,1.894394,0.190561,0.069575,1.385450,0.426065,0.048299,1.455592,0.129419,0.057811
1.729141,0.366211,0.301630,1.904222,0.493215,0.285568,1.930741,0.289068,0.322790,1.527542,0.443354,0.280470,1.554061,0.239207,0.317692,1.867041,0.490593,0.042234,1.939588,0.199781,0.082231,1.411854,0.433356,0.052617,1.470327,0.136583,0.069949
1.746769,0.371735,0.308832,1.922147,0.498679,0.295829,1.947991,0.294360,0.332577,1.545547,0.449110,0.285087,1.571391,0.244791,0.321835,1.907424,0.499364,0.051258,1.978059,0.208571,0.093183,1.444969,0.440860,0.051213,1.489748,0.143913,0.077111
1.764271,0.377193,0.311698,1.939793,0.504182,0.301357,1.965182,0.299731,0.337687,1.563360,0.454656,0.285709,1.588748,0.250205,0.322039,1.944245,0.508081,0.058472,2.007914,0.216287,0.099947,1.484754,0.448714,0.045486,1.514349,0.151423,0.079838
1.781631,0.382589,0.310175,1.957158,0.509749,0.302304,1.982281,0.305217,0.338361,1.580982,0.459962,0.281989,1.606105,0.255430,0.318045,1.978552,0.516802,0.063703,2.029712,0.222842,0.101737,1.531597,0.457172,0.036874,1.544276,0.159255,0.079274
