-0.003860,0.011429,0.353174,0.183863,0.120049,0.354758,0.188327,-0.089059,0.350471,-0.196048,0.111917,0.355877,-0.191584,-0.097192,0.351591,0.154181,0.168612,0.172954,0.180843,-0.130914,0.166300,-0.185026,0.161437,0.169771,-0.194550,-0.139280,0.183513
-0.005112,0.017223,0.346390,0.181845,0.127127,0.349504,0.187779,-0.081907,0.343644,-0.198002,0.116354,0.349136,-0.192068,-0.092680,0.343276,0.184773,0.176732,0.205531,0.150147,-0.123002,0.148908,-0.205503,0.167435,0.141934,-0.210760,-0.134422,0.190800
-0.006462,0.023170,0.334978,0.180230,0.133473,0.339504,0.186658,-0.075536,0.333319,-0.199582,0.121877,0.336637,-0.193154,-0.087132,0.330451,0.187059,0.183004,0.210121,0.117172,-0.117302,0.135231,-0.224251,0.172999,0.120751,-0.210476,-0.128480,0.172442
-0.008675,0.029057,0.319943,0.177701,0.139797,0.326398,0.184694,-0.069177,0.319639,-0.202043,0.127290,0.320247,-0.195051,-0.081684,0.313487,0.188272,0.189902,0.194943,0.085542,-0.111504,0.119012,-0.235148,0.178864,0.098194,-0.199416,-0.121700,0.139462
-0.011551,0.035015,0.301631,0.174302,0.146512,0.309881,0.182202,-0.062440,0.303462,-0.205304,0.132470,0.299800,-0.197404,-0.076482,0.293382,0.191036,0.197062,0.166232,0.066013,-0.106033,0.098259,-0.239079,0.183657,0.073223,-0.189630,-0.115865,0.103680
-0.014526,0.041119,0.279942,0.170671,0.153607,0.289390,0.179673,-0.055346,0.284667,-0.208726,0.137583,0.275217,-0.199724,-0.071370,0.270494,0.192695,0.203707,0.128047,0.059777,-0.101216,0.072386,-0.239506,0.186997,0.043537,-0.189621,-0.111842,0.067153
-0.017311,0.047359,0.254706,0.167082,0.161107,0.264796,0.177402,-0.047830,0.262876,-0.212025,0.142549,0.246536,-0.201705,-0.066388,0.244616,0.190330,0.209450,0.081136,0.062764,-0.096978,0.042861,-0.237590,0.188912,0.016009,-0.199536,-0.109774,0.025452
-0.016411,0.053261,0.232187,0.167428,0.168268,0.236407,0.179016,-0.040601,0.238483,-0.211837,0.147122,0.225891,-0.200250,-0.061746,0.227967,0.170229,0.211809,0.021435,0.049512,-0.095521,0.015789,-0.236071,0.189213,0.015899,-0.199041,-0.109308,0.016059
-0.008781,0.059238,0.217948,0.175163,0.174123,0.215290,0.186686,-0.034625,0.222802,-0.204248,0.153101,0.213094,-0.192726,-0.055646,0.220607,0.169772,0.212204,0.016071,0.049574,-0.095188,0.015893,-0.234708,0.189869,0.015813,-0.198156,-0.108859,0.015958
0.003532,0.062756,0.210933,0.187504,0.177483,0.205193,0.198987,-0.031128,0.215864,-0.191923,0.156640,0.206002,-0.180440,-0.051972,0.216674,0.170157,0.212432,0.016063,0.056368,-0.094724,0.017108,-0.233433,0.190200,0.015745,-0.197167,-0.108737,0.015992
0.018288,0.064754,0.207634,0.202282,0.179374,0.200592,0.213724,-0.029164,0.212663,-0.177148,0.158673,0.202606,-0.165707,-0.049865,0.214677,0.171152,0.212583,0.016120,0.071107,-0.093869,0.017674,-0.232295,0.190423,0.015703,-0.196107,-0.108632,0.015915
0.033752,0.066849,0.205294,0.217794,0.181343,0.197489,0.229150,-0.027114,0.210950,-0.161645,0.160812,0.199638,-0.150289,-0.047645,0.213099,0.172374,0.212760,0.015985,0.095171,-0.092312,0.020674,-0.222620,0.191535,0.020513,-0.195135,-0.108438,0.015845
0.049545,0.069263,0.203626,0.233633,0.183642,0.195227,0.244906,-0.024702,0.210401,-0.145815,0.163229,0.196851,-0.134542,-0.045115,0.212026,0.173726,0.212974,0.015861,0.125067,-0.090293,0.025459,-0.200710,0.193824,0.031110,-0.194267,-0.108278,0.015769
0.065453,0.071552,0.202763,0.249589,0.185843,0.194250,0.260771,-0.022387,0.210980,-0.129865,0.165491,0.194545,-0.118684,-0.042739,0.211275,0.175112,0.213158,0.015674,0.160054,-0.088039,0.029485,-0.170212,0.196508,0.039236,-0.193530,-0.108139,0.015628
0.081291,0.073318,0.202593,0.265464,0.187595,0.194682,0.276566,-0.020556,0.212412,-0.113984,0.167193,0.192774,-0.102881,-0.040958,0.210504,0.176492,0.213302,0.015929,0.200569,-0.085671,0.031828,-0.134745,0.198797,0.040531,-0.192908,-0.108036,0.015660
0.097221,0.074306,0.203054,0.281389,0.188675,0.196468,0.292466,-0.019465,0.214345,-0.098023,0.168078,0.191763,-0.086946,-0.040062,0.209640,0.177896,0.213353,0.016049,0.245128,-0.083191,0.033583,-0.093942,0.200512,0.034991,-0.192345,-0.108014,0.015658
0.113373,0.074326,0.203828,0.297486,0.188879,0.199260,0.308606,-0.019341,0.216150,-0.081860,0.167992,0.191506,-0.070741,-0.040228,0.208397,0.179293,0.213364,0.015987,0.288555,-0.080819,0.034404,-0.044529,0.202235,0.026132,-0.191676,-0.107982,0.015689
0.129784,0.073261,0.203988,0.314024,0.187676,0.201570,0.324867,-0.020727,0.216236,-0.065299,0.167250,0.191741,-0.054457,-0.041154,0.206406,0.180823,0.213299,0.015819,0.320195,-0.079787,0.028756,0.010677,0.204860,0.021699,-0.188965,-0.107196,0.015688
0.146065,0.071842,0.201362,0.330815,0.185422,0.198528,0.340802,-0.023176,0.210853,-0.048673,0.166860,0.191872,-0.038686,-0.041738,0.204196,0.183422,0.213160,0.015950,0.323918,-0.081070,0.016120,0.058119,0.207559,0.022703,-0.175851,-0.105023,0.015701
0.161674,0.071651,0.197102,0.346552,0.184985,0.192982,0.356356,-0.023670,0.204460,-0.033007,0.166973,0.189743,-0.023203,-0.041682,0.201221,0.204724,0.214683,0.025604,0.324840,-0.081084,0.016044,0.079496,0.208268,0.015947,-0.147670,-0.103303,0.015708
0.176765,0.071301,0.194232,0.361672,0.184591,0.190229,0.371430,-0.024117,0.200735,-0.017899,0.166718,0.187728,-0.008141,-0.041990,0.198234,0.236534,0.216298,0.031304,0.325937,-0.081105,0.015893,0.080839,0.208247,0.015987,-0.109835,-0.101493,0.015660
0.191856,0.070057,0.192650,0.376814,0.183295,0.189626,0.386480,-0.025510,0.198104,-0.002767,0.165624,0.187196,0.006899,-0.043181,0.195673,0.270345,0.217694,0.036720,0.327143,-0.081198,0.015720,0.082252,0.208144,0.015979,-0.069105,-0.099462,0.017673
0.207199,0.068390,0.191237,0.392262,0.181489,0.190067,0.401725,-0.027413,0.195993,0.012673,0.164193,0.186482,0.022136,-0.044709,0.192408,0.297387,0.218505,0.041981,0.328369,-0.081362,0.015821,0.083717,0.208082,0.015727,-0.030786,-0.097481,0.021105
0.222725,0.066845,0.189958,0.407848,0.179849,0.190765,0.417185,-0.029114,0.194242,0.028265,0.162804,0.185673,0.037602,-0.046159,0.189151,0.321016,0.219070,0.046547,0.329656,-0.081495,0.015849,0.085213,0.208021,0.015716,0.000466,-0.096028,0.026457
0.238205,0.065750,0.189048,0.423370,0.178661,0.191496,0.432613,-0.030329,0.193000,0.043797,0.161829,0.185097,0.053040,-0.047161,0.186600,0.344649,0.219661,0.050515,0.330947,-0.081594,0.015947,0.086637,0.208002,0.015930,0.025403,-0.094981,0.033368
0.253601,0.065163,0.188787,0.438776,0.178020,0.192598,0.447979,-0.030977,0.192715,0.059223,0.161303,0.184858,0.068426,-0.047695,0.184976,0.373427,0.220558,0.053128,0.332297,-0.081665,0.015887,0.087962,0.207967,0.015977,0.048244,-0.094159,0.041013
0.269058,0.065022,0.189020,0.454247,0.177814,0.193908,0.463400,-0.031184,0.193122,0.074716,0.161227,0.184918,0.083869,-0.047771,0.184133,0.408406,0.221824,0.054875,0.333662,-0.081693,0.015839,0.089348,0.207997,0.015865,0.073928,-0.093185,0.046869
0.284592,0.065357,0.189291,0.469793,0.178100,0.194828,0.478903,-0.030898,0.193685,0.090281,0.161613,0.184897,0.099390,-0.047386,0.183754,0.445667,0.223309,0.054701,0.335052,-0.081690,0.015946,0.090691,0.208049,0.015878,0.105740,-0.091857,0.047302
0.300407,0.066463,0.189152,0.485600,0.179219,0.194718,0.494712,-0.029781,0.194025,0.106103,0.162708,0.184279,0.115215,-0.046292,0.183587,0.479689,0.224943,0.047456,0.336482,-0.081583,0.015990,0.092017,0.208146,0.015812,0.145005,-0.090019,0.042522
0.316780,0.068554,0.188221,0.501993,0.181331,0.192550,0.511089,-0.027669,0.193347,0.122471,0.164777,0.183095,0.131568,-0.044224,0.183892,0.505179,0.226339,0.028684,0.337941,-0.081375,0.015882,0.093364,0.208366,0.015832,0.188280,-0.087802,0.038827
0.333527,0.070900,0.186706,0.518728,0.183771,0.188089,0.527917,-0.025210,0.190742,0.139136,0.167010,0.182670,0.148326,-0.041971,0.185323,0.507405,0.226584,0.015869,0.339456,-0.081217,0.015734,0.094590,0.208431,0.015864,0.228581,-0.085834,0.036080
0.349754,0.071774,0.186238,0.535101,0.184413,0.186533,0.544045,-0.024580,0.189154,0.155464,0.168127,0.183322,0.164407,-0.040865,0.185942,0.508691,0.226639,0.015990,0.353288,-0.080412,0.015745,0.096174,0.208985,0.015854,0.255542,-0.084513,0.022267
0.365211,0.072624,0.186712,0.550602,0.185186,0.185521,0.559479,-0.023807,0.188283,0.170944,0.169055,0.185142,0.179821,-0.039938,0.187904,0.510099,0.226720,0.015996,0.380225,-0.079196,0.015824,0.107285,0.209608,0.015838,0.257114,-0.084426,0.015763
0.380280,0.073997,0.187651,0.565704,0.186487,0.185385,0.574517,-0.022498,0.188912,0.186042,0.170493,0.186390,0.194855,-0.038492,0.189917,0.511442,0.226835,0.015876,0.407141,-0.077832,0.024280,0.129816,0.210861,0.022962,0.258363,-0.084251,0.015655
0.395370,0.075714,0.188823,0.580797,0.188195,0.186338,0.589607,-0.020766,0.191047,0.201134,0.172194,0.186599,0.209944,-0.036767,0.191308,0.512865,0.226989,0.015784,0.439597,-0.076168,0.032414,0.157590,0.212354,0.031019,0.259663,-0.084127,0.015856
0.410408,0.077694,0.189951,0.595818,0.190204,0.187533,0.604655,-0.018718,0.193723,0.216162,0.174106,0.186179,0.224998,-0.034816,0.192369,0.514197,0.227175,0.015824,0.478712,-0.074176,0.037747,0.186166,0.213989,0.039070,0.260889,-0.084036,0.015909
0.425583,0.079479,0.190780,0.611010,0.191963,0.188456,0.619805,-0.016920,0.195904,0.231361,0.175878,0.185656,0.240156,-0.033004,0.193104,0.515587,0.227312,0.015931,0.513887,-0.072291,0.044690,0.214208,0.215681,0.045605,0.262127,-0.083918,0.015881
0.440872,0.080917,0.191720,0.626289,0.193423,0.189601,0.635090,-0.015427,0.197906,0.246654,0.177262,0.185533,0.255456,-0.031588,0.193838,0.516932,0.227437,0.016005,0.547879,-0.070495,0.050377,0.242665,0.217215,0.049607,0.263294,-0.083857,0.015956
0.456322,0.081989,0.193086,0.641725,0.194526,0.191529,0.650531,-0.014308,0.200218,0.262113,0.178286,0.185954,0.270919,-0.030547,0.194643,0.518299,0.227544,0.015909,0.585576,-0.068727,0.052393,0.274133,0.218675,0.050213,0.264467,-0.083784,0.015950
0.472031,0.082497,0.194692,0.657393,0.195110,0.194147,0.666244,-0.013733,0.202579,0.277817,0.178726,0.186805,0.286668,-0.030116,0.195238,0.519713,0.227600,0.015768,0.625851,-0.067080,0.051309,0.311667,0.220051,0.047176,0.265566,-0.083781,0.015871
0.488144,0.082310,0.196086,0.673458,0.195000,0.196841,0.682365,-0.013877,0.204285,0.293922,0.178497,0.187886,0.302830,-0.030381,0.195330,0.521207,0.227580,0.015919,0.664463,-0.065803,0.045979,0.357187,0.221548,0.042915,0.266660,-0.083843,0.015739
0.504631,0.081566,0.195979,0.689921,0.194293,0.197154,0.698892,-0.014632,0.203021,0.310370,0.177764,0.188936,0.319341,-0.031161,0.194803,0.522667,0.227533,0.015981,0.692043,-0.065300,0.029820,0.405767,0.223224,0.041295,0.267760,-0.083911,0.015839
0.521324,0.080788,0.193337,0.706602,0.193541,0.193172,0.715662,-0.015412,0.197752,0.326986,0.176988,0.188923,0.336047,-0.031966,0.193503,0.538997,0.227893,0.015969,0.692853,-0.065888,0.016049,0.440902,0.224071,0.035667,0.270032,-0.084227,0.015809
0.537491,0.081436,0.189816,0.722303,0.194946,0.188725,0.732234,-0.013952,0.193972,0.342747,0.176824,0.185660,0.352679,-0.032074,0.190907,0.567882,0.228948,0.022618,0.694123,-0.065749,0.016030,0.456272,0.223475,0.015961,0.278120,-0.085534,0.015756
0.553001,0.082008,0.187284,0.737749,0.195626,0.186744,0.747790,-0.013271,0.191812,0.358213,0.177288,0.182757,0.368253,-0.031610,0.187825,0.607168,0.230993,0.027093,0.695389,-0.065575,0.015837,0.457707,0.223537,0.015864,0.295791,-0.084782,0.015766
0.568291,0.081490,0.186552,0.753090,0.195024,0.186991,0.763031,-0.013908,0.190643,0.373550,0.176887,0.182461,0.383491,-0.032045,0.186113,0.644514,0.232683,0.033460,0.696742,-0.065626,0.015793,0.459171,0.223558,0.015941,0.321388,-0.083456,0.017494
0.583603,0.080494,0.186602,0.768438,0.193953,0.188657,0.778299,-0.015007,0.190374,0.388907,0.175995,0.182831,0.398768,-0.032965,0.184548,0.674809,0.233825,0.041163,0.698078,-0.065729,0.015893,0.460619,0.223508,0.015699,0.349980,-0.082102,0.022496
0.598984,0.079540,0.186941,0.783828,0.192943,0.190634,0.793652,-0.016026,0.190453,0.404315,0.175107,0.183429,0.414140,-0.033862,0.183248,0.700086,0.234630,0.048097,0.699418,-0.065805,0.015888,0.462047,0.223466,0.015725,0.376770,-0.080986,0.029240
0.614296,0.078892,0.187572,0.799139,0.192241,0.192702,0.808944,-0.016722,0.190956,0.419648,0.174505,0.184188,0.429453,-0.034458,0.182443,0.725397,0.235449,0.053044,0.700729,-0.065839,0.015906,0.463409,0.223466,0.015939,0.400829,-0.080083,0.036485
0.629532,0.078583,0.188579,0.814375,0.191866,0.194984,0.824150,-0.017086,0.192107,0.434914,0.174252,0.185051,0.444688,-0.034700,0.182174,0.755862,0.236547,0.055929,0.702099,-0.065872,0.015795,0.464702,0.223477,0.016005,0.424597,-0.079237,0.043640
0.644829,0.078629,0.189657,0.829667,0.191860,0.197061,0.839421,-0.017082,0.193459,0.450236,0.174339,0.185855,0.459991,-0.034603,0.182254,0.791259,0.237977,0.057596,0.703481,-0.065875,0.015937,0.465998,0.223510,0.015923,0.451621,-0.078184,0.047890
0.660240,0.079144,0.190377,0.845058,0.192368,0.198350,0.854825,-0.016569,0.194529,0.465656,0.174856,0.186225,0.475422,-0.034081,0.182403,0.827900,0.239663,0.056763,0.704850,-0.065821,0.016017,0.467284,0.223555,0.015864,0.484477,-0.076682,0.046611
0.675987,0.080433,0.190364,0.860808,0.193663,0.198205,0.870558,-0.015285,0.194996,0.481417,0.176151,0.185732,0.491166,-0.032797,0.182523,0.860821,0.241466,0.048627,0.706248,-0.065707,0.015956,0.468580,0.223667,0.015810,0.524094,-0.074595,0.041239
0.692314,0.082653,0.189330,0.877209,0.195856,0.195685,0.886857,-0.013116,0.194092,0.497772,0.178422,0.184569,0.507420,-0.030549,0.182975,0.884408,0.242961,0.028751,0.707703,-0.065527,0.015786,0.469931,0.223923,0.015822,0.567032,-0.072187,0.037365
0.708992,0.085037,0.187490,0.893927,0.198304,0.190780,0.903590,-0.010673,0.190990,0.514394,0.180747,0.183991,0.524057,-0.028229,0.184201,0.886200,0.243270,0.015813,0.709214,-0.065335,0.015834,0.471141,0.224078,0.015900,0.606251,-0.070078,0.033981
0.725159,0.085979,0.186520,0.910268,0.198988,0.188728,0.919640,-0.010002,0.188894,0.530677,0.181961,0.184147,0.540050,-0.027029,0.184312,0.887411,0.243322,0.015959,0.724869,-0.064370,0.015801,0.472742,0.224725,0.015891,0.631669,-0.068547,0.018887
0.740700,0.086700,0.186224,0.925740,0.199834,0.187692,0.935253,-0.009150,0.187984,0.546147,0.182551,0.184464,0.555659,-0.026433,0.184756,0.888721,0.243406,0.015978,0.752186,-0.063220,0.015709,0.483034,0.224940,0.015862,0.633184,-0.068637,0.015716
0.755859,0.088181,0.186658,0.940914,0.201299,0.187227,0.950406,-0.007682,0.188392,0.561313,0.184043,0.184923,0.570805,-0.024938,0.186088,0.890069,0.243532,0.015878,0.781596,-0.061768,0.023311,0.505292,0.226094,0.022896,0.634522,-0.068491,0.015691
0.770988,0.090229,0.187706,0.956000,0.203419,0.187850,0.965566,-0.005545,0.190554,0.576411,0.186003,0.184859,0.585977,-0.022961,0.187562,0.891445,0.243738,0.015742,0.816140,-0.059963,0.030093,0.533272,0.227537,0.030867,0.635924,-0.068397,0.015891
0.786125,0.092529,0.188827,0.971134,0.205724,0.188708,0.980692,-0.003209,0.193200,0.591559,0.188268,0.184455,0.601117,-0.020665,0.188946,0.892847,0.243934,0.015824,0.856167,-0.057796,0.035875,0.562117,0.229295,0.038674,0.637214,-0.068242,0.015932
0.801315,0.094620,0.189787,0.986320,0.207820,0.189462,0.995869,-0.001075,0.195492,0.606762,0.190315,0.184081,0.616310,-0.018580,0.190112,0.894183,0.244114,0.015878,0.891477,-0.055759,0.043219,0.590068,0.231052,0.044948,0.638418,-0.068116,0.015887
0.816605,0.096325,0.190928,1.001611,0.209523,0.190566,1.011140,0.000661,0.197680,0.622069,0.191989,0.184176,0.631599,-0.016873,0.191290,0.895491,0.244259,0.015994,0.925471,-0.053828,0.049223,0.618296,0.232725,0.048676,0.639575,-0.068005,0.015958
0.832092,0.097565,0.192531,1.017099,0.210762,0.192553,1.026602,0.001918,0.200217,0.637583,0.193211,0.184844,0.647085,-0.015633,0.192508,0.896925,0.244341,0.015957,0.963178,-0.051943,0.051754,0.649451,0.234303,0.049265,0.640769,-0.067928,0.015923
0.847717,0.098255,0.194364,1.032682,0.211518,0.195216,1.042228,0.002674,0.202795,0.653207,0.193836,0.185934,0.662753,-0.015008,0.193513,0.898293,0.244391,0.015775,1.003095,-0.050149,0.051056,0.686368,0.235815,0.046388,0.641843,-0.067939,0.015852
0.863762,0.098293,0.195978,1.048675,0.211626,0.197984,1.058281,0.002754,0.204690,0.669243,0.193833,0.187267,0.678849,-0.015039,0.193973,0.899761,0.244454,0.015912,1.041458,-0.048628,0.046224,0.731170,0.237547,0.042270,0.642898,-0.067936,0.015734
0.880249,0.097775,0.196212,1.065131,0.211151,0.198570,1.074816,0.002242,0.203862,0.685682,0.193307,0.188561,0.695367,-0.015602,0.193853,0.901287,0.244444,0.015977,1.069527,-0.047891,0.031164,0.779500,0.239426,0.040792,0.644003,-0.068006,0.015842
0.896912,0.097153,0.193902,1.081776,0.210579,0.194805,1.091581,0.001646,0.198761,0.702242,0.192659,0.189043,0.712047,-0.016274,0.192998,0.916352,0.244939,0.016036,1.071032,-0.048286,0.016003,0.816868,0.240657,0.036427,0.645956,-0.068237,0.015849
0.913063,0.097828,0.190577,1.097494,0.211961,0.190290,1.108116,0.003082,0.194883,0.718010,0.192574,0.186271,0.728632,-0.016305,0.190864,0.947429,0.246151,0.022077,1.072250,-0.048194,0.016081,0.833876,0.240287,0.018043,0.653644,-0.069489,0.015766
0.928688,0.098675,0.187913,1.113125,0.212798,0.187398,1.123742,0.003916,0.191916,0.733634,0.193434,0.183911,0.744251,-0.015448,0.188429,0.982261,0.248219,0.028036,1.073439,-0.047968,0.015862,0.835341,0.240488,0.015864,0.668405,-0.068557,0.015754
0.943962,0.098454,0.187268,1.128429,0.212529,0.187107,1.138995,0.003623,0.190476,0.748929,0.193284,0.184059,0.759495,-0.015622,0.187428,1.018911,0.250034,0.033974,1.074757,-0.047958,0.015782,0.836795,0.240531,0.015949,0.692032,-0.067292,0.017292
0.959282,0.097698,0.187428,1.143784,0.211711,0.188592,1.154279,0.002781,0.190244,0.764285,0.192615,0.184613,0.774780,-0.016315,0.186265,1.049329,0.251312,0.041564,1.076096,-0.048034,0.015867,0.838225,0.240504,0.015763,0.720655,-0.065839,0.022260
0.974648,0.096867,0.187794,1.159129,0.210886,0.190478,1.169649,0.001951,0.190344,0.779646,0.191782,0.185245,0.790166,-0.017153,0.185110,1.074444,0.252221,0.048318,1.077437,-0.048088,0.015857,0.839630,0.240419,0.015701,0.748462,-0.064660,0.029042
0.990005,0.096294,0.188298,1.174504,0.210246,0.192353,1.184978,0.001315,0.190723,0.795033,0.191274,0.185873,0.805507,-0.017658,0.184243,1.099015,0.253055,0.053285,1.078786,-0.048153,0.015910,0.841037,0.240414,0.015908,0.773628,-0.063611,0.036431
1.005348,0.096050,0.189119,1.189853,0.209941,0.194405,1.200294,0.001020,0.191656,0.810402,0.191081,0.186582,0.820843,-0.017841,0.183833,1.128561,0.254208,0.056167,1.080144,-0.048182,0.015816,0.842372,0.240434,0.016006,0.797986,-0.062651,0.043793
1.020691,0.096127,0.190020,1.205180,0.209992,0.196315,1.215627,0.001083,0.192822,0.825755,0.191170,0.187219,0.836202,-0.017739,0.183725,1.163392,0.255733,0.057753,1.081529,-0.048178,0.015917,0.843610,0.240441,0.015947,0.824878,-0.061561,0.048686
1.036148,0.096691,0.190609,1.220651,0.210501,0.197487,1.231052,0.001593,0.193770,0.841244,0.191789,0.187447,0.851646,-0.017119,0.183731,1.200144,0.257489,0.057234,1.082910,-0.048134,0.016013,0.844903,0.240537,0.015872,0.856938,-0.059959,0.048292
1.051872,0.097977,0.190515,1.236371,0.211796,0.197350,1.246767,0.002878,0.194196,0.856978,0.193075,0.186834,0.867374,-0.015842,0.183680,1.233812,0.259406,0.049843,1.084333,-0.048026,0.015972,0.846250,0.240635,0.015812,0.895857,-0.057811,0.042859
1.068138,0.100227,0.189434,1.252709,0.213997,0.195012,1.262990,0.005055,0.193450,0.873286,0.195399,0.185418,0.883567,-0.013542,0.183856,1.259390,0.261053,0.031620,1.085815,-0.047841,0.015816,0.847593,0.240909,0.015818,0.938831,-0.055243,0.038485
1.084801,0.102787,0.187555,1.269369,0.216665,0.190258,1.279722,0.007722,0.190617,0.889879,0.197852,0.184493,0.900232,-0.011091,0.184852,1.262189,0.261515,0.015788,1.087363,-0.047616,0.015813,0.848879,0.241037,0.015891,0.979533,-0.052925,0.035132
1.100983,0.103893,0.186523,1.285694,0.217562,0.188046,1.295810,0.008607,0.188552,0.906155,0.199179,0.184495,0.916271,-0.009776,0.185000,1.263415,0.261570,0.015992,1.100832,-0.046753,0.015827,0.850338,0.241572,0.015906,1.007445,-0.051260,0.021799
1.116402,0.104908,0.186539,1.301257,0.218352,0.186355,1.311123,0.009386,0.187051,0.921680,0.200430,0.186026,0.931546,-0.008536,0.186723,1.264719,0.261560,0.015894,1.126696,-0.045392,0.016087,0.858555,0.242383,0.015867,1.009077,-0.050946,0.015734
1.131500,0.106441,0.187324,1.316287,0.219989,0.185864,1.326278,0.011034,0.187536,0.936722,0.201849,0.187113,0.946714,-0.007106,0.188785,1.266049,0.261730,0.015898,1.154825,-0.043987,0.022616,0.878072,0.243227,0.022100,1.010517,-0.050943,0.015679
1.146614,0.108376,0.188424,1.331394,0.221928,0.186579,1.341399,0.012989,0.189572,0.951829,0.203762,0.187275,0.961834,-0.005177,0.190268,1.267474,0.261927,0.015755,1.186285,-0.042224,0.030553,0.904391,0.244747,0.030211,1.011815,-0.050789,0.015821
1.161636,0.110649,0.189552,1.346382,0.224255,0.187596,1.356448,0.015350,0.192294,0.966824,0.205948,0.186811,0.976891,-0.002957,0.191509,1.268814,0.262168,0.015816,1.226750,-0.039941,0.035439,0.932844,0.246487,0.038403,1.013090,-0.050675,0.015944
1.176773,0.112751,0.190356,1.361537,0.226327,0.188379,1.371562,0.017460,0.194586,0.981984,0.208042,0.186126,0.992009,-0.000825,0.192334,1.270171,0.262336,0.015819,1.262649,-0.037808,0.042556,0.961081,0.248368,0.045023,1.014265,-0.050523,0.015884
1.192062,0.114483,0.191228,1.376844,0.228031,0.189347,1.386825,0.019197,0.196635,0.997300,0.209769,0.185821,1.007280,0.000935,0.193109,1.271533,0.262478,0.015991,1.296393,-0.035821,0.048614,0.989463,0.250153,0.049096,1.015528,-0.050383,0.015957
1.207474,0.115807,0.192540,1.392248,0.229374,0.191107,1.402224,0.020561,0.199004,1.012723,0.211052,0.186077,1.022699,0.002239,0.193973,1.272933,0.262585,0.015965,1.333650,-0.033835,0.051288,1.020275,0.251808,0.050172,1.016700,-0.050314,0.015943
1.223083,0.116604,0.194151,1.407829,0.230225,0.193618,1.417830,0.021413,0.201486,1.028337,0.211795,0.186817,1.038338,0.002982,0.194685,1.274350,0.262667,0.015787,1.373816,-0.031910,0.050716,1.056541,0.253432,0.047529,1.017819,-0.050273,0.015861
1.239082,0.116714,0.195623,1.423777,0.230419,0.196327,1.433839,0.021581,0.203422,1.044326,0.211848,0.187824,1.054388,0.003010,0.194919,1.275800,0.262688,0.015902,1.413293,-0.030265,0.046596,1.100852,0.255180,0.042997,1.018888,-0.050316,0.015742
1.255501,0.116203,0.195982,1.440167,0.229947,0.197372,1.450285,0.021068,0.203036,1.060717,0.211338,0.188928,1.070835,0.002460,0.194592,1.277308,0.262660,0.015979,1.444021,-0.029358,0.033283,1.149867,0.257162,0.040877,1.019971,-0.050371,0.015833
1.272202,0.115429,0.193698,1.456853,0.229205,0.193842,1.467070,0.020290,0.197704,1.077333,0.210568,0.189693,1.087550,0.001653,0.193555,1.287560,0.263150,0.015981,1.447035,-0.029561,0.015959,1.188990,0.258723,0.037277,1.021702,-0.050363,0.015865
1.288322,0.115852,0.190432,1.472546,0.230314,0.189353,1.483564,0.021446,0.193525,1.093081,0.210258,0.187339,1.104099,0.001390,0.191512,1.314288,0.264132,0.021297,1.448236,-0.029484,0.016092,1.206961,0.258446,0.020079,1.029785,-0.051563,0.015775
1.303894,0.116699,0.187868,1.488066,0.231242,0.186608,1.499180,0.022377,0.190660,1.108608,0.211022,0.185075,1.119722,0.002156,0.189127,1.349058,0.266268,0.026781,1.449362,-0.029188,0.015866,1.208411,0.258573,0.015869,1.044268,-0.050745,0.015757
1.319115,0.116543,0.187213,1.503342,0.231003,0.186472,1.514357,0.022114,0.189443,1.123873,0.210972,0.184983,1.134888,0.002083,0.187954,1.388995,0.268301,0.032514,1.450702,-0.029230,0.015778,1.209832,0.258618,0.015935,1.067445,-0.049415,0.017556
1.334358,0.115864,0.187372,1.518607,0.230288,0.188090,1.529576,0.021380,0.189398,1.139141,0.210348,0.185345,1.150109,0.001440,0.186654,1.421799,0.269795,0.040625,1.451991,-0.029294,0.015869,1.211174,0.258581,0.015736,1.096042,-0.047939,0.022872
1.349716,0.115089,0.187750,1.533993,0.229448,0.190100,1.544900,0.020533,0.189637,1.154533,0.209646,0.185863,1.165440,0.000731,0.185399,1.448403,0.270807,0.047985,1.453327,-0.029375,0.015864,1.212593,0.258567,0.015718,1.124260,-0.046586,0.029778
1.365044,0.114544,0.188251,1.549317,0.228869,0.192036,1.560216,0.019963,0.190071,1.169871,0.209125,0.186431,1.180771,0.000219,0.184465,1.473563,0.271734,0.053548,1.454657,-0.029420,0.015906,1.213943,0.258543,0.015928,1.149864,-0.045522,0.037153
1.380341,0.114349,0.189037,1.564619,0.228615,0.194110,1.575488,0.019720,0.191034,1.185193,0.208978,0.187039,1.196062,0.000083,0.183963,1.503100,0.272953,0.056802,1.456003,-0.029432,0.015819,1.215230,0.258576,0.016009,1.174558,-0.044494,0.044201
1.395691,0.114471,0.189915,1.579950,0.228716,0.196076,1.590830,0.019834,0.192266,1.200552,0.209109,0.187563,1.211432,0.000227,0.183753,1.537698,0.274543,0.058581,1.457392,-0.029419,0.015914,1.216468,0.258588,0.015942,1.201648,-0.043339,0.048727
1.411179,0.115063,0.190496,1.595444,0.229259,0.197328,1.606290,0.020380,0.193290,1.216067,0.209746,0.187703,1.226913,0.000866,0.183664,1.574117,0.276366,0.057988,1.458783,-0.029372,0.016016,1.217756,0.258676,0.015863,1.233820,-0.041675,0.048145
1.426949,0.116394,0.190432,1.611220,0.230578,0.197300,1.622039,0.021687,0.193814,1.231858,0.211101,0.187051,1.242677,0.002210,0.183565,1.607600,0.278360,0.050322,1.460246,-0.029242,0.015971,1.219122,0.258816,0.015796,1.272724,-0.039400,0.042690
1.443230,0.118641,0.189419,1.627528,0.232847,0.195100,1.638314,0.023934,0.193157,1.248145,0.213347,0.185681,1.258931,0.004435,0.183738,1.633055,0.280165,0.031666,1.461700,-0.029047,0.015826,1.220475,0.259011,0.015818,1.315523,-0.036804,0.038341
1.459885,0.121212,0.187633,1.644186,0.235519,0.190482,1.655030,0.026600,0.190445,1.264739,0.215824,0.184821,1.275583,0.006905,0.184784,1.635823,0.280627,0.015769,1.463217,-0.028836,0.015806,1.221765,0.259134,0.015893,1.355712,-0.034420,0.034958
1.476051,0.122372,0.186643,1.660513,0.236443,0.188335,1.671088,0.027511,0.188439,1.281015,0.217233,0.184846,1.291590,0.008300,0.184951,1.637021,0.280676,0.015992,1.477375,-0.027889,0.015801,1.223264,0.259733,0.015900,1.383077,-0.032659,0.021427
1.491470,0.123405,0.186520,1.675999,0.237381,0.186721,1.686465,0.028443,0.186982,1.296475,0.218368,0.186058,1.306942,0.009430,0.186319,1.638329,0.280788,0.015982,1.503660,-0.026434,0.016647,1.232715,0.260469,0.015872,1.384643,-0.032397,0.015738
1.506531,0.125015,0.187134,1.691057,0.238990,0.186168,1.701528,0.030056,0.187373,1.311534,0.219975,0.186894,1.322005,0.011040,0.188099,1.639638,0.280939,0.015887,1.531263,-0.024926,0.024116,1.253506,0.261626,0.022504,1.385964,-0.032256,0.015681
1.521614,0.127102,0.188267,1.706072,0.241183,0.186914,1.716668,0.032269,0.189635,1.326560,0.221935,0.186900,1.337156,0.013021,0.189621,1.641046,0.281168,0.015737,1.565150,-0.023003,0.030326,1.280361,0.263066,0.030455,1.387369,-0.032208,0.015831
1.536659,0.129436,0.189328,1.721129,0.243498,0.187819,1.731700,0.034613,0.192284,1.341619,0.224260,0.186371,1.352190,0.015375,0.190837,1.642422,0.281356,0.015827,1.605063,-0.020663,0.035639,1.308893,0.264963,0.038557,1.388603,-0.032039,0.015938
1.551811,0.131580,0.190120,1.736278,0.245644,0.188522,1.746845,0.036797,0.194511,1.356778,0.226364,0.185729,1.367344,0.017516,0.191718,1.643782,0.281541,0.015876,1.640317,-0.018469,0.042830,1.337076,0.266858,0.044992,1.389781,-0.031917,0.015891
1.567085,0.133369,0.191041,1.751548,0.247441,0.189494,1.762110,0.038628,0.196569,1.372061,0.228111,0.185513,1.382623,0.019298,0.192589,1.645103,0.281712,0.015992,1.673711,-0.016381,0.048893,1.365380,0.268681,0.048984,1.390957,-0.031800,0.015957
1.582497,0.134727,0.192436,1.766955,0.248811,0.191328,1.777505,0.040018,0.198990,1.387488,0.229437,0.185882,1.398039,0.020644,0.193545,1.646462,0.281825,0.015955,1.711052,-0.014294,0.051415,1.396371,0.270433,0.049870,1.392111,-0.031712,0.015941
1.598114,0.135540,0.194108,1.782540,0.249681,0.193891,1.793120,0.040887,0.201498,1.403108,0.230193,0.186718,1.413688,0.021399,0.194326,1.647887,0.281906,0.015776,1.751140,-0.012276,0.050634,1.433060,0.272161,0.047073,1.393213,-0.031679,0.015852
1.614151,0.135658,0.195613,1.798530,0.249871,0.196619,1.809164,0.041052,0.203411,1.419138,0.230264,0.187814,1.429772,0.021445,0.194606,1.649391,0.281931,0.015910,1.790224,-0.010563,0.046068,1.477801,0.274063,0.042638,1.394318,-0.031711,0.015741
1.630569,0.135189,0.195879,1.814918,0.249445,0.197428,1.825619,0.040588,0.202780,1.435520,0.229790,0.188978,1.446221,0.020933,0.194331,1.650829,0.281913,0.015977,1.819755,-0.009618,0.031827,1.526657,0.276187,0.040813,1.395344,-0.031773,0.015834
1.647285,0.134575,0.193601,1.831625,0.248855,0.193856,1.842411,0.039969,0.197708,1.452160,0.229181,0.189494,1.462946,0.020294,0.193346,1.663391,0.282406,0.015954,1.821928,-0.009959,0.015952,1.565019,0.277710,0.036756,1.397244,-0.031890,0.015858
1.663429,0.135235,0.190357,1.847317,0.250237,0.189431,1.858942,0.041407,0.193826,1.467916,0.229063,0.186887,1.479541,0.020233,0.191282,1.692441,0.283615,0.021671,1.823154,-0.009858,0.016047,1.582469,0.277434,0.018849,1.404947,-0.033145,0.015771
1.678970,0.136135,0.187809,1.862799,0.251231,0.186670,1.874535,0.042405,0.190994,1.483405,0.229865,0.184624,1.495142,0.021039,0.188948,1.728233,0.285900,0.027300,1.824321,-0.009574,0.015862,1.583894,0.277551,0.015868,1.419513,-0.032328,0.015760
1.694244,0.136021,0.187198,1.878145,0.251005,0.186535,1.889752,0.042152,0.189742,1.498736,0.229889,0.184655,1.510344,0.021036,0.187861,1.765888,0.287935,0.033066,1.825695,-0.009605,0.015783,1.585384,0.277640,0.015946,1.442926,-0.030855,0.017284
1.709518,0.135372,0.187378,1.893442,0.250318,0.188126,1.905001,0.041443,0.189634,1.514036,0.229301,0.185121,1.525595,0.020426,0.186629,1.797418,0.289462,0.040911,1.827024,-0.009647,0.015867,1.586781,0.277624,0.015749,1.471455,-0.029275,0.022595
1.724884,0.134632,0.187765,1.908846,0.249496,0.190093,1.920324,0.040611,0.189823,1.529444,0.228653,0.185706,1.540922,0.019768,0.185436,1.823277,0.290496,0.047941,1.828343,-0.009737,0.015862,1.588186,0.277619,0.015709,1.499406,-0.027830,0.029412
