-0.006477,-0.009399,0.350686,0.185876,0.090057,0.338447,0.181041,-0.118041,0.359336,-0.193996,0.099243,0.342036,-0.198831,-0.108856,0.362925,0.175744,0.118074,0.160037,0.153752,-0.181868,0.172344,-0.191558,0.126003,0.154013,-0.195836,-0.172151,0.188236
-0.009201,-0.014824,0.344129,0.183883,0.082935,0.329888,0.177504,-0.124688,0.354718,-0.195906,0.095041,0.333541,-0.202285,-0.112583,0.358370,0.153999,0.107861,0.147705,0.158263,-0.191006,0.178167,-0.185709,0.117964,0.144904,-0.209934,-0.179936,0.176133
-0.011955,-0.020481,0.333415,0.181587,0.076235,0.318302,0.174229,-0.131133,0.344932,-0.198140,0.090171,0.321897,-0.205498,-0.117197,0.348527,0.144765,0.100078,0.136741,0.138910,-0.198363,0.168691,-0.180547,0.110976,0.131720,-0.213095,-0.187570,0.155478
-0.014992,-0.026134,0.319340,0.179067,0.069497,0.303942,0.170606,-0.137659,0.331863,-0.200590,0.085390,0.306818,-0.209050,-0.121766,0.334738,0.140496,0.092565,0.122870,0.115030,-0.206357,0.145865,-0.173320,0.103342,0.107739,-0.215848,-0.194260,0.135354
-0.018242,-0.031635,0.302362,0.176473,0.062705,0.287282,0.166603,-0.144234,0.316331,-0.203087,0.080963,0.288393,-0.212956,-0.125975,0.317442,0.137716,0.084296,0.100615,0.094475,-0.215296,0.112909,-0.167254,0.095332,0.075617,-0.219871,-0.200277,0.113101
-0.021690,-0.037037,0.282532,0.173773,0.055874,0.268291,0.162267,-0.150888,0.297988,-0.205648,0.076814,0.267076,-0.217154,-0.129948,0.296773,0.135348,0.074836,0.065250,0.082082,-0.224543,0.074275,-0.163789,0.087608,0.038277,-0.223439,-0.206355,0.082531
-0.025467,-0.042454,0.259628,0.170628,0.049261,0.246347,0.157712,-0.157524,0.275293,-0.208646,0.072616,0.243963,-0.221562,-0.134169,0.272910,0.136781,0.065688,0.020118,0.077233,-0.232322,0.033519,-0.161861,0.083722,0.015704,-0.224371,-0.212534,0.040316
-0.028419,-0.049084,0.239608,0.167507,0.043265,0.228401,0.154971,-0.164024,0.253673,-0.211810,0.065857,0.225543,-0.224346,-0.141432,0.250815,0.136066,0.065142,0.016017,0.068615,-0.233667,0.015834,-0.161529,0.083101,0.015693,-0.228040,-0.215763,0.015533
-0.030785,-0.053371,0.229340,0.165062,0.039484,0.221380,0.152678,-0.168116,0.244043,-0.214247,0.061373,0.214638,-0.226631,-0.146226,0.237301,0.135776,0.064620,0.016092,0.067892,-0.233752,0.016015,-0.161618,0.082305,0.015591,-0.227291,-0.216187,0.015628
-0.032455,-0.055992,0.221182,0.163371,0.037008,0.214531,0.151014,-0.170757,0.235645,-0.215925,0.058772,0.206720,-0.228282,-0.148992,0.227834,0.135250,0.064280,0.016105,0.067476,-0.233870,0.016031,-0.164693,0.082065,0.015579,-0.226811,-0.216399,0.015731
-0.033539,-0.057968,0.211308,0.162297,0.035050,0.205230,0.149913,-0.172807,0.225396,-0.216991,0.056871,0.197219,-0.229375,-0.150986,0.217385,0.135124,0.064064,0.016102,0.067493,-0.233957,0.015989,-0.168245,0.082095,0.015652,-0.226302,-0.216462,0.015883
-0.034134,-0.059616,0.200646,0.161722,0.033391,0.195064,0.149287,-0.174527,0.214559,-0.217554,0.055295,0.186732,-0.229990,-0.152623,0.206227,0.134941,0.063941,0.016078,0.067070,-0.233963,0.015933,-0.167977,0.082019,0.015648,-0.225726,-0.216448,0.015962
-0.034447,-0.061184,0.191346,0.161440,0.031785,0.186227,0.148931,-0.176200,0.204942,-0.217825,0.053832,0.177750,-0.230334,-0.154153,0.196465,0.134762,0.063796,0.016083,0.066746,-0.233983,0.015892,-0.167758,0.081953,0.015675,-0.225264,-0.216409,0.016022
-0.034698,-0.062782,0.184236,0.161251,0.030073,0.179446,0.148608,-0.177999,0.197079,-0.218005,0.052434,0.171393,-0.230648,-0.155638,0.189026,0.134933,0.063523,0.016071,0.066505,-0.234065,0.015844,-0.167621,0.081876,0.015706,-0.225743,-0.216027,0.019168
-0.034897,-0.064304,0.179182,0.161132,0.028387,0.174483,0.148326,-0.179779,0.190842,-0.218120,0.051170,0.167522,-0.230926,-0.156996,0.183881,0.138462,0.063081,0.017001,0.066343,-0.234171,0.015748,-0.167532,0.081804,0.015714,-0.226810,-0.215417,0.024910
-0.034973,-0.065647,0.175638,0.161120,0.026899,0.170738,0.148190,-0.181353,0.185857,-0.218137,0.050059,0.165419,-0.231066,-0.158193,0.180538,0.143749,0.062450,0.016682,0.066221,-0.234273,0.015717,-0.167493,0.081704,0.015729,-0.226630,-0.214977,0.031075
-0.034912,-0.066750,0.173129,0.161221,0.025683,0.167717,0.148217,-0.182641,0.181747,-0.218041,0.049141,0.164511,-0.231045,-0.159182,0.178541,0.147310,0.061961,0.015787,0.066138,-0.234339,0.015726,-0.167474,0.081608,0.015752,-0.224898,-0.214830,0.035652
-0.034920,-0.067650,0.171550,0.161251,0.024670,0.165593,0.148166,-0.183712,0.178658,-0.218005,0.048412,0.164443,-0.231090,-0.159969,0.177508,0.147334,0.061780,0.015795,0.066044,-0.234399,0.015734,-0.167487,0.081546,0.015755,-0.222707,-0.214876,0.037924
-0.035042,-0.068432,0.170723,0.161151,0.023817,0.164421,0.148011,-0.184614,0.176598,-0.218095,0.047750,0.164849,-0.231234,-0.160681,0.177026,0.147316,0.061625,0.015816,0.066007,-0.234460,0.015742,-0.167508,0.081470,0.015775,-0.221066,-0.215036,0.038449
-0.035240,-0.069168,0.170356,0.160981,0.023010,0.163913,0.147769,-0.185466,0.175204,-0.218249,0.047130,0.165508,-0.231461,-0.161347,0.176799,0.147292,0.061463,0.015778,0.065982,-0.234527,0.015753,-0.167522,0.081414,0.015778,-0.220243,-0.215170,0.038223
-0.035522,-0.069851,0.170238,0.160721,0.022279,0.163786,0.147451,-0.186239,0.174219,-0.218496,0.046537,0.166258,-0.231766,-0.161981,0.176690,0.147253,0.061330,0.015776,0.065908,-0.234576,0.015758,-0.167569,0.081366,0.015793,-0.220313,-0.215261,0.037731
-0.035835,-0.070538,0.170239,0.160428,0.021558,0.163878,0.147107,-0.186997,0.173470,-0.218777,0.045922,0.167008,-0.232098,-0.162633,0.176600,0.147502,0.061163,0.015787,0.065879,-0.234653,0.015769,-0.167598,0.081289,0.015796,-0.221110,-0.215328,0.037379
-0.036118,-0.071213,0.170292,0.160163,0.020855,0.164076,0.146796,-0.187735,0.172814,-0.219031,0.045309,0.167769,-0.232398,-0.163280,0.176507,0.147824,0.061015,0.015776,0.065849,-0.234710,0.015780,-0.167633,0.081233,0.015834,-0.222226,-0.215349,0.037245
-0.036438,-0.071838,0.170375,0.159863,0.020194,0.164292,0.146443,-0.188423,0.172246,-0.219319,0.044747,0.168503,-0.232739,-0.163871,0.176457,0.148062,0.060867,0.015755,0.065783,-0.234777,0.015784,-0.167681,0.081181,0.015838,-0.223615,-0.215339,0.037325
-0.036720,-0.072403,0.170464,0.159594,0.019607,0.164471,0.146137,-0.189035,0.171703,-0.219577,0.044229,0.169225,-0.233035,-0.164413,0.176457,0.148232,0.060756,0.015724,0.065742,-0.234825,0.015793,-0.167742,0.081141,0.015858,-0.225084,-0.215309,0.037639
-0.037003,-0.072872,0.170551,0.159319,0.019124,0.164575,0.145837,-0.189536,0.171208,-0.219842,0.043791,0.169894,-0.233324,-0.164869,0.176527,0.148277,0.060674,0.015731,0.065697,-0.234865,0.015793,-0.167783,0.081099,0.015851,-0.226592,-0.215270,0.038130
-0.037254,-0.073261,0.170646,0.159072,0.018723,0.164641,0.145570,-0.189950,0.170789,-0.220079,0.043428,0.170503,-0.233581,-0.165246,0.176651,0.148336,0.060596,0.015740,0.065671,-0.234912,0.015795,-0.167809,0.081054,0.015849,-0.227963,-0.215238,0.038708
-0.037483,-0.073566,0.170753,0.158848,0.018404,0.164692,0.145326,-0.190279,0.170430,-0.220292,0.043146,0.171076,-0.233814,-0.165537,0.176813,0.148468,0.060544,0.015747,0.065657,-0.234931,0.015797,-0.167837,0.081042,0.015858,-0.229130,-0.215184,0.039296
-0.037674,-0.073833,0.170865,0.158652,0.018141,0.164715,0.145131,-0.190551,0.170109,-0.220479,0.042884,0.171621,-0.234000,-0.165808,0.177016,0.148488,0.060510,0.015758,0.065631,-0.234950,0.015792,-0.167869,0.081010,0.015868,-0.230023,-0.215171,0.039873
-0.037849,-0.074089,0.171001,0.158478,0.017877,0.164747,0.144942,-0.190823,0.169822,-0.220641,0.042645,0.172180,-0.234177,-0.166055,0.177255,0.148481,0.060461,0.015764,0.065598,-0.234982,0.015801,-0.167910,0.080983,0.015866,-0.230683,-0.215168,0.040406
-0.038002,-0.074295,0.171150,0.158324,0.017666,0.164792,0.144780,-0.191040,0.169594,-0.220784,0.042450,0.172705,-0.234328,-0.166256,0.177508,0.148508,0.060431,0.015773,0.065587,-0.234997,0.015800,-0.167924,0.080968,0.015865,-0.231204,-0.215160,0.040867
-0.038116,-0.074486,0.171297,0.158206,0.017477,0.164846,0.144660,-0.191235,0.169403,-0.220893,0.042263,0.173190,-0.234439,-0.166448,0.177747,0.148529,0.060406,0.015777,0.065578,-0.235012,0.015802,-0.167941,0.080948,0.015870,-0.231619,-0.215168,0.041250
-0.038223,-0.074631,0.171432,0.158098,0.017327,0.164877,0.144545,-0.191388,0.169256,-0.220991,0.042126,0.173608,-0.234545,-0.166588,0.177987,0.148620,0.060370,0.015795,0.065561,-0.235034,0.015805,-0.167963,0.080929,0.015865,-0.232011,-0.215170,0.041575
-0.038300,-0.074764,0.171554,0.158023,0.017183,0.164912,0.144457,-0.191534,0.169101,-0.221056,0.042006,0.174008,-0.234622,-0.166712,0.178197,0.148619,0.060357,0.015790,0.065565,-0.235038,0.015803,-0.167960,0.080936,0.015867,-0.232337,-0.215151,0.041915
-0.038345,-0.074841,0.171661,0.157974,0.017105,0.164889,0.144405,-0.191615,0.168973,-0.221096,0.041934,0.174349,-0.234665,-0.166786,0.178433,0.148780,0.060340,0.015783,0.065532,-0.235039,0.015803,-0.168000,0.080936,0.015869,-0.232627,-0.215138,0.042219
-0.038383,-0.074932,0.171752,0.157933,0.017010,0.164858,0.144361,-0.191711,0.168844,-0.221128,0.041847,0.174661,-0.234700,-0.166875,0.178646,0.148756,0.060315,0.015793,0.065536,-0.235061,0.015810,-0.168014,0.080915,0.015876,-0.232857,-0.215147,0.042549
-0.038414,-0.074989,0.171831,0.157897,0.016955,0.164812,0.144327,-0.191768,0.168719,-0.221155,0.041789,0.174943,-0.234725,-0.166933,0.178850,0.148730,0.060315,0.015785,0.065522,-0.235061,0.015806,-0.168030,0.080911,0.015874,-0.233047,-0.215142,0.042852
-0.038437,-0.075012,0.171899,0.157870,0.016931,0.164751,0.144300,-0.191793,0.168621,-0.221174,0.041768,0.175177,-0.234744,-0.166955,0.179047,0.148712,0.060318,0.015798,0.065520,-0.235058,0.015808,-0.168027,0.080913,0.015869,-0.233216,-0.215129,0.043117
-0.038452,-0.075024,0.171961,0.157855,0.016910,0.164689,0.144276,-0.191813,0.168546,-0.221181,0.041766,0.175375,-0.234759,-0.166957,0.179232,0.148721,0.060307,0.015807,0.065530,-0.235066,0.015811,-0.168022,0.080914,0.015865,-0.233350,-0.215113,0.043367
-0.038452,-0.075027,0.172011,0.157851,0.016905,0.164608,0.144273,-0.191818,0.168463,-0.221177,0.041763,0.175560,-0.234755,-0.166960,0.179414,0.148701,0.060306,0.015799,0.065527,-0.235068,0.015808,-0.168035,0.080911,0.015868,-0.233414,-0.215110,0.043565
-0.038445,-0.075012,0.172055,0.157851,0.016925,0.164524,0.144281,-0.191799,0.168391,-0.221170,0.041774,0.175718,-0.234740,-0.166949,0.179585,0.148694,0.060318,0.015799,0.065525,-0.235059,0.015807,-0.168027,0.080911,0.015867,-0.233474,-0.215102,0.043767
-0.038445,-0.074989,0.172094,0.157849,0.016942,0.164434,0.144276,-0.191781,0.168327,-0.221165,0.041803,0.175861,-0.234738,-0.166920,0.179755,0.148692,0.060318,0.015794,0.065523,-0.235059,0.015811,-0.168038,0.080917,0.015864,-0.233545,-0.215085,0.043953
-0.038406,-0.074974,0.172133,0.157883,0.016955,0.164347,0.144311,-0.191767,0.168267,-0.221123,0.041819,0.176000,-0.234696,-0.166903,0.179919,0.148719,0.060315,0.015805,0.065528,-0.235062,0.015805,-0.168032,0.080914,0.015865,-0.233538,-0.215083,0.044113
-0.038376,-0.074951,0.172174,0.157909,0.016978,0.164277,0.144340,-0.191744,0.168214,-0.221091,0.041842,0.176135,-0.234661,-0.166881,0.180072,0.148721,0.060329,0.015797,0.065531,-0.235049,0.015807,-0.168031,0.080923,0.015867,-0.233500,-0.215072,0.044247
-0.038338,-0.074932,0.172210,0.157946,0.016991,0.164207,0.144372,-0.191730,0.168167,-0.221048,0.041866,0.176254,-0.234621,-0.166856,0.180214,0.148740,0.060329,0.015804,0.065533,-0.235048,0.015808,-0.168028,0.080929,0.015863,-0.233474,-0.215062,0.044371
-0.038300,-0.074913,0.172240,0.157980,0.017010,0.164145,0.144409,-0.191711,0.168137,-0.221008,0.041885,0.176343,-0.234580,-0.166836,0.180334,0.148740,0.060328,0.015810,0.065533,-0.235050,0.015808,-0.168030,0.080926,0.015867,-0.233450,-0.215062,0.044480
-0.038269,-0.074883,0.172262,0.158009,0.017038,0.164086,0.144438,-0.191682,0.168119,-0.220976,0.041917,0.176406,-0.234547,-0.166803,0.180439,0.148739,0.060330,0.015798,0.065539,-0.235050,0.015809,-0.168029,0.080927,0.015867,-0.233453,-0.215054,0.044605
-0.038239,-0.074883,0.172276,0.158036,0.017039,0.164028,0.144467,-0.191682,0.168058,-0.220944,0.041917,0.176494,-0.234513,-0.166804,0.180525,0.148745,0.060335,0.015797,0.065540,-0.235045,0.015808,-0.168027,0.080929,0.015865,-0.233411,-0.215053,0.044696
-0.038208,-0.074867,0.172290,0.158065,0.017048,0.163955,0.144493,-0.191671,0.168007,-0.220909,0.041937,0.176573,-0.234481,-0.166783,0.180625,0.148746,0.060333,0.015809,0.065542,-0.235047,0.015809,-0.168028,0.080933,0.015869,-0.233382,-0.215046,0.044782
-0.038177,-0.074844,0.172304,0.158092,0.017072,0.163885,0.144523,-0.191647,0.167965,-0.220878,0.041958,0.176643,-0.234447,-0.166761,0.180722,0.148760,0.060339,0.015796,0.065547,-0.235041,0.015807,-0.168021,0.080935,0.015862,-0.233378,-0.215040,0.044881
-0.038139,-0.074818,0.172314,0.158127,0.017097,0.163812,0.144559,-0.191622,0.167930,-0.220838,0.041987,0.176697,-0.234406,-0.166732,0.180815,0.148757,0.060340,0.015791,0.065552,-0.235042,0.015807,-0.168021,0.080935,0.015868,-0.233400,-0.215032,0.044994
-0.038109,-0.074799,0.172325,0.158156,0.017114,0.163757,0.144587,-0.191605,0.167900,-0.220805,0.042007,0.176750,-0.234374,-0.166711,0.180893,0.148764,0.060342,0.015792,0.065555,-0.235041,0.015803,-0.168022,0.080938,0.015871,-0.233388,-0.215026,0.045068
-0.038078,-0.074780,0.172336,0.158185,0.017131,0.163707,0.144616,-0.191587,0.167869,-0.220773,0.042028,0.176803,-0.234341,-0.166690,0.180965,0.148770,0.060348,0.015798,0.065556,-0.235035,0.015805,-0.168010,0.080943,0.015858,-0.233356,-0.215018,0.045132
-0.038048,-0.074757,0.172343,0.158213,0.017152,0.163648,0.144645,-0.191565,0.167848,-0.220741,0.042052,0.176838,-0.234309,-0.166665,0.181037,0.148786,0.060345,0.015790,0.065561,-0.235038,0.015810,-0.168014,0.080941,0.015863,-0.233359,-0.215015,0.045196
-0.038010,-0.074741,0.172356,0.158248,0.017169,0.163603,0.144684,-0.191548,0.167820,-0.220703,0.042065,0.176892,-0.234267,-0.166652,0.181109,0.148806,0.060352,0.015804,0.065557,-0.235032,0.015803,-0.168007,0.080942,0.015855,-0.233303,-0.215015,0.045242
-0.037971,-0.074726,0.172367,0.158287,0.017178,0.163553,0.144717,-0.191539,0.167798,-0.220660,0.042087,0.176936,-0.234229,-0.166630,0.181180,0.148816,0.060344,0.015785,0.065563,-0.235039,0.015809,-0.168005,0.080943,0.015864,-0.233276,-0.215011,0.045279
-0.037941,-0.074715,0.172375,0.158314,0.017189,0.163497,0.144747,-0.191527,0.167758,-0.220629,0.042097,0.176992,-0.234196,-0.166619,0.181253,0.148825,0.060346,0.015788,0.065563,-0.235037,0.015805,-0.168009,0.080943,0.015864,-0.233254,-0.215010,0.045325
-0.037903,-0.074707,0.172384,0.158349,0.017198,0.163454,0.144784,-0.191518,0.167719,-0.220590,0.042104,0.177048,-0.234155,-0.166612,0.181314,0.148851,0.060353,0.015793,0.065579,-0.235031,0.015808,-0.167997,0.080947,0.015862,-0.233217,-0.215007,0.045365
-0.037872,-0.074680,0.172392,0.158378,0.017223,0.163411,0.144814,-0.191492,0.167710,-0.220558,0.042132,0.177074,-0.234123,-0.166584,0.181374,0.148847,0.060357,0.015788,0.065572,-0.235027,0.015806,-0.167997,0.080950,0.015860,-0.233232,-0.214998,0.045416
-0.037842,-0.074661,0.172398,0.158408,0.017240,0.163369,0.144843,-0.191475,0.167699,-0.220526,0.042153,0.177097,-0.234091,-0.166562,0.181427,0.148863,0.060354,0.015794,0.065576,-0.235030,0.015809,-0.168004,0.080950,0.015864,-0.233238,-0.214994,0.045471
-0.037811,-0.074657,0.172404,0.158436,0.017244,0.163337,0.144873,-0.191471,0.167677,-0.220495,0.042156,0.177130,-0.234059,-0.166559,0.181470,0.148873,0.060353,0.015791,0.065578,-0.235031,0.015809,-0.167991,0.080946,0.015859,-0.233229,-0.214995,0.045525
-0.037788,-0.074650,0.172407,0.158461,0.017244,0.163301,0.144890,-0.191470,0.167648,-0.220467,0.042170,0.177166,-0.234038,-0.166544,0.181513,0.148882,0.060350,0.015791,0.065581,-0.235032,0.015807,-0.167989,0.080955,0.015859,-0.233222,-0.214983,0.045595
-0.037758,-0.074623,0.172410,0.158487,0.017275,0.163248,0.144923,-0.191439,0.167630,-0.220439,0.042192,0.177191,-0.234002,-0.166521,0.181573,0.148875,0.060360,0.015787,0.065583,-0.235026,0.015807,-0.167988,0.080953,0.015860,-0.233198,-0.214983,0.045640
-0.037727,-0.074596,0.172419,0.158515,0.017300,0.163201,0.144953,-0.191413,0.167622,-0.220408,0.042220,0.177216,-0.233970,-0.166493,0.181638,0.148887,0.060359,0.015789,0.065585,-0.235027,0.015808,-0.167991,0.080952,0.015863,-0.233177,-0.214981,0.045692
-0.037697,-0.074581,0.172433,0.158544,0.017316,0.163176,0.144983,-0.191397,0.167610,-0.220377,0.042234,0.177255,-0.233937,-0.166479,0.181689,0.148905,0.060368,0.015787,0.065590,-0.235019,0.015807,-0.167989,0.080958,0.015864,-0.233102,-0.214977,0.045713
-0.037659,-0.074574,0.172443,0.158580,0.017323,0.163149,0.145021,-0.191389,0.167607,-0.220338,0.042242,0.177279,-0.233898,-0.166470,0.181737,0.148918,0.060361,0.015812,0.065593,-0.235027,0.015810,-0.167986,0.080950,0.015860,-0.233058,-0.214985,0.045757
-0.037628,-0.074562,0.172454,0.158611,0.017332,0.163142,0.145050,-0.191380,0.167607,-0.220306,0.042256,0.177302,-0.233868,-0.166456,0.181767,0.148919,0.060366,0.015802,0.065598,-0.235021,0.015804,-0.167983,0.080959,0.015864,-0.232985,-0.214979,0.045749
-0.037598,-0.074554,0.172461,0.158642,0.017339,0.163134,0.145080,-0.191373,0.167611,-0.220275,0.042264,0.177311,-0.233837,-0.166447,0.181788,0.148917,0.060366,0.015784,0.065596,-0.235021,0.015805,-0.167978,0.080959,0.015864,-0.232939,-0.214980,0.045751
-0.037575,-0.074547,0.172465,0.158664,0.017346,0.163123,0.145102,-0.191366,0.167615,-0.220252,0.042272,0.177315,-0.233814,-0.166439,0.181806,0.148920,0.060365,0.015794,0.065596,-0.235023,0.015804,-0.167976,0.080958,0.015865,-0.232929,-0.214980,0.045775
-0.037575,-0.074554,0.172467,0.158663,0.017338,0.163109,0.145102,-0.191373,0.167598,-0.220251,0.042265,0.177337,-0.233813,-0.166447,0.181825,0.148906,0.060360,0.015792,0.065589,-0.235028,0.015801,-0.167985,0.080952,0.015863,-0.232947,-0.214985,0.045809
-0.037575,-0.074570,0.172463,0.158664,0.017320,0.163091,0.145099,-0.191392,0.167561,-0.220249,0.042252,0.177365,-0.233813,-0.166460,0.181834,0.148907,0.060357,0.015792,0.065598,-0.235031,0.015806,-0.167985,0.080953,0.015865,-0.232948,-0.214985,0.045809
-0.037575,-0.074581,0.172462,0.158661,0.017314,0.163084,0.145101,-0.191399,0.167542,-0.220251,0.042237,0.177381,-0.233811,-0.166476,0.181840,0.148904,0.060357,0.015789,0.065599,-0.235031,0.015806,-0.167991,0.080947,0.015869,-0.232969,-0.214992,0.045823
-0.037575,-0.074596,0.172464,0.158662,0.017295,0.163075,0.145098,-0.191418,0.167510,-0.220248,0.042225,0.177417,-0.233812,-0.166488,0.181852,0.148891,0.060357,0.015791,0.065599,-0.235030,0.015810,-0.167986,0.080952,0.015865,-0.232985,-0.214988,0.045848
-0.037552,-0.074604,0.172469,0.158685,0.017288,0.163072,0.145121,-0.191425,0.167496,-0.220224,0.042217,0.177442,-0.233788,-0.166496,0.181866,0.148906,0.060358,0.015802,0.065609,-0.235029,0.015811,-0.167979,0.080953,0.015863,-0.232976,-0.214988,0.045873
-0.037521,-0.074604,0.172472,0.158715,0.017286,0.163057,0.145150,-0.191426,0.167484,-0.220193,0.042218,0.177459,-0.233758,-0.166495,0.181886,0.148942,0.060355,0.015791,0.065602,-0.235029,0.015806,-0.167974,0.080953,0.015861,-0.232963,-0.214987,0.045890
-0.037491,-0.074604,0.172469,0.158743,0.017288,0.163029,0.145181,-0.191425,0.167458,-0.220163,0.042216,0.177480,-0.233725,-0.166496,0.181910,0.148965,0.060355,0.015788,0.065608,-0.235029,0.015809,-0.167977,0.080951,0.015869,-0.232941,-0.214990,0.045924
-0.037476,-0.074604,0.172471,0.158757,0.017289,0.163012,0.145196,-0.191424,0.167444,-0.220147,0.042216,0.177498,-0.233709,-0.166497,0.181931,0.148969,0.060354,0.015787,0.065607,-0.235029,0.015806,-0.167967,0.080949,0.015861,-0.232923,-0.214992,0.045950
-0.037468,-0.074596,0.172477,0.158764,0.017297,0.163005,0.145204,-0.191416,0.167440,-0.220140,0.042223,0.177515,-0.233700,-0.166490,0.181950,0.148976,0.060361,0.015794,0.065600,-0.235022,0.015809,-0.167977,0.080955,0.015864,-0.232917,-0.214987,0.045955
-0.037445,-0.074574,0.172480,0.158785,0.017321,0.162986,0.145228,-0.191391,0.167451,-0.220118,0.042244,0.177510,-0.233676,-0.166468,0.181974,0.149005,0.060364,0.015781,0.065616,-0.235020,0.015808,-0.167970,0.080955,0.015865,-0.232909,-0.214984,0.045959
-0.037422,-0.074562,0.172480,0.158809,0.017330,0.162970,0.145249,-0.191382,0.167449,-0.220094,0.042258,0.177511,-0.233653,-0.166454,0.181989,0.149025,0.060363,0.015785,0.065610,-0.235019,0.015810,-0.167979,0.080960,0.015866,-0.232862,-0.214980,0.045981
-0.037392,-0.074551,0.172482,0.158838,0.017342,0.162955,0.145281,-0.191370,0.167457,-0.220064,0.042268,0.177508,-0.233621,-0.166443,0.182010,0.149057,0.060359,0.015792,0.065617,-0.235022,0.015809,-0.167958,0.080953,0.015855,-0.232801,-0.214986,0.046015
-0.037369,-0.074516,0.172482,0.158861,0.017375,0.162935,0.145304,-0.191336,0.167475,-0.220041,0.042304,0.177490,-0.233598,-0.166407,0.182029,0.149078,0.060366,0.015795,0.065619,-0.235016,0.015808,-0.167960,0.080962,0.015864,-0.232734,-0.214979,0.046007
-0.037338,-0.074490,0.172482,0.158891,0.017400,0.162921,0.145334,-0.191310,0.167488,-0.220011,0.042331,0.177476,-0.233568,-0.166379,0.182043,0.149083,0.060374,0.015787,0.065616,-0.235008,0.015805,-0.167953,0.080969,0.015856,-0.232656,-0.214972,0.045997
-0.037308,-0.074478,0.172482,0.158920,0.017414,0.162910,0.145367,-0.191296,0.167503,-0.219982,0.042339,0.177462,-0.233535,-0.166371,0.182055,0.149114,0.060370,0.015789,0.065628,-0.235013,0.015807,-0.167951,0.080961,0.015857,-0.232563,-0.214985,0.045988
-0.037292,-0.074478,0.172486,0.158937,0.017410,0.162909,0.145380,-0.191300,0.167507,-0.219965,0.042343,0.177465,-0.233522,-0.166366,0.182063,0.149113,0.060364,0.015784,0.065615,-0.235017,0.015804,-0.167960,0.080962,0.015866,-0.232508,-0.214986,0.046011
-0.037292,-0.074478,0.172491,0.158938,0.017408,0.162911,0.145378,-0.191302,0.167508,-0.219963,0.042345,0.177473,-0.233523,-0.166364,0.182070,0.149118,0.060362,0.015785,0.065613,-0.235018,0.015805,-0.167961,0.080964,0.015864,-0.232479,-0.214985,0.046023
-0.037300,-0.074490,0.172492,0.158929,0.017399,0.162918,0.145372,-0.191311,0.167508,-0.219972,0.042332,0.177475,-0.233530,-0.166378,0.182066,0.149110,0.060357,0.015784,0.065611,-0.235023,0.015808,-0.167970,0.080956,0.015868,-0.232460,-0.214997,0.046009
-0.037308,-0.074497,0.172492,0.158923,0.017390,0.162935,0.145364,-0.191320,0.167514,-0.219979,0.042325,0.177470,-0.233538,-0.166385,0.182049,0.149110,0.060356,0.015779,0.065616,-0.235024,0.015804,-0.167964,0.080957,0.015869,-0.232456,-0.214996,0.046009
-0.037308,-0.074512,0.172492,0.158923,0.017377,0.162954,0.145364,-0.191334,0.167503,-0.219980,0.042309,0.177481,-0.233539,-0.166402,0.182029,0.149116,0.060363,0.015791,0.065612,-0.235015,0.015805,-0.167957,0.080964,0.015866,-0.232443,-0.214994,0.046009
-0.037308,-0.074528,0.172492,0.158922,0.017365,0.162957,0.145365,-0.191347,0.167481,-0.219981,0.042291,0.177503,-0.233537,-0.166420,0.182027,0.149111,0.060368,0.015791,0.065618,-0.235011,0.015809,-0.167961,0.080965,0.015863,-0.232446,-0.214996,0.046018
-0.037285,-0.074528,0.172497,0.158944,0.017365,0.162951,0.145389,-0.191346,0.167487,-0.219958,0.042290,0.177508,-0.233514,-0.166421,0.182044,0.149154,0.060359,0.015790,0.065630,-0.235019,0.015810,-0.167957,0.080956,0.015862,-0.232462,-0.215002,0.046026
-0.037270,-0.074535,0.172502,0.158961,0.017353,0.162952,0.145401,-0.191358,0.167478,-0.219940,0.042287,0.177525,-0.233500,-0.166424,0.182052,0.149161,0.060355,0.015793,0.065626,-0.235020,0.015809,-0.167964,0.080961,0.015866,-0.232470,-0.214997,0.046034
-0.037247,-0.074543,0.172505,0.158984,0.017345,0.162948,0.145423,-0.191366,0.167469,-0.219916,0.042280,0.177541,-0.233477,-0.166431,0.182063,0.149174,0.060351,0.015793,0.065624,-0.235023,0.015809,-0.167957,0.080958,0.015867,-0.232480,-0.214999,0.046055
-0.037239,-0.074558,0.172507,0.158992,0.017329,0.162949,0.145429,-0.191382,0.167459,-0.219908,0.042266,0.177555,-0.233470,-0.166445,0.182066,0.149174,0.060343,0.015791,0.065623,-0.235030,0.015804,-0.167955,0.080952,0.015866,-0.232466,-0.215007,0.046042
-0.037239,-0.074574,0.172511,0.158992,0.017314,0.162960,0.145429,-0.191397,0.167451,-0.219908,0.042250,0.177571,-0.233470,-0.166461,0.182063,0.149176,0.060342,0.015797,0.065622,-0.235031,0.015810,-0.167951,0.080950,0.015864,-0.232458,-0.215011,0.046044
-0.037239,-0.074581,0.172512,0.158993,0.017304,0.162970,0.145428,-0.191407,0.167447,-0.219906,0.042245,0.177578,-0.233471,-0.166467,0.182055,0.149164,0.060343,0.015790,0.065624,-0.235029,0.015809,-0.167952,0.080956,0.015862,-0.232457,-0.215007,0.046034
-0.037239,-0.074585,0.172511,0.158991,0.017306,0.162972,0.145431,-0.191406,0.167447,-0.219909,0.042236,0.177576,-0.233469,-0.166476,0.182051,0.149155,0.060346,0.015789,0.065622,-0.235028,0.015805,-0.167957,0.080949,0.015863,-0.232460,-0.215015,0.046035
-0.037239,-0.074585,0.172507,0.158991,0.017306,0.162973,0.145431,-0.191406,0.167441,-0.219909,0.042236,0.177573,-0.233469,-0.166476,0.182041,0.149161,0.060350,0.015792,0.065622,-0.235023,0.015810,-0.167953,0.080955,0.015864,-0.232468,-0.215009,0.046030
-0.037224,-0.074589,0.172505,0.159007,0.017300,0.162964,0.145445,-0.191412,0.167429,-0.219892,0.042234,0.177582,-0.233455,-0.166478,0.182046,0.149172,0.060348,0.015799,0.065635,-0.235025,0.015810,-0.167948,0.080956,0.015865,-0.232483,-0.215006,0.046045
-0.037209,-0.074581,0.172506,0.159021,0.017308,0.162952,0.145460,-0.191404,0.167425,-0.219877,0.042241,0.177588,-0.233439,-0.166471,0.182061,0.149169,0.060351,0.015783,0.065627,-0.235022,0.015808,-0.167955,0.080958,0.015865,-0.232511,-0.215001,0.046084
-0.037209,-0.074570,0.172505,0.159019,0.017323,0.162930,0.145462,-0.191389,0.167417,-0.219879,0.042250,0.177593,-0.233436,-0.166462,0.182080,0.149176,0.060355,0.015793,0.065624,-0.235019,0.015809,-0.167950,0.080956,0.015862,-0.232526,-0.215001,0.046115
-0.037209,-0.074547,0.172515,0.159020,0.017343,0.162931,0.145461,-0.191369,0.167442,-0.219878,0.042275,0.177587,-0.233437,-0.166436,0.182098,0.149160,0.060359,0.015787,0.065627,-0.235016,0.015809,-0.167955,0.080963,0.015867,-0.232518,-0.214992,0.046112
-0.037209,-0.074516,0.172527,0.159020,0.017372,0.162936,0.145461,-0.191339,0.167481,-0.219878,0.042306,0.177572,-0.233437,-0.166404,0.182117,0.149162,0.060364,0.015791,0.065631,-0.235013,0.015809,-0.167957,0.080968,0.015865,-0.232519,-0.214982,0.046146
-0.037216,-0.074501,0.172531,0.159012,0.017388,0.162929,0.145455,-0.191322,0.167496,-0.219887,0.042320,0.177567,-0.233444,-0.166390,0.182133,0.149151,0.060366,0.015785,0.065622,-0.235012,0.015811,-0.167964,0.080966,0.015866,-0.232475,-0.214986,0.046144
-0.037216,-0.074478,0.172525,0.159012,0.017409,0.162907,0.145454,-0.191301,0.167502,-0.219886,0.042344,0.177549,-0.233444,-0.166365,0.182144,0.149150,0.060367,0.015787,0.065630,-0.235012,0.015812,-0.167957,0.080968,0.015867,-0.232451,-0.214981,0.046131
-0.037231,-0.074463,0.172516,0.158996,0.017423,0.162879,0.145438,-0.191286,0.167502,-0.219901,0.042361,0.177530,-0.233459,-0.166348,0.182152,0.149132,0.060362,0.015787,0.065625,-0.235019,0.015811,-0.167961,0.080963,0.015867,-0.232409,-0.214987,0.046098
-0.037239,-0.074451,0.172515,0.158989,0.017435,0.162884,0.145432,-0.191274,0.167512,-0.219910,0.042371,0.177519,-0.233467,-0.166338,0.182147,0.149127,0.060371,0.015790,0.065616,-0.235010,0.015804,-0.167960,0.080969,0.015867,-0.232356,-0.214984,0.046077
-0.037254,-0.074440,0.172511,0.158974,0.017445,0.162885,0.145416,-0.191264,0.167526,-0.219925,0.042384,0.177495,-0.233483,-0.166325,0.182136,0.149128,0.060370,0.015785,0.065623,-0.235011,0.015806,-0.167951,0.080970,0.015863,-0.232340,-0.214982,0.046083
-0.037254,-0.074440,0.172508,0.158975,0.017444,0.162885,0.145416,-0.191264,0.167527,-0.219925,0.042384,0.177489,-0.233483,-0.166324,0.182131,0.149113,0.060370,0.015788,0.065622,-0.235012,0.015805,-0.167960,0.080971,0.015868,-0.232316,-0.214983,0.046066
-0.037254,-0.074440,0.172506,0.158974,0.017443,0.162869,0.145415,-0.191265,0.167513,-0.219924,0.042385,0.177499,-0.233483,-0.166323,0.182143,0.149116,0.060368,0.015784,0.065630,-0.235015,0.015810,-0.167960,0.080969,0.015868,-0.232329,-0.214983,0.046102
-0.037254,-0.074451,0.172511,0.158974,0.017432,0.162863,0.145415,-0.191277,0.167501,-0.219923,0.042374,0.177521,-0.233483,-0.166335,0.182159,0.149096,0.060362,0.015789,0.065627,-0.235021,0.015808,-0.167955,0.080962,0.015866,-0.232313,-0.214991,0.046118
-0.037254,-0.074467,0.172516,0.158973,0.017420,0.162879,0.145416,-0.191289,0.167495,-0.219925,0.042356,0.177536,-0.233482,-0.166353,0.182152,0.149089,0.060366,0.015799,0.065634,-0.235019,0.015812,-0.167955,0.080961,0.015867,-0.232282,-0.214998,0.046074
-0.037254,-0.074482,0.172511,0.158974,0.017405,0.162894,0.145416,-0.191304,0.167486,-0.219925,0.042341,0.177535,-0.233482,-0.166369,0.182127,0.149084,0.060368,0.015789,0.065632,-0.235015,0.015812,-0.167955,0.080964,0.015865,-0.232280,-0.214998,0.046027
-0.037254,-0.074493,0.172501,0.158974,0.017394,0.162897,0.145416,-0.191316,0.167476,-0.219925,0.042329,0.177527,-0.233483,-0.166381,0.182106,0.149079,0.060366,0.015794,0.065628,-0.235017,0.015808,-0.167953,0.080962,0.015860,-0.232306,-0.215000,0.046038
-0.037254,-0.074516,0.172496,0.158973,0.017375,0.162907,0.145418,-0.191336,0.167462,-0.219926,0.042303,0.177529,-0.233482,-0.166408,0.182085,0.149083,0.060363,0.015794,0.065625,-0.235020,0.015806,-0.167959,0.080956,0.015870,-0.232327,-0.215009,0.046035
-0.037254,-0.074532,0.172493,0.158973,0.017360,0.162912,0.145417,-0.191351,0.167439,-0.219926,0.042288,0.177548,-0.233482,-0.166423,0.182075,0.149073,0.060368,0.015782,0.065627,-0.235014,0.015803,-0.167954,0.080962,0.015864,-0.232348,-0.215004,0.046053
-0.037254,-0.074551,0.172494,0.158974,0.017341,0.162918,0.145417,-0.191370,0.167437,-0.219925,0.042269,0.177551,-0.233482,-0.166442,0.182069,0.149072,0.060355,0.015797,0.065627,-0.235027,0.015804,-0.167958,0.080949,0.015861,-0.232399,-0.215014,0.046040
-0.037247,-0.074551,0.172496,0.158984,0.017336,0.162936,0.145422,-0.191375,0.167445,-0.219915,0.042273,0.177547,-0.233477,-0.166438,0.182056,0.149068,0.060358,0.015791,0.065628,-0.235022,0.015812,-0.167959,0.080961,0.015872,-0.232471,-0.214998,0.046048
-0.037224,-0.074547,0.172497,0.159007,0.017340,0.162940,0.145444,-0.191371,0.167451,-0.219892,0.042278,0.177544,-0.233455,-0.166433,0.182055,0.149079,0.060361,0.015793,0.065626,-0.235018,0.015810,-0.167955,0.080965,0.015870,-0.232528,-0.214988,0.046100
-0.037216,-0.074532,0.172491,0.159013,0.017358,0.162920,0.145454,-0.191353,0.167452,-0.219887,0.042290,0.177531,-0.233445,-0.166421,0.182063,0.149074,0.060366,0.015791,0.065622,-0.235016,0.015806,-0.167956,0.080962,0.015866,-0.232566,-0.214986,0.046140
