-0.004494,-0.015594,0.335438,0.187692,0.084774,0.341091,0.182947,-0.124346,0.344388,-0.191935,0.093157,0.326488,-0.196679,-0.115963,0.329784,0.171270,0.127653,0.153197,0.199508,-0.172692,0.185584,-0.182908,0.135565,0.145388,-0.159829,-0.165208,0.143147
-0.006355,-0.023476,0.321647,0.187640,0.073360,0.327102,0.179036,-0.135619,0.331408,-0.191746,0.088667,0.311886,-0.200351,-0.120311,0.316193,0.162172,0.116155,0.145056,0.224423,-0.185839,0.192955,-0.208842,0.131302,0.138778,-0.153931,-0.171692,0.123472
-0.008493,-0.031242,0.303280,0.186345,0.063915,0.308218,0.175879,-0.144933,0.314340,-0.192866,0.082449,0.292220,-0.203331,-0.126400,0.298342,0.151227,0.105816,0.124504,0.231614,-0.196926,0.189055,-0.210036,0.123995,0.127076,-0.148865,-0.180607,0.095309
-0.010967,-0.039078,0.281409,0.184133,0.055536,0.286429,0.173043,-0.153251,0.293487,-0.194978,0.075095,0.269331,-0.206068,-0.133691,0.276389,0.159481,0.096267,0.105431,0.232143,-0.206469,0.159224,-0.201400,0.115253,0.100001,-0.145163,-0.189650,0.063874
-0.012754,-0.047081,0.256112,0.182312,0.047542,0.262158,0.171208,-0.161255,0.268888,-0.196717,0.067093,0.243335,-0.207821,-0.141704,0.250066,0.170215,0.087931,0.082464,0.222052,-0.214589,0.110897,-0.194702,0.106681,0.062096,-0.146193,-0.197690,0.027631
-0.014181,-0.054222,0.227896,0.181512,0.038951,0.235916,0.168976,-0.169849,0.239071,-0.197339,0.061405,0.216721,-0.209874,-0.147395,0.219877,0.173832,0.082171,0.052105,0.198774,-0.220074,0.047236,-0.185625,0.103209,0.016204,-0.145436,-0.199884,0.015817
-0.013012,-0.060265,0.204561,0.183457,0.031560,0.207591,0.169663,-0.177179,0.206038,-0.195687,0.056650,0.203083,-0.209481,-0.152089,0.201531,0.159200,0.080139,0.015971,0.180606,-0.222038,0.015853,-0.184806,0.102873,0.015912,-0.144905,-0.200525,0.015728
-0.009409,-0.064339,0.190755,0.187048,0.027561,0.190092,0.173252,-0.181101,0.184204,-0.192070,0.052423,0.197305,-0.205866,-0.156238,0.191418,0.158852,0.079908,0.015876,0.179568,-0.222340,0.016013,-0.184272,0.102595,0.015852,-0.144255,-0.200921,0.015722
-0.004194,-0.066086,0.182365,0.192228,0.025858,0.179991,0.178373,-0.182739,0.172240,-0.186761,0.050567,0.192490,-0.200617,-0.158029,0.184739,0.158971,0.079746,0.015889,0.179365,-0.222580,0.015972,-0.190377,0.102954,0.015797,-0.143593,-0.201119,0.015750
0.001362,-0.066483,0.176842,0.197750,0.025501,0.173414,0.183883,-0.183084,0.165374,-0.181159,0.050119,0.188310,-0.195026,-0.158466,0.180269,0.159281,0.079716,0.015865,0.182070,-0.222787,0.015957,-0.199854,0.103450,0.019584,-0.142965,-0.201172,0.015818
0.006763,-0.066231,0.173801,0.203132,0.025776,0.169872,0.189290,-0.182833,0.162446,-0.175764,0.050372,0.185155,-0.189605,-0.158238,0.177730,0.159704,0.079721,0.015795,0.193418,-0.223511,0.017062,-0.206651,0.103706,0.024836,-0.142409,-0.201187,0.015886
0.012159,-0.065750,0.172732,0.208504,0.026298,0.168584,0.194734,-0.182348,0.162131,-0.170416,0.050848,0.183333,-0.184185,-0.157798,0.176881,0.160201,0.079782,0.015788,0.209585,-0.224523,0.020647,-0.209203,0.103656,0.032083,-0.141881,-0.201183,0.015937
0.017607,-0.065407,0.173216,0.213955,0.026631,0.169021,0.200204,-0.182042,0.163436,-0.164991,0.051228,0.182995,-0.178741,-0.157445,0.177410,0.160734,0.079803,0.015814,0.222716,-0.225346,0.023536,-0.207196,0.103442,0.038491,-0.141392,-0.201151,0.016008
0.023199,-0.065338,0.174755,0.219546,0.026709,0.170711,0.205829,-0.181980,0.165696,-0.159431,0.051304,0.183814,-0.173148,-0.157385,0.178799,0.161300,0.079823,0.015748,0.231108,-0.225813,0.024642,-0.202049,0.103048,0.043080,-0.140937,-0.201152,0.016012
0.028978,-0.065605,0.176940,0.225342,0.026422,0.173290,0.211620,-0.182271,0.168452,-0.153664,0.051061,0.185429,-0.167386,-0.157632,0.180591,0.161905,0.079802,0.015885,0.235728,-0.226088,0.024836,-0.195115,0.102565,0.046581,-0.140484,-0.201146,0.016002
0.034939,-0.066254,0.179511,0.231308,0.025782,0.176379,0.217603,-0.182907,0.171335,-0.147725,0.050400,0.187686,-0.161430,-0.158290,0.182643,0.162522,0.079738,0.015940,0.237745,-0.226260,0.025223,-0.187001,0.101868,0.050023,-0.140041,-0.201226,0.015938
0.041079,-0.067245,0.182327,0.237444,0.024813,0.179700,0.223762,-0.183863,0.174051,-0.141604,0.049372,0.190603,-0.155287,-0.159304,0.184954,0.163142,0.079683,0.015913,0.237919,-0.226344,0.025868,-0.177788,0.101015,0.053673,-0.139584,-0.201321,0.015894
0.047424,-0.068626,0.185285,0.243790,0.023443,0.183062,0.230106,-0.185203,0.176413,-0.135257,0.047950,0.194157,-0.148941,-0.160696,0.187508,0.163779,0.079586,0.015995,0.236411,-0.226399,0.026174,-0.167012,0.099981,0.056799,-0.139134,-0.201438,0.015818
0.054005,-0.070396,0.188195,0.250375,0.021668,0.186171,0.236654,-0.186927,0.178143,-0.128645,0.046134,0.198248,-0.142365,-0.162461,0.190220,0.164419,0.079453,0.015984,0.232722,-0.226326,0.024196,-0.153707,0.098769,0.057802,-0.138689,-0.201571,0.015771
0.060717,-0.072304,0.190567,0.257064,0.019795,0.187995,0.243305,-0.188734,0.178463,-0.121872,0.044127,0.202671,-0.135631,-0.164403,0.193139,0.165030,0.079330,0.015903,0.226999,-0.225899,0.017540,-0.137052,0.097456,0.055393,-0.138276,-0.201716,0.015740
0.067223,-0.073730,0.191912,0.263442,0.018592,0.187985,0.249811,-0.189900,0.177513,-0.115366,0.042439,0.206311,-0.128997,-0.166053,0.195839,0.175132,0.078626,0.015663,0.227093,-0.225895,0.015767,-0.116072,0.096012,0.048569,-0.138248,-0.202008,0.015760
0.073242,-0.074326,0.192039,0.269022,0.018882,0.187157,0.256306,-0.189697,0.177272,-0.109822,0.041046,0.206807,-0.122538,-0.167533,0.196922,0.207859,0.076252,0.017164,0.227701,-0.225886,0.015806,-0.093269,0.093535,0.039842,-0.140514,-0.203436,0.015735
0.078989,-0.074287,0.190015,0.274215,0.020084,0.185321,0.262821,-0.188637,0.176935,-0.104843,0.040063,0.203095,-0.116237,-0.168659,0.194708,0.250548,0.073378,0.024846,0.228335,-0.225837,0.015864,-0.072296,0.091010,0.024668,-0.145346,-0.205556,0.018821
0.084425,-0.073532,0.185851,0.279549,0.021103,0.182413,0.268545,-0.187690,0.175417,-0.099695,0.040626,0.196284,-0.110699,-0.168168,0.189288,0.280532,0.071497,0.035984,0.228848,-0.225788,0.015806,-0.065612,0.090407,0.016053,-0.147960,-0.206271,0.025991
0.089878,-0.072929,0.182359,0.285066,0.021600,0.179705,0.274004,-0.187218,0.173594,-0.094248,0.041359,0.191124,-0.105310,-0.167459,0.185013,0.296145,0.070618,0.040558,0.229324,-0.225766,0.015771,-0.064953,0.090465,0.015999,-0.148269,-0.206322,0.034832
0.095524,-0.072701,0.180895,0.290725,0.021802,0.178237,0.279650,-0.187031,0.172701,-0.088602,0.041630,0.189090,-0.099677,-0.167203,0.183553,0.305434,0.070176,0.041560,0.229853,-0.225760,0.015779,-0.064411,0.090469,0.015897,-0.146411,-0.206527,0.042944
0.101305,-0.072510,0.181411,0.296513,0.021965,0.178322,0.285413,-0.186882,0.173385,-0.082803,0.041862,0.189437,-0.093903,-0.166985,0.184500,0.312574,0.069877,0.041345,0.230414,-0.225761,0.015848,-0.063920,0.090489,0.015862,-0.142340,-0.206744,0.049436
0.107174,-0.072044,0.183159,0.302385,0.022401,0.179428,0.291264,-0.186465,0.175412,-0.076916,0.042376,0.190906,-0.088037,-0.166490,0.186890,0.318467,0.069737,0.040584,0.231021,-0.225710,0.015779,-0.063485,0.090550,0.015817,-0.136362,-0.206884,0.053992
0.113094,-0.071152,0.185363,0.308308,0.023252,0.180821,0.297170,-0.185635,0.178218,-0.070981,0.043331,0.192509,-0.082119,-0.165556,0.189906,0.323203,0.069738,0.039400,0.231640,-0.225635,0.015819,-0.063054,0.090628,0.015855,-0.128702,-0.206938,0.057326
0.119059,-0.069786,0.187579,0.314290,0.024529,0.182048,0.303105,-0.184371,0.181382,-0.064988,0.044799,0.193776,-0.076173,-0.164101,0.193111,0.326898,0.069829,0.037558,0.232257,-0.225566,0.015863,-0.062610,0.090753,0.015869,-0.119260,-0.206884,0.059755
0.125061,-0.067848,0.189553,0.320297,0.026380,0.182836,0.309098,-0.182512,0.184664,-0.058976,0.046815,0.194442,-0.070175,-0.162077,0.196271,0.329510,0.070104,0.034430,0.232872,-0.225420,0.015832,-0.062146,0.090939,0.015873,-0.107568,-0.206776,0.060712
0.131081,-0.065369,0.191037,0.326297,0.028778,0.182780,0.315130,-0.180067,0.187657,-0.052968,0.049330,0.194417,-0.064136,-0.159515,0.199294,0.329948,0.070504,0.028373,0.233483,-0.225241,0.015840,-0.061644,0.091151,0.015861,-0.092456,-0.206811,0.058708
0.137114,-0.062599,0.191541,0.332347,0.031256,0.180754,0.321069,-0.177472,0.189118,-0.046842,0.052274,0.193964,-0.058120,-0.156455,0.202328,0.324842,0.070634,0.016514,0.233925,-0.225259,0.015838,-0.061142,0.091463,0.015856,-0.071590,-0.207319,0.051602
0.143011,-0.060287,0.190974,0.338258,0.033233,0.177800,0.326852,-0.175353,0.189041,-0.040830,0.054778,0.192906,-0.052236,-0.153808,0.204148,0.325220,0.070803,0.015873,0.265018,-0.226846,0.016645,-0.061224,0.091933,0.015821,-0.041615,-0.208851,0.039402
0.148930,-0.059402,0.188883,0.344365,0.033662,0.175270,0.332546,-0.174835,0.187684,-0.034687,0.056030,0.190082,-0.046506,-0.152467,0.202496,0.325706,0.070835,0.015922,0.312747,-0.229119,0.023031,-0.061634,0.092784,0.015804,-0.003871,-0.210846,0.028512
0.155066,-0.060051,0.184897,0.350590,0.032984,0.172406,0.338665,-0.175517,0.184653,-0.028534,0.055415,0.185142,-0.040459,-0.153085,0.197389,0.326148,0.070794,0.015948,0.351750,-0.230809,0.032430,-0.061004,0.092927,0.015784,0.030701,-0.213244,0.018858
0.161398,-0.061577,0.180079,0.356951,0.031568,0.168939,0.345029,-0.176992,0.180124,-0.022233,0.053838,0.180035,-0.034155,-0.154722,0.191220,0.326639,0.070686,0.015962,0.377934,-0.231935,0.040782,-0.060215,0.092790,0.015784,0.036586,-0.213760,0.015853
0.167540,-0.063034,0.176069,0.363067,0.030274,0.165890,0.351237,-0.178344,0.176051,-0.016158,0.052276,0.176087,-0.027988,-0.156342,0.186247,0.327128,0.070590,0.016036,0.393597,-0.232563,0.047933,-0.058698,0.092674,0.020234,0.037241,-0.213923,0.015730
0.173487,-0.064247,0.173856,0.369007,0.029188,0.164753,0.357236,-0.179475,0.174006,-0.010262,0.050981,0.173707,-0.022033,-0.157683,0.182959,0.327702,0.070488,0.015976,0.402568,-0.233013,0.051927,-0.055180,0.092529,0.025937,0.037865,-0.214050,0.015600
0.179279,-0.065308,0.173549,0.374802,0.028238,0.165731,0.363071,-0.180465,0.174086,-0.004513,0.049850,0.173011,-0.016244,-0.158853,0.181366,0.328301,0.070414,0.015957,0.408314,-0.233434,0.052498,-0.050144,0.092246,0.029956,0.038449,-0.214117,0.015719
0.184954,-0.066216,0.174648,0.380476,0.027435,0.168169,0.368789,-0.181301,0.175756,0.001119,0.048870,0.173540,-0.010568,-0.159866,0.181126,0.328910,0.070339,0.015918,0.412193,-0.233814,0.051076,-0.044222,0.091841,0.032703,0.038975,-0.214199,0.015802
0.190599,-0.067101,0.176582,0.386125,0.026627,0.171476,0.374461,-0.182135,0.178327,0.006738,0.047934,0.174837,-0.004926,-0.160828,0.181688,0.329543,0.070227,0.015865,0.414704,-0.234170,0.049086,-0.037840,0.091385,0.035123,0.039486,-0.214297,0.015863
0.196257,-0.067924,0.178917,0.391778,0.025873,0.175093,0.380141,-0.182913,0.181231,0.012372,0.047064,0.176602,0.000736,-0.161722,0.182740,0.330160,0.070165,0.015789,0.416191,-0.234396,0.047404,-0.031059,0.090947,0.037905,0.039968,-0.214354,0.015903
0.201956,-0.068733,0.181379,0.397466,0.025124,0.178622,0.385859,-0.183682,0.184111,0.018052,0.046215,0.178646,0.006445,-0.162590,0.184135,0.330762,0.070086,0.015748,0.416987,-0.234565,0.046491,-0.023822,0.090468,0.041292,0.040427,-0.214437,0.015932
0.207722,-0.069588,0.183901,0.403225,0.024307,0.181994,0.391635,-0.184517,0.186804,0.023808,0.045341,0.180999,0.012219,-0.163482,0.185809,0.331359,0.070000,0.015807,0.417299,-0.234700,0.046696,-0.016085,0.089968,0.045575,0.040868,-0.214517,0.015937
0.213614,-0.070602,0.186556,0.409094,0.023351,0.185359,0.397553,-0.185493,0.189329,0.029674,0.044288,0.183782,0.018133,-0.164556,0.187753,0.331943,0.069919,0.015845,0.417261,-0.234801,0.047785,-0.007708,0.089344,0.050322,0.041297,-0.214630,0.015930
0.219700,-0.071823,0.189445,0.415166,0.022164,0.188821,0.403655,-0.186699,0.191723,0.035744,0.043052,0.187167,0.024233,-0.165811,0.190070,0.332541,0.069838,0.015883,0.416453,-0.234907,0.049236,0.001852,0.088605,0.054869,0.041710,-0.214718,0.015909
0.226086,-0.073288,0.192594,0.421525,0.020758,0.192357,0.410076,-0.188122,0.194003,0.042096,0.041546,0.191184,0.030647,-0.167334,0.192830,0.333152,0.069731,0.015866,0.414419,-0.235014,0.050015,0.013445,0.087586,0.057926,0.042127,-0.214878,0.015862
0.232761,-0.074951,0.195739,0.428201,0.019094,0.195514,0.416752,-0.189792,0.195756,0.048770,0.039890,0.195722,0.037322,-0.168996,0.195964,0.333777,0.069579,0.015897,0.411044,-0.235169,0.048078,0.027888,0.086393,0.057842,0.042547,-0.215010,0.015865
0.239536,-0.076553,0.198061,0.434921,0.017597,0.196775,0.423576,-0.191292,0.195680,0.055497,0.038186,0.200441,0.044151,-0.170704,0.199346,0.334487,0.069518,0.015937,0.406548,-0.235070,0.040274,0.045845,0.084998,0.053400,0.042842,-0.215188,0.015854
0.246115,-0.077934,0.198469,0.441090,0.017024,0.195487,0.430566,-0.191894,0.192799,0.061664,0.036025,0.204140,0.051140,-0.172893,0.201452,0.362720,0.068802,0.015261,0.400641,-0.233725,0.023990,0.068122,0.083261,0.044850,0.042812,-0.215596,0.015860
0.252380,-0.079094,0.195989,0.446560,0.017362,0.190344,0.437617,-0.191634,0.188038,0.067144,0.033447,0.203939,0.058201,-0.175549,0.201633,0.395621,0.066913,0.020183,0.398015,-0.233535,0.015939,0.092817,0.079710,0.034679,0.035832,-0.218083,0.020031
0.258099,-0.079559,0.191654,0.451442,0.018507,0.185138,0.444267,-0.190566,0.183915,0.071930,0.031448,0.199392,0.064755,-0.177626,0.198169,0.435069,0.065453,0.030232,0.398531,-0.233491,0.015944,0.113130,0.076575,0.017644,0.027957,-0.220858,0.030263
0.263615,-0.079399,0.186581,0.456919,0.018760,0.180302,0.449862,-0.190319,0.179528,0.077367,0.031521,0.193635,0.070310,-0.177558,0.192860,0.460443,0.064644,0.037949,0.398927,-0.233470,0.015867,0.113779,0.076426,0.015977,0.025742,-0.220964,0.039857
0.269217,-0.079300,0.183224,0.462543,0.018803,0.176765,0.455435,-0.190276,0.176290,0.082998,0.031676,0.190157,0.075890,-0.177403,0.189682,0.474870,0.064173,0.039205,0.399373,-0.233481,0.015840,0.114387,0.076481,0.015967,0.026664,-0.220888,0.050037
0.274990,-0.079132,0.182194,0.468304,0.018955,0.175135,0.461192,-0.190124,0.175076,0.088788,0.031860,0.189311,0.081676,-0.177219,0.189252,0.485075,0.063900,0.038639,0.399901,-0.233470,0.015791,0.114900,0.076497,0.015948,0.030280,-0.220910,0.057757
0.280956,-0.078583,0.182977,0.474254,0.019465,0.175000,0.467134,-0.189612,0.175813,0.094778,0.032447,0.190141,0.087658,-0.176630,0.190954,0.493014,0.063767,0.037159,0.400491,-0.233442,0.015795,0.115357,0.076545,0.015821,0.035912,-0.220842,0.063144
0.287083,-0.077477,0.184732,0.480367,0.020504,0.175679,0.473243,-0.188562,0.177974,0.100923,0.033609,0.191490,0.093798,-0.175457,0.193785,0.499183,0.063798,0.034977,0.401106,-0.233363,0.015792,0.115831,0.076652,0.015876,0.043336,-0.220611,0.066757
0.293329,-0.075813,0.186784,0.486598,0.022081,0.176533,0.479487,-0.186953,0.180914,0.107171,0.035326,0.192654,0.100060,-0.173707,0.197035,0.503643,0.063952,0.031738,0.401738,-0.233254,0.015822,0.116314,0.076797,0.015910,0.052842,-0.220274,0.068855
0.299664,-0.073494,0.188671,0.492888,0.024328,0.176997,0.485859,-0.184632,0.184119,0.113468,0.037644,0.193223,0.106439,-0.171316,0.200345,0.506159,0.064259,0.026616,0.402385,-0.233062,0.015825,0.116838,0.076991,0.015930,0.065051,-0.219908,0.068827
0.306036,-0.070663,0.189985,0.499196,0.027047,0.176449,0.492275,-0.181778,0.186881,0.119797,0.040451,0.193090,0.112876,-0.168374,0.203521,0.505815,0.064455,0.018215,0.403003,-0.232892,0.015895,0.117375,0.077214,0.015937,0.080984,-0.219742,0.065511
0.312284,-0.067741,0.190512,0.505463,0.029592,0.174718,0.498434,-0.179032,0.188550,0.126135,0.043549,0.192474,0.119106,-0.165075,0.206307,0.505875,0.064611,0.015706,0.403506,-0.232848,0.016029,0.117839,0.077697,0.015913,0.102879,-0.220041,0.056439
0.318241,-0.065720,0.190666,0.511443,0.031356,0.173619,0.504355,-0.177086,0.189940,0.132128,0.045647,0.191392,0.125040,-0.162795,0.207713,0.506340,0.064781,0.015709,0.439169,-0.234008,0.017218,0.118156,0.077996,0.015900,0.133258,-0.221532,0.043708
0.324255,-0.065163,0.189439,0.517524,0.031800,0.172515,0.510349,-0.176564,0.189773,0.138161,0.046239,0.189105,0.130986,-0.162125,0.206363,0.506848,0.064821,0.015824,0.490259,-0.235337,0.022767,0.118555,0.078201,0.015905,0.170682,-0.223438,0.033548
0.330584,-0.066193,0.186216,0.523910,0.030880,0.170632,0.516709,-0.177536,0.187230,0.144458,0.045151,0.185202,0.137257,-0.163265,0.201801,0.507361,0.064746,0.015857,0.531659,-0.236006,0.032376,0.119267,0.078151,0.015802,0.206599,-0.225352,0.025128
0.337223,-0.068596,0.181448,0.530618,0.028745,0.168627,0.523408,-0.179834,0.183025,0.151038,0.042642,0.179871,0.143829,-0.165937,0.194269,0.507913,0.064573,0.015894,0.559376,-0.236478,0.040824,0.120079,0.077966,0.015716,0.225401,-0.226651,0.015944
0.343674,-0.070961,0.176901,0.537013,0.026748,0.166227,0.529992,-0.181974,0.178487,0.157355,0.040052,0.175315,0.150334,-0.168670,0.187575,0.508437,0.064433,0.015900,0.576444,-0.236715,0.048680,0.121854,0.077447,0.016066,0.226138,-0.226857,0.015904
0.349768,-0.072762,0.173880,0.543063,0.025197,0.164812,0.536178,-0.183622,0.175384,0.163357,0.038099,0.172375,0.156472,-0.170720,0.182948,0.508963,0.064316,0.015930,0.585913,-0.236947,0.053882,0.123689,0.077215,0.019796,0.226803,-0.227035,0.015791
0.355600,-0.074104,0.172719,0.548882,0.024004,0.165084,0.542060,-0.184880,0.174331,0.169141,0.036672,0.171107,0.162319,-0.172212,0.180354,0.509550,0.064209,0.016037,0.591594,-0.237313,0.054688,0.126440,0.077049,0.023468,0.227412,-0.227147,0.015661
0.361248,-0.075165,0.173084,0.554531,0.023041,0.166887,0.547735,-0.185888,0.175073,0.174761,0.035559,0.171095,0.167965,-0.173371,0.179281,0.510162,0.064080,0.015977,0.595544,-0.237738,0.052918,0.130520,0.076825,0.026100,0.227964,-0.227243,0.015652
0.366785,-0.076012,0.174524,0.560048,0.022315,0.169765,0.553317,-0.186649,0.177093,0.180253,0.034625,0.171955,0.173522,-0.174338,0.179282,0.510766,0.064009,0.015940,0.598493,-0.238049,0.050365,0.135591,0.076529,0.028344,0.228490,-0.227345,0.015754
0.372274,-0.076660,0.176529,0.565531,0.021734,0.173121,0.558822,-0.187251,0.179796,0.185727,0.033931,0.173262,0.179018,-0.175055,0.179937,0.511375,0.063948,0.015897,0.600674,-0.238313,0.047618,0.141478,0.076279,0.030218,0.228987,-0.227397,0.015825
0.377775,-0.077164,0.178682,0.571019,0.021290,0.176471,0.564335,-0.187711,0.182686,0.191216,0.033383,0.174677,0.184531,-0.175617,0.180892,0.511975,0.063895,0.015837,0.602333,-0.238492,0.045725,0.147894,0.076029,0.032310,0.229466,-0.227455,0.015875
0.383307,-0.077599,0.180770,0.576532,0.020908,0.179587,0.569875,-0.188105,0.185404,0.196738,0.032908,0.176136,0.190081,-0.176105,0.181953,0.512564,0.063876,0.015753,0.603826,-0.238585,0.044999,0.154632,0.075817,0.035168,0.229939,-0.227486,0.015909
0.388882,-0.078003,0.182763,0.582094,0.020537,0.182365,0.575453,-0.188485,0.187865,0.202311,0.032479,0.177661,0.195670,-0.176543,0.183160,0.513130,0.063834,0.015767,0.605322,-0.238667,0.045555,0.161650,0.075612,0.039007,0.230398,-0.227535,0.015927
0.394518,-0.078468,0.184805,0.587713,0.020105,0.185020,0.581096,-0.188928,0.190145,0.207940,0.031991,0.179466,0.201323,-0.177042,0.184590,0.513696,0.063786,0.015814,0.606695,-0.238729,0.047211,0.169031,0.075386,0.043907,0.230842,-0.227597,0.015931
0.400297,-0.079086,0.187111,0.593477,0.019515,0.187834,0.586886,-0.189531,0.192383,0.213709,0.031359,0.181839,0.207118,-0.177688,0.186389,0.514271,0.063753,0.015844,0.607614,-0.238777,0.049556,0.177091,0.075112,0.049292,0.231270,-0.227643,0.015918
0.406311,-0.079933,0.189861,0.599473,0.018699,0.190992,0.592918,-0.190365,0.194756,0.219704,0.030498,0.184966,0.213149,-0.178565,0.188731,0.514858,0.063678,0.015866,0.607487,-0.238872,0.051964,0.186463,0.074669,0.054364,0.231679,-0.227738,0.015865
0.412653,-0.081100,0.193083,0.605798,0.017560,0.194544,0.599285,-0.191521,0.197205,0.226021,0.029320,0.188960,0.219508,-0.179761,0.191621,0.515462,0.063576,0.015883,0.605800,-0.239029,0.053541,0.197968,0.074000,0.057733,0.232102,-0.227866,0.015876
0.419302,-0.082527,0.196475,0.612447,0.016134,0.197957,0.605951,-0.192961,0.199264,0.232653,0.027906,0.193686,0.226157,-0.181189,0.194993,0.516093,0.063463,0.015933,0.602521,-0.239245,0.052325,0.212326,0.073162,0.057838,0.232507,-0.227978,0.015875
0.426048,-0.083870,0.199106,0.619193,0.014803,0.199428,0.612721,-0.194297,0.199537,0.239375,0.026557,0.198674,0.232904,-0.182543,0.198783,0.516720,0.063351,0.015933,0.597877,-0.239390,0.045014,0.230239,0.072236,0.053243,0.232792,-0.228106,0.015872
0.432581,-0.084961,0.199794,0.625345,0.014442,0.198313,0.619652,-0.194677,0.196959,0.245510,0.024755,0.202630,0.239817,-0.184363,0.201276,0.547524,0.063212,0.015502,0.591752,-0.238298,0.029058,0.252483,0.071056,0.044580,0.232667,-0.228436,0.015877
0.438942,-0.085968,0.197196,0.630941,0.014832,0.193082,0.626743,-0.194321,0.191586,0.251141,0.022385,0.202806,0.246943,-0.186768,0.201310,0.588109,0.062384,0.020809,0.588359,-0.237755,0.016044,0.278271,0.068508,0.034019,0.225353,-0.230501,0.020490
0.444941,-0.086342,0.192150,0.636181,0.015824,0.186621,0.633487,-0.193357,0.185907,0.256394,0.020674,0.198393,0.253701,-0.188508,0.197679,0.626947,0.061927,0.031286,0.588828,-0.237656,0.015908,0.300633,0.066173,0.018084,0.216400,-0.232914,0.031383
0.450758,-0.086113,0.186667,0.641927,0.016157,0.180628,0.639360,-0.193027,0.180354,0.262156,0.020802,0.192979,0.259589,-0.188383,0.192705,0.650115,0.061697,0.038173,0.589197,-0.237649,0.015864,0.301331,0.066007,0.015973,0.213237,-0.233068,0.041240
0.456564,-0.085854,0.183047,0.647730,0.016378,0.176298,0.645133,-0.192806,0.176404,0.267995,0.021099,0.189691,0.265398,-0.188085,0.189797,0.663013,0.061572,0.038878,0.589644,-0.237652,0.015858,0.301941,0.066042,0.015947,0.214122,-0.232972,0.052595
0.462479,-0.085419,0.181937,0.653628,0.016772,0.174188,0.651009,-0.192411,0.174856,0.273948,0.021574,0.189019,0.271329,-0.187609,0.189687,0.672247,0.061558,0.038174,0.590180,-0.237611,0.015792,0.302477,0.066117,0.015955,0.218172,-0.232810,0.060578
0.468533,-0.084648,0.182744,0.659648,0.017510,0.173810,0.657040,-0.191667,0.175455,0.280025,0.022371,0.190033,0.277417,-0.186806,0.191678,0.679546,0.061637,0.036487,0.590764,-0.237551,0.015799,0.302937,0.066170,0.015846,0.224221,-0.232588,0.065778
0.474752,-0.083321,0.184569,0.665843,0.018764,0.174347,0.663239,-0.190395,0.177576,0.286266,0.023754,0.191561,0.283662,-0.185405,0.194790,0.685309,0.061814,0.034089,0.591387,-0.237458,0.015786,0.303416,0.066287,0.015868,0.231869,-0.232157,0.069311
0.481102,-0.081413,0.186681,0.672181,0.020544,0.175072,0.669570,-0.188569,0.180489,0.292634,0.025743,0.192873,0.290023,-0.183371,0.198290,0.689596,0.062055,0.030653,0.592019,-0.237336,0.015818,0.303903,0.066487,0.015917,0.241444,-0.231522,0.071336
0.487539,-0.078903,0.188594,0.678570,0.022955,0.175426,0.676039,-0.186068,0.183631,0.299040,0.028262,0.193557,0.296509,-0.180762,0.201762,0.692106,0.062384,0.025230,0.592664,-0.237135,0.015812,0.304437,0.066713,0.015940,0.253646,-0.230850,0.071358
0.494001,-0.075859,0.189903,0.684964,0.025852,0.174766,0.682540,-0.183012,0.186360,0.305463,0.031294,0.193446,0.303038,-0.177570,0.205040,0.691948,0.062516,0.016620,0.593263,-0.236959,0.015939,0.304983,0.066970,0.015946,0.269377,-0.230297,0.068230
0.500277,-0.072769,0.190542,0.691241,0.028600,0.173282,0.688769,-0.180041,0.188363,0.311785,0.034502,0.192721,0.309312,-0.174139,0.207802,0.692453,0.062767,0.015695,0.594023,-0.236944,0.016066,0.305416,0.067370,0.015930,0.290855,-0.230212,0.059497
0.506247,-0.070602,0.190921,0.697239,0.030535,0.172642,0.694733,-0.177904,0.190291,0.317760,0.036699,0.191551,0.315254,-0.171740,0.209200,0.692926,0.062911,0.015657,0.628834,-0.237435,0.016588,0.305807,0.067589,0.015935,0.320325,-0.231147,0.047043
0.512314,-0.069916,0.189970,0.703368,0.031142,0.171891,0.700801,-0.177217,0.190454,0.323827,0.037386,0.189486,0.321260,-0.170973,0.208050,0.693463,0.062989,0.015780,0.679788,-0.237634,0.021621,0.306246,0.067769,0.015894,0.357275,-0.232351,0.036322
0.518711,-0.070839,0.187004,0.709816,0.030355,0.170274,0.707238,-0.178065,0.188142,0.330184,0.036387,0.185867,0.327606,-0.172033,0.203734,0.693986,0.062930,0.015825,0.721941,-0.237331,0.031079,0.306957,0.067719,0.015850,0.393990,-0.233560,0.027752
0.525455,-0.073212,0.182318,0.716639,0.028285,0.168595,0.714043,-0.180322,0.184124,0.336868,0.033899,0.180512,0.334272,-0.174708,0.196040,0.694566,0.062769,0.015861,0.750635,-0.237113,0.039632,0.307769,0.067567,0.015644,0.419029,-0.234715,0.016397
0.531967,-0.075729,0.177495,0.723117,0.026160,0.166482,0.720679,-0.182615,0.179581,0.343255,0.031156,0.175409,0.340817,-0.177619,0.188508,0.695115,0.062581,0.015890,0.768693,-0.236927,0.048749,0.309920,0.067071,0.015754,0.419787,-0.234912,0.015933
0.538067,-0.077583,0.174192,0.729179,0.024558,0.165007,0.726860,-0.184327,0.176258,0.349274,0.029160,0.172126,0.346954,-0.179724,0.183376,0.695640,0.062420,0.015927,0.778623,-0.236961,0.054812,0.311503,0.066827,0.018563,0.420461,-0.235083,0.015827
0.543858,-0.078926,0.172777,0.734948,0.023381,0.165117,0.732702,-0.185577,0.174915,0.355013,0.027725,0.170639,0.352767,-0.181233,0.180437,0.696199,0.062310,0.016031,0.784331,-0.237207,0.056083,0.313249,0.066705,0.021966,0.421074,-0.235194,0.015705
0.549421,-0.079941,0.172918,0.740481,0.022527,0.166771,0.738322,-0.186484,0.175396,0.360520,0.026602,0.170440,0.358362,-0.182409,0.179065,0.696789,0.062246,0.015963,0.788300,-0.237486,0.054338,0.316356,0.066529,0.024541,0.421622,-0.235298,0.015610
0.554865,-0.080719,0.174161,0.745915,0.021846,0.169525,0.743792,-0.187201,0.177232,0.365938,0.025763,0.171091,0.363815,-0.183284,0.178798,0.697385,0.062161,0.015956,0.791351,-0.237802,0.051516,0.320794,0.066376,0.026551,0.422149,-0.235373,0.015691
0.560249,-0.081261,0.176017,0.751282,0.021391,0.172790,0.749198,-0.187680,0.179836,0.371301,0.025158,0.172199,0.369217,-0.183913,0.179244,0.697984,0.062114,0.015914,0.793691,-0.238023,0.048611,0.326246,0.066232,0.028171,0.422646,-0.235431,0.015798
0.565638,-0.081642,0.178062,0.756647,0.021085,0.176088,0.754602,-0.188002,0.182666,0.376673,0.024718,0.173458,0.374629,-0.184369,0.180036,0.698570,0.062086,0.015858,0.795402,-0.238161,0.046448,0.332343,0.066113,0.030005,0.423119,-0.235483,0.015853
0.571058,-0.081894,0.180054,0.762052,0.020876,0.179135,0.760022,-0.188220,0.185413,0.382095,0.024432,0.174695,0.380064,-0.184664,0.180974,0.699154,0.062055,0.015785,0.796950,-0.238255,0.045406,0.338822,0.066053,0.032437,0.423588,-0.235516,0.015893
0.576519,-0.082062,0.181927,0.767498,0.020740,0.181830,0.765478,-0.188362,0.187909,0.387560,0.024239,0.175944,0.385540,-0.184863,0.182023,0.699725,0.062037,0.015734,0.798596,-0.238287,0.045746,0.345536,0.066043,0.035859,0.424045,-0.235536,0.015914
0.582029,-0.082237,0.183799,0.772992,0.020594,0.184321,0.770988,-0.188514,0.190211,0.393071,0.024039,0.177387,0.391067,-0.185068,0.183277,0.700286,0.062013,0.015790,0.800315,-0.238290,0.047313,0.352499,0.066041,0.040448,0.424495,-0.235573,0.015925
0.587652,-0.082512,0.185885,0.778593,0.020356,0.186886,0.776621,-0.188761,0.192446,0.398683,0.023737,0.179325,0.396711,-0.185380,0.184884,0.700833,0.062009,0.015824,0.801706,-0.238259,0.049746,0.359967,0.066022,0.045860,0.424921,-0.235606,0.015922
0.593466,-0.083000,0.188406,0.784374,0.019924,0.189799,0.782463,-0.189208,0.194814,0.404468,0.023207,0.181999,0.402558,-0.185924,0.187014,0.701399,0.061975,0.015854,0.802279,-0.238266,0.052527,0.368402,0.065870,0.051435,0.425330,-0.235701,0.015902
0.599558,-0.083778,0.191484,0.790450,0.019169,0.193271,0.788573,-0.189982,0.197403,0.410542,0.022425,0.185564,0.408665,-0.186725,0.189696,0.701988,0.061918,0.015870,0.801510,-0.238373,0.055004,0.378496,0.065616,0.056085,0.425719,-0.235773,0.015878
0.606012,-0.084839,0.195009,0.796891,0.018129,0.197042,0.795055,-0.191042,0.200015,0.416970,0.021364,0.190003,0.415134,-0.187807,0.192976,0.702616,0.061838,0.015923,0.799043,-0.238579,0.056095,0.391077,0.065176,0.058312,0.426131,-0.235877,0.015885
0.612719,-0.086021,0.198422,0.803591,0.016964,0.200101,0.801798,-0.192222,0.201828,0.423639,0.020179,0.195015,0.421846,-0.189007,0.196742,0.703226,0.061757,0.015957,0.795121,-0.238846,0.053053,0.406810,0.064633,0.056557,0.426488,-0.235993,0.015885
0.619368,-0.086990,0.200456,0.810063,0.016336,0.200300,0.808664,-0.192858,0.200892,0.430072,0.018877,0.200020,0.428672,-0.190317,0.200613,0.707107,0.061954,0.015967,0.790052,-0.238633,0.042839,0.426149,0.063931,0.050298,0.426723,-0.236279,0.015920
0.625566,-0.087891,0.200073,0.815690,0.016450,0.197425,0.815398,-0.192749,0.196922,0.435735,0.016968,0.203224,0.435442,-0.192231,0.202721,0.741188,0.062436,0.018113,0.784054,-0.237740,0.024209,0.449373,0.062790,0.040604,0.420089,-0.237214,0.017264
0.631353,-0.088837,0.196250,0.820768,0.016719,0.191654,0.821802,-0.192477,0.190832,0.440905,0.014804,0.201667,0.441938,-0.194392,0.200846,0.790051,0.062666,0.026720,0.781579,-0.237440,0.015977,0.475753,0.061105,0.028896,0.407044,-0.239338,0.028377
0.636829,-0.088783,0.190368,0.825784,0.017585,0.185569,0.827734,-0.191605,0.185432,0.445925,0.014039,0.195304,0.447875,-0.195152,0.195167,0.825278,0.063129,0.037988,0.781974,-0.237373,0.015936,0.491158,0.060029,0.015994,0.400987,-0.240939,0.039338
0.642303,-0.088524,0.184866,0.831293,0.017805,0.180611,0.833205,-0.191386,0.180716,0.451402,0.014339,0.189015,0.453313,-0.194853,0.189120,0.843702,0.063300,0.040976,0.782331,-0.237386,0.015860,0.491838,0.060072,0.015958,0.402048,-0.240844,0.047988
0.647917,-0.088516,0.181913,0.836907,0.017801,0.177390,0.838804,-0.191391,0.177446,0.457029,0.014358,0.186379,0.458926,-0.194833,0.186436,0.854912,0.063379,0.040761,0.782779,-0.237394,0.015832,0.492406,0.060085,0.015956,0.406635,-0.240795,0.054660
0.653654,-0.088425,0.181494,0.842632,0.017883,0.176266,0.844520,-0.191308,0.176368,0.462788,0.014459,0.186619,0.464677,-0.194732,0.186721,0.863336,0.063455,0.039797,0.783306,-0.237391,0.015769,0.492898,0.060100,0.015959,0.412688,-0.240716,0.059153
0.659500,-0.087944,0.182733,0.848475,0.018320,0.176603,0.850331,-0.190871,0.177198,0.468669,0.014983,0.188268,0.470525,-0.194208,0.188863,0.869908,0.063569,0.038278,0.783871,-0.237372,0.015822,0.493328,0.060163,0.015941,0.419475,-0.240473,0.062408
