0.002121,0.004471,0.324440,0.191425,0.110233,0.328860,0.192807,-0.098825,0.321293,-0.188565,0.107767,0.327586,-0.187183,-0.101292,0.320019,0.171153,0.163651,0.105875,0.184077,-0.136413,0.101635,-0.147826,0.161603,0.104177,-0.153618,-0.138606,0.100509
0.005079,0.006897,0.307879,0.193733,0.113775,0.313189,0.196392,-0.095220,0.304318,-0.186234,0.109014,0.311440,-0.183574,-0.099981,0.302570,0.168999,0.169383,0.067490,0.156383,-0.131282,0.070094,-0.175005,0.165339,0.059632,-0.156344,-0.134675,0.056268
0.008503,0.009571,0.286404,0.196420,0.117660,0.293112,0.200490,-0.091311,0.284218,-0.183484,0.110454,0.288590,-0.179415,-0.098518,0.279696,0.162498,0.173784,0.027961,0.123364,-0.128096,0.044162,-0.205441,0.166887,0.021634,-0.161842,-0.132415,0.015117
0.013617,0.010395,0.272283,0.201518,0.118695,0.274627,0.205619,-0.090286,0.265982,-0.178385,0.111076,0.278585,-0.174284,-0.097905,0.269940,0.161890,0.174112,0.016036,0.099434,-0.128006,0.027578,-0.204825,0.166925,0.015808,-0.160749,-0.132619,0.015663
0.021109,0.008934,0.267023,0.209039,0.117208,0.267140,0.212973,-0.091709,0.257016,-0.170756,0.109577,0.277031,-0.166822,-0.099340,0.266907,0.161952,0.174004,0.015995,0.086699,-0.127951,0.016671,-0.208686,0.166379,0.029302,-0.160023,-0.132555,0.015796
0.029699,0.007244,0.264878,0.217625,0.115526,0.264605,0.221499,-0.093314,0.252963,-0.162101,0.107802,0.276792,-0.158227,-0.101037,0.265150,0.162404,0.173892,0.015928,0.097964,-0.127928,0.016067,-0.205753,0.165553,0.043022,-0.159370,-0.132688,0.015818
0.039385,0.005898,0.265418,0.227337,0.114134,0.265194,0.231124,-0.094639,0.252391,-0.152354,0.106434,0.278445,-0.148567,-0.102339,0.265642,0.163137,0.173802,0.015872,0.112147,-0.128018,0.018852,-0.192240,0.165104,0.052587,-0.158862,-0.132755,0.015929
0.049871,0.004776,0.267360,0.237845,0.112976,0.267197,0.241561,-0.095740,0.253470,-0.141818,0.105292,0.281250,-0.138102,-0.103424,0.267523,0.164044,0.173754,0.015758,0.136973,-0.127824,0.020325,-0.171430,0.164860,0.060166,-0.158434,-0.132799,0.015999
0.060886,0.003548,0.269236,0.248874,0.111723,0.269149,0.252529,-0.096927,0.254430,-0.130756,0.104022,0.284043,-0.127101,-0.104628,0.269324,0.165016,0.173703,0.015698,0.166095,-0.127520,0.020660,-0.145916,0.164709,0.065987,-0.158029,-0.132873,0.016060
0.072056,0.002052,0.269861,0.260062,0.110195,0.269807,0.263631,-0.098363,0.253835,-0.119519,0.102468,0.285886,-0.115950,-0.106091,0.269914,0.165939,0.173620,0.015890,0.197795,-0.127057,0.018498,-0.116797,0.164724,0.068867,-0.157567,-0.132954,0.016090
0.083309,0.000328,0.268621,0.271301,0.108494,0.268148,0.274785,-0.099940,0.250604,-0.108167,0.100596,0.286637,-0.104683,-0.107838,0.269093,0.166717,0.173585,0.016014,0.208930,-0.126913,0.016022,-0.084552,0.164998,0.068146,-0.156980,-0.133034,0.016092
0.094091,-0.000813,0.266630,0.282018,0.107467,0.266007,0.285550,-0.100862,0.247272,-0.097367,0.099237,0.285988,-0.093835,-0.109092,0.267254,0.167605,0.173642,0.016087,0.209561,-0.126985,0.015913,-0.050235,0.165811,0.062086,-0.156194,-0.133201,0.016068
0.104307,-0.000847,0.264377,0.292246,0.107413,0.264137,0.295777,-0.100888,0.245086,-0.087163,0.099194,0.283669,-0.083632,-0.109106,0.264617,0.174726,0.173746,0.016172,0.210264,-0.127017,0.015846,-0.019860,0.167102,0.052744,-0.155526,-0.133232,0.016000
0.114244,0.000217,0.261833,0.302251,0.108358,0.262405,0.305759,-0.099993,0.243913,-0.077270,0.100428,0.279754,-0.073762,-0.107923,0.261262,0.184318,0.173810,0.016764,0.211015,-0.126971,0.015729,0.001741,0.168606,0.040755,-0.154942,-0.133148,0.015904
0.123919,0.002392,0.258755,0.312031,0.110336,0.260463,0.315490,-0.098141,0.243434,-0.067653,0.102924,0.274075,-0.064194,-0.105553,0.257046,0.198841,0.174029,0.016068,0.211807,-0.126867,0.015709,0.013819,0.170167,0.025768,-0.154223,-0.132940,0.015702
0.133028,0.005413,0.255414,0.321148,0.113302,0.258900,0.324758,-0.095333,0.243970,-0.058702,0.106159,0.266857,-0.055092,-0.102476,0.251928,0.216627,0.174406,0.016584,0.212558,-0.126525,0.015857,0.018767,0.171029,0.015920,-0.147009,-0.132710,0.015341
0.141865,0.007374,0.254534,0.330099,0.115048,0.258452,0.333531,-0.093687,0.244951,-0.049802,0.108435,0.264118,-0.046369,-0.100301,0.250617,0.242006,0.174252,0.024976,0.213344,-0.126404,0.015972,0.019650,0.171178,0.015973,-0.127854,-0.132209,0.018972
0.151283,0.008408,0.256288,0.339587,0.115944,0.260646,0.342907,-0.092844,0.247949,-0.040340,0.109660,0.264628,-0.037020,-0.099128,0.251930,0.262911,0.173949,0.035627,0.214269,-0.126327,0.016064,0.020326,0.171284,0.016013,-0.104313,-0.132060,0.027028
0.161047,0.009121,0.259010,0.349416,0.116512,0.264059,0.352626,-0.092312,0.251952,-0.030532,0.110554,0.266068,-0.027322,-0.098271,0.253961,0.284989,0.173953,0.041576,0.215302,-0.126281,0.016091,0.020936,0.171378,0.015966,-0.076723,-0.131553,0.029590
0.170866,0.009914,0.261347,0.359271,0.117208,0.267068,0.362418,-0.091653,0.255590,-0.020686,0.111482,0.267104,-0.017539,-0.097380,0.255627,0.312373,0.174297,0.043757,0.216356,-0.126213,0.016038,0.021580,0.171448,0.015881,-0.046208,-0.130887,0.029099
0.180677,0.010914,0.262619,0.369131,0.118102,0.268700,0.372181,-0.090801,0.257984,-0.010827,0.112629,0.267253,-0.007776,-0.096275,0.256538,0.343354,0.174799,0.043378,0.217384,-0.126159,0.015915,0.022246,0.171527,0.015760,-0.013381,-0.130135,0.027753
0.190495,0.012207,0.262216,0.379024,0.119282,0.267960,0.381926,-0.089670,0.258197,-0.000937,0.114084,0.266234,0.001965,-0.094868,0.256472,0.374506,0.175382,0.039812,0.218335,-0.126120,0.015768,0.022974,0.171631,0.015601,0.021309,-0.129318,0.025641
0.200346,0.013912,0.259647,0.389056,0.120732,0.264018,0.391607,-0.088280,0.255524,0.009084,0.116104,0.263769,0.011636,-0.092908,0.255275,0.402087,0.175803,0.032193,0.219270,-0.126136,0.015912,0.023864,0.171855,0.015752,0.056693,-0.128429,0.023493
0.210335,0.015965,0.254828,0.399327,0.122363,0.256341,0.401303,-0.086710,0.249332,0.019366,0.118639,0.260324,0.021342,-0.090434,0.253316,0.420840,0.176054,0.017393,0.220101,-0.126076,0.015936,0.024630,0.172359,0.015927,0.088799,-0.127502,0.021459
0.220203,0.017109,0.250132,0.409327,0.123284,0.250770,0.411031,-0.085810,0.244323,0.029376,0.120028,0.255941,0.031080,-0.089066,0.249493,0.421086,0.176096,0.015867,0.224405,-0.125760,0.015890,0.025505,0.172869,0.015999,0.114565,-0.126682,0.016770
0.229731,0.017395,0.248214,0.418845,0.123584,0.248961,0.420571,-0.085513,0.242645,0.038890,0.120303,0.253784,0.040616,-0.088794,0.247468,0.421525,0.176118,0.015906,0.245833,-0.125573,0.015697,0.026182,0.172851,0.016043,0.115365,-0.126657,0.015936
0.239195,0.018036,0.248535,0.428287,0.124264,0.249396,0.430066,-0.084848,0.243596,0.048324,0.120919,0.253473,0.050102,-0.088193,0.247673,0.422139,0.176159,0.015843,0.269186,-0.125365,0.015699,0.026873,0.172791,0.016058,0.116108,-0.126671,0.015859
0.248749,0.019333,0.249788,0.437823,0.125592,0.250898,0.439651,-0.083546,0.246152,0.057846,0.122212,0.253423,0.059675,-0.086926,0.248677,0.422838,0.176259,0.015824,0.287421,-0.125206,0.019869,0.030417,0.172814,0.016412,0.116789,-0.126605,0.015790
0.258339,0.021255,0.251450,0.447409,0.127523,0.252370,0.449252,-0.081644,0.249188,0.067426,0.124155,0.253713,0.069269,-0.085012,0.250530,0.423528,0.176369,0.015828,0.302023,-0.124986,0.024881,0.038703,0.172947,0.017899,0.117371,-0.126473,0.015712
0.268024,0.023575,0.253423,0.457084,0.129864,0.254035,0.458950,-0.079323,0.252727,0.077099,0.126473,0.254119,0.078965,-0.082714,0.252810,0.424256,0.176514,0.015885,0.313093,-0.124690,0.030957,0.050621,0.173156,0.019719,0.117918,-0.126336,0.015634
0.277809,0.026123,0.255641,0.466870,0.132411,0.256022,0.468731,-0.076780,0.256748,0.086888,0.129026,0.254533,0.088749,-0.080165,0.255259,0.425030,0.176657,0.015858,0.323065,-0.124290,0.037146,0.064495,0.173470,0.021757,0.118425,-0.126185,0.015636
0.287634,0.028782,0.258080,0.476693,0.135072,0.258272,0.478546,-0.074101,0.261078,0.096722,0.131664,0.255081,0.098574,-0.077509,0.257888,0.425825,0.176825,0.015886,0.334002,-0.123767,0.042702,0.079231,0.173873,0.024599,0.118887,-0.126034,0.015687
0.297436,0.031475,0.260750,0.486509,0.137741,0.260709,0.488317,-0.071395,0.265584,0.106555,0.134345,0.255915,0.108362,-0.074791,0.260790,0.426637,0.176980,0.015877,0.346951,-0.123169,0.047300,0.094654,0.174407,0.028618,0.119280,-0.125873,0.015720
0.307171,0.034065,0.263634,0.496259,0.140305,0.263367,0.498016,-0.068777,0.270180,0.116326,0.136908,0.257089,0.118083,-0.072174,0.263901,0.427448,0.177142,0.015976,0.362309,-0.122539,0.050869,0.111040,0.175056,0.033563,0.119609,-0.125721,0.015787
0.316845,0.036446,0.266567,0.505951,0.142653,0.266106,0.507647,-0.066365,0.274666,0.126043,0.139257,0.258468,0.127739,-0.069761,0.267027,0.428298,0.177271,0.016011,0.380189,-0.121954,0.053307,0.128251,0.175773,0.038895,0.119891,-0.125602,0.015803
0.326462,0.038528,0.269210,0.515587,0.144700,0.268583,0.517220,-0.064252,0.278619,0.135703,0.141309,0.259802,0.137337,-0.067644,0.269838,0.429159,0.177397,0.015994,0.400624,-0.121434,0.054458,0.145708,0.176524,0.043963,0.120144,-0.125483,0.015812
0.336004,0.040188,0.271297,0.525141,0.146339,0.270608,0.526726,-0.062556,0.281797,0.145283,0.142931,0.260798,0.146868,-0.065963,0.271987,0.430041,0.177490,0.015877,0.423909,-0.121040,0.054247,0.163392,0.177189,0.048029,0.120419,-0.125401,0.015815
0.345442,0.041409,0.272508,0.534587,0.147544,0.271724,0.536137,-0.061304,0.283750,0.154746,0.144121,0.261265,0.156297,-0.064727,0.273291,0.430862,0.177563,0.015784,0.449905,-0.120785,0.052538,0.181764,0.177697,0.050238,0.120712,-0.125344,0.015816
0.354767,0.042141,0.272694,0.543920,0.148261,0.271811,0.545446,-0.060558,0.284337,0.164088,0.144840,0.261050,0.165614,-0.063979,0.273577,0.431649,0.177618,0.015830,0.478505,-0.120669,0.049471,0.201974,0.177975,0.049765,0.121074,-0.125299,0.015843
0.364014,0.042244,0.271989,0.553165,0.148367,0.271113,0.554692,-0.060447,0.283719,0.173336,0.144935,0.260258,0.174862,-0.063879,0.272864,0.432382,0.177614,0.015956,0.509801,-0.120667,0.045884,0.225506,0.177960,0.046736,0.121475,-0.125319,0.015856
0.373371,0.041744,0.270609,0.562522,0.147868,0.269613,0.564067,-0.060969,0.281842,0.182675,0.144457,0.259376,0.184221,-0.064380,0.271605,0.433113,0.177590,0.016022,0.540903,-0.120753,0.041327,0.251201,0.177807,0.042728,0.121923,-0.125345,0.015862
0.382992,0.040672,0.268377,0.572143,0.146787,0.266754,0.573738,-0.062094,0.278189,0.192246,0.143438,0.258565,0.193841,-0.065443,0.270000,0.433815,0.177525,0.016030,0.566398,-0.121076,0.033279,0.276645,0.177545,0.038312,0.122392,-0.125416,0.015928
0.393105,0.038990,0.265225,0.582243,0.145097,0.262226,0.583929,-0.063850,0.272375,0.202280,0.141830,0.258075,0.203966,-0.067117,0.268224,0.434479,0.177450,0.016005,0.581443,-0.121614,0.020407,0.298000,0.177197,0.033470,0.122856,-0.125529,0.015983
0.403507,0.037380,0.262008,0.592561,0.143607,0.258067,0.594436,-0.065395,0.266967,0.212579,0.140156,0.257048,0.214453,-0.068847,0.265948,0.435188,0.177378,0.015944,0.581998,-0.121698,0.015748,0.313394,0.176765,0.027202,0.123455,-0.125801,0.015967
0.413492,0.037003,0.259393,0.602531,0.143252,0.255330,0.604437,-0.065761,0.263979,0.222548,0.139766,0.254807,0.224453,-0.069246,0.263456,0.445955,0.177409,0.015955,0.582406,-0.121725,0.015729,0.322864,0.176278,0.015733,0.123990,-0.125894,0.015974
0.422794,0.036839,0.257956,0.611887,0.142981,0.253597,0.613688,-0.066041,0.262032,0.231901,0.139718,0.253880,0.233702,-0.069304,0.262315,0.462040,0.177588,0.015948,0.582885,-0.121733,0.015782,0.323718,0.176391,0.015832,0.125132,-0.125668,0.016003
0.431610,0.036133,0.258202,0.620702,0.142273,0.253771,0.622503,-0.066773,0.261594,0.240717,0.139039,0.254810,0.242518,-0.070007,0.262632,0.481599,0.177746,0.018273,0.583441,-0.121790,0.015817,0.324361,0.176303,0.015917,0.131975,-0.125672,0.015997
0.440376,0.034840,0.259469,0.629492,0.140959,0.255597,0.631246,-0.068127,0.262280,0.249507,0.137806,0.256659,0.251260,-0.071279,0.263341,0.503590,0.177908,0.021883,0.584057,-0.121874,0.015837,0.324942,0.176221,0.015941,0.143246,-0.125515,0.017554
0.449385,0.032990,0.261470,0.638522,0.139103,0.258626,0.640234,-0.070029,0.263710,0.258536,0.136008,0.259229,0.260247,-0.073124,0.264313,0.520569,0.177978,0.027282,0.584733,-0.121972,0.015892,0.325478,0.176107,0.015973,0.158299,-0.125392,0.018758
0.458555,0.030754,0.263954,0.647713,0.136857,0.262325,0.649385,-0.072312,0.265539,0.267725,0.133820,0.262369,0.269397,-0.075349,0.265583,0.534735,0.177895,0.033524,0.585448,-0.122115,0.015933,0.325958,0.175956,0.015938,0.176171,-0.125329,0.019653
0.467813,0.028313,0.266706,0.656988,0.134397,0.266369,0.658627,-0.074793,0.267564,0.277000,0.131418,0.265848,0.278639,-0.077772,0.267042,0.549025,0.177710,0.039800,0.586210,-0.122249,0.015936,0.326389,0.175830,0.015892,0.195199,-0.125280,0.021460
0.477135,0.025795,0.269502,0.666292,0.131907,0.270503,0.667964,-0.077285,0.269676,0.286306,0.128875,0.269327,0.287978,-0.080317,0.268501,0.565209,0.177440,0.045403,0.587014,-0.122381,0.015896,0.326776,0.175652,0.015837,0.214454,-0.125392,0.024414
0.486494,0.023319,0.272144,0.675642,0.129425,0.274516,0.677329,-0.079750,0.271731,0.295660,0.126388,0.272558,0.297346,-0.082787,0.269773,0.584417,0.177133,0.050086,0.587841,-0.122519,0.015810,0.327153,0.175516,0.015766,0.234088,-0.125533,0.027954
0.495850,0.020996,0.274425,0.684985,0.127084,0.278206,0.686691,-0.082059,0.273615,0.305009,0.124051,0.275235,0.306714,-0.085092,0.270645,0.606810,0.176841,0.053504,0.588673,-0.122663,0.015878,0.327520,0.175393,0.015696,0.254760,-0.125720,0.031074
0.505146,0.018986,0.276101,0.694251,0.125065,0.281351,0.696004,-0.084037,0.275202,0.314288,0.122009,0.276999,0.316041,-0.087093,0.270850,0.632133,0.176654,0.055604,0.589512,-0.122779,0.015992,0.327923,0.175281,0.015619,0.277250,-0.125898,0.033074
0.514364,0.017387,0.276905,0.703440,0.123435,0.283661,0.705228,-0.085627,0.276255,0.323501,0.120401,0.277555,0.325289,-0.088660,0.270149,0.659627,0.176589,0.056441,0.590351,-0.122871,0.016051,0.328396,0.175201,0.015654,0.302510,-0.125958,0.033675
0.523499,0.016201,0.276665,0.712532,0.122233,0.284723,0.714375,-0.086791,0.276335,0.332622,0.119193,0.276995,0.334465,-0.089831,0.268607,0.688072,0.176693,0.055798,0.591147,-0.122921,0.016069,0.328939,0.175132,0.015774,0.330876,-0.125904,0.033216
0.532637,0.015484,0.275287,0.721649,0.121475,0.284315,0.723506,-0.087522,0.275283,0.341768,0.118490,0.275291,0.343624,-0.090507,0.266259,0.716228,0.176895,0.053496,0.591888,-0.122981,0.016000,0.329560,0.175085,0.015893,0.361783,-0.125720,0.032072
0.541828,0.015400,0.272552,0.730832,0.121359,0.282116,0.732685,-0.087628,0.272865,0.350971,0.118428,0.272240,0.352825,-0.090560,0.262989,0.743065,0.177245,0.049860,0.592564,-0.122993,0.015930,0.330279,0.175083,0.016000,0.393785,-0.125418,0.030874
0.551121,0.015968,0.268159,0.740152,0.121911,0.277348,0.741963,-0.087087,0.268327,0.360278,0.119023,0.267991,0.362089,-0.089974,0.258971,0.765949,0.177742,0.043035,0.593144,-0.122974,0.015865,0.331080,0.175138,0.016064,0.424220,-0.125009,0.029119
0.560680,0.017017,0.262038,0.749810,0.122931,0.269336,0.751489,-0.086094,0.260942,0.369871,0.120128,0.263134,0.371550,-0.088896,0.254740,0.779292,0.178343,0.028102,0.593570,-0.123006,0.015791,0.331909,0.175233,0.016077,0.448288,-0.124566,0.025601
0.570587,0.017960,0.254949,0.759724,0.124008,0.259672,0.761436,-0.085034,0.251729,0.379739,0.120953,0.258169,0.381451,-0.088089,0.250225,0.777883,0.178905,0.015884,0.594040,-0.122922,0.015751,0.332774,0.175256,0.015989,0.463107,-0.124083,0.018082
0.580084,0.018105,0.250167,0.769206,0.124229,0.253578,0.770946,-0.084810,0.245556,0.389221,0.121019,0.254779,0.390962,-0.088020,0.246757,0.777963,0.178908,0.015889,0.604362,-0.122864,0.015775,0.333492,0.175205,0.015952,0.463912,-0.124040,0.015944
0.589264,0.018444,0.248461,0.778376,0.124598,0.251451,0.780133,-0.084447,0.243606,0.398395,0.121335,0.253317,0.400152,-0.087710,0.245472,0.778365,0.178924,0.015848,0.623128,-0.122705,0.015909,0.337179,0.175216,0.015866,0.464693,-0.124034,0.015843
0.598579,0.019627,0.249096,0.787666,0.125829,0.251960,0.789476,-0.083249,0.245058,0.407683,0.122502,0.253134,0.409492,-0.086576,0.246232,0.778957,0.179025,0.015839,0.641712,-0.122537,0.018867,0.348245,0.175281,0.016347,0.465368,-0.123960,0.015741
0.608269,0.021568,0.251307,0.797338,0.127808,0.253961,0.799184,-0.081317,0.248672,0.417353,0.124454,0.253942,0.419199,-0.084671,0.248653,0.779683,0.179142,0.015771,0.652901,-0.122424,0.025252,0.365306,0.175425,0.018115,0.465937,-0.123832,0.015670
0.618212,0.024014,0.254206,0.807260,0.130296,0.256668,0.809145,-0.078870,0.253380,0.427278,0.126897,0.255031,0.429164,-0.082269,0.251743,0.780480,0.179296,0.015882,0.661363,-0.122195,0.032943,0.385898,0.175678,0.019802,0.466454,-0.123679,0.015624
0.628284,0.026749,0.257164,0.817319,0.133060,0.259391,0.819219,-0.076128,0.258303,0.437350,0.129626,0.256025,0.439250,-0.079563,0.254938,0.781305,0.179451,0.015869,0.670636,-0.121796,0.039989,0.406661,0.176015,0.022116,0.466941,-0.123520,0.015679
0.638378,0.029629,0.259900,0.827402,0.135966,0.261719,0.829308,-0.073222,0.262881,0.447449,0.132479,0.256919,0.449354,-0.076709,0.258081,0.782102,0.179641,0.015877,0.682100,-0.121222,0.045506,0.425874,0.176451,0.025657,0.467383,-0.123343,0.015726
0.648405,0.032532,0.262407,0.837433,0.138872,0.263644,0.839316,-0.070292,0.267035,0.457494,0.135356,0.257779,0.459377,-0.073808,0.261170,0.782881,0.179821,0.015857,0.695985,-0.120569,0.049429,0.443637,0.177002,0.030345,0.467763,-0.123169,0.015763
0.658337,0.035267,0.264818,0.847378,0.141588,0.265467,0.849219,-0.067532,0.270933,0.467454,0.138066,0.258703,0.469296,-0.071055,0.264169,0.783657,0.179972,0.015948,0.712328,-0.119927,0.052032,0.460935,0.177643,0.035566,0.468112,-0.123024,0.015836
0.668173,0.037716,0.267212,0.857235,0.144002,0.267452,0.859015,-0.065064,0.274729,0.477330,0.140496,0.259694,0.479111,-0.068570,0.266971,0.784451,0.180108,0.015999,0.731131,-0.119330,0.053574,0.478567,0.178365,0.040759,0.468418,-0.122881,0.015840
0.677929,0.039810,0.269421,0.867002,0.146077,0.269420,0.868738,-0.062931,0.278203,0.487120,0.142552,0.260638,0.488856,-0.066457,0.269422,0.785278,0.180239,0.015998,0.752295,-0.118809,0.054080,0.496480,0.179079,0.045490,0.468699,-0.122772,0.015851
0.687605,0.041447,0.271192,0.876683,0.147704,0.271097,0.878385,-0.061253,0.281030,0.496824,0.144146,0.261354,0.498527,-0.064811,0.271286,0.786127,0.180339,0.015908,0.776007,-0.118408,0.053444,0.514560,0.179708,0.049173,0.468985,-0.122696,0.015853
0.697178,0.042591,0.272274,0.886252,0.148855,0.272172,0.887941,-0.060063,0.282886,0.506415,0.145246,0.261661,0.508104,-0.063673,0.272375,0.786959,0.180417,0.015810,0.802547,-0.118124,0.051648,0.533373,0.180187,0.051306,0.469302,-0.122652,0.015867
0.706631,0.043224,0.272428,0.895708,0.149483,0.272271,0.897382,-0.059413,0.283403,0.515879,0.145862,0.261453,0.517554,-0.063035,0.272585,0.787747,0.180466,0.015800,0.831512,-0.117971,0.048598,0.554040,0.180466,0.050950,0.469660,-0.122616,0.015870
0.716002,0.043243,0.271700,0.905074,0.149510,0.271500,0.906760,-0.059387,0.282619,0.525243,0.145874,0.260780,0.526929,-0.063023,0.271899,0.788490,0.180479,0.015864,0.862727,-0.117917,0.044799,0.577794,0.180493,0.048072,0.470067,-0.122625,0.015874
0.725466,0.042686,0.270216,0.914539,0.148951,0.269797,0.916247,-0.059968,0.280493,0.534684,0.145341,0.259939,0.536392,-0.063578,0.270635,0.789205,0.180444,0.015991,0.893136,-0.118001,0.039603,0.603466,0.180352,0.043855,0.470508,-0.122671,0.015871
0.735207,0.041489,0.267924,0.924283,0.147744,0.266893,0.926035,-0.061220,0.276668,0.544378,0.144198,0.259180,0.546130,-0.064766,0.268955,0.789903,0.180382,0.016015,0.917763,-0.118281,0.031043,0.628576,0.180115,0.039203,0.470976,-0.122733,0.015949
0.745445,0.039680,0.264730,0.934522,0.145912,0.262282,0.936337,-0.063112,0.270661,0.554553,0.142473,0.258799,0.556369,-0.066551,0.267178,0.790573,0.180277,0.016003,0.931585,-0.118789,0.017522,0.649487,0.179779,0.034134,0.471442,-0.122848,0.015968
0.755808,0.038265,0.261886,0.944877,0.144500,0.258972,0.946721,-0.064567,0.266220,0.564894,0.141097,0.257551,0.566739,-0.067969,0.264799,0.791359,0.180198,0.015956,0.931994,-0.118860,0.015733,0.664776,0.179481,0.027492,0.471931,-0.122912,0.015972
0.765728,0.038116,0.259556,0.954788,0.144368,0.256749,0.956649,-0.064702,0.263880,0.574807,0.140935,0.255231,0.576668,-0.068135,0.262362,0.804282,0.180294,0.015966,0.932468,-0.118859,0.015759,0.673937,0.179127,0.015744,0.472403,-0.122946,0.015964
0.775005,0.038097,0.258122,0.964087,0.144298,0.254865,0.965908,-0.064775,0.261933,0.584102,0.140970,0.254311,0.585923,-0.068103,0.261378,0.818140,0.180437,0.016216,0.932944,-0.118860,0.015799,0.674748,0.179175,0.015830,0.474278,-0.122850,0.015946
0.783829,0.037571,0.257881,0.972919,0.143749,0.254391,0.974724,-0.065339,0.260987,0.592934,0.140481,0.254774,0.594738,-0.068607,0.261370,0.840588,0.180607,0.017467,0.933479,-0.118903,0.015833,0.675426,0.179131,0.015876,0.483316,-0.122784,0.015986
0.792816,0.036442,0.258722,0.981925,0.142607,0.255894,0.983694,-0.066511,0.261496,0.601939,0.139394,0.255949,0.603707,-0.069723,0.261550,0.861242,0.180775,0.021482,0.934116,-0.118978,0.015847,0.676059,0.179060,0.015903,0.496426,-0.122643,0.017204
0.802074,0.034714,0.260611,0.991208,0.140857,0.258818,0.992927,-0.068296,0.262925,0.611222,0.137723,0.258296,0.612941,-0.071429,0.262404,0.876764,0.180835,0.027532,0.934812,-0.119085,0.015894,0.676628,0.178963,0.015964,0.513400,-0.122505,0.018122
0.811487,0.032589,0.263305,1.000633,0.138724,0.262676,1.002327,-0.070457,0.264996,0.620647,0.135634,0.261614,0.622341,-0.073546,0.263934,0.890518,0.180754,0.034367,0.935569,-0.119214,0.015933,0.677113,0.178821,0.015921,0.532683,-0.122436,0.019561
0.820972,0.030251,0.266439,1.010125,0.136373,0.267024,1.011804,-0.072820,0.267414,0.630141,0.133321,0.265465,0.631820,-0.075872,0.265854,0.905489,0.180564,0.040842,0.936377,-0.119345,0.015928,0.677541,0.178688,0.015872,0.552767,-0.122412,0.022132
0.830479,0.027866,0.269607,1.019617,0.134002,0.271406,1.021323,-0.075186,0.269886,0.639635,0.130918,0.269328,0.641341,-0.078269,0.267808,0.923082,0.180303,0.046295,0.937216,-0.119479,0.015874,0.677906,0.178525,0.015816,0.572946,-0.122521,0.025725
0.839998,0.025574,0.272492,1.029123,0.131706,0.275513,1.030851,-0.077461,0.272186,0.649145,0.128608,0.272798,0.650874,-0.080558,0.269471,0.943891,0.180037,0.050534,0.938091,-0.119606,0.015771,0.678278,0.178395,0.015745,0.593468,-0.122673,0.029487
0.849459,0.023537,0.274812,1.038563,0.129660,0.279102,1.040324,-0.079474,0.274180,0.658594,0.126548,0.275443,0.660354,-0.082587,0.270521,0.967816,0.179843,0.053328,0.938933,-0.119714,0.015929,0.678637,0.178294,0.015674,0.615165,-0.122827,0.032397
0.858829,0.021858,0.276301,1.047907,0.127966,0.281942,1.049705,-0.081134,0.275714,0.667954,0.124850,0.276888,0.669752,-0.084250,0.270660,0.994497,0.179742,0.054875,0.939794,-0.119814,0.015992,0.679065,0.178200,0.015595,0.639055,-0.122935,0.033967
0.868118,0.020611,0.276787,1.057168,0.126692,0.283739,1.058998,-0.082375,0.276515,0.677239,0.123597,0.277060,0.679069,-0.085470,0.269836,1.022950,0.179763,0.055324,0.940630,-0.119892,0.016061,0.679589,0.178127,0.015689,0.665835,-0.122929,0.034369
0.877342,0.019760,0.276100,1.066371,0.125809,0.284029,1.068219,-0.083231,0.276072,0.686466,0.122752,0.276128,0.688313,-0.086289,0.268170,1.051602,0.179925,0.053845,0.941412,-0.119939,0.016056,0.680164,0.178090,0.015818,0.695716,-0.122779,0.033596
0.886583,0.019459,0.274101,1.075600,0.125483,0.282634,1.077454,-0.083543,0.274327,0.695713,0.122461,0.273876,0.697567,-0.086566,0.265569,1.079404,0.180224,0.050667,0.942141,-0.119963,0.015961,0.680838,0.178068,0.015941,0.727710,-0.122515,0.032289
0.895885,0.019814,0.270505,1.084913,0.125821,0.279009,1.086745,-0.083210,0.270796,0.705026,0.122837,0.270215,0.706858,-0.086194,0.262002,1.104718,0.180653,0.045571,0.942771,-0.119944,0.015903,0.681609,0.178105,0.016035,0.759788,-0.122138,0.030943
0.905361,0.020718,0.265187,1.094443,0.126719,0.272457,1.096206,-0.082331,0.264738,0.714516,0.123767,0.265636,0.716279,-0.085283,0.257917,1.123486,0.181212,0.035047,0.943282,-0.119913,0.015837,0.682415,0.178193,0.016066,0.787981,-0.121699,0.028730
0.915276,0.021999,0.258205,1.104454,0.127992,0.262467,1.106083,-0.081087,0.255546,0.724469,0.125086,0.260865,0.726097,-0.083994,0.253943,1.127068,0.181821,0.015501,0.943735,-0.119890,0.015775,0.683224,0.178345,0.016058,0.807861,-0.121210,0.023683
0.925188,0.022457,0.251505,1.114354,0.128529,0.254004,1.116006,-0.080554,0.247224,0.734370,0.125468,0.255787,0.736023,-0.083615,0.249007,1.126936,0.181828,0.015822,0.948511,-0.119847,0.015767,0.684074,0.178324,0.015960,0.814445,-0.120913,0.015965
0.934605,0.022400,0.247841,1.123748,0.128524,0.249695,1.125434,-0.080553,0.242728,0.743776,0.125353,0.252955,0.745461,-0.083724,0.245988,1.127189,0.181822,0.015833,0.963129,-0.119777,0.015836,0.684748,0.178253,0.015914,0.815284,-0.120970,0.015884
0.943983,0.022945,0.247439,1.133114,0.129092,0.249374,1.134829,-0.079998,0.242808,0.753137,0.125889,0.252071,0.754852,-0.083201,0.245505,1.127734,0.181854,0.015896,0.979409,-0.119716,0.018891,0.690611,0.178268,0.015854,0.816040,-0.120959,0.015797
0.953539,0.024387,0.249326,1.142663,0.130541,0.251499,1.144400,-0.078582,0.246125,0.762677,0.127357,0.252528,0.764415,-0.081767,0.247154,1.128473,0.181947,0.015814,0.993959,-0.119589,0.023926,0.704811,0.178404,0.016644,0.816666,-0.120852,0.015728
0.963392,0.026550,0.252404,1.152501,0.132730,0.254636,1.154269,-0.076432,0.251054,0.772515,0.129533,0.253754,0.774284,-0.079629,0.250172,1.129296,0.182081,0.015844,1.004358,-0.119389,0.030992,0.724611,0.178621,0.018131,0.817210,-0.120709,0.015652
0.973448,0.029163,0.255736,1.162542,0.135371,0.257893,1.164329,-0.073817,0.256430,0.782566,0.132143,0.255041,0.784354,-0.077044,0.253578,1.130157,0.182239,0.015906,1.014058,-0.119028,0.038309,0.746484,0.178931,0.020072,0.817711,-0.120548,0.015643
0.983540,0.032009,0.258811,1.172615,0.138254,0.260709,1.174422,-0.070936,0.261497,0.792657,0.134955,0.256125,0.794464,-0.074236,0.256913,1.130968,0.182424,0.015870,1.025207,-0.118496,0.044439,0.767384,0.179310,0.023101,0.818156,-0.120393,0.015687
0.993616,0.034931,0.261502,1.182691,0.141184,0.262916,1.184481,-0.067986,0.265965,0.802752,0.137848,0.257038,0.804541,-0.071322,0.260087,1.131778,0.182604,0.015878,1.038507,-0.117856,0.048891,0.786330,0.179817,0.027420,0.818572,-0.120220,0.015722
1.003599,0.037769,0.263934,1.192688,0.144004,0.264766,1.194433,-0.065124,0.269981,0.812765,0.140662,0.257886,0.814510,-0.068465,0.263101,1.132555,0.182762,0.015913,1.054138,-0.117200,0.051859,0.804011,0.180434,0.032496,0.818938,-0.120062,0.015759
1.013477,0.040363,0.266295,1.202591,0.146557,0.266642,1.204268,-0.062513,0.273807,0.822687,0.143240,0.258782,0.824364,-0.065831,0.265947,1.133341,0.182890,0.015990,1.072097,-0.116593,0.053748,0.821503,0.181132,0.037694,0.819266,-0.119922,0.015812
1.023260,0.042641,0.268567,1.212393,0.148800,0.268604,1.214008,-0.060207,0.277434,0.832512,0.145489,0.259700,0.834127,-0.063519,0.268531,1.134157,0.183015,0.016010,1.092296,-0.116053,0.054644,0.839230,0.181860,0.042619,0.819558,-0.119800,0.015829
1.032972,0.044518,0.270550,1.222119,0.150653,0.270426,1.223682,-0.058294,0.280592,0.842263,0.147329,0.260508,0.843826,-0.061618,0.270674,1.135010,0.183127,0.015980,1.114983,-0.115612,0.054498,0.857183,0.182547,0.046756,0.819854,-0.119700,0.015833
1.042582,0.045895,0.272003,1.231734,0.152020,0.271903,1.233258,-0.056878,0.283030,0.851905,0.148667,0.260977,0.853430,-0.060231,0.272104,1.135849,0.183198,0.015837,1.140339,-0.115308,0.053284,0.875578,0.183094,0.049541,0.820152,-0.119640,0.015825
1.052082,0.046806,0.272624,1.241235,0.152931,0.272495,1.242741,-0.055934,0.284235,0.861423,0.149547,0.261013,0.862929,-0.059318,0.272752,1.136658,0.183270,0.015772,1.168136,-0.115113,0.050853,0.895146,0.183471,0.050339,0.820490,-0.119587,0.015853
1.061460,0.047150,0.272295,1.250616,0.153268,0.272113,1.252112,-0.055583,0.284092,0.870809,0.149882,0.260498,0.872305,-0.058969,0.272477,1.137418,0.183284,0.015836,1.198379,-0.115068,0.047425,0.917460,0.183586,0.048552,0.820881,-0.119582,0.015863
1.070858,0.046894,0.271205,1.260015,0.153011,0.270930,1.261520,-0.055852,0.282712,0.880196,0.149640,0.259698,0.881701,-0.059223,0.271481,1.138150,0.183272,0.015947,1.229768,-0.115109,0.043319,0.942368,0.183499,0.044987,0.821316,-0.119602,0.015867
1.080416,0.046021,0.269398,1.269571,0.152139,0.268770,1.271118,-0.056759,0.279896,0.889714,0.148800,0.258899,0.891261,-0.060098,0.270026,1.138853,0.183224,0.016017,1.257996,-0.115315,0.036902,0.968143,0.183283,0.040849,0.821764,-0.119663,0.015923
1.090363,0.044533,0.266720,1.279518,0.150640,0.265101,1.281133,-0.058316,0.275084,0.899592,0.147381,0.258355,0.901207,-0.061574,0.268338,1.139537,0.183161,0.016019,1.277765,-0.115734,0.026248,0.991433,0.182989,0.036371,0.822226,-0.119745,0.015970
1.100868,0.042580,0.263263,1.290026,0.148645,0.260014,1.291692,-0.060377,0.268479,0.910044,0.145537,0.258047,0.911710,-0.063485,0.266513,1.140231,0.183056,0.015989,1.282169,-0.116175,0.015822,1.008920,0.182615,0.030933,0.822705,-0.119831,0.015961
1.111095,0.041756,0.260180,1.300230,0.147824,0.255867,1.301947,-0.061221,0.263733,0.920244,0.144732,0.256626,0.921961,-0.064313,0.264493,1.142752,0.182986,0.015951,1.282481,-0.116197,0.015714,1.020837,0.182151,0.020356,0.823220,-0.119959,0.016002
1.120352,0.041439,0.258511,1.309519,0.147384,0.252803,1.311155,-0.061672,0.260387,0.929549,0.144550,0.256635,0.931185,-0.064506,0.264219,1.156856,0.183079,0.015958,1.282854,-0.116249,0.015769,1.021766,0.182017,0.015820,0.825168,-0.119825,0.015923
1.128929,0.040722,0.258577,1.318064,0.146702,0.252457,1.319747,-0.062375,0.259433,0.938111,0.143819,0.257721,0.939794,-0.065258,0.264698,1.176553,0.183217,0.018038,1.283351,-0.116274,0.015810,1.022354,0.181903,0.015864,0.833538,-0.119889,0.015980
