-0.006775,-0.000211,0.330794,0.182959,0.104683,0.324511,0.183489,-0.104107,0.337586,-0.197039,0.103686,0.324002,-0.196509,-0.105104,0.337076,0.182559,0.139626,0.155316,0.185313,-0.160502,0.164167,-0.197544,0.137429,0.135646,-0.191905,-0.161343,0.166036
-0.010757,-0.000837,0.314736,0.178817,0.104163,0.305930,0.179656,-0.104501,0.320870,-0.201171,0.102826,0.308602,-0.200332,-0.105838,0.323541,0.142709,0.136594,0.124481,0.129947,-0.164061,0.128218,-0.177106,0.133984,0.106003,-0.202931,-0.164945,0.134569
-0.015556,-0.001516,0.296363,0.174068,0.103283,0.286313,0.174787,-0.105360,0.301562,-0.205900,0.102327,0.291164,-0.205180,-0.106315,0.306413,0.127814,0.134885,0.097364,0.083996,-0.166599,0.091471,-0.172375,0.132311,0.076310,-0.212322,-0.166891,0.101459
-0.020775,-0.002209,0.275543,0.169205,0.101909,0.265137,0.169194,-0.106780,0.279758,-0.210744,0.102362,0.271329,-0.210755,-0.106326,0.285950,0.120950,0.133115,0.060213,0.058217,-0.168316,0.051664,-0.179450,0.131868,0.042193,-0.222708,-0.167419,0.064258
-0.026398,-0.002963,0.251326,0.163809,0.100692,0.240457,0.163311,-0.108046,0.254344,-0.216107,0.102120,0.248309,-0.216605,-0.106618,0.262196,0.116918,0.131303,0.014229,0.050078,-0.169198,0.015775,-0.187359,0.132126,0.015689,-0.231398,-0.168223,0.020353
-0.030144,-0.002890,0.235371,0.160078,0.100643,0.223626,0.159536,-0.108020,0.238596,-0.219823,0.102241,0.232146,-0.220365,-0.106422,0.247116,0.115726,0.131423,0.015902,0.048953,-0.169280,0.015853,-0.186703,0.132192,0.015684,-0.231325,-0.168557,0.015789
-0.032051,-0.002830,0.228474,0.158174,0.100730,0.217027,0.157649,-0.107893,0.232536,-0.221751,0.102234,0.224412,-0.222276,-0.106389,0.239921,0.115299,0.131462,0.015893,0.048575,-0.169292,0.015994,-0.186467,0.132206,0.015708,-0.231014,-0.168603,0.015808
-0.033371,-0.003275,0.220821,0.156906,0.100256,0.209995,0.156300,-0.108362,0.225580,-0.223042,0.101812,0.216061,-0.223648,-0.106806,0.231647,0.114915,0.131460,0.015983,0.051360,-0.169234,0.016770,-0.197047,0.132537,0.018268,-0.230566,-0.168479,0.015912
-0.034714,-0.003792,0.210499,0.155590,0.099739,0.200155,0.154945,-0.108877,0.215762,-0.224373,0.101293,0.205237,-0.225017,-0.107323,0.220843,0.114863,0.131667,0.016015,0.052382,-0.169077,0.016057,-0.210981,0.132641,0.015585,-0.230042,-0.168209,0.015994
-0.035858,-0.004446,0.199440,0.154433,0.099173,0.189770,0.153832,-0.109428,0.205570,-0.225548,0.100536,0.193311,-0.226149,-0.108065,0.209110,0.114342,0.131709,0.016020,0.052052,-0.169069,0.016055,-0.210532,0.132639,0.015940,-0.229379,-0.168264,0.015986
-0.036674,-0.005367,0.190378,0.153624,0.098303,0.181436,0.153017,-0.110317,0.196986,-0.226366,0.099583,0.183770,-0.226973,-0.109038,0.199320,0.114022,0.131666,0.016037,0.051817,-0.169086,0.016045,-0.210208,0.132603,0.015948,-0.228777,-0.168271,0.016023
-0.037384,-0.006434,0.183659,0.152931,0.097268,0.175468,0.152296,-0.111399,0.190375,-0.227064,0.098530,0.176943,-0.227699,-0.110137,0.191850,0.113821,0.131564,0.016038,0.051620,-0.169114,0.016032,-0.209980,0.132544,0.015962,-0.228207,-0.168262,0.016022
-0.038155,-0.007570,0.178734,0.152198,0.096115,0.171213,0.151489,-0.112615,0.185217,-0.227798,0.097474,0.172252,-0.228507,-0.111255,0.186255,0.113589,0.131388,0.016037,0.051448,-0.169179,0.016017,-0.209888,0.132481,0.015962,-0.227224,-0.168232,0.016040
-0.038979,-0.008698,0.175106,0.151420,0.094948,0.168246,0.150619,-0.113849,0.181214,-0.228576,0.096454,0.168998,-0.229378,-0.112343,0.181965,0.113683,0.131177,0.016029,0.051339,-0.169266,0.016002,-0.209817,0.132414,0.015957,-0.225588,-0.168202,0.016019
-0.039864,-0.009838,0.172399,0.150556,0.093818,0.166310,0.149714,-0.115048,0.178098,-0.229441,0.095372,0.166699,-0.230283,-0.113494,0.178487,0.113604,0.131010,0.016063,0.051181,-0.169323,0.015986,-0.209842,0.132308,0.015965,-0.222516,-0.168222,0.015947
-0.040749,-0.010994,0.170464,0.149716,0.092624,0.165206,0.148783,-0.116309,0.175719,-0.230280,0.094322,0.165210,-0.231213,-0.114612,0.175722,0.113495,0.130789,0.016045,0.051090,-0.169419,0.015973,-0.209866,0.132228,0.015940,-0.218476,-0.168215,0.015971
-0.041611,-0.012093,0.169198,0.148892,0.091495,0.164794,0.147882,-0.117498,0.174042,-0.231103,0.093313,0.164354,-0.232114,-0.115680,0.173602,0.113396,0.130579,0.016028,0.050980,-0.169520,0.015956,-0.209929,0.132138,0.015932,-0.214123,-0.168237,0.015972
-0.042473,-0.013143,0.168431,0.148054,0.090437,0.164960,0.146995,-0.118607,0.172949,-0.231940,0.092322,0.163913,-0.232999,-0.116722,0.171903,0.113309,0.130404,0.016007,0.050899,-0.169605,0.015938,-0.210005,0.132039,0.015932,-0.209988,-0.168275,0.016165
-0.043312,-0.014167,0.168040,0.147240,0.089394,0.165546,0.146127,-0.119694,0.172289,-0.232751,0.091361,0.163791,-0.233864,-0.117728,0.170534,0.113269,0.130226,0.015980,0.050823,-0.169704,0.015919,-0.210076,0.131945,0.015925,-0.206472,-0.168323,0.016264
-0.044167,-0.015172,0.167891,0.146395,0.088390,0.166402,0.145258,-0.120734,0.171898,-0.233591,0.090390,0.163885,-0.234728,-0.118734,0.169381,0.113262,0.130083,0.015939,0.050736,-0.169787,0.015895,-0.210181,0.131841,0.015924,-0.203833,-0.168394,0.016225
-0.044983,-0.016158,0.167876,0.145593,0.087388,0.167403,0.144421,-0.121765,0.171664,-0.234387,0.089449,0.164088,-0.235559,-0.119705,0.168349,0.113247,0.129944,0.015950,0.050660,-0.169874,0.015877,-0.210279,0.131755,0.015900,-0.202050,-0.168454,0.016111
-0.045799,-0.017114,0.167916,0.144787,0.086413,0.168434,0.143586,-0.122761,0.171503,-0.235185,0.088534,0.164330,-0.236386,-0.120640,0.167399,0.113709,0.129810,0.015965,0.050592,-0.169967,0.015853,-0.210363,0.131669,0.015895,-0.201155,-0.168520,0.015954
-0.046608,-0.018023,0.167946,0.143982,0.085487,0.169375,0.142765,-0.123701,0.171305,-0.235981,0.087654,0.164588,-0.237198,-0.121534,0.166517,0.114249,0.129697,0.015929,0.050511,-0.170051,0.015845,-0.210471,0.131586,0.015887,-0.201027,-0.168585,0.016091
-0.047394,-0.018856,0.168000,0.143199,0.084635,0.170299,0.141968,-0.124560,0.171184,-0.236755,0.086848,0.164816,-0.237986,-0.122347,0.165701,0.116165,0.129592,0.015923,0.050431,-0.170129,0.015859,-0.210561,0.131515,0.015861,-0.201293,-0.168645,0.016388
-0.048088,-0.019589,0.168051,0.142500,0.083889,0.171159,0.141267,-0.125308,0.171124,-0.237443,0.086129,0.164979,-0.238676,-0.123067,0.164944,0.119568,0.129501,0.015879,0.050355,-0.170197,0.015887,-0.210653,0.131447,0.015843,-0.201764,-0.168711,0.017412
-0.048691,-0.020208,0.168140,0.141886,0.083269,0.171881,0.140667,-0.125926,0.171073,-0.238048,0.085509,0.165207,-0.239268,-0.123685,0.164399,0.122495,0.129436,0.015829,0.050301,-0.170251,0.015901,-0.210729,0.131378,0.015834,-0.202178,-0.168792,0.019159
-0.049248,-0.020720,0.168329,0.141323,0.082751,0.172504,0.140112,-0.126440,0.171051,-0.238608,0.084999,0.165606,-0.239819,-0.124192,0.164153,0.124022,0.129392,0.015781,0.050228,-0.170294,0.015905,-0.210827,0.131330,0.015875,-0.202429,-0.168868,0.021151
-0.049797,-0.021160,0.168647,0.140777,0.082295,0.173077,0.139560,-0.126892,0.171081,-0.239154,0.084571,0.166213,-0.240371,-0.124616,0.164217,0.123976,0.129346,0.015785,0.050192,-0.170344,0.015914,-0.210883,0.131293,0.015900,-0.202564,-0.168940,0.022890
-0.050316,-0.021529,0.169027,0.140256,0.081922,0.173637,0.139045,-0.127260,0.171183,-0.239676,0.084202,0.166871,-0.240888,-0.124980,0.164417,0.123994,0.129322,0.015773,0.050149,-0.170378,0.015921,-0.210953,0.131260,0.015918,-0.202672,-0.169010,0.024109
-0.050858,-0.021824,0.169378,0.139712,0.081626,0.174120,0.138508,-0.127551,0.171298,-0.240223,0.083903,0.167458,-0.241427,-0.125274,0.164636,0.123962,0.129308,0.015762,0.050070,-0.170401,0.015927,-0.211041,0.131235,0.015931,-0.202947,-0.169067,0.025005
-0.051353,-0.022079,0.169668,0.139212,0.081373,0.174521,0.138017,-0.127800,0.171390,-0.240724,0.083643,0.167946,-0.241919,-0.125530,0.164815,0.123930,0.129293,0.015767,0.050056,-0.170426,0.015935,-0.211087,0.131205,0.015931,-0.203279,-0.169125,0.025728
-0.051849,-0.022295,0.169882,0.138719,0.081149,0.174814,0.137521,-0.128020,0.171410,-0.241220,0.083430,0.168353,-0.242417,-0.125739,0.164950,0.123916,0.129279,0.015747,0.050015,-0.170446,0.015937,-0.211150,0.131194,0.015936,-0.203718,-0.169162,0.026354
-0.052261,-0.022470,0.170038,0.138303,0.080978,0.175005,0.137115,-0.128187,0.171389,-0.241637,0.083246,0.168688,-0.242826,-0.125919,0.165071,0.123895,0.129271,0.015767,0.049968,-0.170462,0.015942,-0.211198,0.131172,0.015948,-0.204220,-0.169208,0.026993
-0.052681,-0.022629,0.170167,0.137881,0.080824,0.175137,0.136701,-0.128338,0.171320,-0.242063,0.083080,0.169013,-0.243243,-0.126082,0.165197,0.123855,0.129269,0.015788,0.049911,-0.170471,0.015945,-0.211279,0.131158,0.015952,-0.204782,-0.169247,0.027645
-0.053062,-0.022760,0.170273,0.137501,0.080692,0.175205,0.136322,-0.128467,0.171224,-0.242447,0.082946,0.169322,-0.243626,-0.126213,0.165341,0.123827,0.129261,0.015796,0.049883,-0.170484,0.015947,-0.211314,0.131148,0.015961,-0.205343,-0.169278,0.028227
-0.053444,-0.022857,0.170366,0.137120,0.080597,0.175235,0.135943,-0.128559,0.171138,-0.242831,0.082846,0.169595,-0.244008,-0.126311,0.165497,0.123778,0.129255,0.015797,0.049856,-0.170494,0.015950,-0.211368,0.131138,0.015965,-0.205949,-0.169306,0.028791
-0.053757,-0.022904,0.170447,0.136809,0.080551,0.175220,0.135632,-0.128605,0.171060,-0.243146,0.082796,0.169835,-0.244323,-0.126359,0.165675,0.123774,0.129254,0.015812,0.049833,-0.170496,0.015954,-0.211398,0.131138,0.015960,-0.206525,-0.169320,0.029349
-0.054085,-0.022924,0.170523,0.136482,0.080535,0.175185,0.135307,-0.128620,0.171001,-0.243477,0.082771,0.170045,-0.244651,-0.126384,0.165861,0.123741,0.129253,0.015832,0.049789,-0.170498,0.015956,-0.211440,0.131133,0.015958,-0.207110,-0.169334,0.029854
-0.054390,-0.022917,0.170593,0.136180,0.080543,0.175111,0.135003,-0.128612,0.170938,-0.243783,0.082778,0.170248,-0.244960,-0.126377,0.166074,0.123710,0.129251,0.015811,0.049761,-0.170500,0.015955,-0.211489,0.131135,0.015970,-0.207706,-0.169337,0.030323
-0.054680,-0.022894,0.170663,0.135893,0.080568,0.175026,0.134714,-0.128588,0.170881,-0.244073,0.082800,0.170446,-0.245252,-0.126355,0.166301,0.123664,0.129252,0.015812,0.049721,-0.170498,0.015952,-0.211531,0.131138,0.015971,-0.208257,-0.169338,0.030781
-0.054955,-0.022861,0.170737,0.135619,0.080603,0.174953,0.134440,-0.128553,0.170845,-0.244350,0.082830,0.170629,-0.245528,-0.126326,0.166522,0.123627,0.129256,0.015821,0.049696,-0.170493,0.015952,-0.211559,0.131142,0.015968,-0.208753,-0.169335,0.031173
-0.055214,-0.022821,0.170809,0.135363,0.080644,0.174872,0.134181,-0.128513,0.170814,-0.244609,0.082870,0.170805,-0.245791,-0.126287,0.166747,0.123617,0.129256,0.015825,0.049691,-0.170490,0.015951,-0.211571,0.131147,0.015978,-0.209263,-0.169329,0.031519
-0.055466,-0.022774,0.170877,0.135112,0.080696,0.174773,0.133931,-0.128463,0.170771,-0.244862,0.082915,0.170982,-0.246044,-0.126243,0.166981,0.123556,0.129261,0.015821,0.049649,-0.170484,0.015953,-0.211613,0.131152,0.015970,-0.209812,-0.169322,0.031873
-0.055702,-0.022729,0.170937,0.134878,0.080742,0.174671,0.133695,-0.128417,0.170727,-0.245099,0.082959,0.171146,-0.246283,-0.126200,0.167202,0.123527,0.129261,0.015827,0.049641,-0.170482,0.015951,-0.211631,0.131155,0.015973,-0.210341,-0.169317,0.032194
-0.055901,-0.022678,0.170991,0.134681,0.080796,0.174571,0.133497,-0.128364,0.170686,-0.245299,0.083007,0.171295,-0.246482,-0.126153,0.167411,0.123510,0.129266,0.015830,0.049621,-0.170474,0.015953,-0.211673,0.131161,0.015970,-0.210853,-0.169307,0.032479
-0.056122,-0.022630,0.171039,0.134462,0.080847,0.174468,0.133276,-0.128315,0.170647,-0.245520,0.083056,0.171431,-0.246705,-0.126106,0.167610,0.123508,0.129265,0.015828,0.049605,-0.170473,0.015951,-0.211684,0.131162,0.015975,-0.211410,-0.169301,0.032742
-0.056335,-0.022584,0.171086,0.134251,0.080892,0.174367,0.133062,-0.128270,0.170599,-0.245733,0.083103,0.171573,-0.246922,-0.126060,0.167805,0.123488,0.129267,0.015839,0.049585,-0.170468,0.015953,-0.211699,0.131170,0.015968,-0.211980,-0.169289,0.033006
-0.056503,-0.022537,0.171128,0.134083,0.080943,0.174255,0.132895,-0.128221,0.170545,-0.245902,0.083146,0.171710,-0.247090,-0.126017,0.168000,0.123479,0.129270,0.015853,0.049582,-0.170464,0.015955,-0.211721,0.131172,0.015975,-0.212544,-0.169282,0.033264
-0.056686,-0.022482,0.171169,0.133902,0.080999,0.174136,0.132711,-0.128166,0.170494,-0.246084,0.083202,0.171844,-0.247275,-0.125963,0.168201,0.123451,0.129273,0.015844,0.049543,-0.170459,0.015949,-0.211748,0.131179,0.015980,-0.213156,-0.169269,0.033516
-0.056870,-0.022428,0.171204,0.133721,0.081055,0.173996,0.132528,-0.128111,0.170422,-0.246267,0.083256,0.171986,-0.247460,-0.125910,0.168412,0.123446,0.129273,0.015834,0.049519,-0.170456,0.015944,-0.211773,0.131182,0.015981,-0.213777,-0.169259,0.033799
-0.057068,-0.022372,0.171239,0.133524,0.081112,0.173858,0.132330,-0.128056,0.170350,-0.246465,0.083311,0.172129,-0.247660,-0.125856,0.168621,0.123416,0.129277,0.015839,0.049511,-0.170450,0.015950,-0.211796,0.131189,0.015978,-0.214381,-0.169246,0.034053
-0.057228,-0.022311,0.171278,0.133366,0.081174,0.173725,0.132169,-0.127994,0.170291,-0.246625,0.083372,0.172265,-0.247822,-0.125796,0.168831,0.123385,0.129280,0.015842,0.049496,-0.170444,0.015946,-0.211812,0.131196,0.015978,-0.214950,-0.169232,0.034276
-0.057434,-0.022255,0.171315,0.133160,0.081233,0.173589,0.131963,-0.127936,0.170224,-0.246832,0.083426,0.172407,-0.248028,-0.125743,0.169042,0.123346,0.129284,0.015840,0.049465,-0.170439,0.015946,-0.211853,0.131199,0.015978,-0.215575,-0.169221,0.034519
-0.057655,-0.022197,0.171356,0.132940,0.081293,0.173461,0.131742,-0.127878,0.170166,-0.247052,0.083484,0.172545,-0.248251,-0.125686,0.169250,0.123251,0.129288,0.015845,0.049430,-0.170433,0.015943,-0.211880,0.131205,0.015984,-0.216222,-0.169208,0.034757
-0.057854,-0.022141,0.171394,0.132744,0.081348,0.173336,0.131542,-0.127823,0.170112,-0.247249,0.083542,0.172676,-0.248451,-0.125629,0.169453,0.123161,0.129286,0.015847,0.049411,-0.170432,0.015940,-0.211901,0.131210,0.016012,-0.216871,-0.169195,0.034979
-0.058060,-0.022068,0.171408,0.132538,0.081423,0.173211,0.131336,-0.127750,0.170075,-0.247455,0.083614,0.172741,-0.248658,-0.125559,0.169606,0.123119,0.129291,0.015860,0.049420,-0.170425,0.015943,-0.211890,0.131215,0.015996,-0.217513,-0.169179,0.035159
-0.058243,-0.021993,0.171395,0.132356,0.081498,0.173075,0.131152,-0.127676,0.170028,-0.247637,0.083691,0.172761,-0.248842,-0.125484,0.169714,0.123125,0.129297,0.015849,0.049401,-0.170416,0.015940,-0.211922,0.131224,0.016002,-0.218131,-0.169159,0.035317
-0.058434,-0.021923,0.171370,0.132167,0.081568,0.172927,0.130960,-0.127608,0.169965,-0.247827,0.083762,0.172775,-0.249034,-0.125414,0.169813,0.123127,0.129299,0.015853,0.049372,-0.170411,0.015937,-0.211939,0.131230,0.015998,-0.218785,-0.169142,0.035507
-0.058624,-0.021855,0.171349,0.131976,0.081636,0.172774,0.130769,-0.127540,0.169894,-0.248017,0.083830,0.172803,-0.249225,-0.125347,0.169923,0.123122,0.129303,0.015861,0.049355,-0.170405,0.015939,-0.211958,0.131236,0.015996,-0.219473,-0.169126,0.035710
-0.058800,-0.021781,0.171334,0.131801,0.081712,0.172619,0.130593,-0.127466,0.169826,-0.248193,0.083904,0.172843,-0.249400,-0.125274,0.170050,0.123096,0.129310,0.015856,0.049331,-0.170397,0.015934,-0.211984,0.131243,0.016000,-0.220182,-0.169108,0.035936
-0.058990,-0.021704,0.171330,0.131610,0.081792,0.172473,0.130403,-0.127387,0.169772,-0.248384,0.083980,0.172888,-0.249591,-0.125199,0.170187,0.123040,0.129318,0.015858,0.049305,-0.170388,0.015938,-0.212016,0.131250,0.015997,-0.220887,-0.169090,0.036178
-0.059151,-0.021624,0.171344,0.131451,0.081871,0.172349,0.130241,-0.127310,0.169746,-0.248542,0.084062,0.172942,-0.249753,-0.125118,0.170339,0.123010,0.129321,0.015863,0.049314,-0.170382,0.015936,-0.212009,0.131258,0.016000,-0.221530,-0.169069,0.036391
-0.059326,-0.021542,0.171368,0.131277,0.081951,0.172234,0.130063,-0.127230,0.169729,-0.248716,0.084147,0.173007,-0.249930,-0.125034,0.170502,0.122976,0.129326,0.015859,0.049275,-0.170374,0.015935,-0.212052,0.131269,0.015990,-0.222167,-0.169046,0.036574
-0.059509,-0.021467,0.171396,0.131095,0.082025,0.172123,0.129879,-0.127158,0.169709,-0.248897,0.084223,0.173082,-0.250114,-0.124959,0.170668,0.122929,0.129330,0.015867,0.049259,-0.170368,0.015932,-0.212067,0.131276,0.015996,-0.222789,-0.169026,0.036744
-0.059685,-0.021388,0.171426,0.130919,0.082106,0.172017,0.129704,-0.127077,0.169700,-0.249073,0.084301,0.173152,-0.250288,-0.124883,0.170834,0.122911,0.129336,0.015860,0.049261,-0.170360,0.015932,-0.212077,0.131281,0.015997,-0.223409,-0.169009,0.036916
-0.059845,-0.021304,0.171450,0.130759,0.082190,0.171896,0.129542,-0.126995,0.169682,-0.249232,0.084387,0.173217,-0.250449,-0.124798,0.171004,0.122881,0.129340,0.015862,0.049226,-0.170354,0.015934,-0.212104,0.131288,0.015993,-0.224024,-0.168988,0.037105
-0.059990,-0.021208,0.171467,0.130614,0.082287,0.171757,0.129397,-0.126899,0.169656,-0.249376,0.084483,0.173279,-0.250594,-0.124703,0.171178,0.122847,0.129351,0.015869,0.049227,-0.170341,0.015930,-0.212104,0.131299,0.015980,-0.224599,-0.168962,0.037300
-0.060150,-0.021120,0.171480,0.130455,0.082374,0.171606,0.129235,-0.126813,0.169616,-0.249535,0.084573,0.173344,-0.250755,-0.124614,0.171355,0.122792,0.129352,0.015864,0.049206,-0.170338,0.015929,-0.212131,0.131304,0.015985,-0.225176,-0.168943,0.037481
-0.060326,-0.021034,0.171498,0.130279,0.082460,0.171461,0.129058,-0.126728,0.169577,-0.249709,0.084660,0.173419,-0.250930,-0.124528,0.171535,0.122735,0.129358,0.015867,0.049189,-0.170331,0.015927,-0.212147,0.131311,0.015987,-0.225750,-0.168922,0.037658
-0.060478,-0.020948,0.171519,0.130126,0.082546,0.171321,0.128905,-0.126643,0.169538,-0.249861,0.084746,0.173500,-0.251083,-0.124443,0.171717,0.122701,0.129367,0.015864,0.049168,-0.170321,0.015929,-0.212165,0.131321,0.015985,-0.226305,-0.168899,0.037846
-0.060616,-0.020862,0.171539,0.129988,0.082633,0.171172,0.128767,-0.126557,0.169495,-0.249998,0.084833,0.173583,-0.251219,-0.124356,0.171907,0.122674,0.129373,0.015861,0.049159,-0.170313,0.015929,-0.212162,0.131328,0.015979,-0.226833,-0.168878,0.038043
-0.060753,-0.020782,0.171565,0.129850,0.082714,0.171034,0.128629,-0.126476,0.169455,-0.250134,0.084913,0.173675,-0.251356,-0.124277,0.172096,0.122634,0.129380,0.015864,0.049139,-0.170305,0.015924,-0.212205,0.131334,0.015987,-0.227331,-0.168859,0.038223
-0.060860,-0.020703,0.171590,0.129744,0.082791,0.170897,0.128520,-0.126401,0.169415,-0.250239,0.084994,0.173766,-0.251463,-0.124197,0.172283,0.122637,0.129383,0.015870,0.049151,-0.170301,0.015929,-0.212188,0.131341,0.015981,-0.227799,-0.168839,0.038401
-0.060982,-0.020617,0.171612,0.129621,0.082878,0.170751,0.128397,-0.126314,0.169370,-0.250360,0.085081,0.173853,-0.251584,-0.124111,0.172472,0.122608,0.129393,0.015876,0.049128,-0.170289,0.015921,-0.212210,0.131351,0.015983,-0.228284,-0.168815,0.038565
-0.061104,-0.020537,0.171629,0.129498,0.082957,0.170609,0.128274,-0.126235,0.169330,-0.250481,0.085161,0.173927,-0.251706,-0.124032,0.172648,0.122603,0.129395,0.015858,0.049116,-0.170286,0.015919,-0.212227,0.131354,0.015992,-0.228771,-0.168799,0.038755
-0.061195,-0.020459,0.171645,0.129407,0.083033,0.170479,0.128180,-0.126160,0.169294,-0.250570,0.085242,0.173996,-0.251798,-0.123951,0.172811,0.122611,0.129400,0.015875,0.049115,-0.170279,0.015872,-0.212226,0.131364,0.015978,-0.229210,-0.168777,0.038942
-0.061325,-0.020384,0.171658,0.129276,0.083109,0.170346,0.128050,-0.126084,0.169251,-0.250700,0.085317,0.174066,-0.251926,-0.123877,0.172971,0.122572,0.129408,0.015870,0.049084,-0.170270,0.015870,-0.212258,0.131370,0.015978,-0.229669,-0.168758,0.039104
-0.061440,-0.020311,0.171675,0.129162,0.083179,0.170219,0.127933,-0.126015,0.169210,-0.250812,0.085392,0.174139,-0.252041,-0.123802,0.173130,0.122574,0.129413,0.015877,0.049086,-0.170264,0.015871,-0.212255,0.131380,0.015981,-0.230119,-0.168736,0.039268
-0.061523,-0.020230,0.171694,0.129075,0.083262,0.170088,0.127849,-0.125932,0.169178,-0.250896,0.085472,0.174211,-0.252122,-0.123723,0.173301,0.122566,0.129423,0.015874,0.049072,-0.170254,0.015868,-0.212273,0.131385,0.015975,-0.230557,-0.168718,0.039448
-0.061600,-0.020156,0.171715,0.128998,0.083336,0.169960,0.127771,-0.125859,0.169142,-0.250971,0.085547,0.174287,-0.252198,-0.123648,0.173469,0.122558,0.129427,0.015891,0.049073,-0.170249,0.015863,-0.212264,0.131390,0.015975,-0.230966,-0.168700,0.039627
-0.061699,-0.020078,0.171737,0.128898,0.083414,0.169827,0.127671,-0.125781,0.169104,-0.251069,0.085626,0.174370,-0.252295,-0.123569,0.173648,0.122543,0.129434,0.015874,0.049061,-0.170242,0.015866,-0.212279,0.131396,0.015973,-0.231402,-0.168681,0.039797
-0.061790,-0.019997,0.171758,0.128806,0.083492,0.169696,0.127577,-0.125703,0.169070,-0.251158,0.085710,0.174446,-0.252387,-0.123486,0.173820,0.122539,0.129441,0.015869,0.049049,-0.170234,0.015864,-0.212296,0.131407,0.015976,-0.231793,-0.168657,0.039953
-0.061882,-0.019921,0.171780,0.128712,0.083568,0.169575,0.127485,-0.125627,0.169044,-0.251249,0.085785,0.174516,-0.252476,-0.123411,0.173984,0.122538,0.129446,0.015882,0.049038,-0.170229,0.015862,-0.212307,0.131410,0.015968,-0.232155,-0.168641,0.040128
-0.061958,-0.019845,0.171796,0.128634,0.083644,0.169446,0.127408,-0.125551,0.169006,-0.251324,0.085861,0.174585,-0.252551,-0.123335,0.174146,0.122545,0.129454,0.015877,0.049035,-0.170221,0.015862,-0.212311,0.131417,0.015977,-0.232492,-0.168622,0.040281
-0.061981,-0.019767,0.171813,0.128609,0.083723,0.169318,0.127384,-0.125473,0.168973,-0.251347,0.085939,0.174653,-0.252572,-0.123257,0.174308,0.122574,0.129463,0.015882,0.049055,-0.170212,0.015864,-0.212292,0.131423,0.015970,-0.232752,-0.168603,0.040433
-0.061996,-0.019695,0.171835,0.128593,0.083793,0.169214,0.127368,-0.125403,0.168954,-0.251361,0.086012,0.174716,-0.252586,-0.123184,0.174456,0.122562,0.129470,0.015887,0.049045,-0.170204,0.015862,-0.212305,0.131432,0.015969,-0.232992,-0.168583,0.040580
-0.062065,-0.019628,0.171857,0.128524,0.083859,0.169111,0.127297,-0.125338,0.168937,-0.251427,0.086083,0.174777,-0.252654,-0.123114,0.174604,0.122573,0.129471,0.015878,0.049047,-0.170203,0.015857,-0.212310,0.131436,0.015967,-0.233280,-0.168567,0.040709
-0.062126,-0.019559,0.171875,0.128462,0.083927,0.169003,0.127235,-0.125270,0.168913,-0.251487,0.086152,0.174838,-0.252714,-0.123044,0.174748,0.122534,0.129478,0.015882,0.049020,-0.170196,0.015858,-0.212334,0.131442,0.015960,-0.233560,-0.168550,0.040845
-0.062172,-0.019489,0.171889,0.128415,0.083994,0.168899,0.127187,-0.125203,0.168891,-0.251531,0.086224,0.174887,-0.252759,-0.122972,0.174879,0.122528,0.129485,0.015880,0.049014,-0.170188,0.015855,-0.212335,0.131451,0.015962,-0.233799,-0.168529,0.040941
-0.062225,-0.019423,0.171902,0.128361,0.084059,0.168793,0.127133,-0.125137,0.168868,-0.251583,0.086292,0.174935,-0.252811,-0.122905,0.175010,0.122508,0.129489,0.015884,0.049007,-0.170184,0.015852,-0.212347,0.131455,0.015974,-0.234061,-0.168514,0.041066
-0.062286,-0.019361,0.171917,0.128298,0.084120,0.168679,0.127070,-0.125076,0.168830,-0.251643,0.086355,0.175004,-0.252871,-0.122841,0.175155,0.122493,0.129495,0.015879,0.049022,-0.170179,0.015858,-0.212342,0.131460,0.015961,-0.234327,-0.168498,0.041224
-0.062347,-0.019298,0.171927,0.128235,0.084182,0.168557,0.127007,-0.125014,0.168786,-0.251702,0.086419,0.175069,-0.252930,-0.122777,0.175298,0.122454,0.129499,0.015870,0.048986,-0.170175,0.015855,-0.212365,0.131465,0.015966,-0.234572,-0.168482,0.041345
-0.062401,-0.019234,0.171943,0.128181,0.084243,0.168451,0.126952,-0.124953,0.168757,-0.251754,0.086485,0.175129,-0.252983,-0.122711,0.175435,0.122438,0.129505,0.015880,0.049000,-0.170169,0.015856,-0.212362,0.131472,0.015956,-0.234803,-0.168465,0.041454
-0.062454,-0.019174,0.171960,0.128126,0.084303,0.168349,0.126898,-0.124893,0.168727,-0.251806,0.086546,0.175193,-0.253034,-0.122650,0.175571,0.122415,0.129512,0.015879,0.048978,-0.170163,0.015848,-0.212381,0.131477,0.015969,-0.235032,-0.168449,0.041555
-0.062508,-0.019112,0.171976,0.128070,0.084364,0.168243,0.126843,-0.124831,0.168696,-0.251858,0.086608,0.175257,-0.253085,-0.122588,0.175710,0.122384,0.129519,0.015872,0.048975,-0.170157,0.015851,-0.212383,0.131483,0.015966,-0.235279,-0.168433,0.041678
-0.062561,-0.019047,0.171992,0.128016,0.084427,0.168138,0.126788,-0.124769,0.168671,-0.251910,0.086675,0.175313,-0.253138,-0.122520,0.175846,0.122354,0.129523,0.015872,0.048973,-0.170152,0.015846,-0.212397,0.131488,0.015970,-0.235518,-0.168416,0.041811
-0.062622,-0.018991,0.172003,0.127954,0.084480,0.168045,0.126725,-0.124716,0.168645,-0.251969,0.086733,0.175361,-0.253198,-0.122463,0.175961,0.122301,0.129527,0.015870,0.048965,-0.170149,0.015845,-0.212392,0.131494,0.015958,-0.235733,-0.168401,0.041936
-0.062675,-0.018931,0.172012,0.127898,0.084541,0.167945,0.126671,-0.124655,0.168615,-0.252022,0.086792,0.175408,-0.253249,-0.122403,0.176078,0.122261,0.129538,0.015872,0.048956,-0.170139,0.015843,-0.212404,0.131500,0.015968,-0.235946,-0.168385,0.042028
-0.062744,-0.018876,0.172019,0.127828,0.084593,0.167841,0.126600,-0.124602,0.168581,-0.252089,0.086850,0.175457,-0.253317,-0.122345,0.176197,0.122217,0.129540,0.015864,0.048949,-0.170138,0.015846,-0.212407,0.131504,0.015967,-0.236189,-0.168371,0.042139
-0.062805,-0.018822,0.172029,0.127766,0.084646,0.167749,0.126538,-0.124549,0.168555,-0.252149,0.086905,0.175503,-0.253376,-0.122290,0.176310,0.122175,0.129545,0.015870,0.048938,-0.170133,0.015844,-0.212416,0.131508,0.015965,-0.236408,-0.168357,0.042241
-0.062866,-0.018769,0.172041,0.127703,0.084698,0.167670,0.126477,-0.124496,0.168540,-0.252209,0.086958,0.175543,-0.253435,-0.122237,0.176412,0.122151,0.129551,0.015866,0.048941,-0.170128,0.015844,-0.212425,0.131512,0.015963,-0.236606,-0.168344,0.042334
-0.062912,-0.018720,0.172053,0.127656,0.084745,0.167596,0.126429,-0.124449,0.168525,-0.252253,0.087010,0.175582,-0.253480,-0.122184,0.176511,0.122120,0.129555,0.015862,0.048935,-0.170124,0.015845,-0.212434,0.131519,0.015962,-0.236795,-0.168329,0.042418
-0.062958,-0.018674,0.172065,0.127610,0.084789,0.167521,0.126381,-0.124405,0.168506,-0.252297,0.087058,0.175625,-0.253525,-0.122136,0.176609,0.122088,0.129559,0.015876,0.048934,-0.170121,0.015837,-0.212421,0.131523,0.015959,-0.236989,-0.168316,0.042516
-0.062981,-0.018624,0.172070,0.127585,0.084838,0.167436,0.126358,-0.124356,0.168482,-0.252319,0.087108,0.175659,-0.253546,-0.122086,0.176704,0.122056,0.129564,0.015863,0.048940,-0.170116,0.015846,-0.212425,0.131527,0.015955,-0.237168,-0.168304,0.042603
-0.063004,-0.018576,0.172076,0.127560,0.084887,0.167353,0.126335,-0.124307,0.168454,-0.252342,0.087156,0.175697,-0.253567,-0.122038,0.176798,0.122043,0.129573,0.015863,0.048936,-0.170108,0.015846,-0.212431,0.131533,0.015952,-0.237329,-0.168290,0.042673
-0.063034,-0.018529,0.172084,0.127527,0.084934,0.167284,0.126304,-0.124259,0.168443,-0.252372,0.087202,0.175725,-0.253595,-0.121992,0.176884,0.122031,0.129579,0.015870,0.048919,-0.170104,0.015840,-0.212436,0.131534,0.015955,-0.237496,-0.168280,0.042757
-0.063072,-0.018486,0.172094,0.127488,0.084975,0.167220,0.126265,-0.124218,0.168433,-0.252409,0.087246,0.175756,-0.253633,-0.121947,0.176968,0.122010,0.129581,0.015871,0.048923,-0.170102,0.015842,-0.212440,0.131538,0.015959,-0.237654,-0.168269,0.042839
-0.063103,-0.018443,0.172109,0.127457,0.085016,0.167163,0.126233,-0.124176,0.168424,-0.252439,0.087290,0.175794,-0.253662,-0.121902,0.177054,0.122003,0.129588,0.015876,0.048922,-0.170095,0.015838,-0.212446,0.131545,0.015956,-0.237794,-0.168255,0.042913
-0.063118,-0.018403,0.172124,0.127440,0.085055,0.167104,0.126217,-0.124138,0.168415,-0.252453,0.087332,0.175832,-0.253676,-0.121861,0.177144,0.121999,0.129590,0.015871,0.048928,-0.170094,0.015837,-0.212436,0.131547,0.015953,-0.237923,-0.168246,0.042982
-0.063148,-0.018363,0.172134,0.127408,0.085095,0.167040,0.126186,-0.124097,0.168400,-0.252483,0.087371,0.175867,-0.253705,-0.121821,0.177227,0.121979,0.129595,0.015874,0.048923,-0.170090,0.015845,-0.212444,0.131549,0.015958,-0.238068,-0.168237,0.043053
-0.063179,-0.018314,0.172143,0.127376,0.085143,0.166984,0.126155,-0.124049,0.168400,-0.252513,0.087420,0.175885,-0.253734,-0.121772,0.177302,0.121975,0.129603,0.015874,0.048906,-0.170083,0.015835,-0.212458,0.131555,0.015957,-0.238199,-0.168223,0.043115
-0.063210,-0.018271,0.172146,0.127345,0.085184,0.166926,0.126124,-0.124007,0.168396,-0.252543,0.087464,0.175896,-0.253764,-0.121727,0.177366,0.121949,0.129606,0.015874,0.048905,-0.170081,0.015836,-0.212455,0.131558,0.015957,-0.238314,-0.168212,0.043175
-0.063240,-0.018240,0.172151,0.127313,0.085214,0.166875,0.126092,-0.123977,0.168386,-0.252572,0.087497,0.175915,-0.253793,-0.121694,0.177427,0.121933,0.129606,0.015870,0.048903,-0.170081,0.015838,-0.212456,0.131559,0.015951,-0.238420,-0.168205,0.043235
-0.063271,-0.018209,0.172153,0.127282,0.085244,0.166820,0.126061,-0.123947,0.168369,-0.252602,0.087530,0.175937,-0.253823,-0.121661,0.177486,0.121931,0.129609,0.015872,0.048898,-0.170078,0.015835,-0.212463,0.131562,0.015955,-0.238514,-0.168197,0.043269
-0.063286,-0.018177,0.172155,0.127265,0.085275,0.166757,0.126045,-0.123915,0.168345,-0.252616,0.087561,0.175964,-0.253837,-0.121629,0.177552,0.121933,0.129613,0.015863,0.048905,-0.170075,0.015838,-0.212465,0.131564,0.015954,-0.238618,-0.168189,0.043336
-0.063309,-0.018144,0.172156,0.127242,0.085306,0.166705,0.126021,-0.123884,0.168333,-0.252638,0.087596,0.175980,-0.253859,-0.121594,0.177608,0.121911,0.129616,0.015866,0.048903,-0.170072,0.015839,-0.212466,0.131569,0.015954,-0.238714,-0.168179,0.043395
-0.063324,-0.018119,0.172158,0.127224,0.085332,0.166651,0.126006,-0.123857,0.168310,-0.252654,0.087620,0.176007,-0.253872,-0.121570,0.177665,0.121883,0.129620,0.015862,0.048902,-0.170069,0.015840,-0.212472,0.131569,0.015950,-0.238779,-0.168175,0.043436
-0.063339,-0.018096,0.172165,0.127209,0.085354,0.166606,0.125989,-0.123836,0.168290,-0.252667,0.087644,0.176039,-0.253887,-0.121546,0.177723,0.121874,0.129623,0.015873,0.048899,-0.170067,0.015832,-0.212466,0.131573,0.015950,-0.238846,-0.168166,0.043480
-0.063354,-0.018072,0.172176,0.127192,0.085377,0.166574,0.125973,-0.123813,0.168288,-0.252682,0.087668,0.176064,-0.253901,-0.121521,0.177778,0.121878,0.129625,0.015866,0.048897,-0.170065,0.015832,-0.212471,0.131575,0.015949,-0.238938,-0.168160,0.043535
-0.063362,-0.018045,0.172185,0.127183,0.085403,0.166541,0.125965,-0.123786,0.168285,-0.252690,0.087695,0.176086,-0.253908,-0.121494,0.177830,0.121865,0.129631,0.015872,0.048899,-0.170060,0.015835,-0.212459,0.131578,0.015947,-0.239029,-0.168152,0.043579
