0.001251,-0.020412,0.326521,0.191427,0.083862,0.327621,0.191058,-0.125258,0.321838,-0.188556,0.084433,0.331204,-0.188925,-0.124686,0.325421,0.172672,0.134603,0.138097,0.178958,-0.165270,0.125345,-0.161090,0.135317,0.133577,-0.174775,-0.164843,0.132474
0.002754,-0.030130,0.308435,0.192775,0.074429,0.307785,0.192694,-0.134730,0.303649,-0.187186,0.074469,0.313220,-0.187267,-0.134690,0.309084,0.181268,0.123395,0.130643,0.159279,-0.176475,0.116489,-0.157388,0.123665,0.123639,-0.187913,-0.175922,0.095320
0.004543,-0.039975,0.287859,0.195093,0.063610,0.286363,0.193936,-0.145560,0.283050,-0.184850,0.065611,0.292668,-0.186006,-0.143560,0.289355,0.182163,0.111871,0.113843,0.133825,-0.187536,0.084297,-0.167008,0.114047,0.098335,-0.190814,-0.185191,0.049550
0.004745,-0.049898,0.264123,0.196706,0.051047,0.262561,0.192663,-0.158089,0.259317,-0.183172,0.058292,0.268929,-0.187215,-0.150843,0.265685,0.177396,0.099692,0.081558,0.139222,-0.199168,0.043265,-0.168024,0.106733,0.058120,-0.183653,-0.192502,0.015893
0.005295,-0.057698,0.238391,0.200087,0.037585,0.234119,0.189790,-0.171281,0.228314,-0.179200,0.055885,0.248469,-0.189498,-0.152980,0.242663,0.159543,0.090584,0.037046,0.158327,-0.209333,0.015351,-0.166403,0.106750,0.033595,-0.182510,-0.192545,0.015893
0.009560,-0.061443,0.214169,0.204843,0.032598,0.206307,0.192962,-0.176103,0.198113,-0.173843,0.053217,0.230225,-0.185724,-0.155485,0.222030,0.142162,0.089201,0.015916,0.153361,-0.212252,0.015890,-0.165849,0.106726,0.016155,-0.181060,-0.193217,0.015946
0.018475,-0.062757,0.199334,0.213680,0.031424,0.191207,0.201843,-0.177218,0.181560,-0.164894,0.051704,0.217108,-0.176731,-0.156938,0.207461,0.142538,0.089133,0.015986,0.153625,-0.212392,0.015853,-0.164518,0.106563,0.015778,-0.179558,-0.193483,0.015705
0.032825,-0.063136,0.194887,0.227998,0.031063,0.186199,0.216164,-0.177589,0.176764,-0.150513,0.051318,0.213010,-0.162347,-0.157334,0.203575,0.146809,0.088918,0.016338,0.154858,-0.212406,0.015868,-0.163286,0.106534,0.015686,-0.178254,-0.193506,0.015711
0.050362,-0.063267,0.196138,0.245622,0.030795,0.187976,0.233736,-0.177897,0.179546,-0.133012,0.051362,0.212730,-0.144899,-0.157330,0.204300,0.183698,0.086457,0.025227,0.156526,-0.212455,0.016051,-0.162111,0.106538,0.015717,-0.175325,-0.193535,0.015600
0.068596,-0.063766,0.198698,0.263975,0.030172,0.192081,0.252064,-0.178545,0.184331,-0.114872,0.051014,0.213065,-0.126784,-0.157703,0.205315,0.239251,0.082626,0.044296,0.158291,-0.212495,0.015914,-0.161083,0.106533,0.015754,-0.155267,-0.194585,0.015525
0.086441,-0.064599,0.199389,0.281876,0.029275,0.193575,0.269943,-0.179448,0.186049,-0.097061,0.050250,0.212729,-0.108994,-0.158474,0.205202,0.281915,0.079704,0.058317,0.159911,-0.212573,0.015826,-0.160140,0.106506,0.015926,-0.112581,-0.196986,0.015618
0.103451,-0.065273,0.196105,0.298872,0.028629,0.190267,0.286978,-0.180105,0.182966,-0.080076,0.049559,0.209244,-0.091971,-0.159175,0.201943,0.303365,0.078757,0.052114,0.161392,-0.212652,0.015768,-0.149517,0.105836,0.015717,-0.048469,-0.200698,0.015897
0.119965,-0.065741,0.188096,0.314974,0.028969,0.181563,0.303913,-0.179810,0.174227,-0.063984,0.048328,0.201965,-0.075044,-0.160451,0.194629,0.306914,0.080263,0.030012,0.169157,-0.212650,0.015914,-0.123980,0.103592,0.015727,0.030528,-0.205537,0.022506
0.136456,-0.066300,0.176510,0.330725,0.029703,0.167349,0.321003,-0.179172,0.160919,-0.048092,0.046573,0.192100,-0.057814,-0.162303,0.185671,0.303268,0.081163,0.015900,0.188591,-0.214117,0.017534,-0.093622,0.099643,0.015666,0.089662,-0.210121,0.037305
0.152569,-0.067485,0.163528,0.346266,0.029511,0.152835,0.337544,-0.179402,0.146208,-0.032406,0.044432,0.180849,-0.041129,-0.164481,0.174222,0.304412,0.081116,0.015859,0.226744,-0.216351,0.022087,-0.061147,0.096391,0.015461,0.119268,-0.212317,0.036360
0.168430,-0.069205,0.149917,0.361706,0.028709,0.139997,0.353917,-0.180197,0.132129,-0.017057,0.041787,0.167704,-0.024845,-0.167119,0.159837,0.305897,0.080981,0.015798,0.267346,-0.218478,0.025775,-0.027812,0.093442,0.015294,0.124429,-0.212780,0.015960
0.183743,-0.070549,0.138437,0.377224,0.027188,0.131121,0.369242,-0.181631,0.121356,-0.001757,0.040534,0.155519,-0.009739,-0.168285,0.145754,0.307643,0.080767,0.015945,0.306880,-0.220465,0.029073,0.002938,0.092454,0.015101,0.125539,-0.212914,0.015835
0.198582,-0.071074,0.130898,0.392214,0.026519,0.126071,0.384182,-0.182273,0.115780,0.012982,0.040124,0.146015,0.004950,-0.168668,0.135724,0.309340,0.080671,0.016008,0.339915,-0.222150,0.035451,0.031286,0.091401,0.015326,0.126682,-0.212980,0.015822
0.213516,-0.070760,0.126905,0.407142,0.026919,0.123903,0.399352,-0.181940,0.114842,0.027681,0.040419,0.138968,0.019891,-0.168440,0.129907,0.310943,0.080719,0.015845,0.366221,-0.223084,0.042361,0.057674,0.090173,0.015673,0.128019,-0.213052,0.015931
0.228733,-0.069766,0.125498,0.422347,0.027964,0.123570,0.414736,-0.180995,0.117009,0.042730,0.041463,0.133987,0.035119,-0.167496,0.127426,0.312498,0.080851,0.015809,0.390118,-0.223479,0.049425,0.084738,0.089141,0.015960,0.129479,-0.212934,0.015942
0.244232,-0.068700,0.125513,0.437831,0.029075,0.124664,0.430353,-0.179956,0.120814,0.058111,0.042557,0.130211,0.050633,-0.166474,0.126362,0.313971,0.080996,0.015870,0.413879,-0.223665,0.056287,0.113264,0.088143,0.017675,0.131170,-0.212806,0.015788
0.260006,-0.067875,0.126384,0.453612,0.029887,0.126826,0.446158,-0.179174,0.125284,0.073854,0.043424,0.127484,0.066399,-0.165638,0.125942,0.315408,0.081113,0.015946,0.437853,-0.223888,0.061529,0.144985,0.087151,0.021276,0.132985,-0.212679,0.015683
0.276100,-0.067446,0.127585,0.469743,0.030230,0.129334,0.462193,-0.178834,0.129451,0.090007,0.043941,0.125719,0.082458,-0.165123,0.125837,0.316827,0.081168,0.015978,0.461778,-0.224336,0.061654,0.184806,0.085941,0.026638,0.134867,-0.212557,0.015980
0.292336,-0.067598,0.128206,0.485939,0.030144,0.130553,0.478450,-0.178920,0.131369,0.106221,0.043725,0.125043,0.098732,-0.165340,0.125858,0.318206,0.081184,0.015866,0.483671,-0.224904,0.050249,0.231538,0.084361,0.034392,0.136747,-0.212610,0.015998
0.308445,-0.068107,0.126841,0.501712,0.030318,0.128083,0.494972,-0.178773,0.128230,0.121918,0.042560,0.125452,0.115178,-0.166532,0.125600,0.321916,0.081509,0.015677,0.495765,-0.224348,0.020939,0.273441,0.083089,0.041143,0.138800,-0.212844,0.015916
0.323730,-0.068292,0.124182,0.516471,0.031155,0.122535,0.510852,-0.177957,0.124796,0.136609,0.041373,0.123568,0.130990,-0.167739,0.125829,0.350718,0.079925,0.015880,0.497899,-0.224254,0.016030,0.299073,0.081476,0.031006,0.140971,-0.214666,0.015789
0.339218,-0.067433,0.122462,0.531602,0.032670,0.119502,0.526729,-0.176417,0.124334,0.151708,0.041550,0.120591,0.146834,-0.167537,0.125423,0.408104,0.078682,0.018201,0.498667,-0.223744,0.015864,0.300155,0.081147,0.015969,0.143586,-0.215466,0.015921
0.355228,-0.066781,0.122553,0.547608,0.033283,0.118261,0.542739,-0.175756,0.124860,0.167718,0.042195,0.120247,0.162849,-0.166845,0.126846,0.466172,0.077804,0.027609,0.500473,-0.223690,0.016087,0.301566,0.081270,0.015950,0.145803,-0.215438,0.015797
0.371342,-0.066741,0.123454,0.563734,0.033270,0.118534,0.558834,-0.175748,0.125740,0.183849,0.042267,0.121169,0.178950,-0.166752,0.128375,0.513957,0.077307,0.042557,0.502395,-0.223697,0.016016,0.303121,0.081326,0.015750,0.155932,-0.215586,0.015708
0.387482,-0.067229,0.124537,0.579884,0.032792,0.120242,0.574970,-0.176236,0.127174,0.199994,0.041777,0.121899,0.195080,-0.167250,0.128832,0.549203,0.076883,0.056414,0.504263,-0.223758,0.015718,0.304749,0.081286,0.015896,0.175271,-0.216024,0.015719
0.403568,-0.068110,0.125618,0.596000,0.031910,0.122905,0.591030,-0.177144,0.128944,0.216107,0.040924,0.122292,0.211137,-0.168130,0.128330,0.575838,0.076238,0.066374,0.506007,-0.223871,0.015829,0.306482,0.081185,0.015934,0.200002,-0.216597,0.015811
0.419613,-0.069221,0.126765,0.612085,0.030754,0.125973,0.607017,-0.178331,0.130739,0.232208,0.039888,0.122790,0.227141,-0.169196,0.127556,0.598008,0.075362,0.072965,0.507599,-0.224013,0.015951,0.308315,0.081079,0.015733,0.225256,-0.217096,0.019155
0.435699,-0.070380,0.128120,0.628185,0.029570,0.128901,0.623070,-0.179539,0.132350,0.248329,0.038778,0.123890,0.243214,-0.170331,0.127339,0.618162,0.074419,0.076426,0.509157,-0.224143,0.015944,0.310218,0.080951,0.015754,0.250434,-0.217687,0.023657
0.451931,-0.071395,0.129811,0.644436,0.028504,0.131667,0.639263,-0.180618,0.134072,0.264599,0.037829,0.125550,0.259426,-0.171293,0.127956,0.637334,0.073488,0.074425,0.510680,-0.224266,0.015764,0.312182,0.080859,0.015990,0.278910,-0.218413,0.026164
0.468456,-0.071969,0.131743,0.660968,0.027905,0.134127,0.655767,-0.181220,0.136232,0.281146,0.037282,0.127253,0.275945,-0.171843,0.129359,0.655760,0.072793,0.063826,0.512174,-0.224326,0.015932,0.314221,0.080804,0.015900,0.316186,-0.219354,0.025664
0.485626,-0.071766,0.133612,0.678196,0.028010,0.135268,0.672882,-0.181099,0.138381,0.298371,0.037567,0.128843,0.293056,-0.171542,0.131956,0.670930,0.072300,0.043626,0.513635,-0.224344,0.015955,0.316388,0.080897,0.015873,0.366114,-0.220439,0.026477
0.503407,-0.070728,0.134584,0.696152,0.028704,0.132692,0.690520,-0.180344,0.138318,0.316293,0.038889,0.130851,0.310661,-0.170160,0.136476,0.673084,0.071646,0.015184,0.515095,-0.224394,0.015940,0.318527,0.081213,0.015699,0.423683,-0.221431,0.034521
0.520439,-0.070039,0.134799,0.713319,0.028997,0.129275,0.707383,-0.179996,0.136449,0.333495,0.039918,0.133149,0.327560,-0.169075,0.140323,0.674972,0.071696,0.016111,0.528457,-0.224548,0.015892,0.321660,0.081720,0.015790,0.467913,-0.221894,0.043111
0.536530,-0.070271,0.134134,0.729891,0.027753,0.127525,0.722886,-0.181232,0.133898,0.350173,0.040691,0.134370,0.343168,-0.168294,0.140743,0.676948,0.071624,0.015987,0.578208,-0.225456,0.016581,0.333503,0.083128,0.015699,0.488987,-0.221844,0.036951
0.552162,-0.071112,0.131418,0.746031,0.025911,0.124912,0.737912,-0.183074,0.129798,0.366412,0.040850,0.133037,0.358293,-0.168136,0.137923,0.678875,0.071464,0.015738,0.635372,-0.227064,0.023848,0.355105,0.084043,0.015715,0.493258,-0.221730,0.015834
0.567726,-0.071995,0.127895,0.761550,0.025106,0.121188,0.753513,-0.183888,0.125817,0.381940,0.039899,0.129974,0.373902,-0.169095,0.134602,0.680746,0.071375,0.015834,0.684430,-0.228747,0.034565,0.380017,0.082937,0.015666,0.494738,-0.221869,0.015723
0.583355,-0.072145,0.126245,0.777258,0.024809,0.119713,0.769077,-0.184160,0.125157,0.397633,0.039870,0.127333,0.389452,-0.169099,0.132777,0.682436,0.071319,0.015970,0.722738,-0.229873,0.047340,0.409768,0.081987,0.015707,0.496245,-0.221826,0.015863
0.599384,-0.071956,0.126427,0.793330,0.024990,0.121155,0.785123,-0.183939,0.127956,0.413646,0.040026,0.124897,0.405439,-0.168902,0.131699,0.684019,0.071368,0.015962,0.752514,-0.230479,0.056933,0.442945,0.080886,0.017445,0.497859,-0.221809,0.015970
0.615635,-0.071668,0.127825,0.809637,0.025231,0.123967,0.801333,-0.183642,0.132194,0.429937,0.040306,0.123456,0.421633,-0.168567,0.131683,0.685512,0.071426,0.015778,0.780303,-0.230985,0.064703,0.475592,0.080023,0.022181,0.499607,-0.221752,0.015798
0.632107,-0.071536,0.129854,0.826147,0.025334,0.127423,0.817741,-0.183486,0.136810,0.446473,0.040414,0.122898,0.438067,-0.168406,0.132285,0.686958,0.071456,0.015890,0.807705,-0.231643,0.069453,0.511111,0.079041,0.027173,0.501423,-0.221734,0.015614
0.648766,-0.071870,0.131711,0.842809,0.025018,0.130698,0.834345,-0.183780,0.140520,0.463186,0.040040,0.122901,0.454722,-0.168758,0.132724,0.688406,0.071419,0.016019,0.834252,-0.232745,0.067585,0.556599,0.077509,0.031901,0.503293,-0.221763,0.015857
0.665394,-0.072856,0.132283,0.859375,0.024161,0.131959,0.851028,-0.184669,0.141175,0.479760,0.038956,0.123391,0.471413,-0.169874,0.132607,0.689790,0.071351,0.015961,0.857069,-0.234357,0.052434,0.609091,0.075620,0.039620,0.505202,-0.221905,0.015917
0.681801,-0.074121,0.130250,0.875165,0.024114,0.129137,0.868203,-0.184860,0.135921,0.495398,0.036618,0.124579,0.488436,-0.172356,0.131362,0.700002,0.071769,0.015779,0.865302,-0.234128,0.016844,0.651263,0.074354,0.045388,0.507247,-0.222227,0.015978
0.697620,-0.075067,0.126868,0.890321,0.024386,0.122788,0.884786,-0.184582,0.130929,0.510455,0.034449,0.122806,0.504919,-0.174519,0.130947,0.738576,0.069744,0.015946,0.867112,-0.234095,0.015912,0.671167,0.072109,0.030830,0.509514,-0.224630,0.015735
0.713661,-0.074691,0.124355,0.906033,0.025349,0.119227,0.901187,-0.183563,0.129058,0.526136,0.034182,0.119653,0.521290,-0.174731,0.129484,0.793815,0.068850,0.021146,0.868224,-0.233634,0.015953,0.671482,0.071446,0.016018,0.512827,-0.225393,0.015870
0.729897,-0.074537,0.123732,0.922275,0.025429,0.117528,0.917410,-0.183436,0.128313,0.542383,0.034362,0.119152,0.537518,-0.174503,0.129937,0.849067,0.068244,0.032063,0.869987,-0.233649,0.016085,0.672953,0.071515,0.015958,0.516757,-0.225445,0.015640
0.746117,-0.074947,0.124051,0.938524,0.024965,0.117851,0.933598,-0.183907,0.128481,0.558635,0.034014,0.119620,0.553710,-0.174858,0.130250,0.893596,0.067895,0.046111,0.871876,-0.233700,0.015932,0.674540,0.071518,0.015801,0.530213,-0.225655,0.015698
0.762283,-0.075813,0.124742,0.954725,0.024095,0.119679,0.949732,-0.184819,0.129418,0.574835,0.033193,0.120066,0.569841,-0.175721,0.129805,0.926285,0.067409,0.057938,0.873692,-0.233812,0.015749,0.676198,0.071430,0.015976,0.551874,-0.226122,0.015716
0.778347,-0.077013,0.125646,0.970843,0.022869,0.122466,0.965734,-0.186103,0.130785,0.590960,0.032078,0.120508,0.585851,-0.176894,0.128827,0.951629,0.066604,0.066346,0.875395,-0.233968,0.015889,0.678002,0.071288,0.015973,0.577230,-0.226642,0.016812
0.794361,-0.078344,0.126770,0.986923,0.021455,0.125589,0.981658,-0.187572,0.132273,0.607064,0.030884,0.121267,0.601800,-0.178143,0.127952,0.973272,0.065569,0.071894,0.876943,-0.234140,0.016000,0.679904,0.071161,0.015683,0.602215,-0.227053,0.021255
0.810459,-0.079613,0.128230,1.003045,0.020146,0.128530,0.997709,-0.188921,0.133726,0.623209,0.029695,0.122733,0.617874,-0.179372,0.127930,0.993191,0.064522,0.074011,0.878485,-0.234285,0.015921,0.681862,0.071020,0.015801,0.627532,-0.227635,0.025822
0.826736,-0.080620,0.130075,1.019353,0.019071,0.131337,1.013937,-0.190018,0.135502,0.639536,0.028777,0.124649,0.634120,-0.180311,0.128814,1.012225,0.063502,0.069730,0.880011,-0.234407,0.015824,0.683779,0.070940,0.015947,0.657571,-0.228409,0.027613
0.843376,-0.081075,0.132136,1.036023,0.018554,0.133688,1.030534,-0.190534,0.137768,0.656218,0.028383,0.126504,0.650730,-0.180705,0.130584,1.030183,0.062672,0.056312,0.881460,-0.234472,0.015950,0.685835,0.070923,0.015931,0.697942,-0.229443,0.026819
0.860783,-0.080690,0.133988,1.053489,0.018837,0.134198,1.047900,-0.190219,0.139598,0.673665,0.028840,0.128379,0.668077,-0.180216,0.133779,1.042957,0.062007,0.033841,0.882896,-0.234483,0.015973,0.688014,0.071031,0.015872,0.751415,-0.230632,0.028964
0.878510,-0.079751,0.134884,1.071258,0.019633,0.131410,1.065624,-0.189352,0.139027,0.691395,0.029849,0.130741,0.685762,-0.179136,0.138358,1.043352,0.061674,0.015955,0.884899,-0.234465,0.015889,0.690049,0.071194,0.015833,0.807772,-0.231545,0.038954
0.895355,-0.079385,0.135025,1.088480,0.019150,0.129105,1.082026,-0.189796,0.137140,0.708685,0.031027,0.132910,0.702231,-0.177919,0.140945,1.045277,0.061643,0.016093,0.913083,-0.234745,0.015931,0.696501,0.072402,0.015728,0.845542,-0.231557,0.044573
0.911392,-0.079654,0.133709,1.105100,0.017665,0.126821,1.097356,-0.191272,0.133906,0.725428,0.031964,0.133513,0.717684,-0.176973,0.140598,1.047258,0.061556,0.015927,0.964923,-0.235754,0.019385,0.711403,0.073998,0.015778,0.861147,-0.231404,0.034243
0.927124,-0.080636,0.130456,1.121326,0.015709,0.123793,1.112497,-0.193228,0.129454,0.741751,0.031957,0.131458,0.732922,-0.176980,0.137118,1.049209,0.061339,0.015825,1.018211,-0.237506,0.027762,0.734039,0.074653,0.015694,0.863419,-0.231287,0.015858
0.942867,-0.081744,0.127231,1.136947,0.014899,0.121369,1.128408,-0.194062,0.126586,0.757326,0.030574,0.127875,0.748787,-0.178387,0.133092,1.050962,0.061279,0.015810,1.062625,-0.239059,0.039144,0.761001,0.073125,0.015711,0.864838,-0.231560,0.015790
0.958706,-0.082113,0.126013,1.152845,0.014467,0.121164,1.144219,-0.194475,0.126919,0.773193,0.030250,0.125108,0.764567,-0.178693,0.130863,1.052606,0.061215,0.015987,1.097956,-0.240169,0.050746,0.792304,0.071959,0.015894,0.866395,-0.231570,0.015876
0.974808,-0.082010,0.126558,1.168959,0.014596,0.122851,1.160332,-0.194308,0.129872,0.789284,0.030289,0.123245,0.780656,-0.178615,0.130266,1.054136,0.061257,0.015880,1.128618,-0.240840,0.060618,0.824118,0.070876,0.019422,0.868065,-0.231582,0.015923
0.991165,-0.081799,0.128260,1.185343,0.014789,0.125665,1.176650,-0.194062,0.134052,0.805680,0.030464,0.122467,0.796987,-0.178387,0.130854,1.055621,0.061304,0.015825,1.157341,-0.241438,0.067958,0.855885,0.069982,0.024903,0.869855,-0.231569,0.015725
1.007801,-0.081802,0.130409,1.201997,0.014775,0.129041,1.193224,-0.194029,0.138436,0.822378,0.030426,0.122381,0.813605,-0.178379,0.131776,1.057113,0.061312,0.015973,1.185231,-0.242271,0.070843,0.893371,0.068805,0.029606,0.871715,-0.231577,0.015740
1.024555,-0.082394,0.132049,1.218735,0.014226,0.131856,1.209948,-0.194576,0.141310,0.839162,0.029788,0.122788,0.830375,-0.179013,0.132242,1.058550,0.061258,0.016011,1.211477,-0.243634,0.064956,0.942204,0.066992,0.034525,0.873584,-0.231637,0.015876
1.041183,-0.083596,0.131891,1.235198,0.013354,0.131773,1.226786,-0.195506,0.140198,0.855581,0.028314,0.123583,0.847169,-0.180547,0.132008,1.059933,0.061263,0.015894,1.231821,-0.245141,0.043312,0.993719,0.065014,0.042770,0.875564,-0.231895,0.015996
1.057335,-0.085092,0.129045,1.250922,0.012691,0.127167,1.243501,-0.196275,0.133709,0.871169,0.026091,0.124382,0.863747,-0.182875,0.130924,1.077461,0.060867,0.015835,1.233096,-0.245096,0.015849,1.031994,0.063338,0.043179,0.877578,-0.232467,0.015940
1.073334,-0.085801,0.125756,1.266468,0.012808,0.121659,1.260018,-0.196153,0.129319,0.886650,0.024550,0.122193,0.880200,-0.184410,0.129854,1.133161,0.058581,0.016827,1.234772,-0.245036,0.015834,1.037073,0.061517,0.016015,0.879286,-0.234065,0.015792
1.090160,-0.085476,0.123346,1.283373,0.012912,0.117881,1.276751,-0.195984,0.126997,0.903570,0.025031,0.119695,0.896948,-0.183865,0.128811,1.189282,0.057250,0.022516,1.236685,-0.245073,0.016019,1.038599,0.061741,0.015983,0.881586,-0.233823,0.015862
1.106590,-0.085779,0.122858,1.299804,0.012562,0.116646,1.293169,-0.196317,0.126150,0.920011,0.024759,0.119566,0.913376,-0.184119,0.129070,1.242502,0.056269,0.036802,1.238578,-0.245112,0.016051,1.040141,0.061742,0.015801,0.891525,-0.234105,0.015652
1.123013,-0.086576,0.123462,1.316246,0.011777,0.118087,1.309580,-0.197124,0.127062,0.936445,0.023973,0.119862,0.929779,-0.184928,0.128836,1.282340,0.055541,0.052135,1.240511,-0.245216,0.015777,1.041808,0.061660,0.015919,0.910624,-0.234693,0.015690
1.139286,-0.087740,0.124502,1.332564,0.010603,0.120836,1.325810,-0.198342,0.128656,0.952762,0.022861,0.120347,0.946008,-0.186083,0.128168,1.311271,0.054649,0.063468,1.242280,-0.245371,0.015806,1.043588,0.061525,0.015984,0.934814,-0.235433,0.015791
1.155434,-0.089099,0.125763,1.348772,0.009179,0.124095,1.341879,-0.199811,0.130439,0.968988,0.021614,0.121087,0.962095,-0.187376,0.127431,1.334441,0.053530,0.070822,1.243904,-0.245551,0.015953,1.045504,0.061388,0.015750,0.959596,-0.236076,0.019150
1.171543,-0.090467,0.127279,1.364930,0.007730,0.127246,1.357916,-0.201296,0.132124,0.985171,0.020362,0.122434,0.978156,-0.188664,0.127312,1.354998,0.052324,0.074678,1.245450,-0.245720,0.015968,1.047481,0.061269,0.015744,0.984360,-0.236774,0.023879
1.187756,-0.091665,0.129169,1.381172,0.006469,0.130215,1.374079,-0.202577,0.133966,1.001432,0.019248,0.124372,0.994339,-0.189798,0.128123,1.374293,0.051160,0.073077,1.246982,-0.245869,0.015790,1.049434,0.061158,0.015982,1.012386,-0.237713,0.026719
1.204243,-0.092417,0.131327,1.397688,0.005652,0.132894,1.390522,-0.203398,0.136274,1.017964,0.018564,0.126380,1.010797,-0.190486,0.129761,1.392800,0.050170,0.062919,1.248489,-0.245958,0.015910,1.051369,0.061115,0.015902,1.049158,-0.238955,0.026397
1.221344,-0.092382,0.133413,1.414867,0.005542,0.134279,1.407543,-0.203485,0.138616,1.035144,0.018721,0.128210,1.027821,-0.190306,0.132547,1.408110,0.049376,0.043179,1.249924,-0.245995,0.015950,1.053448,0.061237,0.015880,1.098690,-0.240466,0.027046
1.239075,-0.091523,0.134607,1.432740,0.006090,0.132019,1.425158,-0.202862,0.138813,1.052991,0.019815,0.130401,1.045410,-0.189137,0.137195,1.410633,0.048599,0.015237,1.251317,-0.246053,0.015962,1.055547,0.061497,0.015711,1.156547,-0.242003,0.034774
1.256096,-0.090977,0.134995,1.449913,0.006172,0.128820,1.441977,-0.202712,0.137118,1.070214,0.020758,0.132871,1.062279,-0.188127,0.141169,1.412551,0.048629,0.016028,1.264825,-0.246316,0.015908,1.058666,0.062063,0.015776,1.201339,-0.242802,0.043658
1.272182,-0.091341,0.134367,1.466481,0.004755,0.126966,1.457448,-0.204115,0.134473,1.086917,0.021433,0.134260,1.077884,-0.187437,0.141768,1.414514,0.048536,0.016019,1.316737,-0.247777,0.016925,1.070578,0.063400,0.015693,1.222325,-0.242917,0.038520
1.287830,-0.092313,0.131729,1.482640,0.002740,0.124310,1.472454,-0.206125,0.130326,1.103206,0.021499,0.133133,1.093020,-0.187367,0.139148,1.416452,0.048364,0.015736,1.372416,-0.249797,0.025203,1.092407,0.064166,0.015710,1.226653,-0.242916,0.017305
1.303387,-0.093246,0.128570,1.498178,0.001822,0.120845,1.488015,-0.207046,0.126807,1.118759,0.020554,0.130332,1.108595,-0.188314,0.136295,1.418260,0.048235,0.015821,1.421363,-0.251899,0.036647,1.117867,0.062846,0.015653,1.228150,-0.243095,0.015718
1.319084,-0.093478,0.127212,1.513929,0.001499,0.119740,1.503684,-0.207336,0.126642,1.134484,0.020380,0.127781,1.124239,-0.188455,0.134683,1.419962,0.048209,0.015983,1.458815,-0.253219,0.049354,1.147957,0.061545,0.015725,1.229663,-0.243084,0.015855
1.335129,-0.093391,0.127444,1.530036,0.001555,0.121311,1.519732,-0.207225,0.129648,1.150526,0.020443,0.125240,1.140222,-0.188337,0.133577,1.421550,0.048245,0.015978,1.487801,-0.254034,0.058428,1.181418,0.060143,0.017150,1.231293,-0.243069,0.015985
1.351376,-0.093235,0.128743,1.546356,0.001645,0.124100,1.535922,-0.207065,0.133893,1.166829,0.020595,0.123594,1.156395,-0.188115,0.133386,1.423055,0.048284,0.015785,1.515263,-0.254782,0.065847,1.214160,0.059002,0.021636,1.233023,-0.243019,0.015816
1.367802,-0.093237,0.130570,1.562833,0.001599,0.127415,1.552268,-0.207044,0.138411,1.183336,0.020570,0.122729,1.172770,-0.188074,0.133725,1.424507,0.048297,0.015874,1.542581,-0.255698,0.070609,1.249938,0.057700,0.026564,1.234816,-0.243011,0.015616
1.384403,-0.093729,0.132205,1.579458,0.001097,0.130533,1.568788,-0.207517,0.141987,1.200019,0.020059,0.122424,1.189348,-0.188554,0.133877,1.425953,0.048239,0.016030,1.568976,-0.257125,0.068761,1.295657,0.055749,0.031428,1.236653,-0.243031,0.015855
1.400948,-0.094882,0.132568,1.595942,0.000077,0.131617,1.585385,-0.208573,0.142486,1.216510,0.018808,0.122649,1.205953,-0.189842,0.133518,1.427334,0.048154,0.015975,1.591512,-0.259091,0.053449,1.347761,0.053392,0.039244,1.238567,-0.243189,0.015907
1.417297,-0.096335,0.130329,1.611715,-0.000211,0.128568,1.602485,-0.209032,0.137128,1.232110,0.016361,0.123530,1.222880,-0.192460,0.132090,1.437501,0.048402,0.015863,1.599543,-0.259311,0.018166,1.389052,0.051723,0.044642,1.240630,-0.243538,0.015957
1.433052,-0.097510,0.126849,1.626779,-0.000092,0.122301,1.619067,-0.208917,0.132181,1.247038,0.013896,0.121517,1.239325,-0.194928,0.131396,1.473772,0.046061,0.015996,1.601368,-0.259296,0.015899,1.408350,0.049090,0.028947,1.242747,-0.246060,0.015714
1.449024,-0.097550,0.124122,1.642403,0.000519,0.118809,1.635434,-0.208260,0.130098,1.262614,0.013161,0.118146,1.255645,-0.195618,0.129434,1.530059,0.044490,0.020403,1.602352,-0.258869,0.015953,1.408333,0.048317,0.016033,1.246199,-0.246987,0.015827
1.465115,-0.097778,0.123411,1.658515,0.000195,0.117196,1.651498,-0.208550,0.129077,1.278731,0.012994,0.117745,1.271714,-0.195751,0.129626,1.585713,0.043295,0.031168,1.604085,-0.258930,0.016185,1.409800,0.048344,0.015974,1.249444,-0.247041,0.015613
1.481167,-0.098434,0.123766,1.674602,-0.000532,0.117503,1.667509,-0.209292,0.129068,1.294824,0.012424,0.118463,1.287732,-0.196336,0.130028,1.630153,0.042520,0.045237,1.605972,-0.259014,0.015942,1.411374,0.048322,0.015799,1.262198,-0.247345,0.015751
1.497162,-0.099505,0.124571,1.690634,-0.001613,0.119392,1.683466,-0.210422,0.129977,1.310858,0.011413,0.119166,1.303690,-0.197396,0.129751,1.662703,0.041727,0.057167,1.607750,-0.259150,0.015727,1.413041,0.048209,0.015976,1.283733,-0.248028,0.015711
1.513077,-0.100897,0.125609,1.706604,-0.003033,0.122307,1.699313,-0.211907,0.131412,1.326840,0.010114,0.119807,1.319549,-0.198760,0.128911,1.687784,0.040672,0.065577,1.609417,-0.259326,0.015878,1.414806,0.048039,0.015983,1.309248,-0.248820,0.016543
1.528976,-0.102427,0.126843,1.722570,-0.004645,0.125588,1.715116,-0.213581,0.132990,1.342837,0.008728,0.120696,1.335383,-0.200208,0.128098,1.709231,0.039412,0.071207,1.610963,-0.259518,0.016003,1.416704,0.047881,0.015712,1.334401,-0.249480,0.020843
1.544960,-0.103904,0.128388,1.738577,-0.006162,0.128673,1.731049,-0.215145,0.134509,1.358871,0.007336,0.122267,1.351343,-0.201647,0.128103,1.728994,0.038143,0.073599,1.612492,-0.259683,0.015940,1.418649,0.047706,0.015778,1.359583,-0.250305,0.025530
1.561127,-0.105135,0.130303,1.754782,-0.007477,0.131611,1.747154,-0.216485,0.136320,1.375099,0.006214,0.124286,1.367472,-0.202794,0.128996,1.747942,0.036876,0.069982,1.613976,-0.259832,0.015798,1.420571,0.047605,0.015962,1.389112,-0.251361,0.027561
1.577682,-0.105856,0.132448,1.771358,-0.008244,0.134154,1.763675,-0.217256,0.138610,1.391690,0.005544,0.126285,1.384007,-0.203467,0.130741,1.765967,0.035811,0.057534,1.615455,-0.259914,0.015936,1.422621,0.047545,0.015919,1.428687,-0.252814,0.026933
1.594978,-0.105758,0.134417,1.788711,-0.008246,0.135007,1.780930,-0.217226,0.140592,1.409027,0.005710,0.128243,1.401246,-0.203271,0.133828,1.779350,0.034956,0.036048,1.616893,-0.259947,0.015974,1.424793,0.047617,0.015852,1.481363,-0.254559,0.028765
1.612656,-0.104949,0.135232,1.806467,-0.007659,0.131678,1.798573,-0.216553,0.139773,1.426738,0.006654,0.130691,1.418844,-0.202240,0.138786,1.779153,0.034405,0.015924,1.618551,-0.260065,0.015923,1.426893,0.047715,0.015859,1.537899,-0.256138,0.038607
1.629543,-0.104617,0.135434,1.823764,-0.008299,0.128918,1.814952,-0.217134,0.137586,1.444134,0.007900,0.133282,1.435323,-0.200935,0.141949,1.781038,0.034353,0.016157,1.641455,-0.260393,0.015903,1.432593,0.049038,0.015740,1.576619,-0.256467,0.044588
1.645638,-0.104990,0.134365,1.840501,-0.010051,0.126884,1.830232,-0.218859,0.134524,1.461043,0.008878,0.134207,1.450774,-0.199930,0.141846,1.783062,0.034250,0.015932,1.692285,-0.261859,0.018390,1.447310,0.050753,0.015696,1.592869,-0.256367,0.034873
1.661366,-0.106043,0.131250,1.856806,-0.012273,0.124080,1.845244,-0.221061,0.130304,1.477487,0.008974,0.132196,1.465925,-0.199814,0.138420,1.785021,0.034015,0.015820,1.747604,-0.264287,0.026505,1.470562,0.051424,0.015682,1.595584,-0.256191,0.015707
1.677101,-0.107309,0.127966,1.872444,-0.013280,0.121569,1.861129,-0.222089,0.127501,1.493073,0.007471,0.128431,1.481759,-0.201338,0.134363,1.786777,0.033894,0.015876,1.793166,-0.266480,0.038143,1.497654,0.049550,0.015515,1.597010,-0.256487,0.015790
1.692883,-0.107878,0.126473,1.888269,-0.013870,0.121211,1.876906,-0.222661,0.127685,1.508859,0.006905,0.125261,1.497496,-0.201886,0.131735,1.788409,0.033842,0.015996,1.829448,-0.268011,0.050459,1.528902,0.047961,0.015850,1.598477,-0.256513,0.015874
1.708942,-0.107982,0.126755,1.904338,-0.013929,0.122755,1.892986,-0.222677,0.130512,1.524899,0.006713,0.122997,1.513547,-0.202035,0.130754,1.789964,0.033868,0.015886,1.860353,-0.269045,0.060689,1.560960,0.046431,0.018862,1.600159,-0.256558,0.015970
1.725262,-0.107960,0.128265,1.920683,-0.013919,0.125454,1.909264,-0.222607,0.134616,1.541259,0.006687,0.121914,1.529840,-0.202000,0.131077,1.791468,0.033899,0.015820,1.889217,-0.269980,0.068371,1.592592,0.045150,0.024221,1.601946,-0.256572,0.015731
1.741829,-0.108132,0.130277,1.937271,-0.014106,0.128726,1.925762,-0.222738,0.138968,1.557896,0.006473,0.121586,1.546386,-0.202159,0.131827,1.792934,0.033896,0.015982,1.917131,-0.271143,0.071582,1.629788,0.043532,0.028929,1.603812,-0.256600,0.015729
1.758499,-0.108886,0.131827,1.953921,-0.014804,0.131456,1.942403,-0.223429,0.141843,1.574595,0.005658,0.121812,1.563077,-0.202967,0.132199,1.794336,0.033834,0.016018,1.943352,-0.272831,0.066020,1.678164,0.041137,0.033865,1.605653,-0.256684,0.015866
1.775055,-0.110261,0.131627,1.970305,-0.015823,0.131353,1.959184,-0.224514,0.140783,1.590926,0.003991,0.122472,1.579805,-0.204700,0.131901,1.795740,0.033823,0.015898,1.963822,-0.274665,0.044658,1.729257,0.038546,0.042014,1.607645,-0.256979,0.016038
1.791103,-0.111983,0.128686,1.985918,-0.016672,0.126639,1.975838,-0.225499,0.134018,1.606369,0.001533,0.123354,1.596289,-0.207293,0.130732,1.812615,0.033310,0.015831,1.965110,-0.274687,0.015865,1.767116,0.036449,0.042534,1.609619,-0.257523,0.015963
1.807056,-0.112989,0.125271,2.001411,-0.016818,0.120972,1.992344,-0.225651,0.129404,1.621769,-0.000327,0.121138,1.612702,-0.209160,0.129569,1.868809,0.030251,0.016477,1.966759,-0.274655,0.015844,1.772080,0.034432,0.015997,1.611878,-0.259252,0.015690
1.823921,-0.112912,0.122998,2.018280,-0.016813,0.117426,2.009199,-0.225580,0.127362,1.638643,-0.000244,0.118633,1.629563,-0.209010,0.128569,1.925491,0.028238,0.022268,1.968683,-0.274661,0.016032,1.773532,0.034548,0.015988,1.613936,-0.259240,0.015832
1.840424,-0.113408,0.122540,2.034785,-0.017356,0.116315,2.025691,-0.226103,0.126639,1.655156,-0.000713,0.118441,1.646062,-0.209460,0.128765,1.978401,0.026699,0.036449,1.970651,-0.274724,0.016028,1.775095,0.034534,0.015777,1.623925,-0.259638,0.015661
1.856846,-0.114462,0.123180,2.051224,-0.018394,0.117789,2.042101,-0.227171,0.127473,1.671590,-0.001754,0.118888,1.662467,-0.210531,0.128572,2.018149,0.025534,0.051840,1.972553,-0.274854,0.015783,1.776766,0.034416,0.015925,1.643158,-0.260466,0.015685
