0.001377,-0.015963,0.359706,0.189397,0.091504,0.347854,0.193217,-0.117081,0.363415,-0.190462,0.085156,0.355996,-0.186643,-0.123429,0.371557,0.156374,0.121861,0.151858,0.194885,-0.175341,0.193093,-0.208487,0.117273,0.179905,-0.166317,-0.181848,0.194533
0.002789,-0.024581,0.358517,0.190812,0.082620,0.344513,0.194581,-0.125783,0.362354,-0.189004,0.076621,0.354680,-0.185235,-0.131782,0.372521,0.143473,0.111483,0.158724,0.227780,-0.184568,0.201609,-0.199711,0.106604,0.174236,-0.154054,-0.191794,0.197870
0.005459,-0.033425,0.353397,0.193123,0.074307,0.338668,0.197547,-0.134096,0.356359,-0.186629,0.067246,0.350435,-0.182205,-0.141158,0.368127,0.132702,0.103396,0.158994,0.235263,-0.192184,0.200108,-0.206580,0.097547,0.174931,-0.138596,-0.201105,0.188500
0.008537,-0.042266,0.344840,0.195645,0.066361,0.329604,0.201091,-0.142070,0.346681,-0.184016,0.057538,0.342999,-0.178570,-0.150893,0.360076,0.122616,0.095410,0.150662,0.239724,-0.198831,0.198343,-0.216822,0.088553,0.175229,-0.127909,-0.210664,0.171162
0.011448,-0.051039,0.332815,0.197781,0.058815,0.316900,0.204645,-0.149605,0.333588,-0.181749,0.047528,0.332042,-0.174885,-0.160893,0.348729,0.116520,0.087165,0.134623,0.246399,-0.204812,0.196681,-0.223525,0.079045,0.173087,-0.121539,-0.220896,0.147135
0.013874,-0.059802,0.317146,0.199043,0.051911,0.300601,0.208035,-0.156459,0.316905,-0.180287,0.036855,0.317387,-0.171295,-0.171515,0.333691,0.123533,0.079739,0.114713,0.252564,-0.210539,0.184369,-0.222327,0.068476,0.161514,-0.118766,-0.231532,0.120860
0.015972,-0.068586,0.297559,0.199684,0.045432,0.280501,0.211308,-0.162840,0.296392,-0.179364,0.025667,0.298726,-0.167740,-0.182604,0.314617,0.141076,0.073755,0.096243,0.255204,-0.217012,0.152617,-0.214570,0.056868,0.135072,-0.118679,-0.242226,0.095644
0.018341,-0.077389,0.274100,0.200544,0.039027,0.257051,0.214866,-0.169126,0.272287,-0.178184,0.014348,0.275912,-0.163862,-0.193804,0.291149,0.154535,0.068214,0.075005,0.248895,-0.224965,0.101493,-0.204245,0.045129,0.096877,-0.118811,-0.252640,0.069060
0.021065,-0.086230,0.246836,0.201754,0.032601,0.230355,0.218744,-0.175438,0.244342,-0.176614,0.002977,0.249331,-0.159624,-0.205062,0.263318,0.157893,0.062306,0.045662,0.225603,-0.234492,0.037426,-0.189040,0.033990,0.045913,-0.113226,-0.262200,0.036877
0.023403,-0.094435,0.216493,0.203368,0.025808,0.202514,0.221621,-0.182370,0.212190,-0.174814,-0.006500,0.220796,-0.156562,-0.214677,0.230472,0.156806,0.058691,0.015162,0.214130,-0.237820,0.015955,-0.176903,0.029468,0.015918,-0.107469,-0.266033,0.015610
0.025898,-0.099569,0.196729,0.205670,0.020858,0.181881,0.223922,-0.187486,0.186813,-0.172126,-0.011653,0.206645,-0.153874,-0.219997,0.211577,0.156349,0.058246,0.015929,0.212993,-0.238127,0.015841,-0.176008,0.029129,0.015898,-0.106301,-0.266103,0.015684
0.029903,-0.102335,0.186669,0.209471,0.018218,0.170426,0.227677,-0.190181,0.172179,-0.167870,-0.014489,0.201158,-0.149664,-0.222888,0.202911,0.156474,0.057913,0.015941,0.212723,-0.238428,0.015832,-0.175434,0.028916,0.015855,-0.105589,-0.266236,0.015864
0.034939,-0.103489,0.180900,0.214426,0.017191,0.164713,0.232631,-0.191215,0.164683,-0.162754,-0.015763,0.197116,-0.144548,-0.224169,0.197086,0.156855,0.057807,0.015853,0.212899,-0.238540,0.015798,-0.174840,0.028831,0.015840,-0.104940,-0.266305,0.015947
0.040176,-0.103736,0.178036,0.219701,0.017013,0.162813,0.237912,-0.191391,0.161963,-0.157559,-0.016081,0.194110,-0.139348,-0.224485,0.193260,0.157366,0.057789,0.015807,0.213320,-0.238568,0.015816,-0.174353,0.028802,0.015835,-0.104362,-0.266328,0.015948
0.045391,-0.103360,0.177162,0.224990,0.017410,0.163027,0.243214,-0.190992,0.162072,-0.152432,-0.015728,0.192251,-0.134208,-0.224131,0.191296,0.157904,0.057843,0.015759,0.215021,-0.238411,0.015788,-0.179776,0.028311,0.016347,-0.103878,-0.266298,0.015943
0.050694,-0.102432,0.177389,0.230387,0.018318,0.164318,0.248624,-0.190085,0.163918,-0.147237,-0.014779,0.190861,-0.129000,-0.223182,0.190461,0.158463,0.057932,0.015828,0.228741,-0.237174,0.020724,-0.190524,0.027377,0.023626,-0.103430,-0.266234,0.015873
0.056255,-0.101023,0.178568,0.236016,0.019694,0.166130,0.254283,-0.188705,0.166815,-0.141772,-0.013340,0.190321,-0.123505,-0.221740,0.191006,0.159037,0.058077,0.015800,0.248903,-0.235250,0.030493,-0.197152,0.026931,0.038578,-0.102993,-0.266142,0.015829
0.062119,-0.099441,0.180903,0.241931,0.021210,0.168561,0.260193,-0.187183,0.170470,-0.135956,-0.011698,0.191336,-0.117693,-0.220091,0.193245,0.159616,0.058223,0.015846,0.265130,-0.233579,0.039123,-0.195169,0.027488,0.054746,-0.102632,-0.266022,0.015871
0.068356,-0.098145,0.184247,0.248195,0.022455,0.171818,0.266449,-0.185929,0.174546,-0.129738,-0.010362,0.193948,-0.111484,-0.218746,0.196675,0.160246,0.058338,0.015885,0.275906,-0.232427,0.044843,-0.187210,0.028556,0.065929,-0.102305,-0.265936,0.015903
0.075089,-0.097497,0.188132,0.254936,0.023111,0.175893,0.273195,-0.185273,0.178628,-0.123018,-0.009721,0.197635,-0.104759,-0.218105,0.200370,0.160902,0.058399,0.015857,0.281782,-0.231846,0.049246,-0.176381,0.029575,0.071487,-0.101976,-0.265910,0.015914
0.082306,-0.097548,0.192174,0.262135,0.023142,0.180489,0.280434,-0.185247,0.182412,-0.115822,-0.009850,0.201936,-0.097523,-0.218239,0.203859,0.161585,0.058420,0.015889,0.283491,-0.231808,0.052082,-0.163170,0.030424,0.072410,-0.101621,-0.265961,0.015898
0.089836,-0.098110,0.195906,0.269643,0.022663,0.184741,0.287955,-0.185733,0.185312,-0.108283,-0.010487,0.206500,-0.089970,-0.218883,0.207072,0.162291,0.058392,0.015932,0.281993,-0.232252,0.050710,-0.146779,0.031378,0.068689,-0.101235,-0.266023,0.015874
0.097294,-0.098724,0.198210,0.276875,0.022337,0.186549,0.295433,-0.186036,0.185616,-0.100846,-0.011413,0.210804,-0.082287,-0.219786,0.209870,0.163084,0.058597,0.015947,0.277510,-0.232615,0.041004,-0.125870,0.032667,0.059406,-0.100905,-0.266206,0.015848
0.104229,-0.099414,0.197870,0.283072,0.022644,0.185288,0.302688,-0.185621,0.182918,-0.094230,-0.013207,0.212821,-0.074614,-0.221472,0.210452,0.196334,0.062042,0.017064,0.269402,-0.232561,0.020445,-0.098845,0.033917,0.045445,-0.105030,-0.267806,0.018400
0.110600,-0.099897,0.194338,0.288573,0.023443,0.181936,0.309671,-0.184675,0.179358,-0.088472,-0.015120,0.209318,-0.067374,-0.223238,0.206740,0.244241,0.066592,0.023979,0.269580,-0.232401,0.015961,-0.067256,0.034922,0.031306,-0.113248,-0.271415,0.032366
0.116451,-0.099469,0.189199,0.293880,0.024800,0.178361,0.316113,-0.183206,0.176377,-0.083211,-0.015732,0.202021,-0.060978,-0.223738,0.200037,0.280852,0.070489,0.034609,0.270159,-0.232298,0.015908,-0.048323,0.035485,0.015723,-0.113133,-0.273514,0.041797
0.122231,-0.098819,0.184577,0.299782,0.025418,0.175528,0.321984,-0.182591,0.173523,-0.077522,-0.015047,0.195630,-0.055321,-0.223056,0.193625,0.301921,0.072673,0.038951,0.270658,-0.232259,0.015810,-0.047608,0.035588,0.015976,-0.107928,-0.272997,0.050034
0.128117,-0.098163,0.182001,0.305732,0.026052,0.173963,0.327913,-0.181959,0.171956,-0.071679,-0.014366,0.192046,-0.049499,-0.222378,0.190038,0.315308,0.074079,0.039683,0.271196,-0.232209,0.015755,-0.046997,0.035675,0.015983,-0.101110,-0.272297,0.056015
0.134125,-0.097310,0.181573,0.311773,0.026879,0.173872,0.333937,-0.181136,0.172107,-0.065687,-0.013484,0.191039,-0.043524,-0.221499,0.189273,0.325476,0.075190,0.039321,0.271779,-0.232141,0.015835,-0.046462,0.035759,0.015966,-0.093796,-0.271473,0.060728
0.140202,-0.095998,0.182686,0.317877,0.028144,0.174838,0.340018,-0.179879,0.173833,-0.059615,-0.012117,0.191538,-0.037474,-0.220139,0.190533,0.333549,0.076177,0.038550,0.272392,-0.232021,0.015824,-0.046002,0.035888,0.015869,-0.086072,-0.270410,0.064496
0.146343,-0.094094,0.184602,0.324038,0.029985,0.176229,0.346171,-0.178040,0.176652,-0.053484,-0.010148,0.192553,-0.031351,-0.218174,0.192976,0.339855,0.077092,0.037047,0.273004,-0.231858,0.015862,-0.045513,0.036047,0.015856,-0.077276,-0.269022,0.067542
0.152451,-0.091534,0.186731,0.330168,0.032454,0.177520,0.352292,-0.175558,0.180066,-0.047391,-0.007510,0.193395,-0.025267,-0.215521,0.195941,0.344297,0.077913,0.034223,0.273613,-0.231644,0.015898,-0.045023,0.036280,0.015897,-0.066729,-0.267191,0.069281
0.158558,-0.088318,0.188686,0.336287,0.035559,0.178294,0.358424,-0.172398,0.183640,-0.041308,-0.004238,0.193732,-0.019171,-0.212195,0.199078,0.346485,0.078528,0.028980,0.274204,-0.231398,0.015835,-0.044520,0.036570,0.015908,-0.053553,-0.264923,0.068909
0.164604,-0.084527,0.190088,0.342311,0.039221,0.177923,0.364501,-0.168614,0.186685,-0.035293,-0.000440,0.193491,-0.013102,-0.208275,0.202254,0.345044,0.078587,0.019613,0.274761,-0.231141,0.015988,-0.043999,0.036892,0.015909,-0.036485,-0.262323,0.064619
0.170540,-0.080798,0.190803,0.348434,0.042463,0.176617,0.370305,-0.165241,0.188667,-0.029225,0.003645,0.192939,-0.007355,-0.204060,0.204989,0.344442,0.078488,0.015758,0.276039,-0.230971,0.015837,-0.044121,0.037581,0.015872,-0.012740,-0.259196,0.053440
0.176308,-0.077963,0.190997,0.354353,0.044939,0.175627,0.375981,-0.162644,0.189991,-0.023365,0.006718,0.192002,-0.001738,-0.200864,0.206367,0.344900,0.078693,0.015719,0.314836,-0.226685,0.018509,-0.044439,0.038138,0.015852,0.019453,-0.255992,0.039726
0.182430,-0.076467,0.189774,0.360525,0.046373,0.174487,0.382110,-0.161137,0.189917,-0.017250,0.008204,0.189631,0.004335,-0.199307,0.205062,0.345393,0.078821,0.015818,0.368450,-0.220684,0.024432,-0.043929,0.038327,0.015860,0.057285,-0.252551,0.031146
0.189148,-0.076434,0.186493,0.367267,0.046499,0.172274,0.388850,-0.161049,0.187202,-0.010554,0.008181,0.185783,0.011028,-0.199367,0.200711,0.345923,0.078841,0.015860,0.410644,-0.215610,0.034052,-0.043184,0.038370,0.015743,0.092955,-0.249388,0.023727
0.196365,-0.077588,0.181638,0.374512,0.045540,0.169626,0.396095,-0.162136,0.182653,-0.003364,0.006960,0.180623,0.018218,-0.200716,0.193650,0.346501,0.078770,0.015900,0.438391,-0.212322,0.042392,-0.042351,0.038349,0.015739,0.108586,-0.248260,0.015872
0.203384,-0.078617,0.177159,0.381450,0.044760,0.166582,0.403185,-0.162999,0.177914,0.003584,0.005765,0.176405,0.025319,-0.201994,0.187737,0.347046,0.078708,0.015905,0.455322,-0.210285,0.050031,-0.040446,0.038257,0.017514,0.109381,-0.248338,0.015905
0.210030,-0.079163,0.174232,0.388051,0.044375,0.164846,0.409874,-0.163441,0.174898,0.010185,0.005116,0.173567,0.032008,-0.202700,0.183619,0.347646,0.078686,0.016031,0.465143,-0.209201,0.054765,-0.037634,0.038518,0.022054,0.110095,-0.248370,0.015793
0.216339,-0.079388,0.173153,0.394338,0.044269,0.165001,0.416216,-0.163587,0.174040,0.016462,0.004812,0.172267,0.038340,-0.203045,0.181306,0.348274,0.078686,0.016035,0.471588,-0.208664,0.055356,-0.033576,0.038914,0.025693,0.110724,-0.248373,0.015669
0.222462,-0.079443,0.173570,0.400439,0.044329,0.166813,0.422371,-0.163558,0.174996,0.022552,0.004672,0.172144,0.044484,-0.203215,0.180327,0.348933,0.078694,0.015969,0.476468,-0.208364,0.053674,-0.028362,0.039367,0.028097,0.111319,-0.248384,0.015645
0.228455,-0.079362,0.175023,0.406415,0.044505,0.169729,0.428388,-0.163404,0.177191,0.028521,0.004680,0.172855,0.050494,-0.203229,0.180318,0.349587,0.078711,0.015923,0.480238,-0.208172,0.051371,-0.022417,0.039907,0.030139,0.111876,-0.248381,0.015749
0.234386,-0.079137,0.177022,0.412329,0.044808,0.173110,0.434335,-0.163117,0.180015,0.034438,0.004843,0.174029,0.056444,-0.203081,0.180934,0.350240,0.078743,0.015868,0.482996,-0.208045,0.049033,-0.015937,0.040530,0.032194,0.112415,-0.248370,0.015825
0.240299,-0.078817,0.179200,0.418223,0.045187,0.176531,0.440255,-0.162749,0.182996,0.040344,0.005115,0.175403,0.062375,-0.202822,0.181868,0.350869,0.078779,0.015790,0.485013,-0.207948,0.047448,-0.009076,0.041230,0.034694,0.112917,-0.248354,0.015875
0.246227,-0.078435,0.181370,0.424128,0.045621,0.179735,0.446187,-0.162323,0.185842,0.046267,0.005453,0.176898,0.068327,-0.202491,0.183005,0.351500,0.078825,0.015731,0.486644,-0.207833,0.047026,-0.001902,0.041991,0.038063,0.113432,-0.248338,0.015907
0.252235,-0.078051,0.183554,0.430112,0.046047,0.182737,0.452199,-0.161904,0.188483,0.052272,0.005803,0.178625,0.074358,-0.202148,0.184371,0.352119,0.078874,0.015795,0.488079,-0.207701,0.047886,0.005641,0.042814,0.042574,0.113929,-0.248323,0.015922
0.258354,-0.077756,0.185911,0.436217,0.046364,0.185734,0.458318,-0.161598,0.191007,0.058390,0.006086,0.180815,0.080491,-0.201876,0.186088,0.352726,0.078903,0.015829,0.489139,-0.207626,0.049733,0.013733,0.043692,0.047938,0.114385,-0.248310,0.015918
0.264694,-0.077634,0.188638,0.442535,0.046518,0.188976,0.464670,-0.161457,0.193572,0.064718,0.006190,0.183704,0.086853,-0.201785,0.188300,0.353365,0.078919,0.015849,0.489504,-0.207658,0.052094,0.022826,0.044572,0.053506,0.114855,-0.248332,0.015899
0.271351,-0.077752,0.191853,0.449171,0.046427,0.192634,0.471345,-0.161563,0.196255,0.071357,0.006059,0.187452,0.093530,-0.201931,0.191072,0.354007,0.078919,0.015879,0.488555,-0.207915,0.054251,0.033669,0.045503,0.058023,0.115289,-0.248375,0.015867
0.278393,-0.078116,0.195452,0.456196,0.046085,0.196515,0.478409,-0.161920,0.198856,0.078376,0.005687,0.192047,0.100589,-0.202318,0.194389,0.354656,0.078919,0.015935,0.486043,-0.208435,0.055025,0.047072,0.046568,0.059957,0.115736,-0.248421,0.015881
0.285706,-0.078531,0.198794,0.463495,0.045694,0.199372,0.485752,-0.162316,0.200397,0.085659,0.005254,0.197192,0.107916,-0.202756,0.198217,0.355294,0.078922,0.015948,0.482070,-0.209157,0.051039,0.063841,0.047940,0.057323,0.116163,-0.248483,0.015876
0.292889,-0.078647,0.200571,0.470342,0.046052,0.199367,0.493158,-0.161900,0.199074,0.092619,0.004606,0.202068,0.115435,-0.203346,0.201775,0.366104,0.080598,0.015722,0.476910,-0.209180,0.039383,0.084589,0.049662,0.050077,0.116406,-0.248700,0.015912
0.299671,-0.078742,0.199662,0.476081,0.047376,0.195790,0.500541,-0.160385,0.194462,0.098802,0.002901,0.204862,0.123261,-0.204860,0.203535,0.397709,0.085042,0.019288,0.470451,-0.208574,0.019418,0.108711,0.050885,0.040137,0.110118,-0.250987,0.018089
0.305958,-0.078787,0.195786,0.481203,0.048879,0.190173,0.507499,-0.158659,0.189261,0.104416,0.001086,0.202312,0.130712,-0.206453,0.201399,0.445033,0.090823,0.027945,0.471037,-0.208331,0.015900,0.134960,0.051534,0.028376,0.098240,-0.255634,0.031336
0.311790,-0.077923,0.190276,0.486396,0.050623,0.184802,0.513764,-0.156779,0.184841,0.109817,0.000934,0.195711,0.137185,-0.206468,0.195750,0.479339,0.095508,0.038710,0.471491,-0.208233,0.015870,0.148722,0.051877,0.015881,0.094546,-0.257968,0.042013
0.317619,-0.076948,0.185308,0.492269,0.051560,0.180381,0.519595,-0.155848,0.180640,0.115644,0.001952,0.189975,0.142969,-0.205456,0.190235,0.498121,0.097999,0.041514,0.471932,-0.208177,0.015838,0.149423,0.052027,0.015950,0.096922,-0.257540,0.050521
0.323627,-0.076139,0.182679,0.498271,0.052369,0.177557,0.525600,-0.155038,0.177844,0.121655,0.002759,0.187513,0.148983,-0.204648,0.187800,0.510159,0.099589,0.041075,0.472419,-0.208113,0.015790,0.149994,0.052099,0.015955,0.102211,-0.256835,0.057031
0.329746,-0.075150,0.182345,0.504391,0.053329,0.176554,0.531694,-0.154081,0.177052,0.127798,0.003782,0.187637,0.155101,-0.203628,0.188135,0.519427,0.100822,0.039849,0.472994,-0.208038,0.015804,0.150508,0.052201,0.015949,0.108788,-0.255871,0.061700
0.335892,-0.073684,0.183519,0.510530,0.054761,0.176834,0.537823,-0.152648,0.178062,0.133961,0.005280,0.188976,0.161254,-0.202128,0.190204,0.526773,0.101920,0.038165,0.473601,-0.207902,0.015787,0.150957,0.052335,0.015925,0.116232,-0.254635,0.065107
0.342068,-0.071624,0.185390,0.516691,0.056781,0.177642,0.543998,-0.150612,0.180264,0.140138,0.007364,0.190516,0.167445,-0.200029,0.193139,0.532440,0.102908,0.035825,0.474217,-0.207725,0.015839,0.151407,0.052486,0.015864,0.124881,-0.253066,0.067631
0.348213,-0.068913,0.187386,0.522831,0.059419,0.178405,0.550149,-0.147936,0.183105,0.146277,0.010109,0.191668,0.173596,-0.197246,0.196368,0.536426,0.103753,0.032310,0.474820,-0.207506,0.015859,0.151890,0.052719,0.015910,0.135381,-0.251020,0.069112
0.354336,-0.065569,0.189138,0.528952,0.062653,0.178669,0.556283,-0.144621,0.186094,0.152389,0.013483,0.192182,0.179720,-0.193791,0.199607,0.538442,0.104329,0.026589,0.475423,-0.207253,0.015870,0.152392,0.053042,0.015923,0.148554,-0.248467,0.068572
0.360409,-0.061671,0.190284,0.534984,0.066424,0.177785,0.562382,-0.140696,0.188521,0.158436,0.017353,0.192047,0.185834,-0.189767,0.202783,0.537131,0.104277,0.016920,0.475982,-0.206974,0.015992,0.152892,0.053398,0.015932,0.165638,-0.245524,0.064286
0.366314,-0.057848,0.190791,0.540964,0.069900,0.175990,0.568230,-0.137036,0.190098,0.164398,0.021340,0.191485,0.191664,-0.185596,0.205593,0.537528,0.104468,0.015722,0.478745,-0.206651,0.015888,0.153365,0.053864,0.015916,0.189122,-0.242232,0.053721
0.372066,-0.055070,0.190882,0.546825,0.072386,0.174889,0.573923,-0.134412,0.191167,0.170210,0.024272,0.190597,0.197308,-0.182526,0.206875,0.537978,0.104673,0.015685,0.518308,-0.201269,0.018495,0.153334,0.054289,0.015910,0.220839,-0.238483,0.040916
0.378174,-0.053692,0.189653,0.552980,0.073722,0.173853,0.580031,-0.133021,0.190888,0.176316,0.025638,0.188419,0.203367,-0.181105,0.205454,0.538475,0.104790,0.015790,0.571277,-0.193849,0.024720,0.153828,0.054471,0.015914,0.257931,-0.234222,0.032326
0.384907,-0.053793,0.186411,0.559737,0.073740,0.171893,0.586781,-0.133072,0.188082,0.183032,0.025486,0.184739,0.210076,-0.181326,0.200929,0.539002,0.104787,0.015840,0.612616,-0.187707,0.034291,0.154566,0.054514,0.015817,0.292613,-0.230299,0.024758
0.392200,-0.055202,0.181455,0.567048,0.072606,0.169857,0.594111,-0.134376,0.183667,0.190290,0.023971,0.179243,0.217353,-0.183011,0.193052,0.539608,0.104682,0.015879,0.639959,-0.183734,0.042558,0.155380,0.054435,0.015739,0.310640,-0.228561,0.016033
0.399300,-0.056619,0.176623,0.574019,0.071568,0.167545,0.601313,-0.135524,0.179054,0.197287,0.022287,0.174191,0.224580,-0.184806,0.185700,0.540194,0.104595,0.015893,0.656914,-0.181249,0.050561,0.157402,0.054155,0.016058,0.311412,-0.228710,0.015918
0.405910,-0.057273,0.173587,0.580562,0.071106,0.166060,0.607973,-0.136054,0.175964,0.203848,0.021508,0.171210,0.231259,-0.185652,0.181114,0.540784,0.104563,0.015921,0.666362,-0.179973,0.055733,0.159318,0.054297,0.020268,0.312130,-0.228751,0.015822
0.412163,-0.057468,0.172566,0.586782,0.071023,0.166325,0.614250,-0.136182,0.175056,0.210076,0.021245,0.170077,0.237543,-0.185960,0.178808,0.541399,0.104562,0.016031,0.672179,-0.179398,0.056210,0.162228,0.054634,0.023985,0.312753,-0.228752,0.015686
0.418209,-0.057397,0.173107,0.592800,0.071190,0.168164,0.620317,-0.136044,0.176000,0.216102,0.021250,0.170214,0.243618,-0.185984,0.178050,0.542045,0.104579,0.016024,0.676423,-0.179089,0.054000,0.166599,0.055121,0.026430,0.313344,-0.228749,0.015631
0.424118,-0.057125,0.174664,0.598682,0.071542,0.171027,0.626239,-0.135712,0.178186,0.221997,0.021461,0.171142,0.249554,-0.185792,0.178300,0.542685,0.104616,0.015923,0.679598,-0.178889,0.050946,0.172020,0.055756,0.028212,0.313894,-0.228730,0.015708
0.429966,-0.056682,0.176747,0.604501,0.072054,0.174336,0.632095,-0.135210,0.181014,0.227837,0.021847,0.172479,0.255431,-0.185417,0.179158,0.543309,0.104676,0.015881,0.681938,-0.178728,0.048202,0.178161,0.056517,0.030000,0.314413,-0.228702,0.015812
0.435806,-0.056108,0.178971,0.610318,0.072675,0.177650,0.637933,-0.134597,0.184010,0.233680,0.022382,0.173932,0.261294,-0.184890,0.180292,0.543945,0.104739,0.015810,0.683779,-0.178581,0.046469,0.184818,0.057397,0.032225,0.314938,-0.228661,0.015866
0.441658,-0.055449,0.181138,0.616147,0.073371,0.180721,0.643780,-0.133905,0.186865,0.239536,0.023006,0.175410,0.267169,-0.184270,0.181554,0.544553,0.104807,0.015721,0.685477,-0.178390,0.046106,0.191798,0.058360,0.035302,0.315427,-0.228619,0.015901
0.447525,-0.054772,0.183245,0.621993,0.074077,0.183540,0.649641,-0.133203,0.189501,0.245409,0.023658,0.176988,0.273057,-0.183621,0.182949,0.545160,0.104875,0.015776,0.687157,-0.178164,0.047123,0.199041,0.059391,0.039532,0.315916,-0.228579,0.015917
0.453506,-0.054160,0.185461,0.627958,0.074708,0.186318,0.655618,-0.132578,0.191999,0.251395,0.024258,0.178922,0.279054,-0.183028,0.184603,0.545767,0.104937,0.015817,0.688722,-0.177941,0.049324,0.206724,0.060491,0.044822,0.316389,-0.228539,0.015916
0.459652,-0.053699,0.188013,0.634077,0.075201,0.189321,0.661774,-0.132092,0.194530,0.257530,0.024695,0.181496,0.285226,-0.182598,0.186705,0.546359,0.104990,0.015853,0.689717,-0.177805,0.052131,0.215188,0.061617,0.050618,0.316822,-0.228537,0.015905
0.466084,-0.053470,0.191078,0.640481,0.075464,0.192789,0.668225,-0.131841,0.197228,0.263942,0.024901,0.184928,0.291686,-0.182403,0.189367,0.546977,0.105027,0.015863,0.689515,-0.177905,0.054895,0.225142,0.062810,0.055859,0.317273,-0.228560,0.015861
0.472939,-0.053486,0.194643,0.647326,0.075456,0.196661,0.675100,-0.131865,0.200014,0.270778,0.024893,0.189273,0.298551,-0.182428,0.192625,0.547639,0.105042,0.015925,0.687660,-0.178360,0.056758,0.237460,0.064185,0.059000,0.317735,-0.228578,0.015881
0.480110,-0.053644,0.198278,0.654486,0.075316,0.200117,0.682307,-0.132015,0.202228,0.277913,0.024726,0.194328,0.305734,-0.182605,0.196439,0.548277,0.105049,0.015956,0.684297,-0.179104,0.055273,0.252819,0.065833,0.058259,0.318136,-0.228639,0.015881
0.487270,-0.053672,0.200863,0.661536,0.075450,0.201158,0.689572,-0.131860,0.202213,0.284969,0.024516,0.199512,0.313004,-0.182794,0.200567,0.549190,0.105179,0.016016,0.679835,-0.179830,0.047192,0.271806,0.067852,0.052424,0.318358,-0.228873,0.015973
0.494049,-0.053723,0.201236,0.667742,0.076156,0.199394,0.696684,-0.131032,0.199368,0.291414,0.023586,0.203104,0.320356,-0.183603,0.203077,0.585241,0.110546,0.017355,0.674262,-0.180034,0.030641,0.295435,0.070060,0.042496,0.312193,-0.230610,0.016331
0.500504,-0.053891,0.197783,0.673365,0.077059,0.194282,0.703569,-0.129947,0.193177,0.297438,0.022164,0.202388,0.327642,-0.184841,0.201284,0.635160,0.118315,0.025811,0.670727,-0.179725,0.015985,0.323621,0.072832,0.030780,0.299742,-0.233908,0.025890
0.506565,-0.053484,0.191621,0.678885,0.078159,0.187487,0.709921,-0.128723,0.186473,0.303209,0.021755,0.196768,0.334245,-0.185127,0.195754,0.672328,0.123869,0.037677,0.671100,-0.179671,0.015960,0.345597,0.074962,0.015510,0.293008,-0.236497,0.037420
0.512455,-0.052508,0.185176,0.684793,0.079120,0.181346,0.715814,-0.127765,0.180393,0.309096,0.022748,0.189958,0.340117,-0.184137,0.189006,0.692398,0.126857,0.042758,0.671471,-0.179615,0.015846,0.346326,0.075090,0.015844,0.293844,-0.236367,0.044032
0.518314,-0.051763,0.181300,0.690662,0.079848,0.177286,0.721657,-0.127040,0.176160,0.314972,0.023515,0.186439,0.345967,-0.183373,0.185313,0.703971,0.128535,0.042253,0.671927,-0.179575,0.015829,0.346951,0.075191,0.015967,0.298427,-0.235730,0.052321
0.524220,-0.050872,0.180399,0.696555,0.080734,0.175763,0.727543,-0.126156,0.174630,0.320896,0.024412,0.186169,0.351884,-0.182477,0.185036,0.712606,0.129830,0.041519,0.672466,-0.179493,0.015750,0.347476,0.075282,0.015968,0.304639,-0.234815,0.057732
0.530167,-0.049621,0.181573,0.702500,0.081955,0.176096,0.733464,-0.124939,0.175379,0.326869,0.025698,0.187768,0.357833,-0.181197,0.187050,0.719381,0.130910,0.040083,0.673040,-0.179385,0.015838,0.347913,0.075400,0.015963,0.311528,-0.233647,0.061458
0.536140,-0.047863,0.183766,0.708470,0.083676,0.177339,0.739425,-0.123221,0.177614,0.332856,0.027495,0.189917,0.363811,-0.179402,0.190192,0.724731,0.131880,0.038345,0.673640,-0.179234,0.015825,0.348328,0.075534,0.015886,0.319311,-0.232183,0.064360
0.542110,-0.045550,0.186210,0.714444,0.085925,0.178705,0.745388,-0.120965,0.180554,0.338833,0.029865,0.191865,0.369777,-0.177026,0.193714,0.728891,0.132768,0.035993,0.674240,-0.179036,0.015856,0.348758,0.075733,0.015856,0.328415,-0.230304,0.066758
0.548038,-0.042647,0.188423,0.720368,0.088757,0.179676,0.751326,-0.118101,0.183711,0.344751,0.032806,0.193134,0.375709,-0.174052,0.197169,0.731727,0.133549,0.032422,0.674841,-0.178785,0.015875,0.349220,0.075983,0.015902,0.339400,-0.227969,0.068040
0.553928,-0.039175,0.190142,0.726229,0.092158,0.179883,0.757245,-0.114618,0.186689,0.350612,0.036268,0.193595,0.381628,-0.170508,0.200401,0.732779,0.134075,0.026503,0.675416,-0.178497,0.015887,0.349706,0.076266,0.015927,0.353049,-0.225160,0.067281
0.559776,-0.035223,0.191106,0.732104,0.095889,0.178706,0.763078,-0.110754,0.188898,0.356475,0.040308,0.193314,0.387448,-0.166335,0.203507,0.730654,0.133686,0.016557,0.675817,-0.178373,0.016008,0.350216,0.076633,0.015943,0.370543,-0.221826,0.062734
0.565495,-0.031475,0.191255,0.737892,0.099292,0.176418,0.768734,-0.107189,0.189792,0.362255,0.044239,0.192718,0.393097,-0.162242,0.206092,0.731021,0.133905,0.015710,0.681403,-0.177549,0.015847,0.350628,0.077100,0.015925,0.394524,-0.218053,0.052079
0.571083,-0.028704,0.191106,0.743646,0.101699,0.175036,0.774229,-0.104681,0.190419,0.367937,0.047274,0.191794,0.398520,-0.159106,0.207177,0.731452,0.134089,0.015733,0.715390,-0.172215,0.019443,0.350249,0.077613,0.015903,0.425205,-0.213650,0.040459
0.576977,-0.027203,0.189870,0.749589,0.103157,0.173979,0.780128,-0.103168,0.190169,0.373826,0.048763,0.189572,0.404364,-0.157562,0.205761,0.731962,0.134220,0.015814,0.768254,-0.163976,0.024907,0.350719,0.077796,0.015871,0.460503,-0.208933,0.032483
0.583485,-0.027126,0.186663,0.756124,0.103345,0.172037,0.786654,-0.103039,0.187478,0.380315,0.048786,0.185849,0.410845,-0.157597,0.201289,0.732473,0.134233,0.015872,0.810675,-0.157035,0.034044,0.351415,0.077861,0.015827,0.493584,-0.204635,0.024772
0.590637,-0.028360,0.181642,0.763291,0.102390,0.169963,0.793850,-0.104148,0.183116,0.387425,0.047427,0.180169,0.417984,-0.159110,0.193321,0.733064,0.134142,0.015901,0.838854,-0.152504,0.042113,0.352305,0.077796,0.015746,0.510458,-0.202755,0.016021
0.597672,-0.029613,0.176706,0.770201,0.101505,0.167609,0.800982,-0.105130,0.178509,0.394361,0.045903,0.174903,0.425142,-0.160732,0.185803,0.733642,0.134071,0.015903,0.856387,-0.149680,0.049822,0.353894,0.077534,0.016509,0.511238,-0.202887,0.015837
0.604267,-0.030120,0.173637,0.776724,0.101191,0.166072,0.807628,-0.105503,0.175409,0.400907,0.045263,0.171865,0.431811,-0.161431,0.181202,0.734233,0.134057,0.015927,0.866197,-0.148185,0.055012,0.355329,0.077654,0.021428,0.511942,-0.202924,0.015789
0.610542,-0.030205,0.172656,0.782967,0.101216,0.166365,0.813927,-0.105519,0.174525,0.407157,0.045110,0.170788,0.438118,-0.161626,0.178948,0.734864,0.134070,0.016027,0.872149,-0.147487,0.055570,0.358116,0.078031,0.025708,0.512577,-0.202912,0.015654
0.616600,-0.030059,0.173311,0.788988,0.101466,0.168326,0.820010,-0.105295,0.175545,0.413190,0.045178,0.171076,0.444212,-0.161583,0.178296,0.735523,0.134109,0.015939,0.876315,-0.147097,0.053441,0.362529,0.078587,0.028587,0.513173,-0.202902,0.015655
0.622559,-0.029738,0.175025,0.794922,0.101861,0.171334,0.825983,-0.104919,0.177805,0.419135,0.045442,0.172244,0.450195,-0.161338,0.178715,0.736168,0.134154,0.015913,0.879298,-0.146878,0.050437,0.368070,0.079325,0.030752,0.513724,-0.202877,0.015772
0.628471,-0.029256,0.177261,0.800813,0.102400,0.174762,0.831902,-0.104392,0.180681,0.425041,0.045880,0.173841,0.456130,-0.160912,0.179761,0.736820,0.134210,0.015857,0.881368,-0.146743,0.047621,0.374378,0.080206,0.032818,0.514258,-0.202845,0.015834
0.634369,-0.028664,0.179621,0.806692,0.103032,0.178176,0.837799,-0.103769,0.183671,0.430939,0.046442,0.175570,0.462046,-0.160359,0.181065,0.737440,0.134277,0.015774,0.882888,-0.146628,0.045797,0.381198,0.081208,0.035237,0.514744,-0.202799,0.015885
0.640297,-0.028000,0.181904,0.812596,0.103734,0.181316,0.843729,-0.103072,0.186482,0.436865,0.047072,0.177326,0.467998,-0.159734,0.182491,0.738053,0.134354,0.015756,0.884253,-0.146472,0.045363,0.388412,0.082289,0.038579,0.515235,-0.202759,0.015920
0.646286,-0.027344,0.184150,0.818562,0.104421,0.184235,0.849720,-0.102389,0.189064,0.442852,0.047702,0.179236,0.474010,-0.159109,0.184064,0.738664,0.134427,0.015807,0.885614,-0.146288,0.046371,0.395993,0.083437,0.043047,0.515714,-0.202726,0.015933
0.652405,-0.026777,0.186530,0.824669,0.105003,0.187141,0.855839,-0.101816,0.191511,0.448970,0.048261,0.181549,0.480141,-0.158557,0.185918,0.739267,0.134486,0.015842,0.886746,-0.146154,0.048411,0.404150,0.084666,0.048356,0.516184,-0.202690,0.015929
0.658772,-0.026392,0.189251,0.831015,0.105412,0.190291,0.862218,-0.101415,0.193980,0.455325,0.048631,0.184522,0.486528,-0.158196,0.188211,0.739885,0.134524,0.015859,0.887212,-0.146168,0.050866,0.413394,0.085944,0.053756,0.516632,-0.202701,0.015835
0.665482,-0.026234,0.192419,0.837708,0.105589,0.193821,0.868945,-0.101248,0.196527,0.462019,0.048780,0.188311,0.493255,-0.158057,0.191017,0.740517,0.134552,0.015878,0.886319,-0.146471,0.052983,0.424502,0.087378,0.057929,0.517073,-0.202721,0.015858
0.672585,-0.026280,0.195881,0.844797,0.105559,0.197416,0.876070,-0.101285,0.198863,0.469099,0.048725,0.192898,0.500372,-0.158120,0.194345,0.741163,0.134589,0.015931,0.883826,-0.147099,0.053173,0.438278,0.089098,0.059296,0.517528,-0.202742,0.015870
0.679878,-0.026315,0.198903,0.852080,0.105546,0.199637,0.883392,-0.101298,0.199853,0.476365,0.048668,0.197952,0.507676,-0.158175,0.198169,0.741797,0.134627,0.015939,0.879833,-0.147963,0.047920,0.455458,0.091323,0.056008,0.517944,-0.202779,0.015870
0.687016,-0.026082,0.200172,0.858776,0.106348,0.198837,0.890766,-0.100390,0.197912,0.483265,0.048226,0.202432,0.515255,-0.158512,0.201507,0.758064,0.137571,0.016417,0.874618,-0.148150,0.034836,0.476851,0.093915,0.048102,0.517767,-0.203284,0.015900
0.693661,-0.025846,0.198620,0.864286,0.107994,0.194744,0.897936,-0.098469,0.192395,0.489385,0.046776,0.204844,0.523036,-0.159687,0.202495,0.793646,0.144509,0.021114,0.870463,-0.146989,0.015737,0.501545,0.096708,0.038087,0.510691,-0.205661,0.018785
0.699768,-0.025482,0.194385,0.869341,0.109627,0.188776,0.904536,-0.096582,0.186903,0.495000,0.045618,0.201867,0.530195,-0.160592,0.199994,0.839363,0.152050,0.031289,0.870892,-0.146881,0.015977,0.526364,0.098686,0.025015,0.500056,-0.210307,0.030693
0.705429,-0.024205,0.188790,0.874632,0.111377,0.183403,0.910429,-0.094734,0.182309,0.500430,0.046324,0.195271,0.536227,-0.159788,0.194177,0.869412,0.157359,0.040798,0.871328,-0.146773,0.015904,0.534783,0.099373,0.015896,0.496550,-0.211996,0.040768
