-0.002113,0.011923,0.338094,0.187718,0.115425,0.355196,0.187446,-0.093384,0.342421,-0.191673,0.117230,0.333767,-0.191945,-0.091579,0.320992,0.189551,0.173635,0.147985,0.192209,-0.125849,0.128688,-0.134394,0.176443,0.108973,-0.155341,-0.124107,0.107603
-0.001556,0.017921,0.326183,0.187823,0.121551,0.347106,0.188251,-0.086955,0.330079,-0.191364,0.122798,0.322287,-0.190935,-0.085708,0.305260,0.194931,0.185777,0.119204,0.185664,-0.114310,0.106571,-0.168244,0.187835,0.084864,-0.162637,-0.112836,0.079753
0.001587,0.024145,0.310631,0.190138,0.128525,0.335018,0.191870,-0.079801,0.315990,-0.188696,0.128091,0.305272,-0.186964,-0.080234,0.286243,0.181115,0.196618,0.088380,0.162939,-0.104156,0.080313,-0.200209,0.197115,0.048223,-0.190445,-0.102878,0.034155
0.004528,0.031384,0.292470,0.192790,0.136479,0.316000,0.195000,-0.072089,0.299896,-0.185944,0.134856,0.285044,-0.183734,-0.073712,0.268940,0.168790,0.202039,0.054027,0.151649,-0.099588,0.059666,-0.233939,0.200348,0.020657,-0.193299,-0.099853,0.015761
0.011360,0.038345,0.279053,0.199660,0.145278,0.291289,0.202840,-0.063521,0.278728,-0.180119,0.140211,0.279379,-0.176940,-0.068587,0.266818,0.138779,0.206491,0.015298,0.132126,-0.095891,0.041955,-0.233901,0.200796,0.015635,-0.193235,-0.099277,0.015891
0.023083,0.042538,0.271100,0.211472,0.149944,0.274890,0.214641,-0.059000,0.265052,-0.168476,0.144076,0.277149,-0.165307,-0.064869,0.267311,0.138072,0.206542,0.015659,0.076670,-0.095313,0.025357,-0.248399,0.200473,0.020078,-0.192920,-0.098961,0.016009
0.036198,0.044655,0.267149,0.224536,0.152205,0.268759,0.227773,-0.056797,0.260261,-0.155378,0.146107,0.274037,-0.152141,-0.062895,0.265540,0.138634,0.206657,0.015695,0.060842,-0.095666,0.033754,-0.267403,0.199680,0.032634,-0.192162,-0.098862,0.015981
0.050919,0.046448,0.268896,0.239227,0.154054,0.270286,0.242534,-0.054994,0.263047,-0.140697,0.147890,0.274745,-0.137390,-0.061159,0.267507,0.139853,0.206775,0.015865,0.080863,-0.095270,0.038807,-0.266275,0.199279,0.046800,-0.191751,-0.098785,0.015771
0.067482,0.048532,0.275448,0.255783,0.156156,0.276558,0.259116,-0.052940,0.270857,-0.124152,0.150005,0.280040,-0.120819,-0.059091,0.274338,0.141625,0.206914,0.015982,0.122958,-0.094316,0.041017,-0.235206,0.199977,0.050106,-0.191816,-0.098647,0.015824
0.084309,0.051081,0.280930,0.272421,0.159037,0.280296,0.276099,-0.050092,0.276273,-0.107482,0.152253,0.285587,-0.103804,-0.056876,0.281565,0.146957,0.207378,0.016055,0.170075,-0.092922,0.042304,-0.178470,0.201081,0.045873,-0.193515,-0.098852,0.018120
0.099964,0.053524,0.282133,0.288306,0.161033,0.278896,0.291495,-0.048138,0.277444,-0.091567,0.155186,0.286823,-0.088377,-0.053985,0.285371,0.179149,0.206654,0.015337,0.212258,-0.093147,0.038885,-0.116717,0.201952,0.042853,-0.186145,-0.099158,0.029735
0.115501,0.055305,0.280513,0.304939,0.160801,0.275477,0.305943,-0.048395,0.276138,-0.074941,0.159006,0.284888,-0.073936,-0.050190,0.285549,0.215292,0.204998,0.014925,0.246102,-0.094904,0.032201,-0.067722,0.203719,0.040117,-0.160696,-0.096862,0.031052
0.131542,0.056290,0.276341,0.322579,0.158847,0.271054,0.320359,-0.050340,0.271928,-0.057275,0.162919,0.280754,-0.059495,-0.046267,0.281627,0.230414,0.204212,0.015679,0.273022,-0.096326,0.023747,-0.033713,0.207087,0.033036,-0.129341,-0.092057,0.023395
0.148289,0.056503,0.269941,0.340580,0.156714,0.265158,0.335787,-0.052430,0.265595,-0.039210,0.165437,0.274287,-0.044003,-0.043708,0.274724,0.231374,0.204157,0.015884,0.296215,-0.097509,0.015429,-0.007358,0.209639,0.020629,-0.112626,-0.088138,0.015980
0.166149,0.056540,0.265948,0.358419,0.156729,0.259975,0.353615,-0.052414,0.260771,-0.021317,0.165493,0.271124,-0.026120,-0.043650,0.271921,0.232598,0.204152,0.015974,0.297125,-0.097512,0.015880,-0.000650,0.209508,0.015633,-0.111893,-0.088118,0.015879
0.184006,0.056248,0.265984,0.376241,0.156424,0.258793,0.371430,-0.052719,0.259682,-0.003418,0.165214,0.272286,-0.008229,-0.043928,0.273174,0.234102,0.204124,0.015951,0.298333,-0.097536,0.015917,0.000344,0.209500,0.015724,-0.110651,-0.088124,0.016725
0.201443,0.055977,0.267141,0.393613,0.156152,0.258375,0.388810,-0.052990,0.259355,0.014075,0.164944,0.274927,0.009273,-0.044198,0.275907,0.254131,0.203685,0.016695,0.299618,-0.097546,0.015912,0.001070,0.209491,0.015814,-0.106609,-0.088169,0.026469
0.218956,0.056190,0.269001,0.411079,0.156320,0.258799,0.406258,-0.052819,0.260274,0.031654,0.165200,0.277728,0.026833,-0.043939,0.279203,0.297221,0.202741,0.022504,0.301072,-0.097582,0.015792,0.001747,0.209506,0.015947,-0.093612,-0.088290,0.043289
0.236748,0.057119,0.271573,0.428888,0.157188,0.261107,0.424054,-0.051942,0.263609,0.049442,0.166180,0.279536,0.044607,-0.042949,0.282038,0.353657,0.201694,0.035574,0.302748,-0.097565,0.015939,0.002335,0.209582,0.015962,-0.063938,-0.088635,0.053825
0.254280,0.058542,0.273353,0.446437,0.158643,0.263509,0.441690,-0.050467,0.267390,0.066870,0.167552,0.279316,0.062123,-0.041558,0.283197,0.411404,0.200861,0.045495,0.304555,-0.097491,0.015970,0.002987,0.209584,0.016012,-0.017863,-0.089522,0.051010
0.271152,0.060059,0.272101,0.463282,0.160214,0.262286,0.458651,-0.048868,0.267579,0.083654,0.168985,0.276624,0.079023,-0.040096,0.281917,0.465459,0.200242,0.049044,0.307575,-0.097370,0.015894,0.005077,0.209599,0.015850,0.039234,-0.090793,0.040884
0.287579,0.061670,0.266933,0.479572,0.162010,0.256374,0.475233,-0.047026,0.263435,0.099924,0.170366,0.270432,0.095585,-0.038669,0.277493,0.508712,0.199674,0.042737,0.312776,-0.097506,0.015741,0.011887,0.209075,0.015709,0.099309,-0.092514,0.032329
0.304409,0.063437,0.258319,0.496171,0.164076,0.246481,0.492270,-0.044910,0.255101,0.116548,0.171783,0.261538,0.112647,-0.037203,0.270158,0.534787,0.199503,0.019800,0.322770,-0.097115,0.015739,0.016850,0.209014,0.016021,0.154533,-0.093518,0.026807
0.321693,0.064093,0.250493,0.513532,0.164667,0.239360,0.509562,-0.044277,0.248919,0.133824,0.172462,0.252068,0.129855,-0.036482,0.261626,0.535503,0.199543,0.016119,0.340922,-0.097242,0.015827,0.018267,0.209359,0.015905,0.194381,-0.094220,0.021023
0.339256,0.063589,0.247048,0.531128,0.164218,0.237038,0.527163,-0.044726,0.246603,0.151350,0.171904,0.247494,0.147384,-0.037040,0.257058,0.536419,0.199506,0.016033,0.366554,-0.097590,0.019275,0.018951,0.209320,0.015885,0.200017,-0.094580,0.015972
0.356319,0.063837,0.248508,0.548177,0.164489,0.238454,0.544251,-0.044435,0.248454,0.168388,0.172109,0.248563,0.164462,-0.036814,0.258563,0.537592,0.199556,0.016142,0.388770,-0.097670,0.026048,0.035679,0.208966,0.015691,0.201111,-0.094633,0.015809
0.373295,0.065121,0.254344,0.565186,0.165708,0.244281,0.561218,-0.043161,0.255357,0.185372,0.173403,0.253332,0.181404,-0.035466,0.264407,0.539096,0.199618,0.015957,0.404463,-0.097283,0.037011,0.072191,0.208482,0.015852,0.201837,-0.094561,0.015755
0.390850,0.067432,0.262925,0.582809,0.167908,0.253044,0.578747,-0.040860,0.265849,0.202953,0.175725,0.260001,0.198892,-0.033044,0.272807,0.540842,0.199712,0.015725,0.420703,-0.096607,0.049384,0.118808,0.208071,0.018156,0.202241,-0.094425,0.015669
0.408756,0.070337,0.272006,0.600805,0.170686,0.262582,0.596605,-0.037941,0.277481,0.220908,0.178616,0.266532,0.216708,-0.030011,0.281431,0.542628,0.199820,0.015969,0.443885,-0.095972,0.060011,0.168938,0.207902,0.023791,0.202431,-0.094279,0.015638
0.426128,0.073090,0.278927,0.618394,0.173105,0.270449,0.613768,-0.035374,0.287177,0.238488,0.181553,0.270676,0.233862,-0.026926,0.287405,0.545785,0.199908,0.016016,0.475607,-0.095678,0.065805,0.216128,0.208541,0.032444,0.205618,-0.093678,0.016076
0.442440,0.075617,0.282329,0.635083,0.174980,0.274789,0.629666,-0.033405,0.292430,0.255214,0.184638,0.272228,0.249797,-0.023746,0.289869,0.579171,0.200156,0.016031,0.511877,-0.095209,0.065168,0.255185,0.210661,0.040631,0.218066,-0.091555,0.018113
0.458477,0.078011,0.282015,0.651796,0.176125,0.275483,0.644940,-0.032236,0.292903,0.272014,0.188257,0.271127,0.265158,-0.020104,0.288546,0.629115,0.200932,0.017449,0.548302,-0.094133,0.060329,0.281415,0.214563,0.043647,0.238268,-0.087365,0.019253
0.474911,0.080248,0.277864,0.669300,0.176304,0.272652,0.660131,-0.032075,0.288735,0.289690,0.192571,0.266993,0.280522,-0.015809,0.283076,0.672391,0.202159,0.018210,0.580330,-0.092376,0.053147,0.297835,0.220102,0.037164,0.265973,-0.081427,0.015797
0.492130,0.082048,0.270482,0.687895,0.175335,0.266610,0.675669,-0.032942,0.281968,0.308592,0.197039,0.258996,0.296366,-0.011238,0.274354,0.682635,0.202806,0.015878,0.606421,-0.091921,0.046104,0.310824,0.224920,0.019785,0.285211,-0.075323,0.015488
0.509876,0.082943,0.265206,0.705738,0.175994,0.260657,0.693291,-0.032133,0.277761,0.326461,0.198019,0.252650,0.314014,-0.010109,0.269754,0.683375,0.202895,0.015828,0.625257,-0.092951,0.044103,0.313113,0.225038,0.015815,0.286908,-0.075051,0.015695
0.527863,0.083103,0.265445,0.723753,0.176062,0.260268,0.711249,-0.031981,0.278331,0.344476,0.198187,0.252560,0.331972,-0.009856,0.270623,0.684519,0.202900,0.015822,0.638623,-0.093711,0.043450,0.318978,0.224874,0.015882,0.287630,-0.075023,0.015738
0.545853,0.083456,0.270440,0.741769,0.176372,0.265471,0.729187,-0.031596,0.284323,0.362519,0.198508,0.256558,0.349937,-0.009460,0.275410,0.686028,0.202860,0.016121,0.659826,-0.094591,0.047458,0.346746,0.223360,0.015836,0.287864,-0.074965,0.015722
0.563881,0.083862,0.278411,0.759795,0.176829,0.274400,0.747159,-0.031081,0.293851,0.380603,0.198806,0.262972,0.367967,-0.009104,0.282423,0.687863,0.202766,0.016079,0.690020,-0.095727,0.054558,0.391912,0.221180,0.020646,0.287656,-0.074905,0.015736
0.580856,0.084135,0.284171,0.777014,0.176606,0.280655,0.763788,-0.031216,0.300648,0.397925,0.199486,0.267693,0.384698,-0.008336,0.287686,0.702496,0.201603,0.015608,0.724238,-0.097739,0.058559,0.438873,0.219708,0.029408,0.299186,-0.074818,0.015620
0.597149,0.084244,0.286335,0.793911,0.175420,0.282763,0.779335,-0.032362,0.302228,0.414963,0.200850,0.270442,0.400387,-0.006932,0.289908,0.716787,0.201717,0.017249,0.755772,-0.099551,0.055844,0.477473,0.220216,0.035508,0.321782,-0.072858,0.015794
0.613503,0.084152,0.285011,0.810830,0.174104,0.281565,0.794999,-0.033770,0.298956,0.432006,0.202074,0.271066,0.416175,-0.005800,0.288457,0.749029,0.202332,0.015991,0.782899,-0.099460,0.049476,0.504926,0.222459,0.034368,0.342112,-0.068687,0.016080
0.630657,0.083670,0.280381,0.828860,0.171647,0.276283,0.811028,-0.036137,0.292793,0.450287,0.203476,0.267968,0.432454,-0.004308,0.284479,0.757421,0.202861,0.016068,0.802985,-0.101289,0.040060,0.522446,0.223748,0.025151,0.356229,-0.064876,0.015794
0.648327,0.082241,0.274287,0.846916,0.169301,0.269366,0.828191,-0.038398,0.285960,0.468462,0.202880,0.262613,0.449738,-0.004819,0.279207,0.758382,0.202818,0.015988,0.816370,-0.103494,0.030833,0.530594,0.223356,0.016027,0.359468,-0.063500,0.015855
0.666256,0.079016,0.269742,0.864849,0.165893,0.262364,0.846136,-0.041884,0.277957,0.486376,0.199915,0.261528,0.467663,-0.007862,0.277121,0.759469,0.202643,0.015827,0.822936,-0.105136,0.017057,0.531969,0.223139,0.015926,0.360259,-0.063557,0.015855
0.683880,0.075180,0.267130,0.882467,0.161937,0.258336,0.863717,-0.045953,0.272295,0.504043,0.196313,0.261965,0.485292,-0.011577,0.275925,0.760784,0.202374,0.015958,0.823681,-0.105305,0.015743,0.533125,0.222891,0.015713,0.365718,-0.063995,0.015803
0.701061,0.071754,0.266245,0.899674,0.158366,0.256625,0.880798,-0.049602,0.269178,0.521325,0.193111,0.263313,0.502448,-0.014857,0.275866,0.785205,0.200274,0.021354,0.824559,-0.105501,0.015970,0.534153,0.222713,0.015599,0.379080,-0.064997,0.017125
0.718266,0.068497,0.267158,0.916869,0.155111,0.257371,0.897972,-0.052930,0.268608,0.538559,0.189924,0.265707,0.519662,-0.018118,0.276944,0.823097,0.196980,0.028699,0.825689,-0.105711,0.016025,0.534952,0.222455,0.015783,0.397310,-0.066275,0.025774
0.735828,0.065598,0.269894,0.934431,0.152274,0.260661,0.915542,-0.055825,0.270792,0.556115,0.187020,0.268997,0.537225,-0.021078,0.279128,0.871640,0.193061,0.042875,0.827118,-0.105897,0.015933,0.535594,0.222247,0.015810,0.428390,-0.068811,0.034256
0.753551,0.063080,0.273608,0.952185,0.149821,0.265736,0.933280,-0.058315,0.275031,0.573823,0.184475,0.272184,0.554918,-0.023661,0.281480,0.921490,0.188886,0.055132,0.828794,-0.106086,0.015764,0.536116,0.222136,0.015887,0.473423,-0.072839,0.037479
0.770966,0.060808,0.276054,0.969616,0.147605,0.269310,0.950709,-0.060557,0.278018,0.591222,0.182173,0.274091,0.572315,-0.025988,0.282799,0.970207,0.184472,0.060015,0.830459,-0.106273,0.015982,0.536753,0.221999,0.015954,0.527915,-0.077980,0.035449
0.788071,0.058792,0.275440,0.986665,0.145731,0.268857,0.967896,-0.062454,0.277316,0.608246,0.180038,0.273563,0.589477,-0.028146,0.282023,1.014275,0.180374,0.058711,0.832148,-0.106505,0.016006,0.539287,0.221453,0.015805,0.584818,-0.083552,0.032136
0.805004,0.057096,0.270958,1.003330,0.144615,0.263991,0.985183,-0.063630,0.272339,0.624825,0.177823,0.269577,0.606678,-0.030422,0.277924,1.048138,0.177721,0.048272,0.837705,-0.106714,0.015961,0.548532,0.219952,0.015691,0.637699,-0.088719,0.030079
0.822418,0.055882,0.263214,1.020369,0.144213,0.255841,1.003091,-0.064108,0.264118,0.641745,0.175871,0.262310,0.624468,-0.032450,0.270588,1.066129,0.176876,0.024719,0.850488,-0.106954,0.015961,0.557869,0.218681,0.015965,0.681890,-0.092557,0.026394
0.840439,0.053989,0.255349,1.038319,0.142531,0.248642,1.021232,-0.065816,0.256670,0.659646,0.173795,0.254027,0.642558,-0.034552,0.262056,1.067196,0.176833,0.015979,0.865558,-0.107960,0.015970,0.559078,0.218503,0.015921,0.711377,-0.095199,0.018981
0.858387,0.051693,0.251291,1.056257,0.140247,0.244453,1.039178,-0.068121,0.251917,0.677596,0.171507,0.250665,0.660517,-0.036861,0.258129,1.067953,0.176740,0.016083,0.887412,-0.109659,0.018913,0.560080,0.218362,0.015909,0.712799,-0.095452,0.015977
0.875774,0.050364,0.251851,1.073633,0.138894,0.244406,1.056552,-0.069472,0.251920,0.694997,0.170199,0.251781,0.677916,-0.038167,0.259296,1.069007,0.176672,0.016119,0.907495,-0.111067,0.025033,0.577153,0.216982,0.015821,0.713947,-0.095532,0.015842
0.893269,0.050131,0.256802,1.091144,0.138614,0.249229,1.074036,-0.069718,0.257564,0.712502,0.169980,0.256039,0.695394,-0.038353,0.264374,1.070476,0.176616,0.015933,0.922147,-0.111781,0.035219,0.612617,0.214247,0.016746,0.714751,-0.095530,0.015719
0.911404,0.051014,0.264682,1.109314,0.139416,0.257083,1.092153,-0.068840,0.267049,0.730654,0.170868,0.262316,0.713493,-0.037388,0.272282,1.072169,0.176586,0.015775,0.938153,-0.112336,0.047011,0.658779,0.210857,0.020115,0.715244,-0.095471,0.015614
0.930000,0.052498,0.273412,1.127967,0.140787,0.265979,1.110709,-0.067356,0.277946,0.749292,0.172352,0.268877,0.732033,-0.035791,0.280844,1.073959,0.176571,0.015963,0.961120,-0.113313,0.057405,0.707625,0.207609,0.027489,0.715528,-0.095354,0.015594
0.948101,0.053879,0.280261,1.146225,0.141862,0.273418,1.128623,-0.066146,0.287107,0.767579,0.173904,0.273415,0.749977,-0.034105,0.287105,1.075725,0.176595,0.015964,0.992682,-0.115079,0.063344,0.753961,0.205256,0.037741,0.718294,-0.094993,0.015745
0.965134,0.055023,0.283692,1.163647,0.142153,0.277214,1.145128,-0.065692,0.292117,0.785139,0.175738,0.275267,0.766620,-0.032107,0.290170,1.094633,0.175276,0.015401,1.029521,-0.117558,0.063115,0.793846,0.204358,0.047234,0.730662,-0.094209,0.017375
0.981712,0.055717,0.284220,1.180983,0.141086,0.277545,1.160641,-0.066516,0.293420,0.802784,0.177951,0.275020,0.782442,-0.029651,0.290895,1.095905,0.175220,0.015963,1.068506,-0.121257,0.058436,0.827531,0.204163,0.050574,0.749123,-0.093128,0.017035
0.998215,0.055826,0.282591,1.198109,0.139684,0.275442,1.176237,-0.067692,0.292218,0.820193,0.179344,0.272965,0.798320,-0.028032,0.289741,1.097216,0.175172,0.015806,1.108820,-0.125691,0.054132,0.856531,0.203185,0.048287,0.756944,-0.091694,0.015615
1.014931,0.055271,0.280912,1.214873,0.139001,0.273583,1.192884,-0.068279,0.291367,0.836978,0.178821,0.270458,0.814989,-0.028458,0.288242,1.098536,0.175113,0.016000,1.151586,-0.130346,0.051538,0.887380,0.199675,0.041192,0.757717,-0.091642,0.015646
1.031921,0.054045,0.280296,1.231873,0.137780,0.273305,1.209859,-0.069454,0.291582,0.853984,0.177544,0.269010,0.831970,-0.029691,0.287288,1.100002,0.174982,0.016073,1.198074,-0.135190,0.052275,0.924414,0.195309,0.035061,0.758301,-0.091701,0.015681
1.048775,0.052443,0.278318,1.248730,0.136111,0.270653,1.226708,-0.071099,0.289194,0.870841,0.175984,0.267441,0.848820,-0.031226,0.285982,1.101408,0.174867,0.015994,1.237334,-0.139684,0.048140,0.961662,0.191177,0.032290,0.759205,-0.091774,0.015700
1.065659,0.050264,0.273513,1.265545,0.133948,0.264370,1.243674,-0.073294,0.282726,0.887643,0.173823,0.264299,0.865772,-0.033419,0.282655,1.108813,0.174362,0.015923,1.257850,-0.142712,0.033869,0.989420,0.187948,0.027058,0.762011,-0.091994,0.015696
1.082802,0.047270,0.265984,1.282576,0.131019,0.255149,1.260913,-0.076307,0.272783,0.904691,0.170847,0.259186,0.883028,-0.036480,0.276819,1.118015,0.173725,0.015889,1.260053,-0.143965,0.015450,1.001926,0.185849,0.015825,0.767653,-0.092489,0.015761
1.099174,0.044249,0.260397,1.298979,0.127911,0.249443,1.277219,-0.079470,0.266303,0.921130,0.167967,0.254492,0.899370,-0.039414,0.271352,1.144564,0.170973,0.015883,1.260373,-0.143915,0.015825,1.003426,0.185787,0.015949,0.777657,-0.093263,0.015855
1.115112,0.040722,0.259081,1.314982,0.124410,0.249616,1.293106,-0.083064,0.265139,0.937119,0.164507,0.253023,0.915242,-0.042966,0.268546,1.185421,0.166904,0.022474,1.261241,-0.144195,0.015696,1.004729,0.185476,0.016043,0.791607,-0.094643,0.016130
1.131111,0.036314,0.260634,1.331082,0.119991,0.253505,1.309001,-0.087616,0.266780,0.953221,0.160244,0.254488,0.931140,-0.047363,0.267764,1.231854,0.162032,0.029688,1.262333,-0.144500,0.015806,1.005874,0.185189,0.015945,0.808878,-0.095938,0.020992
1.147339,0.031345,0.264133,1.347385,0.115015,0.259448,1.325136,-0.092730,0.270017,0.969541,0.155420,0.258249,0.947292,-0.052325,0.268818,1.275793,0.157306,0.040382,1.263531,-0.144823,0.015989,1.006772,0.184866,0.015770,0.835088,-0.098499,0.024623
1.163704,0.026043,0.268679,1.363810,0.109664,0.266195,1.341411,-0.098192,0.273871,0.985997,0.150278,0.263488,0.963598,-0.057578,0.271164,1.315691,0.152665,0.051504,1.264879,-0.145212,0.016005,1.007461,0.184555,0.015623,0.870520,-0.102306,0.027066
1.180107,0.020634,0.273284,1.380245,0.104214,0.272706,1.357758,-0.103719,0.277500,1.002456,0.144986,0.269068,0.979969,-0.062946,0.273861,1.354199,0.147854,0.059990,1.266338,-0.145591,0.015858,1.008068,0.184266,0.015739,0.912399,-0.107035,0.027956
1.196465,0.015366,0.276924,1.396624,0.098892,0.277876,1.374075,-0.109079,0.279990,1.018854,0.139810,0.273858,0.996306,-0.068161,0.275973,1.393631,0.142780,0.065887,1.267771,-0.145957,0.015891,1.008559,0.184022,0.015875,0.956808,-0.112117,0.028130
1.212807,0.010466,0.278666,1.412967,0.093967,0.280753,1.390410,-0.114013,0.280514,1.035204,0.134944,0.276818,1.012646,-0.073036,0.276579,1.432719,0.137785,0.069299,1.269182,-0.146277,0.016004,1.009093,0.183792,0.015989,1.000812,-0.117184,0.027927
1.229187,0.006050,0.277761,1.429317,0.089606,0.280515,1.406839,-0.118372,0.278307,1.051535,0.130472,0.277216,1.029057,-0.077505,0.275008,1.467456,0.133454,0.068302,1.270471,-0.146565,0.015936,1.010327,0.183417,0.015900,1.041962,-0.121982,0.026737
1.245522,0.002142,0.273424,1.445565,0.085905,0.276155,1.423314,-0.122077,0.272529,1.067729,0.126361,0.274319,1.045478,-0.081621,0.270692,1.494477,0.130144,0.060723,1.271787,-0.147105,0.015806,1.015467,0.182175,0.015886,1.078159,-0.126527,0.023697
1.262054,-0.001209,0.265777,1.461989,0.082825,0.268114,1.440017,-0.125158,0.263123,1.084092,0.122740,0.268431,1.062120,-0.085243,0.263441,1.511027,0.128733,0.044180,1.274640,-0.147468,0.015761,1.023023,0.180969,0.015807,1.107395,-0.129821,0.016662
1.279213,-0.003254,0.256687,1.479426,0.080140,0.255482,1.456694,-0.127758,0.250321,1.101732,0.121250,0.263052,1.079000,-0.086647,0.257891,1.511801,0.128289,0.015587,1.279912,-0.148343,0.015853,1.030155,0.180949,0.015780,1.109181,-0.129669,0.015610
1.296104,-0.004658,0.250331,1.496235,0.078836,0.246131,1.473530,-0.129070,0.241218,1.118679,0.119755,0.259443,1.095974,-0.088152,0.254530,1.512004,0.128285,0.015948,1.292794,-0.149739,0.015818,1.040283,0.179804,0.015863,1.110569,-0.129838,0.015777
1.313179,-0.005745,0.249857,1.513299,0.077740,0.245032,1.490589,-0.130179,0.240755,1.135769,0.118689,0.258959,1.113059,-0.089230,0.254682,1.512986,0.128218,0.015921,1.317747,-0.152502,0.020604,1.053010,0.178317,0.022811,1.111653,-0.129893,0.015814
1.331070,-0.006109,0.255019,1.531202,0.077345,0.250153,1.508505,-0.130600,0.247262,1.153635,0.118381,0.262777,1.130938,-0.089564,0.259886,1.514456,0.128154,0.015890,1.343564,-0.155275,0.028211,1.077735,0.175587,0.032834,1.112331,-0.129866,0.015957
1.349770,-0.005913,0.263931,1.549908,0.077503,0.258661,1.527222,-0.130461,0.257634,1.172318,0.118636,0.270229,1.149632,-0.089328,0.269201,1.516202,0.128099,0.015878,1.369239,-0.157862,0.037910,1.116885,0.171536,0.040927,1.112514,-0.129748,0.015960
1.368683,-0.005718,0.273663,1.568838,0.077657,0.268414,1.546159,-0.130309,0.269141,1.191206,0.118872,0.278185,1.168528,-0.089094,0.278912,1.518043,0.128034,0.015863,1.400209,-0.160890,0.046597,1.162676,0.166907,0.050302,1.112461,-0.129618,0.015983
1.386520,-0.005707,0.280408,1.586885,0.077179,0.275400,1.563721,-0.130728,0.277092,1.209320,0.119314,0.283724,1.186156,-0.088592,0.285415,1.533532,0.126746,0.016078,1.437733,-0.164268,0.050335,1.205664,0.163646,0.061437,1.123544,-0.129529,0.017469
1.403519,-0.005703,0.283271,1.604424,0.075851,0.278043,1.579888,-0.131896,0.280055,1.227149,0.120490,0.286486,1.202614,-0.087257,0.288498,1.572660,0.122857,0.018484,1.476574,-0.167710,0.047935,1.238665,0.162808,0.070711,1.147207,-0.129069,0.021179
1.420448,-0.005808,0.282413,1.622160,0.073721,0.277047,1.595521,-0.133772,0.278404,1.245376,0.122156,0.286423,1.218737,-0.085337,0.287779,1.613123,0.119018,0.018993,1.514204,-0.170702,0.041952,1.263900,0.164205,0.072709,1.179078,-0.127815,0.020694
1.437859,-0.006199,0.277813,1.640624,0.070631,0.272853,1.611180,-0.136487,0.272744,1.264537,0.124089,0.282883,1.235093,-0.083028,0.282773,1.633029,0.117753,0.015952,1.549365,-0.173481,0.035415,1.286531,0.166984,0.066266,1.212868,-0.125634,0.015741
1.455719,-0.007528,0.272922,1.658781,0.068543,0.268445,1.628577,-0.138464,0.268806,1.282861,0.123408,0.277038,1.252657,-0.083600,0.277399,1.633892,0.117665,0.015860,1.582702,-0.178111,0.034682,1.310612,0.164901,0.054180,1.217273,-0.124826,0.015864
1.473709,-0.009333,0.271375,1.676795,0.066719,0.267704,1.646582,-0.140286,0.268695,1.300836,0.121621,0.274055,1.270623,-0.085384,0.275046,1.634993,0.117547,0.015919,1.612839,-0.182400,0.037386,1.338870,0.160914,0.046717,1.218234,-0.124909,0.015932
1.492043,-0.011419,0.273226,1.695141,0.064631,0.270329,1.664932,-0.142371,0.271761,1.319154,0.119533,0.274690,1.288944,-0.087470,0.276122,1.636406,0.117375,0.015924,1.642450,-0.186629,0.039679,1.374525,0.155793,0.044744,1.218773,-0.124962,0.015947
1.510475,-0.013868,0.275687,1.713577,0.062183,0.273062,1.683369,-0.144819,0.274660,1.337582,0.117082,0.276713,1.307373,-0.089919,0.278312,1.637982,0.117161,0.015913,1.671965,-0.190914,0.038084,1.414058,0.150065,0.045006,1.219113,-0.124998,0.015980
1.528572,-0.016645,0.275711,1.731721,0.059250,0.272306,1.701356,-0.147729,0.273756,1.355788,0.114438,0.277667,1.325423,-0.092541,0.279117,1.639338,0.116944,0.015860,1.695080,-0.194457,0.029480,1.449284,0.145023,0.043963,1.221850,-0.125128,0.015889
1.546654,-0.019741,0.272243,1.749930,0.055732,0.267350,1.719123,-0.151186,0.268030,1.374185,0.111704,0.276457,1.343378,-0.095214,0.277137,1.646917,0.116193,0.015908,1.702328,-0.195467,0.015626,1.472467,0.142236,0.037242,1.230914,-0.125281,0.015684
1.564888,-0.022163,0.267003,1.768148,0.053348,0.262051,1.737386,-0.153576,0.262962,1.392390,0.109249,0.271043,1.361628,-0.097675,0.271954,1.668541,0.113042,0.020308,1.703053,-0.195509,0.015880,1.479880,0.141081,0.018581,1.243371,-0.127173,0.015615
1.581947,-0.024761,0.263841,1.785228,0.050734,0.259518,1.754448,-0.156187,0.260383,1.409447,0.106665,0.267298,1.378667,-0.100257,0.268163,1.707070,0.107338,0.026755,1.704049,-0.195663,0.015880,1.481247,0.140884,0.015894,1.264535,-0.130286,0.015602
1.598801,-0.028370,0.264617,1.802080,0.047176,0.261212,1.771336,-0.159753,0.261238,1.426266,0.103013,0.267996,1.395522,-0.103916,0.268023,1.746715,0.101323,0.041733,1.705295,-0.195921,0.015876,1.482386,0.140592,0.015924,1.294111,-0.134829,0.022016
1.615875,-0.032553,0.268010,1.819181,0.042986,0.266704,1.788423,-0.163937,0.265439,1.443327,0.098832,0.270581,1.412569,-0.108091,0.269316,1.781279,0.095868,0.054447,1.706735,-0.196218,0.015915,1.483384,0.140386,0.015785,1.330655,-0.140389,0.028066
1.632973,-0.036953,0.272178,1.836278,0.038594,0.273172,1.805545,-0.168319,0.270504,1.460400,0.094413,0.273852,1.429668,-0.112500,0.271184,1.817270,0.090094,0.061883,1.708325,-0.196547,0.015809,1.484219,0.140158,0.015621,1.372635,-0.146863,0.029449
1.649963,-0.041286,0.275620,1.853251,0.034259,0.278481,1.822552,-0.172638,0.274476,1.477375,0.090065,0.276763,1.446676,-0.116832,0.272759,1.856616,0.083805,0.067167,1.709938,-0.196881,0.015990,1.484989,0.139944,0.015714,1.416506,-0.153605,0.029601
1.666885,-0.045340,0.277422,1.870158,0.030190,0.281495,1.839479,-0.176684,0.276355,1.494292,0.086005,0.278489,1.463613,-0.120869,0.273349,1.896597,0.077475,0.070424,1.711540,-0.197204,0.016047,1.485772,0.139754,0.015881,1.461196,-0.160415,0.029556
1.683731,-0.048994,0.276556,1.886997,0.026530,0.281061,1.856334,-0.180322,0.275027,1.511128,0.082334,0.278086,1.480465,-0.124518,0.272052,1.932864,0.071882,0.069039,1.713010,-0.197485,0.015955,1.486684,0.139569,0.015990,1.505396,-0.167099,0.029319
1.700531,-0.052242,0.272269,1.903819,0.023253,0.276210,1.873116,-0.183575,0.269574,1.527946,0.079091,0.274963,1.497243,-0.127737,0.268327,1.961013,0.067667,0.060116,1.715314,-0.197978,0.015768,1.489526,0.139074,0.016004,1.545264,-0.173123,0.027904
1.717712,-0.054924,0.264889,1.921013,0.020583,0.267850,1.890291,-0.186230,0.260841,1.545134,0.076382,0.268938,1.514412,-0.130431,0.261929,1.976114,0.066107,0.039620,1.722800,-0.199019,0.015778,1.494862,0.138397,0.016000,1.575751,-0.177383,0.021912
1.735703,-0.057051,0.255963,1.939041,0.018406,0.256859,1.908197,-0.188391,0.249903,1.563208,0.074289,0.262022,1.532364,-0.132507,0.255067,1.975676,0.067026,0.015852,1.733870,-0.200493,0.015789,1.496625,0.138476,0.015930,1.586636,-0.178535,0.015867
1.753464,-0.058931,0.249996,1.956748,0.016668,0.248838,1.925984,-0.190157,0.242400,1.580944,0.072295,0.257592,1.550179,-0.134531,0.251154,1.975991,0.067029,0.015899,1.759444,-0.204299,0.015676,1.499414,0.137920,0.015795,1.588191,-0.178826,0.015663
1.771141,-0.060028,0.249220,1.974409,0.015602,0.247436,1.943681,-0.191264,0.242257,1.598602,0.071208,0.256182,1.567873,-0.135658,0.251004,1.976940,0.066986,0.015856,1.781100,-0.207552,0.021567,1.513893,0.135768,0.015916,1.589441,-0.178935,0.015695
1.789223,-0.060295,0.253512,1.992492,0.015328,0.251487,1.961786,-0.191583,0.248371,1.616659,0.070993,0.258652,1.585954,-0.135918,0.255537,1.978319,0.066932,0.015845,1.802518,-0.210602,0.029301,1.539985,0.131904,0.020942,1.590349,-0.178913,0.015819
1.808044,-0.059860,0.261557,2.011318,0.015738,0.259104,1.980623,-0.191197,0.258637,1.635466,0.071477,0.264476,1.604771,-0.135459,0.264009,1.980044,0.066873,0.015862,1.824578,-0.213504,0.039510,1.577062,0.126622,0.027496,1.590848,-0.178781,0.015819
1.827293,-0.059069,0.271181,2.030575,0.016490,0.268211,1.999875,-0.190432,0.270550,1.654712,0.072295,0.271812,1.624012,-0.134627,0.274151,1.981876,0.066812,0.015843,1.851040,-0.216797,0.049724,1.620598,0.120651,0.036894,1.591038,-0.178605,0.015909
1.845955,-0.058456,0.279108,2.049367,0.016744,0.275992,2.018326,-0.190088,0.280642,1.673584,0.073175,0.277575,1.642543,-0.133657,0.282225,1.983630,0.066735,0.016001,1.884521,-0.221022,0.056250,1.665037,0.115274,0.048329,1.595090,-0.178491,0.015994
1.863350,-0.058004,0.283411,2.067117,0.016213,0.279940,2.035098,-0.190428,0.286184,1.691602,0.074419,0.280639,1.659583,-0.132222,0.286882,2.012324,0.062767,0.016858,1.921724,-0.225800,0.056952,1.703908,0.111833,0.059140,1.611342,-0.178857,0.018882
1.880333,-0.057632,0.284021,2.084632,0.015091,0.280252,2.051114,-0.191300,0.286863,1.709552,0.076035,0.281179,1.676034,-0.130356,0.287790,2.058485,0.056985,0.017383,1.958997,-0.229892,0.053249,1.732548,0.111436,0.064749,1.634978,-0.178292,0.021368
1.897614,-0.057455,0.280865,2.102658,0.013143,0.277129,2.066990,-0.192910,0.283012,1.728237,0.078000,0.278718,1.692569,-0.128053,0.284600,2.097131,0.052770,0.015309,1.993771,-0.233104,0.047459,1.753966,0.113500,0.061889,1.664288,-0.176893,0.018699
1.915298,-0.058208,0.275545,2.121408,0.009267,0.272912,2.082585,-0.196215,0.278803,1.748012,0.079798,0.272287,1.709188,-0.125684,0.278177,2.097980,0.052595,0.015806,2.026260,-0.238569,0.044263,1.775322,0.114551,0.050435,1.684387,-0.174793,0.015769
1.933174,-0.059465,0.272219,2.139310,0.007940,0.269822,2.100412,-0.197473,0.277374,1.765936,0.078542,0.267063,1.727038,-0.126871,0.274615,2.098945,0.052535,0.015880,2.054371,-0.243556,0.045814,1.798661,0.110207,0.037894,1.685550,-0.174817,0.015835
1.951111,-0.060970,0.273233,2.157258,0.006420,0.271430,2.118316,-0.198927,0.280409,1.783906,0.076987,0.266057,1.744964,-0.128361,0.275036,2.100206,0.052375,0.016032,2.082174,-0.248514,0.048561,1.829764,0.104352,0.031828,1.686229,-0.174857,0.015854
1.969101,-0.062756,0.277334,2.175246,0.004654,0.276123,2.136285,-0.200640,0.286187,1.801916,0.075129,0.268480,1.762956,-0.130165,0.278544,2.101782,0.052158,0.015991,2.114065,-0.254205,0.052264,1.867923,0.097400,0.033550,1.686491,-0.174845,0.015881
1.986732,-0.064762,0.280513,2.192934,0.002465,0.278945,2.153803,-0.202755,0.289811,1.819661,0.073231,0.271215,1.780531,-0.131990,0.282081,2.103386,0.051939,0.015805,2.145624,-0.260123,0.051902,1.906495,0.090652,0.037903,1.689044,-0.174976,0.015795
