0.007950,-0.007675,0.339589,0.196999,0.098555,0.335525,0.198884,-0.110503,0.342990,-0.182985,0.095153,0.336187,-0.181100,-0.113905,0.343653,0.168156,0.135439,0.102066,0.205073,-0.162230,0.166507,-0.166812,0.133438,0.130600,-0.163483,-0.165675,0.163083
0.011299,-0.011909,0.326946,0.199651,0.095490,0.321451,0.202889,-0.113546,0.329080,-0.180290,0.089727,0.324811,-0.177053,-0.119309,0.332440,0.205102,0.133088,0.103032,0.200690,-0.165916,0.141376,-0.136519,0.127779,0.102551,-0.134625,-0.171759,0.123603
0.014521,-0.016342,0.309154,0.202272,0.092122,0.304061,0.206672,-0.116920,0.310894,-0.177631,0.084236,0.307414,-0.173231,-0.124807,0.314247,0.231183,0.131472,0.097747,0.199975,-0.168750,0.121047,-0.109434,0.123884,0.084959,-0.113510,-0.175979,0.101763
0.018084,-0.020721,0.287320,0.205407,0.088516,0.283066,0.210636,-0.120524,0.289357,-0.174469,0.079081,0.285284,-0.169240,-0.129959,0.291574,0.248228,0.129117,0.085189,0.202153,-0.171943,0.099219,-0.087329,0.120171,0.066823,-0.099116,-0.180059,0.079922
0.022442,-0.025124,0.261659,0.209408,0.084773,0.258869,0.215324,-0.124271,0.264377,-0.170440,0.074024,0.258942,-0.164524,-0.135020,0.264450,0.255225,0.126361,0.061788,0.194869,-0.175448,0.070288,-0.069310,0.116687,0.043212,-0.088717,-0.183948,0.052292
0.027309,-0.029457,0.232031,0.214079,0.080804,0.231021,0.220361,-0.128259,0.235271,-0.165742,0.069345,0.228791,-0.159460,-0.139718,0.233041,0.255523,0.123479,0.031794,0.186730,-0.178692,0.041344,-0.058117,0.113736,0.016166,-0.082176,-0.187221,0.019289
0.032272,-0.032600,0.202804,0.219118,0.077506,0.200264,0.225247,-0.131599,0.201741,-0.160703,0.066398,0.203867,-0.154573,-0.142707,0.205344,0.251607,0.122627,0.015895,0.171621,-0.179955,0.015804,-0.057029,0.113580,0.015906,-0.080879,-0.187356,0.015875
0.038740,-0.033836,0.180349,0.225550,0.076292,0.176490,0.231689,-0.132818,0.176521,-0.154209,0.065145,0.184178,-0.148070,-0.143965,0.184209,0.250516,0.122471,0.015831,0.171547,-0.180076,0.015875,-0.056133,0.113469,0.015915,-0.079793,-0.187455,0.015659
0.046661,-0.034065,0.162770,0.233481,0.076083,0.160108,0.239632,-0.133026,0.159555,-0.146309,0.064895,0.165985,-0.140158,-0.144213,0.165433,0.250153,0.122425,0.015780,0.172097,-0.180103,0.015982,-0.055269,0.113440,0.015892,-0.078696,-0.187480,0.015852
0.055222,-0.033775,0.148323,0.242053,0.076381,0.147520,0.248219,-0.132727,0.146998,-0.137776,0.065177,0.149647,-0.131610,-0.143932,0.149125,0.250240,0.122421,0.015802,0.172945,-0.180090,0.015993,-0.054432,0.113438,0.015834,-0.077622,-0.187478,0.016061
0.064207,-0.033363,0.136344,0.251034,0.076796,0.137629,0.257208,-0.132312,0.137300,-0.128794,0.065586,0.135389,-0.122620,-0.143523,0.135060,0.250681,0.122447,0.015871,0.173979,-0.180049,0.015897,-0.053592,0.113464,0.015700,-0.076542,-0.187445,0.016057
0.073435,-0.033127,0.126970,0.260240,0.077022,0.130451,0.266409,-0.132086,0.129992,-0.119540,0.065832,0.123949,-0.113370,-0.143276,0.123490,0.251440,0.122484,0.015942,0.175056,-0.180000,0.015788,-0.052711,0.113512,0.015662,-0.075392,-0.187390,0.016056
0.082758,-0.032928,0.120432,0.269522,0.077210,0.125886,0.275690,-0.131898,0.125254,-0.110174,0.066041,0.115609,-0.104006,-0.143067,0.114978,0.252419,0.122507,0.015987,0.176130,-0.179975,0.015890,-0.051748,0.113536,0.015808,-0.074073,-0.187355,0.016046
0.092073,-0.032707,0.117004,0.278804,0.077406,0.123940,0.284953,-0.131702,0.123215,-0.100806,0.066288,0.110792,-0.094657,-0.142821,0.110068,0.253516,0.122506,0.015971,0.177127,-0.179971,0.015863,-0.050673,0.113560,0.016003,-0.072683,-0.187318,0.015995
0.101341,-0.032425,0.116942,0.288053,0.077665,0.124682,0.294183,-0.131443,0.123918,-0.091500,0.066594,0.109966,-0.085371,-0.142515,0.109201,0.254646,0.122553,0.015995,0.178024,-0.179923,0.015790,-0.049483,0.113638,0.016026,-0.071297,-0.187232,0.015918
0.110556,-0.032104,0.120508,0.297284,0.077964,0.128175,0.303386,-0.131146,0.127475,-0.082274,0.066937,0.113541,-0.076172,-0.142173,0.112841,0.255753,0.122597,0.016122,0.178800,-0.179877,0.015813,-0.048259,0.113725,0.015955,-0.070110,-0.187142,0.016023
0.119745,-0.031853,0.128039,0.306517,0.078204,0.134747,0.312602,-0.130906,0.134035,-0.073111,0.067200,0.122044,-0.067026,-0.141910,0.121332,0.256854,0.122633,0.016052,0.179498,-0.179847,0.015858,-0.047074,0.113789,0.015914,-0.069265,-0.187086,0.015981
0.128994,-0.031639,0.139837,0.315807,0.078428,0.145061,0.321895,-0.130683,0.144373,-0.063907,0.067404,0.135301,-0.057819,-0.141706,0.134613,0.257929,0.122637,0.015894,0.180149,-0.179857,0.015928,-0.046201,0.113782,0.015856,-0.068895,-0.187108,0.015935
0.138264,-0.031120,0.156266,0.325096,0.078965,0.160281,0.331191,-0.130146,0.159995,-0.054664,0.067906,0.152538,-0.048569,-0.141205,0.152251,0.259013,0.122706,0.015774,0.180777,-0.179803,0.015993,-0.048348,0.113743,0.018164,-0.069033,-0.187084,0.015971
0.146738,-0.030540,0.176716,0.333593,0.079561,0.178699,0.339698,-0.129550,0.178865,-0.046222,0.068469,0.174567,-0.040117,-0.140642,0.174733,0.260063,0.122755,0.015822,0.181464,-0.179768,0.016000,-0.065478,0.113264,0.032890,-0.069797,-0.187103,0.016024
0.155542,-0.029945,0.200991,0.342399,0.080171,0.200933,0.348522,-0.128939,0.201428,-0.037438,0.069048,0.200553,-0.031314,-0.140062,0.201049,0.261283,0.122827,0.015984,0.185699,-0.179614,0.016571,-0.086073,0.112739,0.051271,-0.070945,-0.187131,0.016002
0.165846,-0.029449,0.227861,0.352679,0.080705,0.227270,0.358847,-0.128403,0.227888,-0.027155,0.069504,0.227833,-0.020988,-0.139604,0.228451,0.262875,0.122902,0.015880,0.201846,-0.179118,0.020142,-0.102907,0.112268,0.068339,-0.072385,-0.187219,0.015884
0.177073,-0.029663,0.254020,0.363872,0.080535,0.255833,0.370087,-0.128572,0.255958,-0.015941,0.069246,0.252082,-0.009727,-0.139862,0.252206,0.264960,0.122923,0.015885,0.231037,-0.178310,0.029077,-0.111668,0.111768,0.078528,-0.076348,-0.187451,0.018758
0.187695,-0.030045,0.275330,0.374522,0.080064,0.278879,0.380637,-0.129046,0.278921,-0.005248,0.068957,0.271740,0.000867,-0.140154,0.271781,0.287156,0.122928,0.026163,0.271581,-0.177752,0.040599,-0.111759,0.111273,0.079936,-0.082029,-0.188095,0.031707
0.197588,-0.030411,0.292085,0.384482,0.079549,0.296605,0.390425,-0.129566,0.296898,0.004751,0.068744,0.287273,0.010694,-0.140371,0.287566,0.316383,0.122720,0.037973,0.309701,-0.177675,0.049929,-0.105711,0.110783,0.080131,-0.082266,-0.188819,0.046412
0.206974,-0.030838,0.304466,0.393927,0.078999,0.309504,0.399729,-0.130120,0.309943,0.014219,0.068444,0.298988,0.020021,-0.140675,0.299427,0.345860,0.122585,0.048172,0.343132,-0.177685,0.058134,-0.094671,0.110431,0.079745,-0.076969,-0.189338,0.059002
0.216030,-0.031265,0.312517,0.403027,0.078494,0.317620,0.408740,-0.130627,0.318104,0.023320,0.068097,0.306930,0.029033,-0.141025,0.307414,0.373207,0.122541,0.056286,0.370967,-0.177713,0.064882,-0.078763,0.110245,0.078166,-0.065628,-0.189633,0.067563
0.224829,-0.031654,0.316257,0.411853,0.078072,0.321087,0.417528,-0.131051,0.321576,0.032129,0.067742,0.310939,0.037804,-0.141380,0.311427,0.397112,0.122533,0.061900,0.392769,-0.177779,0.069342,-0.058237,0.110206,0.075194,-0.048452,-0.189748,0.071745
0.233448,-0.032104,0.315671,0.420464,0.077654,0.320063,0.426178,-0.131468,0.320512,0.040719,0.067259,0.310829,0.046432,-0.141863,0.311279,0.417719,0.122497,0.064724,0.409264,-0.177933,0.071115,-0.032996,0.110195,0.070565,-0.026100,-0.189826,0.072192
0.241852,-0.032562,0.310703,0.428805,0.077320,0.314644,0.434660,-0.131797,0.314994,0.049043,0.066673,0.306412,0.054899,-0.142445,0.306762,0.436081,0.122574,0.064730,0.422006,-0.178029,0.070352,-0.002609,0.110289,0.064199,0.000792,-0.189824,0.069861
0.250061,-0.033035,0.301245,0.436900,0.077051,0.304896,0.442987,-0.132060,0.305079,0.057135,0.065990,0.297411,0.063222,-0.143121,0.297594,0.453118,0.122779,0.062187,0.432688,-0.178038,0.067681,0.033040,0.110546,0.056526,0.031841,-0.189708,0.065677
0.258177,-0.033531,0.287168,0.444893,0.076760,0.290933,0.451214,-0.132344,0.290865,0.065139,0.065282,0.283471,0.071461,-0.143822,0.283402,0.469355,0.123047,0.057777,0.442847,-0.177994,0.064033,0.072234,0.111044,0.048682,0.066293,-0.189376,0.060538
0.266405,-0.034042,0.268369,0.453034,0.076365,0.272936,0.459497,-0.132734,0.272445,0.073313,0.064650,0.264293,0.079776,-0.144450,0.263802,0.485671,0.123362,0.052962,0.453476,-0.177893,0.059880,0.111499,0.111824,0.042034,0.102702,-0.188725,0.055798
0.275021,-0.034554,0.244963,0.461617,0.075827,0.251203,0.468077,-0.133270,0.250019,0.081964,0.064163,0.239906,0.088424,-0.144934,0.238722,0.502124,0.123700,0.048316,0.465767,-0.177712,0.055440,0.145605,0.112751,0.036780,0.137794,-0.187822,0.051686
0.284044,-0.035011,0.217836,0.470624,0.075293,0.225726,0.477021,-0.133804,0.224237,0.091067,0.063782,0.211435,0.097465,-0.145315,0.209946,0.519214,0.123566,0.041115,0.483742,-0.177840,0.051257,0.173996,0.113093,0.028649,0.168954,-0.187400,0.041387
0.293861,-0.035606,0.193073,0.480324,0.074686,0.203495,0.486768,-0.134403,0.201273,0.100954,0.063190,0.184874,0.107399,-0.145899,0.182652,0.519586,0.123363,0.015993,0.474386,-0.178289,0.015936,0.190122,0.113208,0.016025,0.197550,-0.186822,0.015940
0.303843,-0.035568,0.173585,0.490267,0.074674,0.185151,0.496702,-0.134409,0.182360,0.110983,0.063272,0.164809,0.117418,-0.145810,0.162018,0.518641,0.123282,0.015911,0.474436,-0.178349,0.016019,0.191250,0.113208,0.015758,0.198647,-0.186832,0.015712
0.313868,-0.034874,0.157726,0.500314,0.075361,0.168997,0.506724,-0.133725,0.166444,0.121011,0.063977,0.149008,0.127421,-0.145109,0.146455,0.518390,0.123260,0.015850,0.474822,-0.178342,0.016088,0.192306,0.113266,0.015612,0.199703,-0.186771,0.015627
0.323935,-0.034317,0.144180,0.510385,0.075947,0.155110,0.516813,-0.133141,0.152715,0.131056,0.064507,0.135646,0.137485,-0.144581,0.133251,0.518481,0.123265,0.015860,0.475414,-0.178322,0.016043,0.193360,0.113270,0.015787,0.200772,-0.186766,0.016017
0.334032,-0.034058,0.132560,0.520491,0.076206,0.143345,0.526932,-0.132878,0.140649,0.141132,0.064762,0.124472,0.147573,-0.144321,0.121776,0.518910,0.123276,0.015906,0.476186,-0.178309,0.016006,0.194438,0.113279,0.015949,0.201861,-0.186761,0.016052
0.344076,-0.034058,0.122947,0.530547,0.076169,0.133891,0.536986,-0.132903,0.130452,0.151166,0.064788,0.115442,0.157605,-0.144285,0.112003,0.519643,0.123251,0.015969,0.477335,-0.178337,0.016073,0.195587,0.113269,0.016048,0.203034,-0.186787,0.016211
0.353876,-0.034004,0.115561,0.540349,0.076181,0.126892,0.546785,-0.132878,0.122724,0.160967,0.064870,0.108398,0.167404,-0.144189,0.104229,0.520584,0.123263,0.016040,0.478597,-0.178331,0.016023,0.196809,0.113295,0.016036,0.204287,-0.186779,0.016163
0.363405,-0.033905,0.110852,0.549866,0.076266,0.122506,0.556319,-0.132782,0.117824,0.170491,0.064972,0.103880,0.176944,-0.144076,0.099198,0.521644,0.123264,0.015937,0.479790,-0.178348,0.016026,0.198171,0.113279,0.015939,0.205728,-0.186808,0.016061
0.372707,-0.033836,0.109073,0.559188,0.076297,0.120772,0.565625,-0.132739,0.115568,0.179790,0.065066,0.102579,0.186227,-0.143970,0.097374,0.522747,0.123267,0.016102,0.480887,-0.178353,0.015925,0.199582,0.113320,0.015890,0.207241,-0.186782,0.015988
0.381842,-0.033852,0.110379,0.568360,0.076274,0.121539,0.574792,-0.132751,0.115875,0.188891,0.065047,0.104883,0.195324,-0.143977,0.099218,0.523880,0.123253,0.016005,0.481838,-0.178386,0.015761,0.200904,0.113316,0.015903,0.208704,-0.186801,0.016094
0.390965,-0.034065,0.115008,0.577552,0.076057,0.124982,0.583968,-0.132948,0.118626,0.197961,0.064818,0.111390,0.204377,-0.144187,0.105033,0.524934,0.123244,0.016137,0.482703,-0.178422,0.015811,0.201999,0.113335,0.016005,0.209939,-0.186804,0.016107
0.400173,-0.034492,0.123100,0.586831,0.075659,0.131277,0.593236,-0.133320,0.124112,0.207111,0.064335,0.122087,0.213516,-0.144644,0.114922,0.525976,0.123245,0.015977,0.483460,-0.178468,0.015743,0.202714,0.113336,0.016004,0.210814,-0.186833,0.016017
0.409409,-0.035118,0.134892,0.596123,0.075063,0.141134,0.602495,-0.133890,0.133214,0.216322,0.063654,0.136570,0.222694,-0.145299,0.128651,0.526986,0.123203,0.015941,0.484104,-0.178553,0.015762,0.202988,0.113320,0.016011,0.211244,-0.186883,0.016022
0.418718,-0.035385,0.150545,0.605447,0.074845,0.155345,0.611812,-0.134110,0.147481,0.225625,0.063340,0.153610,0.231990,-0.145615,0.145746,0.527959,0.123233,0.015977,0.484729,-0.178531,0.015838,0.202828,0.113291,0.016980,0.211166,-0.186871,0.016036
0.427780,-0.035187,0.170346,0.614487,0.075098,0.174694,0.620893,-0.133886,0.167654,0.234668,0.063512,0.173038,0.241073,-0.145471,0.165998,0.528952,0.123319,0.015996,0.485358,-0.178426,0.015942,0.195379,0.112689,0.028055,0.210627,-0.186857,0.016230
0.436563,-0.034973,0.194069,0.623256,0.075351,0.198009,0.629689,-0.133656,0.191741,0.243438,0.063710,0.196398,0.249871,-0.145297,0.190129,0.530077,0.123437,0.015899,0.486188,-0.178295,0.016029,0.182523,0.111759,0.048616,0.209595,-0.186813,0.016237
0.446335,-0.034698,0.221206,0.633003,0.075680,0.224781,0.639482,-0.133347,0.219259,0.253188,0.063950,0.223152,0.259667,-0.145077,0.217631,0.531571,0.123542,0.015852,0.491340,-0.178093,0.017345,0.170127,0.111065,0.064077,0.208194,-0.186831,0.015899
0.457052,-0.035103,0.248295,0.643696,0.075246,0.253604,0.650195,-0.133780,0.248077,0.263910,0.063574,0.248513,0.270408,-0.145452,0.242987,0.533622,0.123598,0.015865,0.511669,-0.177613,0.022598,0.163286,0.110601,0.071990,0.205753,-0.186984,0.017359
0.467505,-0.035751,0.270548,0.654175,0.074472,0.277342,0.660582,-0.134549,0.271551,0.274427,0.063047,0.269546,0.280834,-0.145975,0.263754,0.554749,0.123892,0.025470,0.546282,-0.176956,0.033858,0.163678,0.110573,0.073461,0.199185,-0.187474,0.029408
0.477346,-0.036385,0.288067,0.664054,0.073725,0.295648,0.670358,-0.135301,0.289884,0.284335,0.062532,0.286250,0.290639,-0.146494,0.280486,0.585019,0.123941,0.037768,0.580506,-0.176716,0.043914,0.169290,0.110353,0.075801,0.196653,-0.188300,0.044197
0.486660,-0.037018,0.301248,0.673439,0.072942,0.309232,0.679588,-0.136088,0.303468,0.293732,0.062052,0.299027,0.299881,-0.146978,0.293263,0.614590,0.123900,0.048042,0.611367,-0.176651,0.052102,0.178865,0.110232,0.078831,0.200191,-0.188877,0.056800
0.495615,-0.037651,0.310118,0.682495,0.072141,0.318036,0.688456,-0.136893,0.312209,0.302774,0.061591,0.308027,0.308735,-0.147443,0.302200,0.641550,0.123757,0.056241,0.637766,-0.176758,0.058683,0.192488,0.110270,0.080688,0.209991,-0.189145,0.065452
0.504313,-0.038307,0.314702,0.691313,0.071312,0.322167,0.697069,-0.137724,0.316219,0.311556,0.061110,0.313185,0.317312,-0.147926,0.307237,0.664801,0.123471,0.061969,0.659083,-0.177052,0.063063,0.210440,0.110433,0.080462,0.225703,-0.189182,0.069925
0.512808,-0.038956,0.314988,0.699917,0.070521,0.321779,0.705497,-0.138513,0.315623,0.320119,0.060602,0.314352,0.325699,-0.148433,0.308196,0.684468,0.123159,0.064951,0.675639,-0.177412,0.064911,0.233062,0.110733,0.077728,0.246479,-0.189043,0.070857
0.521099,-0.039635,0.310928,0.708273,0.069774,0.316988,0.713757,-0.139253,0.310501,0.328441,0.059984,0.311355,0.333925,-0.149043,0.304868,0.701654,0.122905,0.065102,0.688632,-0.177761,0.064332,0.260789,0.111109,0.072515,0.271501,-0.188851,0.069071
0.529133,-0.040298,0.302421,0.716318,0.069126,0.307821,0.721801,-0.139887,0.300874,0.336465,0.059290,0.303968,0.341948,-0.149723,0.297021,0.717823,0.122802,0.062753,0.699800,-0.178012,0.061920,0.294054,0.111598,0.065375,0.300502,-0.188602,0.065371
0.536945,-0.040970,0.289328,0.724122,0.068489,0.294304,0.729631,-0.140502,0.286761,0.344259,0.058562,0.291895,0.349769,-0.150429,0.284353,0.734137,0.122752,0.058679,0.711439,-0.178257,0.059001,0.332101,0.112202,0.057347,0.333298,-0.188275,0.060345
0.544697,-0.041626,0.271530,0.731901,0.067784,0.276561,0.737361,-0.141181,0.268295,0.352033,0.057929,0.274764,0.357493,-0.151036,0.266499,0.751602,0.122588,0.054406,0.724839,-0.178625,0.056333,0.372355,0.112850,0.050030,0.369035,-0.187870,0.054992
0.552633,-0.042229,0.249021,0.739933,0.066974,0.254912,0.745207,-0.141958,0.245737,0.360060,0.057500,0.252305,0.365334,-0.151432,0.243130,0.770606,0.122190,0.051503,0.739714,-0.179157,0.053367,0.409853,0.113380,0.044770,0.405367,-0.187474,0.050595
0.560955,-0.042763,0.222556,0.748376,0.066160,0.229663,0.753404,-0.142748,0.219826,0.368506,0.057223,0.225286,0.373534,-0.151686,0.215448,0.790540,0.121292,0.046961,0.758846,-0.180131,0.049956,0.441485,0.113284,0.038592,0.438856,-0.187470,0.042238
0.570475,-0.043015,0.197840,0.757817,0.065803,0.207978,0.762895,-0.143092,0.197902,0.378054,0.057063,0.197778,0.383133,-0.151833,0.187701,0.791115,0.121390,0.015990,0.753896,-0.180063,0.016215,0.467156,0.113515,0.015969,0.469115,-0.186974,0.015953
0.580215,-0.041946,0.178144,0.767450,0.066813,0.190623,0.772596,-0.142075,0.180439,0.387835,0.058182,0.175850,0.392981,-0.150706,0.165665,0.790594,0.121414,0.016030,0.751813,-0.180079,0.015830,0.468433,0.113494,0.015699,0.470343,-0.187000,0.015564
0.589952,-0.040375,0.162430,0.777137,0.068386,0.175629,0.782294,-0.140536,0.166153,0.397611,0.059786,0.158707,0.402768,-0.149135,0.149230,0.790413,0.121467,0.015968,0.752246,-0.179971,0.015871,0.469559,0.113562,0.015640,0.471405,-0.186896,0.015729
0.599716,-0.039055,0.148901,0.786870,0.069718,0.162433,0.792028,-0.139231,0.153590,0.407404,0.061121,0.144212,0.412563,-0.147828,0.135369,0.790517,0.121511,0.015978,0.752882,-0.179878,0.015979,0.470630,0.113621,0.015815,0.472455,-0.186799,0.015945
0.609571,-0.038216,0.137004,0.796712,0.070555,0.150729,0.801871,-0.138399,0.142014,0.417271,0.061968,0.131994,0.422431,-0.146987,0.123279,0.790905,0.121535,0.015991,0.753778,-0.179836,0.016040,0.471711,0.113654,0.015994,0.473563,-0.186761,0.016181
0.619360,-0.037735,0.126910,0.806502,0.071018,0.140763,0.811661,-0.137924,0.131755,0.427059,0.062454,0.122066,0.432218,-0.146488,0.113058,0.791549,0.121534,0.016002,0.754774,-0.179846,0.016030,0.472828,0.113659,0.016089,0.474707,-0.186769,0.016193
0.628948,-0.037346,0.118900,0.816100,0.071375,0.132873,0.821246,-0.137552,0.123520,0.436650,0.062860,0.114281,0.441797,-0.146067,0.104928,0.792400,0.121533,0.016001,0.755976,-0.179860,0.016087,0.473983,0.113686,0.016065,0.475990,-0.186759,0.016137
0.638290,-0.037041,0.113502,0.825441,0.071678,0.127510,0.830602,-0.137235,0.117834,0.445979,0.063153,0.109170,0.451140,-0.145759,0.099493,0.793373,0.121568,0.015898,0.757201,-0.179849,0.016110,0.475266,0.113707,0.015951,0.477417,-0.186755,0.015991
0.647444,-0.036865,0.111056,0.834613,0.071859,0.124765,0.839775,-0.137042,0.114843,0.455112,0.063312,0.107268,0.460275,-0.145589,0.097346,0.794419,0.121547,0.015997,0.758329,-0.179876,0.016020,0.476592,0.113700,0.015838,0.478920,-0.186775,0.015897
0.656498,-0.036842,0.111793,0.843716,0.071895,0.124700,0.848862,-0.136992,0.114487,0.464134,0.063307,0.109099,0.469280,-0.145580,0.098887,0.795486,0.121532,0.016147,0.759317,-0.179893,0.015838,0.477846,0.113722,0.015850,0.480383,-0.186779,0.016152
0.665617,-0.037041,0.115925,0.852918,0.071717,0.127373,0.858019,-0.137150,0.116751,0.473215,0.063069,0.115099,0.478316,-0.145799,0.104477,0.796521,0.121526,0.016001,0.760194,-0.179926,0.015758,0.478906,0.113771,0.015983,0.481617,-0.186749,0.016158
0.674820,-0.037567,0.123587,0.862198,0.071250,0.133036,0.867261,-0.137590,0.121867,0.482379,0.062456,0.125306,0.487442,-0.146385,0.114137,0.797533,0.121476,0.015899,0.760966,-0.180017,0.015694,0.479617,0.113761,0.016043,0.482488,-0.186784,0.016001
0.684067,-0.038254,0.135058,0.871477,0.070671,0.142405,0.876537,-0.138142,0.130727,0.491597,0.061634,0.139389,0.496656,-0.147178,0.127711,0.798476,0.121502,0.016058,0.761627,-0.180029,0.015719,0.479915,0.113784,0.016036,0.482867,-0.186795,0.015923
0.693443,-0.038780,0.150512,0.880851,0.070241,0.156328,0.885923,-0.138579,0.144795,0.500963,0.061019,0.156228,0.506035,-0.147801,0.144696,0.799419,0.121545,0.016009,0.762238,-0.179992,0.015804,0.479682,0.113713,0.017197,0.482779,-0.186791,0.015999
0.702684,-0.039024,0.170224,0.890074,0.070053,0.175544,0.895181,-0.138807,0.164762,0.510188,0.060758,0.175685,0.515294,-0.148102,0.164903,0.800419,0.121621,0.016006,0.762860,-0.179882,0.015918,0.471288,0.112858,0.029872,0.482202,-0.186752,0.016073
0.711763,-0.039177,0.194077,0.899137,0.069946,0.199001,0.904274,-0.138958,0.189143,0.519252,0.060604,0.199012,0.524389,-0.148300,0.189154,0.801554,0.121702,0.015878,0.763690,-0.179760,0.016028,0.457955,0.111558,0.051814,0.481152,-0.186720,0.016290
0.721804,-0.039131,0.221482,0.909153,0.070049,0.226090,0.914338,-0.138901,0.217269,0.529269,0.060638,0.225696,0.534455,-0.148311,0.216874,0.803093,0.121801,0.015773,0.767584,-0.179585,0.016834,0.445795,0.110726,0.068070,0.479686,-0.186691,0.015931
0.732603,-0.039688,0.248574,0.919871,0.069536,0.255071,0.925191,-0.139424,0.246560,0.540016,0.060047,0.250588,0.545336,-0.148912,0.242077,0.805164,0.121856,0.015972,0.784568,-0.179306,0.020698,0.439499,0.110149,0.074844,0.475529,-0.187120,0.019372
0.742987,-0.040443,0.270481,0.930172,0.068845,0.278171,0.935617,-0.140115,0.269741,0.550357,0.059228,0.271222,0.555802,-0.149731,0.262791,0.828645,0.121889,0.025649,0.818637,-0.179060,0.031662,0.440004,0.109745,0.075635,0.468009,-0.188245,0.032865
0.752766,-0.041153,0.287685,0.939914,0.068160,0.295892,0.945404,-0.140810,0.287749,0.560127,0.058504,0.287620,0.565617,-0.150465,0.279477,0.859605,0.121634,0.037112,0.851657,-0.179185,0.041703,0.445080,0.109155,0.077887,0.466347,-0.189509,0.046871
0.762045,-0.041870,0.300536,0.949216,0.067395,0.308859,0.954652,-0.141586,0.301005,0.569438,0.057846,0.300067,0.574874,-0.151136,0.292213,0.889102,0.121183,0.046683,0.881113,-0.179560,0.049924,0.453913,0.108576,0.080886,0.471199,-0.190542,0.058393
0.770971,-0.042603,0.309084,0.958207,0.066580,0.317034,0.963529,-0.142415,0.309465,0.578414,0.057210,0.308703,0.583736,-0.151785,0.301135,0.915516,0.120505,0.054235,0.906360,-0.180199,0.056339,0.466905,0.108053,0.082597,0.482253,-0.191353,0.066093
0.779623,-0.043312,0.313351,0.966944,0.065778,0.320526,0.972126,-0.143230,0.313227,0.587120,0.056606,0.313475,0.592302,-0.152402,0.306176,0.938042,0.119674,0.059380,0.927027,-0.181012,0.060465,0.484470,0.107635,0.082066,0.498997,-0.191958,0.069992
0.788052,-0.044014,0.313315,0.975443,0.065016,0.319493,0.980516,-0.144002,0.312394,0.595587,0.055974,0.314235,0.600660,-0.153044,0.307137,0.956932,0.118806,0.061855,0.943383,-0.181894,0.062128,0.506924,0.107305,0.078892,0.520525,-0.192451,0.070784
0.796263,-0.044708,0.308923,0.983672,0.064345,0.314050,0.988731,-0.144677,0.307043,0.603795,0.055260,0.310803,0.608853,-0.153761,0.303797,0.973366,0.118048,0.061552,0.956473,-0.182716,0.061528,0.534620,0.107041,0.073164,0.546067,-0.192904,0.069165
0.804222,-0.045418,0.300071,0.991584,0.063758,0.304217,0.996743,-0.145261,0.297196,0.611701,0.054425,0.302947,0.616860,-0.154593,0.295926,0.988950,0.117425,0.058815,0.967973,-0.183468,0.059269,0.567918,0.106811,0.065469,0.575445,-0.193374,0.065781
0.811953,-0.046143,0.286620,0.999236,0.063196,0.289992,1.004546,-0.145815,0.282868,0.619359,0.053530,0.290371,0.624670,-0.155481,0.283248,1.005114,0.116861,0.054555,0.980388,-0.184213,0.056748,0.606037,0.106641,0.056885,0.608574,-0.193810,0.061113
0.819584,-0.046829,0.268452,1.006807,0.062623,0.271477,1.012230,-0.146381,0.264225,0.626937,0.052723,0.272679,0.632361,-0.156281,0.265427,1.022994,0.116203,0.050466,0.994962,-0.185049,0.054595,0.646490,0.106480,0.049121,0.644601,-0.194193,0.056098
0.827396,-0.047493,0.245584,1.014611,0.061961,0.248998,1.020052,-0.147037,0.241576,0.634741,0.052051,0.249592,0.640182,-0.156947,0.242170,1.042702,0.115321,0.048084,1.011292,-0.186037,0.052286,0.684377,0.106157,0.043466,0.680954,-0.194624,0.051945
0.835590,-0.048111,0.218837,1.022820,0.061296,0.222902,1.028233,-0.147709,0.215658,0.642947,0.051487,0.222016,0.648361,-0.157518,0.214773,1.063446,0.114030,0.044321,1.032216,-0.187353,0.049883,0.716503,0.105311,0.036580,0.714215,-0.195368,0.043474
0.844900,-0.048744,0.195249,1.032078,0.060618,0.202015,1.037560,-0.148350,0.193830,0.652240,0.050862,0.196667,0.657723,-0.158106,0.188483,1.063713,0.114227,0.016181,1.028956,-0.187055,0.014558,0.734451,0.105593,0.016071,0.745288,-0.194550,0.015914
0.854139,-0.048302,0.176906,1.041152,0.061235,0.185234,1.046909,-0.147705,0.176531,0.661370,0.051102,0.177280,0.667127,-0.157838,0.168578,1.062878,0.114388,0.016006,1.027857,-0.187046,0.015891,0.735877,0.105394,0.015641,0.746415,-0.194793,0.015705
0.863405,-0.046951,0.161881,1.050405,0.062584,0.170494,1.056161,-0.146381,0.162421,0.670650,0.052478,0.161341,0.676405,-0.156487,0.153268,1.062711,0.114395,0.015948,1.028239,-0.186991,0.015912,0.736998,0.105433,0.015733,0.747454,-0.194719,0.015794
0.872833,-0.045708,0.148792,1.059825,0.063817,0.157705,1.065566,-0.145171,0.150258,0.680100,0.053756,0.147326,0.685841,-0.155233,0.139879,1.062848,0.114447,0.015960,1.028869,-0.186891,0.015989,0.738076,0.105527,0.015918,0.748464,-0.194596,0.016042
0.882509,-0.044884,0.137162,1.069491,0.064622,0.146513,1.075223,-0.144374,0.139261,0.689796,0.054606,0.135064,0.695527,-0.154389,0.127812,1.063276,0.114476,0.015975,1.029749,-0.186838,0.016016,0.739177,0.105585,0.016036,0.749520,-0.194527,0.016122
0.892241,-0.044464,0.127230,1.079208,0.065018,0.137133,1.084945,-0.143966,0.129553,0.699536,0.055038,0.124908,0.705273,-0.153946,0.117327,1.063980,0.114492,0.015989,1.030703,-0.186835,0.016055,0.740326,0.105602,0.016076,0.750662,-0.194528,0.016186
0.901819,-0.044121,0.119329,1.088776,0.065332,0.129746,1.094515,-0.143637,0.121780,0.709124,0.055396,0.116878,0.714863,-0.153574,0.108911,1.064880,0.114513,0.015988,1.031941,-0.186822,0.015977,0.741553,0.105633,0.015997,0.751883,-0.194521,0.016156
0.911180,-0.043854,0.113965,1.098134,0.065568,0.124755,1.103866,-0.143388,0.116443,0.718495,0.055681,0.111487,0.724227,-0.153275,0.103175,1.065894,0.114517,0.015894,1.033157,-0.186839,0.016092,0.742883,0.105657,0.015869,0.753256,-0.194513,0.015983
0.920362,-0.043755,0.111479,1.107324,0.065640,0.122400,1.113048,-0.143297,0.113612,0.727676,0.055788,0.109347,0.733401,-0.153149,0.100559,1.066958,0.114512,0.016108,1.034297,-0.186857,0.016035,0.744209,0.105683,0.015807,0.754725,-0.194513,0.015946
0.929453,-0.043808,0.112097,1.116450,0.065571,0.122552,1.122150,-0.143345,0.113275,0.736756,0.055729,0.110919,0.742455,-0.153187,0.101642,1.068063,0.114495,0.015989,1.035301,-0.186904,0.015936,0.745440,0.105694,0.015961,0.756178,-0.194527,0.016116
0.938623,-0.044067,0.115993,1.125668,0.065333,0.125317,1.131348,-0.143556,0.115433,0.745899,0.055421,0.116553,0.751579,-0.153468,0.106669,1.069109,0.114484,0.016023,1.036195,-0.186947,0.015798,0.746437,0.105710,0.016032,0.757456,-0.194543,0.016156
0.947908,-0.044533,0.123211,1.134997,0.064928,0.130787,1.140658,-0.143931,0.120268,0.755158,0.054865,0.126155,0.760820,-0.153994,0.115636,1.070124,0.114479,0.015910,1.036992,-0.186999,0.015716,0.747092,0.105717,0.016036,0.758381,-0.194569,0.016059
0.957239,-0.045235,0.134062,1.144345,0.064310,0.139778,1.149995,-0.144516,0.128625,0.764483,0.054047,0.139500,0.770134,-0.154779,0.128347,1.071066,0.114467,0.016058,1.037677,-0.187052,0.015649,0.747362,0.105709,0.016028,0.758891,-0.194617,0.016043
0.966694,-0.045807,0.148704,1.153800,0.063800,0.153026,1.159437,-0.145021,0.141781,0.773951,0.053407,0.155627,0.779588,-0.155414,0.144383,1.072004,0.114503,0.016012,1.038274,-0.187038,0.015761,0.747459,0.105723,0.016367,0.758913,-0.194595,0.016070
0.976042,-0.046059,0.167384,1.163131,0.063589,0.171401,1.168800,-0.145264,0.160785,0.783283,0.053147,0.173983,0.788953,-0.155706,0.163367,1.072972,0.114566,0.016003,1.038891,-0.186951,0.015881,0.741591,0.105064,0.025975,0.758494,-0.194577,0.016178
0.985144,-0.046204,0.190223,1.172206,0.063491,0.194225,1.177933,-0.145402,0.184457,0.792355,0.052995,0.195990,0.798082,-0.155899,0.186222,1.074070,0.114657,0.015882,1.039686,-0.186832,0.015999,0.730271,0.103791,0.046690,0.757576,-0.194571,0.016110
0.995016,-0.046165,0.216868,1.182050,0.063585,0.220683,1.187834,-0.145350,0.211881,0.802198,0.053019,0.221856,0.807983,-0.155916,0.213054,1.075541,0.114777,0.015752,1.042697,-0.186647,0.016552,0.718534,0.102851,0.064253,0.756256,-0.194557,0.016077
1.005774,-0.046585,0.244152,1.192766,0.063158,0.249752,1.198624,-0.145791,0.241332,0.812923,0.052621,0.246972,0.818781,-0.156328,0.238553,1.077519,0.114853,0.015928,1.055275,-0.186361,0.019135,0.712169,0.102355,0.071892,0.754196,-0.194715,0.016972
1.016279,-0.047287,0.266655,1.203122,0.062607,0.274018,1.209236,-0.146315,0.265145,0.823323,0.051741,0.268165,0.829436,-0.157181,0.259291,1.096641,0.115614,0.024139,1.086178,-0.185393,0.028899,0.712474,0.102312,0.072637,0.747447,-0.195259,0.027814
1.026232,-0.047958,0.284196,1.212953,0.062075,0.292503,1.219272,-0.146833,0.283435,0.833192,0.050916,0.284957,0.839511,-0.157992,0.275889,1.126890,0.116095,0.036561,1.119056,-0.184770,0.039057,0.717334,0.102020,0.075428,0.744624,-0.196225,0.042050
1.035648,-0.048599,0.297402,1.222318,0.061476,0.306291,1.228716,-0.147422,0.297055,0.842581,0.050224,0.297749,0.848979,-0.158674,0.288513,1.155531,0.116423,0.046705,1.148866,-0.184334,0.047134,0.725759,0.101807,0.079588,0.748515,-0.196902,0.054088
1.044682,-0.049263,0.306306,1.231348,0.060809,0.315298,1.237752,-0.148080,0.305866,0.851611,0.049554,0.306746,0.858015,-0.159335,0.297314,1.181449,0.116562,0.054731,1.174631,-0.184136,0.053457,0.738080,0.101714,0.082549,0.758790,-0.197286,0.062362
1.053421,-0.049927,0.310932,1.240109,0.060133,0.319625,1.246488,-0.148745,0.309934,0.860354,0.048892,0.311930,0.866733,-0.159986,0.302239,1.203686,0.116572,0.060288,1.195730,-0.184107,0.057575,0.754853,0.101810,0.083033,0.775007,-0.197379,0.066676
1.061932,-0.050606,0.311259,1.248631,0.059476,0.319417,1.255013,-0.149384,0.309356,0.868850,0.048172,0.313162,0.875233,-0.160688,0.303102,1.222412,0.116543,0.063168,1.212577,-0.184158,0.059270,0.776559,0.102079,0.080595,0.796275,-0.197285,0.067698
1.070208,-0.051292,0.307236,1.256866,0.058902,0.314797,1.263347,-0.149930,0.304213,0.877069,0.047345,0.310258,0.883550,-0.161487,0.299674,1.238750,0.116617,0.063290,1.226338,-0.184165,0.058709,0.803588,0.102498,0.075404,0.821661,-0.197104,0.066212
