0.011135,-0.019814,0.326504,0.199253,0.088133,0.326068,0.202924,-0.120993,0.321915,-0.180654,0.081364,0.331093,-0.176982,-0.127762,0.326940,0.184300,0.137117,0.135670,0.202214,-0.162881,0.141083,-0.129402,0.131787,0.126765,-0.160132,-0.169145,0.136206
0.016609,-0.029413,0.307808,0.203850,0.080022,0.305390,0.209145,-0.129077,0.301616,-0.175927,0.070250,0.314000,-0.170632,-0.138849,0.310226,0.182301,0.128117,0.129822,0.164833,-0.172013,0.098944,-0.159162,0.119998,0.100575,-0.157722,-0.180075,0.093076
0.020123,-0.038996,0.285027,0.206882,0.071212,0.280966,0.213030,-0.137876,0.277928,-0.172785,0.059884,0.292127,-0.166637,-0.149203,0.289088,0.175766,0.118335,0.104550,0.148989,-0.182053,0.059085,-0.170997,0.108565,0.075120,-0.134531,-0.190268,0.050580
0.021942,-0.048587,0.258033,0.208314,0.062206,0.252403,0.215132,-0.146873,0.250381,-0.171248,0.049699,0.265686,-0.164429,-0.159380,0.263664,0.160412,0.107976,0.060507,0.177216,-0.191439,0.028401,-0.163545,0.097504,0.050868,-0.117153,-0.200946,0.018770
0.023991,-0.055690,0.229725,0.210982,0.053943,0.222254,0.216233,-0.155077,0.215363,-0.168251,0.043698,0.244087,-0.163001,-0.165323,0.237196,0.139992,0.104474,0.015248,0.200707,-0.194391,0.016226,-0.150315,0.096653,0.031295,-0.117151,-0.202359,0.015736
0.028889,-0.058856,0.206516,0.215763,0.050987,0.199200,0.220999,-0.157861,0.188271,-0.163221,0.040149,0.224761,-0.157986,-0.168699,0.213832,0.139674,0.104193,0.016000,0.199853,-0.194895,0.015848,-0.150364,0.096921,0.016018,-0.115663,-0.202803,0.015810
0.037315,-0.060137,0.193083,0.224240,0.049730,0.187659,0.229462,-0.158981,0.174358,-0.154831,0.038707,0.211808,-0.149610,-0.170004,0.198507,0.140167,0.104120,0.016050,0.200040,-0.195167,0.015770,-0.149155,0.096890,0.015911,-0.114317,-0.203037,0.015856
0.050152,-0.059855,0.188478,0.237076,0.050040,0.183619,0.242347,-0.158648,0.169985,-0.142043,0.038939,0.206971,-0.136772,-0.169749,0.193337,0.141226,0.104133,0.015975,0.201132,-0.195181,0.015847,-0.147912,0.096843,0.015792,-0.112940,-0.203114,0.015869
0.066181,-0.058793,0.188248,0.253141,0.051036,0.183289,0.258378,-0.157700,0.170391,-0.126016,0.040114,0.206104,-0.120779,-0.168622,0.193207,0.160320,0.104553,0.016682,0.202727,-0.195093,0.015762,-0.146703,0.096912,0.015685,-0.111625,-0.202987,0.015881
0.083233,-0.057696,0.188394,0.270228,0.052064,0.183209,0.275418,-0.156719,0.171058,-0.108952,0.041326,0.205730,-0.103762,-0.167456,0.193579,0.200187,0.105300,0.021060,0.204414,-0.195001,0.016002,-0.145555,0.097015,0.015727,-0.105185,-0.202676,0.015629
0.100403,-0.056703,0.187267,0.287437,0.052989,0.182048,0.292583,-0.155826,0.170462,-0.091777,0.042421,0.204072,-0.086631,-0.166394,0.192486,0.247396,0.105843,0.032326,0.206077,-0.194923,0.016019,-0.144387,0.097096,0.015948,-0.084551,-0.202061,0.015587
0.117588,-0.055673,0.184440,0.304643,0.053965,0.178863,0.309740,-0.154880,0.167805,-0.074564,0.043535,0.201076,-0.069467,-0.165310,0.190018,0.285521,0.106213,0.043125,0.207648,-0.194853,0.015847,-0.143264,0.097185,0.016014,-0.047357,-0.201071,0.015763
0.134510,-0.054469,0.179218,0.321409,0.055358,0.172311,0.326689,-0.153520,0.161977,-0.057669,0.044581,0.196459,-0.052389,-0.164296,0.186126,0.302503,0.107224,0.034391,0.209240,-0.194775,0.015753,-0.139614,0.096959,0.015979,0.006861,-0.199892,0.015784
0.150421,-0.053098,0.170642,0.336503,0.057851,0.160386,0.342947,-0.151044,0.151112,-0.042105,0.044849,0.190171,-0.035661,-0.164046,0.180898,0.299093,0.108624,0.015969,0.212079,-0.194597,0.015941,-0.120699,0.095678,0.015884,0.070248,-0.199107,0.018963
0.165230,-0.052767,0.160425,0.350767,0.058891,0.148201,0.357904,-0.149975,0.138781,-0.027444,0.044441,0.182069,-0.020308,-0.164425,0.172650,0.300269,0.108653,0.015937,0.240257,-0.194220,0.021314,-0.085902,0.095462,0.015860,0.115310,-0.198459,0.020665
0.179855,-0.052881,0.149812,0.365155,0.059169,0.137567,0.372620,-0.149628,0.126946,-0.012910,0.043866,0.172678,-0.005444,-0.164931,0.162057,0.301764,0.108634,0.015796,0.278462,-0.193416,0.026366,-0.047191,0.096159,0.015766,0.123442,-0.198422,0.015812
0.194359,-0.052199,0.141654,0.379676,0.059856,0.129724,0.387129,-0.148923,0.118735,0.001588,0.044524,0.164574,0.009041,-0.164254,0.153584,0.303421,0.108661,0.016009,0.317123,-0.192348,0.031057,-0.009782,0.097502,0.015579,0.124725,-0.198421,0.015939
0.209255,-0.050797,0.136814,0.394641,0.061239,0.125793,0.402207,-0.147583,0.115760,0.016304,0.045990,0.157868,0.023870,-0.162832,0.147835,0.305078,0.108802,0.015985,0.351807,-0.191187,0.037615,0.027167,0.098747,0.015685,0.126137,-0.198323,0.015963
0.224663,-0.049052,0.134266,0.410136,0.062940,0.124345,0.417840,-0.145950,0.115976,0.031486,0.047846,0.152557,0.039189,-0.161045,0.144187,0.306676,0.108992,0.015792,0.382469,-0.189915,0.044675,0.060988,0.099804,0.018955,0.127709,-0.198156,0.015849
0.240463,-0.047371,0.133134,0.426026,0.064581,0.124515,0.433850,-0.144364,0.117804,0.047077,0.049623,0.148463,0.054900,-0.159323,0.141752,0.308240,0.109169,0.015775,0.411685,-0.188575,0.051667,0.092401,0.100817,0.024174,0.129338,-0.197990,0.015621
0.256706,-0.045894,0.132987,0.442368,0.066001,0.125881,0.450250,-0.142982,0.120508,0.063162,0.051194,0.145466,0.071044,-0.157788,0.140094,0.309793,0.109324,0.015942,0.439433,-0.187238,0.056346,0.126670,0.102068,0.029504,0.131097,-0.197828,0.015917
0.273262,-0.044761,0.133132,0.459041,0.067027,0.127586,0.466879,-0.141976,0.123000,0.079645,0.052454,0.143264,0.087483,-0.156548,0.138678,0.311326,0.109428,0.016026,0.465245,-0.186013,0.053854,0.170112,0.103721,0.034759,0.132909,-0.197647,0.016056
0.289986,-0.044262,0.132458,0.475839,0.067442,0.127795,0.483595,-0.141559,0.122979,0.096376,0.053035,0.141938,0.104132,-0.155966,0.137122,0.312801,0.109462,0.015956,0.486943,-0.184939,0.036679,0.221229,0.105473,0.041622,0.134823,-0.197528,0.015923
0.306156,-0.044100,0.129744,0.491860,0.067790,0.123760,0.499740,-0.141176,0.117801,0.112572,0.052977,0.141688,0.120452,-0.155990,0.135728,0.317278,0.109786,0.015811,0.492607,-0.184037,0.015814,0.265328,0.106961,0.046198,0.136760,-0.197454,0.015757
0.321533,-0.043000,0.126942,0.506614,0.069777,0.118733,0.515552,-0.139197,0.114942,0.127514,0.053197,0.138942,0.136452,-0.155778,0.135151,0.366377,0.111135,0.016373,0.494602,-0.183798,0.016033,0.277139,0.107143,0.026032,0.138677,-0.199019,0.015909
0.337460,-0.040922,0.124539,0.522434,0.071976,0.115617,0.531638,-0.137018,0.114470,0.143281,0.055174,0.134608,0.152485,-0.153820,0.133461,0.423560,0.113630,0.021958,0.496724,-0.183510,0.015945,0.275851,0.107159,0.015821,0.142125,-0.199127,0.015937
0.353348,-0.039261,0.123520,0.538390,0.073501,0.114278,0.547516,-0.135500,0.114702,0.159179,0.056978,0.132337,0.168306,-0.152022,0.132761,0.476868,0.116150,0.036461,0.498745,-0.183323,0.015974,0.277301,0.107393,0.015793,0.149622,-0.198569,0.015701
0.369205,-0.038135,0.123358,0.554318,0.074566,0.114816,0.563403,-0.134433,0.115938,0.175008,0.058164,0.130778,0.184093,-0.150836,0.131900,0.517051,0.118106,0.052660,0.500707,-0.183190,0.015743,0.278828,0.107554,0.015907,0.165915,-0.197743,0.015756
0.384945,-0.037423,0.123692,0.570133,0.075259,0.116673,0.579186,-0.133742,0.117828,0.190704,0.058896,0.129555,0.199757,-0.150105,0.130710,0.546040,0.119423,0.065021,0.502525,-0.183119,0.015861,0.280405,0.107646,0.015925,0.188519,-0.196720,0.015843
0.400692,-0.037044,0.124336,0.585973,0.075595,0.119361,0.594948,-0.133411,0.119963,0.206436,0.059324,0.128709,0.215411,-0.149682,0.129311,0.568975,0.120225,0.073444,0.504182,-0.183101,0.015885,0.282112,0.107741,0.015746,0.213962,-0.195560,0.016997
0.416504,-0.036840,0.125316,0.601830,0.075791,0.122254,0.610777,-0.133217,0.122035,0.222231,0.059536,0.128598,0.231178,-0.149472,0.128378,0.589099,0.120784,0.078745,0.505715,-0.183094,0.015929,0.283921,0.107787,0.015740,0.239067,-0.194513,0.020562
0.432442,-0.036621,0.126706,0.617830,0.075938,0.125027,0.626687,-0.133072,0.124028,0.238196,0.059830,0.129385,0.247054,-0.149180,0.128386,0.608009,0.121229,0.079847,0.507229,-0.183108,0.015789,0.285731,0.107877,0.015997,0.265250,-0.193401,0.023882
0.448544,-0.036108,0.128390,0.633961,0.076413,0.127550,0.642777,-0.132598,0.126284,0.254310,0.060382,0.130495,0.263126,-0.148629,0.129229,0.625917,0.121897,0.072706,0.508698,-0.183076,0.015920,0.287477,0.107966,0.015899,0.297553,-0.192032,0.024328
0.465069,-0.034941,0.130061,0.650552,0.077471,0.129161,0.659250,-0.131548,0.128727,0.270887,0.061667,0.131396,0.279586,-0.147352,0.130961,0.642218,0.122767,0.055044,0.510106,-0.183010,0.015991,0.289539,0.108172,0.015835,0.341001,-0.190063,0.023651
0.482170,-0.032866,0.131235,0.667795,0.079274,0.128203,0.676216,-0.129747,0.130121,0.288124,0.064016,0.132349,0.296545,-0.145005,0.134268,0.650763,0.123147,0.026852,0.511403,-0.182924,0.015915,0.291578,0.108574,0.015755,0.396309,-0.187457,0.027268
0.499104,-0.030859,0.131719,0.684821,0.081003,0.125633,0.693009,-0.128002,0.129431,0.305199,0.066284,0.134007,0.313386,-0.142721,0.137804,0.651471,0.123194,0.015848,0.514004,-0.182573,0.015681,0.293504,0.109172,0.015873,0.448281,-0.184760,0.037006
0.514866,-0.029933,0.131284,0.701035,0.081093,0.123838,0.708296,-0.127956,0.127109,0.321435,0.068090,0.135459,0.328697,-0.140959,0.138729,0.653380,0.123234,0.016036,0.550211,-0.180670,0.015884,0.302009,0.111025,0.015748,0.478080,-0.182828,0.038068
0.530014,-0.029523,0.129281,0.716838,0.080395,0.121795,0.722810,-0.128712,0.123576,0.337219,0.069666,0.134985,0.343190,-0.139441,0.136766,0.655342,0.123207,0.015871,0.601813,-0.178520,0.020003,0.319484,0.113614,0.015737,0.486775,-0.181797,0.020973
0.544956,-0.029221,0.126467,0.731790,0.080663,0.118716,0.737725,-0.128445,0.120485,0.352187,0.070004,0.132448,0.358123,-0.139104,0.134217,0.657168,0.123144,0.015828,0.656282,-0.177006,0.028382,0.342040,0.114199,0.015730,0.488320,-0.181880,0.015788
0.559883,-0.028304,0.124946,0.746851,0.081355,0.117268,0.752560,-0.127752,0.119755,0.367207,0.071144,0.130137,0.372915,-0.137963,0.132625,0.658902,0.123217,0.015845,0.696620,-0.175700,0.039917,0.368434,0.115285,0.015609,0.489609,-0.181637,0.015832
0.575047,-0.027004,0.124782,0.762063,0.082638,0.118098,0.767777,-0.126446,0.122084,0.382316,0.072438,0.127480,0.388030,-0.136646,0.131466,0.660476,0.123390,0.015973,0.726073,-0.174452,0.049110,0.398714,0.116233,0.015806,0.491087,-0.181508,0.015889
0.590366,-0.025522,0.125673,0.777434,0.084103,0.120280,0.783128,-0.124941,0.126026,0.397605,0.073897,0.125320,0.403298,-0.135147,0.131066,0.661943,0.123572,0.015902,0.753032,-0.173137,0.057196,0.429912,0.117282,0.016969,0.492689,-0.181361,0.015943
0.605877,-0.024022,0.127280,0.793005,0.085555,0.123159,0.798612,-0.123437,0.130610,0.413142,0.075393,0.123949,0.418749,-0.133599,0.131401,0.663361,0.123745,0.015805,0.779843,-0.171787,0.064678,0.459771,0.118479,0.021296,0.494397,-0.181191,0.015697
0.621666,-0.022664,0.129235,0.808846,0.086867,0.126458,0.814337,-0.122071,0.135349,0.428995,0.076743,0.123121,0.434486,-0.132196,0.132012,0.664764,0.123884,0.015904,0.806525,-0.170583,0.069557,0.493600,0.119816,0.026009,0.496152,-0.181029,0.015752
0.637634,-0.021738,0.130873,0.824846,0.087764,0.129419,0.830229,-0.121145,0.139050,0.445040,0.077669,0.122696,0.450422,-0.131240,0.132328,0.666135,0.123960,0.016016,0.832071,-0.169922,0.067226,0.537544,0.121320,0.030618,0.497956,-0.180896,0.015913
0.653580,-0.021485,0.131112,0.840726,0.088136,0.130233,0.846219,-0.120787,0.139497,0.460940,0.077816,0.122727,0.466434,-0.131106,0.131991,0.667442,0.124022,0.015956,0.853740,-0.170018,0.051134,0.587765,0.122896,0.037805,0.499817,-0.180886,0.015908
0.669312,-0.021633,0.128695,0.855847,0.089012,0.126841,0.862561,-0.119956,0.134043,0.476062,0.076690,0.123346,0.482777,-0.132279,0.130548,0.676896,0.124940,0.015910,0.860199,-0.169623,0.015344,0.627822,0.124270,0.042220,0.501805,-0.181119,0.015891
0.684460,-0.021618,0.125092,0.870256,0.090186,0.120509,0.878377,-0.118682,0.129047,0.490542,0.075446,0.121138,0.498664,-0.133421,0.129676,0.715433,0.125416,0.016019,0.861862,-0.169471,0.015911,0.642965,0.122922,0.023933,0.503789,-0.183406,0.015646
0.699890,-0.020555,0.122558,0.885416,0.091653,0.116995,0.894041,-0.117140,0.126784,0.505739,0.076031,0.118332,0.514365,-0.132762,0.128120,0.774133,0.128079,0.020676,0.863237,-0.169146,0.015977,0.643913,0.122481,0.016016,0.506546,-0.183889,0.015813
0.715416,-0.019705,0.122238,0.900969,0.092411,0.115812,0.909539,-0.116368,0.125940,0.521293,0.076958,0.118536,0.529863,-0.131820,0.128664,0.829486,0.130980,0.032575,0.865033,-0.169065,0.016096,0.645351,0.122614,0.015913,0.510649,-0.183631,0.015692
0.730995,-0.019180,0.122967,0.916580,0.092893,0.116719,0.925091,-0.115904,0.126520,0.536900,0.077543,0.119415,0.545410,-0.131254,0.129215,0.871776,0.133335,0.047070,0.866892,-0.169006,0.015907,0.646893,0.122702,0.015814,0.524319,-0.182978,0.015739
0.746567,-0.019019,0.124089,0.932191,0.093049,0.119044,0.940632,-0.115792,0.127936,0.552501,0.077753,0.120242,0.560942,-0.131087,0.129134,0.902294,0.134794,0.058574,0.868665,-0.169005,0.015753,0.648526,0.122724,0.015985,0.545672,-0.182062,0.015718
0.762074,-0.019151,0.125346,0.947755,0.092894,0.122231,0.956086,-0.116004,0.129768,0.568061,0.077703,0.120925,0.576392,-0.131195,0.128461,0.926049,0.135533,0.066497,0.870277,-0.169052,0.015857,0.650275,0.122710,0.015945,0.570440,-0.180984,0.016582
0.777569,-0.019394,0.126717,0.963314,0.092582,0.125596,0.971509,-0.116371,0.131612,0.583629,0.077583,0.121822,0.591824,-0.131370,0.127838,0.946604,0.135880,0.071752,0.871790,-0.169114,0.015987,0.652127,0.122718,0.015699,0.594656,-0.179850,0.020620
0.793140,-0.019599,0.128315,0.978926,0.092316,0.128676,0.987028,-0.116677,0.133280,0.599253,0.077479,0.123351,0.607355,-0.131513,0.127954,0.965816,0.136100,0.074082,0.873300,-0.169166,0.015934,0.653993,0.122729,0.015867,0.619096,-0.178820,0.025065
0.808868,-0.019567,0.130197,0.994675,0.092305,0.131542,1.002724,-0.116709,0.135146,0.615012,0.077574,0.125247,0.623062,-0.131440,0.128851,0.984172,0.136339,0.070567,0.874777,-0.169185,0.015808,0.655848,0.122753,0.015967,0.648010,-0.177726,0.026952
0.824947,-0.019025,0.132230,1.010768,0.092817,0.133979,1.018780,-0.116201,0.137420,0.631115,0.078151,0.127039,0.639126,-0.130867,0.130481,1.001691,0.136716,0.058498,0.876231,-0.169154,0.015933,0.657852,0.122837,0.015934,0.686811,-0.176245,0.026245
0.841667,-0.017602,0.134053,1.027559,0.094134,0.134757,1.035451,-0.114865,0.139428,0.647883,0.079661,0.128679,0.655775,-0.129338,0.133350,1.014826,0.136972,0.037438,0.877621,-0.169078,0.015964,0.659943,0.123088,0.015843,0.738251,-0.174072,0.027994
0.858719,-0.015441,0.134754,1.044676,0.096140,0.131487,1.052494,-0.112792,0.138630,0.664943,0.081910,0.130879,0.672761,-0.127022,0.138022,1.014820,0.136577,0.015846,0.879154,-0.168981,0.015937,0.661976,0.123375,0.015866,0.794420,-0.171425,0.037195
0.875050,-0.013862,0.134862,1.061452,0.096845,0.128591,1.068412,-0.112095,0.136354,0.681687,0.084372,0.133370,0.688647,-0.124568,0.141132,1.016635,0.136680,0.016111,0.900699,-0.167663,0.015911,0.666838,0.125015,0.015764,0.833395,-0.168901,0.042951
0.890682,-0.013048,0.133550,1.077820,0.096358,0.126416,1.083344,-0.112660,0.133165,0.698021,0.086564,0.133935,0.703544,-0.122454,0.140684,1.018596,0.136715,0.015943,0.954173,-0.165273,0.018297,0.681571,0.127801,0.015703,0.848383,-0.167575,0.033578
0.906078,-0.012918,0.130187,1.093834,0.095453,0.123483,1.098161,-0.113633,0.128881,0.713995,0.087798,0.131493,0.718323,-0.121288,0.136892,1.020560,0.136631,0.015811,1.007518,-0.163626,0.026554,0.704522,0.130086,0.015676,0.851530,-0.167131,0.015847
0.921474,-0.012977,0.126833,1.109079,0.095702,0.120960,1.113721,-0.113385,0.126036,0.729228,0.087432,0.127629,0.733869,-0.121655,0.132706,1.022293,0.136697,0.015819,1.050398,-0.162412,0.037620,0.730660,0.130216,0.015514,0.852942,-0.167325,0.015789
0.936821,-0.012302,0.125496,1.124546,0.096223,0.120747,1.128992,-0.112854,0.126379,0.744650,0.088249,0.124613,0.749096,-0.120828,0.130245,1.023892,0.136738,0.015983,1.084359,-0.161360,0.049143,0.760583,0.131133,0.015796,0.854382,-0.167147,0.015874
0.952389,-0.011176,0.125955,1.140112,0.097400,0.122458,1.144578,-0.111636,0.129424,0.760199,0.089284,0.122486,0.764665,-0.119752,0.129452,1.025415,0.136885,0.015941,1.113641,-0.160135,0.058853,0.791688,0.131957,0.017897,0.856009,-0.167068,0.015972
0.968159,-0.009913,0.127558,1.155905,0.098654,0.125214,1.160307,-0.110330,0.133623,0.776011,0.090504,0.121494,0.780412,-0.118481,0.129903,1.026865,0.137029,0.015759,1.141291,-0.158932,0.066427,0.821741,0.132993,0.022821,0.857741,-0.166942,0.015758
0.984146,-0.008779,0.129678,1.171904,0.099789,0.128519,1.176230,-0.109146,0.138117,0.792062,0.091589,0.121240,0.796388,-0.117346,0.130838,1.028263,0.137148,0.015894,1.168497,-0.157916,0.070594,0.855859,0.134114,0.027548,0.859520,-0.166837,0.015672
1.000351,-0.008117,0.131493,1.188103,0.100467,0.131540,1.192375,-0.108449,0.141560,0.808327,0.092215,0.121425,0.812599,-0.116701,0.131445,1.029670,0.137198,0.016019,1.194619,-0.157464,0.067555,0.900704,0.135325,0.031947,0.861359,-0.166758,0.015882
1.016510,-0.008118,0.131850,1.204165,0.100632,0.132352,1.208617,-0.108311,0.141707,0.824403,0.092076,0.121994,0.828855,-0.116867,0.131349,1.031005,0.137236,0.015951,1.216527,-0.157725,0.050661,0.951880,0.136599,0.039367,0.863245,-0.166805,0.015986
1.032394,-0.008533,0.129495,1.219435,0.101270,0.128881,1.225162,-0.107734,0.135896,0.839627,0.090669,0.123093,0.845354,-0.118335,0.130109,1.041367,0.138091,0.015889,1.222208,-0.157353,0.015371,0.992395,0.137679,0.043598,0.865229,-0.167119,0.015837
1.047882,-0.008775,0.125909,1.234213,0.102179,0.122561,1.241327,-0.106747,0.130559,0.854437,0.089198,0.121259,0.861551,-0.119728,0.129256,1.085767,0.138552,0.015932,1.223893,-0.157241,0.015871,1.004832,0.136090,0.023610,0.867202,-0.169392,0.015696
1.063709,-0.007954,0.123388,1.249824,0.103327,0.119006,1.257348,-0.105548,0.127912,0.870070,0.089641,0.118864,0.877595,-0.119234,0.127770,1.140482,0.140759,0.021683,1.225478,-0.156990,0.015978,1.005968,0.135671,0.015999,0.869930,-0.169802,0.015878
1.079475,-0.007263,0.123093,1.265627,0.103923,0.117949,1.273082,-0.104947,0.127036,0.885869,0.090421,0.119150,0.893324,-0.118449,0.128237,1.194562,0.143257,0.034015,1.227276,-0.156928,0.016131,1.007430,0.135788,0.015864,0.874723,-0.169532,0.015651
1.095226,-0.006884,0.123796,1.281408,0.104266,0.118979,1.288807,-0.104623,0.127648,0.901646,0.090856,0.119944,0.909044,-0.118033,0.128613,1.236470,0.145262,0.048384,1.229144,-0.156892,0.015896,1.009019,0.135855,0.015824,0.888918,-0.168949,0.015714
1.110882,-0.006835,0.124884,1.297097,0.104306,0.121297,1.304432,-0.104622,0.129027,0.917332,0.090952,0.120740,0.924667,-0.117976,0.128471,1.267094,0.146487,0.059809,1.230911,-0.156903,0.015783,1.010680,0.135863,0.015984,0.910404,-0.168157,0.015745
1.126461,-0.007034,0.126109,1.312718,0.104081,0.124389,1.319961,-0.104896,0.130793,0.932961,0.090827,0.121425,0.940204,-0.118149,0.127830,1.291080,0.147092,0.067701,1.232544,-0.156947,0.015864,1.012445,0.135847,0.015897,0.935091,-0.167222,0.016977
1.141998,-0.007329,0.127443,1.328313,0.103703,0.127578,1.335424,-0.105318,0.132534,0.948573,0.090660,0.122351,0.955684,-0.118361,0.127308,1.311862,0.147333,0.072799,1.234025,-0.157020,0.015980,1.014282,0.135853,0.015616,0.959450,-0.166239,0.021147
1.157623,-0.007571,0.129035,1.343948,0.103434,0.130490,1.351021,-0.105615,0.134141,0.964226,0.090472,0.123928,0.971298,-0.118576,0.127579,1.331211,0.147509,0.074573,1.235512,-0.157071,0.015911,1.016184,0.135827,0.015932,0.984680,-0.165392,0.025325
1.173428,-0.007529,0.130923,1.359779,0.103417,0.133226,1.366787,-0.105646,0.136037,0.980068,0.090588,0.125809,0.987076,-0.118476,0.128620,1.349659,0.147705,0.069792,1.236987,-0.157094,0.015840,1.018011,0.135862,0.015962,1.015239,-0.164382,0.026661
1.189610,-0.006878,0.132929,1.375995,0.104007,0.135407,1.382930,-0.105057,0.138336,0.996289,0.091302,0.127521,1.003224,-0.117763,0.130451,1.366892,0.148073,0.056069,1.238429,-0.157045,0.015944,1.020090,0.136006,0.015911,1.056521,-0.162939,0.025939
1.206470,-0.005322,0.134612,1.392951,0.105426,0.135540,1.399732,-0.103614,0.140090,1.013209,0.092970,0.129135,1.019990,-0.116071,0.133685,1.378320,0.148215,0.033495,1.239816,-0.156988,0.015963,1.022156,0.136277,0.015793,1.110219,-0.160908,0.028992
1.223492,-0.003379,0.135342,1.410015,0.107270,0.132724,1.416766,-0.101714,0.139399,1.030218,0.094956,0.131285,1.036968,-0.114028,0.137960,1.378369,0.148017,0.016010,1.241975,-0.156802,0.015906,1.024022,0.136565,0.015828,1.165004,-0.158540,0.039306
1.239647,-0.002168,0.135253,1.426576,0.107722,0.130456,1.432556,-0.101277,0.137408,1.046738,0.096942,0.133098,1.052718,-0.112057,0.140051,1.380214,0.148086,0.016132,1.272417,-0.155393,0.015941,1.031009,0.138081,0.015718,1.200113,-0.156535,0.043806
1.255070,-0.001618,0.133695,1.442630,0.107151,0.128074,1.447377,-0.101912,0.133959,1.062762,0.098675,0.133432,1.067510,-0.110388,0.139317,1.382108,0.148099,0.015917,1.318441,-0.153513,0.020540,1.045937,0.140459,0.015699,1.214067,-0.155579,0.031347
1.270275,-0.001693,0.130342,1.458278,0.106324,0.124984,1.462160,-0.102790,0.129584,1.078390,0.099404,0.131099,1.082273,-0.109709,0.135700,1.383997,0.148011,0.015817,1.369992,-0.152186,0.028876,1.068110,0.142143,0.015683,1.216157,-0.155328,0.015868
1.285458,-0.001572,0.127484,1.473414,0.106547,0.122583,1.477398,-0.102566,0.127086,1.093517,0.099423,0.127882,1.097502,-0.109691,0.132385,1.385710,0.148046,0.015835,1.413044,-0.151130,0.040292,1.094202,0.142486,0.015568,1.217487,-0.155384,0.015781
1.300720,-0.000798,0.126382,1.488700,0.107318,0.122437,1.492664,-0.101777,0.127772,1.108776,0.100180,0.124992,1.112740,-0.108914,0.130326,1.387294,0.148152,0.015983,1.446158,-0.150092,0.050939,1.124355,0.143162,0.015777,1.218950,-0.155294,0.015874
1.316154,0.000370,0.126830,1.504128,0.108533,0.124051,1.508109,-0.100518,0.130856,1.124200,0.101258,0.122805,1.128181,-0.107793,0.129610,1.388760,0.148299,0.015925,1.475082,-0.148941,0.059843,1.155729,0.143911,0.017425,1.220510,-0.155217,0.015972
1.331791,0.001661,0.128324,1.519783,0.109816,0.126627,1.523696,-0.099181,0.134982,1.139885,0.102503,0.121666,1.143799,-0.106493,0.130020,1.390184,0.148451,0.015757,1.502998,-0.147765,0.067389,1.185577,0.144880,0.022282,1.222211,-0.155086,0.015772
1.347675,0.002827,0.130319,1.535677,0.110976,0.129760,1.539506,-0.097966,0.139421,1.155844,0.103619,0.121218,1.159674,-0.105322,0.130878,1.391594,0.148576,0.015894,1.530381,-0.146772,0.071662,1.218837,0.145932,0.027169,1.224001,-0.154977,0.015656
1.363773,0.003541,0.132042,1.551772,0.111695,0.132674,1.555529,-0.097220,0.142920,1.172018,0.104302,0.121164,1.175775,-0.104613,0.131410,1.392987,0.148631,0.016021,1.556761,-0.146324,0.069230,1.262410,0.147044,0.031541,1.225811,-0.154892,0.015858
1.379868,0.003585,0.132375,1.567772,0.111898,0.133506,1.571695,-0.097038,0.143267,1.188040,0.104207,0.121484,1.191963,-0.104728,0.131245,1.394351,0.148658,0.015955,1.579389,-0.146587,0.053669,1.313124,0.148188,0.038543,1.227659,-0.154950,0.015979
1.395714,0.003241,0.130060,1.582987,0.112647,0.130280,1.588231,-0.096354,0.137762,1.203197,0.102835,0.122358,1.208440,-0.106166,0.129841,1.403558,0.149542,0.015866,1.586874,-0.146203,0.017049,1.354180,0.149288,0.043365,1.229639,-0.155204,0.015965
1.410900,0.003117,0.126549,1.597445,0.113728,0.123835,1.604142,-0.095182,0.132577,1.217659,0.101415,0.120521,1.224356,-0.107495,0.129262,1.437945,0.149615,0.015975,1.588554,-0.146077,0.015906,1.373856,0.148043,0.027499,1.231650,-0.157526,0.015712
1.426315,0.004171,0.124049,1.612483,0.115391,0.120430,1.619891,-0.093420,0.130799,1.232740,0.101763,0.117298,1.240148,-0.107048,0.127668,1.493058,0.151685,0.019661,1.589840,-0.145724,0.015951,1.374177,0.147286,0.016024,1.234742,-0.158329,0.015829
1.441841,0.005055,0.123636,1.628027,0.116208,0.119024,1.635411,-0.092575,0.129978,1.248271,0.102686,0.117294,1.255656,-0.106097,0.128248,1.549036,0.154286,0.030045,1.591516,-0.145644,0.016075,1.375565,0.147412,0.015958,1.237644,-0.158182,0.015665
1.457401,0.005544,0.124234,1.643638,0.116601,0.119419,1.650929,-0.092197,0.130148,1.263873,0.103284,0.118320,1.271164,-0.105513,0.129049,1.593792,0.156533,0.044198,1.593332,-0.145614,0.015945,1.377103,0.147507,0.015797,1.249630,-0.157625,0.015744
1.472992,0.005621,0.125140,1.659267,0.116652,0.121268,1.666481,-0.092191,0.131122,1.279502,0.103433,0.119157,1.286717,-0.105410,0.129012,1.626587,0.157991,0.056418,1.595100,-0.145630,0.015721,1.378735,0.147520,0.015969,1.270379,-0.156848,0.015718
1.488506,0.005367,0.126159,1.674829,0.116366,0.124033,1.681935,-0.092542,0.132511,1.295078,0.103276,0.119807,1.302184,-0.105631,0.128285,1.651653,0.158696,0.065022,1.596726,-0.145691,0.015791,1.380463,0.147481,0.015980,1.295097,-0.155928,0.016359
1.503986,0.004955,0.127293,1.690378,0.115858,0.127117,1.697322,-0.093115,0.133970,1.310650,0.103025,0.120616,1.317595,-0.105947,0.127468,1.672904,0.158926,0.070691,1.598237,-0.145776,0.015987,1.382314,0.147467,0.015717,1.319473,-0.154895,0.020395
1.519547,0.004582,0.128680,1.705977,0.115411,0.130008,1.712822,-0.093609,0.135327,1.326271,0.102774,0.122032,1.333116,-0.106246,0.127351,1.692461,0.159015,0.073325,1.599732,-0.145840,0.015951,1.384181,0.147455,0.015762,1.343758,-0.153988,0.025153
1.535263,0.004439,0.130400,1.721718,0.115210,0.132725,1.728499,-0.093838,0.136926,1.342027,0.102716,0.123874,1.348808,-0.106331,0.128075,1.711097,0.159096,0.070418,1.601209,-0.145884,0.015789,1.386101,0.147461,0.015976,1.371951,-0.153085,0.027503
1.551296,0.004790,0.132359,1.737768,0.115523,0.135117,1.744505,-0.093532,0.139008,1.358087,0.103112,0.125709,1.364824,-0.105943,0.129600,1.728979,0.159309,0.059208,1.602664,-0.145875,0.015922,1.388104,0.147517,0.015898,1.409403,-0.151898,0.026964
1.567944,0.005990,0.134206,1.754478,0.116636,0.136071,1.761114,-0.092401,0.140962,1.374773,0.104381,0.127450,1.381409,-0.104656,0.132341,1.743069,0.159494,0.039253,1.604082,-0.145796,0.015967,1.390214,0.147747,0.015890,1.459253,-0.150107,0.028203
1.585094,0.008009,0.135076,1.771823,0.118325,0.133126,1.778170,-0.090645,0.140587,1.392019,0.106663,0.129565,1.398366,-0.102308,0.137026,1.744115,0.158788,0.015612,1.605543,-0.145838,0.015943,1.392269,0.148109,0.015809,1.515560,-0.147830,0.036694
1.601608,0.009531,0.135359,1.788659,0.119193,0.130137,1.794410,-0.089757,0.138578,1.408806,0.108819,0.132141,1.414557,-0.100131,0.140582,1.745905,0.158913,0.016064,1.625089,-0.144877,0.015913,1.395889,0.149267,0.015765,1.557603,-0.145611,0.043730
1.617390,0.010212,0.134347,1.805021,0.118819,0.128019,1.809636,-0.090190,0.135657,1.425143,0.110614,0.133038,1.429758,-0.098395,0.140676,1.747842,0.158953,0.015982,1.677114,-0.142910,0.017937,1.408954,0.151459,0.015681,1.575999,-0.144457,0.036708
1.632793,0.010255,0.131271,1.821011,0.117852,0.125089,1.824477,-0.091227,0.131297,1.441110,0.111737,0.131245,1.444576,-0.097343,0.137453,1.749749,0.158901,0.015757,1.730502,-0.141377,0.026356,1.430844,0.153611,0.015677,1.580548,-0.144181,0.015635
1.648190,0.010198,0.127787,1.836384,0.117850,0.121851,1.839899,-0.091236,0.127807,1.456481,0.111631,0.127767,1.459996,-0.097454,0.133724,1.751531,0.158877,0.015821,1.774427,-0.140394,0.037153,1.456023,0.153902,0.015553,1.581938,-0.144241,0.015713
1.663570,0.010834,0.126198,1.851835,0.118396,0.120896,1.855238,-0.090670,0.127571,1.471903,0.112337,0.124826,1.475306,-0.096728,0.131500,1.753183,0.158920,0.015987,1.809668,-0.139402,0.048903,1.485135,0.154549,0.015727,1.583406,-0.144140,0.015855
1.679211,0.011875,0.126425,1.867491,0.119464,0.122396,1.870880,-0.089555,0.130389,1.487541,0.113306,0.122461,1.490930,-0.095714,0.130455,1.754726,0.159055,0.015965,1.838903,-0.138317,0.058384,1.516885,0.155239,0.017030,1.585029,-0.144056,0.015975
1.694981,0.013041,0.127837,1.883298,0.120605,0.125103,1.886592,-0.088358,0.134503,1.503369,0.114439,0.121170,1.506663,-0.094524,0.130570,1.756135,0.159184,0.015777,1.866406,-0.137257,0.066055,1.547429,0.156162,0.021720,1.586742,-0.143925,0.015813
1.710960,0.014097,0.129850,1.899298,0.121651,0.128406,1.902494,-0.087257,0.138978,1.519427,0.115451,0.120722,1.522623,-0.093457,0.131295,1.757570,0.159302,0.015877,1.893694,-0.136350,0.070909,1.580966,0.157143,0.026608,1.588511,-0.143818,0.015603
1.727127,0.014729,0.131682,1.915466,0.122290,0.131535,1.918584,-0.086592,0.142620,1.535671,0.116050,0.120744,1.538788,-0.092833,0.131829,1.758964,0.159344,0.016025,1.920105,-0.135976,0.069375,1.624547,0.158133,0.031010,1.590306,-0.143739,0.015836
1.743301,0.014693,0.132237,1.931578,0.122362,0.132767,1.934793,-0.086548,0.143300,1.551810,0.115934,0.121174,1.555024,-0.092976,0.131707,1.760319,0.159352,0.015976,1.942991,-0.136385,0.055027,1.675923,0.159171,0.038157,1.592120,-0.143754,0.015959
1.759258,0.014292,0.130218,1.946925,0.123022,0.129970,1.951416,-0.085964,0.138288,1.567100,0.114548,0.122149,1.571591,-0.094438,0.130466,1.767894,0.160131,0.015907,1.952223,-0.136129,0.020553,1.718125,0.160182,0.044054,1.594156,-0.144008,0.015946
1.774593,0.014059,0.126883,1.961502,0.124051,0.124027,1.967506,-0.084854,0.133381,1.581681,0.112972,0.120385,1.587685,-0.095933,0.129739,1.801249,0.160122,0.015985,1.954110,-0.136014,0.015886,1.740081,0.158990,0.029971,1.596440,-0.146300,0.015733
1.790035,0.015115,0.124317,1.976551,0.125742,0.120472,1.983303,-0.083071,0.131257,1.596767,0.113300,0.117376,1.603520,-0.095512,0.128161,1.855897,0.162169,0.019682,1.954917,-0.135480,0.015933,1.740670,0.158253,0.016026,1.599348,-0.146983,0.015845
1.805748,0.016087,0.123649,1.992283,0.126636,0.118684,1.999009,-0.082132,0.130317,1.612487,0.114305,0.116980,1.619213,-0.094463,0.128613,1.911486,0.164605,0.029459,1.956628,-0.135404,0.016126,1.742073,0.158396,0.015983,1.602438,-0.146840,0.015674
1.821445,0.016575,0.123987,2.008012,0.127059,0.118772,2.014682,-0.081719,0.130263,1.628209,0.114868,0.117711,1.634879,-0.093909,0.129202,1.956787,0.166807,0.043234,1.958459,-0.135347,0.015974,1.743603,0.158486,0.015778,1.614152,-0.146360,0.015714
