0.015442,0.012414,0.344716,0.202933,0.120463,0.330103,0.207135,-0.088627,0.335453,-0.176251,0.113455,0.353980,-0.172050,-0.095635,0.359330,0.161163,0.160193,0.138433,0.214000,-0.138296,0.166102,-0.199869,0.154294,0.191413,-0.168686,-0.145172,0.197902
0.022888,0.018287,0.335596,0.210361,0.126176,0.319621,0.214383,-0.082932,0.324379,-0.168606,0.119505,0.346813,-0.164584,-0.089602,0.351571,0.155472,0.166479,0.138919,0.216352,-0.132202,0.155668,-0.210363,0.160158,0.170379,-0.141122,-0.138487,0.181682
0.030716,0.024269,0.322773,0.218061,0.132169,0.305439,0.222160,-0.076928,0.310547,-0.160728,0.125467,0.335000,-0.156629,-0.083631,0.340108,0.137106,0.171627,0.124177,0.223152,-0.126279,0.150965,-0.222625,0.165330,0.155052,-0.121362,-0.132817,0.159766
0.038223,0.030491,0.307103,0.224606,0.139754,0.288017,0.230462,-0.069238,0.295280,-0.154015,0.130219,0.318926,-0.148159,-0.078772,0.326190,0.122181,0.175676,0.095131,0.232272,-0.119958,0.143493,-0.224464,0.167699,0.145102,-0.122445,-0.130312,0.131540
0.044853,0.036862,0.287921,0.229580,0.148587,0.267067,0.238538,-0.060169,0.277333,-0.148832,0.133894,0.298509,-0.139873,-0.074862,0.308774,0.129183,0.179814,0.063494,0.239591,-0.113597,0.116147,-0.213347,0.168214,0.126523,-0.134076,-0.129963,0.109419
0.050179,0.043023,0.264112,0.233360,0.156915,0.241436,0.245057,-0.051601,0.253634,-0.144700,0.137647,0.274589,-0.133003,-0.070869,0.286788,0.155772,0.186381,0.040058,0.244969,-0.107781,0.072852,-0.190918,0.169456,0.083186,-0.128805,-0.127476,0.094595
0.055077,0.048772,0.235942,0.237204,0.164128,0.212199,0.250561,-0.044343,0.223424,-0.140407,0.141887,0.248460,-0.127051,-0.066584,0.259685,0.185301,0.195968,0.018245,0.249795,-0.100448,0.029412,-0.165942,0.173926,0.026828,-0.100089,-0.120580,0.071841
0.060982,0.052161,0.208077,0.242607,0.167179,0.179367,0.256335,-0.041041,0.194225,-0.134371,0.145363,0.221929,-0.120644,-0.062857,0.236787,0.186287,0.197467,0.015917,0.249917,-0.099848,0.015964,-0.163853,0.174384,0.015931,-0.069427,-0.119074,0.041583
0.068893,0.051720,0.189121,0.250498,0.166569,0.159613,0.264150,-0.041626,0.174886,-0.126363,0.145065,0.203357,-0.112711,-0.063129,0.218629,0.186743,0.197515,0.015901,0.249689,-0.099906,0.015908,-0.162187,0.174636,0.015920,-0.068825,-0.120812,0.015635
0.079292,0.050250,0.178939,0.260822,0.165327,0.149860,0.274511,-0.042980,0.163479,-0.115926,0.143480,0.194400,-0.102237,-0.064827,0.208018,0.187853,0.197411,0.015781,0.250167,-0.099870,0.015950,-0.160975,0.174481,0.015690,-0.067468,-0.120760,0.015697
0.091904,0.050087,0.175774,0.273361,0.165417,0.147256,0.287191,-0.042939,0.159951,-0.103383,0.143113,0.191597,-0.089554,-0.065243,0.204292,0.189138,0.197452,0.015799,0.263080,-0.098371,0.025396,-0.165843,0.174744,0.029821,-0.066331,-0.120824,0.015746
0.105637,0.051168,0.177939,0.287198,0.166592,0.150483,0.301059,-0.041758,0.163243,-0.089786,0.144095,0.192635,-0.075925,-0.064255,0.205395,0.190480,0.197554,0.015948,0.290724,-0.095455,0.042832,-0.160086,0.176885,0.059266,-0.065414,-0.120798,0.015878
0.120277,0.052607,0.183692,0.301912,0.168089,0.156970,0.315796,-0.040251,0.169870,-0.075241,0.145464,0.197514,-0.061357,-0.062875,0.210414,0.191812,0.197662,0.016024,0.315358,-0.092880,0.057436,-0.141393,0.179702,0.084599,-0.064660,-0.120773,0.015962
0.136047,0.053353,0.190961,0.317657,0.169058,0.165047,0.331644,-0.039328,0.177059,-0.059549,0.146035,0.204864,-0.045562,-0.062351,0.216876,0.193181,0.197734,0.015911,0.331347,-0.091248,0.068240,-0.119417,0.181323,0.095204,-0.063987,-0.120795,0.015987
0.152466,0.053114,0.197904,0.333998,0.169168,0.173033,0.348120,-0.039310,0.183133,-0.043189,0.145538,0.212675,-0.029067,-0.062940,0.222775,0.194604,0.197713,0.015755,0.340654,-0.090745,0.073293,-0.095757,0.181699,0.091192,-0.063369,-0.120890,0.015977
0.168411,0.052591,0.202276,0.349455,0.169593,0.178302,0.364296,-0.038962,0.185296,-0.027473,0.144145,0.219256,-0.012633,-0.064411,0.226250,0.215694,0.200221,0.015948,0.345500,-0.089909,0.065455,-0.067106,0.182031,0.073620,-0.061799,-0.120528,0.016690
0.183395,0.052046,0.202937,0.363538,0.170687,0.180268,0.379892,-0.037836,0.184189,-0.013101,0.141927,0.221685,0.003252,-0.066596,0.225606,0.269042,0.205850,0.019422,0.347356,-0.088622,0.043950,-0.027409,0.183190,0.050804,-0.062946,-0.121040,0.031230
0.197952,0.051470,0.199601,0.377122,0.171990,0.179243,0.395295,-0.036417,0.180289,0.000610,0.139356,0.218913,0.018783,-0.069050,0.219959,0.326482,0.212424,0.025263,0.347233,-0.087047,0.017779,0.021367,0.185868,0.035297,-0.062551,-0.122594,0.054952
0.212128,0.051140,0.193143,0.390887,0.172665,0.175313,0.410109,-0.035650,0.175480,0.014146,0.137929,0.210807,0.033369,-0.070386,0.210973,0.374861,0.216713,0.029276,0.348568,-0.087099,0.015825,0.065289,0.188143,0.024853,-0.053106,-0.124117,0.075298
0.225906,0.052120,0.185822,0.404691,0.174026,0.171118,0.424326,-0.034251,0.171300,0.027487,0.138491,0.200343,0.047121,-0.069785,0.200525,0.411755,0.220224,0.035195,0.349918,-0.087053,0.015860,0.081836,0.189105,0.015677,-0.034616,-0.123251,0.076323
0.239380,0.053349,0.180431,0.418368,0.175239,0.168310,0.437961,-0.033041,0.168451,0.040799,0.139738,0.192412,0.060391,-0.068542,0.192553,0.438740,0.222719,0.038252,0.351206,-0.086956,0.015896,0.083296,0.189267,0.015814,-0.011140,-0.120999,0.078347
0.252945,0.054881,0.178532,0.432032,0.176740,0.167609,0.451596,-0.031543,0.168048,0.054294,0.141305,0.189017,0.073857,-0.066977,0.189456,0.460848,0.224828,0.040192,0.352467,-0.086825,0.015902,0.084583,0.189436,0.015978,0.011153,-0.118748,0.079840
0.266701,0.057322,0.179357,0.445876,0.179070,0.168646,0.465380,-0.029211,0.170425,0.068021,0.143854,0.188289,0.087526,-0.064427,0.190069,0.479703,0.226789,0.039913,0.353710,-0.086639,0.015925,0.085737,0.189690,0.015848,0.033300,-0.116085,0.081321
0.280609,0.061090,0.181720,0.459862,0.182678,0.170498,0.479325,-0.025564,0.175077,0.081893,0.147745,0.188363,0.101356,-0.060497,0.192942,0.494298,0.228563,0.034386,0.354946,-0.086350,0.015800,0.086886,0.190079,0.015926,0.058262,-0.112673,0.079779
0.294571,0.065888,0.184216,0.474118,0.186847,0.171062,0.493114,-0.021304,0.179820,0.096028,0.153081,0.188613,0.115024,-0.055071,0.197371,0.498981,0.228268,0.015927,0.356247,-0.086373,0.015857,0.088137,0.190773,0.015911,0.089789,-0.108489,0.068159
0.308266,0.070299,0.186434,0.488102,0.190607,0.171405,0.506588,-0.017443,0.183157,0.109943,0.158041,0.189711,0.128429,-0.050009,0.201463,0.500107,0.228583,0.015754,0.407866,-0.081357,0.016010,0.087807,0.191956,0.015873,0.133890,-0.104187,0.042812
0.322128,0.073079,0.188083,0.502104,0.193112,0.172533,0.520374,-0.014867,0.185782,0.123883,0.161025,0.190385,0.142152,-0.046954,0.203633,0.501297,0.228771,0.015747,0.467086,-0.075697,0.022006,0.088417,0.192501,0.015726,0.183460,-0.099949,0.032415
0.336258,0.074594,0.187954,0.516241,0.194607,0.172320,0.534507,-0.013351,0.185908,0.138009,0.162540,0.190000,0.156275,-0.045418,0.203587,0.502538,0.228896,0.015765,0.527527,-0.069798,0.031123,0.089393,0.192605,0.015733,0.234144,-0.095615,0.030401
0.350548,0.074952,0.185586,0.530522,0.195033,0.170383,0.548799,-0.012978,0.183122,0.152297,0.162882,0.188049,0.170574,-0.045128,0.200789,0.503748,0.228929,0.015899,0.573349,-0.065050,0.044011,0.090662,0.192622,0.015712,0.275652,-0.092258,0.026859
0.364677,0.074503,0.181482,0.544521,0.195025,0.168371,0.563103,-0.013046,0.179572,0.166252,0.162052,0.183391,0.184834,-0.046020,0.194592,0.504975,0.228984,0.015938,0.602887,-0.061853,0.055810,0.100422,0.192842,0.015703,0.292303,-0.091735,0.015968
0.378181,0.074914,0.178269,0.557996,0.195636,0.166681,0.576689,-0.012463,0.177173,0.179674,0.162291,0.179365,0.198367,-0.045808,0.189857,0.506266,0.229080,0.015952,0.622122,-0.059695,0.065658,0.115580,0.194422,0.024632,0.293602,-0.091710,0.015976
0.391357,0.076428,0.177539,0.571217,0.197145,0.166628,0.589874,-0.010936,0.177532,0.192841,0.163792,0.177546,0.211498,-0.044288,0.188450,0.507592,0.229235,0.015865,0.637916,-0.057982,0.069542,0.131683,0.196580,0.035886,0.294820,-0.091555,0.015898
0.404533,0.078237,0.178735,0.584438,0.198959,0.168646,0.603061,-0.009090,0.180200,0.206006,0.165563,0.177271,0.224629,-0.042485,0.188824,0.508930,0.229406,0.015668,0.652395,-0.056495,0.070004,0.147611,0.198683,0.044833,0.295977,-0.091414,0.015718
0.417732,0.079944,0.181186,0.597677,0.200690,0.172167,0.616263,-0.007337,0.184177,0.219202,0.167224,0.178195,0.237787,-0.040803,0.190205,0.510224,0.229553,0.015761,0.664500,-0.055324,0.070011,0.163606,0.200730,0.052914,0.297099,-0.091285,0.015684
0.431061,0.081441,0.184657,0.611008,0.202260,0.176733,0.629605,-0.005757,0.188885,0.232517,0.168639,0.180430,0.251113,-0.039378,0.192582,0.511461,0.229678,0.015979,0.673434,-0.054432,0.071040,0.180107,0.202721,0.061604,0.298157,-0.091208,0.015800
0.444756,0.082655,0.189192,0.624679,0.203570,0.182259,0.643320,-0.004459,0.194125,0.246191,0.169769,0.184259,0.264832,-0.038260,0.196125,0.512721,0.229762,0.016029,0.679124,-0.053875,0.072836,0.197537,0.204640,0.070743,0.299197,-0.091169,0.015854
0.459038,0.083525,0.194853,0.638907,0.204566,0.188752,0.657641,-0.003499,0.199813,0.260434,0.170549,0.189893,0.279169,-0.037517,0.200954,0.514043,0.229833,0.015904,0.681607,-0.053663,0.075218,0.216681,0.206379,0.078384,0.300112,-0.091169,0.015845
0.474030,0.084038,0.201211,0.653784,0.205269,0.195508,0.672716,-0.002842,0.205306,0.275343,0.170918,0.197116,0.294275,-0.037193,0.206914,0.515419,0.229907,0.015758,0.681487,-0.053746,0.077572,0.238556,0.207789,0.080939,0.300967,-0.091264,0.015923
0.489021,0.084586,0.206406,0.668273,0.206484,0.199282,0.688046,-0.001599,0.207951,0.289996,0.170771,0.204860,0.309769,-0.037312,0.213529,0.520704,0.230516,0.015916,0.680199,-0.053625,0.073869,0.263662,0.208447,0.072476,0.300533,-0.092109,0.016106
0.503250,0.085032,0.208756,0.681473,0.208285,0.199453,0.702906,0.000324,0.207032,0.303594,0.169741,0.210481,0.325027,-0.038220,0.218059,0.570415,0.235895,0.016582,0.680693,-0.053022,0.060609,0.295553,0.208931,0.054020,0.292684,-0.094284,0.025716
0.516876,0.085427,0.207308,0.693710,0.210564,0.196728,0.717372,0.002808,0.203227,0.316380,0.168046,0.211388,0.340043,-0.039709,0.217888,0.635570,0.244237,0.021856,0.682126,-0.052047,0.041022,0.337303,0.210781,0.038326,0.283121,-0.097383,0.044501
0.530342,0.085741,0.201582,0.705968,0.212524,0.190494,0.731536,0.004955,0.195607,0.329148,0.166527,0.207557,0.354717,-0.041042,0.212670,0.690050,0.252478,0.032465,0.681606,-0.051360,0.018668,0.379774,0.214137,0.027553,0.281215,-0.099421,0.069832
0.543755,0.086384,0.193077,0.718860,0.213891,0.182063,0.745265,0.006417,0.186765,0.342244,0.166351,0.199389,0.368649,-0.041123,0.204091,0.729264,0.257788,0.038411,0.682726,-0.051245,0.015797,0.404837,0.215977,0.015456,0.292317,-0.099355,0.085452
0.557045,0.087709,0.185183,0.732187,0.215204,0.174616,0.758554,0.007720,0.179097,0.355536,0.167698,0.191270,0.381903,-0.039785,0.195751,0.755441,0.261076,0.039931,0.683783,-0.051133,0.015837,0.406266,0.216180,0.015717,0.310451,-0.097062,0.085967
0.570381,0.089229,0.180769,0.745526,0.216699,0.169958,0.771869,0.009210,0.174360,0.368894,0.169247,0.187177,0.395236,-0.038241,0.191579,0.775317,0.263553,0.040208,0.684951,-0.051012,0.015893,0.407562,0.216347,0.015883,0.331552,-0.094358,0.087591
0.583908,0.091606,0.179916,0.759052,0.219018,0.168423,0.785382,0.011546,0.173605,0.382434,0.171666,0.186227,0.408764,-0.035805,0.191409,0.792794,0.265922,0.040027,0.686160,-0.050812,0.015975,0.408777,0.216585,0.015934,0.352465,-0.091357,0.088197
0.597595,0.095189,0.181396,0.772746,0.222495,0.168887,0.799082,0.015086,0.176118,0.396109,0.175292,0.186674,0.422444,-0.032117,0.193905,0.808007,0.268194,0.036329,0.687364,-0.050525,0.015962,0.409832,0.216924,0.015913,0.374905,-0.087710,0.087362
0.611420,0.100097,0.183834,0.786587,0.227222,0.169810,0.812935,0.019963,0.180487,0.409904,0.180231,0.187181,0.436252,-0.027028,0.197858,0.818127,0.269645,0.024968,0.688541,-0.050210,0.015811,0.411001,0.217425,0.015961,0.401960,-0.083294,0.080801
0.625122,0.105162,0.185745,0.800447,0.231697,0.168683,0.826492,0.024633,0.183195,0.423752,0.185691,0.188295,0.449797,-0.021374,0.202807,0.819160,0.269258,0.015839,0.702887,-0.048564,0.015818,0.412078,0.218063,0.015965,0.438497,-0.078676,0.060671
0.638634,0.108950,0.187734,0.814058,0.235121,0.169076,0.839916,0.028189,0.185659,0.437352,0.189711,0.189810,0.463209,-0.017222,0.206393,0.820351,0.269558,0.015614,0.770606,-0.039854,0.018013,0.412616,0.218627,0.015847,0.485967,-0.073616,0.040544
0.652542,0.111149,0.188419,0.827989,0.237320,0.169972,0.853843,0.030421,0.186972,0.451241,0.191877,0.189867,0.477095,-0.015022,0.206867,0.821649,0.269805,0.015672,0.840484,-0.030379,0.026630,0.413572,0.218818,0.015736,0.538916,-0.067591,0.032364
0.666901,0.111801,0.186694,0.842334,0.238111,0.169085,0.868220,0.031124,0.184937,0.465582,0.192478,0.188451,0.491467,-0.014508,0.204303,0.822949,0.269881,0.015780,0.891119,-0.023082,0.039554,0.414630,0.218813,0.015708,0.587487,-0.061768,0.030232
0.681366,0.111381,0.183090,0.856737,0.238016,0.167292,0.882755,0.030890,0.180937,0.479976,0.191872,0.185243,0.505995,-0.015255,0.198888,0.824216,0.269864,0.015915,0.924367,-0.018304,0.051667,0.417898,0.218808,0.015680,0.619874,-0.058649,0.019860
0.695412,0.110882,0.178882,0.870670,0.237967,0.165658,0.896943,0.030737,0.177067,0.493881,0.191026,0.180697,0.520153,-0.016204,0.192106,0.825517,0.269884,0.015976,0.945049,-0.015395,0.061742,0.429394,0.219817,0.018752,0.622982,-0.058747,0.015954
0.708717,0.111743,0.176850,0.883945,0.239004,0.164969,0.910309,0.031742,0.175553,0.507126,0.191744,0.178147,0.533490,-0.015518,0.188731,0.826851,0.270006,0.015936,0.960350,-0.013235,0.068488,0.443755,0.222023,0.030585,0.624246,-0.058672,0.015936
0.721840,0.113400,0.177254,0.897084,0.240726,0.166343,0.923461,0.033462,0.176865,0.520219,0.193339,0.177644,0.546596,-0.013925,0.188165,0.828168,0.270188,0.015808,0.974568,-0.011332,0.070028,0.458772,0.224480,0.041450,0.625431,-0.058516,0.015811
0.735016,0.115278,0.179319,0.910283,0.242656,0.169447,0.936658,0.035398,0.180077,0.533373,0.195158,0.178560,0.559749,-0.012100,0.189190,0.829532,0.270373,0.015739,0.987347,-0.009710,0.069268,0.474269,0.226937,0.050344,0.626596,-0.058372,0.015586
0.748360,0.117070,0.182518,0.923630,0.244525,0.173769,0.950026,0.037267,0.184342,0.546694,0.196874,0.180694,0.573089,-0.010385,0.191268,0.830854,0.270530,0.015873,0.997505,-0.008453,0.068869,0.490397,0.229368,0.058928,0.627746,-0.058253,0.015763
0.761940,0.118693,0.186687,0.937202,0.246228,0.178976,0.963625,0.038956,0.189214,0.560255,0.198431,0.184161,0.586678,-0.008841,0.194398,0.832111,0.270654,0.015997,1.004522,-0.007621,0.069413,0.507345,0.231818,0.067923,0.628816,-0.058161,0.015859
0.776024,0.120057,0.191847,0.951230,0.247718,0.185016,0.977747,0.040423,0.194506,0.574300,0.199692,0.189188,0.600818,-0.007604,0.198679,0.833377,0.270772,0.016000,1.008352,-0.007200,0.070668,0.525654,0.234165,0.076232,0.629755,-0.058139,0.015877
0.790833,0.121099,0.197847,0.965960,0.248900,0.191634,0.992604,0.041569,0.199897,0.589061,0.200630,0.195797,0.615705,-0.006701,0.204060,0.834710,0.270886,0.015822,1.009241,-0.007219,0.072773,0.546287,0.236429,0.081271,0.630668,-0.058137,0.015901
0.806114,0.122027,0.203611,0.981098,0.249999,0.196908,1.007955,0.042646,0.203841,0.604273,0.201409,0.203381,0.631130,-0.005944,0.210314,0.836117,0.271022,0.015861,1.008196,-0.007587,0.071966,0.570103,0.238655,0.078297,0.631454,-0.058257,0.015933
0.820946,0.123030,0.207164,0.995275,0.251797,0.198823,1.023105,0.044523,0.204098,0.618786,0.201536,0.210230,0.646617,-0.005737,0.215504,0.866585,0.275770,0.017263,1.007373,-0.007059,0.062738,0.598992,0.241021,0.063642,0.626280,-0.059380,0.017475
0.834892,0.123878,0.207183,1.007995,0.254201,0.197554,1.037640,0.047133,0.200513,0.632144,0.200624,0.213852,0.661790,-0.006444,0.216811,0.918483,0.284815,0.023417,1.009817,-0.004981,0.045684,0.636373,0.244746,0.045843,0.617174,-0.061414,0.030383
0.848404,0.124603,0.203428,1.020138,0.256740,0.194019,1.051828,0.049954,0.194077,0.644980,0.199253,0.212778,0.676670,-0.007533,0.212837,0.978022,0.296221,0.032660,1.008889,-0.002656,0.019971,0.678965,0.250391,0.034373,0.611244,-0.063585,0.052679
0.861633,0.125381,0.196477,1.032692,0.258436,0.187752,1.065435,0.051817,0.186750,0.657832,0.198944,0.206203,0.690574,-0.007675,0.205201,1.024678,0.303907,0.038821,1.010237,-0.002119,0.015833,0.713634,0.254682,0.025317,0.616261,-0.064826,0.072633
0.874504,0.127265,0.188511,1.045430,0.260588,0.181415,1.078492,0.054020,0.180441,0.670516,0.200510,0.196580,0.703578,-0.006058,0.195606,1.057277,0.309162,0.043865,1.011338,-0.001981,0.015849,0.725833,0.256246,0.015620,0.631669,-0.063028,0.074972
0.887283,0.129278,0.182616,1.058279,0.262582,0.176989,1.091313,0.056009,0.175940,0.683253,0.202547,0.189292,0.716287,-0.004026,0.188243,1.080631,0.312853,0.045380,1.012470,-0.001815,0.015923,0.727165,0.256478,0.015788,0.652510,-0.059685,0.076474
0.900215,0.131469,0.180400,1.071247,0.264744,0.175208,1.104251,0.058166,0.174293,0.696179,0.204771,0.186507,0.729183,-0.001807,0.185592,1.099998,0.315934,0.046603,1.013641,-0.001635,0.015841,0.728419,0.256704,0.015971,0.672905,-0.056345,0.077126
0.913261,0.134425,0.181040,1.084332,0.267642,0.175611,1.117294,0.061055,0.175689,0.709229,0.207795,0.186392,0.742191,0.001209,0.186469,1.116814,0.318801,0.046033,1.014799,-0.001384,0.015923,0.729512,0.256993,0.015960,0.693304,-0.052657,0.078061
0.926376,0.138558,0.183336,1.097492,0.271688,0.177246,1.130416,0.065108,0.179611,0.722336,0.212009,0.187062,0.755260,0.005429,0.189427,1.130450,0.321411,0.041350,1.015999,-0.001029,0.015875,0.730537,0.257382,0.015889,0.716210,-0.048108,0.077061
0.939598,0.143797,0.186037,1.110948,0.276545,0.178401,1.143534,0.069984,0.184347,0.735662,0.217610,0.187728,0.768248,0.011049,0.193674,1.136944,0.322328,0.027357,1.017049,-0.000852,0.015810,0.731687,0.258068,0.015898,0.744795,-0.042270,0.069009
0.952759,0.149014,0.187977,1.124616,0.280895,0.177317,1.156383,0.074336,0.186747,0.749134,0.223691,0.189206,0.780902,0.017132,0.198637,1.135868,0.321281,0.015779,1.049380,0.004118,0.017437,0.731718,0.259132,0.015912,0.783916,-0.035338,0.047448
0.966049,0.153089,0.189376,1.138007,0.284655,0.176654,1.169587,0.078175,0.188189,0.762511,0.228003,0.190563,0.794091,0.021522,0.202098,1.136808,0.321533,0.015772,1.111476,0.013909,0.021187,0.732159,0.259645,0.015788,0.831054,-0.028221,0.034771
0.979843,0.155938,0.189056,1.151819,0.287400,0.175512,1.183358,0.080962,0.187900,0.776328,0.230914,0.190211,0.807867,0.024477,0.202599,1.137984,0.321758,0.015764,1.176099,0.024289,0.029490,0.733148,0.259905,0.015737,0.882363,-0.020549,0.030140
0.994011,0.157524,0.186379,1.165967,0.289012,0.172852,1.197524,0.082551,0.184794,0.790497,0.232497,0.187963,0.822054,0.026036,0.199905,1.139171,0.321890,0.015880,1.224436,0.032365,0.042208,0.734270,0.259996,0.015779,0.926491,-0.014052,0.027048
1.008163,0.158181,0.181984,1.179867,0.290145,0.169961,1.211856,0.083688,0.180772,0.804471,0.232674,0.183197,0.836460,0.026217,0.194008,1.140326,0.322007,0.015939,1.255614,0.037779,0.054056,0.741256,0.260163,0.015717,0.947755,-0.011915,0.015978
1.021660,0.159448,0.178360,1.193407,0.291474,0.167723,1.225361,0.084971,0.177737,0.817959,0.233924,0.178983,0.849913,0.027421,0.188997,1.141618,0.322144,0.015960,1.275129,0.041120,0.064131,0.754186,0.262570,0.023717,0.949089,-0.011666,0.015991
1.034668,0.161703,0.177243,1.206444,0.293741,0.167237,1.238379,0.087252,0.177595,0.830957,0.236154,0.176890,0.862891,0.029666,0.187249,1.142932,0.322373,0.015887,1.290352,0.043783,0.068761,0.769062,0.265501,0.034796,0.950319,-0.011455,0.015909
1.047577,0.164305,0.178190,1.219386,0.296356,0.168955,1.251296,0.089896,0.179949,0.843858,0.238713,0.176431,0.875768,0.032254,0.187425,1.144234,0.322634,0.015711,1.304229,0.046145,0.069541,0.784233,0.268477,0.043579,0.951475,-0.011241,0.015727
1.060539,0.166854,0.180521,1.232374,0.298938,0.172298,1.264260,0.092502,0.183788,0.856818,0.241206,0.177254,0.888704,0.034770,0.188745,1.145528,0.322869,0.015755,1.316037,0.048078,0.069474,0.799674,0.271430,0.051353,0.952621,-0.011050,0.015665
1.073631,0.169253,0.183944,1.245475,0.301387,0.176757,1.277350,0.094962,0.188471,0.869912,0.243545,0.179417,0.901788,0.037120,0.191131,1.146755,0.323079,0.015960,1.324922,0.049542,0.070326,0.815658,0.274445,0.059884,0.953686,-0.010877,0.015791
1.087013,0.171424,0.188431,1.258847,0.303618,0.182176,1.290733,0.097185,0.193730,0.883294,0.245663,0.183132,0.915180,0.039230,0.194687,1.147976,0.323251,0.016018,1.330674,0.050488,0.072105,0.832524,0.277498,0.069121,0.954697,-0.010736,0.015840
1.100998,0.173314,0.194027,1.272748,0.305651,0.188538,1.304761,0.099203,0.199456,0.897235,0.247425,0.188597,0.929248,0.040977,0.199516,1.149283,0.323435,0.015959,1.333365,0.050968,0.074381,0.851033,0.280424,0.077174,0.955620,-0.010704,0.015834
1.115746,0.174879,0.200434,1.287392,0.307369,0.195411,1.319569,0.100890,0.205196,0.911922,0.248868,0.195672,0.944100,0.042389,0.205458,1.150643,0.323594,0.015788,1.333520,0.050954,0.077305,0.872175,0.283285,0.080939,0.956453,-0.010717,0.015927
1.130669,0.176435,0.206037,1.302047,0.309223,0.199881,1.334647,0.102762,0.208595,0.926691,0.250107,0.203480,0.959290,0.043646,0.212194,1.152172,0.323846,0.015907,1.332278,0.050714,0.075418,0.896571,0.285970,0.074739,0.956968,-0.011054,0.016011
1.144905,0.177907,0.209001,1.315387,0.311726,0.200666,1.349332,0.105445,0.208455,0.940479,0.250369,0.209548,0.974423,0.044088,0.217337,1.190200,0.330215,0.015186,1.332547,0.051140,0.064117,0.927095,0.288519,0.057516,0.950006,-0.013341,0.023541
1.158485,0.179184,0.208351,1.327481,0.314673,0.197192,1.363568,0.108726,0.204128,0.953403,0.249642,0.212574,0.989490,0.043695,0.219510,1.218148,0.335819,0.023103,1.333227,0.051869,0.044614,0.959472,0.291187,0.043735,0.940730,-0.017089,0.039243
1.171379,0.180166,0.204342,1.338487,0.317918,0.192484,1.377243,0.112373,0.196254,0.965515,0.247959,0.212430,1.004271,0.042415,0.216200,1.276158,0.349428,0.029129,1.329563,0.053843,0.017304,0.993493,0.296234,0.034741,0.936458,-0.019432,0.063390
1.183792,0.181063,0.197648,1.349779,0.320150,0.185637,1.390167,0.114913,0.188995,0.977417,0.247212,0.206301,1.017805,0.041975,0.209658,1.327713,0.359636,0.032884,1.330601,0.054031,0.015831,1.022801,0.299500,0.024723,0.944341,-0.020821,0.086703
1.196022,0.182986,0.190206,1.361671,0.322540,0.178966,1.402610,0.117412,0.182292,0.989434,0.248560,0.198121,1.030373,0.043432,0.201447,1.365211,0.367343,0.039838,1.331679,0.054205,0.015856,1.032470,0.300544,0.015723,0.961072,-0.018565,0.089586
1.208488,0.185089,0.184759,1.374168,0.324653,0.174117,1.415088,0.119516,0.177133,1.001889,0.250662,0.192384,1.042809,0.045525,0.195401,1.390659,0.372344,0.041553,1.332763,0.054372,0.015826,1.033729,0.300768,0.015897,0.981843,-0.014524,0.090834
1.221382,0.187836,0.182531,1.387093,0.327363,0.171894,1.427977,0.122223,0.175139,1.014787,0.253449,0.189924,1.055671,0.048308,0.193169,1.411241,0.376465,0.041684,1.333915,0.054609,0.015944,1.034890,0.301053,0.015945,1.002396,-0.010284,0.090400
1.234505,0.191739,0.182817,1.400268,0.331174,0.171793,1.441111,0.126053,0.176470,1.027898,0.257425,0.189163,1.068741,0.052304,0.193840,1.428742,0.380183,0.039565,1.335081,0.054927,0.015944,1.036000,0.301441,0.015898,1.023988,-0.005344,0.089328
1.247780,0.197094,0.184485,1.413595,0.336400,0.172646,1.454428,0.131366,0.180289,1.041132,0.262822,0.188680,1.081964,0.057788,0.196323,1.441610,0.383095,0.031587,1.336246,0.055326,0.015808,1.037176,0.301969,0.015952,1.049381,0.000736,0.083937
1.261078,0.203177,0.185935,1.427245,0.341821,0.171534,1.467561,0.136865,0.183028,1.054595,0.269490,0.188842,1.094910,0.064534,0.200336,1.443721,0.382718,0.015759,1.337975,0.055609,0.015851,1.038274,0.302973,0.015912,1.082461,0.008169,0.066151
1.274117,0.208487,0.187315,1.440706,0.346417,0.171060,1.480385,0.141486,0.184982,1.067848,0.275487,0.189647,1.107527,0.070556,0.203569,1.444826,0.383061,0.015757,1.403673,0.068733,0.015644,1.037806,0.304259,0.015838,1.128075,0.017033,0.040107
1.287651,0.212153,0.187595,1.454333,0.349967,0.171295,1.493908,0.145090,0.186254,1.081394,0.279217,0.188937,1.120969,0.074340,0.203895,1.446005,0.383408,0.015708,1.473637,0.082827,0.022741,1.038631,0.304715,0.015665,1.179251,0.026485,0.029903
1.301704,0.214216,0.185675,1.468372,0.352103,0.169853,1.507973,0.147190,0.184246,1.095436,0.281242,0.187104,1.135037,0.076330,0.201497,1.447210,0.383595,0.015818,1.527198,0.094025,0.035050,1.039667,0.304828,0.015734,1.228279,0.035708,0.027233
1.315941,0.215095,0.181905,1.482542,0.353225,0.167582,1.522254,0.148215,0.180176,1.109627,0.281974,0.183634,1.149339,0.076964,0.196229,1.448434,0.383679,0.015910,1.563299,0.101680,0.048209,1.043047,0.305137,0.015662,1.263151,0.041664,0.017691
1.329643,0.216115,0.177932,1.496216,0.354442,0.165270,1.535995,0.149352,0.176224,1.123292,0.282878,0.179640,1.163071,0.077788,0.190594,1.449731,0.383811,0.015936,1.585258,0.106293,0.059149,1.055309,0.307429,0.018160,1.264440,0.041764,0.016007
1.342705,0.218376,0.176222,1.509292,0.356750,0.164277,1.549070,0.151646,0.174981,1.136339,0.285107,0.177462,1.176118,0.080002,0.188167,1.450954,0.384052,0.015950,1.600885,0.109636,0.065752,1.070306,0.310986,0.030466,1.265646,0.042018,0.015917
1.355705,0.221223,0.176906,1.522319,0.359628,0.165723,1.562089,0.154539,0.176747,1.149321,0.287906,0.177064,1.189092,0.082818,0.188089,1.452297,0.384353,0.015821,1.615140,0.112594,0.067517,1.085867,0.314646,0.040958,1.266844,0.042270,0.015741
1.368752,0.224165,0.179179,1.535387,0.362623,0.169025,1.575155,0.157552,0.180382,1.162348,0.290778,0.177976,1.202116,0.085707,0.189333,1.453620,0.384642,0.015728,1.627754,0.115144,0.067650,1.101711,0.318272,0.049547,1.267994,0.042498,0.015654
1.381912,0.226999,0.182557,1.548559,0.365524,0.173554,1.588328,0.160459,0.185031,1.175496,0.293539,0.180084,1.215266,0.088475,0.191560,1.454927,0.384902,0.015783,1.637698,0.117139,0.068373,1.117913,0.321913,0.058120,1.269080,0.042708,0.015797
1.395317,0.229621,0.186896,1.561952,0.368227,0.178992,1.601744,0.163155,0.190242,1.188890,0.296087,0.183550,1.228683,0.091015,0.194800,1.456159,0.385122,0.016002,1.644567,0.118506,0.070071,1.134778,0.325578,0.067373,1.270072,0.042865,0.015868
1.409302,0.231991,0.192259,1.575894,0.370699,0.185308,1.615750,0.165602,0.195863,1.202854,0.298380,0.188654,1.242710,0.093283,0.199210,1.457463,0.385331,0.016008,1.648316,0.119214,0.072341,1.153004,0.329250,0.075914,1.271025,0.042989,0.015843
1.423996,0.234050,0.198468,1.590476,0.372925,0.192214,1.630497,0.167803,0.201574,1.217495,0.300297,0.195362,1.257516,0.095174,0.204722,1.458782,0.385535,0.015832,1.649152,0.119321,0.075174,1.173545,0.332852,0.080901,1.271872,0.043006,0.015925
1.439072,0.236001,0.204367,1.605409,0.375027,0.197667,1.645635,0.169889,0.205716,1.232508,0.302114,0.203018,1.272734,0.096975,0.211067,1.460114,0.385751,0.015851,1.648257,0.118913,0.074716,1.197218,0.336619,0.077509,1.272589,0.042941,0.015944
1.453705,0.237953,0.207991,1.619442,0.377622,0.199931,1.660505,0.172592,0.206335,1.246905,0.303314,0.209646,1.287968,0.098284,0.216050,1.490192,0.392359,0.015805,1.647784,0.119264,0.065290,1.226326,0.340963,0.062252,1.267966,0.041719,0.018060
1.467659,0.239500,0.207921,1.632335,0.380305,0.198073,1.674856,0.175543,0.203453,1.260462,0.303458,0.212390,1.302983,0.098695,0.217770,1.530286,0.400927,0.022186,1.649929,0.119910,0.050394,1.262176,0.345867,0.045622,1.258181,0.038109,0.033283
1.481026,0.240839,0.204358,1.644346,0.383204,0.194362,1.688739,0.178793,0.197539,1.273312,0.302885,0.211177,1.317706,0.098474,0.214354,1.589940,0.415341,0.029504,1.648819,0.120943,0.026068,1.302450,0.352975,0.034060,1.252585,0.035356,0.056075
1.494125,0.241972,0.197228,1.656759,0.385148,0.187628,1.702077,0.180919,0.188874,1.286174,0.303025,0.205582,1.331492,0.098796,0.206828,1.640014,0.427065,0.036078,1.647701,0.121242,0.015841,1.336252,0.359590,0.024734,1.258561,0.035268,0.077584
1.506798,0.244115,0.188892,1.669329,0.387479,0.180428,1.714839,0.183290,0.181134,1.298756,0.304940,0.196650,1.344267,0.100751,0.197356,1.675459,0.434931,0.041868,1.648701,0.121411,0.015863,1.347931,0.361840,0.015674,1.274676,0.038273,0.081102
1.519440,0.246598,0.182765,1.682027,0.389960,0.175418,1.727505,0.185763,0.175767,1.311374,0.307434,0.189764,1.356852,0.103237,0.190112,1.700177,0.440341,0.043875,1.649799,0.121620,0.015890,1.349250,0.362136,0.015796,1.295805,0.042893,0.082107
1.532272,0.249480,0.180414,1.694886,0.392823,0.173289,1.740339,0.188621,0.173665,1.324206,0.310339,0.187163,1.369659,0.106137,0.187539,1.720013,0.444742,0.044816,1.650916,0.121863,0.015884,1.350441,0.362426,0.015966,1.316266,0.047495,0.081921
1.545250,0.253315,0.180961,1.707913,0.396585,0.173490,1.753316,0.192376,0.174943,1.337184,0.314254,0.186980,1.382587,0.110045,0.188433,1.737056,0.448702,0.043793,1.652128,0.122186,0.015958,1.351539,0.362789,0.015940,1.336906,0.052571,0.082040
1.558311,0.258482,0.183161,1.721026,0.401651,0.174928,1.766398,0.197468,0.178862,1.350225,0.319496,0.187460,1.395597,0.115313,0.191393,1.750587,0.452154,0.038329,1.653324,0.122634,0.015817,1.352647,0.363296,0.015919,1.360281,0.058751,0.079875
1.571358,0.264705,0.185637,1.734414,0.407361,0.175485,1.779328,0.203189,0.183309,1.363388,0.326221,0.187966,1.408301,0.122049,0.195790,1.755677,0.452700,0.021340,1.654528,0.122748,0.015835,1.353795,0.364086,0.015900,1.389765,0.066552,0.069222
1.584290,0.270706,0.187489,1.747900,0.412532,0.174904,1.791996,0.208300,0.185362,1.376583,0.333113,0.189616,1.420680,0.128880,0.200074,1.756340,0.452762,0.015793,1.691758,0.131607,0.019486,1.353119,0.365707,0.015917,1.430840,0.076567,0.044789
