-0.024338,-0.012553,0.322156,0.169058,0.085622,0.321195,0.162021,-0.123338,0.328340,-0.210696,0.098232,0.315973,-0.217734,-0.110727,0.323118,0.167313,0.125214,0.146648,0.163615,-0.174903,0.152608,-0.220062,0.138019,0.139592,-0.194548,-0.163399,0.136302
-0.036636,-0.018918,0.300945,0.157956,0.076767,0.296565,0.148372,-0.131966,0.306714,-0.221644,0.094130,0.295176,-0.231229,-0.114603,0.305324,0.140953,0.115456,0.139342,0.195849,-0.186271,0.171522,-0.205443,0.130240,0.116273,-0.190560,-0.169871,0.143892
-0.046104,-0.025488,0.278853,0.148521,0.070026,0.272587,0.138857,-0.138653,0.283739,-0.231066,0.087678,0.273967,-0.240730,-0.121001,0.285119,0.128262,0.108175,0.116298,0.178666,-0.193737,0.140091,-0.224455,0.123465,0.096770,-0.193105,-0.178122,0.110127
-0.053871,-0.032197,0.254235,0.140106,0.064565,0.247076,0.131828,-0.144199,0.257744,-0.239571,0.079805,0.250725,-0.247848,-0.128959,0.261394,0.106497,0.102523,0.072537,0.135362,-0.198578,0.087621,-0.240250,0.115460,0.056655,-0.216537,-0.185829,0.064066
-0.063248,-0.038740,0.225016,0.130103,0.059174,0.216685,0.123127,-0.149651,0.227085,-0.249623,0.072171,0.222946,-0.256599,-0.136654,0.233347,0.103857,0.096830,0.040955,0.094299,-0.203867,0.033395,-0.240899,0.107078,0.015469,-0.230966,-0.193568,0.022012
-0.071815,-0.044569,0.197382,0.121411,0.053148,0.184897,0.114209,-0.155859,0.190257,-0.257840,0.066721,0.204506,-0.265042,-0.142286,0.209867,0.102594,0.094956,0.015963,0.082651,-0.204731,0.016072,-0.240611,0.106780,0.015839,-0.230730,-0.193938,0.015812
-0.074986,-0.048414,0.180712,0.117765,0.049522,0.163487,0.110581,-0.159551,0.164751,-0.260552,0.062722,0.196674,-0.267736,-0.146351,0.197938,0.099784,0.094725,0.015862,0.081412,-0.204925,0.015964,-0.240546,0.106419,0.015837,-0.230438,-0.194210,0.015904
-0.071560,-0.051112,0.173398,0.121029,0.047127,0.156082,0.113894,-0.161944,0.154313,-0.257014,0.059720,0.192483,-0.264149,-0.149351,0.190714,0.099802,0.094516,0.015871,0.081434,-0.205143,0.015936,-0.240155,0.106118,0.015712,-0.229863,-0.194520,0.015936
-0.063210,-0.052616,0.172672,0.129379,0.045749,0.156076,0.122250,-0.163304,0.152824,-0.248669,0.058073,0.192519,-0.255798,-0.150980,0.189268,0.100631,0.094391,0.015894,0.082269,-0.205293,0.015869,-0.239452,0.105989,0.015814,-0.229110,-0.194676,0.015913
-0.052849,-0.053014,0.175278,0.139688,0.045515,0.159073,0.132757,-0.163546,0.155930,-0.238454,0.057518,0.194626,-0.245386,-0.151544,0.191483,0.101779,0.094405,0.015877,0.084181,-0.205310,0.015842,-0.248841,0.106003,0.017644,-0.228347,-0.194949,0.015874
-0.042202,-0.052652,0.178181,0.150439,0.045797,0.162739,0.143515,-0.163276,0.160501,-0.227919,0.057971,0.195860,-0.234843,-0.151102,0.193622,0.102923,0.094420,0.015901,0.103574,-0.205948,0.021927,-0.263460,0.106429,0.027349,-0.227554,-0.194918,0.015881
-0.031422,-0.051823,0.180636,0.161323,0.046523,0.165843,0.154412,-0.162562,0.165013,-0.217255,0.058915,0.196259,-0.224166,-0.150169,0.195430,0.104057,0.094486,0.015831,0.130889,-0.206738,0.033652,-0.269777,0.106720,0.046587,-0.226790,-0.194845,0.015864
-0.020321,-0.050698,0.183554,0.172469,0.047540,0.168641,0.165575,-0.161544,0.169524,-0.206217,0.060148,0.197583,-0.213111,-0.148937,0.198466,0.105194,0.094588,0.015839,0.153117,-0.207130,0.046181,-0.263342,0.106965,0.069300,-0.226131,-0.194754,0.015848
-0.008736,-0.049848,0.187667,0.184068,0.048298,0.172336,0.177180,-0.160776,0.174577,-0.194652,0.061080,0.200758,-0.201540,-0.147994,0.202999,0.106348,0.094659,0.015854,0.168732,-0.207250,0.055615,-0.248507,0.107088,0.084714,-0.225595,-0.194685,0.015834
0.003361,-0.049833,0.192648,0.196169,0.048297,0.177271,0.189293,-0.160774,0.179901,-0.182572,0.061107,0.205395,-0.189448,-0.147964,0.208025,0.107512,0.094660,0.015862,0.179179,-0.207385,0.063339,-0.230255,0.106696,0.089522,-0.225145,-0.194685,0.015825
0.015701,-0.050720,0.197604,0.208510,0.047463,0.182575,0.201645,-0.161614,0.184620,-0.170242,0.060174,0.210589,-0.177108,-0.148903,0.212633,0.108666,0.094588,0.015931,0.185798,-0.207714,0.067752,-0.209016,0.105695,0.084965,-0.224720,-0.194742,0.015786
0.027702,-0.051993,0.200946,0.220462,0.046233,0.185567,0.213573,-0.162850,0.186665,-0.158168,0.058864,0.215227,-0.165057,-0.150220,0.216326,0.109745,0.094465,0.015956,0.188748,-0.208161,0.062335,-0.182845,0.104396,0.071324,-0.224350,-0.194795,0.015757
0.038857,-0.053293,0.201098,0.231267,0.045566,0.185408,0.224945,-0.163538,0.185030,-0.147232,0.056952,0.217166,-0.153554,-0.152152,0.216789,0.143195,0.093999,0.019337,0.185974,-0.207572,0.041581,-0.148804,0.102769,0.051816,-0.224526,-0.195129,0.023726
0.049473,-0.054648,0.197442,0.241469,0.045144,0.182606,0.236001,-0.163971,0.180215,-0.137056,0.054675,0.214669,-0.142524,-0.154440,0.212279,0.193980,0.093654,0.025192,0.181375,-0.206128,0.015456,-0.108212,0.101431,0.036032,-0.224719,-0.195834,0.043835
0.059658,-0.055556,0.191023,0.251561,0.044607,0.177542,0.246476,-0.164511,0.174618,-0.127160,0.053399,0.207428,-0.132245,-0.155719,0.204505,0.239843,0.092376,0.033373,0.182253,-0.206196,0.015771,-0.071572,0.100127,0.020626,-0.218095,-0.197107,0.062027
0.069607,-0.055697,0.184765,0.261593,0.044498,0.172798,0.256575,-0.164622,0.169953,-0.117362,0.053227,0.199577,-0.122380,-0.155893,0.196732,0.271891,0.091520,0.040357,0.183162,-0.206232,0.015898,-0.065753,0.099956,0.015794,-0.203919,-0.197638,0.066925
0.079529,-0.055668,0.180934,0.271618,0.044460,0.170110,0.266561,-0.164663,0.167502,-0.107503,0.053326,0.194366,-0.112560,-0.155797,0.191758,0.293706,0.090988,0.042192,0.184085,-0.206244,0.015897,-0.064717,0.099984,0.015886,-0.187003,-0.197976,0.072501
0.089783,-0.055272,0.180118,0.281946,0.044767,0.169781,0.276843,-0.164363,0.167916,-0.097277,0.053819,0.192321,-0.102380,-0.155310,0.190455,0.310947,0.090658,0.042644,0.185047,-0.206232,0.015914,-0.063781,0.100040,0.015992,-0.171080,-0.198080,0.076272
0.100361,-0.054265,0.181413,0.292577,0.045661,0.170970,0.287435,-0.163476,0.170584,-0.086714,0.054947,0.192241,-0.091855,-0.154190,0.191855,0.325272,0.090559,0.041564,0.186012,-0.206161,0.015828,-0.062919,0.100150,0.015906,-0.155063,-0.197892,0.079270
0.111191,-0.052365,0.183813,0.303462,0.047396,0.172825,0.298277,-0.161730,0.174899,-0.075895,0.056999,0.192728,-0.081080,-0.152126,0.194802,0.336836,0.090697,0.037991,0.187016,-0.206014,0.015954,-0.062005,0.100367,0.015883,-0.136977,-0.197341,0.080455
0.122234,-0.049479,0.186469,0.314565,0.050044,0.174411,0.309319,-0.159016,0.179987,-0.064850,0.060059,0.192950,-0.070096,-0.149001,0.198527,0.343949,0.090929,0.029805,0.187993,-0.205828,0.015949,-0.061093,0.100724,0.015938,-0.115048,-0.196591,0.077161
0.133331,-0.046056,0.188332,0.325855,0.052763,0.173815,0.320151,-0.156132,0.183558,-0.053488,0.064021,0.193107,-0.059192,-0.144874,0.202850,0.342877,0.090442,0.015748,0.189168,-0.205895,0.015844,-0.060044,0.101452,0.015925,-0.086221,-0.196124,0.064117
0.144165,-0.043169,0.189654,0.336937,0.054875,0.173296,0.330659,-0.153841,0.186049,-0.042328,0.067503,0.193260,-0.048606,-0.141213,0.206013,0.343742,0.090600,0.015760,0.243823,-0.207194,0.015687,-0.060758,0.102773,0.015859,-0.046787,-0.196791,0.042874
0.155174,-0.041906,0.189632,0.348028,0.055910,0.172877,0.341621,-0.152692,0.187333,-0.031273,0.068879,0.191931,-0.037679,-0.139722,0.206387,0.344707,0.090700,0.015703,0.307610,-0.208686,0.021991,-0.060161,0.103142,0.015810,-0.000226,-0.198547,0.031877
0.166500,-0.042337,0.187452,0.359372,0.055489,0.170978,0.352961,-0.153106,0.185517,-0.019961,0.068431,0.189386,-0.026372,-0.140164,0.203926,0.345656,0.090679,0.015836,0.357612,-0.209495,0.032525,-0.059197,0.103115,0.015727,0.046476,-0.200300,0.027247
0.177956,-0.044152,0.183457,0.370848,0.053840,0.168255,0.364459,-0.154848,0.181415,-0.008548,0.066543,0.185499,-0.014937,-0.142145,0.198659,0.346623,0.090536,0.015901,0.392212,-0.209982,0.043083,-0.058194,0.102921,0.015759,0.081186,-0.201954,0.019391
0.189083,-0.046190,0.178899,0.381962,0.052061,0.165278,0.375679,-0.156727,0.176793,0.002487,0.064348,0.181005,-0.003796,-0.144441,0.192520,0.347588,0.090399,0.015943,0.414322,-0.210274,0.052683,-0.052080,0.102414,0.015720,0.085532,-0.202403,0.016011
0.199734,-0.047249,0.175970,0.392613,0.051130,0.163301,0.386387,-0.157696,0.174143,0.013081,0.063198,0.177796,0.006855,-0.145628,0.188638,0.348610,0.090325,0.015996,0.429154,-0.210411,0.060345,-0.042507,0.102438,0.024700,0.086574,-0.202503,0.015930
0.210167,-0.047725,0.175316,0.403076,0.050719,0.163657,0.396859,-0.158116,0.174324,0.023475,0.062667,0.176309,0.017257,-0.146168,0.186976,0.349676,0.090293,0.015934,0.441448,-0.210644,0.063298,-0.031180,0.102496,0.032846,0.087556,-0.202533,0.015807
0.220562,-0.048016,0.176371,0.413504,0.050506,0.165968,0.407300,-0.158333,0.176578,0.033824,0.062301,0.176164,0.027620,-0.146538,0.186774,0.350779,0.090269,0.015829,0.452377,-0.210946,0.063486,-0.019197,0.102437,0.039027,0.088507,-0.202570,0.015615
0.230949,-0.048308,0.178547,0.423911,0.050312,0.169548,0.417736,-0.158533,0.180051,0.044162,0.061917,0.177042,0.037988,-0.146928,0.187545,0.351837,0.090234,0.015710,0.461398,-0.211233,0.063089,-0.006950,0.102297,0.044639,0.089425,-0.202617,0.015730
0.241341,-0.048683,0.181497,0.434315,0.050030,0.173895,0.428162,-0.158828,0.184156,0.054519,0.061462,0.178838,0.048366,-0.147395,0.189099,0.352883,0.090185,0.015780,0.468155,-0.211473,0.063211,0.005565,0.102147,0.050979,0.090301,-0.202668,0.015831
0.251865,-0.049228,0.185083,0.444842,0.049569,0.178731,0.438710,-0.159311,0.188537,0.065021,0.060856,0.181629,0.058888,-0.148024,0.191436,0.353901,0.090114,0.015918,0.472509,-0.211662,0.064173,0.018706,0.101951,0.058422,0.091120,-0.202732,0.015881
0.262688,-0.050034,0.189396,0.455646,0.048860,0.184089,0.449563,-0.160056,0.193129,0.075813,0.059989,0.185664,0.069729,-0.148927,0.194704,0.354891,0.090032,0.015998,0.474508,-0.211805,0.065779,0.032905,0.101581,0.066200,0.091884,-0.202822,0.015876
0.274002,-0.051204,0.194502,0.466923,0.047806,0.190055,0.460922,-0.161160,0.197921,0.087082,0.058752,0.191083,0.081081,-0.150214,0.198949,0.355953,0.089942,0.015998,0.474200,-0.211937,0.067899,0.049081,0.100877,0.072412,0.092596,-0.202936,0.015906
0.285847,-0.052701,0.200046,0.478730,0.046400,0.196013,0.472806,-0.162618,0.202422,0.098887,0.057216,0.197669,0.092964,-0.151802,0.204078,0.357066,0.089814,0.015855,0.471830,-0.212172,0.068949,0.068245,0.099784,0.074083,0.093282,-0.203070,0.015922
0.297802,-0.054114,0.204565,0.490418,0.045454,0.199446,0.485019,-0.163617,0.204429,0.110585,0.055388,0.204700,0.105186,-0.153683,0.209684,0.360910,0.089898,0.015745,0.468777,-0.212016,0.064307,0.091048,0.098083,0.066770,0.093641,-0.203480,0.015966
0.309166,-0.055419,0.206384,0.501031,0.045478,0.199394,0.497089,-0.163654,0.203022,0.121242,0.052815,0.209746,0.117301,-0.156317,0.213374,0.405051,0.089598,0.017586,0.466465,-0.211194,0.050127,0.120336,0.095544,0.051061,0.086775,-0.204538,0.021297
0.319996,-0.056706,0.204415,0.510825,0.046061,0.196383,0.508902,-0.163117,0.198734,0.131090,0.049705,0.210096,0.129167,-0.159473,0.212447,0.464224,0.090009,0.024224,0.465765,-0.210073,0.029892,0.158335,0.092963,0.036953,0.075820,-0.206417,0.036280
0.330700,-0.058063,0.198269,0.520773,0.046046,0.189636,0.520286,-0.163150,0.190839,0.141114,0.047023,0.205698,0.140627,-0.162172,0.206902,0.512371,0.090623,0.034263,0.464473,-0.209477,0.015890,0.195706,0.091313,0.025849,0.070702,-0.208320,0.057424
0.341198,-0.058666,0.190334,0.531114,0.045748,0.181925,0.530946,-0.163450,0.182772,0.151450,0.046118,0.197895,0.151282,-0.163080,0.198742,0.545141,0.090616,0.040942,0.465244,-0.209524,0.015836,0.212262,0.090782,0.015667,0.077551,-0.209004,0.067258
0.351505,-0.058832,0.184112,0.541438,0.045593,0.176217,0.541273,-0.163606,0.176914,0.161738,0.045942,0.191310,0.161573,-0.163257,0.192007,0.566724,0.090578,0.042487,0.466105,-0.209533,0.015850,0.213385,0.090767,0.015782,0.091349,-0.209049,0.072588
0.361881,-0.058738,0.181276,0.551817,0.045672,0.173269,0.551641,-0.163527,0.174096,0.172121,0.046051,0.188455,0.171945,-0.163147,0.189283,0.582956,0.090579,0.042592,0.467020,-0.209531,0.015908,0.214396,0.090784,0.015933,0.106436,-0.208993,0.075270
0.372437,-0.058039,0.181256,0.562382,0.046309,0.172696,0.562175,-0.162885,0.174334,0.182698,0.046806,0.188178,0.182491,-0.162387,0.189816,0.596682,0.090701,0.041698,0.467992,-0.209484,0.015856,0.215320,0.090877,0.015959,0.121653,-0.208657,0.077543
0.383163,-0.056485,0.182937,0.573127,0.047758,0.173523,0.572887,-0.161414,0.176938,0.193440,0.048444,0.188935,0.193200,-0.160728,0.192350,0.608349,0.090975,0.038893,0.468948,-0.209380,0.015956,0.216178,0.091049,0.015908,0.138146,-0.207971,0.079003
0.394032,-0.053923,0.185357,0.584006,0.050189,0.174797,0.583765,-0.158918,0.181050,0.204298,0.051071,0.189665,0.204057,-0.158035,0.195918,0.616993,0.091373,0.032745,0.469908,-0.209192,0.015987,0.217032,0.091332,0.015919,0.157671,-0.206985,0.077768
0.405083,-0.050540,0.187582,0.595157,0.053168,0.175035,0.594710,-0.155786,0.185172,0.215455,0.054705,0.189993,0.215008,-0.154248,0.200130,0.619110,0.091038,0.018750,0.470695,-0.209234,0.015942,0.218002,0.091760,0.015948,0.182568,-0.205983,0.070254
0.415977,-0.047351,0.189204,0.606213,0.055773,0.174481,0.605394,-0.152996,0.187871,0.226561,0.058293,0.190538,0.225742,-0.150476,0.203928,0.619919,0.091082,0.015736,0.495629,-0.209000,0.018070,0.218060,0.092673,0.015957,0.217155,-0.205775,0.051309
0.426769,-0.045363,0.190684,0.617041,0.057540,0.174911,0.616151,-0.151077,0.190486,0.237387,0.060351,0.190881,0.236498,-0.148266,0.206457,0.620835,0.091215,0.015712,0.549001,-0.208868,0.023057,0.218704,0.092941,0.015870,0.259095,-0.206428,0.039188
0.437851,-0.044700,0.190729,0.628137,0.058143,0.174731,0.627234,-0.150412,0.191127,0.248468,0.061012,0.190332,0.247565,-0.147542,0.206727,0.621814,0.091261,0.015723,0.609208,-0.208545,0.030589,0.219551,0.093009,0.015815,0.305878,-0.207014,0.033366
0.449234,-0.045422,0.188442,0.639525,0.057463,0.172786,0.638617,-0.151135,0.188611,0.259851,0.060291,0.188272,0.258943,-0.148307,0.204097,0.622766,0.091211,0.015845,0.654790,-0.207964,0.041279,0.220469,0.092952,0.015706,0.348075,-0.207482,0.030028
0.460766,-0.047282,0.184321,0.651061,0.055801,0.170076,0.650189,-0.152922,0.184160,0.271342,0.058359,0.184481,0.270471,-0.150365,0.198566,0.623742,0.091067,0.015921,0.685329,-0.207604,0.051063,0.221670,0.092733,0.015736,0.374784,-0.208476,0.018932
0.471912,-0.049268,0.179517,0.662203,0.054089,0.167355,0.661421,-0.154755,0.179526,0.282404,0.056220,0.179508,0.281621,-0.152624,0.191679,0.624699,0.090939,0.016037,0.704434,-0.207404,0.060100,0.228436,0.092472,0.016876,0.375846,-0.208743,0.015990
0.482483,-0.050044,0.176605,0.672760,0.053458,0.165502,0.672051,-0.155424,0.177024,0.292915,0.055336,0.176186,0.292206,-0.153546,0.187709,0.625718,0.090887,0.015955,0.717997,-0.207193,0.066541,0.238331,0.092714,0.025250,0.376867,-0.208826,0.015964
0.492802,-0.050172,0.175953,0.683101,0.053386,0.165803,0.682395,-0.155500,0.177239,0.303208,0.055155,0.174668,0.302503,-0.153731,0.186104,0.626770,0.090888,0.015914,0.729955,-0.207153,0.068118,0.249267,0.093086,0.032762,0.377855,-0.208825,0.015856
0.503017,-0.050110,0.176952,0.693336,0.053520,0.167968,0.692640,-0.155364,0.179440,0.313395,0.055144,0.174465,0.312699,-0.153740,0.185937,0.627829,0.090900,0.015797,0.740674,-0.207192,0.067466,0.260678,0.093367,0.038414,0.378794,-0.208828,0.015695
0.513222,-0.050062,0.179015,0.703549,0.053661,0.171373,0.702873,-0.155225,0.182813,0.323571,0.055101,0.175217,0.322895,-0.153785,0.186656,0.628850,0.090896,0.015718,0.749497,-0.207265,0.066480,0.272445,0.093577,0.043598,0.379684,-0.208851,0.015667
0.523422,-0.050074,0.181838,0.713747,0.053741,0.175513,0.713093,-0.155153,0.186805,0.333752,0.055005,0.176871,0.333097,-0.153889,0.188162,0.629862,0.090886,0.015770,0.756100,-0.207316,0.066326,0.284583,0.093796,0.049605,0.380548,-0.208872,0.015779
0.533737,-0.050212,0.185310,0.724050,0.053689,0.180134,0.723422,-0.155222,0.191113,0.344052,0.054798,0.179508,0.343424,-0.154113,0.190487,0.630842,0.090853,0.015946,0.760396,-0.207366,0.067036,0.297344,0.094004,0.056836,0.381356,-0.208919,0.015816
0.544334,-0.050565,0.189536,0.734610,0.053447,0.185314,0.734053,-0.155494,0.195701,0.354616,0.054363,0.183371,0.354059,-0.154578,0.193759,0.631826,0.090811,0.016014,0.762493,-0.207398,0.068523,0.311101,0.094082,0.064619,0.382130,-0.209002,0.015869
0.555412,-0.051232,0.194609,0.745632,0.052912,0.191180,0.745184,-0.156075,0.200596,0.365641,0.053612,0.188623,0.365193,-0.155376,0.198039,0.632842,0.090757,0.016007,0.762395,-0.207466,0.070592,0.326711,0.093904,0.071268,0.382830,-0.209117,0.015881
0.567066,-0.052229,0.200271,0.757219,0.052051,0.197311,0.756907,-0.156992,0.205418,0.377225,0.052533,0.195124,0.376914,-0.156510,0.203232,0.633931,0.090681,0.015858,0.760249,-0.207643,0.072323,0.345159,0.093367,0.073988,0.383494,-0.209269,0.015918
0.578934,-0.053191,0.205176,0.768940,0.051323,0.201252,0.768926,-0.157762,0.208181,0.388942,0.051380,0.202171,0.388927,-0.157705,0.209099,0.635263,0.090661,0.015787,0.757206,-0.207836,0.069363,0.367118,0.092423,0.068378,0.383868,-0.209577,0.016047
0.590282,-0.054063,0.207599,0.779729,0.051372,0.201730,0.780787,-0.157741,0.207647,0.399778,0.049616,0.207551,0.400835,-0.159498,0.213469,0.671435,0.091016,0.015221,0.755053,-0.207589,0.057483,0.394902,0.090706,0.053690,0.376111,-0.210554,0.020449
0.601067,-0.054953,0.206286,0.789446,0.052239,0.198258,0.792478,-0.156889,0.202842,0.409655,0.046983,0.209731,0.412688,-0.162144,0.214314,0.703497,0.092611,0.022717,0.751743,-0.206571,0.037408,0.426145,0.088984,0.040704,0.364158,-0.212300,0.032434
0.611202,-0.056098,0.201379,0.798478,0.052950,0.192573,0.803502,-0.156179,0.194630,0.418902,0.043984,0.208128,0.423927,-0.165145,0.210185,0.756029,0.095809,0.031276,0.746803,-0.204766,0.015810,0.458637,0.088663,0.031103,0.356597,-0.213770,0.053384
0.620865,-0.057015,0.194188,0.807739,0.052687,0.184983,0.813467,-0.156430,0.186290,0.428263,0.042400,0.202086,0.433991,-0.166718,0.203392,0.800302,0.097054,0.041284,0.747467,-0.204771,0.015819,0.480936,0.088147,0.015917,0.361635,-0.214998,0.070524
0.630520,-0.057249,0.188154,0.817545,0.052265,0.179816,0.823028,-0.156862,0.180474,0.438012,0.042365,0.195834,0.443495,-0.166762,0.196492,0.829082,0.097606,0.044215,0.748217,-0.204808,0.015854,0.481853,0.088414,0.015809,0.374983,-0.214397,0.077948
0.640480,-0.057202,0.184909,0.827521,0.052304,0.176833,0.832985,-0.156824,0.177260,0.447975,0.042420,0.192559,0.453439,-0.166709,0.192985,0.849410,0.098071,0.044264,0.749091,-0.204811,0.015914,0.482812,0.088436,0.015950,0.389876,-0.214066,0.079350
0.650772,-0.056564,0.184103,0.837838,0.052888,0.175877,0.843260,-0.156240,0.176725,0.458285,0.043112,0.191482,0.463706,-0.166016,0.192329,0.865725,0.098539,0.043130,0.750021,-0.204774,0.015861,0.483715,0.088525,0.015961,0.405194,-0.213452,0.080432
0.661301,-0.054986,0.184934,0.848408,0.054363,0.176285,0.853777,-0.154755,0.178604,0.468824,0.044782,0.191265,0.474194,-0.164336,0.193583,0.879226,0.099119,0.040662,0.750943,-0.204667,0.015944,0.484573,0.088709,0.015860,0.421881,-0.212396,0.080988
0.672028,-0.052288,0.186641,0.859162,0.056956,0.177274,0.864528,-0.152116,0.182276,0.479527,0.047539,0.191007,0.484893,-0.161532,0.196008,0.889131,0.099800,0.035013,0.751911,-0.204462,0.015976,0.485504,0.088983,0.015928,0.441680,-0.210920,0.078902
0.682938,-0.048683,0.188332,0.870207,0.060176,0.177329,0.875339,-0.148774,0.186167,0.490536,0.051408,0.190498,0.495668,-0.157542,0.199336,0.891642,0.099595,0.020997,0.752673,-0.204492,0.015911,0.486449,0.089428,0.015932,0.467017,-0.209225,0.069899
0.693729,-0.045316,0.189476,0.881240,0.062896,0.176393,0.885878,-0.145908,0.188380,0.501581,0.055277,0.190572,0.506219,-0.153528,0.202558,0.891589,0.099441,0.015766,0.777797,-0.203560,0.019142,0.486396,0.090450,0.015925,0.502515,-0.207957,0.049079
0.704441,-0.043123,0.190500,0.892015,0.064810,0.176091,0.896514,-0.143865,0.190201,0.512368,0.057620,0.190798,0.516867,-0.151055,0.204909,0.892380,0.099538,0.015726,0.826000,-0.202144,0.024657,0.486927,0.090804,0.015832,0.543850,-0.207298,0.038384
0.715401,-0.042089,0.190304,0.902988,0.065758,0.175427,0.907463,-0.142853,0.190469,0.523339,0.058675,0.190139,0.527814,-0.149936,0.205181,0.893300,0.099618,0.015799,0.886960,-0.200377,0.030894,0.487735,0.090913,0.015714,0.590258,-0.206582,0.033105
0.726677,-0.042342,0.187828,0.914266,0.065526,0.173121,0.918736,-0.143111,0.187800,0.534618,0.058427,0.187856,0.539088,-0.150209,0.202534,0.894229,0.099607,0.015876,0.934541,-0.198640,0.041461,0.488636,0.090906,0.015738,0.631927,-0.205992,0.029137
0.738071,-0.043707,0.183501,0.925645,0.064368,0.170194,0.930189,-0.144366,0.183394,0.545954,0.056951,0.183609,0.550498,-0.151782,0.196808,0.895183,0.099502,0.015942,0.965728,-0.197459,0.051898,0.490877,0.090686,0.015688,0.656524,-0.206455,0.016067
0.749020,-0.044930,0.178897,0.936562,0.063401,0.167355,0.941230,-0.145410,0.179218,0.556809,0.055549,0.178576,0.561477,-0.153262,0.190438,0.896123,0.099432,0.015981,0.984617,-0.196652,0.061679,0.499498,0.090715,0.018617,0.657606,-0.206559,0.015969
0.759453,-0.044940,0.176510,0.947006,0.063454,0.165764,0.951690,-0.145365,0.177497,0.567215,0.055484,0.175524,0.571899,-0.153335,0.187257,0.897128,0.099450,0.015948,0.998289,-0.196062,0.066982,0.510833,0.091354,0.026052,0.658621,-0.206547,0.015970
0.769661,-0.044450,0.176192,0.957248,0.063974,0.166364,0.961913,-0.144827,0.178412,0.577409,0.055926,0.173972,0.582074,-0.152875,0.186020,0.898161,0.099508,0.015891,1.010659,-0.195639,0.068105,0.522599,0.092044,0.031950,0.659558,-0.206498,0.015875
0.779751,-0.043858,0.177289,0.967366,0.064621,0.168675,0.972017,-0.144160,0.181069,0.587485,0.056445,0.173509,0.592136,-0.152336,0.185902,0.899195,0.099567,0.015769,1.021675,-0.195322,0.067737,0.534315,0.092668,0.036489,0.660463,-0.206457,0.015725
0.789791,-0.043324,0.179290,0.977421,0.065231,0.172084,0.982065,-0.143537,0.184696,0.597517,0.056889,0.173885,0.602161,-0.151879,0.186497,0.900202,0.099611,0.015721,1.030678,-0.195085,0.067418,0.546058,0.093268,0.041121,0.661349,-0.206429,0.015629
0.799809,-0.042873,0.181965,0.987437,0.065766,0.176123,0.992083,-0.142997,0.188819,0.607534,0.057251,0.175110,0.612180,-0.151512,0.187807,0.901182,0.099639,0.015762,1.037453,-0.194881,0.067982,0.557983,0.093898,0.046936,0.662199,-0.206408,0.015745
0.809917,-0.042548,0.185296,0.997539,0.066161,0.180648,1.002183,-0.142608,0.193248,0.617652,0.057511,0.177344,0.622296,-0.151257,0.189944,0.902151,0.099645,0.015974,1.041932,-0.194745,0.069355,0.570440,0.094581,0.054333,0.663015,-0.206406,0.015789
0.820278,-0.042410,0.189424,1.007871,0.066386,0.185738,1.012553,-0.142404,0.197964,0.628004,0.057584,0.180884,0.632686,-0.151206,0.193110,0.903094,0.099638,0.016029,1.044199,-0.194644,0.071402,0.583858,0.095201,0.062504,0.663778,-0.206428,0.015847
0.831123,-0.042555,0.194488,1.018666,0.066351,0.191604,1.023431,-0.142481,0.203068,0.638815,0.057371,0.185908,0.643580,-0.151460,0.197372,0.904089,0.099628,0.016019,1.044292,-0.194629,0.073845,0.599050,0.095620,0.069801,0.664485,-0.206477,0.015880
0.842567,-0.043040,0.200304,1.030060,0.065966,0.197965,1.034924,-0.142922,0.208285,0.650211,0.056843,0.192324,0.655075,-0.152046,0.202644,0.905176,0.099580,0.015864,1.042294,-0.194788,0.076328,0.616945,0.095714,0.073470,0.665125,-0.206554,0.015918
0.854298,-0.043553,0.205646,1.041650,0.065677,0.202660,1.046812,-0.143259,0.211805,0.661783,0.056153,0.199488,0.666945,-0.152784,0.208633,0.906271,0.099658,0.015756,1.039293,-0.194949,0.074809,0.638112,0.095379,0.069366,0.665628,-0.206757,0.015960
0.865608,-0.043977,0.208657,1.052374,0.066192,0.203922,1.058669,-0.142752,0.212140,0.672547,0.054797,0.205174,0.678842,-0.154147,0.213392,0.935392,0.100781,0.015979,1.037329,-0.194705,0.064563,0.664451,0.094186,0.055851,0.659091,-0.207922,0.018282
0.876259,-0.044764,0.208183,1.062135,0.066807,0.201617,1.070074,-0.142109,0.209085,0.682444,0.052581,0.207281,0.690382,-0.156335,0.214748,0.972691,0.102510,0.022292,1.038071,-0.194537,0.049620,0.696161,0.092682,0.041301,0.647440,-0.210066,0.030430
0.886345,-0.045690,0.204184,1.071085,0.067739,0.197382,1.081088,-0.141155,0.202632,0.691601,0.049776,0.205736,0.701605,-0.159119,0.210986,1.029207,0.107062,0.030727,1.035844,-0.193277,0.026017,0.731018,0.092761,0.029892,0.638848,-0.211695,0.049666
0.896255,-0.046767,0.196601,1.080368,0.067694,0.190080,1.091491,-0.141183,0.193456,0.701020,0.047649,0.199746,0.712143,-0.161228,0.203122,1.074435,0.110439,0.037923,1.034365,-0.192617,0.015771,0.758724,0.093319,0.018937,0.640590,-0.212745,0.067882
0.906090,-0.047151,0.188118,1.090169,0.067403,0.182326,1.101366,-0.141481,0.184916,0.710814,0.047180,0.191320,0.722011,-0.161704,0.193911,1.104672,0.111963,0.042294,1.035054,-0.192652,0.015791,0.762329,0.093282,0.015741,0.652141,-0.212496,0.070769
0.915985,-0.047424,0.182365,1.100083,0.067119,0.176988,1.111243,-0.141776,0.178733,0.720727,0.046928,0.185996,0.731887,-0.161967,0.187742,1.125029,0.112851,0.043303,1.035857,-0.192681,0.015880,0.763381,0.093301,0.015909,0.667720,-0.211875,0.072498
0.926090,-0.047267,0.180315,1.110195,0.067257,0.174776,1.121325,-0.141643,0.176096,0.730855,0.047108,0.184535,0.741985,-0.161792,0.185854,1.140838,0.113577,0.043698,1.036742,-0.192676,0.015902,0.764308,0.093341,0.015951,0.682952,-0.211162,0.073451
0.936409,-0.046309,0.180963,1.120519,0.068180,0.174878,1.131626,-0.140718,0.176666,0.741192,0.048101,0.185260,0.752299,-0.160797,0.187047,1.154060,0.114348,0.042733,1.037676,-0.192605,0.015833,0.765181,0.093443,0.015931,0.698148,-0.210152,0.074866
0.946827,-0.044297,0.183083,1.130949,0.070127,0.176196,1.142039,-0.138751,0.179624,0.751615,0.050158,0.186543,0.762705,-0.158720,0.189971,1.164750,0.115194,0.039290,1.038612,-0.192448,0.015969,0.766033,0.093643,0.015897,0.715089,-0.208649,0.075368
0.957352,-0.041175,0.185731,1.141491,0.073146,0.177689,1.152568,-0.135666,0.183955,0.762135,0.053316,0.187506,0.773213,-0.155496,0.193772,1.171458,0.115893,0.031796,1.039524,-0.192238,0.015979,0.766919,0.093956,0.015946,0.735854,-0.206643,0.072784
0.967941,-0.037346,0.187853,1.152364,0.076327,0.177479,1.162905,-0.132373,0.187367,0.772978,0.057680,0.188340,0.783518,-0.151020,0.198228,1.170176,0.115129,0.015882,1.040538,-0.192235,0.015924,0.767785,0.094807,0.015906,0.763142,-0.204059,0.062071
0.978401,-0.033853,0.189363,1.163036,0.079258,0.176830,1.173157,-0.129307,0.189588,0.783646,0.061601,0.189138,0.793767,-0.146964,0.201896,1.171001,0.115382,0.015778,1.086096,-0.189802,0.014953,0.767403,0.095803,0.015886,0.800604,-0.201969,0.042536
0.989090,-0.031752,0.189746,1.173859,0.080986,0.175898,1.183704,-0.127493,0.190189,0.794476,0.063989,0.189302,0.804321,-0.144490,0.203593,1.171802,0.115515,0.015709,1.132186,-0.187045,0.022248,0.767581,0.096433,0.015799,0.843967,-0.200019,0.031544
1.000080,-0.030892,0.188571,1.184858,0.081784,0.174351,1.194680,-0.126662,0.189132,0.805480,0.064877,0.188011,0.815302,-0.143569,0.202792,1.172703,0.115583,0.015802,1.186595,-0.183868,0.031035,0.768438,0.096525,0.015663,0.887733,-0.198117,0.028671
1.011314,-0.031291,0.185429,1.196096,0.081438,0.171687,1.205913,-0.127065,0.185637,0.816716,0.064482,0.185220,0.826532,-0.144021,0.199171,1.173618,0.115557,0.015883,1.228641,-0.181218,0.041845,0.769362,0.096515,0.015743,0.924342,-0.196754,0.023773
1.022533,-0.032515,0.180868,1.207262,0.080492,0.168786,1.217220,-0.128109,0.181082,0.827847,0.063080,0.180653,0.837804,-0.145521,0.192950,1.174532,0.115499,0.015924,1.256339,-0.179439,0.051868,0.772744,0.096307,0.015707,0.937865,-0.196754,0.016034
1.033195,-0.032991,0.177191,1.217907,0.080157,0.166223,1.227927,-0.128492,0.177612,0.838464,0.062510,0.176771,0.848484,-0.146140,0.188160,1.175501,0.115489,0.015970,1.273730,-0.178220,0.061139,0.781242,0.096880,0.021933,0.938927,-0.196764,0.015983
1.043510,-0.032628,0.175735,1.228230,0.080585,0.165588,1.238269,-0.128068,0.176907,0.848752,0.062812,0.174563,0.858791,-0.145840,0.185883,1.176513,0.115549,0.015969,1.286756,-0.177351,0.065448,0.792388,0.097787,0.029263,0.939901,-0.196732,0.015831
1.053696,-0.031917,0.176148,1.238436,0.081348,0.167025,1.248475,-0.127292,0.178571,0.858917,0.063458,0.173725,0.868955,-0.145181,0.185272,1.177566,0.115627,0.015883,1.298345,-0.176688,0.066097,0.804174,0.098691,0.034494,0.940847,-0.196675,0.015755
1.063839,-0.031151,0.177793,1.248598,0.082179,0.169946,1.258631,-0.126449,0.181703,0.869046,0.064147,0.173883,0.879080,-0.144481,0.185639,1.178611,0.115698,0.015748,1.308273,-0.176174,0.065696,0.816025,0.099572,0.039022,0.941767,-0.196623,0.015592
1.073963,-0.030421,0.180243,1.258721,0.082995,0.173721,1.268767,-0.125625,0.185605,0.879159,0.064783,0.174882,0.889206,-0.143838,0.186765,1.179633,0.115764,0.015737,1.316137,-0.175752,0.065679,0.827968,0.100450,0.044196,0.942637,-0.196583,0.015739
1.084126,-0.029784,0.183337,1.268872,0.083716,0.178047,1.278933,-0.124905,0.189908,0.889318,0.065338,0.176766,0.899380,-0.143283,0.188627,1.180623,0.115810,0.015782,1.321769,-0.175426,0.066609,0.840219,0.101387,0.050840,0.943460,-0.196560,0.015786
1.094448,-0.029307,0.187113,1.279174,0.084269,0.182860,1.289258,-0.124365,0.194468,0.899638,0.065751,0.179758,0.909722,-0.142883,0.191366,1.181593,0.115841,0.015976,1.325183,-0.175211,0.068491,0.853149,0.102347,0.058794,0.944265,-0.196552,0.015857
1.105145,-0.029081,0.191745,1.289830,0.084590,0.188360,1.299976,-0.124073,0.199374,0.910313,0.065911,0.184116,0.920459,-0.142752,0.195130,1.182590,0.115846,0.016025,1.326446,-0.175134,0.070910,0.867419,0.103198,0.066757,0.945005,-0.196588,0.015849
1.116405,-0.029184,0.197248,1.301020,0.084620,0.194572,1.311292,-0.124088,0.204570,0.921519,0.065721,0.189926,0.931790,-0.142988,0.199924,1.183647,0.115846,0.015996,1.325540,-0.175206,0.073847,0.883972,0.103803,0.072457,0.945670,-0.196676,0.015922
1.128170,-0.029521,0.203046,1.312737,0.084365,0.200546,1.323109,-0.124396,0.209264,0.933231,0.065354,0.196828,0.943603,-0.143407,0.205546,1.184736,0.115837,0.015837,1.322975,-0.175552,0.075075,0.903663,0.104243,0.072614,0.946267,-0.196739,0.015938
