-0.001034,-0.014389,0.352783,0.188761,0.089773,0.339774,0.188940,-0.119037,0.352536,-0.191007,0.090259,0.353030,-0.190829,-0.118551,0.365792,0.164444,0.123507,0.147010,0.199879,-0.174821,0.184681,-0.213250,0.125482,0.184608,-0.176151,-0.174264,0.199046
-0.002062,-0.022026,0.348447,0.188547,0.080351,0.333334,0.187031,-0.128256,0.348989,-0.191154,0.084204,0.347904,-0.192670,-0.124403,0.363560,0.131106,0.112496,0.148763,0.199156,-0.185599,0.193416,-0.212022,0.116604,0.170273,-0.170411,-0.183154,0.190204
-0.003031,-0.029709,0.341321,0.188400,0.070941,0.325040,0.185173,-0.137501,0.342529,-0.191234,0.078083,0.340113,-0.194461,-0.130359,0.357602,0.114541,0.102720,0.146508,0.200107,-0.195693,0.195397,-0.226804,0.109241,0.161236,-0.169956,-0.191483,0.177281
-0.004444,-0.037346,0.330673,0.187540,0.062093,0.313490,0.183165,-0.146152,0.332962,-0.192053,0.071461,0.328383,-0.196428,-0.136785,0.347856,0.107338,0.092808,0.135658,0.203965,-0.205047,0.196082,-0.238186,0.101906,0.155331,-0.172979,-0.200550,0.159487
-0.006851,-0.044968,0.316311,0.185273,0.054101,0.298570,0.180616,-0.153994,0.319536,-0.194319,0.064058,0.313086,-0.198976,-0.144036,0.334052,0.116630,0.083244,0.119072,0.207016,-0.213699,0.186303,-0.237081,0.093409,0.141397,-0.173657,-0.209909,0.139374
-0.009680,-0.052643,0.297939,0.182328,0.046550,0.279637,0.177905,-0.161457,0.301501,-0.197264,0.056171,0.294378,-0.201687,-0.151836,0.316242,0.138221,0.074834,0.104919,0.205753,-0.222166,0.164449,-0.228639,0.083641,0.114489,-0.170656,-0.219155,0.116939
-0.011890,-0.060371,0.275761,0.179967,0.039082,0.257295,0.175861,-0.168889,0.279563,-0.199642,0.048146,0.271960,-0.203748,-0.159825,0.294227,0.152428,0.067034,0.086285,0.195414,-0.231105,0.129084,-0.221800,0.073681,0.079355,-0.168813,-0.228187,0.089178
-0.013563,-0.068085,0.249925,0.178209,0.031570,0.231666,0.174309,-0.176375,0.254210,-0.201435,0.040206,0.245641,-0.205336,-0.167739,0.268184,0.154139,0.058765,0.056586,0.175411,-0.240926,0.080745,-0.213325,0.063163,0.033577,-0.168902,-0.237084,0.056611
-0.015368,-0.076042,0.221044,0.176609,0.023345,0.203476,0.172217,-0.184898,0.222982,-0.202952,0.032813,0.219106,-0.207344,-0.175429,0.238612,0.155360,0.052673,0.024340,0.150356,-0.248853,0.022728,-0.207753,0.059549,0.015992,-0.164694,-0.242208,0.022728
-0.015251,-0.084190,0.197767,0.176496,0.015426,0.179034,0.172083,-0.193333,0.191869,-0.202586,0.024953,0.203664,-0.206998,-0.183807,0.216499,0.155241,0.051397,0.016000,0.149027,-0.249205,0.015995,-0.206853,0.059047,0.015937,-0.163768,-0.242623,0.015521
-0.011877,-0.089516,0.185130,0.179613,0.010316,0.164976,0.175139,-0.198684,0.172950,-0.198893,0.019652,0.197310,-0.203367,-0.189348,0.205285,0.154199,0.050666,0.015909,0.148522,-0.249596,0.015994,-0.206723,0.058392,0.015915,-0.162970,-0.242938,0.015735
-0.005537,-0.092484,0.178722,0.185790,0.007614,0.158338,0.181342,-0.201480,0.163322,-0.192416,0.016513,0.194123,-0.196864,-0.192581,0.199107,0.154655,0.050355,0.015933,0.148783,-0.249773,0.015936,-0.206326,0.058032,0.015814,-0.162178,-0.243159,0.015862
0.001894,-0.093971,0.175896,0.193194,0.006328,0.156263,0.188811,-0.202797,0.159763,-0.185023,0.014855,0.192029,-0.189406,-0.194270,0.195528,0.155372,0.050239,0.015978,0.149600,-0.249848,0.015945,-0.207504,0.057843,0.015777,-0.161418,-0.243329,0.015904
0.009594,-0.094559,0.175180,0.200981,0.005842,0.156959,0.196641,-0.203292,0.159959,-0.177453,0.014174,0.190402,-0.181793,-0.194959,0.193401,0.156184,0.050214,0.016001,0.166116,-0.250139,0.019370,-0.212667,0.057906,0.018675,-0.160717,-0.243407,0.015905
0.017685,-0.094498,0.175537,0.209183,0.005900,0.158509,0.204845,-0.203229,0.161771,-0.169476,0.014234,0.189304,-0.173813,-0.194895,0.192565,0.157065,0.050222,0.015895,0.192996,-0.250508,0.029719,-0.218095,0.058263,0.032551,-0.160017,-0.243403,0.015853
0.026104,-0.094063,0.177168,0.217671,0.006299,0.160712,0.213336,-0.202820,0.164629,-0.161128,0.014694,0.189707,-0.165463,-0.194424,0.193624,0.157974,0.050290,0.015849,0.214779,-0.250655,0.039845,-0.215906,0.058678,0.049902,-0.159377,-0.243348,0.015892
0.034843,-0.093803,0.180120,0.226446,0.006530,0.163917,0.222112,-0.202579,0.168305,-0.152425,0.014972,0.191936,-0.156760,-0.194137,0.196324,0.158887,0.050291,0.015732,0.229627,-0.250763,0.046365,-0.206774,0.058870,0.063354,-0.158829,-0.243350,0.015912
0.043932,-0.094131,0.184018,0.235552,0.006244,0.168275,0.231234,-0.202871,0.172401,-0.143370,0.014608,0.195636,-0.147688,-0.194507,0.199762,0.159818,0.050268,0.015816,0.238724,-0.250893,0.050839,-0.194451,0.058679,0.071339,-0.158318,-0.243383,0.015911
0.053396,-0.095261,0.188427,0.245018,0.005232,0.173476,0.240734,-0.203902,0.176487,-0.133942,0.013381,0.200367,-0.138225,-0.195753,0.203378,0.160747,0.050154,0.015884,0.243023,-0.251172,0.054287,-0.180167,0.057976,0.074192,-0.157839,-0.243515,0.015867
0.063133,-0.097046,0.192825,0.254760,0.003565,0.178759,0.250469,-0.205588,0.179967,-0.124202,0.011496,0.205683,-0.128493,-0.197657,0.206891,0.161682,0.049994,0.015857,0.243597,-0.251633,0.054231,-0.163165,0.056985,0.072205,-0.157387,-0.243628,0.015827
0.072838,-0.099052,0.196196,0.264396,0.001696,0.182178,0.260111,-0.207459,0.181427,-0.114435,0.009354,0.210964,-0.118720,-0.199801,0.210213,0.162560,0.049838,0.015921,0.240885,-0.252041,0.046670,-0.141695,0.055898,0.064402,-0.156967,-0.243779,0.015777
0.082026,-0.101021,0.197044,0.273220,0.000374,0.182729,0.269459,-0.208771,0.179733,-0.105408,0.006729,0.214356,-0.109169,-0.202415,0.211360,0.189361,0.049728,0.016248,0.234044,-0.251424,0.028099,-0.113070,0.054676,0.050483,-0.156735,-0.244221,0.015793
0.090639,-0.102844,0.194289,0.281267,-0.000343,0.180298,0.278616,-0.209482,0.176007,-0.097338,0.003793,0.212571,-0.099988,-0.205346,0.208280,0.234430,0.048976,0.021298,0.230721,-0.251054,0.015946,-0.076725,0.052622,0.035803,-0.160943,-0.246365,0.029327
0.098783,-0.103645,0.189470,0.288910,0.000005,0.177226,0.287563,-0.209147,0.172948,-0.089996,0.001857,0.205992,-0.091343,-0.207295,0.201714,0.275415,0.048536,0.031353,0.231562,-0.251033,0.015801,-0.044412,0.050847,0.019091,-0.159447,-0.249043,0.041632
0.106558,-0.103409,0.183861,0.296795,0.000325,0.174371,0.295626,-0.208834,0.170444,-0.082510,0.002017,0.197277,-0.083680,-0.207143,0.193350,0.303005,0.048286,0.039259,0.232297,-0.251034,0.015718,-0.040110,0.050644,0.015905,-0.150426,-0.249485,0.047211
0.114164,-0.103241,0.180306,0.304517,0.000443,0.172764,0.303339,-0.208720,0.168980,-0.075010,0.002238,0.191632,-0.076188,-0.206925,0.187847,0.321197,0.048188,0.041144,0.233024,-0.251012,0.015881,-0.039267,0.050673,0.015996,-0.139546,-0.249612,0.054425
0.121897,-0.102974,0.179547,0.312313,0.000650,0.172842,0.311102,-0.208519,0.169413,-0.067309,0.002571,0.189681,-0.068519,-0.206598,0.186252,0.335375,0.048119,0.041945,0.233775,-0.251011,0.015875,-0.038551,0.050708,0.016000,-0.129033,-0.249646,0.060669
0.129765,-0.102234,0.180848,0.320223,0.001313,0.174160,0.318968,-0.207869,0.171661,-0.059439,0.003401,0.190035,-0.060694,-0.205780,0.187536,0.346779,0.048189,0.041807,0.234540,-0.250955,0.015938,-0.037920,0.050807,0.015917,-0.118491,-0.249433,0.065778
0.137753,-0.100830,0.183263,0.328247,0.002614,0.176036,0.326944,-0.206580,0.175233,-0.051439,0.004920,0.191294,-0.052742,-0.204274,0.190491,0.355655,0.048416,0.040173,0.235293,-0.250849,0.015899,-0.037305,0.050957,0.015851,-0.106623,-0.248926,0.069555
0.145803,-0.098618,0.185992,0.336348,0.004663,0.177807,0.334969,-0.204525,0.179583,-0.043362,0.007290,0.192402,-0.044742,-0.201898,0.194177,0.361644,0.048746,0.036170,0.236019,-0.250714,0.015923,-0.036676,0.051201,0.015897,-0.092190,-0.248084,0.070883
0.153934,-0.095596,0.188484,0.344473,0.007575,0.178894,0.343126,-0.201558,0.184013,-0.035257,0.010365,0.192956,-0.036604,-0.198768,0.198074,0.363576,0.049224,0.028030,0.236798,-0.250450,0.015997,-0.036006,0.051502,0.015926,-0.073880,-0.247168,0.068347
0.162064,-0.092186,0.190017,0.352730,0.010483,0.177911,0.351071,-0.198521,0.186811,-0.026944,0.014149,0.193224,-0.028603,-0.194855,0.202124,0.359955,0.049014,0.015767,0.237552,-0.250386,0.016015,-0.035413,0.052157,0.015898,-0.049252,-0.246304,0.058424
0.170010,-0.089317,0.190835,0.360789,0.012896,0.176808,0.358862,-0.195955,0.188734,-0.018843,0.017320,0.192937,-0.020770,-0.191531,0.204863,0.360566,0.049227,0.015751,0.282331,-0.250631,0.016118,-0.035609,0.052890,0.015871,-0.015044,-0.246420,0.041811
0.178185,-0.087921,0.190058,0.369022,0.014118,0.175556,0.367006,-0.194630,0.189145,-0.010637,0.018788,0.190971,-0.012653,-0.189960,0.204561,0.361195,0.049340,0.015773,0.341180,-0.250813,0.021960,-0.035149,0.053171,0.015828,0.027120,-0.247196,0.030933
0.186790,-0.088173,0.187076,0.377657,0.013879,0.173062,0.375622,-0.194867,0.186692,-0.002041,0.018521,0.187460,-0.004077,-0.190225,0.201090,0.361866,0.049317,0.015855,0.386965,-0.250623,0.032060,-0.034303,0.053171,0.015721,0.069112,-0.248034,0.024246
0.195763,-0.089828,0.182328,0.386680,0.012367,0.170175,0.384622,-0.196474,0.182251,0.006903,0.016817,0.182404,0.004845,-0.192024,0.194480,0.362581,0.049212,0.015889,0.417720,-0.250482,0.041242,-0.033329,0.053106,0.015770,0.094729,-0.248737,0.016366
0.204380,-0.091415,0.177731,0.395282,0.010975,0.167060,0.393304,-0.197946,0.177675,0.015456,0.015115,0.177787,0.013478,-0.193806,0.188402,0.363292,0.049109,0.015910,0.437349,-0.250269,0.051789,-0.029248,0.053036,0.020083,0.095630,-0.248856,0.015945
0.212585,-0.092377,0.174929,0.403473,0.010143,0.165304,0.401558,-0.198821,0.175040,0.023613,0.014068,0.174817,0.021698,-0.194897,0.184554,0.364054,0.049046,0.015934,0.449432,-0.250215,0.057978,-0.023080,0.053038,0.025469,0.096456,-0.248944,0.015841
0.220564,-0.093010,0.174134,0.411452,0.009612,0.165655,0.409577,-0.199382,0.174766,0.031551,0.013362,0.173502,0.029676,-0.195631,0.182613,0.364853,0.048999,0.015965,0.458352,-0.250350,0.059241,-0.016252,0.053024,0.029866,0.097231,-0.249009,0.015694
0.228373,-0.093491,0.174883,0.419262,0.009230,0.167758,0.417424,-0.199786,0.176333,0.039321,0.012805,0.173432,0.037483,-0.196212,0.182007,0.365674,0.048963,0.015921,0.465579,-0.250548,0.058153,-0.008662,0.052965,0.033238,0.097959,-0.249058,0.015649
0.236115,-0.093880,0.176671,0.427001,0.008934,0.170939,0.425198,-0.200101,0.179041,0.047031,0.012341,0.174300,0.045228,-0.196694,0.182403,0.366499,0.048931,0.015849,0.471210,-0.250737,0.056409,-0.000519,0.052899,0.036576,0.098666,-0.249099,0.015772
0.243845,-0.094200,0.179078,0.434721,0.008697,0.174654,0.432953,-0.200355,0.182332,0.054737,0.011955,0.175823,0.052968,-0.197097,0.183501,0.367310,0.048913,0.015735,0.475200,-0.250877,0.054824,0.008046,0.052859,0.040430,0.099338,-0.249129,0.015849
0.251596,-0.094521,0.181819,0.442458,0.008447,0.178545,0.440721,-0.200620,0.185816,0.062472,0.011579,0.177822,0.060735,-0.197488,0.185093,0.368103,0.048883,0.015781,0.477802,-0.250988,0.054083,0.017095,0.052821,0.045174,0.099975,-0.249177,0.015899
0.259474,-0.094902,0.184860,0.450311,0.008136,0.182497,0.448619,-0.200946,0.189313,0.070328,0.011142,0.180406,0.068637,-0.197940,0.187222,0.368890,0.048837,0.015822,0.479238,-0.251057,0.054726,0.026871,0.052751,0.051020,0.100588,-0.249259,0.015916
0.267538,-0.095467,0.188311,0.458356,0.007621,0.186708,0.456697,-0.201483,0.192826,0.078379,0.010550,0.183797,0.076720,-0.198554,0.189915,0.369671,0.048796,0.015861,0.479706,-0.251126,0.056481,0.037638,0.052647,0.057436,0.101161,-0.249310,0.015907
0.275919,-0.096298,0.192310,0.466721,0.006826,0.191346,0.465092,-0.202304,0.196485,0.086746,0.009708,0.188135,0.085117,-0.199423,0.193274,0.370461,0.048731,0.015940,0.479005,-0.251261,0.058794,0.050144,0.052386,0.063107,0.101696,-0.249376,0.015877
0.284750,-0.097427,0.196791,0.475531,0.005740,0.196260,0.473948,-0.203418,0.200147,0.095552,0.008563,0.193434,0.093969,-0.200595,0.197321,0.371278,0.048638,0.015973,0.476812,-0.251489,0.060789,0.065319,0.051884,0.066059,0.102250,-0.249488,0.015897
0.293896,-0.098602,0.201034,0.484671,0.004573,0.200072,0.483109,-0.204605,0.202703,0.104682,0.007400,0.199366,0.103121,-0.201777,0.201996,0.372132,0.048552,0.015948,0.473353,-0.251799,0.058610,0.083963,0.051303,0.063596,0.102729,-0.249569,0.015901
0.302959,-0.099548,0.203609,0.493443,0.004138,0.201082,0.492454,-0.205055,0.202455,0.113465,0.005958,0.204763,0.112476,-0.203235,0.206136,0.386718,0.048885,0.016884,0.469673,-0.251407,0.048793,0.107238,0.050452,0.054299,0.102871,-0.249889,0.015913
0.311571,-0.100517,0.203437,0.501265,0.004556,0.199301,0.501782,-0.204643,0.199117,0.121360,0.003609,0.207758,0.121878,-0.205591,0.207574,0.426718,0.049977,0.022450,0.466624,-0.250033,0.031274,0.135936,0.049241,0.042054,0.095919,-0.250940,0.019738
0.319822,-0.101624,0.199557,0.508658,0.004952,0.194687,0.510788,-0.204229,0.192822,0.128856,0.000982,0.206292,0.130986,-0.208199,0.204426,0.477614,0.051540,0.032073,0.464945,-0.248572,0.015925,0.167218,0.048387,0.031276,0.084779,-0.252603,0.033956
0.327694,-0.102173,0.193216,0.516058,0.005231,0.188277,0.519104,-0.203938,0.186346,0.136284,-0.000408,0.200085,0.139329,-0.209577,0.198154,0.516042,0.052029,0.042953,0.465529,-0.248600,0.015823,0.190318,0.047533,0.016307,0.081932,-0.254469,0.046503
0.335405,-0.102303,0.187492,0.523794,0.005097,0.183466,0.526836,-0.204069,0.181230,0.143975,-0.000536,0.193754,0.147017,-0.209702,0.191518,0.538296,0.052240,0.045505,0.466126,-0.248640,0.015739,0.191178,0.047510,0.015829,0.087442,-0.254591,0.057278
0.343107,-0.102341,0.184242,0.531502,0.005058,0.180468,0.534539,-0.204105,0.178005,0.151675,-0.000576,0.190479,0.154713,-0.209739,0.188016,0.553075,0.052421,0.045317,0.466782,-0.248638,0.015872,0.191956,0.047522,0.015973,0.096570,-0.254557,0.061926
0.350843,-0.102066,0.183373,0.539250,0.005303,0.179354,0.542256,-0.203863,0.177057,0.159431,-0.000269,0.189689,0.162437,-0.209435,0.187392,0.564659,0.052608,0.044379,0.467487,-0.248624,0.015863,0.192641,0.047574,0.015986,0.106566,-0.254351,0.064997
0.358650,-0.101242,0.184145,0.547070,0.006082,0.179600,0.550044,-0.203092,0.178129,0.167257,0.000608,0.190161,0.170230,-0.208566,0.188690,0.574232,0.052884,0.043052,0.468238,-0.248570,0.015893,0.193280,0.047658,0.015977,0.117008,-0.253927,0.067582
0.366505,-0.099747,0.185806,0.554951,0.007495,0.180480,0.557875,-0.201685,0.180598,0.175134,0.002192,0.191014,0.178058,-0.206988,0.191132,0.581957,0.053248,0.040800,0.468959,-0.248475,0.015905,0.193914,0.047810,0.015884,0.128702,-0.253201,0.069614
0.374403,-0.097488,0.187786,0.562875,0.009652,0.181428,0.565759,-0.199514,0.183915,0.183047,0.004537,0.191656,0.185931,-0.204628,0.194143,0.587567,0.053728,0.036639,0.469663,-0.248294,0.015920,0.194548,0.048063,0.015885,0.142778,-0.252154,0.070260
0.382399,-0.094505,0.189648,0.570897,0.012495,0.181869,0.573739,-0.196610,0.187511,0.191058,0.007599,0.191784,0.193900,-0.201505,0.197426,0.589877,0.054095,0.028879,0.470360,-0.248114,0.015997,0.195216,0.048381,0.015919,0.160411,-0.250932,0.067709
0.390442,-0.091034,0.190732,0.579065,0.015531,0.180425,0.581625,-0.193449,0.189663,0.199258,0.011381,0.191801,0.201818,-0.197599,0.201039,0.586370,0.053837,0.015704,0.471434,-0.247973,0.016026,0.195739,0.049060,0.015914,0.183737,-0.249611,0.058702
0.398363,-0.088013,0.191099,0.587160,0.017999,0.178521,0.589330,-0.190835,0.190686,0.207396,0.014810,0.191513,0.209566,-0.194025,0.203677,0.586932,0.054045,0.015747,0.514009,-0.247355,0.015444,0.195259,0.049984,0.015905,0.215990,-0.248864,0.042716
0.406439,-0.086456,0.190038,0.595394,0.019186,0.176745,0.597254,-0.189561,0.190378,0.215623,0.016648,0.189697,0.217484,-0.192099,0.203330,0.587521,0.054152,0.015774,0.568986,-0.246419,0.021075,0.195151,0.050660,0.015849,0.256229,-0.248553,0.031067
0.414896,-0.086494,0.186936,0.603866,0.019169,0.174019,0.605725,-0.189571,0.187753,0.224067,0.016582,0.186120,0.225926,-0.192158,0.199853,0.588185,0.054172,0.015834,0.615734,-0.245353,0.030877,0.195996,0.050674,0.015769,0.297037,-0.248649,0.023943
0.423712,-0.088036,0.182114,0.612719,0.017774,0.171084,0.614565,-0.191064,0.183244,0.232858,0.014993,0.180985,0.234705,-0.193846,0.193144,0.588889,0.054058,0.015912,0.648048,-0.244632,0.040077,0.196959,0.050585,0.015773,0.323527,-0.248906,0.015957
0.432446,-0.089882,0.177105,0.621402,0.016211,0.168102,0.623397,-0.192727,0.178370,0.241494,0.012963,0.175840,0.243489,-0.195975,0.186108,0.589601,0.053935,0.015907,0.669050,-0.244152,0.049082,0.199393,0.050202,0.015771,0.324465,-0.249072,0.015915
0.440731,-0.090843,0.173949,0.629662,0.015381,0.166032,0.631726,-0.193607,0.175232,0.249736,0.011920,0.172666,0.251800,-0.197067,0.181866,0.590352,0.053881,0.015940,0.681666,-0.243845,0.056309,0.203560,0.050394,0.023508,0.325314,-0.249148,0.015793
0.448771,-0.091354,0.173149,0.637681,0.014971,0.166167,0.639804,-0.194043,0.174711,0.257737,0.011335,0.171586,0.259860,-0.197680,0.180130,0.591148,0.053850,0.015975,0.690061,-0.243782,0.058297,0.210109,0.050543,0.029742,0.326095,-0.249222,0.015633
0.456684,-0.091713,0.174200,0.645589,0.014690,0.168339,0.647741,-0.194348,0.176291,0.265627,0.010922,0.172110,0.267779,-0.198116,0.180062,0.591983,0.053825,0.015925,0.696438,-0.243862,0.057189,0.217955,0.050664,0.034023,0.326850,-0.249246,0.015691
0.464550,-0.091965,0.176449,0.653439,0.014524,0.171749,0.655636,-0.194531,0.179199,0.273464,0.010602,0.173699,0.275661,-0.198454,0.181150,0.592828,0.053813,0.015853,0.701179,-0.243960,0.055024,0.226429,0.050743,0.037730,0.327554,-0.249283,0.015816
0.472439,-0.092178,0.179336,0.661313,0.014382,0.175765,0.663543,-0.194690,0.182742,0.281334,0.010333,0.175930,0.283565,-0.198738,0.182908,0.593661,0.053797,0.015735,0.704323,-0.244056,0.053198,0.235364,0.050845,0.041813,0.328224,-0.249314,0.015880
0.480377,-0.092407,0.182531,0.669239,0.014202,0.179947,0.671490,-0.194885,0.186435,0.289264,0.010071,0.178627,0.291515,-0.199017,0.185114,0.594486,0.053779,0.015790,0.706170,-0.244141,0.052523,0.244864,0.050977,0.046809,0.328866,-0.249339,0.015916
0.488447,-0.092743,0.185978,0.677276,0.013942,0.184192,0.679587,-0.195161,0.190109,0.297307,0.009675,0.181848,0.299619,-0.199428,0.187765,0.595296,0.053743,0.015829,0.707085,-0.244195,0.053450,0.255126,0.051025,0.052665,0.329471,-0.249432,0.015919
0.496733,-0.093246,0.189760,0.685542,0.013481,0.188635,0.687887,-0.195643,0.193775,0.305578,0.009150,0.185745,0.307923,-0.199974,0.190885,0.596106,0.053698,0.015834,0.707177,-0.244291,0.055500,0.266578,0.051058,0.058769,0.330031,-0.249493,0.015900
0.505369,-0.094032,0.193949,0.694168,0.012720,0.193374,0.696535,-0.196428,0.197435,0.314204,0.008363,0.190463,0.316571,-0.200784,0.194524,0.596932,0.053635,0.015933,0.706029,-0.244491,0.057939,0.280084,0.050973,0.063501,0.330575,-0.249556,0.015886
0.514397,-0.095016,0.198352,0.703182,0.011760,0.197958,0.705581,-0.197408,0.200753,0.323212,0.007375,0.195951,0.325612,-0.201793,0.198747,0.597782,0.053576,0.015967,0.703634,-0.244781,0.059072,0.296514,0.050773,0.064805,0.331114,-0.249630,0.015896
0.523579,-0.095924,0.201937,0.712280,0.010992,0.200491,0.714847,-0.198186,0.202107,0.332310,0.006338,0.201766,0.334878,-0.202840,0.203382,0.598566,0.053625,0.015938,0.700456,-0.244958,0.054454,0.316623,0.050506,0.060126,0.331569,-0.249784,0.015895
0.532393,-0.096733,0.203264,0.720642,0.010937,0.200039,0.724045,-0.198234,0.200472,0.340740,0.004768,0.206055,0.344143,-0.204404,0.206489,0.633052,0.054586,0.015681,0.696641,-0.244467,0.040895,0.342020,0.049920,0.049370,0.326375,-0.250544,0.016063
0.540775,-0.097519,0.200766,0.728187,0.011553,0.196152,0.733125,-0.197588,0.195387,0.348426,0.002550,0.206146,0.353363,-0.206590,0.205380,0.683263,0.056589,0.022874,0.693377,-0.243350,0.020903,0.374549,0.049252,0.036291,0.314611,-0.252308,0.025178
0.548903,-0.098022,0.194916,0.735632,0.012201,0.189994,0.741855,-0.196905,0.189183,0.355950,0.000860,0.200649,0.362173,-0.208246,0.199838,0.726382,0.058004,0.033137,0.693891,-0.243131,0.015895,0.406227,0.048514,0.023393,0.306104,-0.254773,0.042158
0.556782,-0.097694,0.187856,0.743390,0.012767,0.183764,0.749890,-0.196331,0.183265,0.363673,0.000943,0.192447,0.370173,-0.208156,0.191948,0.755082,0.058942,0.041616,0.694484,-0.243126,0.015803,0.416061,0.048465,0.015774,0.308641,-0.255201,0.049508
0.564489,-0.097519,0.182532,0.751109,0.012941,0.178961,0.757607,-0.196157,0.178381,0.371372,0.001119,0.186683,0.377869,-0.207979,0.186103,0.772427,0.059453,0.042850,0.695099,-0.243121,0.015812,0.416932,0.048481,0.015839,0.317240,-0.254975,0.056490
0.572199,-0.097321,0.180353,0.758819,0.013131,0.176514,0.765304,-0.195967,0.175842,0.379094,0.001326,0.184865,0.385579,-0.207772,0.184192,0.785109,0.059848,0.043112,0.695781,-0.243081,0.015801,0.417667,0.048538,0.015969,0.327383,-0.254655,0.061524
0.579983,-0.096741,0.180771,0.766596,0.013692,0.176182,0.773069,-0.195407,0.175914,0.386896,0.001926,0.185627,0.393369,-0.207174,0.185359,0.795241,0.060222,0.042335,0.696510,-0.243044,0.015866,0.418318,0.048588,0.015974,0.337565,-0.254219,0.065199
0.587847,-0.095535,0.182697,0.774469,0.014838,0.177113,0.780906,-0.194262,0.177955,0.394788,0.003191,0.187440,0.401225,-0.205908,0.188282,0.803476,0.060653,0.040580,0.697255,-0.242961,0.015910,0.418908,0.048715,0.015938,0.348366,-0.253491,0.068187
0.595758,-0.093628,0.185204,0.782357,0.016718,0.178424,0.788827,-0.192365,0.181120,0.402690,0.005109,0.189288,0.409160,-0.203973,0.191984,0.809736,0.061220,0.037270,0.697998,-0.242782,0.015855,0.419488,0.048868,0.015854,0.360956,-0.252512,0.070101
0.603722,-0.090965,0.187658,0.790294,0.019326,0.179422,0.796812,-0.189703,0.184789,0.410632,0.007773,0.190526,0.417150,-0.201257,0.195893,0.813542,0.061742,0.031575,0.698748,-0.242583,0.015972,0.420158,0.049073,0.015919,0.376428,-0.251246,0.070001
0.611727,-0.087631,0.189594,0.798308,0.022478,0.179371,0.804798,-0.186436,0.188151,0.418655,0.011174,0.191037,0.425146,-0.197741,0.199816,0.813347,0.061817,0.021341,0.699340,-0.242458,0.016035,0.420836,0.049396,0.015947,0.396080,-0.249786,0.065830
0.619602,-0.084290,0.190480,0.806383,0.025169,0.177334,0.812422,-0.183591,0.189479,0.426783,0.015012,0.191481,0.432821,-0.193748,0.203625,0.812029,0.061480,0.015784,0.705862,-0.242317,0.015900,0.421190,0.050184,0.015939,0.422415,-0.248291,0.054137
0.627308,-0.081818,0.190872,0.814233,0.027174,0.176011,0.819957,-0.181454,0.190375,0.434659,0.017819,0.191369,0.440382,-0.190809,0.205733,0.812628,0.061669,0.015722,0.752408,-0.240720,0.018423,0.420690,0.050928,0.015882,0.457780,-0.247378,0.039124
0.635284,-0.080803,0.189828,0.822261,0.028091,0.174890,0.827916,-0.180472,0.190197,0.442652,0.018866,0.189458,0.448308,-0.189696,0.204765,0.813279,0.061757,0.015759,0.810438,-0.238661,0.024974,0.421206,0.051133,0.015868,0.498716,-0.246694,0.030693
0.643778,-0.081291,0.186658,0.830776,0.027684,0.172611,0.836430,-0.180919,0.187352,0.451125,0.018337,0.185964,0.456780,-0.190267,0.200705,0.813945,0.061729,0.015831,0.854738,-0.236774,0.034928,0.422049,0.051102,0.015770,0.537453,-0.246119,0.024394
0.652668,-0.083092,0.181888,0.839701,0.026072,0.169933,0.845348,-0.182665,0.182638,0.459988,0.016482,0.181137,0.465635,-0.192255,0.193843,0.814682,0.061570,0.015894,0.884121,-0.235635,0.043534,0.422995,0.050965,0.015752,0.557721,-0.246142,0.015971
0.661308,-0.084740,0.177409,0.848274,0.024696,0.166975,0.854078,-0.184142,0.177825,0.468538,0.014662,0.176992,0.474343,-0.194176,0.187843,0.815393,0.061463,0.015912,0.902498,-0.234835,0.052516,0.425459,0.050778,0.018871,0.558631,-0.246293,0.015945
0.669559,-0.085709,0.174669,0.856493,0.023883,0.165361,0.862379,-0.185014,0.174966,0.476739,0.013597,0.174373,0.482626,-0.195300,0.183978,0.816108,0.061395,0.016028,0.913629,-0.234458,0.058122,0.429725,0.050928,0.025181,0.559472,-0.246381,0.015844
0.677549,-0.086311,0.173932,0.864466,0.023403,0.165813,0.870412,-0.185533,0.174464,0.484687,0.012911,0.173400,0.490632,-0.196026,0.182050,0.816925,0.061353,0.015950,0.921691,-0.234358,0.059088,0.435685,0.051099,0.030305,0.560255,-0.246440,0.015689
0.685389,-0.086731,0.174777,0.872296,0.023092,0.168023,0.878288,-0.185876,0.175848,0.492489,0.012414,0.173706,0.498481,-0.196554,0.181531,0.817751,0.061332,0.015921,0.928198,-0.234370,0.057702,0.442920,0.051270,0.034241,0.561008,-0.246473,0.015655
0.693193,-0.086990,0.176698,0.880085,0.022934,0.171273,0.886129,-0.186055,0.178454,0.500258,0.012074,0.174942,0.506302,-0.196915,0.182122,0.818579,0.061311,0.015853,0.933295,-0.234411,0.055492,0.450995,0.051438,0.037933,0.561709,-0.246523,0.015789
0.701008,-0.087112,0.179235,0.887902,0.022860,0.175021,0.893952,-0.186147,0.181676,0.508064,0.011922,0.176794,0.514114,-0.197085,0.183449,0.819401,0.061297,0.015739,0.936920,-0.234480,0.053396,0.459703,0.051720,0.041928,0.562380,-0.246516,0.015860
0.708876,-0.087250,0.182073,0.895758,0.022778,0.178931,0.901833,-0.186243,0.185072,0.515919,0.011744,0.179075,0.521993,-0.197278,0.185216,0.820211,0.061279,0.015789,0.939299,-0.234544,0.052287,0.469012,0.051979,0.046633,0.563022,-0.246548,0.015913
0.716871,-0.087456,0.185168,0.903743,0.022612,0.182907,0.909836,-0.186425,0.188465,0.523907,0.011514,0.181872,0.529999,-0.197524,0.187430,0.821005,0.061244,0.015833,0.940677,-0.234621,0.052731,0.479061,0.052248,0.052338,0.563638,-0.246589,0.015930
0.725100,-0.087814,0.188629,0.911958,0.022288,0.187046,0.918074,-0.186767,0.191855,0.532125,0.011139,0.185402,0.538241,-0.197917,0.190212,0.821797,0.061193,0.015840,0.941104,-0.234738,0.054343,0.490208,0.052474,0.058469,0.564220,-0.246648,0.015918
0.733692,-0.088402,0.192564,0.920525,0.021751,0.191537,0.926690,-0.187324,0.195308,0.540695,0.010520,0.189819,0.546859,-0.198555,0.193590,0.822615,0.061174,0.015927,0.940383,-0.234902,0.056432,0.503196,0.052617,0.063690,0.564820,-0.246708,0.015867
0.742693,-0.089310,0.196873,0.929472,0.020937,0.196174,0.935742,-0.188154,0.198635,0.549644,0.009535,0.195111,0.555914,-0.199557,0.197572,0.823435,0.061110,0.015961,0.938244,-0.235210,0.057831,0.518877,0.052566,0.065949,0.565382,-0.246885,0.015890
0.751982,-0.090172,0.200745,0.938754,0.020079,0.199367,0.945035,-0.189023,0.200556,0.558928,0.008679,0.200934,0.565209,-0.200423,0.202124,0.824284,0.061069,0.015929,0.934852,-0.235632,0.054376,0.538200,0.052740,0.062519,0.565884,-0.246934,0.015881
0.761078,-0.090767,0.202706,0.947454,0.020118,0.199598,0.954438,-0.188966,0.199529,0.567718,0.007432,0.205884,0.574702,-0.201651,0.205814,0.845612,0.062253,0.015817,0.930941,-0.235174,0.042666,0.562379,0.052780,0.052838,0.565784,-0.247361,0.015967
0.769753,-0.091492,0.201622,0.955250,0.020760,0.196009,0.963751,-0.188266,0.195253,0.575754,0.005282,0.207991,0.584255,-0.203744,0.207236,0.876385,0.063675,0.020433,0.927848,-0.234598,0.024665,0.590276,0.051961,0.041786,0.558406,-0.249611,0.021167
0.777920,-0.092285,0.197330,0.962461,0.021445,0.190165,0.972612,-0.187506,0.189007,0.583228,0.002935,0.205652,0.593379,-0.206015,0.204494,0.925925,0.066069,0.028669,0.925982,-0.234316,0.015887,0.619869,0.051192,0.030198,0.547474,-0.252819,0.036642
0.785580,-0.092209,0.191366,0.969476,0.022558,0.184150,0.980820,-0.186333,0.183435,0.590339,0.001915,0.199298,0.601684,-0.206976,0.198583,0.964836,0.068317,0.039738,0.926626,-0.234220,0.015807,0.637450,0.050619,0.015785,0.545461,-0.255035,0.049223
0.793114,-0.091782,0.186058,0.977046,0.022964,0.179471,0.988368,-0.185928,0.178746,0.597860,0.002365,0.193369,0.609181,-0.206527,0.192644,0.987645,0.069529,0.042894,0.927231,-0.234193,0.015810,0.638300,0.050690,0.015858,0.550813,-0.254742,0.058602
0.800735,-0.091278,0.183198,0.984677,0.023455,0.176637,0.995987,-0.185438,0.176009,0.605483,0.002882,0.190387,0.616794,-0.206011,0.189760,1.002945,0.070363,0.042787,0.927898,-0.234160,0.015797,0.639057,0.050741,0.015980,0.559358,-0.254263,0.064925
0.808510,-0.090424,0.182740,0.992464,0.024264,0.175743,1.003741,-0.184632,0.175614,0.613279,0.003785,0.189867,0.624556,-0.205111,0.189738,1.014995,0.071079,0.041751,0.928623,-0.234104,0.015863,0.639731,0.050837,0.015969,0.569110,-0.253546,0.069329
0.816420,-0.088943,0.183883,1.000376,0.025693,0.176165,1.011643,-0.183200,0.177214,0.621196,0.005313,0.190552,0.632463,-0.203580,0.191601,1.024866,0.071847,0.040019,0.929381,-0.233964,0.015904,0.640360,0.050986,0.015880,0.579884,-0.252531,0.072530
0.824408,-0.086700,0.185802,1.008364,0.027867,0.177122,1.019642,-0.181005,0.180217,0.629173,0.007605,0.191388,0.640451,-0.201268,0.194483,1.032630,0.072620,0.036865,0.930133,-0.233796,0.015854,0.640996,0.051163,0.015879,0.592579,-0.251155,0.074330
0.832462,-0.083633,0.187866,1.016436,0.030807,0.177952,1.027706,-0.178003,0.183928,0.637219,0.010736,0.191805,0.648489,-0.198074,0.197781,1.037529,0.073275,0.031010,0.930870,-0.233571,0.015979,0.641671,0.051478,0.015925,0.608287,-0.249337,0.073461
0.840555,-0.079872,0.189527,1.024538,0.034375,0.177733,1.035798,-0.174300,0.187363,0.645312,0.014555,0.191691,0.656572,-0.194119,0.201321,1.037418,0.073340,0.019656,0.931446,-0.233401,0.016038,0.642345,0.051849,0.015941,0.628600,-0.247360,0.067685
0.848532,-0.076210,0.190476,1.032604,0.037637,0.176424,1.043682,-0.170851,0.189641,0.653381,0.018431,0.191312,0.664460,-0.190057,0.204529,1.037158,0.073299,0.015751,0.946263,-0.232612,0.016445,0.642923,0.052361,0.015914,0.657138,-0.245646,0.053180
0.856466,-0.073662,0.190871,1.040587,0.039979,0.175823,1.051595,-0.168349,0.191412,0.661337,0.021025,0.190330,0.672345,-0.187303,0.205919,1.037794,0.073490,0.015691,0.999894,-0.229604,0.019245,0.643431,0.052666,0.015886,0.695205,-0.244220,0.039060
0.864819,-0.072655,0.189569,1.048965,0.040950,0.174568,1.059955,-0.167318,0.190950,0.669682,0.022008,0.188188,0.680672,-0.186260,0.204570,1.038487,0.073560,0.015773,1.054874,-0.226082,0.027677,0.644169,0.052761,0.015868,0.738577,-0.242546,0.030547
0.873663,-0.073174,0.186155,1.057838,0.040519,0.172208,1.068808,-0.167815,0.187743,0.678518,0.021468,0.184567,0.689487,-0.186866,0.200101,1.039190,0.073517,0.015848,1.094705,-0.223251,0.038055,0.645042,0.052752,0.015690,0.776965,-0.241026,0.024058
0.882818,-0.074936,0.181276,1.067009,0.038997,0.169692,1.078004,-0.169493,0.182957,0.687633,0.019621,0.179596,0.698627,-0.188868,0.192861,1.039956,0.073390,0.015896,1.120999,-0.221493,0.046804,0.646014,0.052607,0.015748,0.793716,-0.240711,0.016011
