0.004211,0.020549,0.355749,0.193571,0.126145,0.349955,0.194843,-0.082677,0.362462,-0.186420,0.123775,0.349036,-0.185148,-0.085047,0.361544,0.183273,0.158021,0.123002,0.200068,-0.138735,0.186188,-0.156589,0.156811,0.137371,-0.164471,-0.141106,0.183681
0.004890,0.030098,0.350411,0.193272,0.137345,0.343233,0.196458,-0.071494,0.355103,-0.186678,0.131690,0.345719,-0.183491,-0.077149,0.357589,0.186386,0.169646,0.112347,0.193071,-0.127279,0.175553,-0.138886,0.164616,0.111162,-0.141221,-0.133482,0.156155
0.004532,0.039635,0.339560,0.191551,0.149161,0.331244,0.197349,-0.059596,0.343557,-0.188285,0.138865,0.335563,-0.182487,-0.069891,0.347876,0.200251,0.181660,0.105951,0.189207,-0.115997,0.163369,-0.111697,0.172651,0.100112,-0.122262,-0.125714,0.145307
0.004219,0.049211,0.324702,0.189921,0.160886,0.315499,0.198198,-0.047723,0.328861,-0.189760,0.146144,0.320542,-0.181483,-0.062465,0.333905,0.211846,0.193208,0.094969,0.192477,-0.104970,0.150249,-0.088721,0.181013,0.090761,-0.112578,-0.117929,0.136898
0.004578,0.058760,0.306115,0.189085,0.172375,0.296651,0.199574,-0.036091,0.310667,-0.190419,0.153611,0.301563,-0.179930,-0.054856,0.315579,0.214953,0.204411,0.075402,0.189951,-0.094278,0.130804,-0.073131,0.189935,0.075673,-0.106000,-0.109688,0.123076
0.005608,0.068258,0.283489,0.189042,0.183626,0.274375,0.201490,-0.024735,0.288352,-0.190275,0.161251,0.278626,-0.177827,-0.047110,0.292603,0.209272,0.215356,0.049103,0.178496,-0.083924,0.106743,-0.063544,0.199426,0.054575,-0.098971,-0.100738,0.103195
0.006966,0.077794,0.256913,0.189427,0.194725,0.248178,0.203624,-0.013524,0.262166,-0.189693,0.169112,0.251660,-0.175495,-0.039137,0.265647,0.198390,0.225598,0.018958,0.164411,-0.074096,0.079908,-0.057067,0.208818,0.028435,-0.093180,-0.091790,0.077946
0.007568,0.085111,0.229689,0.190243,0.201516,0.218689,0.204055,-0.006062,0.240712,-0.188919,0.176284,0.218666,-0.175106,-0.031295,0.240689,0.196736,0.226241,0.015920,0.156736,-0.074666,0.055497,-0.054063,0.209564,0.016033,-0.094451,-0.091678,0.052697
0.006775,0.086297,0.206798,0.189408,0.202845,0.196656,0.203209,-0.004274,0.222659,-0.189660,0.176868,0.190936,-0.175858,-0.030251,0.216939,0.195426,0.226425,0.015622,0.111818,-0.079811,0.035153,-0.053744,0.209874,0.016037,-0.093041,-0.093460,0.035159
0.004776,0.082785,0.187912,0.187330,0.199689,0.180951,0.201139,-0.007582,0.205703,-0.191587,0.173151,0.170121,-0.177778,-0.034120,0.194873,0.194442,0.226270,0.015433,0.071922,-0.083155,0.029089,-0.053887,0.209798,0.016041,-0.086606,-0.095277,0.016021
0.002174,0.078593,0.173427,0.184555,0.195924,0.169956,0.198537,-0.011666,0.191756,-0.194189,0.168853,0.155098,-0.180206,-0.038738,0.176898,0.193528,0.226099,0.015389,0.072328,-0.084476,0.015533,-0.054422,0.209466,0.016038,-0.086468,-0.095124,0.015990
-0.000183,0.075619,0.163608,0.182063,0.193186,0.161303,0.196277,-0.014582,0.181174,-0.196643,0.165820,0.146043,-0.182429,-0.041949,0.165914,0.192912,0.225770,0.015739,0.071988,-0.084657,0.015881,-0.054966,0.208845,0.016083,-0.086595,-0.095492,0.016017
-0.002388,0.073836,0.159351,0.179723,0.191635,0.158802,0.194096,-0.016260,0.177179,-0.198872,0.163933,0.141522,-0.184499,-0.043962,0.159899,0.192508,0.225619,0.015860,0.071809,-0.084704,0.015932,-0.055211,0.208511,0.016071,-0.086779,-0.095659,0.016033
-0.004662,0.072913,0.160041,0.177343,0.190869,0.161420,0.191775,-0.017115,0.178720,-0.201098,0.162941,0.141362,-0.186666,-0.045042,0.158661,0.192499,0.225530,0.015873,0.071661,-0.084704,0.015945,-0.055241,0.208357,0.016079,-0.086952,-0.095703,0.016021
-0.007317,0.072793,0.165289,0.174592,0.190870,0.168140,0.189060,-0.017147,0.184995,-0.203693,0.162733,0.145584,-0.189225,-0.045284,0.162439,0.192663,0.225496,0.015854,0.071453,-0.084731,0.015961,-0.055914,0.208225,0.016064,-0.087210,-0.095757,0.016071
-0.010574,0.073201,0.174644,0.171262,0.191364,0.178406,0.185761,-0.016665,0.195080,-0.206910,0.163068,0.154208,-0.192411,-0.044962,0.170882,0.193018,0.225547,0.015730,0.075546,-0.084379,0.016343,-0.056022,0.208217,0.016058,-0.087537,-0.095767,0.016070
-0.014214,0.074035,0.187327,0.167604,0.192195,0.191969,0.182025,-0.015841,0.208631,-0.210452,0.163911,0.166022,-0.196031,-0.044126,0.182685,0.193656,0.225581,0.015622,0.085523,-0.083619,0.016562,-0.056148,0.208299,0.016053,-0.087950,-0.095683,0.016064
-0.018028,0.074943,0.201946,0.163666,0.193226,0.208056,0.178100,-0.014807,0.224751,-0.214156,0.164692,0.179142,-0.199723,-0.043341,0.195837,0.194482,0.225630,0.015671,0.101573,-0.082381,0.018399,-0.056407,0.208254,0.016051,-0.088419,-0.095751,0.016052
-0.021584,0.075567,0.216283,0.159868,0.194040,0.225266,0.174303,-0.014016,0.241669,-0.217470,0.165150,0.190897,-0.203035,-0.042906,0.207300,0.195072,0.225661,0.015706,0.135622,-0.079723,0.021945,-0.056746,0.208215,0.016038,-0.091860,-0.095908,0.016836
-0.024284,0.075734,0.227925,0.156750,0.194518,0.240496,0.171313,-0.013572,0.256340,-0.219881,0.165041,0.199511,-0.205319,-0.043050,0.215355,0.194915,0.225884,0.017256,0.167714,-0.076573,0.032327,-0.057007,0.208160,0.016013,-0.105708,-0.096862,0.017153
-0.026108,0.075538,0.235840,0.154059,0.195154,0.252368,0.169371,-0.012936,0.267488,-0.221586,0.164012,0.204191,-0.206274,-0.044079,0.219312,0.195967,0.227243,0.022718,0.189177,-0.073374,0.044510,-0.057319,0.208116,0.015987,-0.125058,-0.098482,0.017186
-0.027557,0.074899,0.239670,0.151471,0.195560,0.260421,0.167824,-0.012510,0.274700,-0.222938,0.162308,0.204640,-0.206586,-0.045763,0.218918,0.202161,0.229493,0.030943,0.200999,-0.070664,0.055173,-0.057500,0.208059,0.015966,-0.140266,-0.100178,0.015918
-0.028923,0.073841,0.239401,0.148991,0.195239,0.264902,0.166060,-0.012835,0.278260,-0.223906,0.160517,0.200543,-0.206837,-0.047557,0.213901,0.212231,0.231651,0.039491,0.206460,-0.069140,0.061382,-0.057539,0.208010,0.015955,-0.141573,-0.100614,0.015845
-0.030151,0.072491,0.235618,0.146705,0.194309,0.266007,0.164185,-0.013791,0.278396,-0.224488,0.158773,0.192841,-0.207007,-0.049327,0.205230,0.223548,0.233375,0.046331,0.209047,-0.068486,0.063856,-0.057554,0.207954,0.015959,-0.140396,-0.100704,0.015738
-0.031212,0.070940,0.229148,0.144933,0.192771,0.263371,0.162456,-0.015381,0.274784,-0.224880,0.157261,0.183513,-0.207357,-0.050891,0.194926,0.233202,0.234173,0.049827,0.210343,-0.068561,0.064433,-0.057509,0.207843,0.015957,-0.140095,-0.100736,0.015669
-0.032143,0.069247,0.220873,0.143686,0.191010,0.256920,0.161305,-0.017193,0.267211,-0.225590,0.155687,0.174535,-0.207971,-0.052515,0.184826,0.238421,0.234355,0.047738,0.209451,-0.068914,0.062316,-0.057583,0.207733,0.015928,-0.139887,-0.100785,0.015621
-0.032806,0.067507,0.211358,0.143181,0.189254,0.246675,0.161095,-0.018984,0.255659,-0.226708,0.153998,0.167056,-0.208794,-0.054240,0.176040,0.236347,0.233906,0.037551,0.203525,-0.069641,0.055243,-0.057676,0.207677,0.015873,-0.139749,-0.100882,0.015594
-0.032951,0.065728,0.200792,0.143792,0.187355,0.232571,0.161953,-0.020919,0.240108,-0.227856,0.152376,0.161476,-0.209695,-0.055898,0.169013,0.224484,0.232260,0.017501,0.180324,-0.072362,0.035829,-0.057847,0.207583,0.015879,-0.139731,-0.101001,0.015622
-0.032837,0.063600,0.189266,0.145150,0.184909,0.214681,0.163396,-0.023418,0.220280,-0.229069,0.150617,0.158252,-0.210823,-0.057710,0.163851,0.221197,0.231863,0.015724,0.140404,-0.076553,0.016357,-0.057973,0.207417,0.015893,-0.139742,-0.101108,0.015644
-0.032448,0.061619,0.178228,0.146274,0.182682,0.199285,0.164555,-0.025686,0.202910,-0.229450,0.148923,0.153547,-0.211169,-0.059445,0.157172,0.219993,0.231591,0.015855,0.134298,-0.077220,0.016174,-0.058023,0.207200,0.015885,-0.139705,-0.101268,0.015648
-0.031067,0.060612,0.168969,0.147749,0.181540,0.190005,0.166019,-0.026847,0.192407,-0.228153,0.148071,0.145531,-0.209883,-0.060316,0.147933,0.219331,0.231436,0.015889,0.134007,-0.077314,0.016056,-0.058041,0.207118,0.015890,-0.139530,-0.101300,0.015691
-0.029366,0.060591,0.162841,0.149031,0.181487,0.187336,0.167282,-0.026903,0.189592,-0.226013,0.148085,0.136090,-0.207762,-0.060305,0.138346,0.219175,0.231401,0.015897,0.134008,-0.077323,0.016027,-0.058045,0.207121,0.015893,-0.139309,-0.101264,0.015758
-0.027893,0.060999,0.159704,0.149761,0.181937,0.188931,0.168008,-0.026449,0.191590,-0.223794,0.148447,0.127818,-0.205547,-0.059939,0.130477,0.219353,0.231450,0.015907,0.134155,-0.077282,0.016031,-0.058060,0.207158,0.015892,-0.139102,-0.101211,0.015828
-0.026962,0.061390,0.159005,0.149872,0.182380,0.192650,0.168117,-0.026000,0.195723,-0.222042,0.148780,0.122287,-0.203797,-0.059600,0.125359,0.219655,0.231513,0.015901,0.134297,-0.077239,0.016038,-0.058080,0.207196,0.015889,-0.138954,-0.101166,0.015872
-0.026688,0.061691,0.160303,0.149551,0.182727,0.196792,0.167790,-0.025648,0.200197,-0.221165,0.149031,0.120408,-0.202926,-0.059345,0.123814,0.219975,0.231565,0.015889,0.134393,-0.077208,0.016219,-0.058060,0.207229,0.015886,-0.138870,-0.101132,0.015873
-0.027046,0.062085,0.163302,0.149015,0.183205,0.200365,0.167252,-0.025162,0.204255,-0.221345,0.149332,0.122350,-0.203107,-0.059035,0.126239,0.220221,0.231625,0.015867,0.132919,-0.077302,0.016579,-0.058044,0.207270,0.015889,-0.138870,-0.101105,0.015816
-0.027824,0.062208,0.166826,0.148686,0.183345,0.201625,0.166915,-0.025020,0.205672,-0.222564,0.149437,0.127980,-0.204335,-0.058929,0.132026,0.220324,0.231636,0.015857,0.124062,-0.078079,0.016309,-0.057940,0.207293,0.015885,-0.138952,-0.101098,0.015807
-0.028831,0.062230,0.170526,0.148339,0.183365,0.201798,0.166571,-0.024999,0.205882,-0.224234,0.149459,0.135170,-0.206002,-0.058905,0.139254,0.220297,0.231649,0.015838,0.119658,-0.078466,0.015606,-0.057952,0.207303,0.015891,-0.139136,-0.101106,0.015835
-0.029869,0.062022,0.174192,0.147959,0.183109,0.201693,0.166191,-0.025259,0.205556,-0.225929,0.149304,0.142828,-0.207697,-0.059065,0.146691,0.220298,0.231624,0.015845,0.118101,-0.078615,0.015877,-0.057893,0.207284,0.015891,-0.139296,-0.101138,0.015753
-0.030830,0.061421,0.177305,0.147610,0.182413,0.200997,0.165848,-0.025966,0.204181,-0.227509,0.148809,0.150429,-0.209270,-0.059570,0.153613,0.220260,0.231571,0.015843,0.120466,-0.078437,0.016396,-0.057887,0.207228,0.015892,-0.139463,-0.101197,0.015707
-0.031631,0.060464,0.179651,0.147281,0.181344,0.200132,0.165529,-0.027048,0.202245,-0.228792,0.147976,0.157057,-0.210544,-0.060416,0.159170,0.220159,0.231483,0.015832,0.121359,-0.078432,0.015851,-0.057937,0.207132,0.015897,-0.139665,-0.101291,0.015677
-0.032227,0.059392,0.181446,0.146977,0.180170,0.199884,0.165229,-0.028230,0.200802,-0.229682,0.147014,0.162091,-0.211430,-0.061386,0.163009,0.220158,0.231393,0.015821,0.121255,-0.078521,0.015854,-0.057964,0.207034,0.015904,-0.139779,-0.101384,0.015671
-0.032684,0.058408,0.182843,0.146652,0.179102,0.200524,0.164906,-0.029300,0.200355,-0.230274,0.146115,0.165331,-0.212020,-0.062287,0.165162,0.220217,0.231319,0.015808,0.121210,-0.078602,0.015850,-0.057997,0.206950,0.015920,-0.139860,-0.101469,0.015669
-0.033134,0.057508,0.183835,0.146243,0.178123,0.201632,0.164496,-0.030276,0.200491,-0.230765,0.145291,0.167179,-0.212512,-0.063108,0.166037,0.220311,0.231253,0.015788,0.121202,-0.078681,0.015846,-0.058026,0.206874,0.015931,-0.139918,-0.101551,0.015662
-0.033669,0.056696,0.184433,0.145701,0.177232,0.202836,0.163951,-0.031161,0.200834,-0.231288,0.144552,0.168031,-0.213038,-0.063840,0.166029,0.220421,0.231199,0.015784,0.121157,-0.078757,0.015837,-0.058072,0.206809,0.015936,-0.139952,-0.101621,0.015656
-0.034302,0.055985,0.184643,0.145040,0.176431,0.203889,0.163273,-0.031955,0.201131,-0.231877,0.143925,0.168155,-0.213644,-0.064460,0.165397,0.220491,0.231151,0.015763,0.121628,-0.078773,0.015872,-0.058129,0.206770,0.015943,-0.139994,-0.101661,0.015647
-0.034996,0.055346,0.184382,0.144293,0.175714,0.204583,0.162523,-0.032662,0.201175,-0.232515,0.143353,0.167589,-0.214285,-0.065023,0.164181,0.220546,0.231103,0.015749,0.124266,-0.078610,0.015940,-0.058180,0.206715,0.015945,-0.140036,-0.101728,0.015646
-0.035767,0.054811,0.183790,0.143451,0.175100,0.205065,0.161676,-0.033267,0.201113,-0.233209,0.142888,0.166468,-0.214984,-0.065479,0.162516,0.220535,0.231065,0.015743,0.126090,-0.078498,0.015886,-0.058252,0.206677,0.015945,-0.140098,-0.101775,0.015632
-0.036537,0.054326,0.182848,0.142598,0.174535,0.205246,0.160817,-0.033823,0.200794,-0.233892,0.142475,0.164902,-0.215672,-0.065883,0.160450,0.220529,0.231032,0.015748,0.126003,-0.078550,0.015892,-0.058314,0.206645,0.015945,-0.140156,-0.101818,0.015628
-0.037338,0.053920,0.181650,0.141697,0.174047,0.205249,0.159910,-0.034302,0.200386,-0.234587,0.142142,0.162915,-0.216374,-0.066207,0.158052,0.220508,0.230995,0.015741,0.125897,-0.078605,0.015887,-0.058401,0.206609,0.015943,-0.140209,-0.101861,0.015624
-0.038132,0.053596,0.180268,0.140788,0.173646,0.205106,0.158997,-0.034696,0.199914,-0.235261,0.141887,0.160623,-0.217051,-0.066455,0.155431,0.220448,0.230965,0.015737,0.125767,-0.078651,0.015898,-0.058476,0.206581,0.015941,-0.140282,-0.101898,0.015618
-0.038864,0.053337,0.178813,0.139928,0.173312,0.204899,0.158134,-0.035023,0.199439,-0.235862,0.141697,0.158188,-0.217657,-0.066638,0.152728,0.220407,0.230941,0.015736,0.125688,-0.078687,0.015898,-0.058539,0.206560,0.015935,-0.140342,-0.101926,0.015592
-0.039528,0.053140,0.177421,0.139124,0.173044,0.204760,0.157328,-0.035285,0.199097,-0.236384,0.141565,0.155746,-0.218180,-0.066765,0.150083,0.220371,0.230922,0.015736,0.125600,-0.078718,0.015902,-0.058607,0.206539,0.015930,-0.140389,-0.101952,0.015586
-0.040108,0.053013,0.176199,0.138394,0.172854,0.204768,0.156597,-0.035472,0.198975,-0.236813,0.141498,0.153424,-0.218610,-0.066828,0.147630,0.220355,0.230913,0.015739,0.125538,-0.078736,0.015914,-0.058664,0.206528,0.015923,-0.140427,-0.101965,0.015574
-0.040604,0.052930,0.175205,0.137754,0.172716,0.204885,0.155955,-0.035608,0.199016,-0.237162,0.141467,0.151394,-0.218961,-0.066857,0.145524,0.220328,0.230901,0.015746,0.125472,-0.078753,0.015914,-0.058731,0.206515,0.015917,-0.140486,-0.101981,0.015590
-0.040977,0.052872,0.174449,0.137255,0.172600,0.205099,0.155445,-0.035723,0.199156,-0.237400,0.141466,0.149742,-0.219210,-0.066857,0.143799,0.220333,0.230897,0.015733,0.125444,-0.078757,0.015918,-0.058777,0.206522,0.015910,-0.140521,-0.101970,0.015599
-0.041229,0.052825,0.173904,0.136900,0.172517,0.205288,0.155089,-0.035805,0.199299,-0.237548,0.141455,0.148508,-0.219359,-0.066867,0.142519,0.220342,0.230894,0.015745,0.125420,-0.078765,0.015914,-0.058801,0.206516,0.015906,-0.140546,-0.101978,0.015600
-0.041351,0.052789,0.173534,0.136709,0.172453,0.205412,0.154897,-0.035867,0.199376,-0.237600,0.141445,0.147692,-0.219411,-0.066876,0.141656,0.220340,0.230893,0.015728,0.125408,-0.078768,0.015911,-0.058820,0.206514,0.015906,-0.140553,-0.101980,0.015599
-0.041374,0.052754,0.173307,0.136650,0.172403,0.205445,0.154839,-0.035916,0.199367,-0.237587,0.141425,0.147247,-0.219398,-0.066894,0.141168,0.220336,0.230887,0.015738,0.125397,-0.078776,0.015910,-0.058827,0.206508,0.015906,-0.140559,-0.101989,0.015603
-0.041260,0.052724,0.173187,0.136755,0.172360,0.205419,0.154943,-0.035957,0.199288,-0.237463,0.141405,0.147087,-0.219275,-0.066912,0.140955,0.220347,0.230884,0.015729,0.125406,-0.078781,0.015910,-0.058809,0.206507,0.015906,-0.140540,-0.101991,0.015601
-0.041008,0.052698,0.173151,0.137016,0.172327,0.205361,0.155203,-0.035988,0.199170,-0.237219,0.141385,0.147133,-0.219032,-0.066931,0.140942,0.220363,0.230883,0.015736,0.125432,-0.078784,0.015906,-0.058788,0.206506,0.015909,-0.140507,-0.101993,0.015596
-0.040688,0.052671,0.173180,0.137357,0.172295,0.205296,0.155543,-0.036019,0.199042,-0.236918,0.141362,0.147319,-0.218732,-0.066952,0.141064,0.220368,0.230877,0.015728,0.125455,-0.078791,0.015909,-0.058757,0.206504,0.015917,-0.140486,-0.101998,0.015594
-0.040276,0.052648,0.173242,0.137797,0.172268,0.205217,0.155982,-0.036044,0.198893,-0.236533,0.141339,0.147591,-0.218348,-0.066973,0.141268,0.220382,0.230873,0.015733,0.125483,-0.078796,0.015908,-0.058719,0.206503,0.015921,-0.140437,-0.102000,0.015576
-0.039764,0.052609,0.173326,0.138342,0.172223,0.205135,0.156525,-0.036086,0.198717,-0.236054,0.141305,0.147935,-0.217871,-0.067004,0.141517,0.220410,0.230867,0.015730,0.125519,-0.078804,0.015901,-0.058661,0.206501,0.015927,-0.140372,-0.102003,0.015582
-0.039215,0.052557,0.173426,0.138932,0.172163,0.205038,0.157113,-0.036143,0.198502,-0.235543,0.141257,0.148349,-0.217362,-0.067049,0.141813,0.220426,0.230860,0.015730,0.125555,-0.078813,0.015901,-0.058616,0.206499,0.015935,-0.140324,-0.102010,0.015595
-0.038620,0.052501,0.173540,0.139568,0.172096,0.204958,0.157746,-0.036206,0.198294,-0.234986,0.141207,0.148785,-0.216808,-0.067095,0.142121,0.220425,0.230853,0.015714,0.125586,-0.078823,0.015895,-0.058581,0.206498,0.015942,-0.140286,-0.102016,0.015611
-0.037994,0.052428,0.173671,0.140232,0.172011,0.204918,0.158408,-0.036286,0.198108,-0.234396,0.141143,0.149235,-0.216221,-0.067155,0.142425,0.220454,0.230843,0.015714,0.125643,-0.078835,0.015888,-0.058513,0.206494,0.015953,-0.140201,-0.102023,0.015618
-0.037430,0.052351,0.173821,0.140835,0.171922,0.204896,0.159007,-0.036372,0.197943,-0.233867,0.141074,0.149699,-0.215695,-0.067220,0.142746,0.220478,0.230833,0.015707,0.125658,-0.078851,0.015883,-0.058473,0.206488,0.015957,-0.140153,-0.102034,0.015636
-0.036819,0.052280,0.173987,0.141482,0.171838,0.204900,0.159651,-0.036450,0.197804,-0.233290,0.141011,0.150170,-0.215121,-0.067277,0.143074,0.220503,0.230825,0.015714,0.125697,-0.078863,0.015879,-0.058419,0.206486,0.015965,-0.140096,-0.102040,0.015639
-0.036240,0.052203,0.174161,0.142095,0.171747,0.204936,0.160261,-0.036537,0.197695,-0.232740,0.140943,0.150626,-0.214575,-0.067341,0.143385,0.220549,0.230817,0.015714,0.125755,-0.078876,0.015877,-0.058359,0.206483,0.015972,-0.140022,-0.102048,0.015651
-0.035698,0.052115,0.174343,0.142668,0.171644,0.204999,0.160831,-0.036635,0.197602,-0.232227,0.140866,0.151083,-0.214064,-0.067413,0.143686,0.220574,0.230810,0.015737,0.125798,-0.078887,0.015871,-0.058311,0.206481,0.015980,-0.139971,-0.102056,0.015663
-0.035187,0.052023,0.174522,0.143211,0.171537,0.205045,0.161371,-0.036737,0.197500,-0.231744,0.140783,0.151544,-0.213585,-0.067491,0.143999,0.220618,0.230796,0.015736,0.125857,-0.078906,0.015873,-0.058249,0.206473,0.015986,-0.139905,-0.102071,0.015702
-0.034729,0.051932,0.174704,0.143701,0.171432,0.205099,0.161857,-0.036837,0.197404,-0.231315,0.140701,0.152005,-0.213159,-0.067567,0.144310,0.220637,0.230789,0.015747,0.125889,-0.078918,0.015871,-0.058206,0.206471,0.015993,-0.139857,-0.102079,0.015712
-0.034302,0.051847,0.174887,0.144149,0.171345,0.205160,0.162314,-0.036918,0.197340,-0.230918,0.140611,0.152435,-0.212753,-0.067652,0.144615,0.220671,0.230785,0.015766,0.125929,-0.078932,0.015871,-0.058164,0.206456,0.015995,-0.139806,-0.102105,0.015722
-0.033920,0.051762,0.175058,0.144557,0.171248,0.205225,0.162720,-0.037010,0.197272,-0.230560,0.140534,0.152845,-0.212398,-0.067725,0.144892,0.220682,0.230778,0.015767,0.125938,-0.078946,0.015862,-0.058132,0.206453,0.015999,-0.139777,-0.102114,0.015731
-0.033546,0.051670,0.175205,0.144960,0.171144,0.205250,0.163119,-0.037110,0.197159,-0.230212,0.140450,0.153251,-0.212053,-0.067803,0.145161,0.220710,0.230767,0.015759,0.125991,-0.078961,0.015864,-0.058090,0.206447,0.016004,-0.139728,-0.102126,0.015731
-0.033226,0.051583,0.175328,0.145309,0.171047,0.205245,0.163465,-0.037202,0.197026,-0.229917,0.140368,0.153629,-0.211761,-0.067880,0.145410,0.220738,0.230758,0.015784,0.126019,-0.078974,0.015857,-0.058048,0.206443,0.016009,-0.139695,-0.102137,0.015740
-0.032944,0.051511,0.175433,0.145628,0.170944,0.205247,0.163763,-0.037300,0.196886,-0.229650,0.140322,0.153980,-0.211516,-0.067923,0.145619,0.220748,0.230751,0.015780,0.126045,-0.078976,0.015855,-0.058023,0.206466,0.016006,-0.139674,-0.102111,0.015752
-0.032677,0.051414,0.175538,0.145913,0.170839,0.205282,0.164050,-0.037400,0.196790,-0.229404,0.140229,0.154287,-0.211266,-0.068010,0.145794,0.220756,0.230746,0.015784,0.126054,-0.078990,0.015858,-0.058007,0.206457,0.016011,-0.139655,-0.102129,0.015757
-0.032440,0.051303,0.175645,0.146169,0.170709,0.205345,0.164302,-0.037524,0.196701,-0.229183,0.140130,0.154589,-0.211049,-0.068103,0.145946,0.220776,0.230736,0.015780,0.126077,-0.079008,0.015872,-0.057989,0.206451,0.016014,-0.139631,-0.102142,0.015771
-0.032211,0.051194,0.175747,0.146418,0.170583,0.205394,0.164548,-0.037644,0.196600,-0.228970,0.140032,0.154894,-0.210841,-0.068195,0.146100,0.220801,0.230729,0.015792,0.126097,-0.079021,0.015870,-0.057961,0.206449,0.016017,-0.139606,-0.102151,0.015773
-0.031990,0.051107,0.175838,0.146658,0.170485,0.205420,0.164785,-0.037738,0.196511,-0.228765,0.139952,0.155165,-0.210638,-0.068270,0.146257,0.220824,0.230718,0.015784,0.126127,-0.079038,0.015865,-0.057930,0.206441,0.016020,-0.139573,-0.102165,0.015779
-0.031776,0.051031,0.175907,0.146890,0.170399,0.205420,0.165014,-0.037820,0.196403,-0.228567,0.139882,0.155412,-0.210443,-0.068336,0.146395,0.220816,0.230710,0.015783,0.126131,-0.079050,0.015861,-0.057929,0.206436,0.016023,-0.139570,-0.102175,0.015787
-0.031570,0.050973,0.175965,0.147113,0.170333,0.205403,0.165235,-0.037881,0.196301,-0.228376,0.139827,0.155629,-0.210254,-0.068387,0.146527,0.220832,0.230704,0.015799,0.126126,-0.079062,0.015863,-0.057904,0.206433,0.016025,-0.139545,-0.102182,0.015782
-0.031395,0.050932,0.176021,0.147303,0.170288,0.205386,0.165424,-0.037924,0.196218,-0.228214,0.139788,0.155824,-0.210093,-0.068424,0.146656,0.220843,0.230701,0.015808,0.126136,-0.079068,0.015857,-0.057892,0.206433,0.016027,-0.139532,-0.102186,0.015794
-0.031219,0.050908,0.176072,0.147492,0.170263,0.205362,0.165612,-0.037947,0.196148,-0.228051,0.139764,0.155996,-0.209931,-0.068446,0.146783,0.220856,0.230701,0.015805,0.126160,-0.079069,0.015855,-0.057860,0.206435,0.016030,-0.139505,-0.102187,0.015799
-0.031059,0.050884,0.176113,0.147665,0.170238,0.205330,0.165784,-0.037971,0.196078,-0.227903,0.139739,0.156148,-0.209783,-0.068469,0.146896,0.220851,0.230695,0.015801,0.126162,-0.079077,0.015853,-0.057859,0.206430,0.016030,-0.139496,-0.102194,0.015806
-0.030952,0.050873,0.176151,0.147782,0.170226,0.205306,0.165901,-0.037981,0.196026,-0.227805,0.139727,0.156275,-0.209687,-0.068480,0.146995,0.220829,0.230696,0.015803,0.126146,-0.079077,0.015850,-0.057865,0.206433,0.016032,-0.139509,-0.102193,0.015808
-0.030853,0.050867,0.176184,0.147890,0.170222,0.205282,0.166008,-0.037985,0.195987,-0.227714,0.139719,0.156381,-0.209596,-0.068487,0.147086,0.220843,0.230696,0.015797,0.126162,-0.079078,0.015849,-0.057858,0.206432,0.016032,-0.139494,-0.102194,0.015809
-0.030746,0.050871,0.176212,0.148005,0.170229,0.205237,0.166124,-0.037977,0.195944,-0.227617,0.139719,0.156480,-0.209498,-0.068488,0.147187,0.220864,0.230692,0.015799,0.126191,-0.079081,0.015848,-0.057827,0.206430,0.016032,-0.139467,-0.102197,0.015812
-0.030624,0.050882,0.176240,0.148134,0.170244,0.205213,0.166252,-0.037963,0.195919,-0.227501,0.139727,0.156561,-0.209383,-0.068479,0.147267,0.220855,0.230695,0.015795,0.126198,-0.079077,0.015845,-0.057818,0.206433,0.016034,-0.139456,-0.102194,0.015818
-0.030525,0.050895,0.176276,0.148238,0.170260,0.205206,0.166357,-0.037947,0.195917,-0.227407,0.139737,0.156635,-0.209288,-0.068470,0.147346,0.220850,0.230696,0.015794,0.126198,-0.079075,0.015845,-0.057830,0.206433,0.016046,-0.139458,-0.102192,0.015823
-0.030426,0.050898,0.176335,0.148344,0.170265,0.205209,0.166463,-0.037941,0.195918,-0.227315,0.139737,0.156751,-0.209196,-0.068470,0.147461,0.220888,0.230696,0.015813,0.126227,-0.079075,0.015856,-0.057787,0.206435,0.016048,-0.139422,-0.102190,0.015814
-0.030334,0.050888,0.176405,0.148443,0.170257,0.205230,0.166562,-0.037949,0.195924,-0.227231,0.139725,0.156886,-0.209112,-0.068481,0.147580,0.220877,0.230694,0.015813,0.126227,-0.079078,0.015850,-0.057800,0.206431,0.016047,-0.139425,-0.102193,0.015781
-0.030243,0.050867,0.176466,0.148547,0.170235,0.205216,0.166664,-0.037969,0.195879,-0.227150,0.139704,0.157054,-0.209033,-0.068501,0.147717,0.220897,0.230692,0.015809,0.126237,-0.079081,0.015850,-0.057774,0.206433,0.016048,-0.139408,-0.102193,0.015781
-0.030182,0.050831,0.176525,0.148621,0.170197,0.205203,0.166737,-0.038005,0.195819,-0.227101,0.139667,0.157231,-0.208984,-0.068536,0.147846,0.220898,0.230690,0.015817,0.126239,-0.079085,0.015846,-0.057774,0.206432,0.016048,-0.139407,-0.102197,0.015788
-0.030106,0.050791,0.176581,0.148707,0.170154,0.205212,0.166822,-0.038046,0.195778,-0.227034,0.139628,0.157385,-0.208918,-0.068572,0.147951,0.220906,0.230687,0.015799,0.126245,-0.079092,0.015842,-0.057760,0.206429,0.016051,-0.139398,-0.102203,0.015789
-0.030045,0.050766,0.176630,0.148776,0.170127,0.205220,0.166890,-0.038072,0.195751,-0.226979,0.139604,0.157508,-0.208865,-0.068595,0.148039,0.220898,0.230685,0.015809,0.126246,-0.079095,0.015843,-0.057765,0.206429,0.016051,-0.139396,-0.102206,0.015824
-0.029976,0.050745,0.176668,0.148853,0.170106,0.205208,0.166967,-0.038092,0.195714,-0.226918,0.139582,0.157622,-0.208804,-0.068616,0.148127,0.220907,0.230680,0.015812,0.126254,-0.079100,0.015840,-0.057754,0.206425,0.016051,-0.139387,-0.102211,0.015822
-0.029938,0.050725,0.176697,0.148899,0.170084,0.205192,0.167012,-0.038112,0.195669,-0.226887,0.139562,0.157726,-0.208774,-0.068634,0.148202,0.220898,0.230680,0.015796,0.126251,-0.079102,0.015841,-0.057759,0.206426,0.016052,-0.139382,-0.102211,0.015826
-0.029922,0.050715,0.176729,0.148919,0.170075,0.205193,0.167032,-0.038121,0.195657,-0.226877,0.139552,0.157800,-0.208764,-0.068644,0.148264,0.220894,0.230680,0.015801,0.126240,-0.079103,0.015837,-0.057759,0.206427,0.016053,-0.139389,-0.102211,0.015824
-0.029900,0.050717,0.176760,0.148946,0.170079,0.205189,0.167059,-0.038117,0.195656,-0.226858,0.139552,0.157864,-0.208745,-0.068645,0.148330,0.220900,0.230681,0.015801,0.126245,-0.079103,0.015838,-0.057753,0.206426,0.016054,-0.139397,-0.102213,0.015827
-0.029900,0.050726,0.176789,0.148948,0.170091,0.205191,0.167061,-0.038106,0.195668,-0.226861,0.139558,0.157910,-0.208747,-0.068639,0.148387,0.220894,0.230681,0.015805,0.126237,-0.079101,0.015832,-0.057757,0.206427,0.016051,-0.139398,-0.102212,0.015829
-0.029869,0.050735,0.176809,0.148979,0.170102,0.205198,0.167093,-0.038095,0.195687,-0.226831,0.139565,0.157931,-0.208717,-0.068633,0.148420,0.220913,0.230680,0.015813,0.126259,-0.079101,0.015838,-0.057746,0.206425,0.016052,-0.139372,-0.102211,0.015826
-0.029831,0.050734,0.176817,0.149018,0.170099,0.205209,0.167131,-0.038098,0.195693,-0.226793,0.139565,0.157942,-0.208680,-0.068632,0.148426,0.220911,0.230680,0.015807,0.126264,-0.079101,0.015837,-0.057737,0.206427,0.016054,-0.139369,-0.102210,0.015824
-0.029823,0.050737,0.176824,0.149027,0.170104,0.205202,0.167140,-0.038093,0.195687,-0.226786,0.139568,0.157962,-0.208674,-0.068629,0.148447,0.220900,0.230681,0.015800,0.126254,-0.079100,0.015840,-0.057746,0.206428,0.016053,-0.139380,-0.102209,0.015834
-0.029823,0.050737,0.176832,0.149028,0.170106,0.205196,0.167142,-0.038091,0.195684,-0.226788,0.139566,0.157981,-0.208675,-0.068631,0.148469,0.220901,0.230680,0.015814,0.126254,-0.079101,0.015841,-0.057758,0.206425,0.016053,-0.139378,-0.102211,0.015827
-0.029823,0.050726,0.176828,0.149029,0.170092,0.205199,0.167142,-0.038105,0.195670,-0.226788,0.139557,0.157987,-0.208675,-0.068640,0.148458,0.220905,0.230682,0.015813,0.126259,-0.079100,0.015838,-0.057747,0.206428,0.016053,-0.139383,-0.102210,0.015830
-0.029823,0.050717,0.176819,0.149029,0.170082,0.205194,0.167142,-0.038114,0.195656,-0.226788,0.139549,0.157981,-0.208676,-0.068647,0.148443,0.220896,0.230679,0.015801,0.126252,-0.079103,0.015838,-0.057742,0.206427,0.016053,-0.139378,-0.102212,0.015827
-0.029831,0.050712,0.176816,0.149022,0.170075,0.205193,0.167134,-0.038121,0.195649,-0.226796,0.139544,0.157984,-0.208684,-0.068652,0.148440,0.220894,0.230678,0.015812,0.126249,-0.079104,0.015841,-0.057758,0.206425,0.016053,-0.139385,-0.102213,0.015826
-0.029846,0.050711,0.176828,0.149004,0.170073,0.205225,0.167116,-0.038123,0.195682,-0.226809,0.139545,0.157974,-0.208697,-0.068651,0.148432,0.220894,0.230678,0.015806,0.126247,-0.079105,0.015841,-0.057755,0.206425,0.016054,-0.139389,-0.102213,0.015828
-0.029846,0.050714,0.176845,0.149001,0.170076,0.205268,0.167113,-0.038120,0.195730,-0.226805,0.139549,0.157960,-0.208693,-0.068647,0.148422,0.220903,0.230679,0.015815,0.126253,-0.079103,0.015840,-0.057749,0.206427,0.016053,-0.139381,-0.102212,0.015828
-0.029900,0.050719,0.176859,0.148943,0.170081,0.205305,0.167056,-0.038115,0.195780,-0.226855,0.139554,0.157937,-0.208742,-0.068643,0.148413,0.220909,0.230681,0.015812,0.126255,-0.079102,0.015838,-0.057752,0.206426,0.016052,-0.139387,-0.102212,0.015829
-0.029892,0.050716,0.176858,0.148950,0.170077,0.205312,0.167063,-0.038119,0.195782,-0.226847,0.139552,0.157934,-0.208734,-0.068644,0.148404,0.220924,0.230682,0.015817,0.126264,-0.079101,0.015844,-0.057736,0.206428,0.016054,-0.139375,-0.102210,0.015817
-0.029892,0.050710,0.176840,0.148951,0.170070,0.205291,0.167064,-0.038126,0.195755,-0.226848,0.139546,0.157925,-0.208735,-0.068650,0.148389,0.220930,0.230680,0.015799,0.126276,-0.079103,0.015838,-0.057723,0.206427,0.016053,-0.139362,-0.102212,0.015818
-0.029892,0.050697,0.176819,0.148952,0.170056,0.205271,0.167065,-0.038140,0.195720,-0.226848,0.139534,0.157918,-0.208736,-0.068661,0.148367,0.220921,0.230677,0.015818,0.126260,-0.079107,0.015841,-0.057741,0.206424,0.016053,-0.139378,-0.102216,0.015818
-0.029892,0.050689,0.176800,0.148951,0.170045,0.205264,0.167064,-0.038150,0.195702,-0.226848,0.139527,0.157899,-0.208735,-0.068668,0.148336,0.220923,0.230677,0.015825,0.126267,-0.079107,0.015843,-0.057733,0.206424,0.016054,-0.139376,-0.102217,0.015819
-0.029892,0.050683,0.176787,0.148949,0.170037,0.205273,0.167062,-0.038157,0.195703,-0.226846,0.139523,0.157870,-0.208733,-0.068671,0.148301,0.220925,0.230677,0.015823,0.126266,-0.079108,0.015841,-0.057739,0.206423,0.016054,-0.139372,-0.102217,0.015818
-0.029892,0.050683,0.176777,0.148947,0.170035,0.205293,0.167058,-0.038160,0.195720,-0.226842,0.139526,0.157835,-0.208731,-0.068668,0.148262,0.220924,0.230678,0.015815,0.126268,-0.079107,0.015845,-0.057741,0.206426,0.016054,-0.139375,-0.102214,0.015819
-0.029900,0.050688,0.176766,0.148936,0.170040,0.205295,0.167048,-0.038155,0.195731,-0.226848,0.139530,0.157801,-0.208735,-0.068665,0.148237,0.220916,0.230676,0.015817,0.126258,-0.079108,0.015840,-0.057744,0.206423,0.016054,-0.139379,-0.102217,0.015819
