0.022596,0.009898,0.355846,0.211494,0.116327,0.361459,0.213675,-0.092495,0.349083,-0.168483,0.112290,0.362608,-0.166301,-0.096532,0.350232,0.193533,0.171986,0.187424,0.228615,-0.127423,0.172795,-0.170011,0.167996,0.190685,-0.143001,-0.131266,0.172133
0.032908,0.015203,0.352318,0.221641,0.121793,0.360046,0.224148,-0.086841,0.344863,-0.158332,0.117247,0.359774,-0.155825,-0.091387,0.344591,0.190175,0.179697,0.185414,0.240297,-0.119896,0.175523,-0.182913,0.174650,0.193153,-0.121796,-0.123296,0.162447
0.042753,0.020600,0.344903,0.230837,0.128177,0.354528,0.234604,-0.080291,0.337450,-0.149098,0.121491,0.352357,-0.145331,-0.086977,0.335278,0.190824,0.187601,0.177073,0.250802,-0.112093,0.172473,-0.182793,0.179813,0.189744,-0.105018,-0.116621,0.149282
0.052598,0.026086,0.333824,0.239867,0.134937,0.344924,0.245191,-0.073424,0.326983,-0.139995,0.125597,0.340665,-0.134670,-0.082764,0.322724,0.187655,0.195203,0.159481,0.264359,-0.105145,0.171097,-0.180748,0.183266,0.188784,-0.093049,-0.110567,0.128000
0.062382,0.031600,0.319343,0.248492,0.142280,0.331741,0.255987,-0.065997,0.313599,-0.131224,0.129196,0.325086,-0.123729,-0.079081,0.306944,0.184410,0.202999,0.132283,0.277975,-0.098097,0.167102,-0.174808,0.185260,0.187543,-0.084757,-0.104949,0.095925
0.071760,0.037125,0.301314,0.256351,0.150206,0.314738,0.266637,-0.057978,0.296888,-0.123117,0.132228,0.305741,-0.112831,-0.075955,0.287890,0.190414,0.210611,0.104903,0.288011,-0.089307,0.141930,-0.159798,0.188276,0.163587,-0.078593,-0.100529,0.061555
0.080312,0.042655,0.278850,0.263607,0.157753,0.292872,0.276226,-0.050337,0.275434,-0.115601,0.135647,0.282266,-0.102982,-0.072443,0.264829,0.205577,0.217182,0.086957,0.297411,-0.079718,0.096126,-0.131268,0.194637,0.112241,-0.067843,-0.097011,0.038168
0.087915,0.048004,0.252042,0.270398,0.164256,0.267090,0.284451,-0.043673,0.248860,-0.108620,0.139681,0.255223,-0.094567,-0.068249,0.236993,0.226704,0.224166,0.071652,0.311982,-0.069378,0.041697,-0.092336,0.204100,0.054583,-0.047121,-0.092035,0.023307
0.096048,0.053873,0.223737,0.278133,0.170983,0.236835,0.292936,-0.037037,0.220308,-0.100839,0.144783,0.227165,-0.086036,-0.063237,0.210638,0.243439,0.229931,0.039123,0.317766,-0.064738,0.015909,-0.071948,0.209332,0.015896,-0.039355,-0.090155,0.015950
0.104785,0.060274,0.202537,0.287039,0.177632,0.209731,0.301609,-0.030693,0.197363,-0.092038,0.151241,0.207711,-0.077468,-0.057084,0.195343,0.248999,0.232128,0.015770,0.316992,-0.064490,0.015990,-0.070215,0.209801,0.015819,-0.038426,-0.089354,0.016122
0.114011,0.064663,0.189418,0.296331,0.182114,0.191851,0.310749,-0.026388,0.182709,-0.082727,0.155714,0.196127,-0.068308,-0.052789,0.186986,0.249121,0.232174,0.015725,0.316905,-0.064258,0.016067,-0.068973,0.210171,0.015845,-0.040657,-0.088981,0.015980
0.123322,0.067451,0.181212,0.305681,0.184868,0.181381,0.319997,-0.023722,0.174309,-0.073352,0.158625,0.188115,-0.059036,-0.049965,0.181043,0.249792,0.232229,0.015786,0.317314,-0.064121,0.015963,-0.067777,0.210435,0.015746,-0.041634,-0.088752,0.015828
0.132642,0.069383,0.176763,0.314999,0.186797,0.175814,0.329303,-0.021836,0.170096,-0.064020,0.160602,0.183431,-0.049716,-0.048030,0.177713,0.250516,0.232335,0.015789,0.317992,-0.063958,0.015880,-0.066724,0.210585,0.015775,-0.040708,-0.088550,0.015823
0.142059,0.070871,0.175232,0.324407,0.188290,0.173458,0.338717,-0.020365,0.168698,-0.054599,0.162107,0.181766,-0.040289,-0.046548,0.177005,0.251360,0.232445,0.015840,0.318826,-0.063810,0.015797,-0.065828,0.210693,0.015753,-0.039858,-0.088409,0.015773
0.151657,0.072227,0.175346,0.333995,0.189651,0.172910,0.348315,-0.019022,0.168977,-0.045000,0.163476,0.181715,-0.030680,-0.045197,0.177782,0.252254,0.232565,0.015904,0.319766,-0.063661,0.015908,-0.065042,0.210793,0.015770,-0.039101,-0.088284,0.015699
0.161718,0.073633,0.176288,0.343984,0.191153,0.173253,0.358426,-0.017526,0.170205,-0.034991,0.164792,0.182371,-0.020549,-0.043886,0.179323,0.253192,0.232730,0.015965,0.323644,-0.063266,0.017477,-0.064448,0.210638,0.023486,-0.038407,-0.088298,0.015822
0.172667,0.074900,0.178878,0.354898,0.192459,0.175332,0.369395,-0.016224,0.172925,-0.024062,0.166024,0.184830,-0.009565,-0.042659,0.182423,0.254197,0.232866,0.015866,0.337726,-0.062319,0.028383,-0.058035,0.210862,0.043065,-0.037794,-0.088262,0.015872
0.184604,0.075707,0.183758,0.366806,0.193287,0.179435,0.381318,-0.015395,0.177045,-0.012110,0.166810,0.190472,0.002402,-0.041872,0.188082,0.255281,0.232967,0.015904,0.353719,-0.061304,0.039707,-0.041624,0.211846,0.057334,-0.037370,-0.088228,0.015894
0.196779,0.075933,0.189092,0.378872,0.193602,0.183003,0.393441,-0.015067,0.179922,0.000116,0.166933,0.198261,0.014685,-0.041736,0.195180,0.256357,0.233082,0.015882,0.363947,-0.060628,0.040129,-0.017796,0.213327,0.057451,-0.037132,-0.088273,0.015940
0.208212,0.075716,0.192108,0.389666,0.194294,0.184677,0.405112,-0.014252,0.178790,0.011313,0.165685,0.205427,0.026759,-0.042861,0.199540,0.298897,0.237872,0.017877,0.363998,-0.058516,0.023858,0.013625,0.215982,0.044847,-0.035857,-0.088037,0.020502
0.218951,0.075425,0.191690,0.399808,0.194879,0.183783,0.416171,-0.013556,0.176601,0.021731,0.164407,0.206778,0.038093,-0.044029,0.199596,0.357390,0.242604,0.025971,0.362160,-0.057872,0.015804,0.051885,0.218382,0.032895,-0.035397,-0.089918,0.040090
0.229220,0.076136,0.189207,0.409558,0.196412,0.181920,0.426918,-0.011958,0.175196,0.031523,0.164229,0.203218,0.048883,-0.044141,0.196494,0.402550,0.246071,0.039005,0.363196,-0.057758,0.015928,0.084273,0.220218,0.018428,-0.028041,-0.091637,0.055688
0.239253,0.077830,0.185428,0.419644,0.198106,0.179610,0.437096,-0.010284,0.173802,0.041410,0.165944,0.197054,0.058862,-0.042446,0.191247,0.430763,0.248360,0.046991,0.364156,-0.057619,0.015933,0.088257,0.220544,0.015833,-0.014008,-0.090605,0.063122
0.249297,0.079512,0.182996,0.429785,0.199684,0.178085,0.447178,-0.008734,0.173158,0.051415,0.167758,0.192834,0.068809,-0.040659,0.187907,0.450500,0.250097,0.048453,0.365094,-0.057489,0.015976,0.089273,0.220718,0.016019,0.002094,-0.089053,0.069666
0.259607,0.081342,0.182711,0.440154,0.201425,0.177822,0.457489,-0.007021,0.173996,0.061725,0.169704,0.191426,0.079060,-0.038741,0.187601,0.466733,0.251625,0.048379,0.366040,-0.057339,0.015902,0.090189,0.220906,0.015964,0.018139,-0.087342,0.074229
0.270112,0.083728,0.184007,0.450704,0.203718,0.178521,0.467987,-0.004756,0.176449,0.072237,0.172213,0.191564,0.089520,-0.036262,0.189492,0.480384,0.253100,0.046436,0.366997,-0.057141,0.015891,0.091049,0.221126,0.015956,0.034993,-0.085273,0.077128
0.280756,0.087036,0.186167,0.461413,0.206879,0.179707,0.478618,-0.001611,0.180379,0.082894,0.175683,0.191954,0.100099,-0.032808,0.192626,0.491036,0.254483,0.041531,0.367960,-0.056878,0.015928,0.091943,0.221467,0.015905,0.054227,-0.082569,0.077321
0.291561,0.091319,0.188469,0.472375,0.210832,0.180454,0.489339,0.002368,0.184915,0.093782,0.180270,0.192024,0.110747,-0.028193,0.196485,0.496167,0.255169,0.030473,0.368837,-0.056666,0.015860,0.092842,0.222036,0.015948,0.077817,-0.079149,0.071960
0.302376,0.095795,0.189708,0.483601,0.214387,0.178113,0.499794,0.006013,0.187189,0.104958,0.185577,0.192227,0.121151,-0.022798,0.201303,0.493049,0.253684,0.015836,0.377657,-0.056574,0.015804,0.093844,0.222665,0.015945,0.109265,-0.075688,0.055832
0.313040,0.099572,0.190364,0.494585,0.217385,0.176125,0.510142,0.009096,0.187891,0.115939,0.190047,0.192836,0.131496,-0.018241,0.204602,0.493851,0.253921,0.015779,0.431401,-0.051944,0.019539,0.092389,0.223943,0.015893,0.152018,-0.071904,0.035585
0.324033,0.101920,0.189802,0.505649,0.219532,0.174828,0.521095,0.011337,0.188272,0.126971,0.192503,0.191331,0.142417,-0.015692,0.204775,0.494761,0.254123,0.015768,0.498028,-0.046532,0.025850,0.093039,0.224320,0.015793,0.198693,-0.068526,0.029172
0.335484,0.102684,0.187132,0.517101,0.220292,0.172139,0.532548,0.012104,0.185698,0.138419,0.193263,0.188565,0.153867,-0.014924,0.202125,0.495677,0.254195,0.015869,0.548155,-0.042113,0.036706,0.094012,0.224384,0.015748,0.242908,-0.065453,0.026098
0.347193,0.102143,0.182770,0.528802,0.219913,0.168996,0.544295,0.011647,0.181245,0.150091,0.192639,0.184294,0.165584,-0.015626,0.196544,0.496641,0.254170,0.015918,0.581211,-0.039138,0.047311,0.095202,0.224296,0.015732,0.271175,-0.064032,0.016197
0.358442,0.101715,0.178385,0.540011,0.219691,0.165928,0.555614,0.011369,0.177027,0.161269,0.192060,0.179744,0.176872,-0.016262,0.190843,0.497606,0.254172,0.016051,0.601343,-0.037190,0.057976,0.102228,0.224779,0.020192,0.272280,-0.064074,0.015975
0.369159,0.102251,0.176161,0.550736,0.220293,0.164454,0.566362,0.011964,0.175379,0.171957,0.192538,0.176942,0.187582,-0.015791,0.187868,0.498653,0.254240,0.015969,0.615330,-0.035853,0.063846,0.113136,0.225967,0.028212,0.273302,-0.064018,0.015939
0.379671,0.103189,0.176017,0.561286,0.221267,0.165309,0.576895,0.012946,0.176403,0.182448,0.193432,0.175630,0.198056,-0.014889,0.186724,0.499736,0.254340,0.015892,0.627587,-0.034807,0.065452,0.125014,0.227265,0.034691,0.274274,-0.063925,0.015754
0.390120,0.104209,0.177320,0.571761,0.222358,0.167899,0.587372,0.014047,0.179182,0.192868,0.194372,0.175459,0.208479,-0.013939,0.186742,0.500813,0.254444,0.015756,0.638396,-0.033941,0.065308,0.137100,0.228490,0.039815,0.275215,-0.063853,0.015574
0.400557,0.105167,0.179571,0.582204,0.223410,0.171575,0.597834,0.015104,0.182929,0.203279,0.195231,0.176213,0.218909,-0.013075,0.187567,0.501868,0.254534,0.015747,0.647165,-0.033260,0.065135,0.149361,0.229684,0.045106,0.276129,-0.063793,0.015721
0.411019,0.106027,0.182555,0.592662,0.224360,0.175912,0.608310,0.016050,0.187173,0.213727,0.196004,0.177937,0.229375,-0.012306,0.189197,0.502889,0.254604,0.015783,0.653583,-0.032755,0.065774,0.161948,0.230934,0.051684,0.277000,-0.063747,0.015783
0.421659,0.106712,0.186269,0.603282,0.225137,0.180820,0.618963,0.016812,0.191748,0.224354,0.196612,0.180789,0.240035,-0.011713,0.191717,0.503891,0.254650,0.015984,0.657637,-0.032451,0.067202,0.175231,0.232195,0.059551,0.277824,-0.063734,0.015867
0.432673,0.107149,0.190857,0.614242,0.225699,0.186426,0.630013,0.017346,0.196660,0.235334,0.196951,0.185053,0.251104,-0.011402,0.195287,0.504904,0.254688,0.016016,0.659335,-0.032330,0.069208,0.189789,0.233364,0.067498,0.278587,-0.063769,0.015870
0.444268,0.107254,0.196374,0.625767,0.225940,0.192783,0.641658,0.017543,0.201879,0.246878,0.196965,0.190870,0.262770,-0.011432,0.199966,0.505981,0.254714,0.015985,0.658729,-0.032448,0.072021,0.206572,0.234391,0.073443,0.279290,-0.063831,0.015918
0.456407,0.107144,0.202201,0.637838,0.225940,0.198830,0.653855,0.017498,0.206562,0.258959,0.196790,0.197839,0.274976,-0.011653,0.205571,0.507114,0.254722,0.015822,0.656105,-0.032903,0.072904,0.226511,0.235314,0.073903,0.279933,-0.063921,0.015937
0.468507,0.107189,0.206613,0.649629,0.226413,0.201963,0.666189,0.017971,0.208463,0.270826,0.196406,0.204762,0.287386,-0.012036,0.211262,0.517694,0.255743,0.015846,0.653222,-0.033084,0.067064,0.250448,0.236038,0.064792,0.279971,-0.064330,0.016000
0.480044,0.107174,0.208119,0.660439,0.227394,0.201351,0.678213,0.019032,0.207158,0.281874,0.195316,0.209081,0.299649,-0.013047,0.214887,0.561062,0.259458,0.018672,0.651754,-0.033146,0.053315,0.280902,0.236404,0.048994,0.272624,-0.066315,0.023626
0.491093,0.107105,0.205922,0.670396,0.228881,0.198025,0.689987,0.020657,0.202864,0.292200,0.193554,0.208980,0.311791,-0.014671,0.213818,0.620339,0.265817,0.025103,0.651697,-0.032534,0.033949,0.318865,0.237696,0.035589,0.261634,-0.069090,0.040098
0.502066,0.106913,0.199500,0.680551,0.229844,0.190998,0.701460,0.021720,0.194462,0.302672,0.192105,0.204539,0.323582,-0.016018,0.208003,0.669307,0.271816,0.035817,0.650425,-0.032067,0.015740,0.355269,0.240080,0.024644,0.257366,-0.070793,0.061607
0.512847,0.107087,0.191056,0.691260,0.230091,0.182114,0.712236,0.021963,0.184800,0.313459,0.192212,0.197313,0.334434,-0.015917,0.199999,0.701504,0.274996,0.041762,0.651095,-0.032065,0.015763,0.369248,0.241174,0.015684,0.265339,-0.070219,0.071769
0.523434,0.107719,0.184680,0.701841,0.230726,0.175645,0.722805,0.022591,0.177930,0.324063,0.192846,0.191430,0.345028,-0.015288,0.193715,0.722892,0.277067,0.042514,0.651934,-0.032009,0.015869,0.370364,0.241264,0.015764,0.279864,-0.068812,0.077373
0.534110,0.108829,0.181832,0.712519,0.231798,0.172351,0.733451,0.023661,0.174706,0.334769,0.193996,0.188958,0.355701,-0.014141,0.191312,0.739240,0.278693,0.042047,0.652881,-0.031921,0.015900,0.371382,0.241402,0.015895,0.295271,-0.067165,0.079517
0.544919,0.110672,0.181811,0.723334,0.233575,0.171606,0.744241,0.025447,0.174828,0.345598,0.195898,0.188793,0.366504,-0.012230,0.192016,0.753167,0.280228,0.040622,0.653861,-0.031777,0.015839,0.372308,0.241588,0.015916,0.310950,-0.065209,0.081324
0.555823,0.113492,0.183464,0.734247,0.236302,0.172343,0.755155,0.028213,0.177498,0.356491,0.198770,0.189430,0.377399,-0.009318,0.194585,0.764998,0.281733,0.037099,0.654838,-0.031560,0.016009,0.373170,0.241840,0.015888,0.328133,-0.062750,0.082017
0.566812,0.117423,0.185836,0.745253,0.240097,0.173550,0.766175,0.032108,0.181771,0.367448,0.202738,0.189902,0.388370,-0.005251,0.198122,0.773467,0.282970,0.029846,0.655834,-0.031258,0.015994,0.374087,0.242246,0.015953,0.348719,-0.059640,0.079560
0.577858,0.122078,0.187775,0.756542,0.244141,0.173140,0.777056,0.036312,0.185437,0.378660,0.207844,0.190114,0.399175,0.000016,0.202411,0.774264,0.282325,0.015710,0.656891,-0.031328,0.015934,0.375143,0.242944,0.015971,0.375406,-0.055964,0.069159
0.588691,0.126254,0.189295,0.767526,0.247830,0.172599,0.787771,0.040189,0.188096,0.389612,0.212318,0.190495,0.409857,0.004678,0.205992,0.775130,0.282655,0.015725,0.700043,-0.027084,0.014876,0.375311,0.243689,0.015953,0.412983,-0.052600,0.048009
0.599694,0.128920,0.190107,0.778696,0.250096,0.172330,0.798640,0.042542,0.189315,0.400749,0.215298,0.190898,0.420693,0.007744,0.207883,0.776083,0.282836,0.015682,0.740138,-0.022497,0.023039,0.375505,0.244360,0.015876,0.456835,-0.048713,0.035348
0.610965,0.130374,0.189757,0.789993,0.251510,0.171966,0.809910,0.043992,0.189409,0.412021,0.216757,0.190106,0.431938,0.009239,0.207549,0.777102,0.282962,0.015767,0.796442,-0.016430,0.031052,0.376362,0.244498,0.015760,0.501247,-0.044635,0.032566
0.622512,0.130572,0.187421,0.801550,0.251779,0.170230,0.821457,0.044191,0.186837,0.423567,0.216953,0.188004,0.443474,0.009366,0.204611,0.778095,0.282984,0.015873,0.841667,-0.011283,0.041724,0.377251,0.244531,0.015712,0.540344,-0.041178,0.029233
0.634211,0.129687,0.183319,0.813244,0.251154,0.168019,0.833207,0.043424,0.182674,0.435215,0.215949,0.183964,0.455178,0.008220,0.198619,0.779107,0.282917,0.015959,0.872102,-0.007827,0.052020,0.379319,0.244480,0.015722,0.563266,-0.040041,0.016094
0.645446,0.128933,0.178970,0.824413,0.250750,0.165833,0.844552,0.042922,0.178743,0.446340,0.214944,0.179197,0.466479,0.007116,0.192107,0.780119,0.282904,0.016046,0.891099,-0.005562,0.062108,0.387011,0.245034,0.019641,0.564388,-0.040087,0.015982
0.656108,0.129386,0.176782,0.835060,0.251340,0.164754,0.855262,0.043487,0.177145,0.456954,0.215285,0.176420,0.477157,0.007432,0.188811,0.781162,0.282977,0.015973,0.904908,-0.003956,0.067705,0.397619,0.246409,0.027901,0.565414,-0.040038,0.015961
0.666549,0.130375,0.176654,0.845522,0.252405,0.165756,0.865730,0.044550,0.178100,0.467368,0.216200,0.175209,0.487577,0.008345,0.187552,0.782236,0.283096,0.015885,0.917315,-0.002653,0.069081,0.409085,0.247944,0.034876,0.566385,-0.039937,0.015787
0.676931,0.131518,0.177949,0.855919,0.253635,0.168357,0.876136,0.045784,0.180761,0.477725,0.217252,0.175137,0.497943,0.009401,0.187541,0.783304,0.283208,0.015736,0.928319,-0.001575,0.068658,0.420921,0.249428,0.040357,0.567321,-0.039856,0.015612
0.687311,0.132627,0.180159,0.866305,0.254840,0.172002,0.886533,0.046987,0.184369,0.488090,0.218267,0.175949,0.508318,0.010414,0.188316,0.784348,0.283311,0.015742,0.937246,-0.000735,0.068175,0.433076,0.250915,0.045819,0.568231,-0.039771,0.015679
0.697724,0.133654,0.183085,0.876709,0.255961,0.176279,0.896955,0.048101,0.188477,0.498494,0.219206,0.177693,0.518739,0.011346,0.189890,0.785364,0.283392,0.015836,0.943804,-0.000118,0.068520,0.445649,0.252445,0.052312,0.569102,-0.039711,0.015749
0.708318,0.134523,0.186772,0.887285,0.256919,0.181178,0.907554,0.049036,0.192959,0.509082,0.220009,0.180585,0.529351,0.012127,0.192366,0.786354,0.283455,0.016000,0.948025,0.000269,0.069886,0.458908,0.254028,0.060120,0.569931,-0.039659,0.015827
0.719296,0.135199,0.191314,0.898219,0.257699,0.186697,0.918554,0.049784,0.197762,0.520038,0.220614,0.184866,0.540372,0.012699,0.195931,0.787343,0.283503,0.016032,0.949784,0.000390,0.071534,0.473457,0.255565,0.067894,0.570706,-0.039648,0.015860
0.730858,0.135603,0.196703,0.909725,0.258212,0.192841,0.930154,0.050250,0.202810,0.531563,0.220957,0.190595,0.551991,0.012995,0.200564,0.788430,0.283539,0.015987,0.949122,0.000198,0.073591,0.490190,0.257006,0.073635,0.571421,-0.039669,0.015902
0.742969,0.135789,0.202403,0.921770,0.258500,0.198753,0.942320,0.050490,0.207355,0.543619,0.221088,0.197450,0.564168,0.013078,0.206053,0.789547,0.283582,0.015817,0.946552,-0.000309,0.074190,0.509976,0.258373,0.074105,0.572073,-0.039714,0.015948
0.755038,0.136138,0.206708,0.933425,0.259405,0.201767,0.954682,0.051416,0.209066,0.555393,0.220860,0.204349,0.576651,0.012871,0.211648,0.799366,0.284894,0.015838,0.943664,-0.000368,0.068194,0.533555,0.259457,0.065118,0.572223,-0.040157,0.016133
0.766546,0.136421,0.208191,0.944090,0.260795,0.201098,0.966720,0.052926,0.207672,0.566372,0.219915,0.208709,0.589002,0.012046,0.215283,0.843660,0.289812,0.017993,0.942346,-0.000323,0.054170,0.563633,0.260308,0.049043,0.564424,-0.042432,0.023626
0.777570,0.136638,0.205918,0.953895,0.262660,0.197616,0.978486,0.054987,0.203259,0.576654,0.218289,0.208577,0.601245,0.010616,0.214221,0.902991,0.297704,0.024206,0.942403,0.000349,0.034665,0.601481,0.262304,0.035302,0.553122,-0.045599,0.040066
0.788527,0.136739,0.199403,0.963911,0.264020,0.190417,0.989973,0.056495,0.194767,0.587080,0.216982,0.204038,0.613142,0.009457,0.208388,0.951725,0.305046,0.034892,0.940998,0.000774,0.015657,0.638080,0.265430,0.024023,0.548593,-0.047538,0.061854
0.799305,0.137316,0.190670,0.974584,0.264727,0.181441,1.000785,0.057208,0.185228,0.597825,0.217424,0.196111,0.624026,0.009906,0.199899,0.983790,0.309142,0.040863,0.941663,0.000831,0.015728,0.651555,0.266734,0.015707,0.556571,-0.046759,0.072264
0.809908,0.138315,0.184037,0.985195,0.265719,0.174871,1.011378,0.058194,0.178412,0.608439,0.218437,0.189662,0.634622,0.010912,0.193203,1.005261,0.311791,0.041465,0.942499,0.000913,0.015857,0.652683,0.266868,0.015760,0.571219,-0.044883,0.077291
0.820607,0.139684,0.181173,0.995897,0.267047,0.171502,1.022047,0.059519,0.175116,0.619167,0.219849,0.187230,0.645318,0.012321,0.190844,1.021834,0.313861,0.041136,0.943444,0.001025,0.015871,0.653707,0.267034,0.015902,0.586734,-0.042815,0.079562
0.831436,0.141791,0.181273,1.006724,0.269087,0.170747,1.032855,0.061573,0.175212,0.630017,0.222008,0.187334,0.656147,0.014495,0.191798,1.035891,0.315761,0.039749,0.944426,0.001192,0.015906,0.654630,0.267240,0.015929,0.602420,-0.040462,0.081545
0.842337,0.144918,0.183076,1.017623,0.272126,0.171504,1.043767,0.064666,0.177914,0.640907,0.225170,0.188237,0.667050,0.017709,0.194647,1.047654,0.317553,0.035941,0.945406,0.001437,0.016019,0.655480,0.267513,0.015901,0.619678,-0.037565,0.082211
0.853291,0.149187,0.185552,1.028577,0.276269,0.172675,1.054758,0.068932,0.182189,0.651823,0.229441,0.188916,0.678004,0.022104,0.198430,1.055747,0.318921,0.028017,0.946400,0.001766,0.016006,0.656393,0.267941,0.015987,0.640581,-0.033943,0.079387
0.864239,0.154117,0.187532,1.039685,0.280709,0.172227,1.065603,0.073556,0.185663,0.662874,0.234678,0.189401,0.688792,0.027525,0.202838,1.056490,0.318562,0.015769,0.947525,0.001875,0.015948,0.657411,0.268647,0.016020,0.668105,-0.029714,0.067914
0.874942,0.158423,0.189271,1.050610,0.284485,0.172231,1.076168,0.077498,0.188602,0.673716,0.239347,0.189939,0.699274,0.032361,0.206310,1.057401,0.318880,0.015704,1.000500,0.008569,0.016018,0.657283,0.269493,0.015950,0.706515,-0.025294,0.046832
0.886004,0.161033,0.189784,1.061729,0.286999,0.172633,1.087234,0.080117,0.190356,0.684774,0.241948,0.189213,0.710278,0.035067,0.206936,1.058401,0.319102,0.015679,1.066604,0.017282,0.023048,0.658086,0.269770,0.015891,0.753834,-0.020309,0.034344
0.897655,0.161933,0.188026,1.073388,0.287973,0.171500,1.098899,0.081054,0.188767,0.696411,0.242813,0.187285,0.721922,0.035894,0.204552,1.059391,0.319202,0.015760,1.116203,0.024365,0.034521,0.659047,0.269840,0.015712,0.801961,-0.014813,0.029306
0.909719,0.161480,0.184365,1.085435,0.287727,0.169301,1.110990,0.080663,0.184663,0.708449,0.242297,0.184067,0.734004,0.035233,0.199429,1.060414,0.319175,0.015868,1.150018,0.029206,0.045088,0.660087,0.269758,0.015731,0.838828,-0.010852,0.022824
0.921700,0.160288,0.179595,1.097305,0.286981,0.167223,1.123087,0.079765,0.179934,0.720312,0.240812,0.179257,0.746095,0.033596,0.191968,1.061441,0.319123,0.015928,1.172270,0.032318,0.054702,0.664710,0.269746,0.015701,0.848816,-0.010301,0.016015
0.932900,0.160060,0.176205,1.108440,0.286999,0.165553,1.134354,0.079705,0.176610,0.731445,0.240416,0.175800,0.757360,0.033122,0.186857,1.062485,0.319143,0.015961,1.186842,0.034370,0.063589,0.673323,0.270909,0.023763,0.849923,-0.010289,0.015963
0.943636,0.160767,0.175276,1.119154,0.287823,0.165710,1.145125,0.080500,0.176068,0.742147,0.241034,0.174485,0.768119,0.033711,0.184843,1.063556,0.319239,0.015966,1.198517,0.035875,0.066935,0.684148,0.272534,0.032461,0.850945,-0.010220,0.015809
0.954228,0.161873,0.176293,1.129740,0.289015,0.167816,1.155741,0.081679,0.177845,0.752714,0.242067,0.174741,0.778716,0.034732,0.184771,1.064657,0.319361,0.015866,1.209159,0.037130,0.066425,0.695735,0.274216,0.039045,0.851918,-0.010128,0.015641
0.964841,0.163083,0.178538,1.140342,0.290315,0.171276,1.166378,0.082971,0.181035,0.763305,0.243195,0.176042,0.789340,0.035851,0.185801,1.065752,0.319484,0.015708,1.218157,0.038148,0.064850,0.707776,0.275903,0.044809,0.852869,-0.010034,0.015703
0.975487,0.164287,0.181573,1.150978,0.291595,0.175491,1.177037,0.084239,0.184941,0.773938,0.244335,0.178205,0.799997,0.036979,0.187655,1.066816,0.319594,0.015787,1.224988,0.038890,0.063788,0.720273,0.277647,0.050975,0.853769,-0.009949,0.015811
0.986279,0.165395,0.185209,1.161747,0.292781,0.180190,1.187842,0.085410,0.189179,0.784716,0.245381,0.181239,0.810812,0.038010,0.190227,1.067861,0.319693,0.015819,1.229515,0.039374,0.063936,0.733441,0.279446,0.058184,0.854629,-0.009884,0.015881
0.997378,0.166306,0.189524,1.172817,0.293764,0.185426,1.198956,0.086368,0.193674,0.795800,0.246244,0.185374,0.821939,0.038848,0.193622,1.068894,0.319773,0.015989,1.231849,0.039557,0.065148,0.747661,0.281268,0.065819,0.855439,-0.009843,0.015897
1.008974,0.166957,0.194590,1.184377,0.294486,0.191233,1.210573,0.087056,0.198393,0.807374,0.246858,0.190787,0.833570,0.039428,0.197947,1.069956,0.319824,0.016000,1.231959,0.039387,0.067112,0.763855,0.283104,0.072132,0.856189,-0.009838,0.015870
1.021154,0.167377,0.200105,1.196497,0.294997,0.197108,1.222795,0.087536,0.202872,0.819513,0.247218,0.197339,0.845811,0.039757,0.203103,1.071080,0.319896,0.015899,1.230073,0.038892,0.068399,0.783016,0.285002,0.074250,0.856932,-0.009865,0.015916
1.033470,0.167922,0.204680,1.208537,0.295888,0.200539,1.235276,0.088451,0.204949,0.831665,0.247392,0.204410,0.858403,0.039955,0.208820,1.072614,0.320278,0.015878,1.227443,0.038618,0.064464,0.805740,0.286984,0.067862,0.857445,-0.010106,0.015928
1.045232,0.168417,0.206746,1.219506,0.297377,0.200494,1.247462,0.090082,0.203949,0.843002,0.246753,0.209543,0.870958,0.039458,0.212999,1.113296,0.325853,0.016461,1.225977,0.038781,0.051799,0.834422,0.288861,0.053462,0.851042,-0.012295,0.021076
1.056468,0.168853,0.205071,1.229496,0.299402,0.197364,1.259355,0.092359,0.199912,0.853581,0.245347,0.210230,0.883440,0.038305,0.212778,1.173439,0.335089,0.022469,1.225608,0.039509,0.032521,0.872234,0.291849,0.038615,0.840146,-0.016052,0.034873
1.067594,0.169189,0.199106,1.239638,0.300979,0.190547,1.270961,0.094142,0.191984,0.864226,0.244235,0.206227,0.895549,0.037399,0.207665,1.223103,0.343351,0.033242,1.224651,0.039935,0.015828,0.910538,0.295971,0.026875,0.834316,-0.018896,0.056296
1.078427,0.170074,0.191033,1.250266,0.302111,0.182167,1.281867,0.095313,0.183030,0.874986,0.244834,0.199036,0.906588,0.038036,0.199899,1.256552,0.348459,0.040807,1.225415,0.040010,0.015739,0.928214,0.298179,0.015488,0.840639,-0.018574,0.067174
1.088946,0.171402,0.184815,1.260847,0.303370,0.176101,1.292347,0.096555,0.176634,0.885544,0.246249,0.192997,0.917045,0.039435,0.193530,1.278593,0.351704,0.042791,1.226259,0.040101,0.015870,0.929418,0.298450,0.015788,0.854140,-0.016427,0.074388
1.099461,0.173173,0.181920,1.271381,0.305100,0.172986,1.302844,0.098281,0.173712,0.896077,0.248065,0.190129,0.927540,0.041246,0.190855,1.294910,0.354196,0.042835,1.227205,0.040246,0.015917,0.930426,0.298652,0.015897,0.869059,-0.014023,0.077304
1.110043,0.175591,0.181806,1.281981,0.307457,0.172326,1.313419,0.100639,0.173979,0.906666,0.250543,0.189633,0.938105,0.043725,0.191287,1.308621,0.356436,0.041745,1.228177,0.040444,0.015868,0.931342,0.298879,0.015929,0.884347,-0.011313,0.079534
1.120667,0.178891,0.183388,1.292634,0.310660,0.173124,1.324055,0.103864,0.176675,0.917278,0.253918,0.190101,0.948699,0.047121,0.193652,1.320346,0.358543,0.038833,1.229134,0.040703,0.015969,0.932193,0.299171,0.015911,0.900960,-0.008049,0.080760
1.131317,0.183209,0.185716,1.303319,0.314847,0.174403,1.334737,0.108121,0.180893,0.927897,0.258297,0.190540,0.959315,0.051571,0.197030,1.329097,0.360305,0.032544,1.230105,0.041049,0.016016,0.933082,0.299597,0.015933,0.920672,-0.003995,0.079197
1.142016,0.188344,0.187882,1.314210,0.319549,0.174637,1.345359,0.112945,0.185085,0.938673,0.263742,0.190678,0.969822,0.057138,0.201126,1.331158,0.360199,0.017909,1.230904,0.041115,0.015963,0.934015,0.300225,0.015942,0.945777,0.000901,0.070797
1.152526,0.193111,0.189432,1.325020,0.323713,0.174253,1.355691,0.117205,0.187609,0.949361,0.269018,0.191256,0.980032,0.062510,0.204612,1.332144,0.360562,0.015752,1.259418,0.045932,0.018591,0.933769,0.301410,0.016000,0.981157,0.006685,0.050767
1.163106,0.196510,0.190634,1.335763,0.326753,0.174276,1.366175,0.120334,0.189473,0.960037,0.272686,0.191796,0.990449,0.066267,0.206993,1.332955,0.360728,0.015716,1.306658,0.053289,0.023578,0.933984,0.301961,0.015922,1.021982,0.012557,0.040010
1.174127,0.198743,0.190493,1.346812,0.328911,0.173833,1.377187,0.122539,0.189730,0.971067,0.274948,0.191255,1.001442,0.068576,0.207153,1.333918,0.360910,0.015772,1.365125,0.062396,0.030127,0.934791,0.302164,0.015786,1.067889,0.018955,0.034136
1.185621,0.199724,0.188062,1.358313,0.329940,0.171864,1.388681,0.123521,0.187155,0.982561,0.275927,0.188969,1.012928,0.069509,0.204260,1.334885,0.361000,0.015866,1.411068,0.069886,0.040467,0.935689,0.302261,0.015731,1.109604,0.024755,0.029930
1.197406,0.199618,0.183791,1.370083,0.330050,0.169251,1.400504,0.123516,0.182786,0.994308,0.275719,0.184795,1.024729,0.069186,0.198330,1.335876,0.361001,0.015942,1.441987,0.074925,0.050580,0.937375,0.302291,0.015743,1.135780,0.027643,0.017309
1.208789,0.199540,0.179117,1.381427,0.330229,0.166556,1.411952,0.123607,0.178402,1.005627,0.275472,0.179832,1.036152,0.068851,0.191678,1.336862,0.361034,0.016054,1.461177,0.078074,0.060008,0.944788,0.303216,0.017877,1.136891,0.027643,0.015981
1.219485,0.200613,0.176526,1.392116,0.331400,0.164914,1.422678,0.124761,0.176346,1.016292,0.276466,0.176706,1.046855,0.069827,0.188138,1.337901,0.361154,0.015970,1.474928,0.080368,0.065949,0.955265,0.305146,0.026539,1.137921,0.027757,0.015960
1.229896,0.202211,0.176142,1.402553,0.333046,0.165512,1.433106,0.126409,0.177018,1.026685,0.278013,0.175266,1.057239,0.071376,0.186772,1.338965,0.361326,0.015896,1.487210,0.082297,0.067515,0.966739,0.307293,0.033925,1.138890,0.027915,0.015791
1.240223,0.203950,0.177315,1.412896,0.334858,0.167892,1.443454,0.128231,0.179561,1.036993,0.279670,0.175068,1.067551,0.073043,0.186737,1.340027,0.361506,0.015764,1.498163,0.083955,0.067110,0.978590,0.309396,0.039565,1.139827,0.028056,0.015677
1.250546,0.205637,0.179493,1.423225,0.336628,0.171457,1.453789,0.130004,0.183169,1.047304,0.281270,0.175816,1.077868,0.074646,0.187529,1.341069,0.361666,0.015741,1.507089,0.085261,0.066548,0.990706,0.311496,0.044952,1.140733,0.028187,0.015685
1.260898,0.207234,0.182420,1.433566,0.338315,0.175733,1.464146,0.131687,0.187336,1.057650,0.282781,0.177503,1.088230,0.076154,0.189107,1.342080,0.361809,0.015786,1.513680,0.086235,0.066836,1.003163,0.313647,0.051307,1.141604,0.028304,0.015794
1.271425,0.208690,0.186056,1.444081,0.339841,0.180555,1.474670,0.133197,0.191830,1.068179,0.284182,0.180283,1.098769,0.077538,0.191558,1.343078,0.361923,0.015987,1.517902,0.086829,0.068006,1.016280,0.315892,0.058953,1.142432,0.028402,0.015833
1.282321,0.209957,0.190521,1.454937,0.341198,0.185986,1.485581,0.134528,0.196619,1.079061,0.285386,0.184423,1.109705,0.078716,0.195056,1.344067,0.362021,0.016028,1.519780,0.087065,0.069755,1.030574,0.318154,0.066861,1.143210,0.028458,0.015867
1.293799,0.210965,0.195874,1.466346,0.342321,0.192133,1.497096,0.135615,0.201711,1.090502,0.286314,0.190038,1.121252,0.079608,0.199616,1.345122,0.362125,0.015991,1.519358,0.086918,0.071997,1.046944,0.320411,0.073047,1.143923,0.028466,0.015842
1.305864,0.211754,0.201646,1.478356,0.343192,0.198198,1.509203,0.136443,0.206434,1.102526,0.287065,0.196858,1.133373,0.080316,0.205094,1.346257,0.362207,0.015826,1.516935,0.086299,0.073151,1.066359,0.322774,0.074266,1.144585,0.028465,0.015929
