-0.006336,-0.011771,0.352935,0.180944,0.097527,0.357518,0.186233,-0.111561,0.353200,-0.198906,0.088019,0.352669,-0.193617,-0.121069,0.348351,0.186707,0.147312,0.155890,0.182360,-0.153225,0.163939,-0.191832,0.137709,0.157213,-0.166764,-0.161857,0.154335
-0.008167,-0.017164,0.349098,0.178029,0.094063,0.349951,0.185400,-0.114999,0.348159,-0.201735,0.080672,0.350037,-0.194364,-0.128390,0.348245,0.172989,0.141273,0.127368,0.192736,-0.158368,0.132003,-0.163249,0.129593,0.106950,-0.175852,-0.171245,0.118155
-0.009048,-0.022830,0.339305,0.175889,0.090476,0.338354,0.185582,-0.118488,0.336177,-0.203679,0.072829,0.342434,-0.193986,-0.136135,0.340256,0.178200,0.138410,0.115162,0.208034,-0.160771,0.127274,-0.167629,0.122748,0.078846,-0.201521,-0.179461,0.097909
-0.010540,-0.028608,0.324155,0.173247,0.086543,0.322247,0.184999,-0.122300,0.318915,-0.206079,0.065084,0.329395,-0.194327,-0.143759,0.326062,0.195272,0.136678,0.111197,0.216448,-0.162926,0.122634,-0.188805,0.115835,0.062975,-0.212441,-0.186411,0.081960
-0.012703,-0.034448,0.304175,0.170209,0.082077,0.301647,0.183479,-0.126647,0.296879,-0.208884,0.057752,0.311471,-0.195615,-0.150973,0.306703,0.203641,0.134325,0.101632,0.214542,-0.165905,0.107718,-0.205669,0.109499,0.049293,-0.203183,-0.191463,0.063991
-0.015038,-0.040292,0.280105,0.167008,0.077576,0.277350,0.181765,-0.131011,0.271153,-0.211840,0.050426,0.289058,-0.197083,-0.158161,0.282861,0.198133,0.131366,0.075280,0.201479,-0.169373,0.075053,-0.206496,0.104151,0.027763,-0.182557,-0.195498,0.039900
-0.017094,-0.046283,0.252737,0.164086,0.072914,0.250069,0.180192,-0.135388,0.239325,-0.214379,0.042822,0.266150,-0.198273,-0.165481,0.255406,0.187204,0.130993,0.043670,0.184833,-0.170318,0.038527,-0.204147,0.102174,0.015740,-0.166994,-0.196348,0.015762
-0.016342,-0.050407,0.228884,0.164110,0.069486,0.218704,0.180166,-0.138515,0.203143,-0.212850,0.037701,0.254625,-0.196795,-0.170300,0.239064,0.167513,0.130553,0.016966,0.171862,-0.170838,0.015594,-0.203485,0.101989,0.015973,-0.165821,-0.196915,0.015742
-0.010529,-0.052182,0.213597,0.168788,0.068682,0.196902,0.185022,-0.139043,0.178154,-0.206080,0.034679,0.249039,-0.189845,-0.173046,0.230292,0.166282,0.130653,0.015254,0.171091,-0.171273,0.016039,-0.202647,0.101754,0.015973,-0.164729,-0.197510,0.015930
-0.000114,-0.051342,0.206073,0.178530,0.069913,0.185466,0.194751,-0.137751,0.166046,-0.194979,0.035068,0.246101,-0.178759,-0.172596,0.226681,0.166283,0.130594,0.015959,0.171593,-0.171310,0.015948,-0.201903,0.101821,0.016111,-0.163741,-0.197511,0.016036
0.013573,-0.049311,0.206098,0.192090,0.071906,0.184205,0.208318,-0.135847,0.165761,-0.181172,0.037224,0.246435,-0.164944,-0.170529,0.227992,0.167285,0.130687,0.015781,0.172888,-0.171073,0.015855,-0.201074,0.101887,0.016072,-0.162869,-0.197319,0.016066
0.030426,-0.047031,0.214760,0.209295,0.073879,0.194074,0.225543,-0.134011,0.177281,-0.164691,0.039950,0.252239,-0.148443,-0.167941,0.235447,0.169079,0.130874,0.015791,0.174834,-0.170680,0.015953,-0.200492,0.101968,0.016035,-0.162284,-0.197033,0.016007
0.049232,-0.043620,0.230987,0.228699,0.076908,0.213496,0.245173,-0.131183,0.199663,-0.146708,0.043944,0.262311,-0.130234,-0.164148,0.248479,0.171353,0.131193,0.015928,0.177270,-0.170046,0.016050,-0.200177,0.101712,0.016954,-0.162171,-0.196908,0.015897
0.068222,-0.039434,0.249002,0.248321,0.080701,0.235857,0.264969,-0.127565,0.225234,-0.128525,0.048696,0.272771,-0.111877,-0.159570,0.262147,0.173785,0.131610,0.016029,0.186613,-0.168907,0.017911,-0.201049,0.101405,0.020789,-0.162458,-0.196714,0.016036
0.085838,-0.035331,0.263325,0.266172,0.084814,0.254055,0.283218,-0.123531,0.245912,-0.111541,0.052870,0.280738,-0.094496,-0.155476,0.272595,0.196933,0.133922,0.020298,0.219399,-0.165703,0.023678,-0.194316,0.101678,0.026313,-0.165314,-0.197213,0.024595
0.102173,-0.031340,0.272892,0.282394,0.089170,0.266663,0.300082,-0.119187,0.260401,-0.095736,0.056507,0.285383,-0.078049,-0.151850,0.279121,0.236586,0.138068,0.028655,0.259114,-0.161416,0.031373,-0.178807,0.102696,0.032266,-0.164154,-0.197611,0.040144
0.117668,-0.027428,0.278107,0.297608,0.093594,0.274069,0.316018,-0.114743,0.269475,-0.080682,0.059888,0.286739,-0.062272,-0.148450,0.282145,0.276576,0.142627,0.035837,0.297826,-0.156880,0.037788,-0.152775,0.104750,0.033011,-0.155002,-0.197241,0.053533
0.132595,-0.023555,0.278981,0.312189,0.098019,0.276354,0.331313,-0.110285,0.273474,-0.066123,0.063176,0.284488,-0.046999,-0.145128,0.281608,0.313673,0.147055,0.040997,0.331528,-0.152703,0.041467,-0.117499,0.107642,0.028596,-0.136507,-0.195936,0.060617
0.147243,-0.019694,0.275409,0.326508,0.102382,0.273779,0.346256,-0.105881,0.272760,-0.051769,0.066493,0.278057,-0.032021,-0.141770,0.277038,0.346480,0.151057,0.043517,0.357711,-0.149318,0.041615,-0.075705,0.111134,0.021369,-0.108271,-0.193593,0.059981
0.161892,-0.015841,0.267282,0.340917,0.106596,0.266673,0.361095,-0.101626,0.267714,-0.037311,0.069944,0.266851,-0.017133,-0.138278,0.267892,0.374699,0.154416,0.043103,0.377639,-0.146830,0.038888,-0.037099,0.114382,0.017315,-0.071477,-0.190281,0.053112
0.176994,-0.012145,0.254718,0.355933,0.110417,0.254016,0.376255,-0.097777,0.256648,-0.022266,0.073486,0.252788,-0.001944,-0.134708,0.255421,0.394374,0.157178,0.043580,0.392862,-0.144609,0.036528,-0.023878,0.116065,0.020772,-0.023184,-0.185192,0.038613
0.191715,-0.008646,0.237596,0.370215,0.114556,0.237296,0.391270,-0.093552,0.240799,-0.007839,0.076259,0.234393,0.013216,-0.131849,0.237896,0.408844,0.160736,0.034291,0.407187,-0.141156,0.031335,0.005898,0.119665,0.016207,0.026625,-0.179694,0.029214
0.206291,-0.005461,0.216203,0.383934,0.118970,0.215246,0.406436,-0.088986,0.218822,0.006146,0.078063,0.213585,0.028648,-0.129893,0.217161,0.423847,0.165803,0.028736,0.427988,-0.135637,0.029172,0.018574,0.121731,0.015968,0.073811,-0.174020,0.025708
0.220638,-0.002850,0.192505,0.396308,0.124265,0.187681,0.422020,-0.083339,0.189689,0.019256,0.077639,0.195320,0.044969,-0.129965,0.197328,0.434319,0.173126,0.017492,0.450765,-0.127229,0.019080,0.020343,0.121838,0.015949,0.115923,-0.168695,0.019644
0.234856,0.000888,0.176755,0.410147,0.127690,0.161413,0.435857,-0.079874,0.165940,0.033854,0.081650,0.187570,0.059565,-0.125915,0.192096,0.433583,0.173230,0.015987,0.450708,-0.127116,0.015848,0.022004,0.122248,0.015966,0.117322,-0.168411,0.015880
0.251431,0.005006,0.171135,0.426272,0.131323,0.148433,0.451961,-0.076167,0.155661,0.050900,0.086179,0.186610,0.076589,-0.121312,0.193838,0.434185,0.173515,0.016016,0.451750,-0.126884,0.015993,0.023417,0.122648,0.015724,0.118698,-0.168121,0.015899
0.271194,0.009856,0.172947,0.445499,0.135541,0.143582,0.471188,-0.071830,0.153676,0.071201,0.091541,0.192218,0.096890,-0.115830,0.202312,0.435915,0.173988,0.015865,0.453528,-0.126554,0.016327,0.024480,0.123013,0.015723,0.119946,-0.167899,0.015881
0.292461,0.016591,0.181969,0.466447,0.141271,0.146967,0.492001,-0.065865,0.161329,0.092922,0.099048,0.202608,0.118476,-0.108088,0.216971,0.438212,0.174617,0.016109,0.455766,-0.126287,0.016404,0.025090,0.123628,0.015772,0.120736,-0.167644,0.016051
0.314682,0.025134,0.199513,0.488990,0.148998,0.163237,0.514358,-0.057780,0.182315,0.115006,0.108049,0.216712,0.140374,-0.098729,0.235790,0.440722,0.175492,0.016195,0.458432,-0.125959,0.016105,0.025167,0.124456,0.015612,0.120818,-0.167376,0.016125
0.337585,0.034424,0.224259,0.512652,0.157857,0.190244,0.537662,-0.048571,0.213191,0.137509,0.117419,0.235326,0.162519,-0.089009,0.258273,0.443519,0.176165,0.015934,0.463961,-0.125287,0.017739,0.026558,0.125793,0.017229,0.120010,-0.167149,0.016023
0.360058,0.042613,0.250704,0.536311,0.165986,0.223225,0.560444,-0.040329,0.248048,0.159671,0.125555,0.253360,0.183805,-0.080760,0.278183,0.446407,0.176634,0.016095,0.493969,-0.120667,0.027996,0.032810,0.129115,0.023247,0.115857,-0.165779,0.020653
0.380817,0.049593,0.273627,0.558200,0.172816,0.253815,0.581042,-0.033614,0.278904,0.180593,0.132799,0.268349,0.203435,-0.073631,0.293438,0.478213,0.182008,0.023290,0.541968,-0.112260,0.046363,0.047178,0.135682,0.034562,0.111089,-0.160995,0.037665
0.399960,0.056332,0.291962,0.578017,0.179388,0.278032,0.599825,-0.027132,0.303303,0.200094,0.139795,0.280622,0.221903,-0.066725,0.305893,0.529041,0.190606,0.035732,0.592810,-0.103148,0.064395,0.069304,0.143437,0.047014,0.115449,-0.154450,0.057102
0.418461,0.062972,0.305907,0.597037,0.185702,0.296462,0.617834,-0.020894,0.321961,0.219087,0.146839,0.289854,0.239885,-0.059757,0.315353,0.579330,0.199491,0.049745,0.640517,-0.094349,0.081210,0.099011,0.151486,0.052563,0.127676,-0.147058,0.072435
0.436790,0.069576,0.315480,0.615771,0.191941,0.309655,0.635634,-0.014714,0.335418,0.237947,0.153866,0.295541,0.257810,-0.052789,0.321304,0.624660,0.208108,0.063424,0.679536,-0.086483,0.094956,0.135293,0.159557,0.051278,0.146840,-0.139348,0.081606
0.455086,0.076170,0.320717,0.634366,0.198204,0.318002,0.653394,-0.008482,0.344146,0.256777,0.160821,0.297287,0.275805,-0.045865,0.323431,0.664784,0.216286,0.075127,0.708589,-0.079793,0.103895,0.178179,0.167713,0.045292,0.173087,-0.131513,0.084767
0.473309,0.082756,0.321574,0.652815,0.204487,0.321697,0.671053,-0.002193,0.348444,0.275564,0.167705,0.294704,0.293802,-0.038975,0.321452,0.700485,0.223981,0.084343,0.729248,-0.074188,0.107922,0.227874,0.176135,0.036878,0.206230,-0.123518,0.083369
0.491501,0.089312,0.317955,0.671231,0.210675,0.320961,0.688565,0.004020,0.348485,0.294437,0.174604,0.287426,0.311770,-0.032051,0.314949,0.732080,0.231098,0.090522,0.744278,-0.069273,0.108548,0.283298,0.185089,0.027702,0.245893,-0.115005,0.079044
0.509701,0.095804,0.309742,0.689700,0.216641,0.316065,0.705858,0.009999,0.344399,0.313544,0.181609,0.275085,0.329702,-0.025033,0.303419,0.760050,0.237630,0.093453,0.756292,-0.064618,0.107022,0.341941,0.194824,0.019695,0.291318,-0.105596,0.073326
0.528065,0.102196,0.296862,0.708344,0.222337,0.307193,0.722981,0.015715,0.336483,0.333148,0.188676,0.257241,0.347786,-0.017945,0.286531,0.785100,0.243476,0.093339,0.767803,-0.060068,0.104107,0.394830,0.204886,0.016145,0.340801,-0.095508,0.067488
0.546856,0.108288,0.279496,0.727280,0.227812,0.293717,0.740275,0.021385,0.325081,0.353437,0.195191,0.233910,0.366432,-0.011236,0.265274,0.807293,0.248158,0.091319,0.781226,-0.056051,0.101613,0.426557,0.212742,0.015974,0.392899,-0.086354,0.063062
0.566090,0.113248,0.258703,0.745955,0.233511,0.273749,0.758801,0.027837,0.309776,0.373378,0.198660,0.207631,0.386224,-0.007014,0.243657,0.825116,0.251745,0.085698,0.798583,-0.052143,0.102906,0.433461,0.215021,0.015694,0.443224,-0.080873,0.065596
0.585804,0.116258,0.237371,0.764163,0.239276,0.247163,0.780678,0.034365,0.285938,0.390930,0.198151,0.188803,0.407445,-0.006759,0.227578,0.830612,0.258911,0.077417,0.816052,-0.044567,0.098964,0.435437,0.215326,0.015396,0.485921,-0.075705,0.075016
0.605511,0.118994,0.217799,0.781705,0.245462,0.216234,0.804498,0.041162,0.255047,0.406524,0.196826,0.180550,0.429316,-0.007475,0.219363,0.814863,0.261323,0.035274,0.826832,-0.039442,0.062629,0.436962,0.215469,0.015835,0.523733,-0.073363,0.062073
0.626083,0.120819,0.202068,0.802102,0.246530,0.186089,0.826986,0.042705,0.226096,0.425180,0.198933,0.178039,0.450065,-0.004892,0.218047,0.807086,0.260298,0.015475,0.820991,-0.045865,0.016248,0.438481,0.215407,0.016036,0.531375,-0.078409,0.030586
0.647259,0.121051,0.192362,0.823483,0.245459,0.169806,0.848332,0.041537,0.209338,0.446186,0.200566,0.175387,0.471034,-0.003357,0.214918,0.808164,0.260354,0.015750,0.821596,-0.045793,0.016173,0.440466,0.215598,0.016005,0.527862,-0.081699,0.015593
0.668694,0.124271,0.191114,0.844941,0.247290,0.162057,0.869674,0.043537,0.202526,0.467714,0.205005,0.179703,0.492446,0.001252,0.220171,0.809882,0.260654,0.015817,0.823038,-0.045832,0.016018,0.442052,0.215942,0.015501,0.529185,-0.081606,0.015490
0.690701,0.129859,0.199267,0.866816,0.251678,0.164849,0.891495,0.048209,0.206752,0.489906,0.211508,0.191781,0.514585,0.008039,0.233685,0.811905,0.261101,0.016038,0.825040,-0.045862,0.016019,0.442852,0.216177,0.015258,0.529850,-0.081707,0.015825
0.713451,0.136063,0.214626,0.889370,0.257322,0.177344,0.914119,0.053902,0.219443,0.512784,0.218224,0.209809,0.537533,0.014804,0.251909,0.814150,0.261493,0.015869,0.829969,-0.044845,0.017630,0.442975,0.216284,0.015628,0.529844,-0.081754,0.015723
0.736931,0.141585,0.233424,0.912809,0.263004,0.196474,0.937587,0.059351,0.237414,0.536275,0.223818,0.229434,0.561053,0.020165,0.270374,0.816413,0.261709,0.016125,0.848481,-0.040927,0.024765,0.444422,0.216860,0.018168,0.528521,-0.081541,0.016382
0.759926,0.145525,0.250949,0.936601,0.267106,0.218618,0.960345,0.062848,0.257084,0.559506,0.228203,0.244813,0.583251,0.023945,0.283279,0.818902,0.261805,0.015942,0.880821,-0.034510,0.036373,0.452087,0.220620,0.023673,0.523883,-0.078219,0.024608
0.781044,0.148838,0.264312,0.958292,0.270423,0.235309,0.981235,0.065725,0.271874,0.580853,0.231950,0.256751,0.603796,0.027252,0.293316,0.852449,0.266618,0.020386,0.923624,-0.027375,0.046863,0.466867,0.225903,0.034388,0.525128,-0.073052,0.041192
0.801033,0.152033,0.273574,0.978659,0.273596,0.246883,1.001044,0.068556,0.281841,0.601022,0.235509,0.265307,0.623407,0.030469,0.300266,0.898153,0.273228,0.024292,0.967870,-0.020444,0.053061,0.488880,0.231904,0.043988,0.532774,-0.067164,0.057644
0.820530,0.155155,0.278596,0.998445,0.276579,0.253230,1.020368,0.071261,0.286828,0.620692,0.239048,0.270364,0.642614,0.033731,0.303962,0.940750,0.279862,0.027944,1.010710,-0.013625,0.057384,0.519013,0.237827,0.046248,0.546048,-0.061223,0.069706
0.839649,0.158209,0.279352,1.017752,0.279485,0.254596,1.039352,0.073937,0.286972,0.639946,0.242481,0.271732,0.661547,0.036933,0.304108,0.979779,0.286381,0.030033,1.047864,-0.007415,0.058488,0.557446,0.243863,0.041873,0.565463,-0.055288,0.076400
0.858467,0.161199,0.275772,1.036655,0.282391,0.251218,1.058088,0.076658,0.282512,0.658846,0.245740,0.269032,0.680280,0.040008,0.300327,1.016585,0.292891,0.030165,1.077224,-0.002142,0.055192,0.603650,0.250327,0.033162,0.591446,-0.049326,0.077709
0.877140,0.164127,0.267755,1.055398,0.285224,0.243240,1.076684,0.079338,0.273617,0.677596,0.248916,0.261894,0.698883,0.043030,0.292271,1.051726,0.299344,0.028510,1.100086,0.002364,0.048518,0.655730,0.257532,0.022613,0.624642,-0.043148,0.073209
0.895775,0.166981,0.255185,1.074210,0.287825,0.230713,1.095173,0.081810,0.260430,0.696377,0.252151,0.249940,0.717340,0.046137,0.279657,1.085391,0.305579,0.025951,1.119194,0.006332,0.040181,0.706010,0.265509,0.015789,0.665554,-0.036534,0.063023
0.914558,0.169596,0.238247,1.093174,0.290086,0.213357,1.113775,0.083942,0.242423,0.715342,0.255250,0.234072,0.735942,0.049106,0.263138,1.114745,0.311268,0.021173,1.136918,0.010492,0.032216,0.737936,0.272802,0.015422,0.715077,-0.029438,0.047993
0.933132,0.171752,0.217271,1.111252,0.292470,0.190041,1.132522,0.086424,0.219316,0.733743,0.257080,0.215226,0.755012,0.051033,0.244501,1.143006,0.317401,0.017650,1.159597,0.015630,0.026156,0.753272,0.277054,0.016831,0.768831,-0.023678,0.033405
0.952099,0.172090,0.194965,1.129379,0.292120,0.160239,1.151259,0.086309,0.190701,0.752939,0.257871,0.199229,0.774819,0.052060,0.229691,1.147202,0.318865,0.016007,1.173963,0.016625,0.015721,0.755400,0.277229,0.016123,0.821327,-0.019643,0.023966
0.970516,0.172387,0.178831,1.147088,0.291166,0.136936,1.168956,0.085487,0.168283,0.772077,0.259287,0.189380,0.793945,0.053608,0.220727,1.147640,0.319016,0.015964,1.174082,0.016576,0.015875,0.757504,0.277516,0.015826,0.836084,-0.019409,0.015552
0.989262,0.174502,0.172836,1.164962,0.291969,0.124133,1.186840,0.086492,0.156769,0.791683,0.262512,0.188904,0.813561,0.057035,0.221540,1.149258,0.319353,0.015729,1.175208,0.016643,0.016132,0.759038,0.277776,0.015553,0.837452,-0.019372,0.015800
1.009453,0.178474,0.175895,1.184360,0.294573,0.121397,1.206161,0.089365,0.155734,0.812744,0.267584,0.196055,0.834546,0.062376,0.230392,1.151602,0.319788,0.015985,1.177006,0.016615,0.016381,0.760004,0.278074,0.015327,0.838297,-0.019422,0.016071
1.030888,0.184275,0.187484,1.205789,0.299677,0.131508,1.227420,0.094736,0.167512,0.834355,0.273815,0.207457,0.855987,0.068874,0.243461,1.153993,0.320344,0.016181,1.179385,0.016697,0.016242,0.760455,0.278667,0.015392,0.838535,-0.019316,0.016035
1.053322,0.192006,0.207680,1.229197,0.307713,0.155515,1.250598,0.103050,0.193194,0.856045,0.280963,0.222167,0.877447,0.076300,0.259846,1.156537,0.320851,0.015805,1.182200,0.016813,0.015972,0.761667,0.279745,0.016810,0.838165,-0.019181,0.015873
1.075916,0.199813,0.231990,1.253156,0.316531,0.187221,1.274122,0.111972,0.225699,0.877711,0.287654,0.238280,0.898677,0.083095,0.276758,1.158996,0.321162,0.016044,1.198751,0.019780,0.023761,0.761509,0.281622,0.022420,0.836116,-0.018449,0.018119
1.096867,0.205981,0.254481,1.275672,0.323655,0.219511,1.295458,0.118830,0.257192,0.898276,0.293133,0.251770,0.918062,0.088308,0.289451,1.171205,0.322752,0.017127,1.236044,0.026596,0.039360,0.769242,0.286786,0.032694,0.834036,-0.014150,0.028966
1.115768,0.211767,0.272596,1.295322,0.330397,0.245602,1.314461,0.125380,0.282565,0.917075,0.298155,0.262627,0.936215,0.093138,0.299590,1.215783,0.329306,0.023499,1.281448,0.034791,0.054436,0.786694,0.293338,0.046180,0.838285,-0.008162,0.045661
1.133659,0.217450,0.286295,1.313606,0.336728,0.265480,1.332207,0.131619,0.302206,0.935112,0.303281,0.270383,0.953713,0.098172,0.307109,1.262849,0.336770,0.032528,1.328713,0.043056,0.068260,0.813410,0.299733,0.053314,0.849951,-0.001914,0.059593
1.151192,0.223061,0.295539,1.331361,0.342748,0.279571,1.349446,0.137603,0.316353,0.952937,0.308519,0.274726,0.971022,0.103374,0.311507,1.305412,0.344327,0.042633,1.370902,0.050916,0.080817,0.847964,0.305643,0.051792,0.869797,0.004200,0.066646
1.168530,0.228603,0.300347,1.348802,0.348610,0.288459,1.366424,0.143462,0.325450,0.970635,0.313743,0.275243,0.988257,0.108595,0.312235,1.343662,0.351865,0.051923,1.404156,0.057918,0.090101,0.889883,0.311497,0.044221,0.898190,0.010399,0.067602
1.185642,0.234065,0.300657,1.365893,0.354417,0.292521,1.383131,0.149306,0.329899,0.988153,0.318824,0.271414,1.005391,0.113713,0.308792,1.378783,0.359443,0.059776,1.428651,0.063941,0.094844,0.939996,0.317711,0.033134,0.934196,0.016996,0.065264
1.202625,0.239424,0.296342,1.382735,0.360187,0.292096,1.399613,0.155147,0.330024,1.005638,0.323701,0.262660,1.022516,0.118661,0.300588,1.411216,0.367015,0.065645,1.446692,0.069342,0.095898,0.997809,0.324790,0.021345,0.976306,0.024284,0.061638
1.219738,0.244630,0.287354,1.399558,0.365898,0.287354,1.416049,0.160999,0.326201,1.023427,0.328261,0.248507,1.039918,0.123362,0.287354,1.441261,0.374321,0.069324,1.461089,0.074332,0.094715,1.051459,0.332784,0.015705,1.022585,0.032095,0.058081
1.237320,0.249456,0.274018,1.416600,0.371477,0.277267,1.433037,0.166914,0.317867,1.041603,0.331998,0.230168,1.058040,0.127434,0.270768,1.466219,0.381245,0.072203,1.473897,0.079121,0.093170,1.081638,0.339093,0.015521,1.073231,0.039375,0.055122
1.255138,0.253578,0.256783,1.433148,0.377406,0.261273,1.450890,0.173601,0.305013,1.059387,0.333555,0.208554,1.077129,0.129749,0.252293,1.484917,0.387229,0.068664,1.488009,0.084393,0.091673,1.092344,0.341650,0.015524,1.123357,0.045014,0.056095
1.273315,0.256463,0.237433,1.449067,0.383553,0.238203,1.471142,0.180570,0.283757,1.075489,0.332357,0.191109,1.097564,0.129374,0.236663,1.492757,0.395981,0.063688,1.502239,0.092985,0.087143,1.094334,0.341941,0.015962,1.169770,0.051010,0.061219
1.291199,0.258948,0.217101,1.463741,0.390091,0.208621,1.492928,0.187682,0.252706,1.089470,0.330214,0.181497,1.118656,0.127806,0.225582,1.488740,0.405160,0.045576,1.520380,0.105904,0.074733,1.095722,0.342058,0.016056,1.207850,0.057092,0.057534
1.308701,0.261899,0.199152,1.479778,0.393078,0.175367,1.512698,0.191686,0.221431,1.104703,0.332113,0.176873,1.137623,0.130720,0.222938,1.478119,0.403429,0.015393,1.527081,0.100000,0.016714,1.098642,0.341592,0.016239,1.228349,0.053088,0.025101
1.327240,0.262969,0.186879,1.498380,0.391506,0.151799,1.531252,0.190310,0.198746,1.123228,0.335628,0.175011,1.156100,0.134432,0.221959,1.478765,0.403709,0.015304,1.527217,0.099838,0.016378,1.100357,0.341956,0.015616,1.225978,0.050520,0.015950
1.347229,0.266197,0.186622,1.518099,0.392863,0.144193,1.550857,0.191660,0.191191,1.143601,0.340734,0.182053,1.176359,0.139530,0.229051,1.480494,0.404009,0.015814,1.528418,0.099884,0.016243,1.101447,0.342159,0.015229,1.227048,0.050660,0.015568
1.369072,0.272713,0.197608,1.539658,0.398267,0.150938,1.572379,0.197169,0.198412,1.165765,0.348258,0.196804,1.198486,0.147160,0.244277,1.482635,0.404405,0.015958,1.530574,0.100017,0.015970,1.101748,0.342273,0.015290,1.227618,0.050636,0.015603
1.391972,0.281006,0.216301,1.562481,0.406434,0.169020,1.595237,0.205346,0.216512,1.188706,0.356666,0.216089,1.221462,0.155578,0.263581,1.485004,0.404871,0.015633,1.533607,0.100784,0.016491,1.102351,0.342483,0.015394,1.227498,0.050699,0.015551
1.415466,0.288777,0.237858,1.586423,0.414901,0.194181,1.618854,0.213494,0.240528,1.212079,0.364059,0.235188,1.244510,0.162652,0.281535,1.487348,0.405181,0.016120,1.549875,0.105643,0.025268,1.103726,0.344169,0.019426,1.222040,0.051318,0.018597
1.438126,0.294957,0.257300,1.610027,0.422000,0.220545,1.641487,0.219896,0.264464,1.234764,0.370017,0.250136,1.266224,0.167913,0.294055,1.498445,0.407398,0.016785,1.581562,0.114860,0.040532,1.113695,0.349817,0.027413,1.207596,0.054879,0.032392
1.458878,0.300695,0.272359,1.631225,0.428592,0.241056,1.662213,0.225935,0.282702,1.255543,0.375455,0.262015,1.286530,0.172797,0.303661,1.541033,0.416586,0.021430,1.622553,0.125691,0.052713,1.131758,0.357761,0.039709,1.201677,0.061290,0.052488
1.478550,0.306273,0.283183,1.651342,0.434452,0.255715,1.681709,0.231375,0.295747,1.275391,0.381171,0.270620,1.305758,0.178094,0.310651,1.586716,0.426564,0.027210,1.667983,0.136442,0.062090,1.156896,0.366449,0.048311,1.207411,0.068968,0.069183
1.497753,0.311756,0.289708,1.671019,0.439825,0.264844,1.700654,0.236400,0.303632,1.294852,0.387112,0.275783,1.324487,0.183687,0.314572,1.628054,0.436080,0.032902,1.711106,0.146665,0.070163,1.188737,0.375344,0.050012,1.222516,0.077132,0.078786
1.516666,0.317167,0.291933,1.690366,0.445001,0.268958,1.719310,0.241277,0.306684,1.314023,0.393057,0.277182,1.342967,0.189332,0.314909,1.665529,0.445230,0.037220,1.746066,0.155367,0.074271,1.227388,0.384541,0.045633,1.245435,0.085681,0.082041
1.535378,0.322506,0.289807,1.709414,0.450155,0.268399,1.737811,0.246182,0.305188,1.332944,0.398830,0.274427,1.361341,0.194857,0.311215,1.700567,0.454274,0.039609,1.771934,0.162469,0.073157,1.273398,0.394315,0.036904,1.275021,0.094645,0.080677
1.553967,0.327769,0.283226,1.728285,0.455283,0.263364,1.756212,0.251100,0.299339,1.351721,0.404438,0.267113,1.379648,0.200256,0.303088,1.733666,0.463216,0.039918,1.790906,0.168536,0.068098,1.325954,0.404980,0.025894,1.310598,0.104159,0.075578
1.572548,0.332952,0.272058,1.747207,0.460264,0.253971,1.774552,0.255885,0.289272,1.370544,0.410019,0.254843,1.397889,0.205640,0.290145,1.765015,0.471974,0.038630,1.806034,0.174128,0.060889,1.382515,0.416797,0.015464,1.351989,0.114468,0.067194
1.591339,0.337876,0.256573,1.766179,0.465100,0.239660,1.793181,0.260724,0.275241,1.389497,0.415027,0.237906,1.416499,0.210651,0.273487,1.794753,0.479875,0.035617,1.820565,0.179101,0.052847,1.414811,0.426149,0.015353,1.398150,0.124082,0.057387
1.610249,0.342138,0.237069,1.784449,0.470039,0.218716,1.812484,0.266155,0.256266,1.408013,0.418121,0.217872,1.436049,0.214237,0.255422,1.819949,0.486914,0.030621,1.838705,0.184911,0.048769,1.427063,0.430145,0.015722,1.448908,0.131258,0.048487
1.629253,0.345303,0.214643,1.801368,0.475045,0.190460,1.832817,0.271973,0.229670,1.425690,0.418633,0.199616,1.457139,0.215561,0.238827,1.835357,0.495237,0.025286,1.858922,0.193580,0.045223,1.429223,0.430554,0.016036,1.503721,0.138104,0.042805
1.648205,0.347222,0.192499,1.819225,0.475932,0.157469,1.852088,0.273518,0.198862,1.444321,0.420925,0.186136,1.477185,0.218512,0.227529,1.835653,0.496595,0.015766,1.874851,0.193378,0.018605,1.431388,0.431012,0.016027,1.549258,0.143004,0.030775
1.666855,0.347755,0.177757,1.837287,0.474216,0.133017,1.870012,0.271863,0.174816,1.463697,0.423646,0.180699,1.496423,0.221294,0.222497,1.836025,0.496787,0.015803,1.875246,0.192917,0.016002,1.433247,0.431559,0.015368,1.562240,0.142273,0.015889
1.685997,0.350028,0.174227,1.855543,0.474910,0.122265,1.888312,0.272541,0.163950,1.483682,0.427516,0.184504,1.516451,0.225147,0.226189,1.837894,0.497079,0.015669,1.876250,0.193119,0.015956,1.434451,0.431689,0.015368,1.563535,0.142398,0.015545
1.706871,0.355694,0.181260,1.875664,0.479066,0.123560,1.908390,0.276909,0.166292,1.505352,0.434479,0.196227,1.538078,0.232322,0.238960,1.840316,0.497626,0.015929,1.878066,0.193253,0.016261,1.434846,0.431873,0.015391,1.564200,0.142298,0.015574
1.728832,0.363883,0.197931,1.897822,0.486857,0.139957,1.930323,0.284885,0.183724,1.527341,0.442882,0.212138,1.559842,0.240910,0.255906,1.842699,0.498233,0.016142,1.880664,0.193456,0.015930,1.435333,0.432527,0.015433,1.564236,0.142424,0.015406
1.751202,0.373600,0.221244,1.921013,0.497595,0.168040,1.953484,0.295816,0.212712,1.548920,0.451383,0.229777,1.581391,0.249605,0.274448,1.845227,0.498801,0.015730,1.885848,0.194676,0.017877,1.437480,0.433539,0.017329,1.563608,0.142310,0.015574
1.773312,0.382026,0.245637,1.944793,0.507481,0.202091,1.976198,0.305357,0.245956,1.570425,0.458694,0.245319,1.601830,0.256570,0.289184,1.847841,0.499085,0.016057,1.911436,0.201642,0.031180,1.440335,0.437755,0.025213,1.556136,0.144141,0.020599
1.793671,0.389033,0.266922,1.966505,0.515744,0.233550,1.996640,0.313121,0.275982,1.590702,0.464945,0.257861,1.620836,0.262322,0.300293,1.871392,0.504004,0.020957,1.953276,0.212415,0.049962,1.453820,0.445238,0.036887,1.546623,0.148845,0.035196
1.812176,0.395716,0.283915,1.985668,0.523378,0.258538,2.014943,0.320376,0.299743,1.609408,0.471055,0.268087,1.638684,0.268054,0.309293,1.918594,0.514083,0.029650,2.001487,0.224375,0.067098,1.477043,0.454161,0.048151,1.549497,0.155497,0.048891
1.829826,0.402244,0.296463,2.003942,0.530129,0.277223,2.032065,0.326831,0.317762,1.627588,0.477656,0.275164,1.655711,0.274358,0.315703,1.965159,0.524410,0.040904,2.051556,0.236439,0.085478,1.506439,0.463492,0.053631,1.564584,0.163392,0.056984
1.847267,0.408707,0.304561,2.022026,0.536375,0.290365,2.048777,0.332829,0.330590,1.645757,0.484586,0.278532,1.672509,0.281040,0.318757,2.006224,0.534146,0.053217,2.094260,0.246923,0.102012,1.540676,0.472857,0.052688,1.589396,0.172026,0.058768
1.864628,0.415112,0.308262,2.039929,0.542467,0.298702,2.065319,0.338697,0.338678,1.663937,0.491527,0.277847,1.689326,0.287758,0.317822,2.041809,0.543324,0.064030,2.126000,0.255301,0.112883,1.581001,0.482395,0.046122,1.621644,0.181454,0.056792
1.881794,0.421425,0.307500,2.057435,0.548573,0.302510,2.081630,0.344607,0.342224,1.681958,0.498243,0.272777,1.706153,0.294277,0.312490,2.073779,0.552353,0.072545,2.147876,0.261990,0.116964,1.630063,0.492437,0.035153,1.659925,0.191765,0.053574
1.898746,0.427615,0.302083,2.074471,0.554745,0.301896,2.097661,0.350623,0.341408,1.699832,0.504608,0.262758,1.723022,0.300486,0.302271,2.103869,0.561465,0.078720,2.162622,0.267701,0.115545,1.689174,0.503570,0.023014,1.703702,0.202941,0.050330
1.915730,0.433662,0.291837,2.091275,0.560932,0.297068,2.113500,0.356714,0.336640,1.717959,0.510609,0.247035,1.740184,0.306392,0.286607,2.132986,0.570537,0.082935,2.173892,0.273071,0.111339,1.748929,0.515956,0.016960,1.750654,0.214828,0.048468
1.933506,0.439307,0.277129,2.108854,0.566621,0.286372,2.130194,0.362433,0.326580,1.736818,0.516180,0.227678,1.758158,0.311992,0.267885,2.155029,0.579819,0.092412,2.183494,0.278421,0.108127,1.778473,0.525301,0.015414,1.804937,0.227215,0.049010
1.951439,0.444437,0.258373,2.125582,0.573094,0.271128,2.147386,0.369328,0.313186,1.755491,0.519545,0.203560,1.777296,0.315780,0.245618,2.171526,0.586415,0.085776,2.194465,0.284189,0.102363,1.799405,0.532029,0.015202,1.853272,0.237471,0.052908
1.969563,0.448188,0.237375,2.141107,0.580500,0.247739,2.167152,0.377833,0.292596,1.771973,0.518544,0.182153,1.798018,0.315877,0.227011,2.184077,0.595666,0.079346,2.208354,0.293267,0.098570,1.801428,0.532425,0.015801,1.891326,0.244256,0.061213
1.987484,0.451411,0.216686,2.155764,0.588232,0.218373,2.189336,0.386467,0.262285,1.785632,0.516355,0.171087,1.819204,0.314590,0.215000,2.181021,0.603569,0.053007,2.221871,0.304902,0.079170,1.802825,0.532599,0.016051,1.923056,0.250030,0.055494
2.005444,0.454908,0.198639,2.172428,0.592690,0.185464,2.210516,0.392048,0.230813,1.800372,0.517769,0.166464,1.838460,0.317126,0.211813,2.166015,0.600450,0.015518,2.221663,0.298766,0.018401,1.805320,0.532193,0.016461,1.938744,0.245634,0.020945
2.024384,0.455944,0.187487,2.192184,0.591202,0.163215,2.230106,0.390455,0.208240,1.818661,0.521432,0.166735,1.856583,0.320685,0.211760,2.166726,0.600649,0.015601,2.221963,0.298510,0.016328,1.807291,0.532764,0.015663,1.940377,0.245240,0.015983
2.044312,0.460023,0.188741,2.212259,0.593383,0.156335,2.250075,0.392627,0.201406,1.838549,0.527420,0.176075,1.876364,0.326664,0.221147,2.168329,0.600946,0.015923,2.223129,0.298610,0.016205,1.808429,0.533012,0.015298,1.941507,0.245450,0.015709
2.065754,0.467574,0.200291,2.233567,0.599830,0.163028,2.271429,0.399290,0.209014,1.860079,0.535859,0.191568,1.897941,0.335319,0.237554,2.170506,0.601597,0.015895,2.225205,0.298861,0.015876,1.808905,0.533169,0.015209,1.942192,0.245387,0.015700
2.088329,0.476077,0.218392,2.256055,0.607799,0.178915,2.293910,0.407265,0.224935,1.882749,0.544889,0.211849,1.920603,0.344355,0.257868,2.172712,0.602102,0.016033,2.232507,0.301086,0.019368,1.808847,0.533302,0.015538,1.942254,0.245449,0.015680
