0.015100,0.018425,0.331391,0.203688,0.125373,0.337533,0.206376,-0.083784,0.334241,-0.176176,0.120634,0.328541,-0.173489,-0.088523,0.325249,0.229123,0.173705,0.175808,0.207809,-0.126586,0.166615,-0.165927,0.169132,0.143859,-0.154025,-0.130928,0.147061
0.020250,0.027283,0.314863,0.207954,0.135363,0.326125,0.212234,-0.073602,0.317193,-0.171734,0.128168,0.312534,-0.167455,-0.080798,0.303602,0.243033,0.189165,0.148733,0.210202,-0.112122,0.152880,-0.194354,0.179886,0.156235,-0.148928,-0.119196,0.146317
0.023838,0.036133,0.294240,0.210327,0.145804,0.309587,0.216825,-0.062838,0.295766,-0.169148,0.135103,0.292715,-0.162650,-0.073538,0.278894,0.248103,0.205982,0.106866,0.207149,-0.096671,0.114015,-0.174814,0.192044,0.118423,-0.117447,-0.107779,0.129093
0.027806,0.045113,0.269445,0.213130,0.156335,0.287492,0.221761,-0.051957,0.270043,-0.166148,0.142182,0.268848,-0.157518,-0.066110,0.251399,0.252122,0.221466,0.074206,0.211052,-0.081976,0.078186,-0.149873,0.204674,0.075826,-0.089913,-0.097202,0.111081
0.032195,0.054283,0.240649,0.216344,0.167160,0.260372,0.227114,-0.040835,0.240710,-0.162725,0.149401,0.240588,-0.151954,-0.058594,0.220926,0.257413,0.235329,0.045321,0.217978,-0.068444,0.044190,-0.129364,0.215953,0.038416,-0.069613,-0.087622,0.089521
0.036924,0.063057,0.208101,0.219984,0.177831,0.227007,0.232737,-0.030204,0.209018,-0.158889,0.156318,0.207184,-0.146135,-0.051717,0.189194,0.262001,0.244452,0.014907,0.223132,-0.059732,0.015140,-0.119710,0.220966,0.015887,-0.055240,-0.080947,0.063121
0.042130,0.067444,0.181028,0.225498,0.181660,0.200320,0.237587,-0.026529,0.183709,-0.153326,0.161416,0.178348,-0.141237,-0.046772,0.161737,0.260085,0.244052,0.015928,0.222182,-0.059698,0.015827,-0.118367,0.222088,0.015783,-0.066585,-0.078160,0.037056
0.046080,0.068848,0.159905,0.229101,0.182486,0.185021,0.241142,-0.025653,0.167759,-0.148982,0.163348,0.152052,-0.136941,-0.044791,0.134789,0.259263,0.243928,0.016035,0.221920,-0.059853,0.015920,-0.117224,0.222156,0.015947,-0.065580,-0.076469,0.015723
0.049955,0.069305,0.140870,0.232432,0.182373,0.171834,0.244634,-0.025583,0.152595,-0.144724,0.164194,0.129145,-0.132523,-0.043762,0.109905,0.252373,0.243678,0.016052,0.221809,-0.059990,0.015824,-0.116306,0.222070,0.015787,-0.068163,-0.076983,0.015595
0.053720,0.070023,0.123061,0.235668,0.182554,0.158733,0.248046,-0.025204,0.137568,-0.140606,0.165249,0.108555,-0.128229,-0.042509,0.087389,0.242346,0.243240,0.016183,0.221842,-0.060129,0.015837,-0.115542,0.221954,0.015834,-0.081340,-0.078449,0.018360
0.057043,0.070938,0.107591,0.238380,0.182860,0.147983,0.250910,-0.024711,0.125140,-0.136824,0.166587,0.090042,-0.124294,-0.040984,0.067199,0.235740,0.243012,0.016182,0.222039,-0.060227,0.015791,-0.114977,0.221900,0.015644,-0.090674,-0.079168,0.016372
0.060918,0.072304,0.096662,0.241789,0.183829,0.140122,0.254301,-0.023732,0.117179,-0.132466,0.168340,0.076146,-0.119954,-0.039221,0.053203,0.230282,0.242643,0.016191,0.222449,-0.060226,0.015534,-0.114379,0.221934,0.015584,-0.093324,-0.079325,0.016115
0.065287,0.072830,0.091193,0.245916,0.184064,0.136371,0.258451,-0.023419,0.112751,-0.127878,0.169080,0.069635,-0.115343,-0.038404,0.046014,0.230582,0.242652,0.016134,0.223032,-0.060321,0.015565,-0.113604,0.221918,0.015612,-0.100889,-0.080901,0.024445
0.068803,0.072861,0.089073,0.249128,0.183714,0.136353,0.261711,-0.023650,0.111726,-0.124106,0.169371,0.066420,-0.111523,-0.037993,0.041793,0.230878,0.242740,0.016100,0.223479,-0.060403,0.015573,-0.112873,0.221904,0.015910,-0.100350,-0.080986,0.023429
0.071617,0.072617,0.089040,0.251401,0.182927,0.139543,0.264049,-0.024307,0.113880,-0.120814,0.169540,0.064200,-0.108166,-0.037694,0.038537,0.231154,0.242863,0.016068,0.223766,-0.060472,0.015565,-0.112193,0.221911,0.016048,-0.096213,-0.080278,0.017802
0.073772,0.072365,0.090710,0.252839,0.182132,0.144813,0.265509,-0.025054,0.118773,-0.117965,0.169784,0.062646,-0.105296,-0.037402,0.036607,0.231480,0.242899,0.016067,0.223895,-0.060514,0.015526,-0.111569,0.221912,0.016139,-0.094225,-0.080019,0.015935
0.075078,0.071854,0.094099,0.253388,0.181046,0.151752,0.266048,-0.026096,0.125366,-0.115891,0.169804,0.062832,-0.103231,-0.037339,0.036446,0.231761,0.242909,0.016074,0.223917,-0.060578,0.015499,-0.111114,0.221943,0.016157,-0.093271,-0.079998,0.015769
0.075629,0.071533,0.099268,0.253155,0.180444,0.159798,0.265807,-0.026777,0.134030,-0.114550,0.169843,0.064506,-0.101898,-0.037378,0.038737,0.232026,0.242921,0.015986,0.223869,-0.060491,0.015570,-0.110819,0.221979,0.016065,-0.092328,-0.079869,0.016157
0.075607,0.071022,0.106002,0.252087,0.179655,0.169994,0.264809,-0.027639,0.144858,-0.113594,0.169683,0.067146,-0.100872,-0.037611,0.042010,0.232298,0.242990,0.015925,0.223823,-0.060355,0.015649,-0.110633,0.221923,0.016098,-0.091458,-0.079749,0.016015
0.075092,0.070587,0.114263,0.250312,0.179059,0.181888,0.263120,-0.028356,0.157817,-0.112935,0.169531,0.070708,-0.100127,-0.037885,0.046637,0.232638,0.243077,0.015853,0.223873,-0.060127,0.015684,-0.113644,0.220359,0.027353,-0.090788,-0.079609,0.016135
0.074187,0.070183,0.123888,0.248017,0.178621,0.195061,0.260943,-0.028931,0.172261,-0.112569,0.169296,0.075515,-0.099643,-0.038256,0.052716,0.233039,0.243191,0.015795,0.224884,-0.059879,0.016514,-0.116707,0.217767,0.048953,-0.090332,-0.079463,0.016090
0.073073,0.069687,0.134099,0.245434,0.178078,0.208827,0.258476,-0.029585,0.187127,-0.112330,0.168959,0.081072,-0.099288,-0.038704,0.059372,0.233536,0.243301,0.015675,0.229611,-0.059585,0.018706,-0.116389,0.214979,0.076393,-0.090079,-0.079390,0.016100
0.071987,0.069122,0.144268,0.242934,0.177406,0.222326,0.256057,-0.030335,0.201433,-0.112083,0.168579,0.087104,-0.098960,-0.039161,0.066211,0.234092,0.243398,0.015687,0.239740,-0.059168,0.022790,-0.114934,0.213712,0.091642,-0.089961,-0.079319,0.016070
0.070991,0.068558,0.153740,0.240646,0.176716,0.234735,0.253822,-0.031082,0.214453,-0.111840,0.168197,0.093028,-0.098665,-0.039600,0.072746,0.234676,0.243474,0.015685,0.252928,-0.058697,0.028008,-0.114704,0.213343,0.097426,-0.089936,-0.079271,0.016066
0.070104,0.068138,0.162171,0.238662,0.176265,0.245465,0.251896,-0.031587,0.225792,-0.111688,0.167864,0.098550,-0.098454,-0.039988,0.078876,0.235241,0.243537,0.015720,0.267029,-0.058171,0.033526,-0.114563,0.213021,0.102822,-0.089991,-0.079248,0.016057
0.069373,0.067886,0.169461,0.237129,0.176071,0.254287,0.250416,-0.031832,0.235194,-0.111670,0.167605,0.103729,-0.098382,-0.040298,0.084635,0.235760,0.243627,0.015715,0.280787,-0.057529,0.038151,-0.114557,0.212773,0.107877,-0.090105,-0.079203,0.016038
0.068839,0.067772,0.175547,0.236126,0.176105,0.261106,0.249462,-0.031846,0.242577,-0.111783,0.167389,0.108517,-0.098447,-0.040561,0.089988,0.236182,0.243692,0.015773,0.293668,-0.056811,0.041434,-0.114681,0.212568,0.112545,-0.090258,-0.079167,0.016010
0.068561,0.067848,0.180444,0.235705,0.176451,0.265939,0.249105,-0.031548,0.248010,-0.111984,0.167245,0.112878,-0.098584,-0.040755,0.094949,0.236518,0.243776,0.015816,0.305448,-0.055997,0.043440,-0.114895,0.212433,0.116779,-0.090426,-0.079136,0.015997
0.068565,0.068054,0.184233,0.235876,0.176990,0.268976,0.249325,-0.031057,0.251643,-0.112194,0.167165,0.116823,-0.098745,-0.040881,0.099491,0.236745,0.243838,0.015834,0.315817,-0.055183,0.044259,-0.115116,0.212364,0.120591,-0.090598,-0.079100,0.015992
0.068875,0.068413,0.187050,0.236618,0.177762,0.270393,0.250120,-0.030332,0.253690,-0.112370,0.167158,0.120410,-0.098869,-0.040937,0.103707,0.236889,0.243903,0.015849,0.324543,-0.054374,0.044125,-0.115303,0.212367,0.124047,-0.090755,-0.079059,0.015967
0.069473,0.068855,0.189027,0.237863,0.178653,0.270454,0.251410,-0.029486,0.254363,-0.112465,0.167197,0.123690,-0.098917,-0.040943,0.107599,0.236936,0.243957,0.015843,0.331453,-0.053632,0.043169,-0.115408,0.212417,0.127187,-0.090895,-0.079021,0.015993
0.070318,0.069328,0.190264,0.239515,0.179596,0.269349,0.253105,-0.028586,0.253850,-0.112468,0.167242,0.126678,-0.098879,-0.040940,0.111178,0.236935,0.243974,0.015844,0.336628,-0.052993,0.041460,-0.115420,0.212471,0.130053,-0.091017,-0.079012,0.015986
0.071371,0.069817,0.190849,0.241475,0.180526,0.267330,0.255099,-0.027689,0.252311,-0.112358,0.167323,0.129388,-0.098733,-0.040892,0.114369,0.236877,0.244031,0.015836,0.340057,-0.052414,0.039083,-0.115318,0.212558,0.132657,-0.091112,-0.078961,0.015978
0.072621,0.070267,0.190876,0.243715,0.181402,0.264474,0.257365,-0.026841,0.249873,-0.112124,0.167374,0.131879,-0.098474,-0.040869,0.117278,0.236780,0.244040,0.015824,0.342105,-0.051958,0.036116,-0.115089,0.212616,0.135053,-0.091180,-0.078946,0.015965
0.074059,0.070717,0.190404,0.246213,0.182258,0.260851,0.259881,-0.026007,0.246582,-0.111763,0.167441,0.134227,-0.098095,-0.040824,0.119957,0.236656,0.244074,0.015809,0.343269,-0.051543,0.032819,-0.114732,0.212688,0.137327,-0.091231,-0.078902,0.015958
0.075661,0.071098,0.189460,0.248916,0.183040,0.256488,0.262603,-0.025242,0.242492,-0.111281,0.167438,0.136428,-0.097594,-0.040844,0.122431,0.236514,0.244051,0.015792,0.343985,-0.051216,0.029278,-0.114254,0.212689,0.139473,-0.091269,-0.078923,0.015954
0.077394,0.071411,0.188062,0.251775,0.183706,0.251484,0.265468,-0.024584,0.237604,-0.110679,0.167406,0.138520,-0.096986,-0.040884,0.124640,0.236358,0.244048,0.015778,0.344507,-0.050900,0.025461,-0.113654,0.212658,0.141541,-0.091278,-0.078914,0.015950
0.079258,0.071648,0.186246,0.254778,0.184270,0.245829,0.268470,-0.024019,0.231941,-0.109953,0.167315,0.140552,-0.096262,-0.040974,0.126664,0.236193,0.244037,0.015754,0.345110,-0.050589,0.021356,-0.112927,0.212566,0.143572,-0.091271,-0.078914,0.015958
0.081260,0.071793,0.184058,0.257929,0.184719,0.239527,0.271611,-0.023559,0.225476,-0.109092,0.167145,0.142640,-0.095409,-0.041134,0.128589,0.236023,0.244029,0.015723,0.346052,-0.050250,0.016907,-0.112064,0.212394,0.145693,-0.091243,-0.078913,0.015959
0.083332,0.071899,0.181641,0.261104,0.185127,0.232805,0.274765,-0.023139,0.218551,-0.108101,0.166938,0.144731,-0.094440,-0.041328,0.130477,0.235861,0.243984,0.015698,0.346165,-0.050247,0.016008,-0.111069,0.212185,0.147829,-0.091212,-0.078934,0.015979
0.085143,0.072090,0.179519,0.263777,0.185610,0.226891,0.277433,-0.022650,0.212537,-0.107147,0.166830,0.146500,-0.093491,-0.041430,0.132146,0.235740,0.243984,0.015678,0.345822,-0.050273,0.015970,-0.110113,0.212076,0.149620,-0.091170,-0.078926,0.015976
0.086698,0.072212,0.177742,0.265988,0.185964,0.221977,0.279636,-0.022288,0.207505,-0.106240,0.166713,0.147980,-0.092592,-0.041539,0.133507,0.235646,0.243964,0.015757,0.345541,-0.050312,0.015925,-0.109205,0.211957,0.151123,-0.091127,-0.078933,0.015985
0.088029,0.072296,0.176287,0.267810,0.186228,0.217994,0.281453,-0.022015,0.203380,-0.105394,0.166607,0.149195,-0.091752,-0.041636,0.134580,0.235592,0.243969,0.015763,0.345317,-0.050331,0.015878,-0.108358,0.211849,0.152368,-0.091078,-0.078928,0.015987
0.089160,0.072319,0.175141,0.269300,0.186379,0.214901,0.282935,-0.021852,0.200123,-0.104616,0.166490,0.150159,-0.090981,-0.041741,0.135381,0.235561,0.243964,0.015764,0.345146,-0.050362,0.015841,-0.107578,0.211730,0.153368,-0.091026,-0.078932,0.015991
0.090123,0.072289,0.174273,0.270524,0.186432,0.212585,0.284145,-0.021788,0.197640,-0.103899,0.166365,0.150905,-0.090278,-0.041855,0.135960,0.235550,0.243935,0.015764,0.345012,-0.050421,0.015831,-0.106859,0.211603,0.154148,-0.090971,-0.078954,0.016000
0.090947,0.072189,0.173659,0.271526,0.186378,0.210982,0.285142,-0.021826,0.195804,-0.103249,0.166204,0.151513,-0.089633,-0.042000,0.136336,0.235570,0.243925,0.015770,0.344928,-0.050462,0.015808,-0.106207,0.211437,0.154817,-0.090918,-0.078979,0.016007
0.091652,0.071991,0.173268,0.272353,0.186168,0.210040,0.285951,-0.022013,0.194533,-0.102647,0.165995,0.152004,-0.089048,-0.042186,0.136496,0.235606,0.243909,0.015794,0.344868,-0.050522,0.015780,-0.105602,0.211223,0.155377,-0.090855,-0.079002,0.016014
0.092276,0.071770,0.173085,0.273065,0.185900,0.209565,0.286630,-0.022258,0.193731,-0.102079,0.165798,0.152438,-0.088513,-0.042361,0.136604,0.235641,0.243880,0.015775,0.344836,-0.050606,0.015789,-0.105026,0.211021,0.155882,-0.090801,-0.079014,0.016018
0.092840,0.071510,0.173084,0.273680,0.185589,0.209471,0.287231,-0.022542,0.193269,-0.101551,0.165562,0.152899,-0.088000,-0.042569,0.136697,0.235704,0.243878,0.015775,0.344831,-0.050658,0.015773,-0.104496,0.210779,0.156430,-0.090744,-0.079037,0.016017
0.093358,0.071198,0.173222,0.274243,0.185189,0.209664,0.287755,-0.022914,0.193073,-0.101039,0.165309,0.153371,-0.087526,-0.042794,0.136780,0.235755,0.243839,0.015754,0.344828,-0.050763,0.015779,-0.103974,0.210520,0.156978,-0.090688,-0.079062,0.016020
0.093859,0.070938,0.173482,0.274781,0.184862,0.209948,0.288265,-0.023217,0.193042,-0.100546,0.165094,0.153922,-0.087062,-0.042986,0.137016,0.235815,0.243811,0.015746,0.344846,-0.050845,0.015798,-0.103475,0.210300,0.157601,-0.090651,-0.079084,0.016041
0.094337,0.070656,0.173826,0.275297,0.184504,0.210344,0.288747,-0.023550,0.193098,-0.100072,0.164862,0.154555,-0.086622,-0.043192,0.137309,0.235866,0.243786,0.015733,0.344860,-0.050928,0.015818,-0.102994,0.210063,0.158298,-0.090612,-0.079098,0.016035
0.094807,0.070366,0.174228,0.275795,0.184159,0.210771,0.289236,-0.023866,0.193172,-0.099622,0.164597,0.155283,-0.086182,-0.043427,0.137684,0.235947,0.243789,0.015762,0.344892,-0.050971,0.015803,-0.102543,0.209791,0.159113,-0.090583,-0.079128,0.016046
0.095266,0.070061,0.174661,0.276300,0.183779,0.211206,0.289704,-0.024219,0.193267,-0.099173,0.164340,0.156054,-0.085769,-0.043658,0.138115,0.236001,0.243751,0.015767,0.344909,-0.051070,0.015819,-0.102085,0.209529,0.159953,-0.090555,-0.079150,0.016039
0.095722,0.069809,0.175110,0.276799,0.183486,0.211575,0.290190,-0.024485,0.193327,-0.098746,0.164103,0.156893,-0.085355,-0.043868,0.138645,0.236074,0.243763,0.015783,0.344935,-0.051102,0.015806,-0.101656,0.209286,0.160862,-0.090531,-0.079162,0.016035
0.096171,0.069565,0.175548,0.277307,0.183202,0.211849,0.290668,-0.024750,0.193354,-0.098325,0.163880,0.157743,-0.084964,-0.044072,0.139248,0.236125,0.243716,0.015787,0.344950,-0.051196,0.015820,-0.101228,0.209059,0.161762,-0.090521,-0.079194,0.016041
0.096609,0.069359,0.175964,0.277803,0.182959,0.212091,0.291134,-0.024974,0.193358,-0.097916,0.163691,0.158569,-0.084584,-0.044241,0.139836,0.236176,0.243704,0.015773,0.344968,-0.051256,0.015841,-0.100812,0.208865,0.162644,-0.090512,-0.079196,0.016045
0.097042,0.069084,0.176346,0.278280,0.182653,0.212350,0.291603,-0.025253,0.193312,-0.097518,0.163421,0.159380,-0.084195,-0.044484,0.140342,0.236238,0.243690,0.015794,0.344982,-0.051313,0.015825,-0.100413,0.208590,0.163520,-0.090491,-0.079239,0.016044
0.097476,0.068886,0.176699,0.278771,0.182419,0.212523,0.292065,-0.025467,0.193248,-0.097113,0.163239,0.160149,-0.083820,-0.044647,0.140875,0.236281,0.243679,0.015795,0.344991,-0.051371,0.015842,-0.100002,0.208403,0.164340,-0.090482,-0.079237,0.016048
0.097910,0.068672,0.177028,0.279255,0.182188,0.212652,0.292539,-0.025675,0.193131,-0.096719,0.163019,0.160926,-0.083436,-0.044844,0.141405,0.236339,0.243675,0.015809,0.345005,-0.051413,0.015828,-0.099606,0.208178,0.165172,-0.090465,-0.079262,0.016043
0.098343,0.068489,0.177318,0.279735,0.181999,0.212723,0.293016,-0.025843,0.192970,-0.096331,0.162821,0.161666,-0.083050,-0.045021,0.141913,0.236412,0.243692,0.015815,0.345022,-0.051432,0.015839,-0.099217,0.207975,0.165965,-0.090450,-0.079279,0.016050
0.098776,0.068314,0.177580,0.280227,0.181795,0.212774,0.293477,-0.026029,0.192815,-0.095925,0.162656,0.162344,-0.082675,-0.045168,0.142386,0.236447,0.243670,0.015814,0.345023,-0.051499,0.015851,-0.098804,0.207807,0.166685,-0.090436,-0.079280,0.016047
0.099214,0.068123,0.177830,0.280710,0.181592,0.212834,0.293953,-0.026210,0.192638,-0.095525,0.162455,0.163023,-0.082282,-0.045346,0.142827,0.236502,0.243677,0.015827,0.345033,-0.051528,0.015837,-0.098402,0.207601,0.167413,-0.090414,-0.079298,0.016044
0.099656,0.068001,0.178076,0.281203,0.181473,0.212804,0.294435,-0.026315,0.192462,-0.095122,0.162317,0.163689,-0.081890,-0.045471,0.143347,0.236544,0.243671,0.015834,0.345049,-0.051559,0.015834,-0.097997,0.207459,0.168113,-0.090403,-0.079310,0.016046
0.100086,0.067886,0.178311,0.281685,0.181354,0.212783,0.294894,-0.026424,0.192329,-0.094722,0.162197,0.164294,-0.081512,-0.045581,0.143840,0.236575,0.243635,0.015829,0.345055,-0.051625,0.015858,-0.097592,0.207338,0.168742,-0.090392,-0.079327,0.016048
0.100506,0.067749,0.178540,0.282142,0.181210,0.212833,0.295343,-0.026552,0.192213,-0.094332,0.162050,0.164867,-0.081130,-0.045712,0.144246,0.236621,0.243634,0.015840,0.345072,-0.051653,0.015854,-0.097200,0.207187,0.169353,-0.090371,-0.079340,0.016040
0.100918,0.067627,0.178756,0.282589,0.181076,0.212903,0.295779,-0.026670,0.192116,-0.093943,0.161924,0.165396,-0.080753,-0.045822,0.144609,0.236673,0.243646,0.015855,0.345086,-0.051670,0.015843,-0.096809,0.207058,0.169920,-0.090353,-0.079336,0.016051
0.101320,0.067497,0.178965,0.283029,0.180926,0.212977,0.296193,-0.026810,0.192073,-0.093554,0.161804,0.165857,-0.080389,-0.045932,0.144953,0.236699,0.243598,0.015844,0.345102,-0.051750,0.015877,-0.096414,0.206936,0.170405,-0.090335,-0.079361,0.016053
0.101720,0.067337,0.179171,0.283457,0.180749,0.213095,0.296614,-0.026968,0.191996,-0.093173,0.161642,0.166347,-0.080016,-0.046075,0.145248,0.236746,0.243601,0.015855,0.345116,-0.051778,0.015859,-0.096031,0.206769,0.170936,-0.090311,-0.079379,0.016058
0.102122,0.067230,0.179371,0.283891,0.180636,0.213140,0.297038,-0.027067,0.191896,-0.092794,0.161527,0.166845,-0.079647,-0.046176,0.145601,0.236788,0.243605,0.015915,0.345133,-0.051794,0.015857,-0.095651,0.206651,0.171466,-0.090291,-0.079377,0.016055
0.102514,0.067207,0.179572,0.284310,0.180635,0.213121,0.297459,-0.027064,0.191837,-0.092431,0.161479,0.167306,-0.079282,-0.046220,0.146023,0.236827,0.243615,0.015924,0.345154,-0.051789,0.015851,-0.095289,0.206602,0.171937,-0.090278,-0.079376,0.016047
0.102888,0.067192,0.179769,0.284722,0.180619,0.213114,0.297845,-0.027081,0.191825,-0.092070,0.161465,0.167712,-0.078947,-0.046235,0.146423,0.236835,0.243584,0.015913,0.345163,-0.051837,0.015894,-0.094921,0.206590,0.172333,-0.090269,-0.079367,0.016066
0.103257,0.067154,0.179957,0.285112,0.180598,0.213132,0.298240,-0.027096,0.191787,-0.091725,0.161404,0.168127,-0.078597,-0.046290,0.146783,0.236876,0.243596,0.015921,0.345187,-0.051831,0.015885,-0.094577,0.206526,0.172765,-0.090254,-0.079372,0.016056
0.103629,0.067070,0.180138,0.285513,0.180518,0.213137,0.298636,-0.027165,0.191691,-0.091377,0.161305,0.168584,-0.078254,-0.046378,0.147138,0.236912,0.243594,0.015925,0.345206,-0.051851,0.015886,-0.094228,0.206426,0.173245,-0.090240,-0.079382,0.016057
0.104001,0.066986,0.180300,0.285913,0.180445,0.213106,0.299035,-0.027228,0.191559,-0.091032,0.161200,0.169041,-0.077910,-0.046473,0.147493,0.236945,0.243593,0.015932,0.345216,-0.051866,0.015878,-0.093883,0.206319,0.173720,-0.090220,-0.079398,0.016057
0.104382,0.066963,0.180460,0.286325,0.180447,0.213008,0.299447,-0.027222,0.191418,-0.090683,0.161148,0.169501,-0.077560,-0.046521,0.147911,0.236979,0.243602,0.015941,0.345233,-0.051864,0.015884,-0.093534,0.206265,0.174195,-0.090208,-0.079396,0.016051
0.104765,0.066933,0.180614,0.286738,0.180442,0.212904,0.299858,-0.027225,0.191295,-0.090328,0.161090,0.169933,-0.077208,-0.046577,0.148324,0.237013,0.243580,0.015949,0.345252,-0.051889,0.015878,-0.093179,0.206206,0.174634,-0.090202,-0.079420,0.016053
0.105136,0.066879,0.180754,0.287135,0.180393,0.212882,0.300250,-0.027265,0.191187,-0.089977,0.161023,0.170320,-0.076862,-0.046635,0.148625,0.237048,0.243591,0.015955,0.345262,-0.051893,0.015866,-0.092826,0.206138,0.175034,-0.090181,-0.079413,0.016053
0.105506,0.066887,0.180897,0.287525,0.180423,0.212831,0.300640,-0.027235,0.191138,-0.089628,0.161009,0.170656,-0.076513,-0.046650,0.148963,0.237083,0.243597,0.015899,0.345285,-0.051894,0.015875,-0.092478,0.206123,0.175373,-0.090164,-0.079415,0.016051
0.105873,0.066887,0.181044,0.287906,0.180443,0.212824,0.301029,-0.027211,0.191098,-0.089282,0.160985,0.170991,-0.076160,-0.046670,0.149265,0.237135,0.243628,0.015890,0.345308,-0.051870,0.015889,-0.092133,0.206099,0.175710,-0.090150,-0.079406,0.016061
0.106239,0.066864,0.181191,0.288290,0.180432,0.212827,0.301409,-0.027221,0.191078,-0.088931,0.160949,0.171304,-0.075812,-0.046704,0.149555,0.237171,0.243617,0.015900,0.345334,-0.051886,0.015896,-0.091782,0.206062,0.176035,-0.090132,-0.079414,0.016053
0.106609,0.066856,0.181351,0.288670,0.180439,0.212874,0.301797,-0.027208,0.191082,-0.088579,0.160921,0.171621,-0.075453,-0.046726,0.149828,0.237204,0.243647,0.015907,0.345355,-0.051859,0.015899,-0.091431,0.206033,0.176357,-0.090110,-0.079399,0.016009
0.107006,0.066849,0.181557,0.289089,0.180459,0.212855,0.302216,-0.027190,0.191079,-0.088205,0.160888,0.172035,-0.075078,-0.046761,0.150259,0.237238,0.243624,0.015912,0.345385,-0.051880,0.015904,-0.091057,0.206000,0.176769,-0.090101,-0.079422,0.016012
0.107420,0.066864,0.181791,0.289532,0.180502,0.212819,0.302656,-0.027148,0.191055,-0.087816,0.160876,0.172526,-0.074692,-0.046774,0.150762,0.237275,0.243626,0.015921,0.345409,-0.051877,0.015899,-0.090668,0.205989,0.177257,-0.090100,-0.079415,0.016017
0.107837,0.066864,0.182028,0.289971,0.180532,0.212817,0.303100,-0.027117,0.191044,-0.087425,0.160845,0.173013,-0.074297,-0.046804,0.151239,0.237310,0.243638,0.015924,0.345437,-0.051865,0.015904,-0.090277,0.205958,0.177745,-0.090087,-0.079412,0.016011
0.108257,0.066879,0.182269,0.290413,0.180577,0.212815,0.303543,-0.027074,0.191056,-0.087030,0.160832,0.173482,-0.073900,-0.046818,0.151722,0.237344,0.243642,0.015927,0.345469,-0.051860,0.015918,-0.089882,0.205945,0.178213,-0.090079,-0.079409,0.016012
0.108682,0.066887,0.182512,0.290863,0.180616,0.212796,0.303994,-0.027036,0.191050,-0.086630,0.160810,0.173974,-0.073499,-0.046842,0.152228,0.237382,0.243638,0.015939,0.345496,-0.051860,0.015915,-0.089483,0.205923,0.178701,-0.090073,-0.079415,0.016025
0.109108,0.066895,0.182752,0.291315,0.180649,0.212783,0.304443,-0.027003,0.191042,-0.086226,0.160792,0.174463,-0.073098,-0.046860,0.152722,0.237421,0.243640,0.015944,0.345527,-0.051859,0.015924,-0.089079,0.205905,0.179192,-0.090064,-0.079409,0.016021
0.109537,0.066887,0.182980,0.291761,0.180673,0.212786,0.304897,-0.026978,0.191032,-0.085824,0.160752,0.174928,-0.072687,-0.046899,0.153175,0.237452,0.243647,0.015947,0.345554,-0.051851,0.015929,-0.088678,0.205865,0.179655,-0.090053,-0.079418,0.016018
0.109968,0.066879,0.183200,0.292220,0.180684,0.212755,0.305349,-0.026965,0.190984,-0.085413,0.160724,0.175416,-0.072285,-0.046926,0.153645,0.237489,0.243647,0.015955,0.345581,-0.051858,0.015931,-0.088266,0.205837,0.180148,-0.090047,-0.079409,0.016026
0.110396,0.066887,0.183416,0.292673,0.180717,0.212725,0.305799,-0.026933,0.190956,-0.085007,0.160706,0.175876,-0.071881,-0.046944,0.154107,0.237526,0.243649,0.015958,0.345607,-0.051856,0.015928,-0.087858,0.205819,0.180606,-0.090037,-0.079405,0.016028
0.110820,0.066872,0.183624,0.293116,0.180727,0.212720,0.306245,-0.026920,0.190929,-0.084604,0.160664,0.176319,-0.071475,-0.046984,0.154528,0.237563,0.243652,0.015966,0.345634,-0.051855,0.015934,-0.087457,0.205776,0.181055,-0.090024,-0.079411,0.016016
0.111247,0.066902,0.183820,0.293564,0.180786,0.212664,0.306693,-0.026864,0.190895,-0.084199,0.160668,0.176744,-0.071071,-0.046982,0.154975,0.237601,0.243657,0.015973,0.345662,-0.051848,0.015941,-0.087052,0.205781,0.181477,-0.090015,-0.079402,0.016026
0.111673,0.066933,0.184005,0.294009,0.180849,0.212599,0.307141,-0.026804,0.190864,-0.083795,0.160669,0.177147,-0.070663,-0.046984,0.155411,0.237634,0.243654,0.015977,0.345688,-0.051845,0.015936,-0.086648,0.205783,0.181871,-0.090003,-0.079405,0.016019
0.112093,0.066963,0.184179,0.294444,0.180910,0.212556,0.307581,-0.026745,0.190844,-0.083395,0.160671,0.177514,-0.070259,-0.046984,0.155802,0.237659,0.243655,0.016028,0.345722,-0.051833,0.015950,-0.086250,0.205785,0.182239,-0.089991,-0.079404,0.016011
0.112509,0.066978,0.184322,0.294878,0.180947,0.212495,0.308014,-0.026708,0.190780,-0.082997,0.160665,0.177864,-0.069860,-0.046990,0.156149,0.237689,0.243663,0.016029,0.345743,-0.051827,0.015951,-0.085851,0.205779,0.182583,-0.089977,-0.079397,0.016020
0.112931,0.067001,0.184434,0.295319,0.181001,0.212355,0.308458,-0.026655,0.190656,-0.082596,0.160658,0.178212,-0.069457,-0.046999,0.156512,0.237722,0.243660,0.016035,0.345768,-0.051827,0.015959,-0.085452,0.205771,0.182933,-0.089962,-0.079402,0.016016
0.113353,0.067009,0.184524,0.295762,0.181031,0.212218,0.308899,-0.026624,0.190499,-0.082194,0.160642,0.178548,-0.069057,-0.047013,0.156830,0.237749,0.243668,0.016034,0.345781,-0.051823,0.015952,-0.085047,0.205756,0.183265,-0.089944,-0.079395,0.016017
0.113779,0.067055,0.184608,0.296210,0.181113,0.212012,0.309349,-0.026545,0.190330,-0.081791,0.160655,0.178886,-0.068651,-0.047003,0.157204,0.237783,0.243666,0.016039,0.345803,-0.051819,0.015959,-0.084646,0.205769,0.183601,-0.089935,-0.079396,0.016022
0.114199,0.067101,0.184683,0.296649,0.181191,0.211823,0.309789,-0.026470,0.190177,-0.081391,0.160671,0.179190,-0.068250,-0.046990,0.157544,0.237806,0.243663,0.016039,0.345821,-0.051816,0.015958,-0.084246,0.205787,0.183892,-0.089917,-0.079396,0.016021
0.114614,0.067146,0.184761,0.297086,0.181258,0.211664,0.310219,-0.026406,0.190035,-0.080990,0.160699,0.179487,-0.067857,-0.046965,0.157858,0.237840,0.243673,0.016033,0.345837,-0.051813,0.015991,-0.083844,0.205815,0.184188,-0.089904,-0.079373,0.016022
0.115038,0.067085,0.184834,0.297524,0.181214,0.211560,0.310661,-0.026442,0.189859,-0.080586,0.160613,0.179810,-0.067449,-0.047044,0.158109,0.237875,0.243661,0.016038,0.345855,-0.051834,0.015990,-0.083440,0.205727,0.184526,-0.089883,-0.079403,0.016029
0.115468,0.067017,0.184903,0.297979,0.181150,0.211445,0.311106,-0.026496,0.189636,-0.080170,0.160529,0.180171,-0.067043,-0.047116,0.158362,0.237912,0.243666,0.016042,0.345865,-0.051850,0.015981,-0.083022,0.205642,0.184909,-0.089859,-0.079399,0.016020
0.115907,0.066963,0.184982,0.298443,0.181113,0.211279,0.311565,-0.026523,0.189378,-0.079751,0.160449,0.180587,-0.066629,-0.047187,0.158686,0.237947,0.243675,0.016046,0.345877,-0.051856,0.015970,-0.082602,0.205560,0.185343,-0.089842,-0.079398,0.016019
0.116349,0.066948,0.185069,0.298910,0.181130,0.211055,0.312032,-0.026503,0.189116,-0.079333,0.160398,0.181022,-0.066211,-0.047234,0.159083,0.237978,0.243677,0.016052,0.345894,-0.051863,0.015989,-0.082185,0.205507,0.185793,-0.089834,-0.079404,0.016027
0.116785,0.066940,0.185152,0.299367,0.181150,0.210861,0.312489,-0.026479,0.188896,-0.078919,0.160360,0.181408,-0.065797,-0.047270,0.159442,0.238008,0.243675,0.016054,0.345910,-0.051869,0.015989,-0.081770,0.205468,0.186183,-0.089824,-0.079410,0.016031
0.117212,0.066917,0.185245,0.299812,0.181147,0.210740,0.312931,-0.026478,0.188737,-0.078508,0.160313,0.181754,-0.065388,-0.047312,0.159751,0.238039,0.243670,0.016056,0.345927,-0.051880,0.015980,-0.081358,0.205421,0.186535,-0.089804,-0.079418,0.016019
0.117632,0.066917,0.185341,0.300246,0.181171,0.210624,0.313367,-0.026454,0.188608,-0.078104,0.160288,0.182074,-0.064983,-0.047336,0.160057,0.238075,0.243668,0.016064,0.345948,-0.051884,0.015980,-0.080954,0.205396,0.186859,-0.089786,-0.079424,0.016016
0.118042,0.066933,0.185442,0.300670,0.181208,0.210527,0.313791,-0.026416,0.188513,-0.077707,0.160282,0.182372,-0.064586,-0.047343,0.160358,0.238106,0.243667,0.016062,0.345973,-0.051885,0.015984,-0.080558,0.205389,0.187158,-0.089773,-0.079425,0.016009
0.118447,0.066986,0.185560,0.301088,0.181284,0.210452,0.314209,-0.026342,0.188458,-0.077314,0.160315,0.182661,-0.064193,-0.047312,0.160667,0.238138,0.243691,0.016069,0.345998,-0.051858,0.015983,-0.080165,0.205422,0.187443,-0.089759,-0.079399,0.016016
0.118847,0.067032,0.185683,0.301497,0.181354,0.210399,0.314620,-0.026277,0.188453,-0.076925,0.160341,0.182914,-0.063802,-0.047290,0.160968,0.238167,0.243684,0.016070,0.346028,-0.051858,0.015994,-0.079777,0.205450,0.187686,-0.089747,-0.079403,0.016015
0.119244,0.067070,0.185810,0.301903,0.181409,0.210377,0.315025,-0.026225,0.188453,-0.076537,0.160365,0.183167,-0.063415,-0.047269,0.161243,0.238194,0.243693,0.016068,0.346056,-0.051847,0.015998,-0.079388,0.205474,0.187931,-0.089734,-0.079391,0.016025
0.119646,0.067085,0.185934,0.302313,0.181447,0.210332,0.315439,-0.026188,0.188423,-0.076147,0.160359,0.183446,-0.063021,-0.047276,0.161537,0.238228,0.243686,0.016074,0.346084,-0.051850,0.016002,-0.078999,0.205468,0.188210,-0.089720,-0.079402,0.016020
0.120042,0.067101,0.186077,0.302717,0.181473,0.210359,0.315842,-0.026161,0.188442,-0.075759,0.160362,0.183712,-0.062634,-0.047272,0.161794,0.238264,0.243701,0.016067,0.346112,-0.051838,0.016001,-0.078610,0.205471,0.188476,-0.089704,-0.079389,0.016023
0.120432,0.067070,0.186254,0.303114,0.181450,0.210454,0.316239,-0.026182,0.188510,-0.075374,0.160322,0.183998,-0.062250,-0.047310,0.162054,0.238299,0.243690,0.016069,0.346144,-0.051853,0.016004,-0.078226,0.205431,0.188766,-0.089689,-0.079405,0.016031
0.120818,0.067039,0.186439,0.303510,0.181422,0.210559,0.316630,-0.026205,0.188568,-0.074993,0.160284,0.184310,-0.061873,-0.047343,0.162319,0.238336,0.243697,0.016071,0.346170,-0.051855,0.015998,-0.077843,0.205393,0.189085,-0.089672,-0.079399,0.016023
0.121206,0.067024,0.186625,0.303905,0.181426,0.210593,0.317030,-0.026198,0.188584,-0.074617,0.160247,0.184666,-0.061492,-0.047378,0.162657,0.238369,0.243698,0.016073,0.346198,-0.051855,0.016000,-0.077468,0.205355,0.189445,-0.089662,-0.079410,0.016024
0.121594,0.067055,0.186806,0.304306,0.181481,0.210555,0.317430,-0.026147,0.188575,-0.074241,0.160256,0.185038,-0.061118,-0.047372,0.163057,0.238396,0.243698,0.016071,0.346225,-0.051851,0.016002,-0.077092,0.205365,0.189808,-0.089658,-0.079404,0.016023
0.121982,0.067116,0.186984,0.304705,0.181579,0.210473,0.317833,-0.026056,0.188560,-0.073869,0.160287,0.185408,-0.060741,-0.047347,0.163494,0.238426,0.243697,0.016075,0.346255,-0.051841,0.016009,-0.076721,0.205398,0.190166,-0.089658,-0.079404,0.016020
0.122369,0.067162,0.187151,0.305106,0.181648,0.210413,0.318232,-0.025989,0.188516,-0.073494,0.160312,0.185785,-0.060369,-0.047325,0.163889,0.238460,0.243721,0.016080,0.346284,-0.051817,0.016017,-0.076345,0.205423,0.190538,-0.089655,-0.079375,0.016028
