0.021889,-0.015534,0.342622,0.209186,0.093004,0.356052,0.214366,-0.115437,0.339019,-0.170589,0.084368,0.346224,-0.165408,-0.124073,0.329192,0.196631,0.151864,0.190148,0.239369,-0.146587,0.169596,-0.181076,0.142533,0.189453,-0.127931,-0.153295,0.139969
0.032307,-0.022423,0.332427,0.218881,0.087294,0.346329,0.225418,-0.121113,0.329343,-0.160805,0.076267,0.335511,-0.154268,-0.132140,0.318526,0.194780,0.146320,0.172606,0.245763,-0.153140,0.170364,-0.174447,0.134122,0.180174,-0.115726,-0.160081,0.116404
0.042618,-0.029256,0.318652,0.228298,0.081951,0.332680,0.236493,-0.126461,0.316497,-0.151258,0.067949,0.320808,-0.143063,-0.140463,0.304624,0.196526,0.140166,0.154427,0.253294,-0.159371,0.161302,-0.162923,0.125579,0.160254,-0.110142,-0.168134,0.090118
0.052128,-0.036027,0.301104,0.236937,0.076626,0.315100,0.246704,-0.131846,0.300655,-0.142448,0.059792,0.301554,-0.132682,-0.148680,0.287108,0.206473,0.133064,0.138228,0.264764,-0.165212,0.136197,-0.142621,0.117274,0.130091,-0.102995,-0.177559,0.065747
0.060619,-0.042926,0.279516,0.244795,0.070675,0.294189,0.255654,-0.137802,0.280632,-0.134415,0.051951,0.278400,-0.123556,-0.156527,0.264843,0.226344,0.126437,0.123245,0.281121,-0.170409,0.101098,-0.118973,0.110219,0.096066,-0.088374,-0.186123,0.046789
0.069199,-0.050050,0.254276,0.252907,0.064097,0.270492,0.264546,-0.144272,0.255937,-0.126149,0.044172,0.252616,-0.114510,-0.164196,0.238061,0.245178,0.121328,0.098247,0.295740,-0.174746,0.063892,-0.104125,0.104394,0.061349,-0.063135,-0.191663,0.019089
0.078434,-0.055652,0.227278,0.263497,0.056209,0.244012,0.272802,-0.151843,0.224194,-0.115934,0.040539,0.230362,-0.106629,-0.167512,0.210544,0.257360,0.118797,0.063837,0.302423,-0.176780,0.020115,-0.099921,0.106149,0.028873,-0.060764,-0.192621,0.015898
0.088932,-0.057225,0.204955,0.274404,0.054533,0.217254,0.283127,-0.153103,0.193260,-0.105263,0.038652,0.216651,-0.096540,-0.168984,0.192657,0.245169,0.122380,0.015778,0.301943,-0.177629,0.016075,-0.096897,0.107962,0.016183,-0.059051,-0.192769,0.015850
0.100830,-0.055741,0.192935,0.286263,0.056482,0.200785,0.294922,-0.151104,0.176337,-0.093262,0.039622,0.209534,-0.084603,-0.167964,0.185086,0.245335,0.122369,0.015759,0.301934,-0.177755,0.016191,-0.096794,0.108060,0.016085,-0.057721,-0.192706,0.015768
0.114449,-0.053073,0.186690,0.299753,0.059508,0.192059,0.308547,-0.148242,0.169092,-0.079650,0.042096,0.204289,-0.070856,-0.165654,0.181322,0.246118,0.122490,0.015810,0.302961,-0.177334,0.016127,-0.110265,0.105749,0.030781,-0.056289,-0.192502,0.015770
0.128811,-0.050174,0.183646,0.313943,0.062751,0.187551,0.323034,-0.145212,0.166731,-0.065413,0.044864,0.200561,-0.056321,-0.163099,0.179741,0.247205,0.122722,0.016060,0.314201,-0.176638,0.020096,-0.117184,0.102441,0.059524,-0.054906,-0.192319,0.015546
0.143768,-0.047509,0.184225,0.328762,0.065683,0.186670,0.338091,-0.142483,0.168110,-0.050554,0.047465,0.200341,-0.041226,-0.160701,0.181780,0.248514,0.122972,0.016088,0.331977,-0.175911,0.027668,-0.104238,0.100760,0.087901,-0.053734,-0.192131,0.015719
0.159760,-0.045710,0.187990,0.344649,0.067675,0.188939,0.354118,-0.140613,0.171887,-0.034599,0.049194,0.204093,-0.025130,-0.159095,0.187041,0.249920,0.123179,0.015961,0.346407,-0.175423,0.035201,-0.081022,0.101177,0.100949,-0.052813,-0.191994,0.015933
0.176628,-0.045113,0.193072,0.361456,0.068375,0.192629,0.370930,-0.139935,0.175845,-0.017674,0.049710,0.210299,-0.008200,-0.158601,0.193515,0.251409,0.123264,0.015776,0.355989,-0.175371,0.040717,-0.054166,0.102826,0.096963,-0.052120,-0.191941,0.016019
0.193272,-0.044894,0.196707,0.377862,0.068932,0.193375,0.387433,-0.139336,0.176133,-0.000890,0.049548,0.217281,0.008681,-0.158721,0.200039,0.264185,0.124042,0.016049,0.360463,-0.174562,0.035207,-0.021619,0.105725,0.078659,-0.051288,-0.191895,0.016015
0.208965,-0.044732,0.196723,0.392909,0.070007,0.190319,0.403160,-0.138154,0.172183,0.014771,0.048689,0.221263,0.025022,-0.159471,0.203127,0.312150,0.126354,0.022199,0.358490,-0.172426,0.016037,0.021527,0.109020,0.056889,-0.049708,-0.193465,0.026793
0.223778,-0.044057,0.194022,0.407041,0.071702,0.186560,0.418394,-0.136443,0.168911,0.029162,0.048329,0.219133,0.040514,-0.159815,0.201483,0.368870,0.128545,0.030360,0.359965,-0.172329,0.015823,0.069681,0.111125,0.043357,-0.045584,-0.197328,0.049777
0.238041,-0.042095,0.190421,0.420696,0.074665,0.183679,0.433415,-0.133554,0.167935,0.042667,0.049363,0.212907,0.055386,-0.158855,0.197163,0.416211,0.130573,0.044578,0.361448,-0.172127,0.016019,0.107047,0.113110,0.025766,-0.031971,-0.199770,0.063779
0.251972,-0.038932,0.186012,0.434706,0.077810,0.181449,0.447751,-0.130566,0.168264,0.056193,0.052702,0.203760,0.069239,-0.155674,0.190575,0.447818,0.132289,0.054576,0.362821,-0.171881,0.016043,0.116736,0.114027,0.015613,-0.010600,-0.198756,0.071317
0.265953,-0.036089,0.183564,0.448989,0.080234,0.180746,0.461781,-0.128280,0.169665,0.070125,0.056103,0.197462,0.082917,-0.152412,0.186382,0.472401,0.133827,0.057358,0.364106,-0.171700,0.015880,0.118165,0.114302,0.015821,0.012305,-0.196464,0.075746
0.280308,-0.033593,0.183763,0.463503,0.082490,0.181489,0.476132,-0.126125,0.172286,0.084483,0.058939,0.195240,0.097112,-0.149677,0.186037,0.493845,0.135383,0.057285,0.365422,-0.171497,0.015693,0.119474,0.114542,0.015972,0.035024,-0.194266,0.078439
0.295006,-0.030679,0.185752,0.478380,0.085118,0.183250,0.490759,-0.123605,0.176454,0.099252,0.062247,0.195051,0.111632,-0.146476,0.188255,0.512669,0.136899,0.054468,0.366737,-0.171283,0.015775,0.120655,0.114899,0.016032,0.059444,-0.191577,0.079275
0.310005,-0.026787,0.188455,0.493572,0.088683,0.185112,0.505663,-0.120141,0.181825,0.114347,0.066568,0.195085,0.126439,-0.142257,0.191799,0.526442,0.138313,0.045628,0.368021,-0.171032,0.015949,0.122007,0.115363,0.015881,0.088105,-0.188167,0.074831
0.325169,-0.022390,0.190322,0.509405,0.091889,0.184119,0.520249,-0.117028,0.184979,0.130089,0.072248,0.195665,0.140932,-0.136669,0.196524,0.526598,0.137624,0.021599,0.371537,-0.170954,0.016022,0.123067,0.116655,0.015941,0.124314,-0.183614,0.057798
0.340252,-0.018262,0.191108,0.525199,0.094654,0.181846,0.534630,-0.114306,0.185270,0.145874,0.077782,0.196947,0.155305,-0.131177,0.200371,0.526008,0.137473,0.015911,0.438241,-0.166953,0.014764,0.120672,0.119179,0.015863,0.171096,-0.178682,0.034721
0.355511,-0.015141,0.190393,0.540979,0.096735,0.179154,0.549373,-0.112225,0.184612,0.161649,0.081942,0.196173,0.170043,-0.127018,0.201631,0.525506,0.137351,0.015847,0.491209,-0.164348,0.020590,0.119928,0.121057,0.015807,0.217901,-0.175167,0.026703
0.370811,-0.013008,0.187798,0.556389,0.098607,0.175787,0.564588,-0.110311,0.182905,0.177035,0.084295,0.192691,0.185234,-0.124623,0.199810,0.526726,0.137509,0.015966,0.551368,-0.161573,0.029368,0.120996,0.121581,0.015836,0.262656,-0.173081,0.024172
0.385860,-0.011874,0.183489,0.571414,0.099857,0.172204,0.579748,-0.109024,0.180213,0.191973,0.085275,0.186765,0.200307,-0.123605,0.194775,0.528025,0.137657,0.016033,0.597178,-0.159097,0.043308,0.127745,0.121675,0.015761,0.288425,-0.172467,0.015913
0.400490,-0.010272,0.179982,0.586099,0.101402,0.169056,0.594397,-0.107425,0.178403,0.206583,0.086881,0.181561,0.214881,-0.121946,0.190907,0.529404,0.137825,0.015902,0.625979,-0.157133,0.057051,0.142129,0.123000,0.028499,0.289848,-0.172337,0.015769
0.415127,-0.008005,0.179229,0.600814,0.103535,0.168267,0.609021,-0.105195,0.179611,0.221232,0.089185,0.178847,0.229440,-0.119546,0.190191,0.530841,0.138047,0.015749,0.646250,-0.155528,0.064725,0.160787,0.125001,0.043438,0.291143,-0.172161,0.015596
0.429924,-0.005713,0.180956,0.615692,0.105715,0.170237,0.623800,-0.102909,0.183466,0.236048,0.091482,0.178446,0.244156,-0.117142,0.191675,0.532310,0.138253,0.015734,0.663061,-0.154204,0.069196,0.180312,0.127103,0.055619,0.292390,-0.171998,0.015756
0.444916,-0.003831,0.184542,0.630762,0.107527,0.174454,0.638763,-0.101017,0.188939,0.251069,0.093356,0.180145,0.259070,-0.115189,0.194629,0.533731,0.138392,0.015993,0.676119,-0.153206,0.073340,0.199995,0.129096,0.066499,0.293520,-0.171879,0.015815
0.460327,-0.002525,0.189674,0.646186,0.108890,0.180498,0.654183,-0.099626,0.195391,0.266472,0.094575,0.183957,0.274468,-0.113941,0.198851,0.535142,0.138485,0.016048,0.684851,-0.152447,0.077807,0.220188,0.130723,0.076486,0.294558,-0.171835,0.015926
0.476471,-0.001822,0.196203,0.662265,0.109776,0.187991,0.670389,-0.098765,0.202452,0.282553,0.095120,0.189953,0.290677,-0.113421,0.204414,0.536642,0.138542,0.015894,0.689328,-0.151933,0.082590,0.241757,0.131757,0.083701,0.295487,-0.171893,0.015988
0.493267,-0.001677,0.203363,0.678973,0.110112,0.195756,0.687262,-0.098495,0.209139,0.299272,0.095141,0.197587,0.307562,-0.113465,0.210970,0.538194,0.138550,0.015766,0.690783,-0.151785,0.086763,0.265815,0.132138,0.084524,0.296306,-0.172001,0.015981
0.509830,-0.001655,0.209046,0.695152,0.110697,0.200440,0.704137,-0.097949,0.212715,0.315524,0.094640,0.205378,0.324509,-0.114007,0.217653,0.550251,0.139174,0.015949,0.691980,-0.151616,0.083991,0.293458,0.131431,0.072299,0.296541,-0.172644,0.016021
0.525463,-0.001954,0.211548,0.710062,0.111454,0.201404,0.720327,-0.097176,0.212930,0.330599,0.093267,0.210165,0.340864,-0.115362,0.221692,0.598730,0.141489,0.019297,0.696030,-0.151673,0.073060,0.328404,0.130022,0.052478,0.291070,-0.173983,0.029901
0.540485,-0.002290,0.210430,0.724036,0.112773,0.199894,0.736177,-0.095810,0.210389,0.344794,0.091231,0.210471,0.356935,-0.117353,0.220966,0.666112,0.146177,0.024817,0.699463,-0.151418,0.053652,0.372344,0.129708,0.037340,0.285684,-0.175588,0.051970
0.555309,-0.002710,0.205141,0.737945,0.113832,0.194975,0.751712,-0.094720,0.203982,0.358907,0.089300,0.206301,0.372674,-0.119252,0.215308,0.724881,0.151682,0.035709,0.699740,-0.151200,0.031296,0.416148,0.130949,0.027541,0.288841,-0.176282,0.078591
0.570259,-0.003307,0.196209,0.752702,0.113560,0.186316,0.766767,-0.095052,0.193236,0.373751,0.088437,0.199182,0.387816,-0.120175,0.206102,0.767106,0.155342,0.042595,0.696475,-0.151254,0.015836,0.441966,0.132541,0.016093,0.304447,-0.175107,0.093561
0.585213,-0.003601,0.188147,0.767697,0.113215,0.178427,0.781659,-0.095439,0.184183,0.388766,0.088237,0.192111,0.402728,-0.120417,0.197868,0.796562,0.157017,0.044359,0.697599,-0.151277,0.015846,0.443504,0.132601,0.015677,0.328740,-0.173617,0.100718
0.600437,-0.003263,0.183845,0.782933,0.113514,0.173859,0.796836,-0.095160,0.178988,0.404039,0.088635,0.188701,0.417941,-0.120039,0.193830,0.819126,0.158319,0.044844,0.698867,-0.151259,0.015958,0.444953,0.132678,0.015885,0.352960,-0.172289,0.097971
0.615936,-0.001891,0.182737,0.798444,0.114813,0.172146,0.812299,-0.093855,0.177686,0.419573,0.090072,0.187787,0.433428,-0.118595,0.193327,0.838555,0.159621,0.043310,0.700226,-0.151155,0.015968,0.446288,0.132849,0.015921,0.377424,-0.170492,0.094902
0.631702,0.000964,0.183654,0.814240,0.117540,0.172196,0.828059,-0.091068,0.179726,0.435346,0.092996,0.187581,0.449165,-0.115611,0.195111,0.855118,0.160968,0.037582,0.701624,-0.150939,0.015815,0.447585,0.133190,0.015945,0.404290,-0.167949,0.090226
0.647682,0.005063,0.185199,0.830381,0.121180,0.171811,0.843915,-0.087287,0.182901,0.451449,0.097413,0.187498,0.464983,-0.111054,0.198588,0.863140,0.160801,0.019261,0.702867,-0.150940,0.015866,0.449049,0.133741,0.015944,0.437342,-0.164939,0.076755
0.663345,0.008946,0.186670,0.846350,0.124319,0.171185,0.859278,-0.084046,0.184658,0.467413,0.101939,0.188682,0.480341,-0.106426,0.202154,0.864592,0.161036,0.015809,0.742215,-0.147589,0.019986,0.448878,0.135250,0.015912,0.482674,-0.161870,0.048166
0.678890,0.011451,0.188548,0.861966,0.126584,0.172160,0.874764,-0.081678,0.187245,0.483017,0.104580,0.189852,0.495814,-0.103683,0.204937,0.865846,0.161146,0.015715,0.803472,-0.143449,0.025226,0.449803,0.135584,0.015766,0.531672,-0.159208,0.038243
0.694645,0.012822,0.189145,0.877729,0.127903,0.172482,0.890509,-0.080329,0.187989,0.498781,0.105974,0.190301,0.511561,-0.102259,0.205809,0.867273,0.161250,0.015735,0.872591,-0.138659,0.032648,0.450837,0.135691,0.015721,0.584804,-0.156147,0.034984
0.710407,0.013014,0.187342,0.893485,0.128141,0.170935,0.906265,-0.080144,0.185719,0.514550,0.106172,0.188966,0.527329,-0.102114,0.203750,0.868652,0.161264,0.015908,0.925813,-0.134466,0.046635,0.452431,0.135707,0.015636,0.630532,-0.153612,0.032146
0.725994,0.012296,0.183604,0.908774,0.128137,0.168995,0.922176,-0.080186,0.182643,0.529812,0.104778,0.184565,0.543214,-0.103546,0.198213,0.869975,0.161261,0.016038,0.959567,-0.131454,0.060053,0.463586,0.135093,0.015661,0.653308,-0.154019,0.016351
0.740925,0.012212,0.180443,0.923692,0.128318,0.167924,0.937208,-0.080059,0.180606,0.544641,0.104483,0.180280,0.558158,-0.103895,0.192962,0.871441,0.161310,0.015959,0.980668,-0.129523,0.071268,0.481104,0.136731,0.028133,0.654732,-0.154031,0.015967
0.755592,0.013324,0.179854,0.938391,0.129482,0.168321,0.951901,-0.078883,0.181209,0.559283,0.105530,0.178498,0.572794,-0.102835,0.191386,0.872930,0.161438,0.015835,0.997688,-0.128074,0.075665,0.499418,0.138692,0.039633,0.656078,-0.153919,0.015933
0.770309,0.014888,0.181139,0.953151,0.131066,0.170511,0.966628,-0.077264,0.183999,0.573991,0.107039,0.178279,0.587468,-0.101290,0.191767,0.874398,0.161588,0.015706,1.013416,-0.126849,0.076306,0.516947,0.140657,0.049585,0.657378,-0.153804,0.015748
0.785099,0.016405,0.183734,0.967980,0.132610,0.174128,0.981416,-0.075692,0.188078,0.588782,0.108502,0.179390,0.602218,-0.099799,0.193340,0.875806,0.161715,0.015923,1.026676,-0.125882,0.076633,0.534644,0.142606,0.059190,0.658606,-0.153708,0.015659
0.800133,0.017721,0.187543,0.983022,0.133992,0.178945,0.996457,-0.074301,0.193021,0.603809,0.109743,0.182066,0.617244,-0.098550,0.196142,0.877185,0.161804,0.016039,1.036572,-0.125144,0.077864,0.553248,0.144507,0.069263,0.659805,-0.153642,0.015755
0.815643,0.018764,0.192658,0.998487,0.135167,0.184937,1.012005,-0.073144,0.198664,0.619281,0.110672,0.186651,0.632799,-0.097639,0.200379,0.878605,0.161899,0.016008,1.042750,-0.124648,0.079477,0.573151,0.146206,0.078669,0.660903,-0.153622,0.015824
0.831944,0.019422,0.198987,1.014683,0.136030,0.191929,1.028387,-0.072327,0.204751,0.635500,0.111170,0.193223,0.649204,-0.097187,0.206046,0.880078,0.161972,0.015802,1.045533,-0.124364,0.082379,0.595137,0.147470,0.084686,0.661856,-0.153688,0.015936
0.848778,0.019828,0.205369,1.031404,0.136593,0.197987,1.045307,-0.071818,0.209655,0.652248,0.111474,0.201083,0.666151,-0.096938,0.212750,0.881605,0.162031,0.015933,1.045963,-0.124480,0.083113,0.619953,0.148301,0.082472,0.662726,-0.153805,0.015955
0.865215,0.020169,0.209655,1.047403,0.137507,0.200681,1.062045,-0.070918,0.211144,0.668385,0.111256,0.208166,0.683027,-0.097168,0.218629,0.909508,0.164220,0.017038,1.047115,-0.124371,0.075986,0.649696,0.148457,0.066634,0.657830,-0.154613,0.018333
0.880661,0.020239,0.210448,1.061979,0.138793,0.199965,1.078071,-0.069587,0.209094,0.683251,0.110065,0.211802,0.699343,-0.098316,0.220930,0.968041,0.169342,0.021335,1.052597,-0.123615,0.062265,0.688792,0.148859,0.046013,0.649097,-0.156021,0.033836
0.895630,0.020252,0.207428,1.075871,0.140430,0.196857,1.093787,-0.067868,0.204323,0.697472,0.108372,0.210533,0.715389,-0.099925,0.217999,1.033754,0.176441,0.029092,1.054158,-0.122846,0.039076,0.735031,0.150890,0.033109,0.643342,-0.157506,0.057939
0.910591,0.020120,0.200277,1.090126,0.141395,0.190248,1.109204,-0.066875,0.195170,0.711979,0.107115,0.205384,0.731056,-0.101156,0.210306,1.086028,0.183092,0.038732,1.051965,-0.122019,0.015437,0.774127,0.154188,0.024610,0.649158,-0.157370,0.080856
0.925461,0.020151,0.191105,1.105105,0.141284,0.181306,1.123963,-0.067032,0.185006,0.726959,0.107334,0.197205,0.745817,-0.100982,0.200905,1.122883,0.186068,0.042321,1.052993,-0.122104,0.015839,0.788857,0.155356,0.015631,0.666473,-0.155778,0.089931
0.940258,0.020778,0.184310,1.119926,0.141906,0.174898,1.138743,-0.066424,0.177916,0.741773,0.107979,0.190703,0.760590,-0.100351,0.193721,1.149261,0.188300,0.043985,1.054217,-0.122045,0.015873,0.790360,0.155474,0.015748,0.689700,-0.153868,0.091958
0.955265,0.022015,0.181332,1.134953,0.143105,0.171818,1.153725,-0.065230,0.174749,0.756806,0.109259,0.187915,0.775577,-0.099076,0.190846,1.170210,0.190129,0.044442,1.055543,-0.121950,0.015936,0.791774,0.155629,0.015941,0.713360,-0.151729,0.090767
0.970520,0.024341,0.181426,1.150239,0.145348,0.171456,1.168969,-0.062973,0.175474,0.772071,0.111654,0.187378,0.790801,-0.096667,0.191396,1.188732,0.191972,0.042952,1.056915,-0.121766,0.015947,0.793059,0.155876,0.015917,0.737666,-0.149054,0.089314
0.985996,0.028100,0.183296,1.165787,0.148933,0.172526,1.184441,-0.059328,0.179158,0.787551,0.115528,0.187433,0.806206,-0.092733,0.194066,1.203821,0.193647,0.036031,1.058286,-0.121486,0.015804,0.794381,0.156334,0.015947,0.765181,-0.145540,0.084858
1.001621,0.032759,0.185278,1.181661,0.152978,0.172077,1.199873,-0.055163,0.182581,0.803370,0.120681,0.187974,0.821582,-0.087460,0.198478,1.208255,0.193097,0.015745,1.059770,-0.121516,0.015868,0.795818,0.157015,0.015848,0.799998,-0.141558,0.069111
1.016937,0.036941,0.186982,1.197265,0.156472,0.171643,1.214933,-0.051568,0.184746,0.818941,0.125449,0.189217,0.836610,-0.082591,0.202320,1.209485,0.193391,0.015688,1.114776,-0.116475,0.014889,0.795768,0.158269,0.015906,0.848455,-0.137416,0.041525
1.032417,0.039598,0.188180,1.212978,0.158630,0.171736,1.230206,-0.049373,0.185978,0.834628,0.128569,0.190381,0.851856,-0.079433,0.204623,1.210392,0.193445,0.015725,1.161115,-0.111929,0.023542,0.796220,0.159139,0.015688,0.897431,-0.133152,0.032547
1.048058,0.041298,0.188259,1.228636,0.160268,0.171570,1.245835,-0.047705,0.186273,0.850280,0.130300,0.190245,0.867479,-0.077672,0.204947,1.211792,0.193583,0.015831,1.226349,-0.105975,0.031519,0.797224,0.159294,0.015734,0.945578,-0.129130,0.032412
1.063522,0.041959,0.186211,1.244087,0.161022,0.170034,1.261328,-0.046980,0.184266,0.865716,0.130898,0.188156,0.882958,-0.077104,0.202388,1.213175,0.193628,0.015947,1.278944,-0.100704,0.045827,0.800304,0.159385,0.015650,0.986334,-0.126181,0.027971
1.078754,0.041835,0.182428,1.259161,0.161446,0.168730,1.276796,-0.046598,0.181813,0.880713,0.130268,0.183044,0.898347,-0.077776,0.196126,1.214506,0.193758,0.015984,1.312475,-0.096973,0.059420,0.813826,0.159779,0.015722,1.003046,-0.125931,0.016007
1.093506,0.042665,0.179704,1.273911,0.162469,0.167777,1.291627,-0.045587,0.180574,0.895385,0.130918,0.178833,0.913100,-0.077138,0.191631,1.215975,0.193894,0.015908,1.334337,-0.094445,0.070107,0.831586,0.161780,0.025927,1.004451,-0.125863,0.015992
1.108082,0.044621,0.179458,1.288555,0.164394,0.168279,1.306197,-0.043616,0.181894,0.909967,0.132857,0.177021,0.927608,-0.075153,0.190636,1.217441,0.194089,0.015759,1.352129,-0.092441,0.074790,0.849684,0.164429,0.039128,1.005760,-0.125674,0.015870
1.122749,0.046832,0.181153,1.303285,0.166580,0.170748,1.320851,-0.041369,0.185343,0.924648,0.135034,0.176963,0.942213,-0.072916,0.191558,1.218899,0.194294,0.015714,1.367940,-0.090781,0.076123,0.867553,0.167050,0.050378,1.007026,-0.125512,0.015628
1.137547,0.048856,0.184287,1.318124,0.168621,0.174836,1.335633,-0.039287,0.190089,0.939460,0.136998,0.178485,0.956969,-0.070909,0.193738,1.220310,0.194462,0.015992,1.380622,-0.089490,0.077504,0.885854,0.169595,0.060968,1.008236,-0.125385,0.015708
1.152618,0.050583,0.188751,1.333184,0.170439,0.180270,1.350716,-0.037455,0.195681,0.954521,0.138621,0.181822,0.972053,-0.069273,0.197233,1.221686,0.194598,0.016053,1.389473,-0.088521,0.079688,0.904981,0.171998,0.071460,1.009349,-0.125314,0.015781
1.168343,0.051956,0.194576,1.348844,0.171969,0.186996,1.366482,-0.035948,0.201966,0.970203,0.139860,0.187185,0.987841,-0.068057,0.202155,1.223143,0.194718,0.015927,1.394503,-0.087927,0.082164,0.925559,0.174111,0.080341,1.010393,-0.125285,0.015887
1.184853,0.052906,0.201417,1.365229,0.173144,0.194447,1.383084,-0.034826,0.208389,0.986621,0.140638,0.194445,1.004477,-0.067332,0.208388,1.224643,0.194813,0.015758,1.396277,-0.087641,0.085649,0.948440,0.175708,0.084497,1.011274,-0.125368,0.015953
1.201550,0.053761,0.207516,1.381604,0.174423,0.199632,1.400019,-0.033572,0.212412,1.003080,0.141093,0.202621,1.021495,-0.066902,0.215401,1.226542,0.195127,0.016030,1.396572,-0.087441,0.084651,0.974169,0.176588,0.077965,1.012073,-0.125700,0.016012
1.217506,0.054519,0.210946,1.396731,0.176275,0.201203,1.416531,-0.031660,0.212848,1.018482,0.140698,0.209045,1.038281,-0.067238,0.220690,1.266950,0.199234,0.015314,1.398907,-0.086840,0.074012,1.006234,0.176847,0.058865,1.006206,-0.126989,0.024790
1.232723,0.055071,0.210796,1.410657,0.178457,0.198282,1.432526,-0.029298,0.209442,1.032920,0.139439,0.212149,1.054789,-0.068315,0.223310,1.295550,0.202699,0.023165,1.402806,-0.086461,0.055521,1.040257,0.176960,0.044276,0.998051,-0.129752,0.042767
1.247242,0.055385,0.207277,1.423424,0.181188,0.194064,1.448066,-0.026389,0.202397,1.046418,0.137158,0.212157,1.071060,-0.070418,0.220490,1.358620,0.212644,0.028262,1.402137,-0.084591,0.029414,1.076699,0.179463,0.035402,0.994708,-0.131387,0.068559
1.261436,0.055404,0.200312,1.436367,0.182954,0.187226,1.462949,-0.024471,0.192960,1.059924,0.135278,0.207664,1.086506,-0.072147,0.213398,1.415221,0.221834,0.033488,1.399343,-0.083357,0.015817,1.108981,0.182412,0.027064,1.004478,-0.131811,0.093522
1.275467,0.056003,0.192208,1.450067,0.184015,0.179208,1.477156,-0.023363,0.184230,1.073778,0.135368,0.200185,1.100867,-0.072009,0.205207,1.456589,0.227331,0.039386,1.400471,-0.083306,0.015859,1.122117,0.183066,0.015737,1.024008,-0.130461,0.099388
1.289730,0.057106,0.186078,1.464359,0.185109,0.173378,1.491392,-0.022292,0.177732,1.088068,0.136504,0.194423,1.115101,-0.070896,0.198777,1.485310,0.230916,0.041520,1.401681,-0.083226,0.015907,1.123551,0.183225,0.015889,1.048250,-0.127516,0.100562
1.304485,0.059059,0.183328,1.479140,0.187024,0.170605,1.506134,-0.020380,0.175052,1.102837,0.138498,0.191605,1.129830,-0.068905,0.196051,1.508118,0.233868,0.041358,1.402995,-0.083057,0.015968,1.124884,0.183445,0.015924,1.072203,-0.124340,0.098529
1.319645,0.062366,0.183241,1.494367,0.190209,0.170218,1.521302,-0.017165,0.176157,1.117987,0.141898,0.190326,1.144923,-0.065476,0.196264,1.527611,0.236605,0.038483,1.404327,-0.082799,0.015850,1.126157,0.183815,0.015916,1.097450,-0.120384,0.095294
1.335091,0.067227,0.184559,1.509955,0.194788,0.170701,1.536742,-0.012492,0.179773,1.133440,0.146946,0.189344,1.160227,-0.060333,0.198416,1.541144,0.238420,0.027448,1.405647,-0.082480,0.015821,1.127441,0.184452,0.015925,1.127269,-0.115393,0.085778
1.350510,0.072409,0.185669,1.525607,0.199331,0.169151,1.551983,-0.007811,0.181853,1.149036,0.152628,0.189484,1.175412,-0.054514,0.202187,1.542839,0.238024,0.015815,1.420323,-0.080663,0.015748,1.128561,0.185274,0.015846,1.166757,-0.110207,0.060487
1.365692,0.076300,0.186896,1.540925,0.202803,0.168692,1.567040,-0.004245,0.183318,1.164344,0.156844,0.190474,1.190459,-0.050204,0.205100,1.544098,0.238322,0.015751,1.489425,-0.071615,0.018270,1.129134,0.185985,0.015772,1.217760,-0.104516,0.037580
1.381218,0.078673,0.187017,1.556505,0.205148,0.169138,1.582577,-0.001874,0.184195,1.179859,0.159221,0.189840,1.205931,-0.047802,0.204897,1.545550,0.238538,0.015708,1.564427,-0.061609,0.025786,1.130168,0.186227,0.015726,1.272480,-0.098029,0.030558
1.396931,0.079554,0.184838,1.572216,0.206160,0.167901,1.598311,-0.000935,0.181881,1.195550,0.160042,0.187795,1.221645,-0.047053,0.201775,1.546959,0.238626,0.015865,1.619682,-0.053711,0.040311,1.131387,0.186254,0.015728,1.321882,-0.092104,0.027426
1.412552,0.079378,0.180832,1.587511,0.206728,0.166258,1.614225,-0.000396,0.178529,1.210879,0.159152,0.183135,1.237593,-0.047972,0.195405,1.548321,0.238674,0.015931,1.654334,-0.048476,0.054504,1.140926,0.186117,0.015711,1.348492,-0.090200,0.016045
1.427532,0.079897,0.177593,1.602485,0.207498,0.165315,1.629285,0.000304,0.176142,1.225780,0.159490,0.179044,1.252580,-0.047704,0.189872,1.549799,0.238768,0.015961,1.675593,-0.045369,0.065662,1.158064,0.188549,0.024586,1.349889,-0.090094,0.016002
1.442116,0.081842,0.177197,1.617116,0.209464,0.165837,1.643880,0.002269,0.176720,1.240351,0.161416,0.177674,1.267116,-0.045779,0.188557,1.551294,0.238974,0.015866,1.692302,-0.042931,0.070779,1.176546,0.191735,0.038140,1.351223,-0.089877,0.015825
1.456814,0.084326,0.179043,1.631856,0.211956,0.168461,1.658591,0.004787,0.179900,1.255037,0.163865,0.178186,1.281772,-0.043304,0.189625,1.552804,0.239216,0.015713,1.707777,-0.040753,0.071389,1.194575,0.194839,0.049266,1.352511,-0.089676,0.015674
1.471661,0.086773,0.182309,1.646733,0.214435,0.172663,1.673448,0.007287,0.184515,1.269873,0.166259,0.180103,1.296588,-0.040890,0.191955,1.554246,0.239432,0.015798,1.720731,-0.038978,0.071556,1.212766,0.197888,0.059402,1.353758,-0.089500,0.015718
1.486801,0.089004,0.186713,1.661884,0.216721,0.178020,1.688598,0.009575,0.189925,1.285004,0.168432,0.183502,1.311719,-0.038714,0.195407,1.555647,0.239610,0.016019,1.730221,-0.037691,0.072758,1.231690,0.200914,0.069666,1.354923,-0.089365,0.015806
1.502476,0.090937,0.192230,1.677504,0.218784,0.184400,1.704311,0.011625,0.195855,1.300640,0.170249,0.188605,1.327447,-0.036910,0.200059,1.557088,0.239788,0.016004,1.735997,-0.036880,0.074565,1.251856,0.203772,0.078986,1.356016,-0.089297,0.015850
1.518921,0.092511,0.198682,1.693870,0.220503,0.191477,1.720806,0.013309,0.201935,1.317036,0.171714,0.195429,1.343972,-0.035481,0.205887,1.558590,0.239940,0.015804,1.738345,-0.036585,0.077430,1.274170,0.206439,0.084647,1.357015,-0.089264,0.015926
1.535835,0.093910,0.204884,1.710638,0.222072,0.197158,1.737796,0.014851,0.206446,1.333874,0.172970,0.203322,1.361033,-0.034252,0.212611,1.560115,0.240104,0.015889,1.738694,-0.036677,0.077896,1.299412,0.208880,0.081583,1.357799,-0.089374,0.015952
1.552231,0.095325,0.208762,1.726373,0.224279,0.199452,1.754525,0.017123,0.207099,1.349937,0.173527,0.210425,1.378089,-0.033629,0.218073,1.595111,0.245599,0.016852,1.739663,-0.035878,0.069385,1.329814,0.211334,0.065300,1.352856,-0.090309,0.018900
1.567715,0.096600,0.209024,1.740683,0.227033,0.198517,1.770585,0.020053,0.203976,1.364845,0.173146,0.214073,1.394747,-0.033834,0.219531,1.651108,0.255397,0.022847,1.744151,-0.033679,0.053221,1.369469,0.215328,0.046331,1.344827,-0.091882,0.033790
1.582764,0.097767,0.205456,1.754409,0.229957,0.195220,1.786307,0.023223,0.198084,1.379220,0.172311,0.212828,1.411118,-0.034423,0.215692,1.712708,0.267251,0.031820,1.744837,-0.031520,0.028282,1.414932,0.221346,0.034749,1.340395,-0.093512,0.058023
1.597706,0.098787,0.198149,1.768691,0.231878,0.188544,1.801563,0.025278,0.189216,1.393849,0.172297,0.207082,1.426721,-0.034303,0.207754,1.761377,0.276249,0.038745,1.743997,-0.030467,0.015862,1.451779,0.226949,0.026579,1.347729,-0.093311,0.079443
1.612320,0.100415,0.189880,1.783277,0.233585,0.180900,1.816209,0.026993,0.180964,1.408431,0.173837,0.198797,1.441363,-0.032755,0.198860,1.796188,0.281625,0.042899,1.745187,-0.030403,0.015875,1.466364,0.229040,0.015638,1.365529,-0.090902,0.084337
1.626770,0.102415,0.183866,1.797770,0.235571,0.175525,1.830665,0.028974,0.175239,1.422875,0.175856,0.192492,1.455770,-0.030741,0.192206,1.821592,0.285568,0.044955,1.746431,-0.030240,0.015887,1.467819,0.229280,0.015774,1.389250,-0.087210,0.087262
1.641426,0.104991,0.181456,1.812466,0.238103,0.173225,1.845318,0.031498,0.173203,1.437534,0.178484,0.189709,1.470386,-0.028121,0.189687,1.842612,0.288930,0.045883,1.747724,-0.030025,0.015911,1.469183,0.229555,0.015964,1.412553,-0.083327,0.086923
1.656292,0.108577,0.181895,1.827410,0.241568,0.173351,1.860178,0.034955,0.174722,1.452406,0.182198,0.189069,1.485174,-0.024415,0.190439,1.861180,0.292089,0.044543,1.749068,-0.029739,0.015902,1.470414,0.229925,0.015948,1.436406,-0.078860,0.086096
1.671326,0.113514,0.183953,1.842611,0.246240,0.174668,1.875182,0.039634,0.178891,1.467470,0.187394,0.189015,1.500040,-0.019212,0.193238,1.876004,0.294722,0.037491,1.750370,-0.029395,0.015809,1.471671,0.230539,0.015940,1.463616,-0.073250,0.081915
1.686443,0.119243,0.185956,1.858170,0.251198,0.174163,1.890058,0.044610,0.182484,1.482828,0.193875,0.189429,1.514717,-0.012712,0.197750,1.879632,0.294158,0.015813,1.752507,-0.029357,0.015887,1.472812,0.231368,0.015980,1.498171,-0.066590,0.066198
1.701328,0.124462,0.187514,1.873497,0.255614,0.173437,1.904651,0.049029,0.184229,1.498005,0.199895,0.190798,1.529160,-0.006690,0.201591,1.880822,0.294509,0.015804,1.809035,-0.020221,0.015689,1.472166,0.232886,0.015884,1.545814,-0.058661,0.039705
1.716492,0.128215,0.188374,1.888891,0.258954,0.173311,1.919671,0.052383,0.185385,1.513313,0.204047,0.191363,1.544092,-0.002524,0.203437,1.881956,0.294739,0.015745,1.865895,-0.011194,0.022237,1.472586,0.233740,0.015705,1.595069,-0.051009,0.031450
1.731937,0.130870,0.187653,1.904352,0.261555,0.172296,1.935107,0.055008,0.184824,1.528767,0.206732,0.190483,1.559523,0.000185,0.203011,1.883288,0.294963,0.015843,1.928808,-0.001274,0.031331,1.473616,0.233956,0.015759,1.644038,-0.043741,0.030289
1.747364,0.132457,0.184813,1.919739,0.263275,0.170159,1.950579,0.056709,0.182168,1.544149,0.208204,0.187457,1.574989,0.001639,0.199467,1.884631,0.295097,0.015952,1.976636,0.006642,0.045801,1.477389,0.234281,0.015700,1.682782,-0.038528,0.023502
1.762520,0.133526,0.180770,1.934715,0.264818,0.168432,1.965923,0.058251,0.179408,1.559116,0.208801,0.182133,1.590325,0.002233,0.193109,1.886060,0.295400,0.016049,2.006841,0.011986,0.058629,1.490956,0.235774,0.017298,1.693645,-0.037598,0.015970
1.777096,0.135756,0.178447,1.949286,0.267168,0.167374,1.980555,0.060619,0.178524,1.573637,0.210892,0.178370,1.604906,0.004343,0.189519,1.887503,0.295672,0.015905,2.027372,0.015720,0.068233,1.508502,0.239011,0.029171,1.695026,-0.037416,0.015952
1.791534,0.138850,0.178690,1.963781,0.270239,0.168225,1.994996,0.063739,0.180394,1.588073,0.213962,0.176987,1.619288,0.007462,0.189155,1.888954,0.295985,0.015717,2.044496,0.018791,0.072026,1.526313,0.242719,0.042068,1.696324,-0.037154,0.015781
