-0.004662,0.011502,0.329303,0.186921,0.113061,0.334134,0.183683,-0.095602,0.319504,-0.193007,0.118606,0.339102,-0.196244,-0.090056,0.324471,0.202815,0.169720,0.172423,0.171513,-0.128475,0.141146,-0.220764,0.174338,0.200280,-0.199667,-0.123698,0.155147
-0.005581,0.017373,0.314808,0.186660,0.117615,0.320810,0.182040,-0.090703,0.302187,-0.193201,0.125449,0.327430,-0.197822,-0.082870,0.308806,0.204613,0.179667,0.132797,0.172432,-0.120642,0.128912,-0.215894,0.187996,0.143967,-0.176817,-0.109603,0.092079
-0.005463,0.023332,0.295526,0.187679,0.121743,0.302792,0.181166,-0.086234,0.281167,-0.192091,0.132899,0.309885,-0.198604,-0.075079,0.288260,0.181076,0.189687,0.091017,0.166624,-0.113435,0.107463,-0.196296,0.202822,0.078348,-0.164171,-0.096641,0.045587
-0.005836,0.029526,0.272211,0.187964,0.126706,0.278416,0.180035,-0.081362,0.258177,-0.191708,0.140413,0.286245,-0.199637,-0.067654,0.266006,0.158312,0.195549,0.052089,0.163825,-0.109500,0.084015,-0.172068,0.210686,0.025908,-0.154846,-0.090721,0.015807
-0.005535,0.035083,0.252086,0.188191,0.132457,0.246653,0.179509,-0.075914,0.230191,-0.190580,0.146080,0.273982,-0.199262,-0.062291,0.257520,0.145696,0.198035,0.016574,0.163099,-0.108432,0.072868,-0.171843,0.211334,0.015711,-0.154220,-0.090694,0.015703
-0.003155,0.037516,0.236057,0.189602,0.135701,0.220384,0.181014,-0.072758,0.205028,-0.187323,0.147790,0.267086,-0.195912,-0.060669,0.251730,0.144531,0.198225,0.015986,0.132899,-0.104287,0.040751,-0.170836,0.211240,0.015699,-0.155797,-0.090543,0.015643
-0.000454,0.038449,0.220097,0.191195,0.137277,0.196754,0.182626,-0.071175,0.181298,-0.183534,0.148073,0.258896,-0.192103,-0.060380,0.243440,0.143747,0.198254,0.015852,0.111459,-0.102448,0.027346,-0.168986,0.211111,0.015816,-0.155058,-0.090633,0.015756
0.002274,0.038902,0.204426,0.192653,0.138329,0.174240,0.184008,-0.070075,0.158186,-0.179460,0.147878,0.250665,-0.188105,-0.060526,0.234611,0.143214,0.198210,0.015785,0.100242,-0.101326,0.016717,-0.165871,0.211000,0.016193,-0.154323,-0.090702,0.015886
0.005322,0.039328,0.189523,0.194869,0.139153,0.155641,0.186168,-0.069199,0.138950,-0.175525,0.147855,0.240097,-0.184226,-0.060496,0.223406,0.143061,0.198160,0.015717,0.100716,-0.101422,0.016070,-0.164157,0.210969,0.015984,-0.153470,-0.090803,0.016021
0.008598,0.039494,0.175180,0.197963,0.139552,0.140965,0.189258,-0.068718,0.123280,-0.172061,0.147706,0.227080,-0.180766,-0.060564,0.209395,0.143268,0.198122,0.015766,0.101369,-0.101590,0.016021,-0.163084,0.210896,0.016130,-0.152080,-0.090999,0.016055
0.011997,0.039629,0.161581,0.201877,0.139654,0.130248,0.193209,-0.068526,0.111519,-0.169214,0.147783,0.211643,-0.177882,-0.060397,0.192914,0.143674,0.198043,0.015842,0.102183,-0.101803,0.015872,-0.162032,0.210752,0.016056,-0.148466,-0.091413,0.016388
0.015686,0.039758,0.149665,0.206589,0.139435,0.123941,0.197957,-0.068654,0.104218,-0.166585,0.148170,0.195111,-0.175217,-0.059919,0.175388,0.144241,0.197953,0.015920,0.103032,-0.102025,0.015768,-0.160949,0.210616,0.015897,-0.144066,-0.091851,0.016581
0.019695,0.039890,0.140098,0.211749,0.138987,0.121756,0.203174,-0.069022,0.101177,-0.163784,0.148802,0.179019,-0.172358,-0.059207,0.158440,0.144831,0.197914,0.016035,0.103758,-0.102173,0.015648,-0.159909,0.210507,0.015727,-0.139105,-0.092245,0.016490
0.023819,0.040064,0.132587,0.216821,0.138459,0.122110,0.208306,-0.069489,0.100901,-0.160668,0.149617,0.164272,-0.169183,-0.058330,0.143063,0.145391,0.197928,0.016026,0.104300,-0.102260,0.015667,-0.158912,0.210424,0.015685,-0.132916,-0.092647,0.016661
0.027954,0.040348,0.127773,0.221612,0.137967,0.124871,0.213116,-0.069973,0.103569,-0.157207,0.150668,0.151977,-0.165704,-0.057271,0.130675,0.145830,0.197932,0.016092,0.104672,-0.102267,0.015715,-0.157950,0.210366,0.015885,-0.131870,-0.092641,0.016097
0.032169,0.040577,0.125713,0.226211,0.137328,0.131036,0.217712,-0.070641,0.110035,-0.153373,0.151795,0.141390,-0.161872,-0.056175,0.120389,0.146244,0.197923,0.016084,0.104819,-0.102227,0.015764,-0.157017,0.210327,0.015977,-0.131326,-0.092604,0.016035
0.036488,0.040723,0.126748,0.230518,0.136586,0.141015,0.222018,-0.071450,0.120687,-0.149043,0.152896,0.132809,-0.157543,-0.055141,0.112482,0.146557,0.197932,0.016047,0.104842,-0.102120,0.015818,-0.156092,0.210301,0.016009,-0.130724,-0.092507,0.015938
0.040913,0.040801,0.131264,0.234329,0.135917,0.155438,0.225957,-0.072228,0.136199,-0.144131,0.153830,0.126330,-0.152503,-0.054316,0.107091,0.146876,0.198001,0.016026,0.104832,-0.101911,0.015835,-0.153458,0.210080,0.016030,-0.129949,-0.092459,0.015736
0.045158,0.040812,0.138839,0.237266,0.135286,0.173629,0.229033,-0.072978,0.155663,-0.138716,0.154603,0.122015,-0.146950,-0.053661,0.104049,0.147253,0.198102,0.015941,0.106413,-0.101787,0.016590,-0.147068,0.208371,0.031783,-0.129073,-0.092394,0.015617
0.049118,0.040524,0.148320,0.239490,0.134437,0.192821,0.231305,-0.073908,0.175786,-0.133069,0.154956,0.120855,-0.141254,-0.053389,0.103820,0.147723,0.198142,0.015913,0.119203,-0.102370,0.019584,-0.138926,0.205358,0.065391,-0.128173,-0.092349,0.015885
0.052914,0.040067,0.158339,0.241463,0.133558,0.210779,0.233294,-0.074840,0.194401,-0.127467,0.154973,0.122278,-0.135635,-0.053425,0.105900,0.148307,0.198153,0.015851,0.139340,-0.103413,0.024278,-0.129101,0.202328,0.101089,-0.127344,-0.092313,0.016048
0.056721,0.039599,0.168032,0.243593,0.132827,0.226586,0.235447,-0.075613,0.210742,-0.122006,0.154811,0.125321,-0.130151,-0.053629,0.109477,0.148985,0.198165,0.015759,0.164329,-0.104592,0.028433,-0.120238,0.200097,0.128748,-0.126626,-0.092282,0.016060
0.060780,0.039036,0.177182,0.246383,0.132103,0.239879,0.238254,-0.076363,0.224373,-0.116695,0.154435,0.129990,-0.124824,-0.054031,0.114484,0.149733,0.198161,0.015635,0.192278,-0.105812,0.031202,-0.114929,0.199726,0.133359,-0.126084,-0.092269,0.016030
0.065151,0.038524,0.185164,0.249945,0.131542,0.250279,0.241846,-0.076945,0.235037,-0.111543,0.153992,0.135292,-0.119643,-0.054495,0.120050,0.150515,0.198154,0.015780,0.222370,-0.107145,0.034667,-0.109784,0.199287,0.138609,-0.125640,-0.092261,0.016008
0.069889,0.038095,0.191853,0.254463,0.131191,0.257478,0.246408,-0.077315,0.242477,-0.106630,0.153504,0.141228,-0.114684,-0.055002,0.126227,0.151264,0.198157,0.015937,0.252746,-0.108492,0.038601,-0.104882,0.198802,0.144499,-0.125332,-0.092261,0.015992
0.075138,0.037798,0.197180,0.260117,0.131126,0.261321,0.252137,-0.077402,0.246592,-0.101860,0.152999,0.147768,-0.109840,-0.055529,0.133040,0.151996,0.198186,0.016020,0.281972,-0.109691,0.042018,-0.100130,0.198302,0.150987,-0.125164,-0.092271,0.015980
0.081036,0.037690,0.200934,0.267021,0.131381,0.261536,0.259107,-0.077175,0.247169,-0.097036,0.152555,0.154698,-0.104950,-0.056001,0.140332,0.152604,0.198223,0.016068,0.307846,-0.110564,0.043214,-0.095324,0.197863,0.157847,-0.125091,-0.092259,0.015961
0.087650,0.037789,0.202830,0.275079,0.131993,0.257939,0.267274,-0.076594,0.243977,-0.091973,0.152172,0.161684,-0.099779,-0.056416,0.147722,0.153158,0.198328,0.016089,0.328089,-0.110786,0.039792,-0.090286,0.197487,0.164746,-0.125043,-0.092235,0.015967
0.094902,0.038064,0.202665,0.284032,0.132892,0.250400,0.276343,-0.075730,0.236890,-0.086539,0.151857,0.168440,-0.094228,-0.056765,0.154930,0.153490,0.198452,0.016097,0.341473,-0.110300,0.029866,-0.084878,0.197180,0.171404,-0.125025,-0.092207,0.015965
0.102692,0.038359,0.200491,0.293623,0.133713,0.239143,0.285844,-0.074940,0.226175,-0.080461,0.151657,0.174807,-0.088240,-0.056996,0.161840,0.153745,0.198359,0.016089,0.346140,-0.109696,0.016016,-0.078772,0.196988,0.177626,-0.125009,-0.092130,0.015997
0.110146,0.038875,0.198618,0.302289,0.134786,0.228999,0.294514,-0.073911,0.216756,-0.074222,0.151660,0.180480,-0.081998,-0.057036,0.168237,0.154179,0.198355,0.016077,0.345853,-0.109606,0.016003,-0.069733,0.197330,0.175743,-0.124993,-0.092064,0.016019
0.116867,0.039280,0.198126,0.309657,0.135579,0.222611,0.301890,-0.073155,0.211018,-0.068156,0.151714,0.185234,-0.075923,-0.057020,0.173640,0.154613,0.198377,0.015972,0.345848,-0.109513,0.016042,-0.058976,0.197783,0.169780,-0.124962,-0.091992,0.016022
0.123207,0.039543,0.198213,0.316400,0.136123,0.217958,0.308623,-0.072642,0.206955,-0.062209,0.151729,0.189471,-0.069986,-0.057037,0.178467,0.155150,0.198321,0.015970,0.345960,-0.109515,0.016031,-0.047265,0.198151,0.162248,-0.124946,-0.091971,0.016006
0.129318,0.039825,0.198374,0.322773,0.136645,0.213943,0.314997,-0.072149,0.203495,-0.056360,0.151800,0.193252,-0.064137,-0.056994,0.182804,0.155634,0.198317,0.015902,0.346135,-0.109467,0.016031,-0.034663,0.198524,0.153410,-0.124936,-0.091922,0.016005
0.135319,0.040089,0.198392,0.328945,0.137112,0.210079,0.321167,-0.071708,0.200166,-0.050529,0.151886,0.196618,-0.058307,-0.056935,0.186705,0.156123,0.198303,0.015842,0.346331,-0.109437,0.016034,-0.020737,0.198846,0.143174,-0.124920,-0.091882,0.015996
0.141220,0.040289,0.198210,0.334945,0.137492,0.206171,0.327166,-0.071349,0.196707,-0.044726,0.151927,0.199713,-0.052505,-0.056914,0.190249,0.156633,0.198290,0.015787,0.346545,-0.109411,0.016018,-0.005265,0.199065,0.131747,-0.124895,-0.091849,0.015991
0.147015,0.040417,0.197784,0.340772,0.137789,0.202000,0.332994,-0.071067,0.192878,-0.038965,0.151901,0.202690,-0.046743,-0.056955,0.193568,0.157096,0.198287,0.015786,0.346738,-0.109380,0.016021,0.011620,0.199174,0.119521,-0.124898,-0.091814,0.015990
0.152748,0.040446,0.197104,0.346468,0.137983,0.197432,0.338688,-0.070883,0.188544,-0.033192,0.151775,0.205664,-0.040972,-0.057092,0.196776,0.157540,0.198270,0.015865,0.346935,-0.109371,0.016009,0.029524,0.199168,0.106811,-0.124909,-0.091794,0.015989
0.158398,0.040395,0.196191,0.351986,0.138121,0.192382,0.344219,-0.070750,0.183608,-0.027423,0.151541,0.208774,-0.035190,-0.057331,0.200000,0.157980,0.198269,0.015928,0.347115,-0.109339,0.015998,0.047308,0.199109,0.093892,-0.124943,-0.091785,0.015990
0.164043,0.040287,0.195045,0.357392,0.138206,0.186716,0.349624,-0.070668,0.178010,-0.021537,0.151241,0.212080,-0.029305,-0.057633,0.203373,0.158446,0.198245,0.015930,0.347289,-0.109349,0.015986,0.063951,0.199065,0.080555,-0.125009,-0.091784,0.015989
0.169720,0.040167,0.193623,0.362686,0.138300,0.180393,0.354916,-0.070576,0.171729,-0.015477,0.150911,0.215517,-0.023247,-0.057965,0.206854,0.158878,0.198223,0.015942,0.347451,-0.109358,0.015964,0.078315,0.199114,0.066710,-0.125120,-0.091780,0.015992
0.175407,0.040080,0.191773,0.367847,0.138436,0.173489,0.360077,-0.070442,0.164878,-0.009262,0.150601,0.218668,-0.017032,-0.058277,0.210056,0.159328,0.198207,0.015952,0.347634,-0.109359,0.015940,0.089071,0.199282,0.053270,-0.125227,-0.091772,0.015999
0.181065,0.040044,0.189201,0.372866,0.138619,0.166045,0.365101,-0.070262,0.157507,-0.002971,0.150350,0.220895,-0.010737,-0.058532,0.212357,0.159796,0.198195,0.015954,0.347842,-0.109352,0.015914,0.096164,0.199533,0.041096,-0.125262,-0.091767,0.015991
0.186447,0.040105,0.185374,0.377588,0.138862,0.157921,0.369820,-0.070024,0.149497,0.003075,0.150235,0.221250,-0.004693,-0.058651,0.212827,0.160244,0.198188,0.015943,0.348061,-0.109346,0.015892,0.100493,0.199838,0.030117,-0.125170,-0.091752,0.015985
0.191193,0.040448,0.179586,0.381764,0.139302,0.148737,0.373989,-0.069597,0.140640,0.008396,0.150492,0.218532,0.000621,-0.058406,0.210435,0.160690,0.198193,0.015941,0.348284,-0.109320,0.015889,0.102213,0.200248,0.019066,-0.121752,-0.091829,0.015961
0.195156,0.041088,0.171528,0.385416,0.139867,0.138586,0.377566,-0.069051,0.131063,0.012746,0.151226,0.211992,0.004897,-0.057692,0.204469,0.162990,0.198150,0.015986,0.348493,-0.109321,0.015844,0.102703,0.200417,0.015937,-0.111158,-0.092192,0.019774
0.198769,0.041549,0.162363,0.389071,0.140255,0.129450,0.381210,-0.068674,0.122274,0.016327,0.151773,0.202452,0.008466,-0.057156,0.195276,0.177276,0.197624,0.016158,0.348819,-0.109308,0.015822,0.103262,0.200418,0.015885,-0.091122,-0.093300,0.031694
0.202847,0.041846,0.153061,0.393704,0.140403,0.123042,0.385842,-0.068532,0.116043,0.019851,0.152225,0.190079,0.011989,-0.056710,0.183080,0.195523,0.196746,0.022194,0.349380,-0.109317,0.016004,0.103852,0.200410,0.015792,-0.064682,-0.094541,0.040041
0.207417,0.041921,0.144101,0.399195,0.140262,0.119786,0.391333,-0.068670,0.112712,0.023500,0.152513,0.175490,0.015638,-0.056420,0.168416,0.216360,0.195603,0.032578,0.350106,-0.109352,0.015980,0.104429,0.200386,0.015697,-0.036878,-0.095736,0.043884
0.212521,0.041778,0.135798,0.405322,0.139856,0.120009,0.397499,-0.069067,0.112608,0.027543,0.152622,0.158989,0.019719,-0.056301,0.151587,0.241134,0.194274,0.042123,0.350926,-0.109410,0.015979,0.104968,0.200312,0.015603,-0.010832,-0.096940,0.046389
0.218243,0.041485,0.128397,0.411825,0.139183,0.123705,0.404024,-0.069720,0.115758,0.032461,0.152690,0.141036,0.024660,-0.056213,0.133089,0.268459,0.192923,0.048216,0.351720,-0.109482,0.015877,0.105477,0.200247,0.015678,0.011390,-0.098034,0.049007
0.224564,0.041184,0.122232,0.418276,0.138389,0.130470,0.410491,-0.070495,0.122010,0.038637,0.152864,0.122454,0.030851,-0.056020,0.113994,0.295801,0.191688,0.051074,0.352435,-0.109548,0.015801,0.105994,0.200193,0.015763,0.028663,-0.098909,0.051066
0.231205,0.041000,0.117885,0.424109,0.137666,0.139905,0.416331,-0.071210,0.131246,0.046079,0.153211,0.104524,0.038301,-0.055665,0.095865,0.322039,0.190616,0.052376,0.353002,-0.109586,0.015793,0.106462,0.200159,0.015845,0.041400,-0.099453,0.051289
0.237759,0.040936,0.116079,0.428868,0.137125,0.151662,0.421079,-0.071758,0.143187,0.054438,0.153630,0.088971,0.046650,-0.055253,0.080495,0.346854,0.189663,0.054037,0.353480,-0.109590,0.015862,0.107016,0.200153,0.015913,0.051191,-0.099684,0.049504
0.243782,0.040864,0.117178,0.432327,0.136702,0.165211,0.424521,-0.072194,0.157082,0.063043,0.153923,0.077274,0.055237,-0.054973,0.069145,0.369414,0.188791,0.056704,0.353868,-0.109576,0.015907,0.107701,0.200157,0.015967,0.059545,-0.099777,0.046702
0.249115,0.040729,0.120976,0.434696,0.136345,0.179783,0.426879,-0.072565,0.172022,0.071351,0.154023,0.069930,0.063534,-0.054887,0.062169,0.388687,0.188084,0.058562,0.354244,-0.109561,0.015956,0.108644,0.200141,0.016080,0.067505,-0.099855,0.043510
0.253708,0.040494,0.126795,0.436358,0.135976,0.194348,0.428541,-0.072944,0.186850,0.078875,0.153932,0.066741,0.071058,-0.054987,0.059243,0.403850,0.187662,0.056180,0.354647,-0.109557,0.015978,0.109851,0.200106,0.015983,0.075613,-0.099952,0.039296
0.257839,0.040119,0.133668,0.438048,0.135478,0.207645,0.430236,-0.073443,0.200185,0.085443,0.153680,0.067152,0.077630,-0.055241,0.059692,0.414534,0.187523,0.049276,0.355096,-0.109565,0.015957,0.111230,0.200057,0.015895,0.083960,-0.100036,0.033019
0.261902,0.039626,0.140560,0.440401,0.134847,0.218739,0.432591,-0.074068,0.211130,0.091213,0.153320,0.069991,0.083402,-0.055596,0.062381,0.419782,0.187689,0.038667,0.355596,-0.109595,0.015999,0.112555,0.200006,0.015845,0.093078,-0.099989,0.021722
0.265911,0.039416,0.146989,0.443973,0.134700,0.226084,0.436125,-0.074225,0.218781,0.095697,0.153058,0.075196,0.087849,-0.055867,0.067893,0.417221,0.188308,0.023173,0.356062,-0.109638,0.015977,0.113596,0.199970,0.015828,0.096434,-0.099888,0.016052
0.270180,0.039077,0.154102,0.448047,0.134280,0.233731,0.439989,-0.074647,0.226717,0.100371,0.152800,0.081487,0.092312,-0.056127,0.074473,0.418382,0.188251,0.015745,0.358186,-0.109938,0.016309,0.114583,0.199963,0.015924,0.097400,-0.099869,0.016004
0.274040,0.038718,0.161703,0.451485,0.133933,0.242255,0.443434,-0.074996,0.235298,0.104647,0.152432,0.088109,0.096595,-0.056497,0.081152,0.419084,0.188228,0.015884,0.371842,-0.110561,0.019507,0.110069,0.199380,0.038621,0.098117,-0.099894,0.015968
0.277668,0.038507,0.170032,0.454812,0.133825,0.251121,0.446781,-0.075113,0.244413,0.108555,0.152126,0.095650,0.100524,-0.056812,0.088942,0.419837,0.188226,0.015951,0.391612,-0.111442,0.024584,0.109431,0.198217,0.076427,0.098587,-0.099900,0.015902
0.281376,0.038311,0.179140,0.458369,0.133737,0.260432,0.450341,-0.075210,0.254004,0.112410,0.151833,0.104275,0.104383,-0.057114,0.097847,0.420630,0.188213,0.015987,0.416670,-0.112523,0.029783,0.114154,0.197228,0.105669,0.098829,-0.099885,0.015904
0.285389,0.038035,0.188476,0.462433,0.133541,0.269564,0.454414,-0.075412,0.263320,0.116364,0.151483,0.113633,0.108345,-0.057470,0.107389,0.421484,0.188195,0.015966,0.445433,-0.113740,0.034722,0.118107,0.196879,0.114989,0.098927,-0.099879,0.015904
0.289715,0.037800,0.197187,0.467064,0.133395,0.277499,0.459047,-0.075564,0.271459,0.120383,0.151164,0.122915,0.112366,-0.057795,0.116875,0.422319,0.188175,0.015893,0.475401,-0.114993,0.039631,0.122124,0.196562,0.124227,0.098919,-0.099863,0.015904
0.294395,0.037570,0.204884,0.472456,0.133253,0.283500,0.464439,-0.075711,0.277642,0.124352,0.150850,0.132126,0.116335,-0.058114,0.126269,0.423105,0.188151,0.015834,0.504911,-0.116225,0.044326,0.126093,0.196249,0.133400,0.098820,-0.099849,0.015895
0.299526,0.037343,0.211401,0.478737,0.133113,0.287249,0.470721,-0.075856,0.281541,0.128331,0.150541,0.141262,0.120316,-0.058428,0.135554,0.423815,0.188133,0.015851,0.533232,-0.117401,0.048962,0.130073,0.195941,0.142504,0.098659,-0.099829,0.015906
0.305214,0.037107,0.216685,0.485969,0.132968,0.288653,0.477956,-0.076004,0.283070,0.132471,0.150219,0.150300,0.124459,-0.058753,0.144716,0.424433,0.188116,0.015829,0.559087,-0.118468,0.053040,0.134212,0.195619,0.151516,0.098467,-0.099815,0.015921
0.311504,0.036919,0.220547,0.494152,0.132892,0.287405,0.486143,-0.076084,0.281970,0.136866,0.149921,0.159123,0.128856,-0.059054,0.153689,0.424916,0.188108,0.015793,0.581035,-0.119318,0.055032,0.138605,0.195323,0.160307,0.098249,-0.099798,0.015942
0.318398,0.036825,0.222679,0.503207,0.132944,0.283077,0.495199,-0.076038,0.277854,0.141596,0.149687,0.167503,0.133588,-0.059294,0.162281,0.425263,0.188108,0.015762,0.598040,-0.119868,0.053437,0.143335,0.195090,0.168640,0.098056,-0.099774,0.015949
0.325783,0.036834,0.222819,0.512874,0.133118,0.275424,0.504859,-0.075869,0.270472,0.146707,0.149538,0.175166,0.138691,-0.059450,0.170214,0.425459,0.188119,0.015799,0.609330,-0.120083,0.047225,0.148448,0.194942,0.176243,0.097874,-0.099726,0.015955
0.333591,0.036899,0.220800,0.522885,0.133373,0.264412,0.514873,-0.075622,0.259755,0.152310,0.149419,0.181846,0.144298,-0.059576,0.177189,0.425571,0.188137,0.015813,0.614471,-0.119936,0.035431,0.154051,0.194824,0.182857,0.097765,-0.099694,0.015957
0.341709,0.036812,0.216758,0.532894,0.133463,0.250643,0.524896,-0.075535,0.246113,0.158522,0.149159,0.187403,0.150524,-0.059838,0.182873,0.425667,0.188150,0.015835,0.612602,-0.119405,0.016343,0.160258,0.194566,0.188394,0.097747,-0.099695,0.015952
0.349461,0.036913,0.212205,0.541839,0.133724,0.237885,0.533835,-0.075280,0.233652,0.165086,0.149107,0.190759,0.157082,-0.059897,0.186526,0.425867,0.188155,0.015863,0.611870,-0.119351,0.015905,0.166838,0.194515,0.191623,0.097864,-0.099667,0.015962
0.356266,0.037199,0.209041,0.549206,0.134140,0.229483,0.541205,-0.074874,0.225730,0.171328,0.149273,0.192351,0.163326,-0.059741,0.188599,0.426192,0.188174,0.015890,0.611514,-0.119290,0.015934,0.174096,0.194708,0.189535,0.098059,-0.099633,0.015954
0.362663,0.037377,0.206860,0.555929,0.134402,0.223458,0.547929,-0.074618,0.220093,0.177398,0.149371,0.193627,0.169397,-0.059648,0.190262,0.426583,0.188184,0.015932,0.611364,-0.119248,0.015944,0.181816,0.194813,0.186081,0.098248,-0.099608,0.015941
0.368881,0.037475,0.205298,0.562354,0.134559,0.218866,0.554352,-0.074466,0.215823,0.183410,0.149416,0.194773,0.175408,-0.059609,0.191730,0.427037,0.188181,0.015926,0.611350,-0.119226,0.015945,0.190087,0.194845,0.181283,0.098430,-0.099591,0.015924
0.374989,0.037502,0.204171,0.568601,0.134630,0.215189,0.560600,-0.074399,0.212395,0.189377,0.149402,0.195946,0.181376,-0.059626,0.193152,0.427489,0.188181,0.015957,0.611412,-0.119205,0.015940,0.199041,0.194801,0.174930,0.098579,-0.099575,0.015913
0.381054,0.037479,0.203370,0.574769,0.134641,0.212038,0.566767,-0.074390,0.209455,0.195341,0.149349,0.197284,0.187339,-0.059682,0.194701,0.427959,0.188170,0.016005,0.611540,-0.119200,0.015937,0.208906,0.194691,0.166917,0.098701,-0.099566,0.015904
0.387108,0.037413,0.202801,0.580902,0.134600,0.209109,0.572894,-0.074433,0.206693,0.201321,0.149258,0.198910,0.193314,-0.059774,0.196493,0.428453,0.188158,0.016005,0.611707,-0.119201,0.015935,0.219975,0.194512,0.157244,0.098777,-0.099552,0.015891
0.393127,0.037315,0.202365,0.586973,0.134531,0.206154,0.578965,-0.074503,0.203870,0.207290,0.149134,0.200859,0.199282,-0.059900,0.198576,0.428937,0.188148,0.015990,0.611891,-0.119198,0.015935,0.232520,0.194252,0.146079,0.098809,-0.099542,0.015884
0.399124,0.037193,0.201958,0.592989,0.134437,0.202964,0.584981,-0.074598,0.200793,0.213268,0.148984,0.203124,0.205259,-0.060052,0.200953,0.429422,0.188132,0.015947,0.612085,-0.119202,0.015943,0.246886,0.193903,0.133715,0.098798,-0.099536,0.015882
0.405106,0.037051,0.201494,0.598946,0.134326,0.199385,0.590936,-0.074710,0.197304,0.219275,0.148812,0.205684,0.211265,-0.060225,0.203603,0.429885,0.188116,0.015906,0.612262,-0.119208,0.015949,0.263314,0.193457,0.120532,0.098722,-0.099529,0.015884
0.411034,0.036903,0.200912,0.604787,0.134214,0.195298,0.596777,-0.074823,0.193293,0.225291,0.148629,0.208531,0.217281,-0.060408,0.206525,0.430356,0.188106,0.015852,0.612434,-0.119206,0.015935,0.281716,0.192928,0.106895,0.098603,-0.099516,0.015900
0.416946,0.036757,0.200183,0.610524,0.134110,0.190630,0.602515,-0.074928,0.188703,0.231378,0.148443,0.211663,0.223368,-0.060595,0.209736,0.430827,0.188092,0.015784,0.612594,-0.119207,0.015935,0.301530,0.192334,0.093059,0.098432,-0.099506,0.015911
0.422863,0.036606,0.199282,0.616151,0.134005,0.185341,0.608142,-0.075033,0.183484,0.237584,0.148246,0.215080,0.229575,-0.060792,0.213223,0.431297,0.188080,0.015739,0.612743,-0.119206,0.015922,0.321349,0.191729,0.079220,0.098194,-0.099491,0.015918
0.428791,0.036477,0.198143,0.621650,0.133925,0.179418,0.613639,-0.075114,0.177654,0.243943,0.148069,0.218633,0.235932,-0.060971,0.216869,0.431762,0.188067,0.015783,0.612888,-0.119206,0.015920,0.339352,0.191188,0.065643,0.097918,-0.099471,0.015924
0.434715,0.036388,0.196588,0.626998,0.133884,0.172864,0.618987,-0.075156,0.171233,0.250443,0.147933,0.221944,0.242432,-0.061108,0.220313,0.432242,0.188058,0.015827,0.613064,-0.119202,0.015904,0.353822,0.190775,0.052703,0.097654,-0.099450,0.015937
0.440491,0.036361,0.194285,0.632088,0.133894,0.165671,0.624077,-0.075147,0.164230,0.256905,0.147869,0.224340,0.248893,-0.061173,0.222900,0.432708,0.188052,0.015875,0.613221,-0.119194,0.015888,0.363551,0.190528,0.041189,0.097417,-0.099426,0.015930
0.445942,0.036391,0.190774,0.636830,0.133945,0.157816,0.628819,-0.075098,0.156609,0.263065,0.147880,0.224938,0.255054,-0.061163,0.223731,0.433184,0.188052,0.015904,0.613388,-0.119179,0.015871,0.369104,0.190421,0.030915,0.097326,-0.099403,0.015940
0.450836,0.036501,0.185502,0.641117,0.134047,0.149181,0.633109,-0.074998,0.148277,0.268563,0.148000,0.222726,0.260555,-0.061045,0.221823,0.433655,0.188053,0.015914,0.613534,-0.119160,0.015867,0.370669,0.190444,0.020950,0.100506,-0.099508,0.015856
0.455055,0.036740,0.178016,0.644983,0.134191,0.139649,0.636932,-0.074853,0.139172,0.273178,0.148333,0.216860,0.265128,-0.060711,0.216383,0.434114,0.188078,0.015915,0.613694,-0.119161,0.015841,0.370738,0.190518,0.015914,0.111451,-0.099820,0.015830
0.458817,0.036797,0.168891,0.648725,0.134248,0.130431,0.640724,-0.074799,0.130199,0.276909,0.148393,0.207583,0.268908,-0.060654,0.207352,0.438441,0.187906,0.015921,0.613923,-0.119130,0.015843,0.371297,0.190476,0.015923,0.132591,-0.100714,0.022285
0.462578,0.036707,0.158893,0.653011,0.134111,0.122996,0.644994,-0.074935,0.122818,0.280161,0.148349,0.194969,0.272144,-0.060697,0.194790,0.450330,0.187457,0.018185,0.614320,-0.119151,0.015836,0.371867,0.190468,0.015912,0.163832,-0.101887,0.031025
0.466671,0.036455,0.148566,0.658077,0.133839,0.118217,0.650061,-0.075207,0.117892,0.283281,0.148117,0.179240,0.275265,-0.060929,0.178916,0.466922,0.186796,0.025710,0.614889,-0.119184,0.015907,0.372384,0.190437,0.015883,0.199579,-0.103289,0.036440
0.471310,0.035981,0.138429,0.663898,0.133350,0.116745,0.655873,-0.075694,0.115934,0.286746,0.147657,0.160925,0.278721,-0.061388,0.160114,0.487105,0.185936,0.035355,0.615610,-0.119245,0.016001,0.372863,0.190397,0.015817,0.233374,-0.104663,0.039401
0.476582,0.035334,0.129049,0.670143,0.132668,0.118999,0.662128,-0.076372,0.117411,0.291035,0.147039,0.140687,0.283020,-0.062001,0.139100,0.511305,0.184819,0.043141,0.616378,-0.119332,0.015985,0.373221,0.190322,0.015753,0.261743,-0.105938,0.042702
0.482605,0.034661,0.121110,0.676455,0.131860,0.125071,0.668434,-0.077172,0.122608,0.296776,0.146494,0.119613,0.288755,-0.062537,0.117149,0.536929,0.183611,0.047837,0.617108,-0.119431,0.015917,0.373496,0.190262,0.015703,0.283182,-0.106969,0.045756
0.489250,0.034111,0.115488,0.682274,0.131117,0.134794,0.674267,-0.077906,0.131676,0.304233,0.146128,0.099299,0.296226,-0.062895,0.096181,0.561971,0.182477,0.050152,0.617770,-0.119503,0.015860,0.373740,0.190202,0.015658,0.298284,-0.107729,0.047015
0.496075,0.033685,0.113108,0.687010,0.130486,0.147955,0.679010,-0.078532,0.144465,0.313139,0.145902,0.081752,0.305139,-0.063116,0.078262,0.586102,0.181446,0.051649,0.618302,-0.119549,0.015789,0.373986,0.190167,0.015614,0.309358,-0.108225,0.045749
0.502472,0.033340,0.114441,0.690206,0.129974,0.164029,0.682195,-0.079041,0.160387,0.322748,0.145722,0.068495,0.314738,-0.063293,0.064853,0.608856,0.180505,0.053645,0.618752,-0.119580,0.015763,0.374394,0.190153,0.015679,0.318741,-0.108550,0.042644
0.507885,0.033031,0.119177,0.691687,0.129600,0.181888,0.683697,-0.079415,0.178228,0.332073,0.145478,0.060127,0.324083,-0.063537,0.056467,0.628781,0.179709,0.055428,0.619179,-0.119595,0.015833,0.375154,0.190097,0.015828,0.327870,-0.108851,0.038145
0.512016,0.032743,0.126466,0.691723,0.129284,0.200132,0.683741,-0.079732,0.196474,0.340292,0.145218,0.056457,0.332310,-0.063798,0.052799,0.644589,0.179132,0.053937,0.619608,-0.119613,0.015896,0.376278,0.190041,0.016060,0.337141,-0.109106,0.031868
0.515064,0.032343,0.135137,0.691151,0.128814,0.217161,0.683188,-0.080199,0.213303,0.346941,0.144885,0.056971,0.338977,-0.064128,0.053114,0.655622,0.178784,0.047792,0.620089,-0.119643,0.015937,0.377711,0.189956,0.016174,0.346385,-0.109336,0.022519
0.517475,0.031789,0.143899,0.691069,0.128021,0.231338,0.683058,-0.080980,0.227005,0.351892,0.144558,0.060793,0.343881,-0.064444,0.056459,0.661169,0.178663,0.038291,0.620588,-0.119703,0.015937,0.379136,0.189935,0.016021,0.351343,-0.109387,0.016148
0.520374,0.031624,0.152392,0.693473,0.127884,0.240779,0.685381,-0.081119,0.236669,0.355367,0.144368,0.068115,0.347276,-0.064635,0.064005,0.658267,0.179025,0.022798,0.621081,-0.119784,0.015993,0.380378,0.189920,0.015847,0.352253,-0.109377,0.016004
0.523724,0.031566,0.160754,0.696976,0.127976,0.248673,0.688835,-0.081034,0.245020,0.358612,0.144165,0.076488,0.350471,-0.064845,0.072835,0.659341,0.179001,0.015907,0.631487,-0.120340,0.018953,0.377481,0.189878,0.021783,0.352840,-0.109434,0.015961
0.527073,0.031484,0.169102,0.700347,0.128009,0.256852,0.692219,-0.081005,0.253446,0.361926,0.143974,0.084757,0.353799,-0.065041,0.081351,0.660041,0.178994,0.015897,0.648066,-0.121059,0.025200,0.369677,0.189747,0.048891,0.353250,-0.109443,0.015911
0.530437,0.031474,0.177808,0.703736,0.128138,0.265358,0.695621,-0.080882,0.262259,0.365254,0.143829,0.093358,0.357139,-0.065191,0.090259,0.660800,0.178992,0.015945,0.667311,-0.121849,0.031416,0.367267,0.189331,0.087200,0.353499,-0.109436,0.015869
0.533997,0.031394,0.186998,0.707554,0.128146,0.273935,0.699439,-0.080876,0.271054,0.368554,0.143665,0.102943,0.360439,-0.065357,0.100062,0.661601,0.178976,0.015898,0.691478,-0.122827,0.036777,0.370318,0.189077,0.103571,0.353565,-0.109419,0.015889
0.537899,0.031343,0.195866,0.711921,0.128187,0.281764,0.703805,-0.080838,0.279122,0.371993,0.143524,0.112609,0.363877,-0.065501,0.109967,0.662407,0.178959,0.015829,0.718205,-0.123886,0.041784,0.373756,0.188937,0.113184,0.353512,-0.109398,0.015891
0.542187,0.031321,0.203867,0.717016,0.128259,0.288004,0.708900,-0.080770,0.285620,0.375473,0.143411,0.122115,0.367358,-0.065618,0.119731,0.663212,0.178939,0.015893,0.745156,-0.124938,0.046546,0.377236,0.188824,0.122635,0.353388,-0.109378,0.015869
0.546906,0.031301,0.210788,0.722948,0.128315,0.292266,0.714831,-0.080716,0.290123,0.378980,0.143319,0.131452,0.370863,-0.065712,0.129310,0.663976,0.178925,0.015873,0.771664,-0.125960,0.051146,0.380743,0.188733,0.131920,0.353221,-0.109351,0.015876
0.552128,0.031305,0.216485,0.729790,0.128391,0.294277,0.721678,-0.080643,0.292390,0.382577,0.143252,0.140580,0.374466,-0.065782,0.138694,0.664646,0.178918,0.015818,0.796869,-0.126907,0.055318,0.384339,0.188666,0.140994,0.353010,-0.109327,0.015893
0.557949,0.031355,0.220844,0.737600,0.128513,0.293830,0.729491,-0.080523,0.292242,0.386407,0.143233,0.149446,0.378299,-0.065804,0.147857,0.665176,0.178921,0.015805,0.819491,-0.127722,0.058252,0.388168,0.188648,0.149795,0.352775,-0.109296,0.015906
0.564407,0.031461,0.223727,0.746316,0.128695,0.290779,0.738216,-0.080345,0.289540,0.390599,0.143266,0.157914,0.382499,-0.065773,0.156674,0.665587,0.178938,0.015866,0.838216,-0.128336,0.058825,0.392358,0.188681,0.158188,0.352568,-0.109263,0.015913
0.571415,0.031616,0.224928,0.755737,0.128923,0.284911,0.747646,-0.080119,0.284080,0.395184,0.143351,0.165776,0.387093,-0.065691,0.164945,0.665849,0.178955,0.015894,0.852077,-0.128738,0.055745,0.396941,0.188766,0.165957,0.352388,-0.109240,0.015930
0.578880,0.031809,0.224208,0.765653,0.129163,0.275969,0.757562,-0.079880,0.275585,0.400199,0.143498,0.172831,0.392107,-0.065545,0.172447,0.665990,0.178983,0.015859,0.860712,-0.128939,0.048336,0.401957,0.188914,0.172916,0.352228,-0.109198,0.015931
0.586689,0.031940,0.221462,0.775768,0.129308,0.264006,0.767681,-0.079736,0.264024,0.405697,0.143616,0.178901,0.397610,-0.065428,0.178919,0.666086,0.179013,0.015863,0.863951,-0.128964,0.035963,0.407453,0.189032,0.178901,0.352147,-0.109167,0.015930
