-0.018253,-0.014374,0.355268,0.173479,0.086976,0.358097,0.169953,-0.122033,0.349891,-0.206460,0.093286,0.360644,-0.209986,-0.115724,0.352439,0.164958,0.138980,0.195880,0.181785,-0.160905,0.176178,-0.216044,0.145674,0.189085,-0.197516,-0.154479,0.175494
-0.027004,-0.021286,0.349602,0.165322,0.078895,0.353549,0.160559,-0.129943,0.342202,-0.214568,0.087371,0.357002,-0.219331,-0.121467,0.345655,0.160093,0.132430,0.208397,0.182959,-0.168116,0.197421,-0.215291,0.141949,0.190759,-0.194116,-0.159907,0.204617
-0.034120,-0.028076,0.342525,0.158199,0.072141,0.345913,0.153438,-0.136677,0.334198,-0.221677,0.080524,0.350852,-0.226438,-0.128293,0.339137,0.154918,0.125656,0.204962,0.159563,-0.173856,0.182803,-0.225354,0.135279,0.187979,-0.203436,-0.166561,0.200287
-0.039803,-0.034904,0.332708,0.152404,0.065572,0.334196,0.147816,-0.143266,0.322783,-0.227421,0.073457,0.342633,-0.232009,-0.135381,0.331219,0.137834,0.119589,0.184741,0.122272,-0.179496,0.162907,-0.242046,0.128587,0.172835,-0.225573,-0.172755,0.179403
-0.045913,-0.041580,0.319033,0.146176,0.059124,0.317676,0.141721,-0.149802,0.307946,-0.233546,0.066641,0.330119,-0.238001,-0.142285,0.320389,0.115603,0.112700,0.158469,0.093069,-0.186700,0.145310,-0.249128,0.120975,0.147782,-0.244422,-0.179538,0.146057
-0.053661,-0.048241,0.301161,0.138532,0.052208,0.297576,0.133759,-0.156787,0.289645,-0.241081,0.060306,0.312678,-0.245855,-0.148690,0.304746,0.109053,0.104370,0.139644,0.082523,-0.194733,0.121572,-0.248624,0.113259,0.120679,-0.251914,-0.187089,0.121431
-0.062408,-0.054970,0.279298,0.130301,0.044446,0.274746,0.124380,-0.164533,0.267173,-0.249197,0.054593,0.291422,-0.255118,-0.154386,0.283849,0.112865,0.095967,0.122182,0.084295,-0.202558,0.092302,-0.251609,0.107342,0.093237,-0.247934,-0.193517,0.102541
-0.071004,-0.061806,0.253726,0.122272,0.036478,0.248639,0.115085,-0.172446,0.240654,-0.257093,0.048834,0.266798,-0.264280,-0.160090,0.258814,0.110940,0.088406,0.090904,0.086461,-0.210175,0.062817,-0.258256,0.102107,0.064713,-0.240331,-0.199313,0.072759
-0.079293,-0.068527,0.224525,0.114235,0.029193,0.218288,0.106423,-0.179733,0.210960,-0.265009,0.042678,0.238091,-0.272821,-0.166247,0.230762,0.106732,0.080805,0.052300,0.081769,-0.217839,0.026160,-0.260450,0.095302,0.030435,-0.239843,-0.206161,0.036070
-0.087460,-0.073647,0.193983,0.105984,0.024392,0.190941,0.098451,-0.184321,0.178824,-0.273370,0.037028,0.209142,-0.280903,-0.171685,0.197024,0.105908,0.079865,0.020185,0.078831,-0.219699,0.015715,-0.258551,0.093266,0.015941,-0.241409,-0.208151,0.015912
-0.091470,-0.075569,0.173277,0.101816,0.022772,0.169999,0.094389,-0.185680,0.153963,-0.277329,0.034542,0.192590,-0.284756,-0.173910,0.176555,0.103556,0.080158,0.016146,0.077457,-0.220078,0.016009,-0.258249,0.093066,0.015919,-0.241074,-0.208717,0.015847
-0.088401,-0.076538,0.164555,0.104925,0.021753,0.162331,0.097424,-0.186529,0.144249,-0.274226,0.033453,0.184862,-0.281727,-0.174829,0.166780,0.102072,0.080170,0.016465,0.077050,-0.220320,0.016105,-0.258012,0.093187,0.015902,-0.240587,-0.208850,0.015751
-0.077928,-0.077477,0.165327,0.115505,0.020631,0.164978,0.107959,-0.187603,0.146367,-0.263814,0.032650,0.184286,-0.271360,-0.175584,0.165675,0.100367,0.080163,0.015914,0.078156,-0.220523,0.015898,-0.257229,0.093140,0.015697,-0.239548,-0.208996,0.015729
-0.062415,-0.077042,0.171392,0.130978,0.021142,0.170940,0.123602,-0.187277,0.154459,-0.248432,0.033194,0.188326,-0.255808,-0.175225,0.171844,0.101284,0.080080,0.015817,0.080421,-0.220398,0.015724,-0.266993,0.092987,0.017422,-0.238156,-0.209125,0.015733
-0.045219,-0.074753,0.178056,0.148105,0.023561,0.176990,0.140981,-0.185142,0.164457,-0.231420,0.035636,0.191654,-0.238544,-0.173066,0.179121,0.103026,0.080337,0.015816,0.101855,-0.221006,0.025264,-0.279568,0.092061,0.038080,-0.236885,-0.208870,0.015743
-0.028047,-0.071632,0.184228,0.165208,0.026795,0.181805,0.158292,-0.182140,0.173888,-0.214386,0.038876,0.194568,-0.221301,-0.170060,0.186651,0.104706,0.080591,0.015899,0.131280,-0.221648,0.039128,-0.272664,0.091113,0.067854,-0.235867,-0.208609,0.015713
-0.010762,-0.068558,0.190732,0.182441,0.029899,0.186276,0.175631,-0.179157,0.182580,-0.197155,0.042042,0.198883,-0.203966,-0.167015,0.195188,0.106348,0.080870,0.015911,0.155881,-0.221713,0.053482,-0.250806,0.091131,0.093667,-0.235162,-0.208309,0.015800
0.007076,-0.066383,0.197926,0.200257,0.032038,0.191944,0.193489,-0.177052,0.191295,-0.179336,0.044285,0.204557,-0.186104,-0.164805,0.203908,0.108008,0.081044,0.015858,0.174471,-0.221526,0.067671,-0.224444,0.091524,0.106162,-0.234679,-0.208123,0.015833
0.025265,-0.065453,0.204996,0.218453,0.032920,0.198498,0.211684,-0.176168,0.199434,-0.161155,0.045263,0.210558,-0.167924,-0.163825,0.211494,0.109675,0.081098,0.015938,0.189769,-0.221462,0.081412,-0.196700,0.091412,0.104187,-0.234302,-0.208026,0.015843
0.042854,-0.065025,0.209876,0.236013,0.033330,0.202320,0.229253,-0.175755,0.203897,-0.143544,0.045705,0.215855,-0.150305,-0.163380,0.217432,0.117928,0.081220,0.016317,0.202469,-0.221257,0.085523,-0.165310,0.090904,0.086069,-0.230725,-0.207776,0.015801
0.059216,-0.064560,0.211051,0.252189,0.034074,0.202456,0.245746,-0.175019,0.204243,-0.127315,0.045899,0.217860,-0.133757,-0.163194,0.219647,0.161946,0.080794,0.023011,0.210827,-0.220556,0.070924,-0.124041,0.089929,0.060834,-0.221630,-0.207583,0.029692
0.075165,-0.064110,0.208509,0.267761,0.035276,0.200133,0.262125,-0.173842,0.201742,-0.111796,0.045622,0.215276,-0.117432,-0.163496,0.216884,0.220554,0.080710,0.030365,0.215884,-0.219251,0.047360,-0.074770,0.088767,0.042955,-0.213079,-0.207643,0.053431
0.091160,-0.063751,0.202056,0.283445,0.036321,0.194758,0.278495,-0.172820,0.194936,-0.096175,0.045318,0.209177,-0.101125,-0.163823,0.209355,0.275765,0.081834,0.040276,0.217197,-0.216978,0.022747,-0.030140,0.089067,0.030976,-0.198888,-0.207084,0.077915
0.107266,-0.063316,0.192960,0.299743,0.036461,0.186763,0.294473,-0.172673,0.186967,-0.079940,0.046040,0.198954,-0.085210,-0.163093,0.199158,0.319023,0.081303,0.046779,0.217602,-0.216367,0.015886,-0.005376,0.089447,0.015203,-0.176185,-0.206372,0.089756
0.123481,-0.062775,0.184802,0.315998,0.036949,0.179009,0.310702,-0.172179,0.180323,-0.063740,0.046630,0.189280,-0.069036,-0.162499,0.190594,0.348809,0.080766,0.048856,0.218977,-0.216355,0.015882,-0.003657,0.089484,0.015703,-0.148987,-0.206575,0.089383
0.140052,-0.062553,0.180963,0.332568,0.037129,0.174470,0.327254,-0.171993,0.176558,-0.047151,0.046886,0.185368,-0.052464,-0.162236,0.187456,0.372561,0.080316,0.047832,0.220413,-0.216349,0.015945,-0.002047,0.089515,0.015940,-0.121061,-0.206929,0.090380
0.157270,-0.061562,0.181054,0.349790,0.038025,0.173321,0.344440,-0.171073,0.177056,-0.029899,0.047950,0.185052,-0.035249,-0.161148,0.188787,0.394204,0.080090,0.046211,0.221948,-0.216289,0.015918,-0.000557,0.089650,0.015924,-0.093627,-0.206893,0.089939
0.175056,-0.059273,0.183345,0.367637,0.040062,0.174057,0.362151,-0.168956,0.180837,-0.012038,0.050410,0.185852,-0.017525,-0.158608,0.192632,0.411968,0.079959,0.037511,0.223507,-0.216159,0.015826,0.000862,0.090050,0.015944,-0.062592,-0.206420,0.084577
0.193144,-0.056351,0.185521,0.386052,0.041948,0.172685,0.379742,-0.166884,0.183367,0.006545,0.054182,0.187676,0.000235,-0.154650,0.198358,0.416193,0.078544,0.015815,0.226605,-0.216346,0.016022,0.002179,0.091059,0.015918,-0.023178,-0.206335,0.064188
0.210828,-0.054131,0.187420,0.404045,0.043159,0.171832,0.396909,-0.165521,0.184733,0.024747,0.057260,0.190106,0.017611,-0.151420,0.203008,0.417607,0.078611,0.015786,0.301319,-0.218243,0.016059,0.002211,0.092822,0.015874,0.030543,-0.207664,0.037408
0.228490,-0.053467,0.188149,0.421756,0.043631,0.171981,0.414512,-0.164969,0.186071,0.042468,0.058035,0.190228,0.035224,-0.150564,0.204318,0.419182,0.078747,0.015730,0.383652,-0.220406,0.024273,0.003312,0.093189,0.015723,0.088014,-0.209813,0.029109
0.246131,-0.054443,0.186369,0.439389,0.042677,0.170236,0.432152,-0.165942,0.184039,0.060110,0.057055,0.188699,0.052873,-0.151563,0.202502,0.420729,0.078687,0.015867,0.443043,-0.221431,0.039940,0.004620,0.093114,0.015758,0.140968,-0.211712,0.028444
0.263477,-0.056541,0.182766,0.456543,0.041174,0.167982,0.449810,-0.167525,0.180785,0.077145,0.054442,0.184746,0.070412,-0.154257,0.197550,0.422233,0.078520,0.016057,0.480955,-0.221799,0.055101,0.013053,0.091696,0.015662,0.175953,-0.214286,0.017189
0.280273,-0.058319,0.179309,0.473351,0.039669,0.166629,0.466729,-0.169108,0.178167,0.093818,0.052470,0.180451,0.087196,-0.156307,0.191988,0.423868,0.078453,0.015951,0.504299,-0.222001,0.066703,0.030708,0.091286,0.022532,0.177527,-0.214443,0.015943
0.296759,-0.058617,0.178565,0.489870,0.039391,0.166584,0.483239,-0.169369,0.178410,0.110278,0.052136,0.178721,0.103647,-0.156624,0.190547,0.425515,0.078439,0.015809,0.522662,-0.222140,0.072977,0.050793,0.091636,0.038648,0.179033,-0.214462,0.015838
0.313444,-0.058350,0.180306,0.506597,0.039642,0.168868,0.499940,-0.169071,0.181485,0.126949,0.052372,0.179127,0.120291,-0.156341,0.191744,0.427171,0.078475,0.015748,0.539567,-0.222369,0.074328,0.071164,0.092102,0.053322,0.180480,-0.214463,0.015654
0.330395,-0.058144,0.183835,0.523584,0.039851,0.173053,0.516903,-0.168821,0.186319,0.143886,0.052534,0.181350,0.137206,-0.156138,0.194617,0.428783,0.078465,0.015988,0.553718,-0.222636,0.075099,0.092259,0.092440,0.066333,0.181852,-0.214504,0.015742
0.347756,-0.058243,0.188861,0.540954,0.039812,0.178806,0.534292,-0.168852,0.192219,0.161221,0.052366,0.185504,0.154559,-0.156297,0.198916,0.430353,0.078448,0.016041,0.564136,-0.222803,0.076609,0.114327,0.092529,0.078142,0.183129,-0.214545,0.015827
0.365827,-0.058853,0.195225,0.558992,0.039335,0.185881,0.552417,-0.169362,0.198810,0.179236,0.051656,0.191641,0.172661,-0.157041,0.204570,0.432005,0.078361,0.015843,0.570456,-0.222923,0.078825,0.137808,0.092043,0.087088,0.184276,-0.214655,0.015905
0.384646,-0.059975,0.202253,0.577728,0.038408,0.193215,0.571325,-0.170357,0.205094,0.197968,0.050407,0.199412,0.191565,-0.158357,0.211290,0.433720,0.078278,0.015858,0.573332,-0.222974,0.081872,0.163510,0.090760,0.089595,0.185229,-0.214821,0.015968
0.403401,-0.061058,0.207865,0.595910,0.038328,0.197669,0.590618,-0.170561,0.207752,0.216184,0.048445,0.207977,0.210893,-0.160445,0.218061,0.444490,0.078912,0.016008,0.575444,-0.221907,0.079066,0.191789,0.088354,0.078981,0.185989,-0.215083,0.016048
0.421248,-0.062073,0.210351,0.612708,0.039100,0.198171,0.609394,-0.169906,0.206551,0.233103,0.045760,0.214151,0.229789,-0.163245,0.222531,0.500608,0.079171,0.018629,0.580695,-0.220573,0.066122,0.227788,0.085033,0.056935,0.180327,-0.215732,0.028530
0.438519,-0.063080,0.209089,0.628687,0.040409,0.196164,0.627859,-0.168683,0.202822,0.249178,0.042523,0.215356,0.248350,-0.166569,0.222014,0.569724,0.080629,0.023837,0.586634,-0.218985,0.046064,0.274106,0.082346,0.040993,0.174008,-0.217185,0.051271
0.455608,-0.064148,0.203619,0.644609,0.041480,0.190863,0.646026,-0.167664,0.195461,0.265191,0.039368,0.211777,0.266608,-0.169776,0.216375,0.629857,0.083382,0.033430,0.588614,-0.217324,0.022189,0.321459,0.081257,0.031882,0.177032,-0.218858,0.079309
0.472632,-0.065041,0.195258,0.661123,0.041544,0.182920,0.663544,-0.167608,0.186671,0.281721,0.037527,0.203844,0.284142,-0.171625,0.207595,0.675047,0.084584,0.038964,0.589676,-0.216987,0.015842,0.353195,0.080521,0.020133,0.193988,-0.220129,0.096088
0.489565,-0.064934,0.186646,0.678061,0.041746,0.175257,0.680576,-0.167402,0.179162,0.298553,0.037535,0.194129,0.301069,-0.171614,0.198034,0.707019,0.085054,0.041257,0.591110,-0.216988,0.015858,0.358174,0.080382,0.015680,0.218643,-0.219975,0.095779
0.506569,-0.064629,0.181348,0.695111,0.042005,0.170287,0.697579,-0.167140,0.174435,0.315559,0.037882,0.188261,0.318027,-0.171262,0.192410,0.732327,0.085359,0.041901,0.592586,-0.216984,0.015966,0.359863,0.080448,0.015890,0.247189,-0.219466,0.096295
0.524044,-0.063545,0.180064,0.712607,0.042999,0.168512,0.715038,-0.166123,0.173702,0.333051,0.039032,0.186427,0.335481,-0.170089,0.191617,0.755027,0.085811,0.041672,0.594157,-0.216910,0.015930,0.361438,0.080598,0.015934,0.275371,-0.218652,0.095025
0.542006,-0.061035,0.181380,0.730634,0.045277,0.168788,0.732962,-0.163766,0.176549,0.351051,0.041696,0.186212,0.353379,-0.167347,0.193973,0.774479,0.086304,0.035569,0.595728,-0.216746,0.015813,0.362939,0.080992,0.015970,0.305915,-0.217212,0.090209
0.560314,-0.057533,0.183197,0.749121,0.048079,0.167734,0.751018,-0.160779,0.179538,0.369610,0.045713,0.186856,0.371507,-0.163145,0.198660,0.782044,0.085319,0.015860,0.597619,-0.216939,0.016013,0.364645,0.081531,0.015913,0.343666,-0.216063,0.072316
0.578123,-0.054688,0.185041,0.767197,0.050046,0.167061,0.768419,-0.158676,0.181147,0.387827,0.049301,0.188934,0.389049,-0.159421,0.203020,0.783477,0.085488,0.015812,0.662008,-0.215930,0.017007,0.364925,0.083042,0.015877,0.396409,-0.215833,0.041483
0.595825,-0.053474,0.186536,0.784997,0.050996,0.168066,0.786024,-0.157657,0.183153,0.405626,0.050708,0.189920,0.406653,-0.157945,0.205007,0.785150,0.085551,0.015731,0.735279,-0.215088,0.022554,0.365928,0.083480,0.015638,0.452260,-0.215738,0.032849
0.613506,-0.053703,0.186180,0.802679,0.050799,0.167897,0.803706,-0.157879,0.182628,0.423306,0.050472,0.189731,0.424334,-0.158206,0.204462,0.786790,0.085550,0.015832,0.800525,-0.213906,0.034630,0.367051,0.083478,0.015753,0.507136,-0.215560,0.031661
0.630908,-0.055061,0.183731,0.819953,0.049892,0.166757,0.821314,-0.158864,0.180317,0.440502,0.048741,0.187145,0.441863,-0.160014,0.200706,0.788370,0.085436,0.015950,0.846267,-0.212671,0.050648,0.373884,0.082714,0.015663,0.547234,-0.216373,0.023685
0.647924,-0.056816,0.180279,0.836758,0.048975,0.166443,0.838754,-0.159876,0.178357,0.457094,0.046244,0.182202,0.459091,-0.162607,0.194116,0.790060,0.085473,0.016007,0.875077,-0.211601,0.063599,0.391031,0.081867,0.019684,0.558415,-0.217346,0.015959
0.664468,-0.057076,0.178825,0.853308,0.048922,0.166787,0.855408,-0.159949,0.178328,0.473528,0.045798,0.179321,0.475627,-0.163073,0.190862,0.791724,0.085486,0.015869,0.895856,-0.210904,0.072625,0.411579,0.082648,0.033656,0.559936,-0.217411,0.015958
0.681069,-0.056305,0.179929,0.869962,0.049690,0.168718,0.872024,-0.159147,0.180856,0.490114,0.046537,0.179002,0.492177,-0.162300,0.191140,0.793388,0.085571,0.015725,0.914049,-0.210387,0.075462,0.432013,0.083910,0.048536,0.561410,-0.217338,0.015781
0.697894,-0.055428,0.182917,0.886841,0.050547,0.172443,0.888847,-0.158252,0.185228,0.506941,0.047397,0.180606,0.508948,-0.161402,0.193391,0.795006,0.085619,0.015941,0.929749,-0.210086,0.075975,0.452672,0.085148,0.061958,0.562817,-0.217304,0.015669
0.715059,-0.054741,0.187394,0.904018,0.051281,0.177644,0.906032,-0.157499,0.190742,0.524086,0.048017,0.184046,0.526100,-0.160763,0.197144,0.796576,0.085647,0.016040,0.941645,-0.209841,0.076871,0.474239,0.086194,0.074322,0.564138,-0.217315,0.015778
0.732846,-0.054497,0.193243,0.921782,0.051631,0.184217,0.923859,-0.157166,0.197022,0.541833,0.048173,0.189464,0.543911,-0.160625,0.202269,0.798214,0.085619,0.015921,0.949277,-0.209735,0.078238,0.497106,0.086830,0.084529,0.565351,-0.217382,0.015846
0.751473,-0.054733,0.200100,0.940312,0.051605,0.191539,0.942579,-0.157246,0.203399,0.560368,0.047780,0.196801,0.562635,-0.161071,0.208662,0.799908,0.085627,0.015810,0.952990,-0.209598,0.081223,0.521944,0.086796,0.089519,0.566405,-0.217499,0.015974
0.770404,-0.055115,0.206324,0.958962,0.051630,0.196707,0.961724,-0.157273,0.207506,0.579084,0.047044,0.205141,0.581845,-0.161859,0.215941,0.801748,0.085725,0.016020,0.954694,-0.209420,0.081007,0.549370,0.085893,0.083807,0.567241,-0.217906,0.015945
0.788546,-0.055519,0.209843,0.976232,0.052519,0.197893,0.980531,-0.156406,0.207729,0.596560,0.045368,0.211958,0.600859,-0.163557,0.221794,0.846392,0.086795,0.016030,0.958411,-0.208800,0.071165,0.582645,0.083645,0.064413,0.561833,-0.219148,0.024702
0.805862,-0.055969,0.209744,0.992268,0.054058,0.196030,0.998813,-0.154874,0.204355,0.612912,0.042935,0.215132,0.619457,-0.165997,0.223458,0.909585,0.089981,0.020477,0.965682,-0.207378,0.054835,0.625707,0.082079,0.045352,0.554841,-0.220684,0.043914
0.822839,-0.056458,0.205712,1.007873,0.055820,0.191666,1.016863,-0.153088,0.198072,0.628815,0.040173,0.213352,0.637805,-0.168735,0.219758,0.974462,0.094903,0.028812,0.967648,-0.205867,0.030184,0.673735,0.082132,0.034380,0.553213,-0.222423,0.071873
0.839757,-0.057175,0.197829,1.024058,0.056281,0.183613,1.034260,-0.152626,0.187897,0.645254,0.038277,0.207762,0.655456,-0.170630,0.212046,1.024963,0.098809,0.035856,0.965788,-0.205012,0.015845,0.710193,0.083230,0.025788,0.565447,-0.222956,0.094217
0.856463,-0.057022,0.188947,1.040697,0.056561,0.174879,1.051016,-0.152348,0.178775,0.661911,0.038303,0.199120,0.672230,-0.170606,0.203016,1.060993,0.100547,0.039179,0.967142,-0.205042,0.015872,0.723302,0.083427,0.015599,0.587772,-0.222223,0.099425
0.873209,-0.056244,0.182817,1.057490,0.057303,0.169077,1.067765,-0.151607,0.173060,0.678653,0.039119,0.192575,0.688928,-0.169791,0.196557,1.088403,0.101884,0.040429,0.968600,-0.204992,0.015948,0.724983,0.083541,0.015796,0.615481,-0.220742,0.100794
0.890403,-0.054771,0.180684,1.074695,0.058729,0.166710,1.084969,-0.150165,0.171455,0.695836,0.040622,0.189912,0.706111,-0.168272,0.194658,1.112037,0.103215,0.040477,0.970153,-0.204861,0.015953,0.726548,0.083697,0.015923,0.643148,-0.219054,0.099210
0.908084,-0.052002,0.181361,1.092431,0.061325,0.166718,1.102660,-0.147510,0.173643,0.713508,0.043506,0.189079,0.723737,-0.165329,0.196003,1.132869,0.104517,0.036489,0.971720,-0.204687,0.015792,0.727948,0.084001,0.015921,0.672467,-0.216706,0.095397
0.926170,-0.047874,0.183160,1.110648,0.065023,0.166932,1.120680,-0.143666,0.177576,0.731661,0.047917,0.188744,0.741692,-0.160771,0.199388,1.145716,0.104747,0.019450,0.973198,-0.204563,0.015905,0.729619,0.084565,0.015932,0.707661,-0.213959,0.081944
0.943906,-0.043930,0.185156,1.128596,0.068331,0.167036,1.138196,-0.140215,0.180496,0.749616,0.052355,0.189816,0.759216,-0.156191,0.203276,1.147465,0.105035,0.015876,1.014269,-0.202177,0.015277,0.730430,0.085841,0.015938,0.755393,-0.211771,0.051258
0.961411,-0.041481,0.187333,1.146356,0.070202,0.168272,1.155451,-0.138282,0.182983,0.767370,0.055319,0.191684,0.776466,-0.153164,0.206395,1.148790,0.105150,0.015728,1.060041,-0.199317,0.023319,0.730749,0.086910,0.015702,0.808840,-0.209494,0.034405
0.978986,-0.040047,0.188649,1.163973,0.071604,0.169805,1.173053,-0.136831,0.185204,0.784918,0.056737,0.192095,0.793999,-0.151698,0.207494,1.150497,0.105254,0.015776,1.136745,-0.195535,0.029474,0.731862,0.087013,0.015735,0.861665,-0.207207,0.033695
0.996299,-0.039726,0.187686,1.181320,0.071974,0.169479,1.190380,-0.136490,0.184487,0.802217,0.057038,0.190885,0.811278,-0.151426,0.205893,1.152115,0.105262,0.015953,1.198803,-0.191827,0.044297,0.734674,0.087097,0.015643,0.909696,-0.205242,0.032506
1.013329,-0.040268,0.184705,1.198027,0.072268,0.168482,1.207836,-0.136207,0.182846,0.818821,0.055672,0.186564,0.828630,-0.152804,0.200928,1.153680,0.105283,0.015994,1.238413,-0.188829,0.060167,0.749028,0.086221,0.015677,0.937676,-0.205971,0.016753
1.029982,-0.040520,0.181614,1.214677,0.072383,0.168133,1.224650,-0.136152,0.181489,0.835314,0.055113,0.181739,0.845286,-0.153422,0.195095,1.155344,0.105390,0.015893,1.262991,-0.186922,0.072063,0.769176,0.087489,0.024730,0.939244,-0.205998,0.015948
1.046360,-0.039238,0.181065,1.231100,0.073694,0.168475,1.241056,-0.134803,0.182411,0.851664,0.056327,0.179719,0.861620,-0.152170,0.193654,1.156981,0.105546,0.015683,1.282815,-0.185417,0.077608,0.789713,0.089684,0.040744,0.940725,-0.205875,0.015917
1.062920,-0.037491,0.182702,1.247757,0.075350,0.170738,1.257583,-0.133086,0.185662,0.868256,0.058104,0.179742,0.878082,-0.150331,0.194667,1.158607,0.105672,0.015822,1.300542,-0.184319,0.078933,0.810046,0.092095,0.055694,0.942136,-0.205744,0.015677
1.079742,-0.035896,0.186059,1.264635,0.076936,0.174888,1.274397,-0.131453,0.190488,0.885088,0.059661,0.181630,0.894850,-0.148728,0.197229,1.160157,0.105778,0.016044,1.315045,-0.183431,0.080208,0.831186,0.094340,0.069111,0.943485,-0.205666,0.015694
1.097063,-0.034576,0.190954,1.281942,0.078355,0.180588,1.291749,-0.130020,0.196343,0.902377,0.060867,0.185564,0.912184,-0.147508,0.201319,1.161734,0.105883,0.015991,1.325293,-0.182735,0.081755,0.853530,0.096251,0.080466,0.944747,-0.205633,0.015787
1.115217,-0.033707,0.197279,1.300008,0.079434,0.187641,1.309985,-0.128973,0.202864,0.920450,0.061560,0.191694,0.930427,-0.146847,0.206917,1.163387,0.105965,0.015812,1.331252,-0.182242,0.084248,0.877433,0.097575,0.088352,0.945892,-0.205682,0.015911
1.134113,-0.033310,0.204162,1.318832,0.079957,0.194642,1.328934,-0.128517,0.208814,0.939293,0.061898,0.199509,0.949394,-0.146577,0.213681,1.165110,0.105974,0.016021,1.333745,-0.182203,0.086557,0.903643,0.098244,0.088672,0.946883,-0.205746,0.015989
1.152842,-0.033081,0.209486,1.337026,0.080940,0.198701,1.348059,-0.127560,0.211755,0.957625,0.061398,0.207216,0.968657,-0.147102,0.220271,1.182989,0.106954,0.016015,1.336454,-0.181854,0.082748,0.933411,0.097369,0.073850,0.946182,-0.206617,0.017057
1.170662,-0.033211,0.211554,1.353780,0.082308,0.198739,1.366643,-0.126121,0.211239,0.974681,0.059700,0.211869,0.987544,-0.148730,0.224370,1.232544,0.109682,0.019291,1.342442,-0.181655,0.070812,0.969837,0.095449,0.052290,0.937984,-0.208902,0.032685
1.187777,-0.033417,0.209983,1.369491,0.084231,0.196557,1.384784,-0.124106,0.207809,0.990769,0.057273,0.212157,1.006062,-0.151064,0.223409,1.304155,0.115719,0.023352,1.348645,-0.180830,0.051672,1.014901,0.095248,0.037459,0.931995,-0.211115,0.057206
1.204615,-0.033745,0.204281,1.385059,0.085882,0.191223,1.402535,-0.122375,0.200618,1.006695,0.054886,0.207944,1.024170,-0.153371,0.217339,1.367503,0.122928,0.033044,1.349706,-0.180258,0.027855,1.060662,0.096965,0.028293,0.937242,-0.212255,0.085813
1.221487,-0.034195,0.195151,1.401445,0.086191,0.182371,1.419701,-0.122079,0.189779,1.023273,0.053689,0.200522,1.041529,-0.154581,0.207930,1.413559,0.127808,0.039040,1.348206,-0.180186,0.015815,1.090335,0.098650,0.015827,0.956064,-0.211519,0.101267
1.238354,-0.034012,0.186233,1.418345,0.086340,0.173589,1.436504,-0.121975,0.179899,1.040204,0.053952,0.192566,1.058362,-0.154363,0.198876,1.445043,0.130263,0.039973,1.349544,-0.180167,0.015886,1.092060,0.098758,0.015709,0.981290,-0.209691,0.100948
1.255430,-0.033218,0.181148,1.435445,0.087081,0.168344,1.453521,-0.121259,0.174056,1.057340,0.054822,0.188241,1.075415,-0.153517,0.193953,1.469773,0.132181,0.040112,1.350990,-0.180126,0.015996,1.093698,0.098889,0.015898,1.009323,-0.207451,0.100537
1.272942,-0.031143,0.179992,1.452955,0.089099,0.166644,1.471019,-0.119223,0.173014,1.074865,0.056936,0.186971,1.092928,-0.151385,0.193340,1.491905,0.134222,0.039247,1.352566,-0.179941,0.015858,1.095223,0.099113,0.015906,1.037364,-0.204753,0.098213
1.290813,-0.027390,0.181265,1.470888,0.092648,0.166941,1.488884,-0.115589,0.175774,1.092743,0.060810,0.186757,1.110739,-0.147427,0.195590,1.510544,0.136014,0.032053,1.354154,-0.179676,0.015837,1.096754,0.099573,0.015975,1.068388,-0.201151,0.091773
1.308809,-0.022697,0.182812,1.489071,0.096671,0.165543,1.506672,-0.111407,0.178124,1.110946,0.066013,0.187500,1.128548,-0.142066,0.200080,1.515880,0.135586,0.015898,1.356203,-0.179631,0.016032,1.098199,0.100253,0.015876,1.107269,-0.197377,0.070802
1.326214,-0.018913,0.184589,1.506924,0.099461,0.165286,1.523633,-0.108585,0.179507,1.128795,0.070758,0.189671,1.145504,-0.137288,0.203893,1.517409,0.135784,0.015760,1.421867,-0.173593,0.016656,1.098240,0.102123,0.015828,1.160786,-0.192953,0.040185
1.343639,-0.016731,0.185888,1.524488,0.101430,0.166574,1.540988,-0.106590,0.181417,1.146290,0.073127,0.190358,1.162791,-0.134892,0.205201,1.519081,0.135946,0.015730,1.497049,-0.167156,0.022021,1.099143,0.102637,0.015750,1.216121,-0.188717,0.032156
1.361099,-0.015976,0.185256,1.541977,0.102250,0.166622,1.558455,-0.105819,0.180776,1.163744,0.073868,0.189735,1.180222,-0.134202,0.203889,1.520747,0.136008,0.015845,1.561638,-0.161195,0.034794,1.100360,0.102709,0.015748,1.269453,-0.184635,0.030380
1.378321,-0.016273,0.182554,1.558997,0.102539,0.165801,1.575933,-0.105578,0.178643,1.180709,0.073031,0.186465,1.197644,-0.135086,0.199308,1.522319,0.135995,0.015965,1.605469,-0.156734,0.051056,1.109407,0.102377,0.015679,1.306704,-0.182999,0.019408
1.395174,-0.016701,0.179242,1.575720,0.102714,0.165660,1.593052,-0.105468,0.176821,1.197296,0.072066,0.181663,1.214628,-0.136116,0.192824,1.523945,0.136052,0.015992,1.632580,-0.153903,0.063901,1.127813,0.103377,0.021680,1.310085,-0.183321,0.015983
1.411612,-0.015533,0.178325,1.592174,0.104015,0.166211,1.609559,-0.104172,0.177203,1.213664,0.073105,0.179448,1.231050,-0.135082,0.190440,1.525621,0.136189,0.015835,1.652700,-0.151799,0.071923,1.148623,0.105887,0.038205,1.311601,-0.183246,0.015806
1.428232,-0.013451,0.180044,1.608834,0.106098,0.168554,1.626199,-0.102052,0.180239,1.230265,0.075151,0.179848,1.247630,-0.133000,0.191533,1.527293,0.136397,0.015749,1.670476,-0.150005,0.073926,1.169449,0.108673,0.053678,1.313053,-0.183096,0.015624
1.445166,-0.011330,0.183651,1.625811,0.108211,0.172761,1.643138,-0.099907,0.185058,1.247193,0.077248,0.182244,1.264521,-0.130870,0.194541,1.528917,0.136565,0.015964,1.685314,-0.148618,0.074456,1.190760,0.111436,0.067169,1.314420,-0.182966,0.015763
1.462549,-0.009499,0.188743,1.643187,0.110118,0.178589,1.660552,-0.097993,0.190958,1.264547,0.078996,0.186528,1.281912,-0.129115,0.198897,1.530509,0.136743,0.016036,1.696156,-0.147569,0.075555,1.212906,0.113986,0.079027,1.315699,-0.182863,0.015854
1.480701,-0.008179,0.195110,1.661253,0.111630,0.185729,1.678778,-0.096504,0.197469,1.282625,0.080146,0.192752,1.300150,-0.127988,0.204492,1.532174,0.136862,0.015851,1.702623,-0.146946,0.077489,1.236419,0.116012,0.087696,1.316850,-0.182900,0.015935
1.499660,-0.007263,0.202074,1.680126,0.112700,0.193006,1.697792,-0.095484,0.203587,1.301529,0.080958,0.200561,1.319195,-0.127226,0.211142,1.533915,0.136961,0.015860,1.705464,-0.146770,0.080320,1.262296,0.117671,0.089810,1.317857,-0.182930,0.015998
1.518564,-0.006355,0.207613,1.698440,0.114395,0.197353,1.717046,-0.093786,0.206244,1.320082,0.081076,0.208983,1.338689,-0.127106,0.217873,1.545974,0.138694,0.015964,1.707426,-0.145826,0.077280,1.291185,0.118587,0.078358,1.318479,-0.183205,0.015998
1.536579,-0.005470,0.209938,1.715290,0.116820,0.197750,1.735723,-0.091253,0.205002,1.337436,0.080313,0.214874,1.357868,-0.127761,0.222126,1.600436,0.145021,0.019357,1.712304,-0.144149,0.064386,1.328012,0.119565,0.056539,1.313394,-0.184581,0.028237
1.553997,-0.004662,0.208554,1.731251,0.119670,0.195753,1.754015,-0.088214,0.201282,1.353979,0.078891,0.215825,1.376743,-0.128993,0.221354,1.668280,0.153960,0.024605,1.717790,-0.142098,0.044159,1.374834,0.122261,0.040922,1.307706,-0.186821,0.051014
1.571238,-0.003944,0.203002,1.747192,0.122251,0.190509,1.772028,-0.085442,0.193923,1.370447,0.077553,0.212081,1.395283,-0.130140,0.215496,1.727661,0.163121,0.033944,1.719645,-0.140341,0.020226,1.422085,0.126547,0.032005,1.311417,-0.188198,0.078672
1.588326,-0.003067,0.194559,1.763827,0.123795,0.182449,1.789393,-0.083822,0.184983,1.387258,0.077688,0.204135,1.412824,-0.129929,0.206668,1.772562,0.168916,0.038999,1.721230,-0.140076,0.015849,1.453532,0.129402,0.020304,1.328556,-0.187468,0.094717
1.605156,-0.001083,0.186057,1.780676,0.125848,0.174993,1.806305,-0.081760,0.177592,1.404007,0.079593,0.194522,1.429636,-0.128015,0.197121,1.804383,0.172904,0.041684,1.722666,-0.139908,0.015877,1.458633,0.129897,0.015677,1.352980,-0.184568,0.093920
1.622019,0.001137,0.180951,1.797606,0.128012,0.170318,1.823172,-0.079600,0.173189,1.420866,0.081874,0.188712,1.446432,-0.125738,0.191583,1.829426,0.175960,0.042460,1.724151,-0.139766,0.015953,1.460306,0.130138,0.015915,1.381239,-0.180909,0.094339
1.639215,0.004204,0.179844,1.814836,0.131002,0.168855,1.840368,-0.076598,0.172780,1.438063,0.085005,0.186908,1.463594,-0.122594,0.190833,1.851888,0.178968,0.042398,1.725694,-0.139467,0.015917,1.461823,0.130496,0.015956,1.409085,-0.176944,0.093193
1.656738,0.008682,0.181326,1.832467,0.135246,0.169401,1.857869,-0.072303,0.175935,1.455608,0.089668,0.186716,1.481010,-0.117881,0.193251,1.871103,0.181601,0.036483,1.727236,-0.139144,0.015830,1.463274,0.131041,0.015958,1.439242,-0.172098,0.088656
1.674484,0.014214,0.183322,1.850557,0.140007,0.168642,1.875379,-0.067438,0.179370,1.473590,0.095865,0.187274,1.498411,-0.111580,0.198001,1.879103,0.181356,0.015847,1.729085,-0.139225,0.015999,1.464876,0.131794,0.015885,1.476550,-0.166578,0.071384
1.691845,0.019150,0.185205,1.868383,0.143967,0.167995,1.892344,-0.063452,0.180952,1.491346,0.101752,0.189458,1.515307,-0.105667,0.202415,1.880513,0.181699,0.015780,1.790147,-0.131300,0.017651,1.464648,0.133665,0.015876,1.528282,-0.160085,0.041106
1.709240,0.022491,0.186782,1.885920,0.147002,0.168827,1.909644,-0.060365,0.182995,1.508836,0.105347,0.190570,1.532560,-0.102020,0.204738,1.882113,0.181959,0.015734,1.860108,-0.122828,0.022808,1.465466,0.134287,0.015663,1.582402,-0.153896,0.033090
1.726772,0.024483,0.186601,1.903461,0.148975,0.168595,1.927166,-0.058395,0.182754,1.526379,0.107361,0.190447,1.550084,-0.100009,0.204606,1.883738,0.182141,0.015838,1.925753,-0.114570,0.033917,1.466589,0.134449,0.015753,1.636543,-0.147766,0.031940
1.744146,0.025360,0.184285,1.920715,0.150173,0.167367,1.944665,-0.057226,0.180660,1.543628,0.107946,0.187911,1.567577,-0.099453,0.201204,1.885311,0.182226,0.015954,1.972741,-0.108218,0.049755,1.473249,0.134624,0.015667,1.677043,-0.143974,0.024637
1.761200,0.025818,0.180884,1.937527,0.151330,0.166865,1.962016,-0.056094,0.178710,1.560384,0.107729,0.183058,1.584873,-0.099694,0.194903,1.887032,0.182591,0.015988,2.002352,-0.103798,0.062661,1.490359,0.135964,0.019553,1.688262,-0.143546,0.015965
1.777689,0.027557,0.179300,1.953995,0.153274,0.166945,1.978600,-0.054145,0.178623,1.576777,0.109260,0.179977,1.601383,-0.098160,0.191655,1.888692,0.182862,0.015868,2.023590,-0.100662,0.071814,1.510889,0.139026,0.033308,1.689795,-0.143404,0.015954
