-0.015617,-0.009773,0.345867,0.173765,0.095659,0.338160,0.174971,-0.113242,0.349273,-0.206205,0.093696,0.342462,-0.205000,-0.115206,0.353574,0.150780,0.130399,0.138093,0.163110,-0.168269,0.171749,-0.188853,0.129201,0.152414,-0.193345,-0.170581,0.166958
-0.022690,-0.014839,0.335645,0.166483,0.090940,0.327551,0.168123,-0.117751,0.342036,-0.213502,0.088073,0.329255,-0.211863,-0.120619,0.343739,0.135396,0.121938,0.121250,0.162572,-0.175876,0.161650,-0.175485,0.120315,0.133057,-0.206823,-0.179509,0.151121
-0.028458,-0.020065,0.321158,0.160557,0.086002,0.313145,0.162510,-0.122522,0.329832,-0.219425,0.082392,0.312483,-0.217473,-0.126133,0.329170,0.111874,0.114423,0.104201,0.145314,-0.182878,0.147427,-0.178225,0.112404,0.112907,-0.219724,-0.188038,0.125638
-0.034348,-0.025337,0.303302,0.154573,0.080935,0.295777,0.156700,-0.127490,0.313651,-0.225395,0.076815,0.292954,-0.223268,-0.131609,0.310828,0.098705,0.108003,0.086118,0.125395,-0.189688,0.124050,-0.187668,0.105104,0.086381,-0.227999,-0.195903,0.093634
-0.041191,-0.030586,0.282035,0.147796,0.075622,0.275331,0.149762,-0.132722,0.294139,-0.232144,0.071550,0.269931,-0.230178,-0.136794,0.288739,0.094360,0.101409,0.061035,0.112484,-0.196976,0.091798,-0.193906,0.098177,0.055358,-0.227405,-0.203136,0.059080
-0.048943,-0.035835,0.256961,0.140274,0.070014,0.251116,0.141741,-0.138252,0.270815,-0.239626,0.066581,0.243106,-0.238159,-0.141684,0.262805,0.089954,0.094015,0.025937,0.111690,-0.204395,0.056432,-0.193270,0.091644,0.021961,-0.219215,-0.209868,0.023201
-0.056801,-0.040779,0.233325,0.132538,0.064859,0.227627,0.133811,-0.143655,0.244500,-0.247412,0.062097,0.222150,-0.246140,-0.146418,0.239022,0.088257,0.093050,0.015829,0.119856,-0.207354,0.021877,-0.193517,0.091318,0.015680,-0.218589,-0.209928,0.015601
-0.061844,-0.045563,0.218378,0.127417,0.060198,0.212375,0.128882,-0.148559,0.225897,-0.252570,0.057434,0.210858,-0.251105,-0.151324,0.224380,0.087210,0.092742,0.015991,0.119638,-0.207766,0.016011,-0.193697,0.090755,0.015746,-0.218120,-0.210158,0.015668
-0.063911,-0.048668,0.208123,0.125260,0.057300,0.203035,0.126903,-0.151598,0.214144,-0.254726,0.054262,0.202102,-0.253083,-0.154636,0.213212,0.086686,0.092568,0.016033,0.110459,-0.207733,0.016886,-0.202421,0.090272,0.015614,-0.217705,-0.210375,0.015747
-0.064445,-0.050591,0.198070,0.124679,0.055491,0.193629,0.126416,-0.153479,0.203283,-0.255307,0.052298,0.192857,-0.253570,-0.156672,0.202511,0.086293,0.092468,0.016031,0.100454,-0.207776,0.017522,-0.198604,0.090165,0.017451,-0.217298,-0.210496,0.015810
-0.064461,-0.051964,0.187553,0.124643,0.054187,0.183962,0.126418,-0.154826,0.192622,-0.255340,0.050899,0.182483,-0.253565,-0.158114,0.191144,0.085965,0.092390,0.016006,0.096503,-0.207800,0.018153,-0.191662,0.090027,0.015879,-0.216845,-0.210556,0.015866
-0.064369,-0.053085,0.176809,0.124709,0.053127,0.173715,0.126534,-0.155917,0.181602,-0.255272,0.049746,0.172017,-0.253447,-0.159297,0.179904,0.085672,0.092319,0.015978,0.097100,-0.207873,0.016849,-0.190032,0.089899,0.015630,-0.216450,-0.210647,0.015875
-0.064293,-0.054131,0.166537,0.124776,0.052097,0.163407,0.126622,-0.156976,0.170463,-0.255208,0.048715,0.162611,-0.253362,-0.160358,0.169667,0.085410,0.092252,0.016000,0.098755,-0.207913,0.015995,-0.189899,0.089810,0.015658,-0.216136,-0.210697,0.015877
-0.064423,-0.055138,0.157613,0.124636,0.051098,0.154158,0.126503,-0.158004,0.160273,-0.255348,0.047729,0.154953,-0.253481,-0.161373,0.161068,0.085221,0.092177,0.015994,0.098428,-0.207947,0.015933,-0.189813,0.089712,0.015674,-0.215917,-0.210755,0.015879
-0.064743,-0.055954,0.150105,0.124307,0.050284,0.146264,0.126185,-0.158841,0.151566,-0.255671,0.046933,0.148645,-0.253793,-0.162192,0.153947,0.085030,0.092095,0.015993,0.098108,-0.207999,0.015895,-0.189842,0.089619,0.015674,-0.215798,-0.210818,0.015859
-0.065102,-0.056572,0.143882,0.123939,0.049672,0.139757,0.125825,-0.159470,0.144334,-0.256028,0.046326,0.143430,-0.254143,-0.162815,0.148007,0.084913,0.092074,0.015982,0.097887,-0.207997,0.015833,-0.189883,0.089589,0.015674,-0.215708,-0.210823,0.015872
-0.065498,-0.057014,0.138856,0.123529,0.049241,0.134449,0.125430,-0.159910,0.138557,-0.256427,0.045881,0.139155,-0.254526,-0.163270,0.143263,0.084810,0.092023,0.015975,0.097718,-0.208033,0.015803,-0.189932,0.089520,0.015675,-0.215668,-0.210880,0.015878
-0.065849,-0.057358,0.134915,0.123168,0.048906,0.130274,0.125077,-0.160252,0.133999,-0.256776,0.045537,0.135831,-0.254867,-0.163621,0.139556,0.084745,0.091977,0.015926,0.097614,-0.208067,0.015801,-0.189984,0.089465,0.015668,-0.215641,-0.210925,0.015877
-0.066185,-0.057625,0.131922,0.122827,0.048640,0.127092,0.124735,-0.160525,0.130435,-0.257105,0.045275,0.133408,-0.255197,-0.163890,0.136752,0.084689,0.091973,0.015927,0.097514,-0.208063,0.015790,-0.190038,0.089462,0.015664,-0.215628,-0.210919,0.015872
-0.066483,-0.057884,0.129709,0.122523,0.048383,0.124695,0.124431,-0.160787,0.127678,-0.257396,0.045018,0.131741,-0.255488,-0.164152,0.134724,0.084641,0.091943,0.015921,0.097434,-0.208085,0.015777,-0.190102,0.089433,0.015661,-0.215655,-0.210940,0.015891
-0.066795,-0.058052,0.128132,0.122197,0.048228,0.122861,0.124118,-0.160945,0.125628,-0.257709,0.044841,0.130637,-0.255787,-0.164332,0.133404,0.084585,0.091924,0.015922,0.097344,-0.208100,0.015770,-0.190166,0.089396,0.015660,-0.215687,-0.210974,0.015896
-0.067062,-0.058228,0.127058,0.121921,0.048054,0.121524,0.123843,-0.161122,0.124028,-0.257967,0.044667,0.130088,-0.256046,-0.164509,0.132592,0.084552,0.091902,0.015957,0.097290,-0.208117,0.015767,-0.190186,0.089375,0.015654,-0.215706,-0.210990,0.015913
-0.067337,-0.058365,0.126367,0.121631,0.047929,0.120527,0.123564,-0.161250,0.122826,-0.258238,0.044520,0.129907,-0.256305,-0.164658,0.132206,0.084507,0.091891,0.015952,0.097234,-0.208125,0.015760,-0.190234,0.089348,0.015647,-0.215735,-0.211016,0.015908
-0.067642,-0.058479,0.125956,0.121318,0.047808,0.119795,0.123245,-0.161372,0.121930,-0.258530,0.044413,0.129983,-0.256603,-0.164767,0.132117,0.084463,0.091863,0.015933,0.097177,-0.208150,0.015764,-0.190264,0.089330,0.015647,-0.215762,-0.211031,0.015919
-0.067940,-0.058594,0.125768,0.121008,0.047699,0.119308,0.122938,-0.161483,0.121246,-0.258818,0.044296,0.130289,-0.256888,-0.164886,0.132228,0.084419,0.091857,0.015935,0.097127,-0.208153,0.015760,-0.190291,0.089320,0.015644,-0.215801,-0.211039,0.015920
-0.068268,-0.058708,0.125749,0.120662,0.047598,0.118995,0.122604,-0.161586,0.120741,-0.259140,0.044170,0.130758,-0.257198,-0.165014,0.132503,0.084393,0.091854,0.015939,0.097084,-0.208153,0.015785,-0.190299,0.089302,0.015643,-0.215807,-0.211056,0.015917
-0.068604,-0.058823,0.125834,0.120317,0.047483,0.118815,0.122255,-0.161702,0.120369,-0.259462,0.044057,0.131299,-0.257524,-0.165128,0.132853,0.084342,0.091838,0.015930,0.097023,-0.208166,0.015797,-0.190336,0.089292,0.015630,-0.215868,-0.211064,0.015923
-0.068985,-0.058937,0.125976,0.119922,0.047375,0.118692,0.121863,-0.161812,0.120073,-0.259833,0.043938,0.131878,-0.257892,-0.165249,0.133260,0.084284,0.091818,0.015923,0.096967,-0.208184,0.015791,-0.190376,0.089267,0.015639,-0.215921,-0.211087,0.015931
-0.069397,-0.059067,0.126165,0.119497,0.047254,0.118662,0.121441,-0.161934,0.119819,-0.260235,0.043801,0.132511,-0.258291,-0.165387,0.133667,0.084227,0.091810,0.015916,0.096905,-0.208190,0.015801,-0.190416,0.089256,0.015637,-0.215966,-0.211097,0.015932
-0.069847,-0.059235,0.126374,0.119034,0.047095,0.118693,0.120980,-0.162094,0.119594,-0.260675,0.043625,0.133154,-0.258729,-0.165564,0.134055,0.084179,0.091780,0.015914,0.096839,-0.208218,0.015815,-0.190443,0.089224,0.015616,-0.216010,-0.211128,0.015933
-0.070320,-0.059425,0.126590,0.118543,0.046925,0.118758,0.120503,-0.162265,0.119393,-0.261143,0.043414,0.133788,-0.259184,-0.165776,0.134423,0.084113,0.091743,0.015907,0.096765,-0.208254,0.015830,-0.190489,0.089169,0.015606,-0.216067,-0.211184,0.015944
-0.070808,-0.059578,0.126818,0.118043,0.046787,0.118899,0.120006,-0.162404,0.119205,-0.261623,0.043248,0.134431,-0.259660,-0.165943,0.134736,0.084040,0.091769,0.015894,0.096718,-0.208225,0.015831,-0.190541,0.089193,0.015609,-0.216134,-0.211160,0.015950
-0.071350,-0.059769,0.127048,0.117491,0.046610,0.119054,0.119456,-0.162581,0.119048,-0.262156,0.043044,0.135047,-0.260191,-0.166147,0.135042,0.083965,0.091750,0.015882,0.096653,-0.208245,0.015842,-0.190589,0.089171,0.015617,-0.216185,-0.211183,0.015948
-0.071915,-0.059937,0.127284,0.116917,0.046454,0.119236,0.118885,-0.162737,0.118984,-0.262714,0.042864,0.135584,-0.260747,-0.166327,0.135332,0.083917,0.091720,0.015873,0.096605,-0.208274,0.015854,-0.190607,0.089138,0.015630,-0.216237,-0.211217,0.015957
-0.072510,-0.060051,0.127525,0.116319,0.046343,0.119452,0.118282,-0.162847,0.119002,-0.263302,0.042745,0.136048,-0.261338,-0.166445,0.135597,0.083818,0.091713,0.015870,0.096530,-0.208281,0.015860,-0.190673,0.089138,0.015636,-0.216308,-0.211217,0.015953
-0.073151,-0.060196,0.127764,0.115673,0.046209,0.119712,0.117639,-0.162981,0.119064,-0.263940,0.042589,0.136464,-0.261974,-0.166600,0.135816,0.083746,0.091683,0.015845,0.096447,-0.208313,0.015863,-0.190736,0.089104,0.015657,-0.216380,-0.211253,0.015966
-0.073814,-0.060280,0.127989,0.115008,0.046130,0.119967,0.116973,-0.163059,0.119175,-0.264602,0.042499,0.136802,-0.262636,-0.166690,0.136010,0.083671,0.091682,0.015838,0.096377,-0.208314,0.015875,-0.190802,0.089104,0.015657,-0.216454,-0.211253,0.015956
-0.074493,-0.060387,0.128201,0.114327,0.046032,0.120262,0.116296,-0.163156,0.119308,-0.265282,0.042383,0.137095,-0.263314,-0.166805,0.136141,0.083593,0.091672,0.015836,0.096313,-0.208325,0.015891,-0.190825,0.089090,0.015669,-0.216529,-0.211270,0.015954
-0.075203,-0.060486,0.128398,0.113620,0.045937,0.120570,0.115587,-0.163251,0.119480,-0.265993,0.042279,0.137317,-0.264026,-0.166909,0.136226,0.083510,0.091653,0.015811,0.096247,-0.208345,0.015897,-0.190896,0.089072,0.015676,-0.216604,-0.211289,0.015956
-0.075920,-0.060555,0.128571,0.112914,0.045859,0.120884,0.114867,-0.163328,0.119682,-0.266707,0.042219,0.137461,-0.264754,-0.166968,0.136259,0.083416,0.091641,0.015798,0.096271,-0.208358,0.015897,-0.190953,0.089079,0.015698,-0.216692,-0.211281,0.015960
-0.076630,-0.060638,0.128719,0.112202,0.045793,0.121235,0.114172,-0.163393,0.119919,-0.267431,0.042116,0.137519,-0.265461,-0.167070,0.136203,0.083329,0.091638,0.015783,0.096556,-0.208358,0.015903,-0.191021,0.089055,0.015714,-0.216768,-0.211308,0.015961
-0.077324,-0.060699,0.128841,0.111519,0.045730,0.121595,0.113483,-0.163456,0.120184,-0.268131,0.042057,0.137498,-0.266166,-0.167129,0.136088,0.083252,0.091631,0.015755,0.097433,-0.208357,0.015923,-0.191073,0.089055,0.015723,-0.216850,-0.211309,0.015960
-0.077980,-0.060776,0.128952,0.110875,0.045653,0.122016,0.112835,-0.163533,0.120477,-0.268795,0.041981,0.137427,-0.266835,-0.167204,0.135888,0.083183,0.091628,0.015805,0.099195,-0.208345,0.016027,-0.191057,0.089058,0.015767,-0.216914,-0.211307,0.015962
-0.078552,-0.060783,0.129020,0.110325,0.045633,0.122539,0.112276,-0.163552,0.120997,-0.269380,0.041985,0.137044,-0.267430,-0.167200,0.135502,0.083109,0.091619,0.015814,0.101705,-0.208335,0.016639,-0.189712,0.089076,0.015694,-0.216997,-0.211302,0.015959
-0.079010,-0.060669,0.129101,0.109894,0.045737,0.123261,0.111846,-0.163449,0.121934,-0.269866,0.042112,0.136268,-0.267914,-0.167075,0.134940,0.083060,0.091621,0.015811,0.104715,-0.208313,0.018468,-0.187402,0.089099,0.015736,-0.217056,-0.211299,0.015966
-0.079391,-0.060417,0.129313,0.109544,0.045973,0.124252,0.111495,-0.163216,0.123325,-0.270278,0.042381,0.135301,-0.268327,-0.166807,0.134374,0.083045,0.091659,0.015808,0.107629,-0.208251,0.020932,-0.184912,0.089160,0.015780,-0.217082,-0.211257,0.015960
-0.079765,-0.060043,0.129692,0.109196,0.046339,0.125490,0.111156,-0.162852,0.125156,-0.270687,0.042765,0.134227,-0.268727,-0.166425,0.133894,0.083023,0.091720,0.015808,0.110153,-0.208152,0.023899,-0.183154,0.089226,0.015814,-0.217134,-0.211206,0.015960
-0.080200,-0.059677,0.130276,0.108785,0.046693,0.126915,0.110744,-0.162498,0.127225,-0.271144,0.043144,0.133327,-0.269185,-0.166047,0.133638,0.082993,0.091738,0.015807,0.111965,-0.208087,0.026919,-0.182400,0.089253,0.015801,-0.217186,-0.211186,0.015952
-0.080719,-0.059311,0.130969,0.108289,0.047043,0.128537,0.110236,-0.162146,0.129407,-0.271674,0.043524,0.132531,-0.269727,-0.165665,0.133400,0.082953,0.091791,0.015809,0.112990,-0.207986,0.029938,-0.181925,0.089327,0.015889,-0.217238,-0.211117,0.015938
-0.081306,-0.058929,0.131652,0.107712,0.047424,0.130206,0.109656,-0.161762,0.131698,-0.272269,0.043903,0.131605,-0.270325,-0.165282,0.133097,0.082897,0.091830,0.015804,0.113330,-0.207888,0.032617,-0.181606,0.089373,0.015855,-0.217322,-0.211079,0.015935
-0.081955,-0.058533,0.132248,0.107071,0.047817,0.131840,0.109001,-0.161363,0.133935,-0.272911,0.044298,0.130560,-0.270980,-0.164883,0.132656,0.082891,0.091886,0.015789,0.113044,-0.207769,0.035185,-0.181686,0.089446,0.015931,-0.217368,-0.211012,0.015925
-0.082680,-0.058105,0.132727,0.106337,0.048260,0.133302,0.108266,-0.160912,0.136113,-0.273626,0.044701,0.129341,-0.271696,-0.164471,0.132152,0.082798,0.091919,0.015798,0.112244,-0.207661,0.037200,-0.181644,0.089482,0.015943,-0.217485,-0.210989,0.015921
-0.083443,-0.057678,0.133079,0.105548,0.048724,0.134631,0.107492,-0.160438,0.138132,-0.274377,0.045082,0.128027,-0.272433,-0.164080,0.131527,0.082756,0.091981,0.015801,0.111021,-0.207523,0.039015,-0.181736,0.089525,0.015954,-0.217565,-0.210964,0.015894
-0.084274,-0.057281,0.133319,0.104706,0.049120,0.135821,0.106619,-0.160031,0.139923,-0.275167,0.045468,0.126715,-0.273255,-0.163683,0.130817,0.082656,0.092025,0.015808,0.109255,-0.207420,0.040365,-0.181841,0.089610,0.015957,-0.217688,-0.210890,0.015888
-0.085121,-0.056862,0.133446,0.103834,0.049563,0.136736,0.105736,-0.159574,0.141508,-0.275978,0.045850,0.125383,-0.274076,-0.163287,0.130156,0.082578,0.092074,0.015792,0.107244,-0.207310,0.041314,-0.181957,0.089672,0.015967,-0.217776,-0.210847,0.015867
-0.086029,-0.056488,0.133477,0.102898,0.049964,0.137441,0.104792,-0.159158,0.142823,-0.276850,0.046182,0.124130,-0.274956,-0.162940,0.129512,0.082501,0.092116,0.015802,0.104960,-0.207222,0.041852,-0.182076,0.089724,0.015970,-0.217870,-0.210815,0.015847
-0.086952,-0.056190,0.133429,0.101950,0.050282,0.137977,0.103832,-0.158827,0.143832,-0.277737,0.046446,0.123027,-0.275854,-0.162663,0.128882,0.082403,0.092155,0.015800,0.102473,-0.207162,0.041929,-0.182197,0.089778,0.015970,-0.217974,-0.210777,0.015832
-0.087860,-0.055962,0.133308,0.101020,0.050529,0.138309,0.102893,-0.158570,0.144537,-0.278613,0.046647,0.122080,-0.276741,-0.162452,0.128308,0.082313,0.092185,0.015812,0.099866,-0.207133,0.041660,-0.182297,0.089821,0.015971,-0.218074,-0.210750,0.015807
-0.088791,-0.055809,0.133104,0.100068,0.050705,0.138425,0.101944,-0.158386,0.144917,-0.279525,0.046768,0.121292,-0.277650,-0.162323,0.127784,0.082196,0.092211,0.015801,0.097106,-0.207134,0.040865,-0.182418,0.089843,0.015972,-0.218198,-0.210740,0.015805
-0.089691,-0.055717,0.132802,0.099164,0.050795,0.138283,0.101024,-0.158290,0.144960,-0.280406,0.046855,0.120644,-0.278546,-0.162230,0.127320,0.082074,0.092207,0.015804,0.094316,-0.207185,0.039714,-0.182542,0.089858,0.015975,-0.218307,-0.210731,0.015782
-0.090553,-0.055710,0.132407,0.098297,0.050807,0.137955,0.100158,-0.158276,0.144682,-0.281264,0.046856,0.120133,-0.279404,-0.162227,0.126859,0.081976,0.092208,0.015806,0.091446,-0.207257,0.038122,-0.182626,0.089858,0.015963,-0.218385,-0.210734,0.015760
-0.091377,-0.055779,0.131907,0.097476,0.050736,0.137411,0.099339,-0.158351,0.144046,-0.282094,0.046794,0.119768,-0.280231,-0.162293,0.126403,0.081850,0.092212,0.015819,0.088494,-0.207348,0.036095,-0.182739,0.089859,0.015958,-0.218507,-0.210729,0.015748
-0.092171,-0.055908,0.131297,0.096697,0.050591,0.136594,0.098559,-0.158501,0.143040,-0.282901,0.046685,0.119555,-0.281038,-0.162407,0.126001,0.081734,0.092208,0.015813,0.085478,-0.207463,0.033668,-0.182833,0.089856,0.015957,-0.218599,-0.210724,0.015737
-0.092911,-0.056152,0.130577,0.095972,0.050337,0.135530,0.097848,-0.158764,0.141674,-0.283669,0.046460,0.119480,-0.281793,-0.162642,0.125624,0.081635,0.092162,0.015800,0.082353,-0.207639,0.030582,-0.182924,0.089793,0.015952,-0.218680,-0.210776,0.015729
-0.093605,-0.056526,0.129741,0.095297,0.049946,0.134312,0.097188,-0.159171,0.139894,-0.284398,0.046119,0.119588,-0.282507,-0.162998,0.125171,0.081502,0.092125,0.015803,0.079111,-0.207816,0.027007,-0.182993,0.089737,0.015946,-0.218785,-0.210812,0.015718
-0.094185,-0.057022,0.128774,0.094744,0.049422,0.132840,0.096647,-0.159714,0.137655,-0.285017,0.045669,0.119894,-0.283114,-0.163466,0.124708,0.081414,0.092071,0.015820,0.075748,-0.208015,0.022640,-0.183034,0.089668,0.015939,-0.218857,-0.210856,0.015672
-0.094696,-0.057632,0.127662,0.094248,0.048807,0.131098,0.096190,-0.160348,0.134966,-0.285582,0.045083,0.120359,-0.283640,-0.164072,0.124226,0.081300,0.092015,0.015820,0.072299,-0.208205,0.017282,-0.183073,0.089563,0.015923,-0.218938,-0.210938,0.015678
-0.095123,-0.058235,0.126563,0.093837,0.048192,0.129496,0.095796,-0.160978,0.132449,-0.286043,0.044508,0.120678,-0.284083,-0.164662,0.123630,0.081209,0.091926,0.015868,0.071594,-0.208309,0.015760,-0.183091,0.089450,0.015906,-0.218998,-0.211033,0.015672
-0.095505,-0.058624,0.125671,0.093473,0.047782,0.128143,0.095430,-0.161396,0.130458,-0.286440,0.044147,0.120883,-0.284483,-0.165031,0.123198,0.081121,0.091879,0.015873,0.071489,-0.208344,0.015767,-0.183164,0.089406,0.015890,-0.219066,-0.211063,0.015676
-0.095863,-0.058929,0.124962,0.093126,0.047467,0.126928,0.095087,-0.161716,0.128723,-0.286814,0.043857,0.121200,-0.284853,-0.165326,0.122995,0.081057,0.091855,0.015880,0.071416,-0.208360,0.015800,-0.183178,0.089378,0.015899,-0.219095,-0.211084,0.015672
-0.096169,-0.059151,0.124462,0.092830,0.047238,0.125855,0.094792,-0.161947,0.127283,-0.287129,0.043646,0.121640,-0.285167,-0.165540,0.123068,0.080980,0.091829,0.015884,0.071348,-0.208382,0.015812,-0.183210,0.089352,0.015899,-0.219141,-0.211107,0.015671
-0.096474,-0.059334,0.124173,0.092530,0.047053,0.124952,0.094496,-0.162135,0.126090,-0.287443,0.043467,0.122256,-0.285477,-0.165721,0.123394,0.080898,0.091803,0.015879,0.071281,-0.208405,0.015838,-0.183228,0.089321,0.015903,-0.219180,-0.211136,0.015667
-0.096741,-0.059517,0.124100,0.092262,0.046873,0.124293,0.094237,-0.162316,0.125121,-0.287719,0.043282,0.123078,-0.285744,-0.165907,0.123906,0.080858,0.091789,0.015883,0.071226,-0.208418,0.015840,-0.183244,0.089296,0.015901,-0.219201,-0.211160,0.015672
-0.096977,-0.059685,0.124216,0.092024,0.046709,0.123829,0.094005,-0.162480,0.124376,-0.287959,0.043111,0.124057,-0.285978,-0.166079,0.124604,0.080816,0.091773,0.015886,0.071201,-0.208433,0.015849,-0.183228,0.089272,0.015901,-0.219207,-0.211184,0.015670
-0.097229,-0.059860,0.124496,0.091771,0.046532,0.123544,0.093751,-0.162659,0.123809,-0.288209,0.042938,0.125184,-0.286229,-0.166252,0.125449,0.080769,0.091744,0.015887,0.071153,-0.208461,0.015854,-0.183217,0.089246,0.015902,-0.219226,-0.211209,0.015675
-0.097435,-0.060051,0.124911,0.091555,0.046353,0.123428,0.093546,-0.162837,0.123351,-0.288416,0.042735,0.126471,-0.286425,-0.166455,0.126394,0.080760,0.091742,0.015899,0.071148,-0.208463,0.015856,-0.183180,0.089230,0.015903,-0.219229,-0.211227,0.015672
-0.097679,-0.060265,0.125442,0.091303,0.046144,0.123461,0.093296,-0.163046,0.123030,-0.288654,0.042517,0.127854,-0.286662,-0.166674,0.127423,0.080715,0.091717,0.015903,0.071087,-0.208489,0.015855,-0.183197,0.089203,0.015908,-0.219261,-0.211254,0.015677
-0.097954,-0.060425,0.126062,0.091021,0.045988,0.123588,0.093012,-0.163202,0.122896,-0.288920,0.042352,0.129229,-0.286928,-0.166837,0.128537,0.080686,0.091698,0.015907,0.071049,-0.208509,0.015877,-0.183192,0.089186,0.015908,-0.219270,-0.211272,0.015675
-0.098236,-0.060616,0.126735,0.090728,0.045805,0.123849,0.092722,-0.163383,0.122853,-0.289194,0.042152,0.130617,-0.287201,-0.167036,0.129622,0.080647,0.091675,0.015887,0.071008,-0.208534,0.015881,-0.183182,0.089161,0.015909,-0.219295,-0.211299,0.015680
-0.098534,-0.060822,0.127457,0.090424,0.045601,0.124223,0.092412,-0.163586,0.122923,-0.289479,0.041943,0.131992,-0.287491,-0.167244,0.130692,0.080643,0.091634,0.015915,0.070991,-0.208577,0.015887,-0.183154,0.089127,0.015911,-0.219295,-0.211334,0.015674
-0.098869,-0.061028,0.128214,0.090076,0.045408,0.124720,0.092070,-0.163776,0.123097,-0.289808,0.041721,0.133330,-0.287815,-0.167463,0.131707,0.080620,0.091616,0.015905,0.070960,-0.208599,0.015894,-0.183147,0.089102,0.015913,-0.219326,-0.211363,0.015673
-0.099220,-0.061249,0.128980,0.089723,0.045185,0.125315,0.091705,-0.163997,0.123355,-0.290145,0.041499,0.134605,-0.288164,-0.167682,0.132645,0.080592,0.091578,0.015920,0.070911,-0.208641,0.015897,-0.183151,0.089079,0.015917,-0.219366,-0.211388,0.015669
-0.099579,-0.061462,0.129726,0.089357,0.044982,0.125968,0.091341,-0.164197,0.123681,-0.290499,0.041272,0.135770,-0.288515,-0.167906,0.133483,0.080569,0.091556,0.015924,0.070867,-0.208667,0.015902,-0.183175,0.089055,0.015923,-0.219396,-0.211417,0.015667
-0.099960,-0.061684,0.130430,0.088974,0.044763,0.126684,0.090951,-0.164411,0.124025,-0.290872,0.041044,0.136836,-0.288895,-0.168130,0.134177,0.080550,0.091547,0.015917,0.070809,-0.208683,0.015909,-0.183186,0.089054,0.015934,-0.219433,-0.211422,0.015664
-0.100349,-0.061928,0.131087,0.088581,0.044528,0.127415,0.090561,-0.164641,0.124431,-0.291260,0.040786,0.137744,-0.289280,-0.168384,0.134760,0.080531,0.091499,0.015927,0.070777,-0.208737,0.015911,-0.183223,0.089003,0.015943,-0.219479,-0.211481,0.015664
-0.100700,-0.062180,0.131676,0.088232,0.044281,0.128213,0.090209,-0.164882,0.124830,-0.291610,0.040523,0.138522,-0.289632,-0.168640,0.135138,0.080539,0.091483,0.015934,0.071124,-0.208759,0.015949,-0.183245,0.088988,0.015946,-0.219496,-0.211503,0.015663
-0.101006,-0.062401,0.132211,0.087932,0.044060,0.129051,0.089905,-0.165097,0.125310,-0.291916,0.040296,0.139112,-0.289943,-0.168862,0.135371,0.080513,0.091473,0.015921,0.072180,-0.208776,0.016422,-0.183277,0.088983,0.015961,-0.219540,-0.211516,0.015661
-0.101273,-0.062576,0.132754,0.087673,0.043880,0.129968,0.089643,-0.165274,0.126003,-0.292188,0.040121,0.139504,-0.290218,-0.169032,0.135540,0.080527,0.091434,0.015935,0.073873,-0.208826,0.017520,-0.183324,0.088948,0.015959,-0.219564,-0.211555,0.015657
-0.101524,-0.062668,0.133361,0.087432,0.043782,0.131098,0.089403,-0.165369,0.127015,-0.292452,0.040034,0.139707,-0.290481,-0.169117,0.135623,0.080537,0.091425,0.015944,0.075946,-0.208856,0.019396,-0.183355,0.088938,0.015965,-0.219602,-0.211568,0.015649
-0.101791,-0.062675,0.134088,0.087184,0.043753,0.132523,0.089147,-0.165398,0.128443,-0.292730,0.040047,0.139732,-0.290766,-0.169104,0.135652,0.080551,0.091426,0.015933,0.078089,-0.208886,0.022012,-0.183414,0.088948,0.015961,-0.219640,-0.211557,0.015652
-0.102036,-0.062553,0.134931,0.086957,0.043854,0.134233,0.088918,-0.165301,0.130374,-0.292989,0.040194,0.139488,-0.291028,-0.168961,0.135629,0.080621,0.091437,0.015940,0.080174,-0.208903,0.025266,-0.184151,0.088954,0.015952,-0.219640,-0.211538,0.015651
-0.102348,-0.062332,0.135891,0.086649,0.044069,0.136182,0.088626,-0.165093,0.132715,-0.293323,0.040428,0.139068,-0.291345,-0.168734,0.135601,0.080655,0.091464,0.015934,0.081738,-0.208895,0.028874,-0.185383,0.088948,0.015946,-0.219681,-0.211526,0.015643
-0.102699,-0.062012,0.136895,0.086309,0.044360,0.138299,0.088275,-0.164810,0.135335,-0.293674,0.040787,0.138455,-0.291708,-0.168383,0.135492,0.080694,0.091497,0.015943,0.082369,-0.208863,0.032364,-0.186295,0.088988,0.015957,-0.219741,-0.211465,0.015635
-0.103119,-0.061600,0.137834,0.085880,0.044767,0.140441,0.087855,-0.164410,0.138120,-0.294093,0.041211,0.137548,-0.292117,-0.167967,0.135228,0.080734,0.091555,0.015938,0.082008,-0.208783,0.035537,-0.187483,0.089022,0.015942,-0.219774,-0.211412,0.015623
-0.103539,-0.061134,0.138612,0.085438,0.045234,0.142439,0.087420,-0.163951,0.140836,-0.294497,0.041682,0.136387,-0.292516,-0.167503,0.134785,0.080765,0.091612,0.015929,0.080564,-0.208682,0.038083,-0.187553,0.089071,0.015926,-0.219821,-0.211355,0.015614
-0.103989,-0.060631,0.139185,0.084959,0.045747,0.144056,0.086943,-0.163442,0.143226,-0.294920,0.042180,0.135144,-0.292936,-0.167009,0.134314,0.080776,0.091669,0.015909,0.078071,-0.208568,0.039858,-0.187618,0.089123,0.015913,-0.219862,-0.211297,0.015618
-0.104500,-0.060188,0.139491,0.084415,0.046207,0.145183,0.086402,-0.162983,0.145042,-0.295402,0.042607,0.133941,-0.293414,-0.166584,0.133799,0.080743,0.091712,0.015916,0.074548,-0.208477,0.040710,-0.187713,0.089162,0.015905,-0.219946,-0.211258,0.015638
-0.105026,-0.059845,0.139457,0.083862,0.046566,0.145709,0.085850,-0.162624,0.146092,-0.295902,0.042934,0.132821,-0.293914,-0.166256,0.133204,0.080723,0.091751,0.015900,0.070050,-0.208419,0.040537,-0.187764,0.089200,0.015902,-0.219985,-0.211221,0.015642
-0.105576,-0.059662,0.139010,0.083300,0.046757,0.145497,0.085286,-0.162432,0.146183,-0.296437,0.043108,0.131836,-0.294451,-0.166081,0.132522,0.080656,0.091760,0.015894,0.064569,-0.208432,0.039098,-0.187837,0.089211,0.015893,-0.220047,-0.211210,0.015662
-0.106110,-0.059616,0.138072,0.082766,0.046812,0.144417,0.084759,-0.162377,0.145177,-0.296978,0.043145,0.130966,-0.294985,-0.166044,0.131726,0.080524,0.091776,0.015884,0.058193,-0.208479,0.036247,-0.187933,0.089218,0.015891,-0.220121,-0.211205,0.015665
-0.106544,-0.059792,0.136554,0.082352,0.046628,0.142389,0.084346,-0.162562,0.142902,-0.297435,0.042979,0.130205,-0.295441,-0.166211,0.130718,0.080383,0.091751,0.015894,0.050615,-0.208609,0.031297,-0.187968,0.089194,0.015891,-0.220195,-0.211228,0.015676
-0.106880,-0.060242,0.134320,0.082046,0.046170,0.139291,0.084052,-0.163020,0.139103,-0.297812,0.042536,0.129537,-0.295806,-0.166654,0.129350,0.080231,0.091716,0.015848,0.041442,-0.208777,0.023504,-0.188007,0.089144,0.015893,-0.220241,-0.211279,0.015677
-0.107033,-0.060974,0.131238,0.081923,0.045432,0.135059,0.083942,-0.163754,0.133696,-0.298008,0.041806,0.128779,-0.295989,-0.167380,0.127417,0.080032,0.091643,0.015864,0.034652,-0.208916,0.015945,-0.188047,0.089055,0.015896,-0.220315,-0.211375,0.015660
-0.107018,-0.061378,0.127844,0.081952,0.045025,0.131036,0.083972,-0.164155,0.128934,-0.298007,0.041398,0.126755,-0.295987,-0.167782,0.124652,0.079857,0.091617,0.015859,0.034654,-0.208950,0.015926,-0.188110,0.089028,0.015895,-0.220371,-0.211410,0.015668
-0.106834,-0.061424,0.124671,0.082133,0.044989,0.127638,0.084162,-0.164190,0.125427,-0.297831,0.041341,0.123914,-0.295802,-0.167837,0.121703,0.080840,0.091597,0.017314,0.034692,-0.208967,0.015920,-0.188166,0.089002,0.015889,-0.220479,-0.211440,0.015673
-0.106674,-0.061378,0.121965,0.082288,0.045047,0.124811,0.084330,-0.164132,0.122650,-0.297678,0.041375,0.121279,-0.295636,-0.167804,0.119118,0.082721,0.091574,0.021429,0.034730,-0.208968,0.015913,-0.188231,0.088987,0.015884,-0.225384,-0.211500,0.015301
-0.106483,-0.061371,0.119846,0.082488,0.045034,0.122846,0.084509,-0.164144,0.120647,-0.297476,0.041403,0.119045,-0.295455,-0.167776,0.116846,0.083938,0.091506,0.027439,0.034772,-0.208979,0.015929,-0.188297,0.088997,0.015879,-0.229852,-0.211536,0.015931
-0.106522,-0.061562,0.118312,0.082440,0.044845,0.121832,0.084473,-0.164329,0.119277,-0.297516,0.041206,0.117346,-0.295483,-0.167968,0.114792,0.084214,0.091375,0.035304,0.034794,-0.209005,0.015908,-0.188336,0.088962,0.015879,-0.239594,-0.211669,0.015596
-0.106499,-0.061874,0.117291,0.082446,0.044520,0.121913,0.084491,-0.164646,0.118749,-0.297488,0.040897,0.115833,-0.295443,-0.168269,0.112668,0.083336,0.091179,0.043073,0.034813,-0.209033,0.015900,-0.188371,0.088934,0.015875,-0.244548,-0.211763,0.015784
-0.106438,-0.062263,0.116918,0.082481,0.044113,0.122817,0.084543,-0.165041,0.118976,-0.297418,0.040514,0.114861,-0.295357,-0.168640,0.111020,0.081303,0.090923,0.048681,0.034808,-0.209098,0.015889,-0.188404,0.088867,0.015875,-0.248115,-0.211888,0.015889
-0.106293,-0.062614,0.117089,0.082602,0.043730,0.124205,0.084671,-0.165411,0.119703,-0.297256,0.040182,0.114476,-0.295188,-0.168959,0.109974,0.078711,0.090706,0.052102,0.034816,-0.209131,0.015840,-0.188411,0.088844,0.015878,-0.250183,-0.211953,0.015980
-0.106049,-0.062988,0.117635,0.082806,0.043352,0.125802,0.084914,-0.165775,0.120699,-0.297011,0.039799,0.114571,-0.294904,-0.169328,0.109467,0.076025,0.090507,0.053772,0.034829,-0.209187,0.015847,-0.188371,0.088767,0.015882,-0.251630,-0.212074,0.015856
-0.105606,-0.063271,0.118343,0.083229,0.043040,0.127320,0.085341,-0.166075,0.121754,-0.296553,0.039534,0.114933,-0.294441,-0.169581,0.109367,0.073516,0.090361,0.054020,0.034886,-0.209234,0.015838,-0.188305,0.088732,0.015892,-0.251892,-0.212133,0.015941
-0.105118,-0.063560,0.118985,0.083695,0.042737,0.128570,0.085827,-0.166365,0.122529,-0.296062,0.039244,0.115440,-0.293930,-0.169858,0.109399,0.071281,0.090256,0.053297,0.034940,-0.209273,0.015830,-0.188220,0.088691,0.015898,-0.253018,-0.212210,0.015863
-0.104515,-0.063782,0.119386,0.084280,0.042500,0.129464,0.086427,-0.166588,0.122991,-0.295457,0.039025,0.115781,-0.293310,-0.170064,0.109308,0.069392,0.090216,0.052120,0.035023,-0.209272,0.015826,-0.188138,0.088693,0.015906,-0.253882,-0.212241,0.015901
-0.103920,-0.063957,0.119529,0.084857,0.042323,0.129959,0.087026,-0.166756,0.123177,-0.294866,0.038841,0.115881,-0.292697,-0.170238,0.109098,0.067647,0.090192,0.050715,0.035070,-0.209289,0.015849,-0.188098,0.088668,0.015912,-0.255600,-0.212304,0.015850
-0.103294,-0.064125,0.119377,0.085468,0.042151,0.130110,0.087655,-0.166918,0.123024,-0.294243,0.038668,0.115730,-0.292057,-0.170401,0.108645,0.066188,0.090156,0.049612,0.035159,-0.209312,0.015831,-0.188018,0.088640,0.015916,-0.257444,-0.212372,0.015826
-0.102737,-0.064308,0.119022,0.086020,0.041947,0.130054,0.088207,-0.167110,0.122635,-0.293682,0.038494,0.115410,-0.291495,-0.170563,0.107990,0.064840,0.090087,0.048884,0.035227,-0.209355,0.015833,-0.187961,0.088612,0.015918,-0.259569,-0.212438,0.015797
-0.102211,-0.064476,0.118555,0.086538,0.041761,0.129899,0.088731,-0.167284,0.122154,-0.293153,0.038332,0.114955,-0.290960,-0.170713,0.107210,0.063455,0.090016,0.048577,0.035288,-0.209388,0.015816,-0.187945,0.088588,0.015923,-0.261804,-0.212502,0.015735
-0.101685,-0.064651,0.118093,0.087048,0.041576,0.129787,0.089258,-0.167457,0.121718,-0.292627,0.038154,0.114469,-0.290417,-0.170879,0.106400,0.061980,0.089931,0.048617,0.035369,-0.209423,0.015766,-0.187891,0.088551,0.015927,-0.263745,-0.212583,0.015721
