0.013027,0.001444,0.354210,0.199821,0.111188,0.364477,0.205499,-0.097933,0.365155,-0.179445,0.100821,0.343264,-0.173766,-0.108301,0.343942,0.189705,0.155803,0.186244,0.238900,-0.142990,0.212134,-0.174059,0.145823,0.155027,-0.127682,-0.153119,0.158132
0.020275,0.002035,0.351565,0.206650,0.112222,0.364387,0.212911,-0.096884,0.363724,-0.172360,0.100954,0.339406,-0.166100,-0.108151,0.338744,0.187040,0.157666,0.187348,0.240156,-0.141035,0.204811,-0.173486,0.146972,0.155988,-0.127043,-0.151867,0.154044
0.027821,0.002539,0.345417,0.213762,0.113114,0.360919,0.220653,-0.095951,0.357929,-0.165011,0.101030,0.332905,-0.158121,-0.108035,0.329914,0.189097,0.160286,0.185703,0.240876,-0.138488,0.198778,-0.180661,0.148559,0.153543,-0.125530,-0.149735,0.140809
0.035076,0.003093,0.335298,0.220431,0.114312,0.353051,0.228238,-0.094688,0.348274,-0.158086,0.100875,0.322322,-0.150279,-0.108125,0.317545,0.192795,0.162754,0.178918,0.245176,-0.136038,0.194684,-0.182922,0.149385,0.149762,-0.123935,-0.148135,0.120734
0.041439,0.003687,0.321152,0.226041,0.115835,0.340797,0.235054,-0.093087,0.334899,-0.152176,0.100461,0.307405,-0.143163,-0.108462,0.301508,0.199350,0.165119,0.166305,0.254465,-0.133582,0.186882,-0.172659,0.149822,0.139663,-0.117240,-0.147062,0.096311
0.046909,0.004229,0.303157,0.230805,0.117194,0.324664,0.240921,-0.091643,0.317622,-0.147102,0.100101,0.288692,-0.136986,-0.108736,0.281650,0.212854,0.167631,0.153327,0.267039,-0.130837,0.167285,-0.152283,0.151221,0.115443,-0.103249,-0.145563,0.072035
0.052078,0.004634,0.281457,0.235451,0.117975,0.305318,0.246318,-0.090741,0.296148,-0.142161,0.100009,0.266767,-0.131295,-0.108707,0.257597,0.230186,0.170526,0.139837,0.280413,-0.127512,0.136612,-0.131191,0.154281,0.081384,-0.083786,-0.142560,0.047543
0.057571,0.004926,0.256213,0.240464,0.118384,0.283022,0.251962,-0.090146,0.270868,-0.136819,0.099998,0.241558,-0.125321,-0.108532,0.229404,0.243746,0.173971,0.114712,0.291627,-0.123666,0.101207,-0.117753,0.158003,0.046695,-0.061994,-0.138200,0.016022
0.063522,0.006624,0.230065,0.247121,0.119429,0.254721,0.257678,-0.089175,0.242992,-0.130634,0.102423,0.217138,-0.120076,-0.106181,0.205408,0.250638,0.175411,0.072899,0.297213,-0.122266,0.056477,-0.106339,0.160535,0.016145,-0.060675,-0.138089,0.015742
0.073597,0.008256,0.208915,0.258302,0.120831,0.224795,0.267967,-0.087857,0.213806,-0.120773,0.104368,0.204025,-0.111108,-0.104320,0.193036,0.231021,0.176218,0.014219,0.287309,-0.122106,0.016000,-0.104980,0.160573,0.015800,-0.059617,-0.138166,0.015845
0.086246,0.009721,0.195744,0.271158,0.122680,0.205183,0.280858,-0.086017,0.194407,-0.108365,0.105460,0.197081,-0.098665,-0.103237,0.186305,0.230599,0.176133,0.015797,0.287113,-0.122070,0.015918,-0.103583,0.160596,0.015909,-0.058265,-0.138122,0.015928
0.099693,0.011572,0.187284,0.284631,0.124718,0.193360,0.294343,-0.084022,0.183463,-0.094956,0.107166,0.191106,-0.085245,-0.101574,0.181209,0.231315,0.176207,0.015796,0.287791,-0.121929,0.015846,-0.112051,0.160063,0.019374,-0.056879,-0.137967,0.015907
0.113220,0.013452,0.182319,0.298091,0.126782,0.186830,0.307929,-0.082004,0.178103,-0.081489,0.108908,0.186535,-0.071650,-0.099878,0.177807,0.232302,0.176364,0.015971,0.301881,-0.121384,0.023909,-0.121054,0.158664,0.041072,-0.055493,-0.137880,0.015686
0.127003,0.015248,0.181930,0.311832,0.128681,0.185411,0.321745,-0.080151,0.177969,-0.067739,0.110647,0.185892,-0.057827,-0.098185,0.178450,0.233509,0.176531,0.015977,0.322813,-0.120566,0.035851,-0.113419,0.158186,0.068669,-0.054275,-0.137746,0.015669
0.141586,0.016436,0.185759,0.326376,0.129961,0.188251,0.336357,-0.078893,0.181516,-0.053184,0.111765,0.190003,-0.043203,-0.097088,0.183268,0.234857,0.176668,0.015975,0.338881,-0.119921,0.045809,-0.094195,0.158721,0.084895,-0.053310,-0.137692,0.015686
0.157135,0.016549,0.191978,0.341914,0.130106,0.193699,0.351898,-0.078731,0.186491,-0.037628,0.111830,0.197466,-0.027644,-0.097007,0.190258,0.236288,0.176724,0.015814,0.347819,-0.119846,0.052928,-0.070680,0.159606,0.086592,-0.052542,-0.137706,0.015827
0.172905,0.016125,0.197898,0.357672,0.129713,0.197643,0.367593,-0.079090,0.189415,-0.021783,0.111339,0.206380,-0.011862,-0.097463,0.198152,0.237712,0.176715,0.015811,0.350868,-0.119951,0.050604,-0.043139,0.160990,0.076227,-0.051996,-0.137725,0.015908
0.187828,0.015595,0.200924,0.372195,0.129797,0.198144,0.382620,-0.078892,0.187913,-0.006964,0.110082,0.213935,0.003461,-0.098608,0.203704,0.279015,0.179302,0.022752,0.349713,-0.118638,0.035753,-0.007121,0.163314,0.057303,-0.050821,-0.137830,0.019095
0.202114,0.014949,0.200113,0.385877,0.130086,0.196137,0.397179,-0.078437,0.183676,0.007050,0.108334,0.216550,0.018351,-0.100188,0.204089,0.337569,0.182873,0.032018,0.346564,-0.116725,0.015446,0.037369,0.165859,0.044457,-0.051778,-0.139573,0.036519
0.215916,0.014741,0.196396,0.399351,0.130385,0.192027,0.411141,-0.078047,0.178549,0.020690,0.107529,0.214242,0.032480,-0.100904,0.200764,0.388568,0.184966,0.043976,0.347754,-0.116736,0.015950,0.078506,0.168026,0.034703,-0.047464,-0.141655,0.055580
0.229294,0.015887,0.191474,0.412558,0.131840,0.188228,0.424797,-0.076589,0.175106,0.033791,0.108364,0.207842,0.046030,-0.100065,0.194720,0.423956,0.186612,0.053459,0.349030,-0.116637,0.015963,0.104073,0.169940,0.019923,-0.033639,-0.142097,0.063440
0.242306,0.017823,0.186551,0.425682,0.133631,0.184901,0.437914,-0.074861,0.172830,0.046698,0.110507,0.200273,0.058930,-0.097986,0.188201,0.447596,0.187933,0.056887,0.350208,-0.116531,0.016000,0.106339,0.170298,0.015677,-0.013954,-0.140828,0.066641
0.255253,0.019663,0.183978,0.438756,0.135280,0.183360,0.450875,-0.073279,0.172353,0.059631,0.112604,0.195603,0.071750,-0.095954,0.184596,0.467370,0.189220,0.056632,0.351377,-0.116392,0.015876,0.107623,0.170470,0.015828,0.006929,-0.139292,0.070562
0.268398,0.021717,0.183941,0.452043,0.137110,0.183545,0.463968,-0.071532,0.174026,0.072829,0.114966,0.193857,0.084754,-0.093677,0.184337,0.485493,0.190408,0.056108,0.352558,-0.116247,0.015682,0.108818,0.170707,0.016056,0.027578,-0.137437,0.073005
0.281769,0.024441,0.185625,0.465550,0.139615,0.184835,0.477271,-0.069132,0.177631,0.086266,0.118015,0.193619,0.097987,-0.090732,0.186416,0.501223,0.191716,0.053009,0.353780,-0.116029,0.015759,0.109903,0.171020,0.015996,0.049802,-0.135095,0.073652
0.295353,0.028177,0.188071,0.479346,0.143001,0.186294,0.490721,-0.065857,0.182585,0.099985,0.122211,0.193557,0.111360,-0.086647,0.189848,0.512386,0.192846,0.044330,0.354912,-0.115818,0.015931,0.111144,0.171498,0.015903,0.076020,-0.131967,0.069921
0.309093,0.032435,0.189855,0.493806,0.146017,0.185184,0.503841,-0.062942,0.185631,0.114346,0.127812,0.194079,0.124381,-0.081147,0.194526,0.511259,0.192008,0.021803,0.357564,-0.115832,0.016005,0.112361,0.172838,0.015943,0.109327,-0.127670,0.055399
0.322716,0.036408,0.190732,0.508336,0.148360,0.183446,0.516616,-0.060659,0.186079,0.128815,0.133476,0.195385,0.137096,-0.075544,0.198018,0.510456,0.191823,0.015902,0.414217,-0.112361,0.014952,0.109258,0.175929,0.015898,0.153282,-0.122463,0.033580
0.336430,0.039368,0.190326,0.522829,0.149851,0.180847,0.529576,-0.059187,0.185565,0.143284,0.137923,0.195087,0.150030,-0.071115,0.199805,0.508683,0.191156,0.015885,0.459042,-0.110659,0.021168,0.107596,0.178209,0.015775,0.194462,-0.119061,0.027250
0.350166,0.041508,0.188438,0.536776,0.151550,0.178003,0.543118,-0.057457,0.184368,0.157214,0.140473,0.192509,0.163557,-0.068534,0.198873,0.509771,0.191288,0.015969,0.520813,-0.108392,0.027862,0.108262,0.179100,0.015849,0.235734,-0.117137,0.024757
0.363804,0.042600,0.184471,0.550537,0.152496,0.174746,0.556717,-0.056491,0.181897,0.170890,0.141690,0.187045,0.177070,-0.067296,0.194196,0.510951,0.191389,0.015983,0.569523,-0.106449,0.040416,0.112474,0.179600,0.015825,0.267376,-0.116230,0.015703
0.377201,0.043641,0.180172,0.563965,0.153559,0.171326,0.570160,-0.055393,0.179406,0.184243,0.142674,0.180937,0.190437,-0.066278,0.189018,0.512166,0.191521,0.016002,0.600449,-0.104886,0.053025,0.123655,0.180150,0.019803,0.268699,-0.116160,0.015807
0.390404,0.045567,0.178215,0.577238,0.155366,0.169355,0.583339,-0.053508,0.179315,0.197468,0.144642,0.177115,0.203570,-0.064232,0.187076,0.513436,0.191704,0.015883,0.621309,-0.103511,0.062060,0.138833,0.181632,0.034147,0.269918,-0.115989,0.015653
0.403717,0.047664,0.178926,0.590623,0.157349,0.170174,0.596622,-0.051425,0.182095,0.210812,0.146754,0.175757,0.216811,-0.062020,0.187679,0.514756,0.191891,0.015706,0.637811,-0.102377,0.066626,0.155727,0.183322,0.046316,0.271076,-0.115823,0.015725
0.417099,0.049485,0.181645,0.604063,0.159106,0.173341,0.609975,-0.049580,0.186760,0.224223,0.148550,0.176531,0.230135,-0.060136,0.189950,0.516059,0.192042,0.015764,0.650812,-0.101491,0.070020,0.173006,0.184938,0.056438,0.272143,-0.115707,0.015778
0.430717,0.050797,0.185896,0.617713,0.160419,0.178342,0.623573,-0.048217,0.192537,0.237862,0.149811,0.179254,0.243722,-0.058824,0.193449,0.517330,0.192129,0.016028,0.659796,-0.100847,0.073850,0.190640,0.186362,0.066147,0.273147,-0.115656,0.015829
0.444801,0.051552,0.191561,0.631773,0.161273,0.184925,0.637675,-0.047363,0.199095,0.251928,0.150467,0.184026,0.257830,-0.058169,0.198196,0.518656,0.192175,0.016038,0.664805,-0.100378,0.078234,0.209175,0.187435,0.075141,0.274066,-0.115663,0.015914
0.459579,0.051759,0.198412,0.646500,0.161615,0.192633,0.652494,-0.047067,0.206060,0.266665,0.150585,0.190764,0.272659,-0.058098,0.204191,0.520049,0.192176,0.015935,0.666250,-0.100162,0.082863,0.229634,0.188018,0.080945,0.274874,-0.115708,0.015972
0.474808,0.051580,0.205332,0.661666,0.161550,0.199686,0.667783,-0.047200,0.211963,0.281832,0.150361,0.198702,0.287949,-0.058389,0.210979,0.521445,0.192174,0.015803,0.665622,-0.100264,0.085244,0.252985,0.188033,0.079157,0.275617,-0.115765,0.016009
0.489567,0.051364,0.210138,0.676044,0.161908,0.203240,0.682882,-0.046878,0.214478,0.296251,0.149606,0.205797,0.303090,-0.059180,0.217035,0.545382,0.193163,0.017357,0.665774,-0.100243,0.079527,0.281172,0.187061,0.064776,0.274071,-0.116441,0.016938
0.503384,0.050931,0.211494,0.689092,0.162674,0.203312,0.697342,-0.046111,0.213570,0.309426,0.147973,0.209418,0.317675,-0.060812,0.219676,0.598114,0.195726,0.022309,0.669916,-0.099951,0.066710,0.317902,0.185806,0.045735,0.268012,-0.117592,0.030871
0.516739,0.050457,0.209124,0.701437,0.163863,0.200942,0.711539,-0.044902,0.209871,0.321938,0.145816,0.208377,0.332041,-0.062949,0.217306,0.660623,0.200130,0.030213,0.671777,-0.099400,0.045535,0.360906,0.185746,0.033040,0.262295,-0.118891,0.053140
0.530117,0.049870,0.202632,0.714066,0.164529,0.195065,0.725520,-0.044248,0.201821,0.334714,0.143989,0.203444,0.346168,-0.064788,0.210200,0.711356,0.204932,0.040847,0.670276,-0.098616,0.022724,0.397991,0.187191,0.023856,0.266170,-0.119065,0.075915
0.543602,0.049475,0.193423,0.727493,0.164288,0.186835,0.739059,-0.044524,0.192163,0.348145,0.143475,0.194684,0.359711,-0.065337,0.200011,0.747592,0.207323,0.045253,0.670212,-0.098372,0.015805,0.412324,0.187996,0.015632,0.281349,-0.118118,0.086117
0.557117,0.049329,0.185911,0.741044,0.164120,0.179980,0.752553,-0.044714,0.184508,0.361682,0.143372,0.187314,0.373191,-0.065462,0.191842,0.773126,0.208516,0.046158,0.671256,-0.098381,0.015852,0.413755,0.188051,0.015717,0.302597,-0.117139,0.087781
0.570854,0.049496,0.182154,0.754791,0.164263,0.176056,0.766265,-0.044585,0.180005,0.375444,0.143578,0.184303,0.386918,-0.065270,0.188252,0.792856,0.209430,0.046457,0.672425,-0.098370,0.015909,0.415089,0.188099,0.015917,0.324486,-0.116152,0.086395
0.584785,0.050590,0.181635,0.768729,0.165308,0.174878,0.780172,-0.043534,0.179209,0.389399,0.144714,0.184062,0.400842,-0.064128,0.188393,0.809913,0.210406,0.045307,0.673642,-0.098284,0.015970,0.416306,0.188229,0.015912,0.346280,-0.114784,0.085275
0.598907,0.053051,0.183153,0.782856,0.167701,0.175434,0.794293,-0.041094,0.181631,0.403522,0.147197,0.184675,0.414959,-0.061599,0.190872,0.824322,0.211498,0.040232,0.674913,-0.098091,0.015870,0.417510,0.188492,0.015921,0.370238,-0.112793,0.082836
0.613213,0.056815,0.185380,0.797210,0.171261,0.175980,0.808563,-0.037416,0.185458,0.417862,0.151045,0.185302,0.429216,-0.057631,0.194781,0.831836,0.211882,0.025694,0.676102,-0.097895,0.015772,0.418744,0.188964,0.015951,0.399866,-0.110301,0.073513
0.627457,0.060618,0.187142,0.811653,0.174463,0.174815,0.822592,-0.034056,0.187641,0.432322,0.155292,0.186642,0.443260,-0.053228,0.199469,0.831599,0.211323,0.015748,0.706877,-0.096308,0.015596,0.419383,0.189709,0.015897,0.440553,-0.108151,0.050186
0.641590,0.063366,0.188694,0.825976,0.176648,0.174201,0.836500,-0.031772,0.188856,0.446680,0.158505,0.188533,0.457204,-0.049916,0.203187,0.832581,0.211458,0.015708,0.752081,-0.093245,0.024008,0.419472,0.190604,0.015774,0.489762,-0.105812,0.033649
0.655964,0.065034,0.189359,0.840350,0.178221,0.174133,0.850863,-0.030126,0.189813,0.461065,0.160195,0.188906,0.471578,-0.048152,0.204586,0.833837,0.211603,0.015673,0.822343,-0.089189,0.030526,0.420459,0.190743,0.015656,0.539399,-0.103339,0.032213
0.670441,0.065437,0.187885,0.854803,0.178616,0.172315,0.865328,-0.029747,0.187762,0.475553,0.160622,0.188009,0.486079,-0.047741,0.203456,0.835090,0.211653,0.015848,0.878837,-0.085426,0.043049,0.421483,0.190752,0.015737,0.584806,-0.101094,0.032042
0.684872,0.064781,0.184490,0.869058,0.178352,0.169715,0.879923,-0.030067,0.184146,0.489821,0.159629,0.184835,0.500686,-0.048789,0.199266,0.836299,0.211618,0.015948,0.915315,-0.082688,0.056388,0.427089,0.190267,0.015681,0.612699,-0.100957,0.020370
0.698883,0.064093,0.180596,0.882993,0.178005,0.167607,0.894065,-0.030486,0.180791,0.503701,0.158671,0.180402,0.514773,-0.049819,0.193585,0.837567,0.211614,0.016057,0.936913,-0.081042,0.066489,0.440562,0.190772,0.019884,0.614978,-0.101333,0.015976
0.712387,0.064654,0.178738,0.896498,0.178663,0.166647,0.907613,-0.029828,0.179792,0.517161,0.159135,0.177683,0.528276,-0.049355,0.190829,0.838890,0.211698,0.016006,0.953169,-0.079777,0.072369,0.456421,0.192219,0.030460,0.616239,-0.101295,0.015983
0.725780,0.065841,0.179012,0.909932,0.179874,0.167788,0.921021,-0.028586,0.181439,0.530540,0.160268,0.176585,0.541629,-0.048191,0.190235,0.840248,0.211823,0.015765,0.968343,-0.078705,0.074152,0.472309,0.193866,0.040420,0.617450,-0.101188,0.015856
0.739162,0.067126,0.180770,0.923361,0.181182,0.170605,0.934404,-0.027245,0.184778,0.543921,0.161498,0.176761,0.554964,-0.046929,0.190935,0.841556,0.211933,0.015714,0.981926,-0.077852,0.074405,0.488261,0.195470,0.048864,0.618600,-0.101102,0.015570
0.752605,0.068253,0.183666,0.936827,0.182371,0.174687,0.947850,-0.026038,0.189139,0.557361,0.162543,0.178192,0.568384,-0.045866,0.192644,0.842860,0.212014,0.015928,0.992792,-0.077180,0.075261,0.504656,0.197011,0.057542,0.619699,-0.101047,0.015663
0.766277,0.069141,0.187742,0.950492,0.183354,0.179916,0.961533,-0.025061,0.194260,0.571022,0.163343,0.181225,0.582062,-0.045073,0.195569,0.844133,0.212063,0.016043,1.000438,-0.076675,0.077242,0.521853,0.198504,0.067087,0.620755,-0.101018,0.015779
0.780449,0.069767,0.193016,0.964600,0.184144,0.186131,0.975755,-0.024302,0.199936,0.585143,0.163836,0.186095,0.596298,-0.044610,0.199900,0.845423,0.212114,0.016014,1.004654,-0.076370,0.079140,0.540380,0.199752,0.075825,0.621705,-0.101056,0.015818
0.795353,0.070022,0.199316,0.979425,0.184567,0.193139,0.990723,-0.023938,0.205893,0.599983,0.163983,0.192739,0.611281,-0.044522,0.205492,0.846809,0.212136,0.015817,1.005745,-0.076322,0.081696,0.561128,0.200657,0.081216,0.622575,-0.101109,0.015895
0.810703,0.070090,0.205508,0.994647,0.184820,0.198951,1.006181,-0.023742,0.210498,0.615225,0.163923,0.200518,0.626760,-0.044640,0.212065,0.848215,0.212175,0.015885,1.004881,-0.076532,0.081742,0.584814,0.201077,0.078547,0.623289,-0.101278,0.015959
0.825596,0.070196,0.209468,1.008983,0.185710,0.201297,1.021494,-0.022868,0.211451,0.629698,0.163261,0.207485,0.642208,-0.045317,0.217640,0.876877,0.214440,0.017840,1.004703,-0.076180,0.073438,0.613414,0.200856,0.063417,0.617924,-0.102065,0.018278
0.839493,0.070132,0.209961,1.021840,0.187174,0.200370,1.036129,-0.021375,0.208587,0.642857,0.161640,0.211336,0.657146,-0.046910,0.219552,0.929562,0.219473,0.023453,1.008738,-0.074783,0.057846,0.650277,0.201184,0.044922,0.608908,-0.103175,0.032524
0.852928,0.069979,0.206739,1.034019,0.188964,0.197266,1.050457,-0.019512,0.202911,0.655399,0.159470,0.210567,0.671837,-0.049006,0.216212,0.992228,0.226800,0.031925,1.008660,-0.073024,0.032729,0.693021,0.203240,0.033134,0.602499,-0.104434,0.055490
0.866333,0.069601,0.199482,1.046671,0.189765,0.190534,1.064354,-0.018667,0.193364,0.668312,0.157870,0.205600,0.685995,-0.050562,0.208430,1.041209,0.232870,0.039671,1.006412,-0.071611,0.015855,0.728076,0.206106,0.025038,0.606959,-0.104669,0.076972
0.879581,0.069762,0.190664,1.059898,0.189994,0.182205,1.077618,-0.018445,0.184178,0.681545,0.157969,0.197151,0.699265,-0.050469,0.199124,1.075036,0.235582,0.043301,1.007388,-0.071625,0.015840,0.741298,0.206946,0.015599,0.622473,-0.103717,0.082635
0.892776,0.070338,0.184107,1.073123,0.190569,0.176317,1.090814,-0.017877,0.177734,0.694739,0.158552,0.190480,0.712430,-0.049894,0.191897,1.099355,0.237514,0.044418,1.008500,-0.071577,0.015905,0.742663,0.207046,0.015770,0.643720,-0.102069,0.084576
0.906193,0.071368,0.181350,1.086558,0.191576,0.173629,1.104217,-0.016873,0.174945,0.708168,0.159609,0.187754,0.725828,-0.048841,0.189070,1.119143,0.239139,0.045042,1.009689,-0.071500,0.015820,0.743906,0.207165,0.015901,0.664699,-0.100296,0.084020
0.919842,0.073326,0.181578,1.100229,0.193480,0.173535,1.117863,-0.014964,0.175762,0.721821,0.161616,0.187394,0.739455,-0.046828,0.189621,1.136474,0.240777,0.044001,1.010924,-0.071333,0.015935,0.745074,0.207366,0.015924,0.685964,-0.098099,0.083764
0.933704,0.076597,0.183604,1.114122,0.196663,0.174948,1.131746,-0.011743,0.179511,0.735663,0.164938,0.187697,0.753287,-0.043468,0.192260,1.150811,0.242415,0.039123,1.012193,-0.071060,0.015846,0.746185,0.207690,0.015931,0.709833,-0.095187,0.081708
0.947708,0.080958,0.186029,1.128321,0.200606,0.175799,1.145633,-0.007715,0.184010,0.749783,0.169631,0.188048,0.767095,-0.038690,0.196259,1.157361,0.242671,0.023835,1.013313,-0.070983,0.015811,0.747429,0.208294,0.015957,0.739649,-0.091514,0.071899
0.961605,0.085129,0.188130,1.142484,0.204191,0.175960,1.159320,-0.004029,0.187170,0.763890,0.174286,0.189089,0.780726,-0.033933,0.200299,1.157690,0.242458,0.015738,1.047153,-0.067826,0.018820,0.747530,0.209305,0.015938,0.781043,-0.087784,0.047773
0.975574,0.088099,0.190091,1.156496,0.206974,0.176776,1.173257,-0.001134,0.189981,0.777892,0.177332,0.190200,0.794653,-0.030776,0.203405,1.158744,0.242626,0.015748,1.107529,-0.062630,0.024286,0.748433,0.209581,0.015792,0.828825,-0.084288,0.036740
0.989876,0.089954,0.190439,1.170798,0.208755,0.176494,1.187548,0.000696,0.190471,0.792204,0.179213,0.190407,0.808953,-0.028847,0.204384,1.159964,0.242785,0.015775,1.172958,-0.056810,0.032209,0.749416,0.209732,0.015722,0.880659,-0.080280,0.033109
1.004383,0.090646,0.188301,1.185276,0.209466,0.174131,1.202053,0.001385,0.187758,0.806713,0.179906,0.188844,0.823490,-0.028174,0.202472,1.161176,0.242854,0.015893,1.223189,-0.051959,0.044935,0.750486,0.209732,0.015767,0.925706,-0.076849,0.031120
1.018822,0.090404,0.184268,1.199475,0.209713,0.171197,1.216702,0.001610,0.183892,0.820941,0.179198,0.184643,0.838168,-0.028904,0.197338,1.162367,0.242866,0.016053,1.255759,-0.048575,0.057196,0.757906,0.209365,0.015714,0.951661,-0.076231,0.016502
1.032814,0.090334,0.180042,1.213451,0.209868,0.168940,1.230769,0.001707,0.180504,0.834859,0.178962,0.179580,0.852177,-0.029199,0.191144,1.163689,0.242911,0.016043,1.275788,-0.046530,0.067005,0.771977,0.210601,0.021050,0.952997,-0.076221,0.015943
1.046230,0.091609,0.178285,1.226900,0.211155,0.167861,1.244192,0.003007,0.179708,0.848269,0.180211,0.176862,0.865561,-0.027936,0.188709,1.165008,0.243043,0.015894,1.291734,-0.044849,0.072075,0.787737,0.212640,0.032411,0.954243,-0.076081,0.015963
1.059544,0.093402,0.178784,1.240258,0.212935,0.169031,1.257503,0.004828,0.181628,0.861585,0.181975,0.175941,0.878829,-0.026132,0.188538,1.166353,0.243219,0.015699,1.306754,-0.043341,0.073227,0.803543,0.214764,0.042278,0.955444,-0.075930,0.015759
1.072868,0.095183,0.180818,1.253626,0.214725,0.172002,1.270818,0.006653,0.185239,0.874919,0.183713,0.176396,0.892111,-0.024359,0.189633,1.167658,0.243377,0.015739,1.319865,-0.042118,0.073209,0.819474,0.216825,0.050596,0.956602,-0.075798,0.015610
1.086285,0.096750,0.184025,1.267056,0.216344,0.176284,1.284230,0.008292,0.189838,0.888339,0.185207,0.178212,0.905513,-0.022845,0.191766,1.168939,0.243502,0.015980,1.329933,-0.041179,0.074067,0.835918,0.218830,0.059242,0.957721,-0.075708,0.015680
1.099976,0.098065,0.188397,1.280729,0.217748,0.181670,1.297930,0.009691,0.195134,0.902021,0.186438,0.181660,0.919222,-0.021619,0.195124,1.170154,0.243587,0.016034,1.336695,-0.040529,0.075757,0.853188,0.220777,0.068496,0.958746,-0.075655,0.015802
1.114243,0.099066,0.194003,1.294941,0.218878,0.188153,1.312231,0.010791,0.201019,0.916254,0.187340,0.186988,0.933544,-0.020747,0.199853,1.171479,0.243667,0.015979,1.340189,-0.040174,0.078175,0.872013,0.222550,0.076896,0.959709,-0.075644,0.015825
1.129227,0.099732,0.200500,1.309808,0.219745,0.195165,1.327303,0.011612,0.206967,0.931151,0.187852,0.194033,0.948645,-0.020281,0.205834,1.172856,0.243744,0.015779,1.340603,-0.040110,0.080747,0.893269,0.223950,0.081146,0.960550,-0.075732,0.015912
1.144466,0.100357,0.206389,1.324783,0.220720,0.200103,1.342746,0.012566,0.210778,0.946187,0.188147,0.201999,0.964149,-0.020007,0.212674,1.174312,0.243970,0.015948,1.339387,-0.040148,0.079228,0.917487,0.224895,0.076162,0.961218,-0.076025,0.016004
1.159122,0.100938,0.209804,1.338716,0.222257,0.201492,1.357892,0.014164,0.211186,0.960353,0.187712,0.208422,0.979529,-0.020381,0.218116,1.209584,0.247405,0.015921,1.339750,-0.039838,0.068689,0.947481,0.225278,0.059449,0.954176,-0.077538,0.022158
1.173130,0.101026,0.209760,1.351712,0.223665,0.199295,1.372529,0.015706,0.208472,0.973731,0.186346,0.211048,0.994549,-0.021613,0.220225,1.250818,0.251460,0.021949,1.343797,-0.039662,0.055053,0.983289,0.225642,0.043764,0.943200,-0.080446,0.039578
1.186565,0.100949,0.206257,1.363814,0.225470,0.195362,1.386791,0.017659,0.202531,0.986340,0.184239,0.209983,1.009317,-0.023572,0.217151,1.313783,0.259954,0.029004,1.342688,-0.038880,0.031216,1.022988,0.227937,0.032919,0.937268,-0.082607,0.063080
1.199802,0.100583,0.198910,1.376302,0.226171,0.188109,1.400434,0.018420,0.192783,0.999171,0.182746,0.205037,1.023303,-0.025005,0.209711,1.365463,0.267265,0.036359,1.339217,-0.038439,0.015819,1.055104,0.230933,0.023804,0.943971,-0.082800,0.084652
1.212879,0.100791,0.190351,1.389378,0.226396,0.179749,1.413473,0.018617,0.183217,1.012285,0.182964,0.197485,1.036380,-0.024815,0.200953,1.401384,0.271234,0.041023,1.340189,-0.038435,0.015854,1.064812,0.231782,0.015732,0.960734,-0.081205,0.089688
1.226017,0.101514,0.184263,1.402525,0.227135,0.173988,1.426593,0.019341,0.176656,1.025441,0.183687,0.191870,1.049509,-0.024106,0.194539,1.426458,0.273977,0.042550,1.341281,-0.038363,0.015870,1.066141,0.231900,0.015891,0.982247,-0.078984,0.091041
1.239483,0.102992,0.181763,1.416011,0.228579,0.171431,1.440039,0.020780,0.174042,1.038927,0.185203,0.189483,1.062955,-0.022596,0.192094,1.446531,0.276247,0.042751,1.342478,-0.038245,0.015851,1.067380,0.232069,0.015912,1.003536,-0.076508,0.089851
1.253208,0.105645,0.182050,1.429767,0.231161,0.171375,1.453773,0.023378,0.175191,1.052643,0.187912,0.188909,1.076650,-0.019871,0.192725,1.463949,0.278477,0.041048,1.343692,-0.038024,0.015974,1.068504,0.232327,0.015884,1.025536,-0.073447,0.088678
1.267139,0.109740,0.183902,1.443740,0.235137,0.172540,1.467743,0.027422,0.179082,1.066536,0.192059,0.188723,1.090539,-0.015657,0.195265,1.477555,0.280465,0.034266,1.344956,-0.037684,0.015808,1.069705,0.232759,0.015972,1.050838,-0.069511,0.084411
1.281197,0.114721,0.185751,1.458088,0.239479,0.172108,1.481615,0.031873,0.182627,1.080778,0.197570,0.188876,1.104305,-0.010037,0.199394,1.480912,0.279941,0.015710,1.346329,-0.037707,0.015844,1.070997,0.233495,0.015879,1.083179,-0.064812,0.069470
1.294979,0.119242,0.187282,1.472222,0.243262,0.171623,1.495135,0.035740,0.184817,1.094823,0.202743,0.189747,1.117737,-0.004779,0.202941,1.482024,0.280252,0.015746,1.397593,-0.031624,0.015318,1.070582,0.234833,0.015921,1.128493,-0.059601,0.042629
1.308975,0.122225,0.188249,1.486437,0.245802,0.171595,1.508966,0.038321,0.186047,1.108984,0.206129,0.190452,1.131514,-0.001351,0.204904,1.483041,0.280402,0.015716,1.446141,-0.025685,0.022996,1.070933,0.235652,0.015711,1.175893,-0.054337,0.032949
1.323219,0.124115,0.188003,1.500696,0.247643,0.171142,1.523203,0.040189,0.186007,1.123235,0.208041,0.190000,1.145743,0.000587,0.204864,1.484319,0.280570,0.015827,1.508621,-0.018339,0.030907,1.071886,0.235816,0.015736,1.223491,-0.049213,0.031759
1.337471,0.124874,0.185687,1.514951,0.248467,0.169359,1.537460,0.040964,0.183517,1.137482,0.208783,0.187857,1.159991,0.001280,0.202015,1.485571,0.280632,0.015911,1.558301,-0.012102,0.044195,1.073595,0.235928,0.015689,1.263881,-0.045195,0.027270
1.351566,0.124782,0.181668,1.528923,0.248838,0.167664,1.551732,0.041275,0.180404,1.151401,0.208289,0.182932,1.174210,0.000727,0.195671,1.486835,0.280716,0.016051,1.589949,-0.007915,0.056884,1.084075,0.236434,0.015683,1.280373,-0.044442,0.016016
1.365116,0.125583,0.178649,1.542445,0.249852,0.166291,1.565365,0.042267,0.178457,1.164867,0.208898,0.178842,1.187787,0.001314,0.191007,1.488150,0.280850,0.015953,1.610161,-0.005106,0.067269,1.099575,0.238471,0.024885,1.281669,-0.044384,0.015928
1.378395,0.127500,0.178094,1.555783,0.251761,0.166519,1.578648,0.044203,0.179225,1.178142,0.210798,0.176963,1.201007,0.003240,0.189668,1.489501,0.281045,0.015845,1.626532,-0.002921,0.071585,1.116183,0.241167,0.036241,1.282888,-0.044191,0.015825
1.391693,0.129732,0.179446,1.569132,0.253998,0.168753,1.591951,0.046484,0.182241,1.191435,0.212979,0.176650,1.214254,0.005465,0.190138,1.490836,0.281260,0.015688,1.641424,-0.001024,0.072556,1.132546,0.243796,0.045454,1.284045,-0.044018,0.015689
1.405052,0.131838,0.182074,1.582531,0.256138,0.172493,1.605307,0.048656,0.186532,1.204797,0.215021,0.177617,1.227573,0.007538,0.191655,1.492157,0.281442,0.015801,1.653808,0.000499,0.073402,1.148948,0.246357,0.054070,1.285182,-0.043871,0.015672
1.418571,0.133689,0.185839,1.596061,0.258060,0.177450,1.618825,0.050587,0.191640,1.218318,0.216791,0.180039,1.241082,0.009318,0.194229,1.493402,0.281584,0.016013,1.662901,0.001641,0.075340,1.165847,0.248883,0.063377,1.286234,-0.043762,0.015766
1.432484,0.135265,0.190746,1.609927,0.259769,0.183425,1.632764,0.052283,0.197302,1.232203,0.218247,0.184190,1.255040,0.010761,0.198067,1.494690,0.281716,0.016035,1.668443,0.002371,0.077479,1.183761,0.251276,0.072570,1.287245,-0.043708,0.015823
1.447083,0.136511,0.196781,1.624460,0.261157,0.190327,1.647403,0.053628,0.203369,1.246762,0.219393,0.190194,1.269705,0.011865,0.203235,1.496055,0.281814,0.015870,1.670619,0.002640,0.080220,1.203527,0.253485,0.079675,1.288141,-0.043688,0.015864
1.462330,0.137475,0.203317,1.639577,0.262320,0.197100,1.662742,0.054743,0.208936,1.261918,0.220207,0.197697,1.285083,0.012631,0.209533,1.497444,0.281925,0.015801,1.670271,0.002558,0.082307,1.226055,0.255352,0.080923,1.288932,-0.043782,0.015967
1.477482,0.138470,0.208429,1.654273,0.263892,0.200997,1.678193,0.056330,0.211507,1.276771,0.220609,0.205351,1.300691,0.013047,0.215862,1.509208,0.283611,0.015900,1.669633,0.002758,0.077668,1.252253,0.256754,0.070315,1.288855,-0.044244,0.016037
1.491856,0.139292,0.210441,1.667660,0.265969,0.201105,1.693153,0.058543,0.210554,1.290558,0.220042,0.210327,1.316051,0.012616,0.219777,1.558246,0.290063,0.018983,1.671603,0.003411,0.064698,1.285577,0.258028,0.051387,1.281217,-0.046259,0.027588
1.505688,0.140040,0.208770,1.680134,0.268522,0.198678,1.707777,0.061317,0.206832,1.303599,0.218763,0.210708,1.331241,0.011558,0.218862,1.622749,0.299910,0.024747,1.673831,0.004518,0.044631,1.327645,0.261017,0.036856,1.272503,-0.048899,0.047759
1.519379,0.140684,0.202892,1.692653,0.270747,0.192842,1.722123,0.063729,0.199151,1.316635,0.217639,0.206633,1.346105,0.010621,0.212943,1.677496,0.309718,0.035355,1.673395,0.005459,0.021843,1.369103,0.265560,0.026928,1.272292,-0.050086,0.072837
1.533062,0.141595,0.194208,1.705862,0.272335,0.184803,1.736091,0.065403,0.190302,1.330033,0.217787,0.198114,1.360262,0.010855,0.203613,1.717085,0.316107,0.041221,1.674251,0.005784,0.015791,1.391665,0.267894,0.015833,1.285008,-0.049180,0.087184
1.546635,0.143005,0.186786,1.719609,0.273575,0.178264,1.749589,0.066595,0.183288,1.343681,0.219416,0.190284,1.373660,0.012436,0.195307,1.744528,0.319846,0.043321,1.675323,0.005836,0.015840,1.392913,0.268248,0.015745,1.305674,-0.045878,0.091087
1.560349,0.144670,0.182855,1.733349,0.275202,0.174277,1.763278,0.068209,0.179051,1.357419,0.221132,0.186658,1.387348,0.014139,0.191433,1.765086,0.322723,0.044109,1.676511,0.005963,0.015816,1.394246,0.268451,0.015840,1.327525,-0.042788,0.089869
1.574177,0.147159,0.182040,1.747182,0.277643,0.172868,1.777092,0.070662,0.178219,1.371261,0.223656,0.185860,1.401171,0.016675,0.191211,1.782615,0.325349,0.043200,1.677702,0.006168,0.015981,1.395450,0.268695,0.015907,1.349233,-0.039419,0.088645
1.588116,0.150953,0.183273,1.761144,0.281341,0.173207,1.791034,0.074416,0.180514,1.385198,0.227490,0.186032,1.415087,0.020565,0.193339,1.797548,0.327796,0.038616,1.678965,0.006467,0.015952,1.396631,0.269084,0.015926,1.372779,-0.035275,0.086337
1.602142,0.156049,0.185302,1.775230,0.286228,0.173670,1.805049,0.079439,0.184348,1.399235,0.232658,0.186256,1.429055,0.025870,0.196935,1.806272,0.329014,0.025138,1.680106,0.006739,0.015804,1.397883,0.269648,0.015944,1.401441,-0.030258,0.077541
