-0.010561,-0.002831,0.367786,0.179188,0.102223,0.367230,0.179643,-0.106922,0.362425,-0.200765,0.101261,0.373147,-0.200310,-0.107884,0.368342,0.167423,0.152500,0.156548,0.179735,-0.148073,0.174806,-0.184038,0.151391,0.171533,-0.181699,-0.149112,0.185820
-0.014744,-0.004040,0.368522,0.174770,0.101391,0.365375,0.175576,-0.107752,0.360570,-0.205064,0.099673,0.376474,-0.204258,-0.109471,0.371670,0.150397,0.151895,0.141831,0.144869,-0.148698,0.158825,-0.176781,0.150623,0.142295,-0.198018,-0.150025,0.159039
-0.019255,-0.005142,0.364503,0.170117,0.100449,0.359034,0.171066,-0.108706,0.354818,-0.209575,0.098422,0.374188,-0.208627,-0.110734,0.369972,0.141100,0.150352,0.132030,0.119097,-0.150201,0.146419,-0.176866,0.149087,0.123279,-0.216576,-0.151550,0.137792
-0.024767,-0.006260,0.356163,0.164521,0.099352,0.348586,0.165467,-0.109811,0.344779,-0.215000,0.097291,0.367547,-0.214055,-0.111872,0.363740,0.148179,0.148825,0.123945,0.105770,-0.151685,0.133029,-0.182602,0.147581,0.110111,-0.231144,-0.152988,0.120888
-0.030964,-0.007439,0.343195,0.158446,0.097793,0.333634,0.158931,-0.111371,0.329816,-0.220859,0.096494,0.356575,-0.220373,-0.112671,0.352757,0.159274,0.147204,0.117222,0.100498,-0.153130,0.119751,-0.191026,0.146724,0.098936,-0.240187,-0.153721,0.108814
-0.037594,-0.008633,0.325814,0.152191,0.095714,0.314215,0.151644,-0.113447,0.310188,-0.226832,0.096181,0.341440,-0.227379,-0.112979,0.337413,0.166440,0.145101,0.108254,0.101268,-0.154843,0.106044,-0.199601,0.146472,0.086741,-0.241727,-0.153755,0.096150
-0.044174,-0.009808,0.304579,0.146140,0.093324,0.290963,0.144206,-0.115827,0.286854,-0.232554,0.096212,0.322304,-0.234489,-0.112939,0.318196,0.166406,0.142523,0.091107,0.104398,-0.157036,0.089141,-0.208328,0.146400,0.070209,-0.239634,-0.153614,0.076944
-0.050131,-0.011009,0.279743,0.140741,0.090870,0.264590,0.137383,-0.118259,0.260325,-0.237645,0.096241,0.299161,-0.241003,-0.112889,0.294896,0.156024,0.140250,0.060623,0.098335,-0.159089,0.063738,-0.216277,0.146536,0.045513,-0.238764,-0.153385,0.049493
-0.055574,-0.012218,0.250786,0.135734,0.088634,0.234326,0.131188,-0.120466,0.229729,-0.242337,0.096029,0.271842,-0.246883,-0.113071,0.267245,0.139786,0.138614,0.025268,0.081273,-0.160524,0.032867,-0.219808,0.146661,0.014863,-0.240601,-0.153178,0.017015
-0.060373,-0.013264,0.224174,0.130353,0.087633,0.202160,0.125523,-0.121425,0.196158,-0.246269,0.094898,0.252189,-0.251099,-0.114160,0.246188,0.133738,0.138385,0.015830,0.073437,-0.160529,0.015921,-0.218586,0.146528,0.015699,-0.239532,-0.153293,0.015772
-0.059774,-0.014217,0.207758,0.130470,0.086966,0.183058,0.125654,-0.122048,0.175664,-0.245203,0.093613,0.239853,-0.250019,-0.115401,0.232459,0.132768,0.138311,0.016053,0.071769,-0.160650,0.016027,-0.217810,0.146398,0.015798,-0.238661,-0.153490,0.015826
-0.054209,-0.015263,0.197761,0.135947,0.086098,0.173102,0.131127,-0.122865,0.164389,-0.239544,0.092340,0.231133,-0.244364,-0.116623,0.222419,0.132761,0.138224,0.015997,0.070476,-0.160771,0.015792,-0.216942,0.146292,0.015967,-0.237708,-0.153672,0.016033
-0.046577,-0.016167,0.190638,0.143617,0.085292,0.166694,0.138771,-0.123621,0.156864,-0.231926,0.091288,0.224412,-0.236772,-0.117625,0.214582,0.133176,0.138139,0.015962,0.069598,-0.160890,0.015775,-0.216036,0.146234,0.016084,-0.236714,-0.153794,0.015978
-0.038059,-0.016815,0.185290,0.152266,0.084692,0.162627,0.147433,-0.124184,0.152038,-0.223552,0.090553,0.218543,-0.228385,-0.118322,0.207954,0.133838,0.138079,0.015863,0.070276,-0.161024,0.016035,-0.215179,0.146145,0.016071,-0.235708,-0.153936,0.015872
-0.028713,-0.017315,0.181894,0.161817,0.084156,0.160845,0.156965,-0.124692,0.149723,-0.214391,0.090062,0.214064,-0.219244,-0.118786,0.202942,0.134696,0.138037,0.015807,0.071205,-0.161122,0.016319,-0.214320,0.146134,0.016014,-0.234727,-0.153987,0.015802
-0.018602,-0.017723,0.180991,0.172155,0.083669,0.161698,0.167296,-0.125166,0.150346,-0.204500,0.089720,0.211637,-0.209360,-0.119115,0.200284,0.135724,0.137977,0.015807,0.071151,-0.161153,0.015975,-0.213465,0.146098,0.015916,-0.233861,-0.154040,0.015691
-0.007801,-0.018013,0.183254,0.183208,0.083252,0.165869,0.178340,-0.125589,0.154615,-0.193942,0.089563,0.211893,-0.198810,-0.119278,0.200639,0.136915,0.137949,0.015736,0.072171,-0.161166,0.015885,-0.212750,0.146097,0.015786,-0.233157,-0.154048,0.015859
0.003477,-0.018246,0.189555,0.194791,0.082851,0.174740,0.189941,-0.126011,0.163884,-0.182987,0.089519,0.215226,-0.187837,-0.119343,0.204370,0.138217,0.137950,0.015784,0.073227,-0.161122,0.015707,-0.212282,0.146091,0.015756,-0.232736,-0.154028,0.015908
0.014849,-0.018318,0.200697,0.206522,0.082553,0.189398,0.201702,-0.126350,0.179339,-0.172004,0.089714,0.222056,-0.176824,-0.119189,0.211997,0.139601,0.137961,0.016000,0.074318,-0.161049,0.015759,-0.215558,0.146004,0.019132,-0.232676,-0.153974,0.015932
0.026094,-0.017899,0.216456,0.218002,0.082796,0.207895,0.213235,-0.126170,0.199229,-0.161046,0.090373,0.233684,-0.165813,-0.118593,0.225018,0.141047,0.138009,0.016023,0.075527,-0.160930,0.015982,-0.228324,0.145651,0.034936,-0.233119,-0.153893,0.016055
0.037981,-0.017429,0.235924,0.229996,0.083177,0.228854,0.225280,-0.125842,0.221542,-0.149318,0.090984,0.250307,-0.154034,-0.118035,0.242994,0.142686,0.138087,0.015850,0.079591,-0.160898,0.017248,-0.241236,0.145446,0.053099,-0.234146,-0.153772,0.015896
0.050060,-0.018036,0.255204,0.242309,0.082284,0.251035,0.237406,-0.126739,0.243958,-0.137285,0.090667,0.266450,-0.142189,-0.118356,0.259372,0.144597,0.138030,0.015798,0.095092,-0.161388,0.022434,-0.246960,0.145592,0.063736,-0.234820,-0.153483,0.017552
0.061268,-0.019028,0.269929,0.253878,0.080665,0.268032,0.248375,-0.128337,0.260790,-0.125839,0.090281,0.279069,-0.131343,-0.118721,0.271827,0.164319,0.136975,0.023928,0.122051,-0.162549,0.031226,-0.243838,0.146228,0.067058,-0.231309,-0.153072,0.026244
0.071701,-0.019943,0.280156,0.264601,0.079208,0.279896,0.258572,-0.129780,0.272657,-0.115170,0.089894,0.287655,-0.121198,-0.119094,0.280416,0.188255,0.135489,0.032119,0.146241,-0.163885,0.037334,-0.234071,0.146321,0.071100,-0.223390,-0.153265,0.038556
0.081667,-0.020847,0.286087,0.274810,0.077825,0.286966,0.268306,-0.131146,0.279655,-0.104972,0.089451,0.292518,-0.111476,-0.119520,0.285207,0.210361,0.134033,0.038201,0.167192,-0.165158,0.041237,-0.218348,0.146185,0.072281,-0.210370,-0.153675,0.048909
0.091265,-0.021721,0.287719,0.284613,0.076539,0.289328,0.277688,-0.132410,0.281779,-0.095159,0.088968,0.293660,-0.102084,-0.119981,0.286111,0.229637,0.132813,0.041669,0.184793,-0.166217,0.043194,-0.196582,0.145930,0.069562,-0.191798,-0.154181,0.055516
0.100504,-0.022602,0.285000,0.294016,0.075327,0.287053,0.286748,-0.133596,0.279113,-0.085740,0.088392,0.290888,-0.093008,-0.120531,0.282948,0.247177,0.131761,0.042493,0.200376,-0.167138,0.043262,-0.168590,0.145425,0.063538,-0.167839,-0.154892,0.058071
0.109291,-0.023457,0.277833,0.302913,0.074248,0.280206,0.295412,-0.134646,0.271741,-0.076829,0.087733,0.283926,-0.084331,-0.121161,0.275461,0.265574,0.130800,0.040949,0.216805,-0.168028,0.041935,-0.134195,0.144559,0.055666,-0.138714,-0.155874,0.057047
0.117598,-0.024250,0.266071,0.311288,0.073307,0.268828,0.303641,-0.135558,0.259788,-0.068446,0.087057,0.272354,-0.076093,-0.121807,0.263313,0.287399,0.129686,0.038226,0.237010,-0.169135,0.040161,-0.093435,0.143242,0.047172,-0.104512,-0.157197,0.053223
0.125599,-0.024960,0.249575,0.319352,0.072451,0.253050,0.311579,-0.136389,0.243569,-0.060381,0.086470,0.255581,-0.068154,-0.122371,0.246101,0.313703,0.128019,0.036531,0.262178,-0.170800,0.039174,-0.048063,0.141343,0.039641,-0.066208,-0.158956,0.047511
0.133724,-0.025608,0.228355,0.327558,0.071578,0.233325,0.319616,-0.137247,0.223627,-0.052167,0.086030,0.233084,-0.060109,-0.122794,0.223385,0.342968,0.125625,0.037356,0.290183,-0.173088,0.039076,-0.002979,0.138894,0.034937,-0.026912,-0.161167,0.042054
0.142387,-0.026226,0.203003,0.336357,0.070543,0.210273,0.328082,-0.138262,0.200445,-0.043307,0.085810,0.205561,-0.051582,-0.122995,0.195733,0.372706,0.122663,0.039773,0.321323,-0.175980,0.040033,0.034228,0.136489,0.031001,0.008997,-0.163435,0.036455
0.151840,-0.027012,0.182681,0.345817,0.069503,0.192644,0.337434,-0.139238,0.181624,-0.033754,0.085215,0.183739,-0.042136,-0.123527,0.172718,0.373935,0.123244,0.016102,0.318812,-0.175288,0.015847,0.054202,0.136091,0.015952,0.030910,-0.163717,0.015648
0.161354,-0.026737,0.168036,0.355320,0.069682,0.179062,0.346896,-0.139055,0.167984,-0.024188,0.085580,0.168088,-0.032612,-0.123156,0.157010,0.372949,0.123174,0.016020,0.319130,-0.175412,0.015860,0.055315,0.136012,0.015665,0.032028,-0.163822,0.015814
0.171089,-0.025822,0.155228,0.365033,0.070605,0.166588,0.356607,-0.138174,0.156340,-0.014429,0.086531,0.154116,-0.022854,-0.122248,0.143869,0.373046,0.123215,0.015980,0.319657,-0.175337,0.016009,0.056390,0.136007,0.015726,0.033097,-0.163772,0.015993
0.180941,-0.025314,0.143609,0.374861,0.071109,0.155382,0.366437,-0.137691,0.145568,-0.004556,0.087062,0.141649,-0.012980,-0.121738,0.131836,0.373404,0.123256,0.015995,0.319041,-0.175208,0.015610,0.057468,0.136006,0.015927,0.034241,-0.163746,0.016206
0.190786,-0.025101,0.133037,0.384695,0.071299,0.145185,0.376257,-0.137508,0.135543,0.005316,0.087307,0.130530,-0.003123,-0.121500,0.120889,0.373985,0.123232,0.015990,0.320015,-0.175251,0.015991,0.058565,0.135976,0.016049,0.035439,-0.163759,0.016178
0.200537,-0.025204,0.124096,0.394437,0.071177,0.136536,0.386001,-0.137620,0.126675,0.015072,0.087213,0.121517,0.006637,-0.121584,0.111656,0.374782,0.123203,0.015959,0.321154,-0.175319,0.016157,0.059706,0.135927,0.016080,0.036765,-0.163825,0.016073
0.210114,-0.025429,0.117603,0.404015,0.070944,0.130075,0.395583,-0.137842,0.119978,0.024644,0.086984,0.115227,0.016212,-0.121802,0.105130,0.375725,0.123149,0.015896,0.322389,-0.175404,0.016129,0.060944,0.135856,0.016013,0.038212,-0.163917,0.015940
0.219553,-0.025761,0.114071,0.413472,0.070620,0.126206,0.405039,-0.138156,0.115903,0.034067,0.086634,0.112239,0.025634,-0.122142,0.101936,0.376785,0.123085,0.015952,0.323592,-0.175481,0.016059,0.062249,0.135796,0.015828,0.039718,-0.164009,0.015946
0.228962,-0.026234,0.113844,0.422918,0.070175,0.125135,0.414478,-0.138592,0.114659,0.043446,0.086125,0.113029,0.035005,-0.122642,0.102553,0.377872,0.123021,0.015916,0.324649,-0.175552,0.015965,0.063528,0.135738,0.015774,0.041181,-0.164100,0.016151
0.238474,-0.026978,0.117192,0.432486,0.069470,0.127104,0.424024,-0.139279,0.116306,0.052924,0.085324,0.118078,0.044462,-0.123426,0.107280,0.378972,0.122943,0.015851,0.325601,-0.175638,0.015791,0.064666,0.135680,0.015928,0.042416,-0.164174,0.016093
0.248064,-0.028088,0.124324,0.442123,0.068444,0.132336,0.433654,-0.140275,0.120954,0.062474,0.084100,0.127695,0.054006,-0.124619,0.116313,0.380000,0.122862,0.016012,0.326428,-0.175740,0.015700,0.065476,0.135624,0.016004,0.043309,-0.164268,0.015976
0.257778,-0.029484,0.135594,0.451863,0.067138,0.141617,0.443379,-0.141547,0.129654,0.072177,0.082579,0.141534,0.063693,-0.126106,0.129572,0.380975,0.122782,0.016020,0.327118,-0.175851,0.015710,0.065868,0.135592,0.016025,0.043674,-0.164336,0.015859
0.267723,-0.030781,0.151175,0.461811,0.065910,0.155851,0.453318,-0.142773,0.143863,0.082128,0.081212,0.158486,0.073635,-0.127472,0.146499,0.381985,0.122754,0.016022,0.327767,-0.175869,0.015795,0.065345,0.135552,0.017566,0.043578,-0.164314,0.015982
0.277605,-0.031849,0.171313,0.471679,0.064885,0.175670,0.463216,-0.143833,0.164283,0.091994,0.080135,0.178342,0.083531,-0.128583,0.166955,0.383014,0.122747,0.015999,0.328446,-0.175829,0.015924,0.055652,0.135156,0.031839,0.042957,-0.164262,0.016079
0.287453,-0.032768,0.195886,0.481520,0.063986,0.200095,0.473074,-0.144779,0.189599,0.101832,0.079243,0.202173,0.093386,-0.129523,0.191676,0.384236,0.122731,0.015844,0.329355,-0.175783,0.016038,0.041426,0.134651,0.054608,0.041830,-0.164157,0.016175
0.298246,-0.033489,0.223905,0.492287,0.063309,0.228311,0.483900,-0.145510,0.218869,0.112593,0.078531,0.228941,0.104205,-0.130287,0.219500,0.385904,0.122726,0.015752,0.333256,-0.175849,0.016673,0.029223,0.134582,0.070384,0.040315,-0.164049,0.015913
0.309425,-0.034878,0.250759,0.503440,0.061856,0.257252,0.495083,-0.146969,0.247937,0.123768,0.077213,0.253580,0.115411,-0.131612,0.244265,0.388923,0.122708,0.016547,0.350577,-0.176610,0.021358,0.023098,0.134685,0.076237,0.034644,-0.163976,0.021549
0.320045,-0.036327,0.272167,0.514023,0.060408,0.279668,0.505717,-0.148414,0.270230,0.134373,0.075759,0.274104,0.126068,-0.133063,0.264666,0.415002,0.121279,0.027441,0.384600,-0.178372,0.032242,0.023061,0.134581,0.078027,0.027851,-0.164358,0.036095
0.330082,-0.037693,0.288987,0.524082,0.058960,0.296938,0.515708,-0.149864,0.287612,0.144456,0.074478,0.290362,0.136082,-0.134346,0.281036,0.445504,0.119177,0.038655,0.416934,-0.180455,0.041757,0.027117,0.134018,0.082073,0.027435,-0.165212,0.050199
0.339661,-0.039032,0.301463,0.533730,0.057480,0.309448,0.525203,-0.151344,0.300250,0.154119,0.073280,0.302677,0.145592,-0.135544,0.293479,0.474015,0.116969,0.047948,0.445403,-0.182577,0.049606,0.034949,0.133204,0.086406,0.033194,-0.166277,0.061701
0.348904,-0.040340,0.309654,0.543068,0.056016,0.317182,0.534350,-0.152805,0.308103,0.163457,0.072124,0.311205,0.154739,-0.136697,0.302126,0.498990,0.114784,0.055076,0.469274,-0.184641,0.055568,0.047144,0.132174,0.088984,0.044863,-0.167517,0.069260
0.357885,-0.041618,0.313581,0.552156,0.054589,0.320230,0.543236,-0.154227,0.311236,0.172534,0.070990,0.315926,0.163615,-0.137826,0.306932,0.519967,0.112718,0.059737,0.488558,-0.186568,0.059168,0.064257,0.130931,0.088809,0.062014,-0.168944,0.073002
0.366632,-0.042881,0.313222,0.560990,0.053223,0.318740,0.551907,-0.155586,0.309739,0.181358,0.069824,0.316705,0.172275,-0.138985,0.307704,0.537321,0.110868,0.061682,0.503814,-0.188278,0.060316,0.086540,0.129447,0.085531,0.083737,-0.170580,0.073627
0.375139,-0.044140,0.308518,0.569533,0.051952,0.312817,0.560381,-0.156848,0.303674,0.189897,0.068568,0.313363,0.180745,-0.140231,0.304220,0.552455,0.109269,0.060876,0.516308,-0.189753,0.059304,0.114224,0.127667,0.079402,0.109251,-0.172463,0.071914
0.383348,-0.045372,0.299368,0.577721,0.050810,0.302443,0.568607,-0.157980,0.293034,0.198090,0.067236,0.305701,0.188976,-0.141554,0.296292,0.567450,0.107822,0.057804,0.528225,-0.191117,0.056934,0.147568,0.125548,0.071196,0.138513,-0.174614,0.068262
0.391230,-0.046570,0.285624,0.585552,0.049743,0.287558,0.576518,-0.159033,0.277791,0.205941,0.065894,0.293457,0.196907,-0.142883,0.283689,0.584272,0.106286,0.053613,0.542586,-0.192676,0.054830,0.186197,0.123120,0.061980,0.171810,-0.177017,0.063055
0.398888,-0.047714,0.267176,0.593175,0.048683,0.268250,0.584181,-0.160079,0.258143,0.213594,0.064651,0.276209,0.204600,-0.144112,0.266103,0.604244,0.104304,0.050277,0.560367,-0.194697,0.053615,0.228214,0.120355,0.053350,0.208713,-0.179710,0.056983
0.406641,-0.048813,0.244007,0.600944,0.047555,0.244929,0.591903,-0.161188,0.234478,0.221379,0.063563,0.253536,0.212338,-0.145180,0.243085,0.626912,0.101763,0.049525,0.579953,-0.197109,0.052502,0.268848,0.117393,0.047084,0.246852,-0.182653,0.051912
0.414757,-0.049889,0.216978,0.609101,0.046393,0.218200,0.599984,-0.162346,0.207734,0.229530,0.062569,0.226222,0.220413,-0.146170,0.215757,0.650587,0.098690,0.047492,0.602871,-0.200133,0.050388,0.303408,0.114213,0.040331,0.282651,-0.185780,0.043053
0.424267,-0.050606,0.193689,0.618501,0.045837,0.197312,0.609686,-0.162898,0.186520,0.238848,0.061686,0.200857,0.230033,-0.147049,0.190066,0.650934,0.099396,0.015932,0.599456,-0.199207,0.016111,0.331496,0.112883,0.015981,0.305019,-0.186772,0.016077
0.434229,-0.049995,0.175222,0.628491,0.046286,0.181000,0.619621,-0.162459,0.170436,0.248837,0.062468,0.180008,0.239967,-0.146277,0.169444,0.650455,0.099254,0.015972,0.599596,-0.199340,0.015970,0.332844,0.112760,0.015760,0.306212,-0.186866,0.015812
0.444233,-0.049026,0.159863,0.638472,0.047213,0.166947,0.629618,-0.161571,0.157172,0.258848,0.063518,0.162553,0.249993,-0.145266,0.152778,0.650451,0.099314,0.015957,0.600106,-0.199248,0.015942,0.334002,0.112750,0.015637,0.307387,-0.186834,0.015944
0.454248,-0.048458,0.146611,0.648460,0.047742,0.154881,0.639612,-0.161065,0.145628,0.268885,0.064149,0.147593,0.260037,-0.144659,0.138341,0.650736,0.099337,0.015964,0.600840,-0.199214,0.015996,0.335112,0.112717,0.015832,0.308567,-0.186835,0.016136
0.464312,-0.048313,0.135067,0.658496,0.047858,0.144259,0.649658,-0.160954,0.135083,0.278965,0.064327,0.135051,0.270127,-0.144484,0.125875,0.651299,0.099334,0.015985,0.601788,-0.199235,0.016144,0.336224,0.112670,0.016005,0.309777,-0.186877,0.016196
0.474287,-0.048466,0.125485,0.668459,0.047669,0.135314,0.659617,-0.161132,0.125894,0.288957,0.064200,0.125075,0.280115,-0.144601,0.115656,0.652084,0.099283,0.015974,0.602968,-0.199308,0.015906,0.337372,0.112604,0.016088,0.311127,-0.186959,0.016084
0.484058,-0.048706,0.118186,0.678220,0.047408,0.128408,0.669383,-0.161380,0.118710,0.298733,0.063968,0.117663,0.289897,-0.144820,0.107964,0.653039,0.099237,0.015947,0.604223,-0.199393,0.016043,0.338542,0.112542,0.016070,0.312562,-0.187045,0.015952
0.493649,-0.049030,0.113718,0.687815,0.047073,0.123949,0.678974,-0.161705,0.114029,0.308323,0.063644,0.113408,0.299482,-0.145133,0.103488,0.654110,0.099173,0.015963,0.605498,-0.199482,0.016105,0.339848,0.112483,0.015921,0.314084,-0.187131,0.015887
0.503141,-0.049458,0.112500,0.697327,0.046667,0.122151,0.688484,-0.162103,0.112081,0.317799,0.063188,0.112920,0.308956,-0.145582,0.102849,0.655230,0.099109,0.016099,0.606640,-0.199547,0.016037,0.341157,0.112427,0.015810,0.315587,-0.187223,0.016132
0.512671,-0.050117,0.114759,0.706892,0.046044,0.123261,0.698035,-0.162713,0.112930,0.327306,0.062478,0.116588,0.318450,-0.146279,0.106256,0.656381,0.099045,0.015934,0.607633,-0.199624,0.015939,0.342360,0.112368,0.015905,0.316907,-0.187299,0.016110
0.522337,-0.051113,0.120706,0.716591,0.045129,0.127345,0.707728,-0.163602,0.116505,0.336946,0.061376,0.124908,0.328083,-0.147355,0.114067,0.657451,0.098974,0.016013,0.608531,-0.199711,0.015780,0.343291,0.112316,0.015962,0.317901,-0.187381,0.015984
0.532150,-0.052444,0.130666,0.726415,0.043900,0.135153,0.717540,-0.164797,0.123687,0.346760,0.059908,0.137644,0.337886,-0.148789,0.126178,0.658487,0.098890,0.016094,0.609304,-0.199821,0.015701,0.343834,0.112275,0.016005,0.318401,-0.187462,0.015921
0.542280,-0.053905,0.145010,0.736543,0.042505,0.147881,0.727638,-0.166171,0.136062,0.356922,0.058360,0.153957,0.348018,-0.150316,0.142138,0.659478,0.098825,0.016036,0.609950,-0.199896,0.015713,0.344173,0.112281,0.016019,0.318399,-0.187467,0.015928
0.552507,-0.055164,0.163808,0.746751,0.041300,0.166129,0.737875,-0.167395,0.154616,0.367140,0.057066,0.173001,0.358264,-0.151628,0.161488,0.660502,0.098809,0.016017,0.610642,-0.199885,0.015800,0.336975,0.112036,0.025689,0.317942,-0.187456,0.016150
0.562614,-0.056244,0.187315,0.756849,0.040234,0.189764,0.748006,-0.168500,0.178971,0.377223,0.056012,0.195659,0.368380,-0.152722,0.184867,0.661646,0.098809,0.015890,0.611458,-0.199837,0.015951,0.323272,0.111517,0.047357,0.316943,-0.187376,0.016257
0.573351,-0.057041,0.214864,0.767579,0.039446,0.217444,0.758766,-0.169341,0.207705,0.387936,0.055259,0.222023,0.379123,-0.153529,0.212283,0.663158,0.098803,0.015734,0.612734,-0.199778,0.016081,0.309390,0.111336,0.067201,0.315449,-0.187231,0.016125
0.584641,-0.058212,0.243068,0.778919,0.038085,0.247960,0.770016,-0.170721,0.238719,0.399265,0.054296,0.247417,0.390362,-0.154510,0.238175,0.665226,0.098736,0.015967,0.621921,-0.200175,0.018017,0.301449,0.111622,0.075249,0.312642,-0.187010,0.018495
0.595325,-0.059624,0.266340,0.789653,0.036456,0.273165,0.780611,-0.172331,0.263628,0.410040,0.053084,0.269051,0.400998,-0.155703,0.259515,0.686896,0.097833,0.023862,0.654122,-0.201595,0.027214,0.300501,0.112175,0.076218,0.306288,-0.186665,0.030151
0.605433,-0.060936,0.284614,0.799819,0.034948,0.292456,0.790616,-0.173831,0.282887,0.420249,0.051959,0.286340,0.411046,-0.156820,0.276772,0.719915,0.095762,0.036061,0.688255,-0.203620,0.037627,0.304291,0.112087,0.079600,0.304466,-0.187011,0.044345
0.615017,-0.062210,0.298518,0.809509,0.033408,0.306965,0.800050,-0.175360,0.297418,0.429984,0.050940,0.299617,0.420525,-0.157828,0.290070,0.750625,0.093534,0.046454,0.718746,-0.205741,0.046406,0.312072,0.111682,0.084113,0.309094,-0.187638,0.056423
0.624235,-0.063446,0.308121,0.818865,0.031882,0.316657,0.809098,-0.176874,0.307141,0.439372,0.049981,0.309101,0.429605,-0.158774,0.299585,0.777975,0.091272,0.054941,0.745090,-0.207863,0.053504,0.324191,0.111038,0.087091,0.319610,-0.188474,0.064854
0.633179,-0.064651,0.313457,0.827965,0.030387,0.321641,0.817872,-0.178352,0.312127,0.448486,0.049049,0.314787,0.438392,-0.159690,0.305274,0.801192,0.089109,0.061038,0.766900,-0.209876,0.058436,0.341135,0.110153,0.087424,0.335622,-0.189521,0.069406
0.641903,-0.065834,0.314517,0.836838,0.028952,0.322073,0.826445,-0.179769,0.312482,0.457361,0.048101,0.316553,0.446968,-0.160620,0.306962,0.820576,0.087156,0.064413,0.784389,-0.211668,0.060894,0.363220,0.108997,0.084689,0.356398,-0.190803,0.070589
0.650400,-0.067001,0.311252,0.845445,0.027615,0.318083,0.834837,-0.181086,0.308283,0.465963,0.047084,0.314222,0.455356,-0.161617,0.304422,0.837359,0.085470,0.064958,0.798494,-0.213187,0.061012,0.390671,0.107510,0.079091,0.381181,-0.192359,0.069161
0.658632,-0.068142,0.303565,0.853734,0.026402,0.309712,0.843019,-0.182277,0.299563,0.474246,0.045993,0.307567,0.463530,-0.162686,0.297419,0.853193,0.083993,0.062958,0.810767,-0.214500,0.059303,0.423774,0.105638,0.071306,0.409777,-0.194224,0.065764
0.666580,-0.069263,0.291305,0.861711,0.025254,0.296934,0.850943,-0.183398,0.286305,0.482218,0.044871,0.296305,0.471450,-0.163781,0.285676,0.869621,0.082524,0.059254,0.823641,-0.215884,0.057151,0.462224,0.103386,0.062434,0.442384,-0.196398,0.060861
0.674383,-0.070332,0.274354,0.869565,0.024085,0.279873,0.858686,-0.184530,0.268663,0.490081,0.043867,0.280045,0.479201,-0.164749,0.268835,0.887610,0.080796,0.055176,0.838645,-0.217600,0.055358,0.503853,0.100874,0.053983,0.478523,-0.198810,0.055199
0.682283,-0.071346,0.252637,0.877574,0.022805,0.258810,0.866452,-0.185759,0.246900,0.498115,0.043067,0.258375,0.486992,-0.165498,0.246465,0.907673,0.078551,0.052827,0.855041,-0.219686,0.053339,0.544139,0.098224,0.047822,0.516416,-0.201458,0.050385
0.690569,-0.072323,0.226687,0.886007,0.021424,0.234222,0.874541,-0.187085,0.221675,0.506597,0.042439,0.231699,0.495131,-0.166070,0.219151,0.928559,0.075762,0.050139,0.874451,-0.222370,0.050338,0.578340,0.095494,0.042270,0.551992,-0.204270,0.044226
0.700163,-0.073128,0.200953,0.895490,0.020717,0.209981,0.884226,-0.187796,0.197338,0.516100,0.041541,0.204568,0.504836,-0.166973,0.191925,0.932128,0.076094,0.016085,0.866198,-0.221420,0.015873,0.610072,0.093497,0.016005,0.580505,-0.205922,0.014825
0.710520,-0.072186,0.179058,0.905884,0.021478,0.189108,0.894489,-0.187034,0.176566,0.526550,0.042663,0.181550,0.515155,-0.165849,0.169008,0.931374,0.076093,0.016066,0.866222,-0.221425,0.015891,0.611500,0.093593,0.015746,0.582242,-0.205893,0.015673
0.720692,-0.071079,0.162388,0.916039,0.022604,0.172596,0.904653,-0.185958,0.160897,0.536730,0.043800,0.163879,0.525345,-0.164763,0.152180,0.931155,0.076150,0.016029,0.866760,-0.221347,0.015918,0.612701,0.093556,0.015633,0.583426,-0.205879,0.015908
0.730721,-0.070343,0.148415,0.926053,0.023352,0.158795,0.914670,-0.185249,0.147795,0.546771,0.044563,0.149035,0.535388,-0.164038,0.138035,0.931294,0.076177,0.015983,0.867574,-0.221306,0.015936,0.613819,0.093508,0.015839,0.584570,-0.205871,0.016069
0.740694,-0.070099,0.136367,0.936014,0.023584,0.147080,0.924630,-0.185027,0.136291,0.556758,0.044830,0.136444,0.545374,-0.163782,0.125654,0.931748,0.076174,0.016003,0.868554,-0.221324,0.016001,0.614936,0.093462,0.016006,0.585759,-0.205900,0.016150
0.750540,-0.070198,0.126379,0.945844,0.023468,0.137516,0.934469,-0.185137,0.126595,0.566610,0.044741,0.126164,0.555235,-0.163864,0.115242,0.932440,0.076139,0.016025,0.869687,-0.221402,0.016156,0.616061,0.093387,0.016087,0.587065,-0.205990,0.016127
0.760193,-0.070454,0.118977,0.955485,0.023190,0.130520,0.944114,-0.185405,0.119401,0.576271,0.044498,0.118554,0.564901,-0.164097,0.107435,0.933353,0.076082,0.016009,0.870938,-0.221496,0.016175,0.617254,0.093308,0.016072,0.588471,-0.206086,0.015921
0.769678,-0.070831,0.114612,0.964966,0.022802,0.126299,0.953599,-0.185784,0.115011,0.585757,0.044121,0.114212,0.574390,-0.164465,0.102924,0.934373,0.076024,0.015972,0.872143,-0.221575,0.016081,0.618531,0.093237,0.015940,0.589973,-0.206186,0.015871
0.779108,-0.071327,0.113581,0.974414,0.022315,0.124882,0.963038,-0.186267,0.113530,0.595178,0.043612,0.113631,0.583802,-0.164970,0.102279,0.935490,0.075952,0.015941,0.873228,-0.221644,0.015984,0.619823,0.093177,0.015802,0.591477,-0.206285,0.016131
0.788576,-0.072052,0.116091,0.983918,0.021629,0.126416,0.972531,-0.186946,0.114947,0.604622,0.042842,0.117236,0.593234,-0.165733,0.105766,0.936586,0.075870,0.016020,0.874176,-0.221710,0.015797,0.621018,0.093107,0.015864,0.592804,-0.206366,0.016122
0.798122,-0.073147,0.122330,0.993511,0.020599,0.131056,0.982108,-0.187954,0.119206,0.614136,0.041660,0.125454,0.602734,-0.166893,0.113605,0.937660,0.075781,0.015995,0.875011,-0.221807,0.015682,0.621935,0.093045,0.015968,0.593805,-0.206451,0.016023
0.807775,-0.074596,0.132569,1.003199,0.019235,0.139389,0.991777,-0.189286,0.127013,0.623774,0.040093,0.138125,0.612352,-0.168428,0.125749,0.938713,0.075690,0.015990,0.875710,-0.221920,0.015716,0.622447,0.093012,0.016009,0.594329,-0.206525,0.016004
0.817617,-0.076023,0.147070,1.013049,0.017891,0.152343,1.001618,-0.190627,0.139919,0.633617,0.038580,0.154221,0.622186,-0.169937,0.141797,0.939728,0.075632,0.016025,0.876360,-0.221963,0.015797,0.622651,0.093004,0.016210,0.594335,-0.206511,0.015953
0.827410,-0.077171,0.165988,1.022824,0.016809,0.170672,1.011429,-0.191748,0.158903,0.643390,0.037406,0.173074,0.631995,-0.171152,0.161304,0.940767,0.075609,0.016028,0.877002,-0.221925,0.015919,0.614491,0.092848,0.026458,0.593864,-0.206470,0.016203
0.836990,-0.078148,0.189405,1.032386,0.015879,0.193938,1.021034,-0.192733,0.183126,0.652947,0.036437,0.195685,0.641594,-0.172175,0.184873,0.941922,0.075607,0.015911,0.877806,-0.221856,0.016027,0.600215,0.092509,0.048591,0.592823,-0.206353,0.016145
0.847368,-0.078983,0.216723,1.042750,0.015077,0.221185,1.031430,-0.193591,0.211484,0.663306,0.035624,0.221961,0.651987,-0.173044,0.212261,0.943449,0.075581,0.015715,0.881057,-0.221936,0.016502,0.586455,0.092556,0.067133,0.591391,-0.206204,0.016098
0.858488,-0.080341,0.244475,1.053822,0.013706,0.250867,1.042578,-0.194988,0.241638,0.674398,0.034305,0.247312,0.663154,-0.174388,0.238083,0.945510,0.075491,0.015917,0.894772,-0.222747,0.019160,0.578716,0.092627,0.075296,0.589280,-0.206206,0.017327
0.869207,-0.081947,0.267372,1.064404,0.012252,0.275496,1.053408,-0.196444,0.266025,0.685007,0.032549,0.268718,0.674011,-0.176147,0.259248,0.965903,0.074394,0.024461,0.928037,-0.224633,0.028813,0.577966,0.092478,0.076352,0.583628,-0.206473,0.028502
0.879364,-0.083450,0.285344,1.074453,0.010892,0.294336,1.063651,-0.197815,0.284886,0.695077,0.030915,0.285801,0.684275,-0.177792,0.276351,0.997208,0.072099,0.037005,0.962903,-0.227024,0.038988,0.582004,0.091689,0.078986,0.582149,-0.207479,0.042568
0.888990,-0.084911,0.298964,1.084027,0.009491,0.308448,1.073311,-0.199222,0.299033,0.704669,0.029399,0.298895,0.693953,-0.179314,0.289480,1.026774,0.069761,0.047431,0.994408,-0.229379,0.047484,0.589911,0.090599,0.082722,0.586921,-0.208781,0.054646
0.898256,-0.086334,0.308277,1.093274,0.008106,0.317770,1.082599,-0.200609,0.308370,0.713913,0.027941,0.308185,0.703238,-0.180775,0.298784,1.053337,0.067503,0.055814,1.021592,-0.231606,0.054406,0.602011,0.089263,0.085213,0.597644,-0.210314,0.063087
0.907246,-0.087734,0.313315,1.102258,0.006759,0.322403,1.091620,-0.201958,0.312972,0.722871,0.026489,0.313657,0.712234,-0.182227,0.304226,1.076045,0.065428,0.061739,1.043976,-0.233618,0.059187,0.618803,0.087666,0.085311,0.613993,-0.212085,0.067617
0.916010,-0.089115,0.314068,1.110998,0.005488,0.322502,1.100450,-0.203228,0.312954,0.731570,0.024998,0.315182,0.721022,-0.183718,0.305634,1.095114,0.063629,0.064928,1.061849,-0.235329,0.061486,0.640630,0.085792,0.082518,0.635174,-0.214101,0.068809
0.924557,-0.090485,0.310489,1.119469,0.004337,0.318192,1.109124,-0.204378,0.308401,0.739989,0.023409,0.312577,0.729645,-0.185306,0.302786,1.111712,0.062141,0.065294,1.076283,-0.236719,0.061426,0.667771,0.083597,0.076974,0.660384,-0.216387,0.067423
0.932837,-0.091831,0.302479,1.127603,0.003342,0.309508,1.117606,-0.205372,0.299344,0.748067,0.021710,0.305613,0.738070,-0.187004,0.295450,1.127435,0.060903,0.063147,1.088911,-0.237878,0.059573,0.700541,0.081048,0.069322,0.689381,-0.218964,0.064141
0.940859,-0.093166,0.289889,1.135429,0.002442,0.296434,1.125878,-0.206268,0.285786,0.755839,0.019936,0.293992,0.746289,-0.188775,0.283344,1.143687,0.059719,0.059300,1.102137,-0.239084,0.057340,0.738551,0.078190,0.060627,0.722312,-0.221809,0.059400
0.948744,-0.094456,0.272609,1.143115,0.001560,0.279099,1.134003,-0.207141,0.267897,0.763485,0.018230,0.277320,0.754373,-0.190471,0.266118,1.161403,0.058345,0.055084,1.117295,-0.240564,0.055409,0.779562,0.075162,0.052353,0.758565,-0.224827,0.054000
0.956758,-0.095715,0.250563,1.150959,0.000593,0.257776,1.142209,-0.208088,0.245940,0.771308,0.016659,0.255186,0.762558,-0.192022,0.243350,1.181140,0.056528,0.052606,1.133720,-0.242366,0.053245,0.818974,0.072064,0.046415,0.796269,-0.228005,0.049517
0.965174,-0.096951,0.224380,1.159228,-0.000453,0.232890,1.150767,-0.209120,0.220605,0.779581,0.015219,0.228154,0.771120,-0.193448,0.215870,1.201802,0.054188,0.049412,1.153362,-0.244757,0.050151,0.852343,0.068873,0.040656,0.831511,-0.231267,0.042685
0.974817,-0.098221,0.199140,1.168759,-0.001654,0.209264,1.160485,-0.210300,0.196503,0.789150,0.013859,0.201776,0.780875,-0.194788,0.189016,1.203955,0.054323,0.016285,1.143710,-0.244147,0.015691,0.876953,0.067325,0.015741,0.861552,-0.232976,0.016000
