0.009311,0.002914,0.332889,0.201630,0.103136,0.329712,0.196745,-0.105963,0.325458,-0.178123,0.111792,0.340321,-0.183008,-0.097308,0.336067,0.196239,0.152949,0.122529,0.163149,-0.146136,0.103536,-0.153496,0.161174,0.119817,-0.195397,-0.138707,0.150134
0.014169,0.004082,0.318192,0.206849,0.103605,0.314943,0.201085,-0.105366,0.307028,-0.172747,0.113529,0.329356,-0.178511,-0.095441,0.321441,0.191307,0.158932,0.066798,0.169800,-0.141047,0.070582,-0.153406,0.167595,0.089122,-0.145817,-0.132982,0.087485
0.019710,0.005379,0.298115,0.211915,0.105819,0.294963,0.207058,-0.103072,0.284695,-0.167639,0.113830,0.311535,-0.172496,-0.095062,0.301268,0.198487,0.165024,0.022849,0.159814,-0.135525,0.041254,-0.160981,0.170950,0.072319,-0.117628,-0.129184,0.043495
0.024844,0.004822,0.278170,0.217472,0.104495,0.278972,0.211969,-0.104318,0.267514,-0.162282,0.113962,0.288827,-0.167785,-0.094852,0.277369,0.198068,0.164964,0.016139,0.166275,-0.135264,0.023608,-0.162617,0.172347,0.054798,-0.106640,-0.127656,0.016033
0.028374,0.003967,0.266631,0.221102,0.103351,0.271094,0.215497,-0.105396,0.258530,-0.158750,0.113331,0.274732,-0.164354,-0.095417,0.262168,0.197744,0.164876,0.016063,0.179508,-0.135568,0.019108,-0.157837,0.172490,0.048178,-0.105452,-0.127724,0.015899
0.031652,0.003967,0.262144,0.224391,0.103289,0.267437,0.218773,-0.105449,0.254731,-0.155469,0.113384,0.269557,-0.161087,-0.095355,0.256851,0.197707,0.164861,0.016027,0.187695,-0.135901,0.020432,-0.147581,0.172018,0.051124,-0.104906,-0.127749,0.015888
0.035256,0.004372,0.261264,0.227980,0.103722,0.266575,0.222395,-0.105040,0.254240,-0.151883,0.113783,0.268288,-0.157468,-0.094978,0.255952,0.197876,0.164877,0.016029,0.189166,-0.136041,0.023142,-0.135948,0.171375,0.057208,-0.104611,-0.127745,0.015758
0.039249,0.004807,0.261579,0.231960,0.104174,0.267023,0.226404,-0.104614,0.255144,-0.147906,0.114227,0.268015,-0.153462,-0.094561,0.256136,0.198156,0.164894,0.016028,0.187828,-0.136098,0.026143,-0.126202,0.170874,0.062649,-0.104329,-0.127732,0.015751
0.043411,0.005234,0.262034,0.236110,0.104614,0.267689,0.230580,-0.104200,0.256247,-0.143757,0.114667,0.267822,-0.149287,-0.094146,0.256380,0.198467,0.164935,0.016023,0.187783,-0.136133,0.028718,-0.119051,0.170545,0.067113,-0.104047,-0.127690,0.015704
0.047637,0.005608,0.262185,0.240321,0.105006,0.268045,0.234821,-0.103830,0.257007,-0.139546,0.115046,0.267363,-0.145046,-0.093791,0.256326,0.198762,0.164950,0.016010,0.190237,-0.136212,0.030468,-0.113558,0.170285,0.070704,-0.103748,-0.127686,0.015628
0.051902,0.005890,0.261907,0.244573,0.105297,0.267989,0.239095,-0.103555,0.257257,-0.135291,0.115335,0.266556,-0.140770,-0.093518,0.255825,0.199040,0.164965,0.015993,0.194941,-0.136311,0.031262,-0.108731,0.170084,0.073490,-0.103415,-0.127680,0.015610
0.056204,0.006065,0.261255,0.248875,0.105460,0.267552,0.243394,-0.103402,0.257006,-0.130986,0.115532,0.265503,-0.136467,-0.093330,0.254958,0.199300,0.164988,0.015972,0.201388,-0.136419,0.031142,-0.103943,0.169933,0.075630,-0.103059,-0.127648,0.015665
0.060551,0.006088,0.260408,0.253220,0.105478,0.266855,0.247741,-0.103387,0.256372,-0.126638,0.115564,0.264443,-0.132117,-0.093302,0.253960,0.199555,0.165003,0.015914,0.209110,-0.136546,0.030204,-0.098839,0.169757,0.077151,-0.102694,-0.127640,0.015721
0.064948,0.005890,0.259523,0.257622,0.105264,0.266058,0.252132,-0.103596,0.255484,-0.122235,0.115376,0.263562,-0.127726,-0.093485,0.252988,0.199813,0.164972,0.015896,0.217653,-0.136709,0.028229,-0.093220,0.169526,0.078098,-0.102328,-0.127668,0.015782
0.069415,0.005463,0.258685,0.262094,0.104827,0.265226,0.256595,-0.104018,0.254353,-0.117765,0.114943,0.263016,-0.123263,-0.093902,0.252144,0.200083,0.164969,0.015872,0.226521,-0.136831,0.025344,-0.086974,0.169266,0.078487,-0.101970,-0.127689,0.015854
0.073973,0.004730,0.257910,0.266671,0.104065,0.264348,0.261137,-0.104752,0.252966,-0.113190,0.114213,0.262855,-0.118724,-0.094604,0.251472,0.200371,0.164901,0.015843,0.235175,-0.136959,0.021115,-0.079943,0.168929,0.078230,-0.101620,-0.127751,0.015918
0.078642,0.003609,0.257126,0.271366,0.102905,0.263375,0.265782,-0.105864,0.251162,-0.108498,0.113081,0.263089,-0.114081,-0.095688,0.250877,0.200673,0.164821,0.015807,0.243471,-0.137039,0.015726,-0.072282,0.168505,0.077626,-0.101269,-0.127833,0.015968
0.083347,0.002510,0.256876,0.276117,0.101706,0.263261,0.270436,-0.107010,0.250221,-0.103742,0.112030,0.263532,-0.109424,-0.096686,0.250491,0.201043,0.164769,0.015760,0.243703,-0.137195,0.015866,-0.063733,0.168185,0.076442,-0.100936,-0.127822,0.016007
0.087799,0.001793,0.257140,0.280591,0.100937,0.263662,0.274864,-0.107747,0.250147,-0.099266,0.111333,0.264132,-0.104994,-0.097352,0.250617,0.201420,0.164733,0.015693,0.243991,-0.137292,0.015913,-0.054650,0.168006,0.073663,-0.100657,-0.127840,0.016040
0.092067,0.001373,0.257348,0.284861,0.100520,0.263789,0.279131,-0.108150,0.250055,-0.094996,0.110896,0.264642,-0.100727,-0.097774,0.250908,0.201756,0.164698,0.015674,0.244282,-0.137351,0.015961,-0.046347,0.167901,0.070539,-0.100410,-0.127891,0.016059
0.096201,0.001213,0.257345,0.288995,0.100371,0.263596,0.283263,-0.108296,0.249810,-0.090861,0.110722,0.264881,-0.096594,-0.097945,0.251095,0.202068,0.164702,0.015720,0.244558,-0.137351,0.015986,-0.038670,0.167899,0.067436,-0.100170,-0.127885,0.016070
0.100227,0.001152,0.257053,0.293020,0.100331,0.263047,0.287291,-0.108339,0.249300,-0.086836,0.110643,0.264807,-0.092565,-0.098027,0.251059,0.202346,0.164678,0.015755,0.244822,-0.137369,0.016008,-0.031393,0.167891,0.064370,-0.099926,-0.127909,0.016071
0.104159,0.001236,0.256528,0.296951,0.100432,0.262250,0.291222,-0.108245,0.248628,-0.082904,0.110717,0.264428,-0.088632,-0.097960,0.250805,0.202604,0.164673,0.015818,0.245076,-0.137358,0.016027,-0.024347,0.167936,0.061265,-0.099682,-0.127897,0.016072
0.108006,0.001381,0.255860,0.300794,0.100598,0.261337,0.295072,-0.108090,0.247885,-0.079060,0.110852,0.263836,-0.084781,-0.097836,0.250384,0.202850,0.164668,0.015865,0.245317,-0.137344,0.016047,-0.017454,0.167988,0.058071,-0.099436,-0.127892,0.016068
0.111778,0.001656,0.255147,0.304566,0.100882,0.260418,0.298841,-0.107822,0.247212,-0.075286,0.111133,0.263082,-0.081011,-0.097571,0.249876,0.203090,0.164695,0.015908,0.245560,-0.137292,0.016051,-0.010530,0.168101,0.054696,-0.099196,-0.127836,0.016062
0.115487,0.001938,0.254445,0.308261,0.101201,0.259556,0.302567,-0.107524,0.246668,-0.071592,0.111399,0.262223,-0.077287,-0.097326,0.249334,0.203336,0.164660,0.015944,0.245828,-0.137289,0.016049,-0.003605,0.168136,0.051080,-0.098952,-0.127883,0.016049
0.119147,0.002274,0.253771,0.311911,0.101562,0.258774,0.306238,-0.107183,0.246191,-0.067944,0.111730,0.261351,-0.073617,-0.097014,0.248768,0.203582,0.164691,0.015974,0.246104,-0.137225,0.016056,0.003185,0.168247,0.047333,-0.098706,-0.127853,0.016035
0.122772,0.002754,0.253164,0.315528,0.102066,0.258032,0.309874,-0.106704,0.245886,-0.064329,0.112213,0.260442,-0.069983,-0.096558,0.248296,0.203823,0.164716,0.016004,0.246372,-0.137156,0.016041,0.009843,0.168373,0.043436,-0.098476,-0.127816,0.016020
0.126375,0.003296,0.252607,0.319109,0.102656,0.257342,0.313502,-0.106144,0.245705,-0.060751,0.112736,0.259510,-0.066358,-0.096065,0.247872,0.204085,0.164732,0.016024,0.246660,-0.137085,0.016023,0.016318,0.168485,0.039164,-0.098252,-0.127821,0.015994
0.129963,0.003944,0.252071,0.322681,0.103340,0.256704,0.317108,-0.105493,0.245639,-0.057182,0.113382,0.258503,-0.062755,-0.095451,0.247437,0.204336,0.164780,0.016043,0.246942,-0.136983,0.016001,0.022397,0.168654,0.034563,-0.098032,-0.127775,0.015966
0.133550,0.004723,0.251556,0.326262,0.104133,0.256120,0.320704,-0.104736,0.245754,-0.053603,0.114181,0.257358,-0.059162,-0.094688,0.246992,0.204575,0.164808,0.016055,0.247239,-0.136897,0.015952,0.028095,0.168839,0.029467,-0.097821,-0.127714,0.015940
0.137163,0.005630,0.251048,0.329849,0.105091,0.255606,0.324345,-0.103817,0.246040,-0.050019,0.115078,0.256055,-0.055523,-0.093830,0.246489,0.204853,0.164866,0.016062,0.247564,-0.136770,0.015909,0.033413,0.169039,0.023581,-0.097603,-0.127677,0.015903
0.140804,0.006760,0.250453,0.333489,0.106219,0.255057,0.327985,-0.102734,0.246521,-0.046378,0.116253,0.254385,-0.051882,-0.092700,0.245849,0.205067,0.164870,0.016063,0.247874,-0.136704,0.015876,0.038106,0.169244,0.016666,-0.097386,-0.127609,0.015868
0.144333,0.007744,0.250335,0.337021,0.107228,0.254263,0.331513,-0.101760,0.246621,-0.042846,0.117248,0.254049,-0.048355,-0.091740,0.246407,0.205311,0.164905,0.016062,0.248160,-0.136621,0.015841,0.038376,0.169309,0.015955,-0.097274,-0.127516,0.015854
0.147651,0.008392,0.250943,0.340365,0.107871,0.253528,0.334801,-0.101138,0.246532,-0.039498,0.117923,0.255353,-0.045062,-0.091086,0.248357,0.205653,0.164898,0.016060,0.248419,-0.136607,0.015796,0.038576,0.169349,0.015956,-0.097156,-0.127412,0.015975
0.150845,0.008789,0.252397,0.343572,0.108262,0.253987,0.337970,-0.100761,0.247452,-0.036279,0.118339,0.257343,-0.041882,-0.090684,0.250808,0.219005,0.164483,0.017514,0.248706,-0.136615,0.015834,0.038723,0.169364,0.015953,-0.098809,-0.127483,0.021680
0.154314,0.008804,0.255004,0.347048,0.108271,0.256054,0.341421,-0.100756,0.249676,-0.032794,0.118365,0.260331,-0.038420,-0.090662,0.253953,0.235318,0.163894,0.022462,0.249080,-0.136623,0.015825,0.038823,0.169382,0.015952,-0.099961,-0.127675,0.030493
0.158136,0.008492,0.258400,0.350860,0.107980,0.259249,0.345249,-0.101044,0.252775,-0.028978,0.118027,0.264024,-0.034588,-0.090997,0.257550,0.246974,0.163367,0.029700,0.249526,-0.136624,0.015819,0.038893,0.169377,0.015951,-0.097459,-0.127989,0.037699
0.162146,0.007996,0.261964,0.354864,0.107494,0.262875,0.349264,-0.101523,0.256169,-0.024972,0.117515,0.267758,-0.030573,-0.091503,0.261052,0.255622,0.162914,0.036253,0.250012,-0.136641,0.015779,0.038956,0.169370,0.015948,-0.090774,-0.128349,0.041916
0.166217,0.007469,0.265141,0.358934,0.106968,0.266299,0.353340,-0.102042,0.259350,-0.020906,0.116980,0.270933,-0.026500,-0.092029,0.263984,0.263951,0.162493,0.040977,0.250498,-0.136683,0.015784,0.039041,0.169345,0.015944,-0.081047,-0.128744,0.043937
0.170309,0.007019,0.267648,0.363014,0.106535,0.269182,0.357450,-0.102468,0.262003,-0.016833,0.116506,0.273293,-0.022397,-0.092497,0.266113,0.273320,0.162147,0.044095,0.250967,-0.136672,0.015880,0.039170,0.169347,0.015971,-0.069684,-0.129137,0.045062
0.174420,0.006706,0.269412,0.367126,0.106212,0.271389,0.361568,-0.102787,0.264110,-0.012728,0.116200,0.274713,-0.018287,-0.092800,0.267434,0.283910,0.161771,0.045914,0.251419,-0.136709,0.015945,0.039357,0.169319,0.015958,-0.057254,-0.129531,0.045567
0.178566,0.006569,0.270407,0.371284,0.106040,0.272866,0.365706,-0.102959,0.265606,-0.008575,0.116097,0.275207,-0.014153,-0.092903,0.267948,0.295666,0.161417,0.046440,0.251846,-0.136743,0.015991,0.039608,0.169311,0.015936,-0.043615,-0.129875,0.045278
0.182759,0.006683,0.270634,0.375483,0.106133,0.273534,0.369898,-0.102873,0.266458,-0.004380,0.116240,0.274809,-0.009965,-0.092766,0.267733,0.308506,0.161132,0.045575,0.252253,-0.136743,0.016013,0.039922,0.169314,0.015905,-0.028674,-0.130195,0.044325
0.187034,0.007095,0.270222,0.379764,0.106521,0.273502,0.374168,-0.102497,0.266801,-0.000100,0.116687,0.273644,-0.005696,-0.092331,0.266943,0.322645,0.160911,0.043567,0.252642,-0.136694,0.016038,0.040298,0.169359,0.015850,-0.012552,-0.130464,0.043198
0.191405,0.007782,0.269140,0.384147,0.107178,0.272592,0.378523,-0.101858,0.266508,0.004286,0.117422,0.271773,-0.001338,-0.091614,0.265689,0.337979,0.160669,0.040202,0.253016,-0.136678,0.016047,0.040726,0.169378,0.015775,0.005173,-0.130746,0.041367
0.195896,0.008919,0.267321,0.388654,0.108286,0.270734,0.382994,-0.100774,0.265597,0.008798,0.118612,0.269045,0.003138,-0.090449,0.263908,0.354583,0.160464,0.035713,0.253357,-0.136613,0.016039,0.041225,0.169439,0.015720,0.024535,-0.130979,0.038889
0.200529,0.010529,0.264721,0.393313,0.109856,0.267791,0.387594,-0.099231,0.263975,0.013463,0.120288,0.265467,0.007745,-0.088799,0.261651,0.371996,0.160254,0.029954,0.253682,-0.136518,0.016019,0.041786,0.169547,0.015648,0.045125,-0.131179,0.036055
0.205332,0.012604,0.261329,0.398162,0.111869,0.263370,0.392349,-0.097240,0.261285,0.018314,0.122447,0.261373,0.012502,-0.086662,0.259288,0.388770,0.160007,0.021956,0.253968,-0.136417,0.015999,0.042399,0.169697,0.015684,0.065815,-0.131358,0.033129
0.210393,0.014839,0.257342,0.403267,0.114039,0.257529,0.397367,-0.095078,0.257391,0.023418,0.124756,0.257294,0.017518,-0.084361,0.257156,0.394081,0.159925,0.015845,0.254220,-0.136348,0.015961,0.043023,0.169830,0.015738,0.084785,-0.131577,0.030093
0.215090,0.016037,0.253939,0.407967,0.115227,0.253014,0.402060,-0.093887,0.253978,0.028120,0.125961,0.253900,0.022213,-0.083153,0.254865,0.394072,0.159994,0.015839,0.254894,-0.136297,0.015947,0.043553,0.169896,0.015824,0.099731,-0.131874,0.024575
0.219302,0.015778,0.250910,0.412174,0.114980,0.250075,0.406279,-0.094136,0.250945,0.032326,0.125691,0.250876,0.026431,-0.083424,0.251746,0.394170,0.159981,0.015836,0.255936,-0.136344,0.015937,0.044010,0.169852,0.015916,0.106624,-0.132135,0.015808
0.223098,0.014862,0.248883,0.415971,0.114060,0.247955,0.410070,-0.095056,0.248150,0.036126,0.124781,0.249616,0.030225,-0.084336,0.249811,0.394310,0.159923,0.015816,0.258541,-0.136465,0.015944,0.044328,0.169799,0.015954,0.107064,-0.132191,0.015910
0.226765,0.014107,0.248310,0.419643,0.113295,0.247256,0.413728,-0.095821,0.246880,0.039803,0.124035,0.249740,0.033887,-0.085081,0.249364,0.394532,0.159889,0.015791,0.266636,-0.136714,0.015945,0.043095,0.169830,0.016174,0.107375,-0.132208,0.015920
0.230460,0.013855,0.248824,0.423335,0.113049,0.247978,0.417427,-0.096067,0.247486,0.043493,0.123777,0.250163,0.037584,-0.085339,0.249671,0.394831,0.159869,0.015823,0.278088,-0.137058,0.017674,0.039090,0.169913,0.018763,0.107649,-0.132238,0.015918
0.234294,0.014153,0.249999,0.427171,0.113345,0.249452,0.421262,-0.095772,0.249330,0.047325,0.124077,0.250667,0.041416,-0.085040,0.250546,0.395181,0.159853,0.015854,0.288097,-0.137344,0.021142,0.037490,0.169956,0.021700,0.107899,-0.132250,0.015916
0.238269,0.014893,0.251360,0.431147,0.114085,0.251220,0.425239,-0.095031,0.251790,0.051298,0.124816,0.250931,0.045390,-0.084300,0.251501,0.395555,0.159917,0.015829,0.293571,-0.137395,0.025953,0.040119,0.169979,0.023270,0.108145,-0.132183,0.015912
0.242305,0.016014,0.252617,0.435186,0.115202,0.252918,0.429267,-0.093908,0.254504,0.055343,0.125936,0.250729,0.049425,-0.083174,0.252315,0.395925,0.159984,0.015836,0.296940,-0.137329,0.030824,0.046042,0.169943,0.023263,0.108393,-0.132106,0.015907
0.246365,0.017395,0.253585,0.439245,0.116582,0.254311,0.433310,-0.092515,0.257123,0.059420,0.127305,0.250048,0.053486,-0.081792,0.252860,0.396275,0.160068,0.015846,0.300192,-0.137197,0.034929,0.053663,0.169875,0.022110,0.108650,-0.132017,0.015892
0.250429,0.019005,0.254196,0.443304,0.118198,0.255287,0.437350,-0.090874,0.259516,0.063508,0.128884,0.248875,0.057554,-0.080188,0.253104,0.396603,0.160163,0.015847,0.304140,-0.137040,0.037980,0.061828,0.169785,0.020235,0.108918,-0.131928,0.015849
0.254484,0.020790,0.254477,0.447360,0.119978,0.255854,0.441364,-0.089056,0.261634,0.067605,0.130636,0.247320,0.061609,-0.078398,0.253101,0.396908,0.160275,0.015837,0.309079,-0.136873,0.040112,0.069904,0.169713,0.017929,0.109190,-0.131810,0.015833
0.258522,0.022697,0.254528,0.451393,0.121892,0.256109,0.445355,-0.087088,0.263562,0.071689,0.132483,0.245493,0.065651,-0.076497,0.252946,0.397194,0.160386,0.015822,0.314810,-0.136730,0.041592,0.077058,0.169641,0.016004,0.109464,-0.131718,0.015806
0.262557,0.024498,0.254557,0.455435,0.123679,0.256117,0.449338,-0.085237,0.265142,0.075776,0.134233,0.243972,0.069679,-0.074683,0.252997,0.397469,0.160504,0.015878,0.321274,-0.136628,0.042550,0.078509,0.169812,0.015876,0.109727,-0.131608,0.015836
0.266492,0.026161,0.254598,0.459384,0.125314,0.256193,0.453208,-0.083533,0.266655,0.079775,0.135855,0.242540,0.073600,-0.072992,0.253003,0.397745,0.160627,0.015926,0.327789,-0.136525,0.043593,0.081178,0.169983,0.015828,0.109976,-0.131477,0.015798
0.270348,0.027794,0.254764,0.463259,0.126907,0.256531,0.456978,-0.081860,0.268428,0.083719,0.137448,0.241101,0.077437,-0.071319,0.252997,0.398029,0.160706,0.015968,0.333520,-0.136431,0.044836,0.086896,0.170057,0.015797,0.110214,-0.131368,0.015767
0.274168,0.029388,0.255154,0.467089,0.128478,0.257119,0.460712,-0.080201,0.270414,0.087625,0.138978,0.239894,0.081248,-0.069702,0.253189,0.398325,0.160782,0.016006,0.339085,-0.136323,0.046347,0.094505,0.170053,0.015788,0.110436,-0.131285,0.015735
0.277950,0.030876,0.255716,0.470881,0.129941,0.257924,0.464399,-0.078649,0.272510,0.091500,0.140401,0.238921,0.085019,-0.068189,0.253508,0.398630,0.160854,0.016035,0.344901,-0.136227,0.047879,0.103222,0.170017,0.015796,0.110644,-0.131197,0.015705
0.281694,0.032265,0.256334,0.474626,0.131324,0.258751,0.468061,-0.077177,0.274528,0.095327,0.141706,0.238141,0.088763,-0.066795,0.253918,0.398933,0.160945,0.016055,0.351398,-0.136154,0.049230,0.111663,0.170039,0.016707,0.110840,-0.131120,0.015672
0.285395,0.033585,0.256955,0.478338,0.132620,0.259458,0.471679,-0.075789,0.276365,0.099111,0.142958,0.237544,0.092453,-0.065451,0.254451,0.399239,0.161025,0.016068,0.358890,-0.136150,0.050268,0.119334,0.170158,0.018420,0.111020,-0.131042,0.015614
0.289052,0.034729,0.257553,0.482006,0.133740,0.260098,0.475260,-0.074583,0.278006,0.102843,0.144041,0.237100,0.096097,-0.064282,0.255008,0.399548,0.161075,0.016073,0.367376,-0.136251,0.050931,0.126432,0.170293,0.020424,0.111195,-0.130993,0.015586
0.292666,0.035690,0.258149,0.485621,0.134698,0.260792,0.478814,-0.073552,0.279515,0.106519,0.144932,0.236783,0.099711,-0.063317,0.255506,0.399858,0.161157,0.016074,0.377000,-0.136394,0.051351,0.133358,0.170446,0.022486,0.111371,-0.130929,0.015554
0.296227,0.036415,0.258731,0.489178,0.135426,0.261526,0.482319,-0.072763,0.280892,0.110135,0.145593,0.236569,0.103276,-0.062596,0.255935,0.400173,0.161196,0.016066,0.387617,-0.136649,0.051526,0.140560,0.170535,0.024508,0.111547,-0.130898,0.015564
0.299743,0.036911,0.259243,0.492687,0.135931,0.262202,0.485792,-0.072213,0.282029,0.113695,0.146035,0.236456,0.106799,-0.062109,0.256283,0.400485,0.161219,0.016047,0.399141,-0.136988,0.051439,0.148258,0.170568,0.026470,0.111726,-0.130880,0.015589
0.303231,0.037140,0.259653,0.496155,0.136190,0.262852,0.489249,-0.071930,0.282933,0.117212,0.146209,0.236373,0.110306,-0.061910,0.256454,0.400797,0.161221,0.015983,0.411833,-0.137409,0.051166,0.156679,0.170520,0.028408,0.111926,-0.130888,0.015607
0.306705,0.037048,0.259937,0.499602,0.136140,0.263528,0.492700,-0.071981,0.283596,0.120710,0.146077,0.236279,0.113809,-0.062044,0.256347,0.401112,0.161218,0.015933,0.425544,-0.137896,0.050703,0.166114,0.170384,0.030179,0.112140,-0.130887,0.015608
0.310218,0.036613,0.260103,0.503072,0.135772,0.264107,0.496217,-0.072375,0.283913,0.124218,0.145602,0.236293,0.117364,-0.062545,0.256098,0.401425,0.161181,0.015889,0.440006,-0.138475,0.049854,0.176295,0.170120,0.031914,0.112371,-0.130940,0.015644
0.313824,0.035904,0.260226,0.506644,0.135113,0.264614,0.499840,-0.073086,0.283899,0.127808,0.144893,0.236553,0.121004,-0.063305,0.255838,0.401751,0.161168,0.015863,0.455169,-0.139095,0.048538,0.187137,0.169816,0.033507,0.112617,-0.130945,0.015677
0.317551,0.034843,0.260345,0.510329,0.134121,0.265033,0.503624,-0.074149,0.283560,0.131479,0.143836,0.237129,0.124774,-0.064434,0.255656,0.402086,0.161091,0.015832,0.470501,-0.139822,0.046513,0.198852,0.169315,0.034723,0.112859,-0.131048,0.015719
0.321415,0.033417,0.260392,0.514165,0.132742,0.265205,0.507573,-0.075624,0.282675,0.135257,0.142457,0.238110,0.128665,-0.065908,0.255580,0.402428,0.160997,0.015788,0.484705,-0.140641,0.042837,0.211521,0.168674,0.035319,0.113102,-0.131156,0.015750
0.325457,0.031570,0.260303,0.518191,0.130931,0.265041,0.511739,-0.077551,0.281108,0.139176,0.140692,0.239499,0.132724,-0.067790,0.255565,0.402754,0.160910,0.015896,0.497192,-0.141490,0.037385,0.224405,0.167939,0.035493,0.113348,-0.131275,0.015794
0.329720,0.029236,0.260084,0.522457,0.128604,0.264506,0.516149,-0.080013,0.278787,0.143290,0.138484,0.241380,0.136982,-0.070132,0.255662,0.403101,0.160772,0.015927,0.507971,-0.142346,0.030414,0.236323,0.167167,0.035678,0.113603,-0.131420,0.015840
0.334243,0.026428,0.259597,0.527011,0.125769,0.263230,0.520847,-0.082989,0.275351,0.147640,0.135845,0.243844,0.141475,-0.072912,0.255964,0.403428,0.160606,0.015935,0.516499,-0.143153,0.021376,0.246135,0.166400,0.035735,0.113855,-0.131583,0.015867
0.339127,0.023354,0.259009,0.531999,0.122526,0.261523,0.525821,-0.086355,0.271284,0.152433,0.133062,0.246734,0.146255,-0.075819,0.256494,0.403842,0.160363,0.015982,0.518057,-0.143585,0.015748,0.253002,0.165722,0.035205,0.114138,-0.131633,0.015856
0.343884,0.021088,0.259109,0.536803,0.120184,0.260982,0.530629,-0.088767,0.269083,0.157140,0.130943,0.249135,0.150966,-0.078009,0.257236,0.404373,0.160103,0.015991,0.518147,-0.143725,0.015737,0.258828,0.165012,0.031702,0.114327,-0.131787,0.015890
0.348346,0.019737,0.259034,0.541308,0.118759,0.260224,0.535106,-0.090226,0.267389,0.161585,0.129700,0.250680,0.155384,-0.079285,0.257844,0.404656,0.159938,0.015994,0.518282,-0.143852,0.015720,0.262996,0.164498,0.026381,0.114496,-0.131863,0.015892
0.352586,0.019203,0.258366,0.545563,0.118202,0.258836,0.539370,-0.090794,0.265685,0.165802,0.129200,0.251047,0.159609,-0.079796,0.257895,0.404989,0.159904,0.015995,0.518424,-0.143859,0.015738,0.266221,0.164144,0.019904,0.114684,-0.131890,0.015881
0.356619,0.019241,0.257226,0.549614,0.118205,0.256951,0.543408,-0.090786,0.263942,0.169830,0.129268,0.250509,0.163623,-0.079723,0.257501,0.405248,0.159928,0.015996,0.518563,-0.143846,0.015743,0.268634,0.163980,0.015865,0.114902,-0.131853,0.015895
0.360373,0.019310,0.256643,0.553394,0.118208,0.254870,0.547170,-0.090776,0.262040,0.173576,0.129396,0.251246,0.167352,-0.079588,0.258415,0.405472,0.159916,0.015989,0.518680,-0.143874,0.015757,0.268903,0.163980,0.015891,0.114988,-0.131845,0.015916
0.363784,0.019249,0.256663,0.556815,0.118091,0.253410,0.550585,-0.090893,0.260612,0.176984,0.129390,0.252715,0.170753,-0.079593,0.259917,0.407988,0.159843,0.015989,0.518814,-0.143880,0.015773,0.269111,0.163980,0.015898,0.114926,-0.131833,0.015954
0.366906,0.018959,0.257296,0.559934,0.117778,0.253303,0.553706,-0.091211,0.260323,0.180105,0.129129,0.254270,0.173877,-0.079860,0.261290,0.416930,0.159580,0.016469,0.519001,-0.143887,0.015793,0.269274,0.163960,0.015888,0.111908,-0.131665,0.018494
0.369985,0.018158,0.258428,0.563024,0.116958,0.254436,0.556773,-0.092050,0.260877,0.183198,0.128366,0.255980,0.176947,-0.080642,0.262420,0.430261,0.159072,0.015953,0.519229,-0.143970,0.015815,0.269424,0.163880,0.015890,0.108221,-0.131527,0.020701
0.373177,0.016876,0.259442,0.566228,0.115667,0.255875,0.559949,-0.093368,0.261312,0.186405,0.127121,0.257572,0.180125,-0.081914,0.263008,0.438633,0.158778,0.017204,0.519459,-0.144022,0.015837,0.269589,0.163823,0.015896,0.107705,-0.131533,0.020421
0.376345,0.015266,0.260161,0.569417,0.114044,0.257473,0.563096,-0.095019,0.261665,0.189594,0.125552,0.258656,0.183272,-0.083511,0.262848,0.444914,0.158491,0.018261,0.519674,-0.144115,0.015850,0.269775,0.163739,0.015890,0.111473,-0.131751,0.016962
0.379474,0.013451,0.260496,0.572552,0.112241,0.258873,0.566222,-0.096844,0.261691,0.192726,0.123745,0.259301,0.186397,-0.085340,0.262120,0.453014,0.158092,0.018319,0.519870,-0.144230,0.015865,0.269969,0.163601,0.015895,0.113474,-0.131926,0.015904
0.382641,0.011673,0.260603,0.575725,0.110461,0.259694,0.569383,-0.098638,0.261168,0.195900,0.121984,0.260038,0.189558,-0.087115,0.261512,0.460428,0.157726,0.017903,0.520039,-0.144342,0.015897,0.270156,0.163483,0.015904,0.113684,-0.132017,0.015920
0.385800,0.010048,0.260462,0.578891,0.108825,0.260117,0.572533,-0.100278,0.260362,0.199067,0.120374,0.260561,0.192709,-0.088729,0.260806,0.466294,0.157436,0.017851,0.520199,-0.144444,0.015910,0.270358,0.163391,0.015908,0.113965,-0.132093,0.015893
0.388922,0.008492,0.260204,0.582018,0.107259,0.260464,0.575649,-0.101842,0.259519,0.202194,0.118825,0.260888,0.195826,-0.090276,0.259944,0.470524,0.157218,0.018679,0.520355,-0.144529,0.015916,0.270564,0.163321,0.015910,0.115554,-0.132199,0.015822
0.391994,0.006950,0.260020,0.585081,0.105729,0.261140,0.578731,-0.103364,0.259024,0.205256,0.117265,0.261015,0.198906,-0.091828,0.258900,0.473675,0.157018,0.020653,0.520532,-0.144611,0.015919,0.270767,0.163228,0.015899,0.120315,-0.132454,0.015710
0.395083,0.005287,0.260171,0.588157,0.104073,0.262472,0.581834,-0.105004,0.259101,0.208333,0.115579,0.261241,0.202010,-0.093499,0.257870,0.476749,0.156767,0.023793,0.520747,-0.144712,0.015918,0.270965,0.163117,0.015899,0.127144,-0.132806,0.015682
0.398223,0.003479,0.260837,0.591273,0.102268,0.264549,0.584991,-0.106784,0.259816,0.211456,0.113742,0.261859,0.205174,-0.095310,0.257125,0.480427,0.156447,0.027592,0.520998,-0.144820,0.015910,0.271136,0.163001,0.015891,0.135120,-0.133220,0.015707
0.401396,0.001503,0.261962,0.594415,0.100278,0.267277,0.588178,-0.108736,0.261061,0.214614,0.111742,0.262863,0.208377,-0.097272,0.256647,0.485173,0.156041,0.031463,0.521285,-0.144939,0.015882,0.271284,0.162886,0.015890,0.143846,-0.133674,0.015792
0.404581,-0.000488,0.263339,0.597542,0.098294,0.270362,0.591397,-0.110672,0.262619,0.217766,0.109696,0.264058,0.211620,-0.099271,0.256316,0.490954,0.155657,0.034808,0.521590,-0.144977,0.015860,0.271414,0.162814,0.015891,0.152398,-0.134121,0.015866
0.407749,-0.002541,0.264680,0.600654,0.096215,0.273423,0.594584,-0.112693,0.264189,0.220914,0.107612,0.265171,0.214845,-0.101296,0.255937,0.497602,0.155150,0.037503,0.521898,-0.145118,0.015833,0.271542,0.162673,0.015890,0.160563,-0.134623,0.015912
0.410906,-0.004570,0.265829,0.603739,0.094159,0.276275,0.597766,-0.114682,0.265576,0.224046,0.105542,0.266082,0.218073,-0.103299,0.255383,0.504759,0.154640,0.039671,0.522200,-0.145252,0.015797,0.271674,0.162525,0.015885,0.168043,-0.135130,0.015958
0.414050,-0.006531,0.266730,0.606809,0.092147,0.278888,0.600925,-0.116617,0.266743,0.227175,0.103555,0.266716,0.221291,-0.105209,0.254571,0.512220,0.154168,0.041494,0.522494,-0.145350,0.015758,0.271823,0.162435,0.015875,0.175041,-0.135570,0.015976
0.417179,-0.008377,0.267402,0.609854,0.090247,0.281223,0.604068,-0.118438,0.267740,0.230290,0.101684,0.267063,0.224505,-0.107001,0.253580,0.519798,0.153700,0.042944,0.522779,-0.145464,0.015713,0.271984,0.162321,0.015849,0.181825,-0.136030,0.015993
0.420316,-0.010139,0.267890,0.612899,0.088427,0.283313,0.607220,-0.120174,0.268549,0.233413,0.099896,0.267231,0.227734,-0.108706,0.252468,0.527448,0.153255,0.044211,0.523060,-0.145566,0.015661,0.272155,0.162214,0.015830,0.188496,-0.136483,0.016007
0.423467,-0.011818,0.268210,0.615965,0.086658,0.285195,0.610369,-0.121854,0.269195,0.236566,0.098218,0.267225,0.230970,-0.110294,0.251225,0.535347,0.152824,0.045374,0.523331,-0.145665,0.015676,0.272340,0.162150,0.015806,0.195463,-0.136893,0.016019
0.426630,-0.013390,0.268393,0.619021,0.085023,0.286881,0.613543,-0.123403,0.269753,0.239717,0.096624,0.267033,0.234239,-0.111802,0.249905,0.543574,0.152395,0.046306,0.523600,-0.145782,0.015717,0.272535,0.162028,0.015769,0.202797,-0.137376,0.016034
0.429805,-0.014824,0.268451,0.622093,0.083508,0.288383,0.616720,-0.124829,0.270180,0.242891,0.095181,0.266723,0.237517,-0.113156,0.248520,0.552167,0.152046,0.046944,0.523867,-0.145842,0.015750,0.272739,0.161979,0.015741,0.210291,-0.137779,0.016036
0.433000,-0.016045,0.268403,0.625185,0.082217,0.289636,0.619914,-0.126043,0.270539,0.246086,0.093954,0.266267,0.240815,-0.114306,0.247170,0.561042,0.151725,0.047202,0.524137,-0.145914,0.015781,0.272952,0.161905,0.015701,0.217654,-0.138181,0.016036
0.436219,-0.017052,0.268270,0.628303,0.081144,0.290687,0.623128,-0.127049,0.270852,0.249309,0.092946,0.265689,0.244134,-0.115247,0.245854,0.570329,0.151454,0.047180,0.524407,-0.145972,0.015855,0.273180,0.161844,0.015643,0.225274,-0.138553,0.016037
0.439465,-0.017830,0.268098,0.631451,0.080290,0.291657,0.626351,-0.127852,0.271270,0.252580,0.092192,0.264926,0.247479,-0.115950,0.244539,0.580129,0.151183,0.047097,0.524682,-0.146033,0.015949,0.273433,0.161775,0.015687,0.233681,-0.138912,0.016045
0.442724,-0.018364,0.267745,0.634618,0.079693,0.292291,0.629584,-0.128410,0.271497,0.255863,0.091682,0.263993,0.250829,-0.116421,0.243199,0.590324,0.151015,0.046486,0.524954,-0.146038,0.015989,0.273704,0.161748,0.015724,0.243166,-0.139227,0.016037
0.446004,-0.018654,0.267154,0.637835,0.079323,0.292507,0.632817,-0.128760,0.271503,0.259192,0.091452,0.262804,0.254174,-0.116630,0.241800,0.600932,0.150872,0.045180,0.525218,-0.146071,0.016025,0.273989,0.161724,0.015780,0.253318,-0.139513,0.016023
0.449336,-0.018677,0.266309,0.641118,0.079240,0.292254,0.636101,-0.128839,0.271215,0.262570,0.091485,0.261404,0.257554,-0.116593,0.240364,0.612251,0.150788,0.043452,0.525474,-0.146066,0.016051,0.274306,0.161727,0.015845,0.264110,-0.139762,0.016015
0.452755,-0.018372,0.265187,0.644511,0.079501,0.291488,0.639469,-0.128597,0.270647,0.266042,0.091854,0.259728,0.261000,-0.116245,0.238886,0.624169,0.150742,0.041300,0.525721,-0.146035,0.016072,0.274636,0.161754,0.015916,0.275202,-0.139955,0.015979
0.456297,-0.017723,0.263705,0.648057,0.080123,0.290079,0.642951,-0.128021,0.269712,0.269644,0.092575,0.257699,0.264538,-0.115569,0.237332,0.636468,0.150690,0.038653,0.525963,-0.146014,0.016090,0.275013,0.161776,0.015976,0.286034,-0.140111,0.015918
0.459984,-0.016655,0.261776,0.651796,0.081173,0.287835,0.646569,-0.127042,0.268245,0.273399,0.093732,0.255306,0.268173,-0.114483,0.235716,0.648697,0.150681,0.035243,0.526187,-0.145962,0.016099,0.275427,0.161859,0.016024,0.295724,-0.140153,0.015845
0.463822,-0.015121,0.259311,0.655720,0.082760,0.284516,0.650368,-0.125557,0.266072,0.277276,0.095314,0.252550,0.271923,-0.113003,0.234106,0.659912,0.150806,0.030260,0.526394,-0.145882,0.016105,0.275871,0.161931,0.016066,0.303407,-0.140132,0.015864
