-0.019344,0.009064,0.359192,0.174487,0.105853,0.369311,0.166305,-0.103049,0.361695,-0.204994,0.121176,0.356688,-0.213176,-0.087725,0.349072,0.201138,0.156160,0.209223,0.157705,-0.142013,0.191269,-0.206785,0.172974,0.186277,-0.210484,-0.127047,0.176305
-0.027649,0.013275,0.361132,0.167264,0.107566,0.373759,0.156695,-0.100998,0.361341,-0.211993,0.127548,0.360922,-0.222562,-0.081015,0.348504,0.213344,0.162214,0.182391,0.178308,-0.137757,0.194657,-0.233243,0.186251,0.158761,-0.189248,-0.115035,0.125848
-0.034054,0.017616,0.358466,0.161821,0.109785,0.371858,0.149122,-0.098513,0.357183,-0.217230,0.133746,0.359748,-0.229928,-0.074552,0.345074,0.193997,0.169287,0.147336,0.201062,-0.137607,0.219220,-0.227328,0.198193,0.101615,-0.209349,-0.103241,0.086547
-0.040668,0.022339,0.350147,0.155876,0.112991,0.364063,0.141609,-0.095201,0.349325,-0.222946,0.139879,0.350968,-0.237213,-0.068313,0.336230,0.161476,0.175462,0.121307,0.210548,-0.136186,0.216410,-0.195100,0.204124,0.061609,-0.224032,-0.094722,0.051368
-0.048431,0.027290,0.336749,0.148594,0.116667,0.352047,0.133063,-0.091454,0.337580,-0.229926,0.146034,0.335917,-0.245457,-0.062086,0.321451,0.131397,0.181438,0.095936,0.218604,-0.133711,0.196425,-0.170669,0.207631,0.043408,-0.235708,-0.087888,0.024933
-0.055683,0.033401,0.323596,0.142993,0.119837,0.333494,0.123860,-0.088275,0.324122,-0.235226,0.155078,0.323071,-0.254359,-0.053034,0.313699,0.098844,0.181891,0.060198,0.224221,-0.135474,0.152783,-0.179636,0.209100,0.024529,-0.236412,-0.086963,0.015966
-0.060665,0.040108,0.311930,0.139133,0.124470,0.309721,0.117398,-0.083553,0.305387,-0.238728,0.163769,0.318472,-0.260463,-0.044254,0.314138,0.071494,0.183180,0.024797,0.201707,-0.134078,0.113802,-0.177870,0.209421,0.015905,-0.237002,-0.086200,0.015931
-0.063023,0.043243,0.305052,0.136483,0.127505,0.293283,0.114519,-0.080525,0.290862,-0.240565,0.167012,0.319243,-0.262529,-0.041018,0.316822,0.070540,0.183403,0.015720,0.159429,-0.128474,0.076150,-0.178087,0.209650,0.015961,-0.254454,-0.084094,0.017582
-0.063850,0.044464,0.302477,0.135136,0.129032,0.285341,0.113460,-0.079036,0.283771,-0.241161,0.167964,0.321183,-0.262837,-0.040104,0.319614,0.069749,0.183574,0.015871,0.119159,-0.123648,0.061169,-0.182614,0.209838,0.019423,-0.258881,-0.083922,0.015883
-0.064232,0.045639,0.299648,0.134298,0.130335,0.278350,0.112770,-0.077753,0.277604,-0.241234,0.169031,0.321692,-0.262762,-0.039057,0.320946,0.069192,0.183705,0.015908,0.106717,-0.122090,0.074142,-0.170749,0.208502,0.023348,-0.262685,-0.083663,0.015851
-0.063812,0.047340,0.296904,0.134480,0.132027,0.273463,0.113068,-0.076074,0.274023,-0.240692,0.170755,0.319786,-0.262105,-0.037346,0.320346,0.068873,0.183774,0.015944,0.108928,-0.121841,0.087261,-0.151047,0.206437,0.028652,-0.266795,-0.083373,0.015848
-0.061600,0.049515,0.295348,0.136761,0.134048,0.271926,0.115391,-0.074046,0.274174,-0.238590,0.173076,0.316522,-0.259960,-0.035018,0.318770,0.068890,0.183944,0.015956,0.114360,-0.121574,0.094370,-0.134727,0.205017,0.031062,-0.266503,-0.083310,0.015916
-0.057472,0.052010,0.294321,0.141111,0.136511,0.272745,0.119940,-0.071568,0.277164,-0.234885,0.175588,0.311479,-0.256055,-0.032492,0.315897,0.069222,0.184067,0.015957,0.120965,-0.121114,0.100719,-0.124415,0.204085,0.030922,-0.270974,-0.083039,0.015913
-0.051640,0.054787,0.293559,0.147272,0.139272,0.275184,0.126254,-0.068756,0.282060,-0.229533,0.178329,0.305058,-0.250551,-0.029698,0.311934,0.069799,0.184237,0.015960,0.126308,-0.120349,0.104121,-0.117958,0.203627,0.028653,-0.273992,-0.082818,0.015994
-0.044365,0.057693,0.292863,0.154828,0.142326,0.278703,0.134004,-0.065614,0.288283,-0.222734,0.181001,0.297443,-0.243558,-0.026939,0.307023,0.070570,0.184381,0.015871,0.132873,-0.119620,0.106079,-0.109635,0.202745,0.022742,-0.276229,-0.082802,0.015959
-0.035946,0.060905,0.291778,0.163483,0.145608,0.282041,0.142619,-0.062171,0.294586,-0.214511,0.183982,0.288970,-0.235375,-0.023797,0.301515,0.071441,0.184536,0.015795,0.142247,-0.119013,0.110429,-0.100987,0.201890,0.016457,-0.275425,-0.082783,0.015850
-0.026806,0.064026,0.290561,0.172715,0.148885,0.284953,0.151758,-0.058681,0.300510,-0.205370,0.186733,0.280612,-0.226327,-0.020833,0.296169,0.072366,0.184661,0.015927,0.153248,-0.118786,0.111759,-0.107886,0.202856,0.015879,-0.274570,-0.082790,0.015714
-0.017498,0.066078,0.289013,0.181943,0.151302,0.287931,0.160936,-0.056072,0.305796,-0.195932,0.188229,0.272229,-0.216939,-0.019146,0.290095,0.073366,0.184727,0.016033,0.160569,-0.119455,0.101860,-0.106488,0.202931,0.015863,-0.279804,-0.081989,0.018931
-0.008305,0.066734,0.286363,0.190941,0.152398,0.288343,0.170032,-0.054858,0.307633,-0.186641,0.188327,0.265093,-0.207550,-0.018930,0.284383,0.074161,0.184714,0.016067,0.170847,-0.120727,0.093708,-0.105373,0.202820,0.015997,-0.280050,-0.082374,0.017046
0.000629,0.065910,0.282962,0.199809,0.151714,0.285523,0.178968,-0.055521,0.305119,-0.177709,0.187342,0.260805,-0.198550,-0.019893,0.280400,0.074741,0.184693,0.016067,0.183076,-0.122720,0.084032,-0.104469,0.202715,0.016064,-0.281587,-0.082415,0.016098
0.009693,0.064003,0.279058,0.208969,0.149619,0.279296,0.188195,-0.057667,0.298417,-0.168809,0.185673,0.259700,-0.189583,-0.021613,0.278821,0.075114,0.184621,0.016049,0.193745,-0.125008,0.071673,-0.103754,0.202545,0.016030,-0.281208,-0.082556,0.015867
0.019119,0.061340,0.274273,0.218507,0.146600,0.270203,0.197808,-0.060785,0.288301,-0.159570,0.183466,0.260245,-0.180268,-0.023920,0.278344,0.075389,0.184551,0.016036,0.200070,-0.127054,0.056887,-0.103134,0.202366,0.016001,-0.280992,-0.082620,0.015873
0.028721,0.057999,0.267938,0.228080,0.142922,0.258712,0.207486,-0.064594,0.275374,-0.150044,0.180591,0.260501,-0.170638,-0.026925,0.277163,0.075615,0.184384,0.016012,0.198750,-0.128560,0.038566,-0.093778,0.201210,0.016202,-0.280711,-0.082798,0.015905
0.038490,0.054001,0.259642,0.237645,0.138766,0.245739,0.217189,-0.068911,0.260444,-0.140208,0.176913,0.258840,-0.160665,-0.030765,0.273545,0.075914,0.184211,0.015981,0.190180,-0.129135,0.018935,-0.068029,0.198393,0.016033,-0.280173,-0.083013,0.016002
0.048870,0.050278,0.250160,0.247830,0.135024,0.233600,0.227436,-0.072777,0.246547,-0.129695,0.173332,0.253773,-0.150090,-0.034468,0.266720,0.076403,0.184042,0.015914,0.190176,-0.129254,0.015776,-0.021837,0.194027,0.021429,-0.279302,-0.083168,0.015927
0.059677,0.047371,0.239562,0.258671,0.131924,0.222430,0.238039,-0.075918,0.234291,-0.118685,0.170660,0.244834,-0.139316,-0.037182,0.256695,0.077094,0.183902,0.015785,0.190265,-0.129393,0.015765,0.015482,0.190785,0.029219,-0.275807,-0.083106,0.016179
0.070312,0.044746,0.226982,0.269515,0.128837,0.209996,0.248322,-0.079008,0.220768,-0.107697,0.168501,0.233196,-0.128890,-0.039344,0.243968,0.081302,0.183711,0.015839,0.190422,-0.129477,0.015731,0.031246,0.189304,0.025272,-0.264783,-0.083009,0.016773
0.080036,0.042793,0.212673,0.279543,0.126236,0.196076,0.257616,-0.081565,0.206209,-0.097543,0.167151,0.219137,-0.119471,-0.040649,0.229270,0.091091,0.183110,0.016281,0.190612,-0.129539,0.015737,0.033704,0.189146,0.015869,-0.242386,-0.083513,0.022613
0.088394,0.040871,0.199190,0.288063,0.124417,0.185272,0.266104,-0.083399,0.195016,-0.089315,0.165141,0.203364,-0.111274,-0.042675,0.213108,0.109428,0.181229,0.018567,0.190989,-0.129618,0.015805,0.034770,0.188989,0.015824,-0.191264,-0.088668,0.027723
0.097515,0.038834,0.187697,0.297411,0.122866,0.183079,0.275531,-0.084983,0.192276,-0.080500,0.162651,0.183118,-0.102381,-0.045199,0.192316,0.141116,0.177900,0.021167,0.191696,-0.129710,0.015857,0.035814,0.188751,0.015896,-0.131318,-0.095162,0.028154
0.108593,0.036354,0.178371,0.308029,0.120857,0.189576,0.285931,-0.087015,0.197672,-0.068745,0.159723,0.159069,-0.090844,-0.048148,0.167165,0.184424,0.173180,0.021205,0.192657,-0.129919,0.015918,0.036908,0.188661,0.016039,-0.079218,-0.100565,0.027497
0.121246,0.033440,0.172665,0.318477,0.118556,0.202608,0.296265,-0.089359,0.209137,-0.053772,0.156238,0.136193,-0.075984,-0.051677,0.142721,0.235760,0.167371,0.019414,0.193763,-0.130204,0.015997,0.038227,0.188366,0.015977,-0.037707,-0.105321,0.020928
0.133900,0.030785,0.172905,0.327978,0.116158,0.218580,0.305537,-0.091777,0.223507,-0.037737,0.153346,0.122302,-0.060179,-0.054589,0.127229,0.288346,0.161449,0.019704,0.194976,-0.130488,0.015993,0.039781,0.188179,0.015650,-0.022287,-0.107052,0.015517
0.146049,0.028786,0.181085,0.338665,0.114010,0.232828,0.316035,-0.093927,0.236653,-0.023936,0.151498,0.125517,-0.046566,-0.056439,0.129343,0.296878,0.160334,0.018141,0.196258,-0.130681,0.015810,0.041457,0.188087,0.015692,-0.020620,-0.107075,0.015975
0.158634,0.026939,0.195225,0.351269,0.111972,0.247208,0.328662,-0.095981,0.250200,-0.011393,0.149860,0.140249,-0.034001,-0.058093,0.143241,0.298621,0.160090,0.015863,0.205545,-0.131691,0.015823,0.042904,0.187891,0.015926,-0.019460,-0.107229,0.015867
0.172489,0.025169,0.209269,0.365422,0.110041,0.260403,0.342817,-0.097919,0.262923,0.002161,0.148258,0.155615,-0.020444,-0.059702,0.158135,0.300322,0.159876,0.015932,0.238781,-0.135283,0.019341,0.041252,0.188078,0.019348,-0.018586,-0.107349,0.015855
0.187126,0.023857,0.220795,0.380543,0.108643,0.270218,0.357877,-0.099308,0.272906,0.016375,0.147022,0.168684,-0.006290,-0.060929,0.171373,0.303256,0.159506,0.016221,0.280800,-0.139813,0.026747,0.040877,0.188237,0.026549,-0.017914,-0.107396,0.015825
0.201984,0.023026,0.229788,0.396165,0.107842,0.276062,0.373514,-0.100102,0.279367,0.030454,0.146153,0.180209,0.007804,-0.061790,0.183514,0.304857,0.159376,0.015808,0.323428,-0.144260,0.034697,0.051530,0.187199,0.030239,-0.017468,-0.107429,0.015754
0.216778,0.022346,0.236729,0.411869,0.107145,0.279035,0.389207,-0.100785,0.283077,0.044349,0.145478,0.190382,0.021687,-0.062452,0.194423,0.306346,0.159260,0.015930,0.366712,-0.148752,0.041713,0.077261,0.184468,0.028304,-0.017185,-0.107416,0.015753
0.231609,0.021652,0.241567,0.427679,0.106389,0.279218,0.405012,-0.101525,0.283993,0.058206,0.144829,0.199140,0.035540,-0.063084,0.203916,0.307736,0.159150,0.015964,0.408850,-0.153101,0.047727,0.119363,0.179892,0.024942,-0.017001,-0.107409,0.015767
0.246887,0.021072,0.243767,0.444034,0.105721,0.275532,0.421399,-0.102175,0.281140,0.072375,0.144320,0.206394,0.049741,-0.063577,0.212002,0.308989,0.159156,0.015955,0.443327,-0.156510,0.050843,0.169872,0.174587,0.026503,-0.016864,-0.107354,0.015771
0.262878,0.020378,0.243013,0.461067,0.104963,0.267673,0.438588,-0.102929,0.274041,0.087169,0.143685,0.211985,0.064690,-0.064206,0.218353,0.310749,0.159238,0.015861,0.464666,-0.158403,0.048197,0.216322,0.169941,0.031947,-0.016725,-0.107345,0.015765
0.279388,0.019188,0.239117,0.478409,0.103704,0.256110,0.456164,-0.104197,0.262941,0.102613,0.142573,0.215293,0.080367,-0.065329,0.222124,0.315504,0.158972,0.015783,0.471326,-0.158951,0.037807,0.252900,0.166269,0.033973,-0.015515,-0.107578,0.015928
0.295937,0.017334,0.231730,0.495647,0.101397,0.241238,0.473256,-0.106489,0.248058,0.118617,0.141157,0.215401,0.096226,-0.066729,0.222221,0.323282,0.158301,0.015761,0.463120,-0.158646,0.019114,0.276130,0.163791,0.028311,-0.007097,-0.108067,0.017114
0.312191,0.015442,0.221115,0.512345,0.098907,0.224734,0.489568,-0.108939,0.231503,0.134814,0.139823,0.210726,0.112037,-0.068023,0.217495,0.336955,0.157069,0.015781,0.462479,-0.158735,0.015963,0.285199,0.162748,0.015994,0.009194,-0.108695,0.027235
0.327396,0.014091,0.210139,0.527593,0.097508,0.212220,0.504807,-0.110318,0.219565,0.149985,0.138501,0.200714,0.127200,-0.069325,0.208059,0.355281,0.155399,0.021205,0.463018,-0.158680,0.016050,0.286689,0.162731,0.015876,0.043807,-0.111668,0.045770
0.342323,0.012619,0.199879,0.542360,0.096306,0.204667,0.519720,-0.111512,0.212642,0.164926,0.136750,0.187117,0.142286,-0.071068,0.195092,0.380449,0.152981,0.029665,0.463940,-0.158739,0.015876,0.288103,0.162510,0.015832,0.091568,-0.116662,0.055254
0.357880,0.010712,0.190570,0.557388,0.094838,0.203239,0.534816,-0.112980,0.211424,0.180943,0.134403,0.169715,0.158372,-0.073414,0.177901,0.415901,0.149360,0.035741,0.465117,-0.158868,0.015792,0.289688,0.162289,0.015976,0.140756,-0.121965,0.058276
0.374397,0.008301,0.183271,0.572547,0.092964,0.207970,0.549932,-0.114861,0.215826,0.198863,0.131463,0.150715,0.176248,-0.076363,0.158572,0.465117,0.143920,0.036419,0.466470,-0.159091,0.015809,0.291413,0.162049,0.015978,0.185845,-0.127050,0.055605
0.391464,0.005829,0.179329,0.587162,0.091114,0.217670,0.564483,-0.116724,0.225008,0.218446,0.128381,0.133650,0.195766,-0.079456,0.140988,0.525626,0.137189,0.036754,0.467894,-0.159312,0.016003,0.293371,0.161788,0.015682,0.227890,-0.132046,0.046484
0.408321,0.003395,0.179548,0.601165,0.089235,0.229389,0.578498,-0.118627,0.236042,0.238144,0.125417,0.123054,0.215478,-0.082445,0.129707,0.585394,0.130645,0.040306,0.469436,-0.159520,0.015983,0.295522,0.161473,0.015888,0.270548,-0.137295,0.032777
0.424862,0.000793,0.183684,0.615871,0.086649,0.240124,0.593097,-0.121232,0.245715,0.256627,0.122819,0.121654,0.233853,-0.085062,0.127245,0.632010,0.125240,0.040098,0.471090,-0.159789,0.015776,0.297766,0.161205,0.015856,0.306172,-0.141641,0.018761
0.441967,-0.001694,0.190403,0.633259,0.083732,0.246536,0.610281,-0.124146,0.251369,0.273653,0.120759,0.129437,0.250675,-0.087119,0.134270,0.658711,0.121687,0.032737,0.472753,-0.160156,0.015951,0.299825,0.160964,0.015852,0.309217,-0.142086,0.015689
0.460026,-0.003441,0.196287,0.653095,0.081159,0.247359,0.629440,-0.126635,0.252529,0.290611,0.119753,0.140045,0.266957,-0.088041,0.145215,0.661231,0.120235,0.016001,0.483397,-0.161648,0.016141,0.301922,0.161133,0.015819,0.310929,-0.142021,0.015897
0.478016,-0.004738,0.201433,0.672347,0.079847,0.247498,0.648789,-0.127939,0.253386,0.307242,0.118463,0.149480,0.283685,-0.089323,0.155367,0.662446,0.120166,0.015905,0.507430,-0.164323,0.018638,0.304468,0.161012,0.025088,0.312522,-0.142303,0.015908
0.495129,-0.006073,0.207615,0.690104,0.078475,0.250941,0.666573,-0.129301,0.257241,0.323684,0.117155,0.157989,0.300153,-0.090621,0.164289,0.663832,0.120081,0.015762,0.543125,-0.168225,0.021672,0.314439,0.160374,0.039603,0.313883,-0.142436,0.015937
0.511879,-0.007568,0.215024,0.707024,0.076992,0.257558,0.683513,-0.130783,0.264024,0.340244,0.115646,0.166023,0.316734,-0.092128,0.172489,0.665386,0.119942,0.015822,0.588984,-0.173268,0.025610,0.330108,0.159151,0.056653,0.315109,-0.142580,0.015896
0.528725,-0.009209,0.223245,0.723889,0.075358,0.265678,0.700389,-0.132417,0.272157,0.357061,0.114000,0.174333,0.333560,-0.093775,0.180811,0.667025,0.119764,0.015945,0.637964,-0.178613,0.031808,0.348903,0.157422,0.069708,0.316100,-0.142706,0.015835
0.545788,-0.010918,0.231579,0.741093,0.073630,0.273396,0.717620,-0.134149,0.279836,0.373955,0.112314,0.183321,0.350483,-0.095465,0.189762,0.668721,0.119588,0.015998,0.689037,-0.184112,0.040103,0.370567,0.155071,0.074090,0.316832,-0.142818,0.015762
0.563107,-0.012627,0.239191,0.758861,0.071840,0.279027,0.735431,-0.135945,0.285428,0.390782,0.110692,0.192953,0.367352,-0.097093,0.199355,0.670468,0.119457,0.015820,0.740738,-0.189551,0.050171,0.399095,0.151624,0.066696,0.317278,-0.142862,0.015765
0.580711,-0.014214,0.245025,0.777319,0.070065,0.280856,0.753880,-0.137713,0.287472,0.407543,0.109286,0.202578,0.384104,-0.098492,0.209194,0.672113,0.119258,0.015927,0.787390,-0.194537,0.058758,0.442029,0.146321,0.050722,0.317459,-0.142893,0.015780
0.598579,-0.015594,0.247961,0.796261,0.068493,0.277832,0.772891,-0.139280,0.284820,0.424268,0.108091,0.211101,0.400897,-0.099682,0.218089,0.673616,0.119244,0.016000,0.821849,-0.198119,0.059775,0.501241,0.139370,0.037909,0.317509,-0.142870,0.015771
0.616852,-0.016968,0.247544,0.815608,0.066937,0.269843,0.792391,-0.140838,0.277262,0.441312,0.106902,0.217826,0.418096,-0.100873,0.225245,0.676481,0.119180,0.015976,0.841315,-0.200121,0.051690,0.560882,0.132855,0.037218,0.317582,-0.142886,0.015700
0.635311,-0.018814,0.243796,0.834967,0.064776,0.257635,0.811829,-0.143001,0.265245,0.458793,0.105373,0.222347,0.435655,-0.102404,0.229957,0.679284,0.119020,0.015904,0.846868,-0.201029,0.036868,0.608227,0.127863,0.041318,0.319474,-0.143069,0.015852
0.653667,-0.021278,0.236653,0.854000,0.061679,0.241769,0.830616,-0.146081,0.249082,0.476719,0.103525,0.224224,0.453335,-0.104236,0.231537,0.685744,0.118428,0.015830,0.839688,-0.201064,0.016214,0.640912,0.124386,0.041725,0.328096,-0.143500,0.015756
0.671551,-0.023605,0.227163,0.872100,0.058967,0.225435,0.848587,-0.148782,0.232642,0.494514,0.101572,0.221683,0.471002,-0.106178,0.228891,0.694029,0.117614,0.015771,0.839724,-0.201059,0.016098,0.661056,0.122003,0.034710,0.343215,-0.144692,0.021084
0.688683,-0.025063,0.215981,0.889226,0.057397,0.211102,0.865717,-0.150324,0.219106,0.511649,0.100199,0.212857,0.488139,-0.107522,0.220860,0.709933,0.115946,0.016002,0.840225,-0.201037,0.016015,0.667197,0.120783,0.015998,0.370855,-0.147108,0.036933
0.705002,-0.026207,0.202953,0.905595,0.056131,0.198046,0.881970,-0.151528,0.207227,0.528034,0.099114,0.198679,0.504409,-0.108545,0.207860,0.732276,0.113711,0.018789,0.840987,-0.201108,0.015975,0.668890,0.120797,0.015945,0.415231,-0.151117,0.051117
0.721008,-0.027908,0.190528,0.921562,0.054663,0.189399,0.897994,-0.152968,0.199317,0.544023,0.097152,0.181740,0.520454,-0.110480,0.191658,0.760972,0.110871,0.025807,0.842008,-0.201165,0.015954,0.670417,0.120673,0.015830,0.469450,-0.156794,0.059542
0.737713,-0.030182,0.179803,0.937858,0.052997,0.187831,0.914409,-0.154637,0.197984,0.561017,0.094273,0.161621,0.537568,-0.113361,0.171774,0.799198,0.106782,0.031028,0.843355,-0.201317,0.015726,0.672015,0.120408,0.015953,0.521948,-0.162759,0.061973
0.755352,-0.032845,0.172135,0.954253,0.051027,0.193237,0.930759,-0.156620,0.203008,0.579945,0.090931,0.141262,0.556451,-0.116716,0.151032,0.850731,0.100931,0.031764,0.844859,-0.201500,0.015804,0.673741,0.120215,0.016009,0.567651,-0.168122,0.058604
0.773441,-0.035454,0.168874,0.969974,0.049281,0.204034,0.946499,-0.158389,0.213361,0.600383,0.087481,0.124387,0.576909,-0.120188,0.133714,0.912240,0.093934,0.033530,0.846379,-0.201720,0.016019,0.675766,0.119865,0.015741,0.609053,-0.173383,0.049624
0.791180,-0.037888,0.170300,0.985024,0.047513,0.216908,0.961532,-0.160179,0.225673,0.620828,0.084404,0.114928,0.597335,-0.123288,0.123692,0.970607,0.087397,0.038563,0.848014,-0.201967,0.016001,0.678074,0.119527,0.015844,0.650756,-0.178770,0.036977
0.808506,-0.040359,0.175484,1.000597,0.045239,0.228541,0.977058,-0.162481,0.236457,0.639954,0.081762,0.114510,0.616415,-0.125958,0.122427,1.014448,0.082197,0.038393,0.849713,-0.202234,0.015777,0.680493,0.119183,0.015865,0.685057,-0.183233,0.024769
0.826366,-0.043053,0.182062,1.018177,0.042257,0.236579,0.994540,-0.165490,0.243446,0.658193,0.079384,0.120677,0.634556,-0.128363,0.127544,1.039774,0.078763,0.030704,0.851455,-0.202497,0.015953,0.682870,0.118881,0.015900,0.697510,-0.184991,0.015664
0.845032,-0.045151,0.187790,1.037972,0.039578,0.239136,1.013870,-0.168108,0.246240,0.676193,0.077806,0.129340,0.652092,-0.129880,0.136444,1.043433,0.077098,0.016115,0.863123,-0.204263,0.016202,0.685251,0.118654,0.015839,0.699449,-0.185280,0.015891
0.863194,-0.046791,0.193728,1.056851,0.037866,0.242423,1.032785,-0.169814,0.249809,0.693602,0.076232,0.137646,0.669536,-0.131448,0.145033,1.044836,0.076990,0.016053,0.884769,-0.206708,0.017472,0.688350,0.118641,0.025665,0.701254,-0.185498,0.015916
0.880489,-0.048401,0.201187,1.074172,0.036303,0.249699,1.050131,-0.171375,0.257225,0.710848,0.074573,0.145149,0.686807,-0.133105,0.152675,1.046449,0.076819,0.015781,0.921957,-0.210978,0.018294,0.696864,0.118592,0.051785,0.702857,-0.185700,0.015959
0.897484,-0.050072,0.209894,1.090987,0.034673,0.259046,1.066945,-0.173005,0.266565,0.728023,0.072861,0.153224,0.703980,-0.134816,0.160742,1.048155,0.076609,0.015819,0.965897,-0.215906,0.023032,0.712817,0.117578,0.075127,0.704272,-0.185878,0.015882
0.914368,-0.051849,0.219492,1.107732,0.032911,0.269159,1.083713,-0.174775,0.276524,0.745022,0.071076,0.162460,0.721003,-0.136610,0.169824,1.049890,0.076405,0.015993,1.012772,-0.221089,0.030101,0.731623,0.115841,0.090080,0.705373,-0.186045,0.015801
0.931259,-0.053589,0.229283,1.124772,0.031099,0.278498,1.100741,-0.176590,0.285743,0.761777,0.069413,0.172823,0.737747,-0.138276,0.180069,1.051697,0.076176,0.015988,1.063718,-0.226709,0.038614,0.751257,0.113716,0.095576,0.706104,-0.186128,0.015746
0.948257,-0.055237,0.238166,1.142393,0.029319,0.285100,1.118388,-0.178374,0.292331,0.778126,0.067900,0.184000,0.754122,-0.139792,0.191231,1.053535,0.075994,0.015837,1.116731,-0.232454,0.048432,0.773456,0.110919,0.089206,0.706490,-0.186176,0.015779
0.965405,-0.056793,0.245092,1.160671,0.027537,0.287524,1.136718,-0.180158,0.294830,0.794091,0.066572,0.195354,0.770138,-0.141124,0.202660,1.057280,0.075684,0.015860,1.166540,-0.237679,0.058816,0.805963,0.106574,0.070051,0.706596,-0.186149,0.015780
0.982796,-0.058083,0.249294,1.179399,0.026174,0.285200,1.155752,-0.181551,0.292688,0.809840,0.065385,0.205900,0.786192,-0.142339,0.213388,1.062872,0.075507,0.016005,1.205826,-0.241381,0.060872,0.858382,0.099878,0.046297,0.706523,-0.186166,0.015785
1.000549,-0.059395,0.250147,1.198546,0.024586,0.278175,1.175012,-0.183135,0.286095,0.826086,0.064345,0.214199,0.802552,-0.143376,0.222119,1.064878,0.075507,0.015979,1.231330,-0.244067,0.055886,0.922897,0.092348,0.035790,0.706506,-0.186134,0.015795
1.018761,-0.061020,0.247753,1.217930,0.022612,0.267205,1.194487,-0.185110,0.275382,0.843035,0.063070,0.220125,0.819591,-0.144652,0.228302,1.069416,0.075255,0.015920,1.241640,-0.245351,0.043046,0.978759,0.086376,0.038511,0.706955,-0.186079,0.015775
1.037029,-0.063324,0.242163,1.237120,0.019734,0.252476,1.213565,-0.187979,0.260526,0.860493,0.061331,0.223800,0.836939,-0.146382,0.231851,1.074634,0.074764,0.015846,1.239314,-0.245802,0.025022,1.019282,0.082058,0.042083,0.709648,-0.186076,0.016331
1.054970,-0.066010,0.233603,1.255512,0.016583,0.235185,1.231884,-0.191137,0.242846,0.878055,0.059118,0.224361,0.854428,-0.148602,0.232021,1.080964,0.074119,0.015768,1.236446,-0.245794,0.016038,1.045363,0.079067,0.040133,0.721513,-0.187170,0.017461
1.072155,-0.068077,0.223446,1.272715,0.014391,0.219491,1.249179,-0.193328,0.227454,0.895131,0.057174,0.219439,0.871595,-0.150545,0.227401,1.093675,0.072644,0.015798,1.236604,-0.245780,0.016081,1.058863,0.077035,0.027427,0.743395,-0.189492,0.026556
1.088821,-0.069504,0.210977,1.289440,0.012715,0.205189,1.265726,-0.194951,0.213960,0.911917,0.055944,0.207995,0.888203,-0.151723,0.216766,1.110862,0.071024,0.018872,1.237113,-0.245827,0.016071,1.059532,0.076764,0.015998,0.779186,-0.192471,0.041284
1.104820,-0.070961,0.197866,1.305396,0.011473,0.193970,1.281824,-0.196166,0.203738,0.927816,0.054244,0.191995,0.904244,-0.153395,0.201762,1.135010,0.068654,0.024905,1.237911,-0.245802,0.016040,1.061081,0.076621,0.015848,0.830049,-0.197735,0.053558
1.120998,-0.072861,0.185791,1.321367,0.010104,0.188995,1.297961,-0.197522,0.199387,0.944036,0.051801,0.172195,0.920629,-0.155826,0.182586,1.167461,0.065355,0.031280,1.239057,-0.245860,0.015903,1.062534,0.076414,0.015891,0.885824,-0.203882,0.058992
1.138054,-0.075424,0.175924,1.337551,0.008296,0.191185,1.314215,-0.199344,0.201464,0.961893,0.048496,0.150384,0.938557,-0.159145,0.160663,1.211353,0.060441,0.033024,1.240503,-0.246044,0.015756,1.064054,0.076153,0.016011,0.936100,-0.209656,0.059742
1.155869,-0.078247,0.170045,1.353333,0.006341,0.199944,1.330013,-0.201330,0.209610,0.981724,0.044836,0.130480,0.958404,-0.162835,0.140146,1.268048,0.053893,0.032163,1.242003,-0.246249,0.015886,1.065827,0.075845,0.015927,0.979596,-0.215018,0.053801
1.173622,-0.080803,0.169261,1.368137,0.004576,0.213029,1.344769,-0.203118,0.222071,1.002475,0.041512,0.116451,0.979107,-0.166182,0.125494,1.330337,0.046885,0.035637,1.243532,-0.246478,0.016031,1.067948,0.075538,0.015669,1.020917,-0.220267,0.042767
1.190685,-0.083244,0.173337,1.382581,0.002599,0.226706,1.359190,-0.205127,0.234916,1.022181,0.038639,0.111758,0.998790,-0.169087,0.119969,1.383090,0.040893,0.038957,1.245181,-0.246718,0.015929,1.070361,0.075197,0.015910,1.060830,-0.225412,0.029752
1.207764,-0.085846,0.180500,1.398500,-0.000109,0.238032,1.375017,-0.207865,0.245143,1.040510,0.036173,0.115856,1.017027,-0.171583,0.122967,1.418024,0.036538,0.036102,1.246953,-0.247005,0.015847,1.072841,0.074863,0.015911,1.085241,-0.228676,0.017297
1.225689,-0.088417,0.187825,1.417103,-0.003418,0.244190,1.393107,-0.211136,0.250693,1.058270,0.034301,0.124958,1.034275,-0.173416,0.131461,1.433560,0.033592,0.024965,1.251866,-0.247943,0.015935,1.074995,0.074727,0.015806,1.087358,-0.228944,0.015773
1.243908,-0.089806,0.193933,1.436781,-0.005143,0.245637,1.412562,-0.212813,0.252806,1.075253,0.033202,0.135060,1.051034,-0.174468,0.142229,1.433365,0.033113,0.016014,1.264648,-0.249506,0.016468,1.075513,0.075058,0.022133,1.089122,-0.229055,0.015906
1.261322,-0.091049,0.200697,1.454880,-0.006397,0.249796,1.430678,-0.214048,0.257539,1.091966,0.031950,0.143855,1.067764,-0.175701,0.151599,1.434783,0.033012,0.015919,1.301571,-0.253764,0.016900,1.082040,0.074931,0.037528,1.090665,-0.229218,0.015943
1.278316,-0.092484,0.208491,1.471979,-0.007788,0.257101,1.447791,-0.215432,0.265090,1.108842,0.030464,0.151893,1.084654,-0.177179,0.159882,1.436385,0.032863,0.015783,1.345006,-0.258615,0.021677,1.095541,0.074197,0.058123,1.092117,-0.229377,0.015939
1.295227,-0.094025,0.217186,1.488850,-0.009285,0.265873,1.464681,-0.216927,0.273946,1.125773,0.028878,0.160427,1.101604,-0.178765,0.168500,1.438064,0.032700,0.015908,1.388924,-0.263426,0.028915,1.113139,0.072782,0.074088,1.093316,-0.229525,0.015865
1.312134,-0.095634,0.226386,1.505828,-0.010897,0.274795,1.481673,-0.218541,0.282881,1.142595,0.027272,0.169891,1.118440,-0.180372,0.177978,1.439791,0.032498,0.016022,1.436049,-0.268593,0.037157,1.132610,0.070823,0.082563,1.094193,-0.229659,0.015769
1.329079,-0.097282,0.235226,1.523172,-0.012647,0.282192,1.499022,-0.220292,0.290263,1.159135,0.025727,0.180190,1.134985,-0.181918,0.188261,1.441582,0.032281,0.015899,1.486033,-0.274052,0.046370,1.154514,0.068216,0.081446,1.094732,-0.229735,0.015678
1.346165,-0.098801,0.242701,1.541152,-0.014383,0.286228,1.516984,-0.222019,0.294462,1.175346,0.024418,0.190939,1.151177,-0.183218,0.199173,1.443321,0.032076,0.015899,1.535963,-0.279467,0.056275,1.184115,0.064333,0.068478,1.094984,-0.229744,0.015772
1.363445,-0.100143,0.247757,1.559726,-0.016001,0.285640,1.535585,-0.223625,0.294249,1.191306,0.023338,0.201265,1.167165,-0.184286,0.209873,1.444939,0.031961,0.016010,1.578902,-0.284051,0.062843,1.230492,0.058231,0.048208,1.095006,-0.229739,0.015765
1.380901,-0.101410,0.249499,1.578584,-0.017590,0.280106,1.554507,-0.225200,0.289227,1.207296,0.022380,0.209771,1.183218,-0.185230,0.218893,1.446547,0.031917,0.015987,1.608378,-0.287287,0.060674,1.293054,0.050557,0.035072,1.094993,-0.229722,0.015738
1.398762,-0.102898,0.247915,1.597674,-0.019407,0.270369,1.573736,-0.227017,0.279848,1.223788,0.021221,0.215981,1.199849,-0.186388,0.225460,1.449982,0.031803,0.015913,1.622772,-0.288959,0.050083,1.351588,0.044053,0.035722,1.095234,-0.229698,0.015756
1.416801,-0.104973,0.243120,1.616726,-0.022008,0.256841,1.592771,-0.229614,0.266373,1.240832,0.019668,0.219867,1.216877,-0.187937,0.229398,1.455553,0.031323,0.015840,1.623887,-0.289701,0.033376,1.395526,0.039320,0.039150,1.097522,-0.229770,0.015815
1.434711,-0.107758,0.234961,1.635405,-0.025661,0.239813,1.611068,-0.233245,0.248831,1.258355,0.017730,0.221091,1.234018,-0.189854,0.230109,1.462515,0.030679,0.015762,1.616802,-0.289849,0.015676,1.423948,0.036151,0.037650,1.108066,-0.230203,0.015769
1.452007,-0.110153,0.224836,1.652844,-0.028280,0.223234,1.628587,-0.235871,0.232294,1.275427,0.015565,0.217378,1.251171,-0.192026,0.226438,1.475859,0.029150,0.015817,1.616741,-0.289729,0.016001,1.440790,0.033756,0.027455,1.126837,-0.232199,0.022541
1.468624,-0.111732,0.212981,1.669571,-0.030203,0.209166,1.645061,-0.237734,0.218894,1.292188,0.014269,0.207068,1.267678,-0.193262,0.216795,1.492625,0.027546,0.017907,1.617204,-0.289768,0.016037,1.443551,0.033253,0.016012,1.159241,-0.234697,0.037033
1.484520,-0.113327,0.200345,1.685389,-0.031555,0.197859,1.661056,-0.239060,0.208551,1.307984,0.012406,0.192139,1.283651,-0.195099,0.202831,1.516279,0.025096,0.023180,1.617968,-0.289749,0.016010,1.445045,0.033075,0.015907,1.207011,-0.239776,0.050615
1.500553,-0.115303,0.188382,1.701230,-0.033111,0.192155,1.676954,-0.240591,0.203444,1.324152,0.009984,0.173320,1.299876,-0.197495,0.184610,1.547293,0.021895,0.029833,1.619082,-0.289849,0.015935,1.446525,0.032926,0.015874,1.261348,-0.245762,0.056921
1.517376,-0.117912,0.178226,1.717236,-0.035026,0.193289,1.692948,-0.242507,0.204525,1.341804,0.006683,0.151927,1.317516,-0.200799,0.163164,1.589203,0.017076,0.032415,1.620438,-0.290069,0.015754,1.448069,0.032708,0.015997,1.311900,-0.251654,0.058164
1.534966,-0.120865,0.171736,1.732847,-0.037045,0.201031,1.708589,-0.244561,0.211677,1.361342,0.002831,0.131795,1.337084,-0.204685,0.142441,1.644163,0.010463,0.031866,1.621893,-0.290289,0.015891,1.449750,0.032374,0.015991,1.356071,-0.257312,0.052992
1.552631,-0.123581,0.170238,1.747550,-0.038884,0.213528,1.723262,-0.246430,0.223477,1.382001,-0.000731,0.116998,1.357712,-0.208278,0.126947,1.706220,0.003213,0.035113,1.623440,-0.290504,0.016038,1.451806,0.032052,0.015625,1.397494,-0.262788,0.042616
1.569641,-0.126099,0.173661,1.761790,-0.040852,0.227074,1.737465,-0.248433,0.236197,1.401818,-0.003765,0.111124,1.377492,-0.211345,0.120247,1.760293,-0.003129,0.039198,1.625066,-0.290746,0.015954,1.454194,0.031717,0.015887,1.437937,-0.268224,0.029451
1.586521,-0.128799,0.180469,1.777310,-0.043608,0.238635,1.752883,-0.251223,0.246632,1.420160,-0.006376,0.114306,1.395733,-0.213991,0.122303,1.797223,-0.007910,0.037258,1.626810,-0.291077,0.015830,1.456591,0.031344,0.015889,1.464318,-0.271914,0.016989
1.604191,-0.131577,0.187842,1.795539,-0.047054,0.245139,1.770739,-0.254655,0.252297,1.437642,-0.008498,0.123388,1.412843,-0.216099,0.130546,1.814720,-0.011054,0.027358,1.631887,-0.292016,0.015984,1.458838,0.031062,0.015855,1.466378,-0.272251,0.015789
