0.008396,0.018513,0.331409,0.199373,0.121032,0.323750,0.197236,-0.088114,0.328014,-0.180443,0.125139,0.334805,-0.182581,-0.084006,0.339069,0.188608,0.163130,0.153359,0.182706,-0.137216,0.142161,-0.188174,0.167210,0.164587,-0.183662,-0.133006,0.164995
0.011406,0.027569,0.315695,0.202682,0.129485,0.307454,0.199901,-0.079651,0.311842,-0.177089,0.134788,0.319549,-0.179870,-0.074347,0.323937,0.161981,0.171510,0.117768,0.146601,-0.128524,0.115581,-0.169913,0.175969,0.119954,-0.185088,-0.123724,0.134175
0.013222,0.036575,0.296897,0.204895,0.137763,0.288917,0.201302,-0.071367,0.292965,-0.174859,0.144517,0.300829,-0.178451,-0.064613,0.304876,0.157294,0.180070,0.083473,0.117883,-0.119477,0.082256,-0.155224,0.185389,0.080930,-0.180442,-0.113952,0.102958
0.014393,0.045624,0.274832,0.206656,0.145713,0.267215,0.201853,-0.063397,0.271051,-0.173068,0.154644,0.278613,-0.177871,-0.054466,0.282449,0.161330,0.188108,0.042883,0.106437,-0.110801,0.046128,-0.148158,0.195251,0.044757,-0.173286,-0.103970,0.068264
0.015362,0.054241,0.249203,0.208426,0.152676,0.240383,0.201950,-0.056312,0.247214,-0.171227,0.164794,0.251193,-0.177703,-0.044194,0.258024,0.163043,0.192240,0.015879,0.105531,-0.106377,0.016040,-0.144082,0.201759,0.015927,-0.166399,-0.097431,0.031915
0.016613,0.058388,0.230342,0.209700,0.156885,0.222800,0.203323,-0.051915,0.234050,-0.170097,0.168691,0.226635,-0.176474,-0.040109,0.237885,0.162245,0.192724,0.015905,0.105282,-0.106203,0.016057,-0.142620,0.202029,0.015795,-0.167223,-0.097886,0.015957
0.018974,0.059574,0.220230,0.212075,0.158098,0.213429,0.205694,-0.050598,0.226465,-0.167746,0.169746,0.213994,-0.174127,-0.038950,0.227031,0.162099,0.192842,0.015823,0.105309,-0.106233,0.016041,-0.141810,0.202132,0.015786,-0.166544,-0.097934,0.015840
0.022549,0.059750,0.212369,0.215679,0.158193,0.205233,0.209237,-0.050452,0.219039,-0.164139,0.169951,0.205698,-0.170581,-0.038694,0.219504,0.162111,0.192884,0.015820,0.105354,-0.106248,0.016042,-0.141269,0.202253,0.015838,-0.165881,-0.097887,0.015837
0.026695,0.059559,0.203763,0.219829,0.157953,0.196077,0.213376,-0.050656,0.210404,-0.159985,0.169774,0.197121,-0.166439,-0.038835,0.211449,0.162200,0.192933,0.015810,0.106326,-0.106272,0.016051,-0.143147,0.202391,0.015985,-0.165164,-0.097878,0.015980
0.030983,0.059219,0.194946,0.224118,0.157552,0.186539,0.217656,-0.051026,0.201317,-0.155690,0.169464,0.188574,-0.162152,-0.039113,0.203353,0.162344,0.192953,0.015781,0.106486,-0.106293,0.016052,-0.142643,0.202418,0.015993,-0.164438,-0.097904,0.015985
0.035278,0.058846,0.187307,0.228420,0.157107,0.178246,0.221934,-0.051445,0.193363,-0.151378,0.169136,0.181250,-0.157863,-0.039416,0.196367,0.162590,0.192967,0.015749,0.106699,-0.106305,0.016054,-0.142854,0.202486,0.016034,-0.163706,-0.097901,0.015980
0.039665,0.058460,0.181644,0.232799,0.156721,0.172396,0.226328,-0.051822,0.187655,-0.146997,0.168742,0.175632,-0.153468,-0.039800,0.190891,0.162919,0.193016,0.015689,0.116875,-0.106593,0.015801,-0.144327,0.202937,0.020975,-0.163061,-0.097897,0.015932
0.044228,0.057980,0.178069,0.237362,0.156234,0.168776,0.230887,-0.052313,0.183975,-0.142432,0.168272,0.172163,-0.148907,-0.040275,0.187361,0.163325,0.192967,0.015676,0.126233,-0.106521,0.021175,-0.143616,0.203755,0.032947,-0.162511,-0.097940,0.015908
0.049038,0.057308,0.176560,0.242145,0.155649,0.167628,0.235731,-0.052935,0.182325,-0.137655,0.167552,0.170795,-0.144069,-0.041033,0.185492,0.163770,0.192939,0.015716,0.144344,-0.106476,0.029528,-0.136036,0.204287,0.045926,-0.162023,-0.098016,0.015884
0.054085,0.056229,0.176693,0.247169,0.154685,0.168566,0.240810,-0.053976,0.182161,-0.132640,0.166433,0.171224,-0.138999,-0.042228,0.184819,0.164260,0.192822,0.015741,0.164547,-0.106629,0.037738,-0.122373,0.203969,0.052752,-0.161577,-0.098116,0.015856
0.059280,0.054684,0.177946,0.252319,0.153317,0.170980,0.246062,-0.055453,0.182835,-0.127501,0.164820,0.173058,-0.133758,-0.043950,0.184913,0.164756,0.192679,0.015885,0.184643,-0.107147,0.042104,-0.104246,0.202859,0.053166,-0.161180,-0.098274,0.015813
0.064617,0.052647,0.179653,0.257602,0.151473,0.174046,0.251462,-0.057420,0.183569,-0.122228,0.162714,0.175738,-0.128368,-0.046179,0.185260,0.165260,0.192496,0.015931,0.203847,-0.107996,0.041895,-0.081583,0.201310,0.050128,-0.160779,-0.098472,0.015722
0.070175,0.050156,0.181198,0.263113,0.149144,0.176990,0.257074,-0.059862,0.183702,-0.116723,0.160173,0.178694,-0.122762,-0.048832,0.185406,0.165775,0.192277,0.015959,0.220010,-0.109038,0.035633,-0.054115,0.199605,0.046328,-0.160345,-0.098686,0.015793
0.076122,0.047169,0.182208,0.269018,0.146274,0.178917,0.263058,-0.062814,0.182331,-0.110814,0.157151,0.182086,-0.116773,-0.051936,0.185499,0.166321,0.192015,0.015950,0.228992,-0.109974,0.019569,-0.028490,0.197973,0.040826,-0.159878,-0.098951,0.015867
0.082115,0.044582,0.182494,0.275001,0.143731,0.180068,0.269052,-0.065383,0.180695,-0.104822,0.154548,0.184292,-0.110770,-0.054567,0.184920,0.166862,0.191783,0.015925,0.229576,-0.110223,0.015923,-0.006576,0.196775,0.035265,-0.159408,-0.099159,0.015906
0.087742,0.043625,0.182421,0.280629,0.142786,0.180750,0.274684,-0.066329,0.180454,-0.099201,0.153579,0.184388,-0.105145,-0.055537,0.184092,0.167383,0.191708,0.015905,0.230086,-0.110296,0.015923,0.010883,0.196141,0.026990,-0.158971,-0.099236,0.015901
0.093086,0.044094,0.181085,0.285989,0.143226,0.179449,0.280018,-0.065888,0.179853,-0.093846,0.154077,0.182318,-0.099816,-0.055038,0.182722,0.166589,0.191789,0.016387,0.230566,-0.110262,0.015923,0.016350,0.196077,0.015922,-0.158518,-0.099153,0.015899
0.098145,0.044662,0.179147,0.291048,0.143784,0.177080,0.285074,-0.065327,0.178301,-0.088785,0.154652,0.179993,-0.094759,-0.054459,0.181214,0.166743,0.191898,0.021779,0.230993,-0.110200,0.015873,0.016828,0.196146,0.015910,-0.155090,-0.099170,0.015851
0.102901,0.044281,0.178413,0.295825,0.143371,0.176702,0.289813,-0.065740,0.177640,-0.084010,0.154302,0.179186,-0.090022,-0.054809,0.180124,0.176105,0.191590,0.022356,0.231426,-0.110257,0.015829,0.017281,0.196127,0.015909,-0.147754,-0.099355,0.015862
0.107555,0.043362,0.178159,0.300486,0.142449,0.177372,0.294464,-0.066665,0.177395,-0.079353,0.153388,0.178923,-0.085376,-0.055725,0.178946,0.187510,0.191154,0.024676,0.231867,-0.110349,0.015774,0.017724,0.196043,0.015927,-0.137834,-0.099701,0.015886
0.112144,0.042133,0.178108,0.305079,0.141214,0.178642,0.299052,-0.067895,0.177384,-0.074763,0.152162,0.178832,-0.080790,-0.056948,0.177574,0.197145,0.190706,0.027238,0.232299,-0.110469,0.015833,0.018145,0.195933,0.015899,-0.127658,-0.100094,0.015910
0.116676,0.040806,0.178120,0.309615,0.139860,0.180137,0.303576,-0.069236,0.177491,-0.070224,0.150847,0.178749,-0.076262,-0.058249,0.176102,0.205076,0.190258,0.029545,0.232733,-0.110617,0.015885,0.018574,0.195818,0.015853,-0.118843,-0.100464,0.015925
0.121078,0.039494,0.178143,0.313996,0.138547,0.181691,0.307991,-0.070528,0.177642,-0.065834,0.149515,0.178643,-0.071839,-0.059559,0.174595,0.212034,0.189858,0.031662,0.233144,-0.110723,0.015881,0.018974,0.195710,0.015792,-0.111438,-0.100827,0.015942
0.125397,0.038261,0.178204,0.318299,0.137277,0.183277,0.312304,-0.071769,0.177931,-0.061511,0.148292,0.178478,-0.067506,-0.060754,0.173132,0.218825,0.189436,0.033764,0.233558,-0.110851,0.015902,0.019379,0.195617,0.015730,-0.104860,-0.101147,0.015957
0.129616,0.037121,0.178293,0.322476,0.136129,0.184886,0.316539,-0.072884,0.178336,-0.057307,0.147125,0.178251,-0.063244,-0.061888,0.171701,0.225877,0.189028,0.036052,0.233955,-0.110940,0.015975,0.019772,0.195522,0.015661,-0.098286,-0.101503,0.015974
0.133728,0.036037,0.178394,0.326545,0.135017,0.186502,0.320655,-0.073959,0.178829,-0.053199,0.146034,0.177960,-0.059089,-0.062943,0.170287,0.233299,0.188575,0.038576,0.234330,-0.111046,0.015984,0.020160,0.195425,0.015618,-0.091451,-0.101874,0.016261
0.137791,0.035038,0.178513,0.330557,0.133984,0.188105,0.324720,-0.074952,0.179375,-0.049139,0.145028,0.177650,-0.054975,-0.063908,0.168920,0.241136,0.188120,0.041389,0.234716,-0.111117,0.015982,0.020547,0.195357,0.015675,-0.084406,-0.102267,0.017505
0.141785,0.034142,0.178685,0.334505,0.133037,0.189620,0.328705,-0.075860,0.179980,-0.045135,0.144143,0.177390,-0.050936,-0.064754,0.167749,0.249201,0.187623,0.044407,0.235083,-0.111205,0.015921,0.020934,0.195285,0.015732,-0.077371,-0.102702,0.019686
0.145718,0.033382,0.178930,0.338389,0.132240,0.191024,0.332633,-0.076622,0.180618,-0.041198,0.143387,0.177242,-0.046953,-0.065475,0.166837,0.257210,0.187149,0.047531,0.235446,-0.111261,0.015906,0.021299,0.195231,0.015812,-0.070269,-0.103160,0.022394
0.149658,0.032738,0.179286,0.342295,0.131539,0.192337,0.336555,-0.077292,0.181338,-0.037238,0.142768,0.177234,-0.042979,-0.066064,0.166235,0.265605,0.186654,0.050398,0.235795,-0.111338,0.015880,0.021669,0.195177,0.015884,-0.063002,-0.103621,0.025313
0.153614,0.032215,0.179764,0.346214,0.130973,0.193660,0.340495,-0.077833,0.182183,-0.033267,0.142263,0.177346,-0.038986,-0.066543,0.165868,0.275789,0.186205,0.052361,0.236148,-0.111367,0.015841,0.022022,0.195157,0.015936,-0.055306,-0.104070,0.028293
0.157642,0.031750,0.180285,0.350211,0.130458,0.194954,0.344502,-0.078327,0.183084,-0.029217,0.141826,0.177486,-0.034926,-0.066958,0.165616,0.288576,0.185739,0.053276,0.236523,-0.111403,0.015794,0.022392,0.195138,0.015980,-0.046795,-0.104536,0.031272
0.161770,0.031330,0.180720,0.354306,0.129993,0.196099,0.348607,-0.078774,0.183912,-0.025067,0.141434,0.177528,-0.030766,-0.067333,0.165341,0.303933,0.185251,0.053254,0.236886,-0.111451,0.015740,0.022766,0.195101,0.016012,-0.037169,-0.105039,0.034060
0.166058,0.031010,0.180929,0.358569,0.129623,0.196930,0.352866,-0.079131,0.184521,-0.020751,0.141150,0.177338,-0.026454,-0.067603,0.164928,0.321610,0.184764,0.052521,0.237282,-0.111483,0.015666,0.023159,0.195087,0.016036,-0.026172,-0.105505,0.036191
0.170540,0.030869,0.180816,0.363045,0.129418,0.197276,0.357304,-0.079332,0.184819,-0.016225,0.141069,0.176813,-0.021965,-0.067681,0.164356,0.340592,0.184310,0.051043,0.237690,-0.111497,0.015680,0.023584,0.195116,0.016049,-0.013762,-0.105875,0.037342
0.175247,0.031013,0.180306,0.367749,0.129548,0.196894,0.361985,-0.079218,0.184713,-0.011490,0.141245,0.175899,-0.017255,-0.067521,0.163718,0.359145,0.184035,0.047711,0.238089,-0.111482,0.015744,0.024029,0.195134,0.016070,0.000153,-0.106169,0.037274
0.180229,0.031597,0.179355,0.372766,0.130127,0.195567,0.366928,-0.078682,0.184176,-0.006470,0.141876,0.174535,-0.012307,-0.066932,0.163144,0.375372,0.184034,0.040757,0.238525,-0.111444,0.015827,0.024532,0.195191,0.016034,0.015516,-0.106333,0.036427
0.185516,0.032898,0.178238,0.378150,0.131419,0.193298,0.372147,-0.077471,0.183623,-0.001114,0.143266,0.172853,-0.007118,-0.065623,0.163178,0.387548,0.184265,0.029258,0.238933,-0.111389,0.015850,0.025133,0.195296,0.015971,0.031790,-0.106379,0.036220
0.190971,0.035355,0.177425,0.383700,0.134035,0.190042,0.377609,-0.074971,0.183420,0.004334,0.145681,0.171431,-0.001757,-0.063326,0.164809,0.391625,0.184813,0.015928,0.239458,-0.111131,0.015938,0.025749,0.195477,0.015862,0.049160,-0.106269,0.037507
0.196438,0.037224,0.176628,0.389212,0.136053,0.187221,0.383116,-0.073014,0.182948,0.009760,0.147462,0.170307,0.003664,-0.061605,0.166034,0.391879,0.184955,0.015894,0.239952,-0.110907,0.015974,0.026329,0.195614,0.015842,0.069280,-0.106364,0.037163
0.201763,0.038040,0.176335,0.394546,0.136929,0.186166,0.388452,-0.072158,0.183031,0.015075,0.148239,0.169639,0.008980,-0.060849,0.166503,0.392246,0.185025,0.015837,0.240423,-0.110812,0.015982,0.026871,0.195676,0.015838,0.087491,-0.106629,0.034266
0.207005,0.038185,0.176365,0.399785,0.137106,0.185938,0.393705,-0.071987,0.183162,0.020304,0.148358,0.169568,0.014224,-0.060736,0.166792,0.392652,0.185045,0.015777,0.240908,-0.110799,0.016004,0.027348,0.195667,0.015830,0.099531,-0.106859,0.028880
0.212059,0.038002,0.176530,0.404837,0.136917,0.186208,0.398754,-0.072176,0.183396,0.025365,0.148180,0.169665,0.019281,-0.060913,0.166853,0.393080,0.185024,0.015811,0.241376,-0.110819,0.016011,0.027814,0.195651,0.015810,0.107557,-0.107011,0.022320
0.216873,0.037590,0.176628,0.409628,0.136519,0.186624,0.403577,-0.072570,0.183533,0.030170,0.147750,0.169723,0.024119,-0.061339,0.166632,0.393484,0.184985,0.015869,0.241824,-0.110886,0.016005,0.028231,0.195557,0.015783,0.110911,-0.107095,0.015838
0.221420,0.037365,0.176830,0.414187,0.136285,0.186685,0.408129,-0.072803,0.183476,0.034712,0.147533,0.170185,0.028654,-0.061555,0.166976,0.393874,0.184969,0.015898,0.242217,-0.110900,0.015981,0.028613,0.195554,0.015743,0.111348,-0.107105,0.015774
0.225574,0.037254,0.176934,0.418366,0.136200,0.186011,0.412323,-0.072889,0.182818,0.038826,0.147397,0.171050,0.032783,-0.061691,0.167857,0.394213,0.184970,0.015876,0.245702,-0.111000,0.015982,0.028934,0.195528,0.015795,0.111744,-0.107124,0.015720
0.229523,0.037601,0.177109,0.422323,0.136601,0.185360,0.416307,-0.072496,0.182724,0.042739,0.147699,0.171494,0.036722,-0.061398,0.168858,0.394521,0.185010,0.015893,0.257958,-0.111314,0.016335,0.030979,0.195472,0.015776,0.112111,-0.107109,0.015666
0.233604,0.038494,0.177103,0.426398,0.137558,0.184734,0.420400,-0.071551,0.183312,0.046809,0.148539,0.170893,0.040811,-0.060570,0.169472,0.394849,0.185080,0.015928,0.274892,-0.111723,0.017920,0.036467,0.195360,0.015754,0.112503,-0.107050,0.015601
0.237846,0.039932,0.176857,0.430628,0.139070,0.183785,0.424642,-0.070044,0.184203,0.051051,0.149908,0.169511,0.045065,-0.059206,0.169929,0.395185,0.185218,0.015944,0.291099,-0.112017,0.020663,0.043803,0.195277,0.015703,0.112911,-0.106925,0.015650
0.242157,0.041683,0.176460,0.434930,0.140893,0.182551,0.428944,-0.068205,0.185194,0.055370,0.151571,0.167725,0.049384,-0.057527,0.170368,0.395529,0.185388,0.015989,0.304902,-0.112165,0.023885,0.050907,0.195250,0.015755,0.113323,-0.106785,0.015668
0.246441,0.043579,0.176091,0.439222,0.142829,0.181206,0.433205,-0.066223,0.186274,0.059676,0.153381,0.165909,0.053660,-0.055671,0.170976,0.395871,0.185554,0.015995,0.316003,-0.112190,0.027137,0.056778,0.195308,0.015801,0.113718,-0.106646,0.015702
0.250641,0.045525,0.175878,0.443448,0.144771,0.179966,0.437364,-0.064205,0.187493,0.063918,0.155255,0.164264,0.057834,-0.053721,0.171791,0.396227,0.185735,0.015920,0.325217,-0.112101,0.030321,0.061743,0.195470,0.015841,0.114095,-0.106480,0.015718
0.254688,0.047516,0.175847,0.447533,0.146726,0.178930,0.441353,-0.062140,0.189004,0.068024,0.157172,0.162691,0.061844,-0.051694,0.172765,0.396568,0.185893,0.015905,0.333218,-0.111958,0.033617,0.066722,0.195651,0.015862,0.114431,-0.106345,0.015767
0.258568,0.049557,0.175999,0.451468,0.148682,0.178186,0.445143,-0.060042,0.190789,0.071992,0.159156,0.161210,0.065667,-0.049568,0.173812,0.396922,0.186089,0.015885,0.340322,-0.111706,0.036982,0.071821,0.195940,0.015883,0.114747,-0.106151,0.015768
0.262287,0.051605,0.176328,0.455237,0.150650,0.177672,0.448775,-0.057901,0.192819,0.075800,0.161111,0.159836,0.069338,-0.047439,0.174983,0.397265,0.186284,0.015849,0.346532,-0.111398,0.040348,0.076901,0.196215,0.015903,0.115031,-0.106013,0.015737
0.265846,0.053646,0.176811,0.458870,0.152554,0.177388,0.452212,-0.055795,0.195025,0.079481,0.163087,0.158597,0.072823,-0.045262,0.176234,0.397601,0.186470,0.015819,0.351864,-0.111038,0.043646,0.081834,0.196571,0.015938,0.115293,-0.105842,0.015728
0.269226,0.055626,0.177423,0.462328,0.154383,0.177317,0.455459,-0.053742,0.197357,0.082994,0.164993,0.157489,0.076125,-0.043131,0.177529,0.397933,0.186638,0.015774,0.356145,-0.110657,0.046683,0.086438,0.196935,0.015946,0.115519,-0.105697,0.015721
0.272442,0.057514,0.178113,0.465624,0.156110,0.177449,0.458530,-0.051778,0.199733,0.086354,0.166807,0.156493,0.079259,-0.041082,0.178777,0.398245,0.186810,0.015723,0.359794,-0.110247,0.049522,0.090720,0.197329,0.015953,0.115729,-0.105543,0.015707
0.275486,0.059303,0.178853,0.468755,0.157726,0.177726,0.461418,-0.049918,0.202116,0.089554,0.168524,0.155589,0.082217,-0.039119,0.179980,0.398544,0.186963,0.015680,0.362926,-0.109841,0.052173,0.094710,0.197733,0.015971,0.115925,-0.105389,0.015776
0.278362,0.060978,0.179632,0.471701,0.159259,0.178153,0.464148,-0.048135,0.204520,0.092577,0.170091,0.154744,0.085024,-0.037304,0.181112,0.398827,0.187096,0.015630,0.365739,-0.109443,0.054710,0.098404,0.198102,0.016136,0.116082,-0.105291,0.015855
0.281067,0.062531,0.180404,0.474483,0.160655,0.178711,0.466684,-0.046491,0.206894,0.095450,0.171552,0.153915,0.087650,-0.035594,0.182097,0.399094,0.187208,0.015639,0.368319,-0.109065,0.057122,0.101994,0.198478,0.016256,0.116241,-0.105185,0.015883
0.283638,0.063980,0.181228,0.477112,0.161991,0.179511,0.469092,-0.044918,0.209322,0.098184,0.172879,0.153135,0.090164,-0.034031,0.182946,0.399343,0.187362,0.015734,0.370921,-0.108650,0.059513,0.105451,0.198861,0.016479,0.116397,-0.105066,0.015916
0.286110,0.065327,0.182128,0.479631,0.163246,0.180498,0.471395,-0.043429,0.211841,0.100825,0.174082,0.152416,0.092589,-0.032593,0.183759,0.399595,0.187462,0.015786,0.373395,-0.108267,0.061907,0.108866,0.199214,0.016888,0.116534,-0.105003,0.015934
0.288483,0.066582,0.183074,0.482050,0.164413,0.181626,0.473588,-0.042036,0.214370,0.103377,0.175199,0.151778,0.094916,-0.031249,0.184521,0.399814,0.187543,0.015829,0.375739,-0.107891,0.064244,0.112349,0.199568,0.017361,0.116660,-0.104931,0.015957
0.290794,0.067734,0.184050,0.484389,0.165512,0.182861,0.475730,-0.040724,0.216863,0.105858,0.176192,0.151237,0.097199,-0.030045,0.185239,0.400027,0.187625,0.015863,0.377952,-0.107521,0.066444,0.115886,0.199860,0.017710,0.116787,-0.104875,0.015983
0.293083,0.068813,0.185038,0.486696,0.166560,0.184156,0.477854,-0.039477,0.219305,0.108312,0.177103,0.150772,0.099470,-0.028933,0.185921,0.400253,0.187715,0.015908,0.380066,-0.107146,0.068551,0.119412,0.200137,0.018076,0.116916,-0.104820,0.015986
0.295338,0.069790,0.186027,0.488965,0.167511,0.185492,0.479941,-0.038338,0.221680,0.110734,0.177918,0.150375,0.101710,-0.027931,0.186562,0.400472,0.187771,0.015929,0.382159,-0.106806,0.070569,0.122951,0.200404,0.018582,0.117047,-0.104775,0.016015
0.297604,0.070683,0.187009,0.491234,0.168398,0.186863,0.482048,-0.037283,0.223952,0.113159,0.178648,0.150066,0.103973,-0.027033,0.187155,0.400690,0.187852,0.015960,0.384490,-0.106455,0.072549,0.126570,0.200685,0.019236,0.117179,-0.104708,0.016031
0.299877,0.071449,0.187981,0.493510,0.169161,0.188243,0.484162,-0.036365,0.226143,0.115592,0.179263,0.149819,0.106245,-0.026263,0.187719,0.400882,0.187871,0.015985,0.387075,-0.106167,0.074549,0.130285,0.200941,0.020124,0.117296,-0.104687,0.016037
0.302185,0.072105,0.188955,0.495807,0.169836,0.189657,0.486326,-0.035562,0.228209,0.118044,0.179773,0.149701,0.108563,-0.025625,0.188253,0.401097,0.187906,0.016006,0.389830,-0.105882,0.076460,0.134138,0.201183,0.021095,0.117441,-0.104648,0.016047
0.304554,0.072601,0.189924,0.498163,0.170353,0.191083,0.488559,-0.034944,0.230138,0.120549,0.180147,0.149711,0.110945,-0.025151,0.188766,0.401316,0.187899,0.016047,0.392865,-0.105661,0.078330,0.138206,0.201390,0.022267,0.117600,-0.104635,0.016038
0.306980,0.072994,0.190842,0.500556,0.170806,0.192420,0.490888,-0.034416,0.231857,0.123073,0.180404,0.149828,0.113404,-0.024817,0.189265,0.401532,0.187910,0.016055,0.396326,-0.105514,0.079793,0.142557,0.201513,0.023351,0.117746,-0.104636,0.016067
0.309471,0.073254,0.191730,0.503008,0.171134,0.193752,0.493294,-0.034042,0.233418,0.125648,0.180549,0.150043,0.115934,-0.024626,0.189709,0.401753,0.187917,0.016064,0.401133,-0.105522,0.080814,0.147157,0.201634,0.024669,0.117906,-0.104628,0.016080
0.312057,0.073395,0.192621,0.505547,0.171359,0.195103,0.495813,-0.033796,0.234871,0.128302,0.180585,0.150370,0.118568,-0.024569,0.190139,0.401962,0.187915,0.016073,0.407579,-0.105707,0.081395,0.152208,0.201732,0.026226,0.118080,-0.104632,0.016083
0.314770,0.073380,0.193560,0.508196,0.171454,0.196514,0.498485,-0.033708,0.236246,0.131055,0.180468,0.150873,0.121343,-0.024695,0.190605,0.402194,0.187869,0.016055,0.415563,-0.106072,0.081622,0.157900,0.201713,0.027832,0.118250,-0.104686,0.016107
0.317627,0.073154,0.194615,0.510965,0.171385,0.198139,0.501336,-0.033843,0.237553,0.133918,0.180152,0.151678,0.124289,-0.025076,0.191091,0.402424,0.187838,0.016055,0.424928,-0.106529,0.081652,0.164302,0.201598,0.029529,0.118412,-0.104734,0.016111
0.320683,0.072704,0.195770,0.513915,0.171117,0.199940,0.504414,-0.034226,0.238781,0.136951,0.179634,0.152759,0.127450,-0.025709,0.191600,0.402687,0.187784,0.016050,0.435547,-0.107097,0.081479,0.171797,0.201319,0.031128,0.118616,-0.104797,0.016115
0.324005,0.072029,0.197015,0.517116,0.170646,0.201912,0.507785,-0.034862,0.239915,0.140225,0.178920,0.154114,0.130894,-0.026588,0.192117,0.403009,0.187722,0.016039,0.447375,-0.107769,0.081014,0.180729,0.200849,0.032450,0.118849,-0.104860,0.016081
0.327641,0.071102,0.198314,0.520602,0.169969,0.204017,0.511509,-0.035746,0.240943,0.143772,0.177950,0.155685,0.134679,-0.027765,0.192610,0.403343,0.187625,0.016010,0.460269,-0.108570,0.080114,0.191439,0.200107,0.033368,0.119092,-0.104982,0.016083
0.331650,0.069897,0.199549,0.524447,0.169024,0.206194,0.515621,-0.036943,0.241751,0.147678,0.176736,0.157347,0.138853,-0.029231,0.192905,0.403709,0.187521,0.015967,0.473901,-0.109490,0.078566,0.204549,0.199131,0.033782,0.119411,-0.105085,0.016095
0.336109,0.068413,0.200518,0.528732,0.167806,0.208164,0.520205,-0.038441,0.242138,0.152013,0.175266,0.158898,0.143486,-0.030980,0.192872,0.404117,0.187389,0.015906,0.487504,-0.110592,0.075788,0.220563,0.197956,0.033985,0.119786,-0.105224,0.016080
0.341053,0.066666,0.200916,0.533530,0.166271,0.209439,0.525296,-0.040268,0.241668,0.156810,0.173599,0.160164,0.148576,-0.032939,0.192393,0.404565,0.187243,0.015875,0.499523,-0.111991,0.070467,0.239555,0.196651,0.034012,0.120233,-0.105364,0.016037
0.346497,0.064484,0.200540,0.538864,0.164252,0.209603,0.530977,-0.042612,0.239768,0.162016,0.171579,0.161312,0.154129,-0.035285,0.191476,0.405055,0.187062,0.015832,0.507468,-0.113796,0.060656,0.255891,0.194926,0.030761,0.120723,-0.105568,0.015960
0.352306,0.062035,0.198270,0.544652,0.161847,0.207320,0.537069,-0.045321,0.235403,0.167544,0.169390,0.161137,0.159961,-0.037778,0.189220,0.405538,0.186893,0.015951,0.507745,-0.116026,0.044463,0.271030,0.193186,0.026051,0.121316,-0.105759,0.015863
0.358398,0.059521,0.193238,0.550823,0.159282,0.201088,0.543576,-0.048146,0.227275,0.173221,0.167187,0.159200,0.165974,-0.040241,0.185387,0.405950,0.186816,0.016003,0.498069,-0.118208,0.022801,0.283889,0.191417,0.018665,0.121995,-0.105964,0.015710
0.364479,0.057011,0.187078,0.557048,0.156565,0.193964,0.549911,-0.051107,0.218172,0.179048,0.165129,0.155984,0.171910,-0.042543,0.180192,0.411102,0.186569,0.015562,0.494417,-0.118599,0.015592,0.285752,0.190930,0.016011,0.122458,-0.105830,0.015468
0.369156,0.052586,0.187386,0.561826,0.151815,0.195928,0.554602,-0.056354,0.215368,0.183710,0.161525,0.159403,0.176486,-0.046644,0.178843,0.423048,0.185708,0.018191,0.494515,-0.118593,0.015672,0.286057,0.190266,0.016093,0.123165,-0.105714,0.015599
0.373409,0.048889,0.187426,0.566171,0.147850,0.196969,0.558897,-0.060627,0.212753,0.187921,0.158406,0.162099,0.180648,-0.050071,0.177883,0.438862,0.184674,0.022299,0.494735,-0.118918,0.015671,0.286549,0.189515,0.016047,0.123619,-0.105970,0.015674
0.377434,0.046112,0.186562,0.570350,0.144730,0.196512,0.562919,-0.063933,0.209509,0.191949,0.156157,0.163616,0.184518,-0.052506,0.176613,0.448030,0.183920,0.024186,0.494917,-0.119149,0.015719,0.286845,0.189152,0.016032,0.124264,-0.105950,0.015707
0.381222,0.043961,0.185491,0.574309,0.142236,0.195518,0.566685,-0.066547,0.206296,0.195759,0.154468,0.164687,0.188135,-0.054315,0.175465,0.456913,0.183294,0.025651,0.495112,-0.119310,0.015766,0.287235,0.188992,0.015989,0.126033,-0.105835,0.015713
0.384830,0.042088,0.184639,0.578039,0.140109,0.194805,0.570281,-0.068759,0.203669,0.199380,0.152934,0.165608,0.191622,-0.055934,0.174472,0.466887,0.182670,0.027742,0.495319,-0.119470,0.015793,0.287586,0.188829,0.015949,0.130155,-0.105910,0.015730
0.388363,0.040302,0.184049,0.581660,0.138109,0.194601,0.573791,-0.070826,0.201604,0.202935,0.151430,0.166495,0.195066,-0.057504,0.173498,0.476855,0.182061,0.030425,0.495540,-0.119614,0.015820,0.287929,0.188688,0.015862,0.137039,-0.106114,0.015768
0.391869,0.038555,0.183566,0.585219,0.136189,0.194729,0.577273,-0.072796,0.199907,0.206464,0.149907,0.167226,0.198518,-0.059078,0.172404,0.486196,0.181450,0.033308,0.495781,-0.119756,0.015844,0.288270,0.188541,0.015786,0.145776,-0.106450,0.015813
0.395386,0.036858,0.183047,0.588778,0.134317,0.194973,0.580752,-0.074701,0.198382,0.210020,0.148417,0.167713,0.201993,-0.060601,0.171122,0.494675,0.180827,0.036031,0.496030,-0.119914,0.015879,0.288623,0.188409,0.015719,0.155009,-0.106819,0.015868
0.398933,0.035259,0.182458,0.592335,0.132597,0.195202,0.584282,-0.076441,0.196957,0.213585,0.146959,0.167958,0.205532,-0.062078,0.169713,0.502531,0.180226,0.038532,0.496290,-0.120057,0.015890,0.288957,0.188262,0.015646,0.163780,-0.107242,0.016447
0.402504,0.033764,0.181866,0.595907,0.130988,0.195432,0.587837,-0.078056,0.195621,0.217171,0.145584,0.168111,0.209101,-0.063460,0.168299,0.509984,0.179650,0.040928,0.496562,-0.120178,0.015886,0.289307,0.188146,0.015632,0.171801,-0.107640,0.017383
0.406101,0.032436,0.181343,0.599500,0.129564,0.195634,0.591425,-0.079477,0.194451,0.220778,0.144350,0.168234,0.212702,-0.064691,0.167051,0.517300,0.179086,0.043307,0.496840,-0.120297,0.015875,0.289653,0.188037,0.015678,0.179213,-0.108044,0.018925
0.409737,0.031300,0.180952,0.603134,0.128345,0.195819,0.595057,-0.080686,0.193478,0.224417,0.143285,0.168427,0.216340,-0.065746,0.166086,0.524697,0.178542,0.045819,0.497142,-0.120400,0.015860,0.290007,0.187948,0.015733,0.186411,-0.108453,0.021199
0.413410,0.030331,0.180763,0.606810,0.127301,0.196074,0.598727,-0.081717,0.192767,0.228093,0.142378,0.168760,0.220010,-0.066639,0.165452,0.532828,0.177995,0.047962,0.497442,-0.120491,0.015867,0.290361,0.187880,0.015797,0.193767,-0.108873,0.023844
0.417114,0.029476,0.180804,0.610514,0.126390,0.196468,0.602436,-0.082613,0.192338,0.231793,0.141566,0.169271,0.223714,-0.067438,0.165141,0.543288,0.177390,0.049260,0.497749,-0.120573,0.015862,0.290702,0.187813,0.015860,0.201612,-0.109343,0.026818
0.420910,0.028698,0.180994,0.614310,0.125562,0.196962,0.606237,-0.083426,0.192098,0.235583,0.140822,0.169890,0.227510,-0.068166,0.165026,0.556739,0.176707,0.049803,0.498086,-0.120643,0.015867,0.291062,0.187759,0.015909,0.210477,-0.109863,0.030066
0.424835,0.028011,0.181193,0.618235,0.124826,0.197459,0.610162,-0.084146,0.191959,0.239509,0.140169,0.170427,0.231435,-0.068803,0.164927,0.573181,0.175954,0.049710,0.498426,-0.120695,0.015868,0.291422,0.187729,0.015948,0.220699,-0.110422,0.033238
0.428963,0.027416,0.181242,0.622359,0.124192,0.197773,0.614287,-0.084766,0.191785,0.243638,0.139599,0.170698,0.235566,-0.069360,0.164710,0.591835,0.175136,0.049044,0.498778,-0.120764,0.015851,0.291801,0.187675,0.015983,0.232609,-0.111044,0.035485
0.433357,0.026989,0.180955,0.626763,0.123724,0.197612,0.618673,-0.085224,0.191318,0.248041,0.139202,0.170591,0.239951,-0.069746,0.164297,0.611156,0.174359,0.047361,0.499160,-0.120815,0.015808,0.292210,0.187653,0.016021,0.246177,-0.111638,0.036339
0.438072,0.026882,0.180201,0.631515,0.123578,0.196654,0.623374,-0.085370,0.190396,0.252770,0.139134,0.170005,0.244629,-0.069814,0.163747,0.629244,0.173762,0.043392,0.499562,-0.120820,0.015768,0.292662,0.187696,0.016029,0.261296,-0.112139,0.035873
0.443169,0.027187,0.178947,0.636657,0.123915,0.194675,0.628489,-0.085048,0.188986,0.257848,0.139423,0.168908,0.249681,-0.069540,0.163218,0.644175,0.173448,0.035818,0.499988,-0.120811,0.015791,0.293143,0.187708,0.015995,0.277560,-0.112652,0.035413
0.448708,0.028027,0.177231,0.642275,0.124830,0.191444,0.634074,-0.084161,0.186956,0.263342,0.140214,0.167507,0.255140,-0.068777,0.163018,0.654139,0.173469,0.023393,0.500477,-0.120739,0.015870,0.293746,0.187772,0.015950,0.294694,-0.113089,0.035669
0.454502,0.029282,0.175361,0.648130,0.126264,0.187348,0.639984,-0.082759,0.184557,0.269020,0.141322,0.166165,0.260874,-0.067700,0.163373,0.655195,0.173767,0.015912,0.501010,-0.120579,0.015918,0.294363,0.187831,0.015852,0.312645,-0.113508,0.036201
0.460026,0.029968,0.174479,0.653686,0.127030,0.185243,0.645556,-0.082005,0.183523,0.274496,0.141941,0.165435,0.266366,-0.067094,0.163714,0.655520,0.173839,0.015861,0.501517,-0.120509,0.015901,0.294933,0.187863,0.015875,0.331764,-0.114061,0.034640
0.465286,0.030293,0.174736,0.658960,0.127381,0.185012,0.650822,-0.081658,0.183930,0.279750,0.142243,0.165542,0.271613,-0.066796,0.164460,0.655940,0.173859,0.015815,0.501975,-0.120479,0.015948,0.295463,0.187892,0.015879,0.348347,-0.114584,0.032458
0.470432,0.030106,0.175240,0.664112,0.127199,0.185348,0.655979,-0.081840,0.184280,0.284886,0.142052,0.166200,0.276752,-0.066988,0.165132,0.656373,0.173851,0.015778,0.502441,-0.120491,0.015995,0.295926,0.187875,0.015862,0.361217,-0.115064,0.029265
0.475494,0.029438,0.175566,0.669180,0.126506,0.185799,0.661048,-0.082530,0.184179,0.289941,0.141406,0.166953,0.281808,-0.067630,0.165333,0.656823,0.173789,0.015844,0.502911,-0.120560,0.016002,0.296371,0.187812,0.015823,0.370081,-0.115451,0.023581
0.480366,0.028667,0.175872,0.674037,0.125718,0.186547,0.665922,-0.083312,0.184261,0.294809,0.140647,0.167483,0.286695,-0.068383,0.165198,0.657258,0.173722,0.015875,0.503362,-0.120649,0.015968,0.296783,0.187716,0.015816,0.374224,-0.115634,0.015753
0.485004,0.028137,0.176279,0.678692,0.125149,0.186995,0.670558,-0.083875,0.184288,0.299450,0.140149,0.168270,0.291317,-0.068875,0.165563,0.657671,0.173671,0.015914,0.503748,-0.120692,0.015974,0.297144,0.187703,0.015756,0.374693,-0.115668,0.015792
0.489265,0.027733,0.176555,0.682974,0.124775,0.186611,0.674877,-0.084247,0.183640,0.303654,0.139713,0.169470,0.295557,-0.069309,0.166499,0.658032,0.173655,0.015934,0.507071,-0.120853,0.015973,0.297425,0.187627,0.015759,0.375082,-0.115736,0.015738
