-0.005913,-0.020375,0.354895,0.185428,0.081647,0.359537,0.182713,-0.127370,0.351209,-0.194539,0.086619,0.358580,-0.197253,-0.122397,0.350252,0.183574,0.133414,0.202594,0.164092,-0.164876,0.156892,-0.185877,0.139102,0.180231,-0.176855,-0.160271,0.152431
-0.007645,-0.029969,0.350613,0.183643,0.072219,0.353424,0.181038,-0.136872,0.347186,-0.196327,0.076934,0.354040,-0.198932,-0.132157,0.347802,0.148885,0.123355,0.178141,0.157976,-0.176670,0.166577,-0.188100,0.127538,0.178638,-0.220561,-0.171014,0.135038
-0.010246,-0.039580,0.341681,0.180635,0.063391,0.343208,0.178854,-0.145746,0.338386,-0.199347,0.066586,0.344976,-0.201128,-0.142551,0.340154,0.119877,0.113617,0.159106,0.137571,-0.186720,0.158893,-0.169557,0.115954,0.164617,-0.247804,-0.182291,0.109124
-0.014160,-0.049244,0.328709,0.176626,0.053914,0.329159,0.175031,-0.155244,0.325276,-0.203352,0.056756,0.332141,-0.204946,-0.152402,0.328258,0.109617,0.103330,0.143578,0.114929,-0.196779,0.138605,-0.146871,0.105154,0.150635,-0.254460,-0.192895,0.081114
-0.018860,-0.059069,0.312363,0.172233,0.043521,0.312285,0.169999,-0.165620,0.307845,-0.207718,0.047483,0.316882,-0.209953,-0.161658,0.312442,0.122239,0.093344,0.132071,0.088266,-0.205955,0.107469,-0.138714,0.096050,0.135931,-0.247236,-0.201267,0.055480
-0.023552,-0.069110,0.292975,0.168136,0.032364,0.293234,0.164661,-0.176700,0.286528,-0.211765,0.038480,0.299422,-0.215240,-0.170584,0.292715,0.143396,0.083703,0.123403,0.058265,-0.213433,0.068997,-0.150417,0.088860,0.114855,-0.236695,-0.207293,0.030412
-0.028214,-0.079003,0.270763,0.164731,0.020054,0.271803,0.158590,-0.188775,0.260968,-0.215017,0.030768,0.280559,-0.221158,-0.178061,0.269724,0.159741,0.074210,0.108378,0.039590,-0.218629,0.026260,-0.171930,0.084995,0.088534,-0.232281,-0.210095,0.015890
-0.029671,-0.084804,0.252785,0.163650,0.013507,0.254602,0.156611,-0.194932,0.238225,-0.215952,0.025325,0.267344,-0.222992,-0.183114,0.250967,0.154140,0.074062,0.068542,0.038823,-0.219100,0.015871,-0.202220,0.085865,0.071489,-0.231107,-0.209982,0.015842
-0.027275,-0.085079,0.241293,0.166099,0.013121,0.243349,0.158930,-0.195231,0.225949,-0.213480,0.025072,0.256636,-0.220649,-0.183280,0.239236,0.137183,0.077174,0.034724,0.038608,-0.219178,0.015836,-0.230005,0.088602,0.049168,-0.230306,-0.209936,0.015961
-0.022652,-0.081681,0.231376,0.170654,0.016674,0.232066,0.163620,-0.191881,0.217235,-0.208924,0.028518,0.245516,-0.215957,-0.180037,0.230686,0.124349,0.079193,0.015964,0.038822,-0.218945,0.015884,-0.254726,0.090938,0.030572,-0.229489,-0.209898,0.015905
-0.017143,-0.077040,0.221678,0.176064,0.021510,0.221160,0.169281,-0.187293,0.210214,-0.203567,0.033214,0.233142,-0.210350,-0.175589,0.222196,0.124211,0.079488,0.015963,0.039323,-0.218423,0.015915,-0.268022,0.092263,0.015309,-0.228549,-0.209712,0.015748
-0.010895,-0.072742,0.213076,0.182300,0.025819,0.211472,0.175587,-0.183154,0.204422,-0.197377,0.037669,0.221731,-0.204090,-0.171304,0.214681,0.124314,0.079778,0.015937,0.043491,-0.218052,0.015955,-0.267106,0.092355,0.015832,-0.227708,-0.209335,0.015810
-0.003517,-0.069046,0.205800,0.189646,0.029545,0.202792,0.183019,-0.179524,0.199469,-0.190053,0.041432,0.212130,-0.196680,-0.167637,0.208808,0.124634,0.080055,0.015859,0.050904,-0.217896,0.015810,-0.262402,0.092323,0.015822,-0.226860,-0.209091,0.015758
0.004463,-0.065624,0.199851,0.197623,0.032919,0.195407,0.191020,-0.176176,0.195837,-0.182093,0.044928,0.203866,-0.188696,-0.164168,0.204296,0.125099,0.080313,0.015863,0.058872,-0.217840,0.018659,-0.250715,0.092181,0.015837,-0.226092,-0.208847,0.015735
0.012939,-0.062519,0.195651,0.206121,0.035917,0.189969,0.199492,-0.173138,0.194036,-0.173613,0.048100,0.197267,-0.180242,-0.160955,0.201334,0.125731,0.080560,0.015849,0.077075,-0.218085,0.022001,-0.232233,0.092003,0.020583,-0.225407,-0.208615,0.015768
0.021652,-0.059842,0.192850,0.214877,0.038454,0.186273,0.208182,-0.170509,0.193636,-0.164878,0.050825,0.192065,-0.171572,-0.158138,0.199427,0.126428,0.080783,0.015797,0.101173,-0.218480,0.026232,-0.207272,0.092019,0.031249,-0.224836,-0.208403,0.015788
0.030411,-0.057878,0.191133,0.223690,0.040272,0.183990,0.216899,-0.168582,0.193921,-0.156077,0.052827,0.188344,-0.162869,-0.156027,0.198275,0.127164,0.080946,0.015978,0.129690,-0.219047,0.030413,-0.179147,0.092097,0.041010,-0.224329,-0.208232,0.015757
0.039207,-0.056871,0.190286,0.232526,0.041199,0.183130,0.225668,-0.167576,0.194568,-0.147253,0.053833,0.186004,-0.154111,-0.154942,0.197442,0.127924,0.081022,0.016023,0.162048,-0.219828,0.033955,-0.149722,0.091723,0.044851,-0.223844,-0.208148,0.015750
0.048126,-0.056915,0.190072,0.241453,0.041181,0.183512,0.234589,-0.167577,0.195235,-0.138337,0.053747,0.184909,-0.145201,-0.155012,0.196632,0.128725,0.081027,0.016009,0.194990,-0.220790,0.035538,-0.116991,0.090541,0.041551,-0.223380,-0.208144,0.015769
0.057426,-0.058076,0.190201,0.250720,0.040156,0.184794,0.243932,-0.168658,0.195539,-0.129079,0.052506,0.184862,-0.135867,-0.156308,0.195607,0.129568,0.080936,0.015883,0.223953,-0.221919,0.032754,-0.077748,0.088637,0.034563,-0.222889,-0.208268,0.015751
0.067360,-0.060300,0.190104,0.260609,0.038070,0.185708,0.253916,-0.170845,0.194315,-0.119196,0.050246,0.185893,-0.125889,-0.158670,0.194500,0.130462,0.080752,0.015794,0.240027,-0.223118,0.019415,-0.035635,0.086658,0.030001,-0.222368,-0.208455,0.015744
0.077339,-0.062290,0.189469,0.270551,0.036166,0.185376,0.263932,-0.172822,0.192098,-0.109254,0.048241,0.186840,-0.115873,-0.160746,0.193562,0.131326,0.080618,0.015843,0.240875,-0.223253,0.015967,0.000786,0.085128,0.027529,-0.221419,-0.208618,0.015782
0.086578,-0.062805,0.188540,0.279674,0.035859,0.183988,0.273296,-0.173136,0.190700,-0.100140,0.047526,0.186380,-0.106517,-0.161469,0.193092,0.141860,0.080300,0.020236,0.241597,-0.223273,0.016025,0.019002,0.083903,0.015700,-0.213836,-0.209385,0.015747
0.095322,-0.063063,0.187480,0.288449,0.035525,0.182627,0.281999,-0.173469,0.189297,-0.091355,0.047344,0.185664,-0.097805,-0.161650,0.192333,0.157291,0.080035,0.024923,0.242286,-0.223268,0.016021,0.019824,0.083988,0.015852,-0.196053,-0.209749,0.015724
0.103897,-0.064227,0.186962,0.297063,0.034302,0.182489,0.290528,-0.174720,0.188155,-0.082734,0.046265,0.185770,-0.089269,-0.162756,0.191436,0.176152,0.079362,0.027209,0.243006,-0.223391,0.015953,0.020628,0.083919,0.015940,-0.172124,-0.210417,0.015747
0.112617,-0.066029,0.186254,0.305818,0.032480,0.182971,0.299217,-0.176579,0.186935,-0.073982,0.044521,0.185573,-0.080583,-0.164537,0.189538,0.192341,0.078637,0.029726,0.243774,-0.223553,0.015859,0.021470,0.083772,0.015970,-0.147098,-0.211211,0.015863
0.121376,-0.068127,0.185141,0.314609,0.030360,0.183514,0.307948,-0.178725,0.185434,-0.065196,0.042472,0.184849,-0.071857,-0.166613,0.186769,0.205622,0.077912,0.031533,0.244487,-0.223736,0.015744,0.022262,0.083609,0.015905,-0.124881,-0.211968,0.015839
0.130142,-0.070256,0.183842,0.323397,0.028201,0.184039,0.316692,-0.180892,0.183866,-0.056408,0.040379,0.183818,-0.063112,-0.168713,0.183645,0.218141,0.077174,0.033097,0.245252,-0.223936,0.015805,0.023086,0.083442,0.015750,-0.106463,-0.212658,0.015874
0.138870,-0.072235,0.182688,0.332125,0.026201,0.184695,0.325414,-0.182881,0.182571,-0.047674,0.038411,0.182805,-0.054385,-0.170671,0.180681,0.230895,0.076447,0.034946,0.246067,-0.224116,0.015879,0.023914,0.083287,0.015594,-0.091257,-0.213293,0.016281
0.147430,-0.074003,0.181839,0.340672,0.024408,0.185584,0.333974,-0.184649,0.181725,-0.039114,0.036643,0.181952,-0.045811,-0.172415,0.178094,0.244703,0.075695,0.037600,0.246826,-0.224278,0.015939,0.024714,0.083147,0.015726,-0.078179,-0.213921,0.018902
0.155846,-0.075491,0.181371,0.349070,0.022886,0.186626,0.342387,-0.186141,0.181333,-0.030696,0.035159,0.181408,-0.037379,-0.173868,0.176115,0.259701,0.074912,0.041268,0.247562,-0.224408,0.015925,0.025471,0.083043,0.015865,-0.066147,-0.214586,0.024119
0.164139,-0.076637,0.181259,0.357351,0.021692,0.187691,0.350670,-0.187305,0.181361,-0.022392,0.034031,0.181156,-0.029074,-0.174967,0.174826,0.275628,0.074093,0.045910,0.248308,-0.224514,0.015842,0.026226,0.082974,0.015957,-0.054002,-0.215306,0.030953
0.172447,-0.077483,0.181516,0.365651,0.020795,0.188910,0.358960,-0.188181,0.181914,-0.014066,0.033214,0.181118,-0.020757,-0.175761,0.174122,0.293902,0.073248,0.049812,0.249073,-0.224600,0.015817,0.026985,0.082926,0.016026,-0.040663,-0.216052,0.037582
0.180809,-0.078095,0.182056,0.374001,0.020132,0.190383,0.367298,-0.188830,0.183001,-0.005680,0.032640,0.181111,-0.012383,-0.176323,0.173729,0.316550,0.072363,0.052079,0.249824,-0.224656,0.015801,0.027700,0.082903,0.016028,-0.025217,-0.216795,0.043017
0.189308,-0.078521,0.182606,0.382487,0.019659,0.191760,0.375767,-0.189297,0.184227,0.002849,0.032256,0.180986,-0.003871,-0.176700,0.173453,0.342687,0.071438,0.053166,0.250585,-0.224701,0.015741,0.028433,0.082885,0.015969,-0.006659,-0.217525,0.046148
0.198067,-0.078689,0.182763,0.391240,0.019455,0.192406,0.384496,-0.189505,0.185005,0.011638,0.032128,0.180521,0.004893,-0.176832,0.173119,0.369444,0.070635,0.051944,0.251364,-0.224720,0.015870,0.029257,0.082892,0.015900,0.015395,-0.218173,0.046068
0.207138,-0.078317,0.182318,0.400327,0.019800,0.191918,0.393527,-0.189184,0.185273,0.020749,0.032550,0.179364,0.013949,-0.176434,0.172719,0.393667,0.070177,0.045289,0.252184,-0.224698,0.015974,0.030108,0.082943,0.015832,0.040982,-0.218694,0.043258
0.216583,-0.077185,0.181105,0.409817,0.020931,0.189785,0.402933,-0.188096,0.184781,0.030233,0.033726,0.177429,0.023350,-0.175300,0.172425,0.411956,0.070160,0.030566,0.252991,-0.224605,0.015966,0.031020,0.083057,0.015799,0.069103,-0.219147,0.040943
0.226418,-0.075427,0.179191,0.419662,0.022849,0.185473,0.412836,-0.186223,0.182890,0.040000,0.035369,0.175492,0.033173,-0.173703,0.172909,0.415593,0.070555,0.015837,0.253908,-0.224450,0.016004,0.032047,0.083080,0.015761,0.098473,-0.219667,0.039605
0.236023,-0.074605,0.178445,0.429278,0.023724,0.183458,0.422464,-0.185361,0.182194,0.049582,0.036151,0.174696,0.042768,-0.172934,0.173433,0.416304,0.070635,0.015849,0.254823,-0.224368,0.015949,0.032907,0.083129,0.015826,0.126204,-0.220290,0.034794
0.245163,-0.075127,0.178347,0.438419,0.023206,0.183262,0.431613,-0.185878,0.181742,0.058712,0.035625,0.174951,0.051907,-0.173459,0.173431,0.417056,0.070593,0.015896,0.255632,-0.224420,0.015882,0.033574,0.083074,0.015895,0.144859,-0.220868,0.023275
0.253708,-0.076402,0.177689,0.446976,0.021884,0.183047,0.440150,-0.187187,0.180338,0.067266,0.034384,0.175040,0.060440,-0.174687,0.172331,0.417787,0.070480,0.015886,0.262197,-0.224725,0.015866,0.035475,0.082962,0.015869,0.149825,-0.221056,0.015858
0.261948,-0.076968,0.177537,0.455201,0.021341,0.182978,0.448409,-0.187727,0.179931,0.075486,0.033791,0.175143,0.068694,-0.175277,0.172095,0.418540,0.070445,0.015945,0.280031,-0.225348,0.016141,0.044256,0.082605,0.015928,0.150652,-0.221140,0.015796
0.270241,-0.076524,0.177933,0.463468,0.021852,0.183081,0.456727,-0.187228,0.180888,0.083755,0.034180,0.174977,0.077013,-0.174900,0.172784,0.419309,0.070505,0.015917,0.305489,-0.226112,0.017310,0.058549,0.082108,0.018651,0.151473,-0.221129,0.015682
0.278702,-0.075435,0.178390,0.471906,0.023017,0.182927,0.465207,-0.186075,0.182350,0.092197,0.035206,0.174429,0.085497,-0.173886,0.173852,0.420061,0.070612,0.015832,0.332010,-0.226836,0.021118,0.075121,0.081646,0.022455,0.152275,-0.221063,0.015660
0.287247,-0.074026,0.178850,0.480440,0.024482,0.182569,0.473759,-0.184607,0.183961,0.100734,0.036555,0.173740,0.094054,-0.172534,0.175132,0.420833,0.070749,0.015762,0.355964,-0.227366,0.026578,0.091178,0.081354,0.026606,0.153063,-0.220955,0.015723
0.295845,-0.072509,0.179449,0.489040,0.026028,0.182151,0.482356,-0.183037,0.185634,0.109334,0.038019,0.173263,0.102650,-0.171045,0.176746,0.421645,0.070890,0.015808,0.376721,-0.227687,0.032695,0.105775,0.081242,0.031015,0.153846,-0.220843,0.015806
0.304352,-0.071072,0.180327,0.497559,0.027465,0.181987,0.490856,-0.181556,0.187446,0.117848,0.039413,0.173207,0.111145,-0.169609,0.178666,0.422416,0.071024,0.015805,0.394796,-0.227842,0.038957,0.119343,0.081253,0.035363,0.154584,-0.220742,0.015891
0.312798,-0.069895,0.181506,0.506020,0.028622,0.182277,0.499289,-0.180349,0.189379,0.126306,0.040559,0.173633,0.119575,-0.168412,0.180735,0.423224,0.071131,0.015811,0.410801,-0.227905,0.044997,0.133145,0.081259,0.038863,0.155265,-0.220663,0.015896
0.321213,-0.069111,0.182952,0.514452,0.029377,0.183105,0.507689,-0.179550,0.191371,0.134737,0.041329,0.174532,0.127974,-0.167599,0.182798,0.423990,0.071199,0.015900,0.425215,-0.227961,0.050574,0.147909,0.081142,0.041350,0.155913,-0.220616,0.015884
0.329674,-0.068768,0.184718,0.522913,0.029720,0.184654,0.516146,-0.179181,0.193560,0.143202,0.041646,0.175875,0.136434,-0.167255,0.184782,0.424741,0.071224,0.015986,0.440015,-0.228148,0.054749,0.164044,0.080823,0.043053,0.156523,-0.220620,0.015904
0.338257,-0.068838,0.186748,0.531488,0.029666,0.186872,0.524726,-0.179229,0.195924,0.151788,0.041553,0.177571,0.145026,-0.167342,0.186623,0.425510,0.071209,0.016009,0.457180,-0.228584,0.056874,0.182072,0.080309,0.044172,0.157171,-0.220647,0.015946
0.347015,-0.069357,0.188794,0.540224,0.029188,0.189487,0.533490,-0.179723,0.198161,0.160541,0.041010,0.179426,0.153807,-0.167902,0.188101,0.426299,0.071169,0.015980,0.476659,-0.229266,0.056987,0.202770,0.079562,0.044588,0.157850,-0.220692,0.015967
0.356018,-0.070386,0.190565,0.549185,0.028230,0.192153,0.542513,-0.180719,0.199918,0.169524,0.039948,0.181211,0.162851,-0.169002,0.188977,0.427135,0.071080,0.015860,0.497348,-0.230170,0.054915,0.227151,0.078523,0.044280,0.158553,-0.220800,0.015936
0.365410,-0.071947,0.191787,0.558531,0.026734,0.194531,0.551927,-0.182266,0.200859,0.178893,0.038371,0.182716,0.172289,-0.170629,0.189044,0.428000,0.070940,0.015774,0.517646,-0.231269,0.049165,0.255733,0.077231,0.043811,0.159302,-0.220955,0.015883
0.375214,-0.074037,0.192165,0.568294,0.024693,0.195845,0.561776,-0.184360,0.200181,0.188651,0.036287,0.184149,0.182133,-0.172767,0.188485,0.428875,0.070788,0.015870,0.534236,-0.232376,0.036657,0.284915,0.075817,0.041936,0.160101,-0.221143,0.015815
0.385414,-0.076550,0.190969,0.578508,0.022156,0.194580,0.572029,-0.186934,0.196543,0.198799,0.033835,0.185395,0.192320,-0.175255,0.187359,0.429822,0.070560,0.015947,0.541066,-0.233149,0.015427,0.307977,0.074538,0.037572,0.160932,-0.221367,0.015794
0.395485,-0.078124,0.188369,0.588535,0.020690,0.191318,0.582204,-0.188413,0.192029,0.208765,0.032165,0.184709,0.202435,-0.176938,0.185421,0.431129,0.070330,0.015977,0.541732,-0.233257,0.016005,0.327590,0.073517,0.031461,0.162006,-0.221762,0.015880
0.405045,-0.077984,0.185419,0.598043,0.020942,0.187933,0.591826,-0.188161,0.189255,0.218263,0.032194,0.181582,0.212046,-0.176910,0.182904,0.448880,0.069772,0.017708,0.542504,-0.233262,0.015888,0.337269,0.073078,0.015771,0.162997,-0.221978,0.015939
0.414314,-0.077679,0.182252,0.607334,0.021213,0.184467,0.601073,-0.187884,0.186370,0.227555,0.032527,0.178133,0.221294,-0.176571,0.180037,0.469473,0.069341,0.022743,0.543301,-0.233180,0.015807,0.338277,0.073207,0.015890,0.167219,-0.221919,0.015831
0.423119,-0.078588,0.180720,0.616162,0.020247,0.183384,0.609847,-0.188854,0.184588,0.236390,0.031679,0.176851,0.230075,-0.177422,0.178055,0.493898,0.068496,0.024549,0.544074,-0.233311,0.015812,0.339057,0.073123,0.015913,0.178280,-0.222263,0.015867
0.431755,-0.080039,0.180190,0.624809,0.018739,0.183960,0.618454,-0.190364,0.183779,0.245056,0.030286,0.176601,0.238701,-0.178817,0.176420,0.515574,0.067664,0.028685,0.544841,-0.233453,0.015830,0.339865,0.073015,0.015919,0.192718,-0.222752,0.015920
0.440338,-0.081691,0.180177,0.633380,0.017043,0.185426,0.627019,-0.192052,0.183622,0.253657,0.028670,0.176733,0.247296,-0.180425,0.174929,0.532881,0.066888,0.033042,0.545636,-0.233602,0.015886,0.340690,0.072884,0.015843,0.207339,-0.223321,0.017236
0.448799,-0.083318,0.180405,0.641819,0.015366,0.187188,0.635463,-0.193710,0.183791,0.262135,0.027074,0.177020,0.255779,-0.182002,0.173622,0.547523,0.066149,0.037086,0.546401,-0.233752,0.015948,0.341491,0.072760,0.015719,0.220607,-0.223907,0.019580
0.457161,-0.084759,0.180714,0.650151,0.013876,0.188906,0.643810,-0.195174,0.184132,0.270512,0.025656,0.177297,0.264170,-0.183393,0.172523,0.561174,0.065436,0.040939,0.547133,-0.233882,0.015894,0.342281,0.072654,0.015628,0.232492,-0.224505,0.023192
0.465424,-0.085943,0.181067,0.658389,0.012637,0.190414,0.652056,-0.196385,0.184555,0.278791,0.024499,0.177579,0.272458,-0.184523,0.171720,0.574968,0.064730,0.044977,0.547836,-0.233987,0.015838,0.343046,0.072576,0.015741,0.243827,-0.225118,0.028080
0.473579,-0.086902,0.181593,0.666531,0.011615,0.191852,0.660187,-0.197382,0.185183,0.286972,0.023579,0.178002,0.280628,-0.185418,0.171333,0.590789,0.063988,0.048341,0.548562,-0.234082,0.015791,0.343812,0.072521,0.015887,0.255498,-0.225758,0.033713
0.481728,-0.087672,0.182395,0.674663,0.010786,0.193483,0.668307,-0.198191,0.186237,0.295148,0.022847,0.178553,0.288792,-0.186131,0.171306,0.611311,0.063165,0.050633,0.549297,-0.234161,0.015817,0.344566,0.072480,0.015962,0.268717,-0.226449,0.039519
0.489906,-0.088305,0.183224,0.682826,0.010099,0.195047,0.676455,-0.198864,0.187392,0.303358,0.022255,0.179056,0.296986,-0.186708,0.171401,0.636127,0.062266,0.051973,0.550024,-0.234224,0.015779,0.345265,0.072451,0.016010,0.284465,-0.227168,0.044196
0.498283,-0.088735,0.183684,0.691196,0.009617,0.196045,0.684798,-0.199338,0.188190,0.311769,0.021869,0.179178,0.305370,-0.187086,0.171323,0.663513,0.061368,0.052386,0.550784,-0.234261,0.015902,0.346017,0.072456,0.016034,0.303483,-0.227822,0.046055
0.506874,-0.088798,0.183542,0.699796,0.009513,0.196083,0.693350,-0.199449,0.188458,0.320398,0.021854,0.178625,0.313952,-0.187108,0.171001,0.690321,0.060630,0.050204,0.551516,-0.234282,0.015991,0.346771,0.072477,0.015981,0.326129,-0.228370,0.044523
0.515823,-0.088245,0.182672,0.708778,0.010052,0.194809,0.702260,-0.198939,0.188114,0.329387,0.022448,0.177229,0.322869,-0.186543,0.170534,0.713205,0.060292,0.042411,0.552293,-0.234244,0.016032,0.347618,0.072543,0.015893,0.352150,-0.228821,0.041575
0.525337,-0.086917,0.180956,0.718371,0.011388,0.191695,0.711735,-0.197651,0.186862,0.338939,0.023817,0.175050,0.332304,-0.185222,0.170217,0.728762,0.060363,0.026492,0.553156,-0.234152,0.016021,0.348615,0.072675,0.015867,0.380548,-0.229223,0.039794
0.535179,-0.085203,0.178835,0.728226,0.013307,0.187189,0.721675,-0.195775,0.184680,0.348683,0.025369,0.172991,0.342132,-0.183713,0.170481,0.730093,0.060780,0.015863,0.554079,-0.233975,0.015955,0.349680,0.072700,0.015797,0.410122,-0.229735,0.038542
0.544685,-0.084651,0.178066,0.737753,0.013906,0.185325,0.731207,-0.195186,0.183804,0.358164,0.025884,0.172329,0.351618,-0.183208,0.170807,0.730736,0.060833,0.015790,0.554888,-0.233918,0.015874,0.350537,0.072736,0.015754,0.437774,-0.230377,0.033226
0.553825,-0.085377,0.177760,0.746909,0.013160,0.184848,0.740358,-0.195927,0.182802,0.367293,0.025174,0.172717,0.360742,-0.183914,0.170672,0.731503,0.060771,0.015865,0.555747,-0.233983,0.015771,0.351310,0.072684,0.015842,0.455573,-0.230907,0.022226
0.562492,-0.086814,0.177041,0.755584,0.011677,0.184538,0.749033,-0.197392,0.181095,0.375952,0.023764,0.172986,0.369401,-0.185305,0.169544,0.732245,0.060665,0.015858,0.562818,-0.234312,0.015740,0.352204,0.072572,0.015943,0.460429,-0.231105,0.015855
0.570816,-0.087578,0.177027,0.763916,0.010895,0.184549,0.757364,-0.198163,0.180503,0.384268,0.023007,0.173552,0.377716,-0.186051,0.169506,0.732939,0.060612,0.015862,0.579819,-0.234893,0.015884,0.356931,0.072382,0.016619,0.461199,-0.231174,0.015796
0.578934,-0.087076,0.178016,0.772021,0.011483,0.184687,0.765521,-0.197592,0.181575,0.392347,0.023440,0.174457,0.385847,-0.185636,0.171344,0.733654,0.060665,0.015950,0.602461,-0.235544,0.016604,0.367247,0.072005,0.019457,0.461989,-0.231163,0.015705
0.587204,-0.085917,0.179079,0.780276,0.012730,0.184849,0.773815,-0.196366,0.183419,0.400593,0.024531,0.174739,0.394132,-0.184564,0.173308,0.734402,0.060776,0.015876,0.631191,-0.236313,0.019923,0.381367,0.071637,0.022854,0.462771,-0.231079,0.015633
0.595642,-0.084414,0.179900,0.788700,0.014306,0.184818,0.782261,-0.194794,0.185444,0.409023,0.025967,0.174355,0.402584,-0.183133,0.174981,0.735146,0.060921,0.015821,0.656494,-0.236873,0.025148,0.396765,0.071371,0.025607,0.463557,-0.230959,0.015717
0.604103,-0.082717,0.180533,0.797162,0.016048,0.184416,0.790719,-0.193033,0.187312,0.417487,0.027599,0.173755,0.411044,-0.181482,0.176651,0.735904,0.061075,0.015743,0.677777,-0.237194,0.030947,0.411284,0.071254,0.028461,0.464305,-0.230827,0.015792
0.612541,-0.081003,0.181159,0.805613,0.017774,0.183895,0.799147,-0.191262,0.189067,0.425936,0.029256,0.173251,0.419469,-0.179780,0.178423,0.736688,0.061232,0.015757,0.696061,-0.237327,0.036745,0.424536,0.071283,0.031732,0.465072,-0.230698,0.015880
0.620872,-0.079451,0.181932,0.813970,0.019301,0.183591,0.807455,-0.189672,0.190833,0.434290,0.030771,0.173031,0.427775,-0.178202,0.180272,0.737428,0.061371,0.015791,0.712399,-0.237350,0.042466,0.437249,0.071400,0.035156,0.465760,-0.230582,0.015889
0.629082,-0.078214,0.182928,0.822205,0.020499,0.183717,0.815640,-0.188408,0.192644,0.442523,0.031980,0.173213,0.435959,-0.176926,0.182139,0.738190,0.061477,0.015786,0.727272,-0.237326,0.047977,0.450368,0.071481,0.038259,0.466401,-0.230500,0.015885
0.637291,-0.077399,0.184165,0.830431,0.021282,0.184377,0.823831,-0.187569,0.194487,0.450751,0.032771,0.173844,0.444151,-0.176080,0.183953,0.738931,0.061546,0.015931,0.741097,-0.237322,0.053147,0.464606,0.071411,0.040643,0.467030,-0.230467,0.015839
0.645546,-0.077019,0.185748,0.838694,0.021648,0.185796,0.832069,-0.187169,0.196568,0.459023,0.033132,0.174928,0.452398,-0.175685,0.185699,0.739648,0.061565,0.016004,0.755805,-0.237485,0.056962,0.480252,0.071158,0.042454,0.467613,-0.230458,0.015943
0.653908,-0.077041,0.187630,0.847052,0.021632,0.187920,0.840416,-0.187176,0.198859,0.467400,0.033095,0.176401,0.460763,-0.175714,0.187340,0.740423,0.061551,0.016017,0.773116,-0.237911,0.058777,0.497796,0.070711,0.043687,0.468270,-0.230465,0.015975
0.662514,-0.077526,0.189577,0.855625,0.021208,0.190469,0.849031,-0.187620,0.201055,0.475996,0.032568,0.178099,0.469402,-0.176260,0.188685,0.741226,0.061507,0.015994,0.792821,-0.238593,0.058682,0.518128,0.069976,0.044109,0.468937,-0.230531,0.015976
0.671425,-0.078522,0.191324,0.864481,0.020308,0.193172,0.857968,-0.188566,0.202860,0.484882,0.031523,0.179788,0.478369,-0.177351,0.189476,0.742056,0.061423,0.015874,0.813787,-0.239496,0.056538,0.542364,0.068942,0.043753,0.469613,-0.230647,0.015947
0.680725,-0.080049,0.192599,0.873719,0.018871,0.195649,0.867297,-0.190068,0.203906,0.494153,0.029970,0.181293,0.487731,-0.178968,0.189550,0.742894,0.061291,0.015780,0.834256,-0.240605,0.050922,0.570907,0.067662,0.043225,0.470311,-0.230803,0.015876
0.690445,-0.082107,0.193035,0.883401,0.016854,0.197000,0.877059,-0.192154,0.203317,0.503830,0.027941,0.182752,0.497489,-0.181067,0.189070,0.743806,0.061106,0.015857,0.850712,-0.241826,0.038573,0.599948,0.066239,0.041237,0.471108,-0.230996,0.015783
0.700562,-0.084576,0.191791,0.893534,0.014357,0.195676,0.887243,-0.194710,0.199638,0.513880,0.025559,0.183943,0.507589,-0.183509,0.187905,0.744717,0.060908,0.015942,0.856859,-0.242734,0.017083,0.622902,0.064969,0.036785,0.471910,-0.231175,0.015796
0.710648,-0.086079,0.188989,0.903602,0.012914,0.192202,0.897420,-0.196177,0.194974,0.523876,0.024019,0.183004,0.517693,-0.185071,0.185776,0.746472,0.060697,0.015951,0.857569,-0.242844,0.016022,0.642997,0.063954,0.030825,0.472879,-0.231472,0.015864
0.720268,-0.085869,0.185725,0.913164,0.013252,0.188463,0.907113,-0.195831,0.191939,0.533424,0.024094,0.179510,0.527373,-0.184990,0.182987,0.764897,0.060187,0.018178,0.858331,-0.242822,0.015905,0.653294,0.063378,0.015823,0.474314,-0.231708,0.015886
0.729546,-0.085683,0.182478,0.922473,0.013384,0.184919,0.916357,-0.195688,0.188923,0.542734,0.024322,0.176033,0.536618,-0.184750,0.180036,0.787497,0.059693,0.022099,0.859083,-0.242805,0.015831,0.654251,0.063471,0.015875,0.479842,-0.231712,0.015804
0.738274,-0.086610,0.180781,0.931222,0.012405,0.183611,0.925060,-0.196679,0.186859,0.551487,0.023459,0.174702,0.545325,-0.185625,0.177951,0.814707,0.058848,0.024817,0.859813,-0.242889,0.015783,0.655062,0.063414,0.015897,0.492196,-0.232052,0.015873
0.746857,-0.088108,0.180073,0.939824,0.010837,0.183910,0.933606,-0.198262,0.185712,0.560107,0.022046,0.174433,0.553890,-0.187054,0.176235,0.835857,0.058067,0.029148,0.860560,-0.243026,0.015807,0.655863,0.063305,0.015945,0.507157,-0.232508,0.017013
0.755318,-0.089834,0.179946,0.948290,0.009041,0.185094,0.942034,-0.200065,0.185173,0.568601,0.020397,0.174719,0.562345,-0.188710,0.174798,0.851873,0.057339,0.033261,0.861299,-0.243184,0.015869,0.656672,0.063172,0.015873,0.521903,-0.233029,0.018456
0.763771,-0.091514,0.180122,0.956731,0.007304,0.186645,0.950465,-0.201796,0.185060,0.577077,0.018769,0.175184,0.570811,-0.190332,0.173599,0.865344,0.056649,0.036919,0.862042,-0.243336,0.015927,0.657478,0.063039,0.015731,0.535060,-0.233572,0.020567
0.772118,-0.092995,0.180421,0.965059,0.005768,0.188216,0.958793,-0.203316,0.185192,0.585443,0.017327,0.175649,0.579176,-0.191757,0.172625,0.878036,0.055989,0.040424,0.862778,-0.243465,0.015887,0.658293,0.062934,0.015594,0.546696,-0.234108,0.023896
0.780373,-0.094216,0.180791,0.973294,0.004496,0.189633,0.967032,-0.204569,0.185480,0.593714,0.016136,0.176102,0.587451,-0.192929,0.171948,0.890983,0.055332,0.044123,0.863503,-0.243577,0.015845,0.659050,0.062844,0.015720,0.557763,-0.234666,0.028347
0.788536,-0.095198,0.181353,0.981444,0.003463,0.191031,0.975176,-0.205583,0.186032,0.601897,0.015188,0.176673,0.595628,-0.193858,0.171675,0.906213,0.054640,0.047256,0.864238,-0.243671,0.015872,0.659810,0.062780,0.015855,0.569197,-0.235252,0.033772
0.796661,-0.095985,0.182189,0.989559,0.002622,0.192601,0.983276,-0.206408,0.186991,0.610047,0.014438,0.177388,0.603764,-0.194593,0.171778,0.926252,0.053854,0.049444,0.864987,-0.243747,0.015840,0.660547,0.062739,0.015942,0.582194,-0.235883,0.039567
0.804863,-0.096644,0.183049,0.997749,0.001916,0.194098,0.991452,-0.207101,0.188042,0.618274,0.013812,0.178056,0.611977,-0.195205,0.171999,0.950817,0.052975,0.050709,0.865717,-0.243811,0.015750,0.661260,0.062703,0.016009,0.597809,-0.236572,0.044434
0.813202,-0.097111,0.183525,1.006083,0.001405,0.195045,0.999763,-0.207605,0.188747,0.626641,0.013383,0.178303,0.620321,-0.195627,0.172005,0.978017,0.052086,0.050997,0.866468,-0.243856,0.015883,0.662001,0.062696,0.016016,0.616673,-0.237224,0.046455
0.821785,-0.097210,0.183385,1.014671,0.001279,0.195047,1.008318,-0.207735,0.188933,0.635252,0.013315,0.177837,0.628899,-0.195699,0.171723,1.004928,0.051340,0.048938,0.867226,-0.243877,0.015975,0.662760,0.062705,0.015980,0.639311,-0.237799,0.045020
0.830780,-0.096720,0.182498,1.023700,0.001754,0.193726,1.017279,-0.207281,0.188463,0.644282,0.013842,0.176532,0.637860,-0.195193,0.171269,1.027984,0.050944,0.041378,0.868019,-0.243841,0.016015,0.663657,0.062777,0.015892,0.665467,-0.238276,0.042140
0.840309,-0.095471,0.180753,1.033306,0.003003,0.190563,1.026776,-0.206066,0.187070,0.653842,0.015123,0.174436,0.647312,-0.193946,0.170943,1.043629,0.050913,0.025680,0.868867,-0.243755,0.016013,0.664652,0.062913,0.015869,0.694035,-0.238702,0.040383
0.850121,-0.093821,0.178606,1.043147,0.004807,0.185998,1.036667,-0.204289,0.184807,0.663575,0.016648,0.172406,0.657094,-0.192448,0.171215,1.044852,0.051196,0.015854,0.869743,-0.243626,0.015952,0.665661,0.062948,0.015823,0.723748,-0.239234,0.039202
0.859634,-0.093307,0.177883,1.052679,0.005358,0.184206,1.046205,-0.203741,0.183963,0.673064,0.017126,0.171804,0.666590,-0.191973,0.171561,1.045539,0.051247,0.015787,0.870562,-0.243580,0.015877,0.666533,0.062982,0.015763,0.751813,-0.239924,0.033987
0.868767,-0.094073,0.177707,1.061826,0.004573,0.183892,1.055349,-0.204525,0.183074,0.682185,0.016378,0.172339,0.675708,-0.192720,0.171522,1.046315,0.051182,0.015842,0.871380,-0.243645,0.015790,0.667269,0.062924,0.015814,0.770065,-0.240536,0.023301
0.877441,-0.095562,0.177111,1.070503,0.003051,0.183731,1.064036,-0.206037,0.181457,0.690847,0.014913,0.172766,0.684380,-0.194175,0.170492,1.047047,0.051076,0.015866,0.878210,-0.243962,0.015755,0.668127,0.062796,0.015917,0.774977,-0.240770,0.015865
0.885811,-0.096441,0.177033,1.078883,0.002136,0.183863,1.072403,-0.206941,0.180829,0.699219,0.014059,0.173236,0.692738,-0.195019,0.170203,1.047791,0.051014,0.015882,0.895840,-0.244554,0.016032,0.672803,0.062632,0.016260,0.775785,-0.240829,0.015799
0.894196,-0.096232,0.177568,1.087247,0.002402,0.184170,1.080809,-0.206684,0.181712,0.707583,0.014219,0.173423,0.701144,-0.194867,0.170965,1.048547,0.051046,0.015951,0.922698,-0.245350,0.016676,0.683634,0.062249,0.018797,0.776608,-0.240840,0.015695
0.902702,-0.095239,0.178246,1.095736,0.003471,0.184214,1.089331,-0.205629,0.183245,0.716074,0.015152,0.173246,0.709669,-0.193948,0.172277,1.049312,0.051144,0.015914,0.950192,-0.246082,0.019928,0.698322,0.061868,0.022089,0.777399,-0.240769,0.015649
0.911301,-0.093843,0.178870,1.104327,0.004931,0.183963,1.097935,-0.204169,0.184942,0.724666,0.016484,0.172798,0.718275,-0.192616,0.173777,1.050094,0.051273,0.015820,0.975222,-0.246638,0.025154,0.713880,0.061596,0.025546,0.778179,-0.240659,0.015727
0.919907,-0.092266,0.179538,1.112935,0.006552,0.183551,1.106542,-0.202527,0.186667,0.733271,0.017995,0.172409,0.726878,-0.191084,0.175525,1.050852,0.051426,0.015741,0.996836,-0.246966,0.031210,0.728472,0.061487,0.029393,0.778920,-0.240532,0.015807
0.928452,-0.090709,0.180379,1.121492,0.008126,0.183231,1.115084,-0.200910,0.188453,0.741819,0.019493,0.172306,0.735411,-0.189544,0.177528,1.051646,0.051570,0.015772,1.015460,-0.247114,0.037419,0.741990,0.061503,0.033377,0.779670,-0.240423,0.015888
0.936867,-0.089360,0.181459,1.129932,0.009451,0.183283,1.123481,-0.199530,0.190334,0.750252,0.020810,0.172585,0.743802,-0.188172,0.179635,1.052428,0.051690,0.015793,1.031930,-0.247156,0.043504,0.755307,0.061574,0.036920,0.780368,-0.240322,0.015901
