0.017935,0.002668,0.323817,0.204845,0.112688,0.324954,0.210864,-0.096395,0.321360,-0.174994,0.101732,0.326275,-0.168976,-0.107351,0.322680,0.173742,0.161234,0.094234,0.216765,-0.138411,0.130031,-0.141340,0.151906,0.109297,-0.148241,-0.148931,0.130787
0.025072,0.004030,0.305285,0.210875,0.115896,0.303209,0.218873,-0.093092,0.298238,-0.168729,0.101152,0.312331,-0.160731,-0.107836,0.307360,0.221896,0.166576,0.103004,0.223038,-0.134064,0.114742,-0.138603,0.153185,0.085983,-0.125469,-0.147216,0.106942
0.031647,0.005501,0.282849,0.216490,0.118871,0.278210,0.226110,-0.090044,0.273036,-0.162817,0.101045,0.292662,-0.153196,-0.107869,0.287488,0.240044,0.170245,0.085289,0.239390,-0.130527,0.094645,-0.116529,0.154482,0.058757,-0.105803,-0.146202,0.085742
0.039160,0.007172,0.257341,0.222871,0.122266,0.250651,0.234462,-0.086579,0.246902,-0.156143,0.100922,0.267781,-0.144551,-0.107923,0.264032,0.238203,0.172351,0.044167,0.228125,-0.128735,0.039527,-0.085379,0.154768,0.023224,-0.083916,-0.146240,0.049899
0.047138,0.007248,0.229495,0.228630,0.125359,0.217175,0.243421,-0.083238,0.211423,-0.149144,0.097734,0.247567,-0.134353,-0.110863,0.241815,0.239955,0.177316,0.015061,0.234729,-0.124077,0.017072,-0.084316,0.154295,0.016104,-0.078322,-0.146317,0.018630
0.056015,0.006430,0.206082,0.236865,0.124787,0.188027,0.251549,-0.083746,0.180082,-0.139519,0.096605,0.232083,-0.124835,-0.111928,0.224138,0.238068,0.177022,0.015990,0.234028,-0.124315,0.015777,-0.082402,0.154466,0.015705,-0.076864,-0.146211,0.015880
0.067404,0.007505,0.190613,0.247861,0.126005,0.169775,0.262573,-0.082514,0.161513,-0.127765,0.097525,0.219713,-0.113054,-0.110994,0.211451,0.238090,0.177006,0.016015,0.234429,-0.124331,0.015965,-0.080895,0.154512,0.015747,-0.075330,-0.146182,0.015900
0.081533,0.009733,0.181140,0.261745,0.128182,0.158019,0.276466,-0.080372,0.150750,-0.113399,0.099839,0.211531,-0.098679,-0.108716,0.204262,0.238921,0.177117,0.015864,0.235617,-0.124152,0.016079,-0.079365,0.154650,0.015923,-0.073885,-0.145996,0.016035
0.097332,0.012798,0.175552,0.277303,0.131066,0.149776,0.292068,-0.077548,0.144623,-0.097404,0.103145,0.206481,-0.082639,-0.105470,0.201329,0.240236,0.177327,0.015883,0.237214,-0.123832,0.016024,-0.077860,0.154809,0.016046,-0.072479,-0.145748,0.015864
0.114286,0.016220,0.173896,0.294109,0.134185,0.145798,0.308908,-0.074476,0.143272,-0.080335,0.106916,0.204520,-0.065536,-0.101744,0.201994,0.241940,0.177624,0.015966,0.239007,-0.123461,0.016035,-0.076349,0.155049,0.015947,-0.071209,-0.145461,0.015866
0.132587,0.019472,0.177569,0.312460,0.137118,0.148476,0.327264,-0.071557,0.148315,-0.062089,0.110501,0.206823,-0.047285,-0.098174,0.206661,0.243890,0.177921,0.015808,0.240859,-0.123149,0.015898,-0.075069,0.155293,0.015910,-0.070240,-0.145219,0.015832
0.152328,0.022747,0.187574,0.332502,0.140130,0.159291,0.347303,-0.068536,0.161241,-0.042646,0.114031,0.213907,-0.027845,-0.094636,0.215857,0.245947,0.178217,0.015876,0.242681,-0.122882,0.015876,-0.074168,0.155511,0.015923,-0.069720,-0.145041,0.015835
0.173416,0.026674,0.204430,0.354209,0.143843,0.179401,0.368979,-0.064791,0.183683,-0.022147,0.118140,0.225178,-0.007377,-0.090494,0.229460,0.248036,0.178546,0.015971,0.244679,-0.122610,0.015805,-0.074541,0.155779,0.019323,-0.069785,-0.144869,0.015888
0.194981,0.030552,0.224592,0.376298,0.147649,0.203295,0.391038,-0.060943,0.209381,-0.001077,0.122046,0.239804,0.013663,-0.086545,0.245890,0.250269,0.178858,0.015874,0.256935,-0.121561,0.018827,-0.080570,0.155921,0.031025,-0.070446,-0.144779,0.015972
0.215288,0.033365,0.242269,0.397224,0.150094,0.224528,0.411448,-0.058513,0.231273,0.019128,0.125243,0.253265,0.033352,-0.083364,0.260011,0.257991,0.179454,0.016511,0.289151,-0.119134,0.023954,-0.084344,0.157005,0.044125,-0.065466,-0.143440,0.020043
0.233879,0.035906,0.254963,0.416174,0.152349,0.239127,0.430023,-0.056265,0.246409,0.037735,0.128077,0.263518,0.051584,-0.080537,0.270799,0.299317,0.182563,0.021234,0.328688,-0.116096,0.030795,-0.080594,0.158678,0.059505,-0.051306,-0.141282,0.031974
0.251581,0.038431,0.263383,0.434032,0.154768,0.248601,0.447752,-0.053829,0.256588,0.055410,0.130691,0.270179,0.069130,-0.077906,0.278166,0.341443,0.185723,0.025640,0.367594,-0.113186,0.034482,-0.065970,0.160559,0.068287,-0.033674,-0.139159,0.045462
0.268682,0.040922,0.267613,0.451063,0.157394,0.253033,0.464963,-0.051164,0.261687,0.072401,0.133008,0.273538,0.086302,-0.075550,0.282192,0.379576,0.188916,0.028811,0.406231,-0.110023,0.036245,-0.040141,0.162494,0.066199,-0.013284,-0.137140,0.056544
0.285217,0.043371,0.267612,0.467310,0.160233,0.252551,0.481714,-0.048264,0.261833,0.088721,0.135006,0.273391,0.103125,-0.073491,0.282673,0.415559,0.192350,0.029919,0.443405,-0.106537,0.036682,-0.003664,0.164556,0.056151,0.011090,-0.135222,0.063222
0.301229,0.045795,0.263263,0.482852,0.163263,0.247272,0.498046,-0.045141,0.257356,0.104413,0.136732,0.269171,0.119607,-0.071672,0.279255,0.451106,0.196016,0.029111,0.477521,-0.102999,0.035428,0.042833,0.166883,0.042189,0.040737,-0.133428,0.064681
0.316902,0.048180,0.254373,0.497973,0.166353,0.237353,0.514105,-0.041923,0.248553,0.119700,0.138282,0.260194,0.135832,-0.069994,0.271394,0.486287,0.199782,0.026902,0.506866,-0.099766,0.032268,0.096758,0.169688,0.028322,0.077167,-0.131542,0.060287
0.332506,0.050505,0.240798,0.513103,0.169293,0.223036,0.530068,-0.038843,0.235542,0.134945,0.139852,0.246053,0.151910,-0.068283,0.258559,0.520630,0.203643,0.024240,0.532227,-0.096827,0.027885,0.153294,0.173267,0.016992,0.121208,-0.128965,0.050580
0.348324,0.052631,0.222860,0.528554,0.171908,0.204655,0.546164,-0.036121,0.218018,0.150483,0.141383,0.227701,0.168094,-0.066645,0.241064,0.554644,0.208057,0.021493,0.557620,-0.093330,0.023837,0.186391,0.176514,0.015754,0.171184,-0.125118,0.038244
0.364178,0.054232,0.201363,0.543406,0.174649,0.180918,0.562522,-0.033242,0.194351,0.165834,0.141706,0.208375,0.184949,-0.066186,0.221809,0.584580,0.213829,0.020870,0.587371,-0.087757,0.023135,0.192824,0.177471,0.015667,0.222488,-0.121038,0.027310
0.379307,0.055771,0.185180,0.558153,0.175935,0.160369,0.577443,-0.031860,0.174984,0.181170,0.143402,0.195376,0.200460,-0.064394,0.209991,0.584525,0.213990,0.016041,0.587886,-0.087833,0.015956,0.194599,0.177780,0.015868,0.238985,-0.120232,0.015804
0.395517,0.057949,0.177911,0.573995,0.177635,0.148550,0.593301,-0.030055,0.164563,0.197734,0.145954,0.191259,0.217040,-0.061737,0.207271,0.585119,0.214226,0.015941,0.588720,-0.087710,0.016078,0.196182,0.178066,0.015849,0.240354,-0.120112,0.015805
0.414354,0.061415,0.176207,0.592325,0.180332,0.141191,0.611614,-0.027177,0.159430,0.217095,0.150006,0.192985,0.236383,-0.057503,0.211224,0.586675,0.214589,0.015611,0.590263,-0.087576,0.016143,0.197658,0.178457,0.015924,0.241518,-0.119996,0.016107
0.434233,0.066402,0.179935,0.611892,0.184291,0.140179,0.631034,-0.022916,0.161702,0.237431,0.155721,0.198168,0.256574,-0.051487,0.219692,0.588729,0.215116,0.015775,0.592122,-0.087500,0.016311,0.198782,0.179084,0.015696,0.242297,-0.119837,0.016129
0.455120,0.072454,0.190957,0.632991,0.189561,0.149857,0.651892,-0.017303,0.174654,0.258349,0.162211,0.207261,0.277249,-0.044652,0.232057,0.591095,0.215648,0.015974,0.594339,-0.087538,0.016036,0.199360,0.179809,0.015579,0.242517,-0.119667,0.016167
0.477175,0.079412,0.210201,0.655738,0.196333,0.171652,0.674348,-0.010240,0.198966,0.280001,0.169064,0.221437,0.298612,-0.037508,0.248750,0.593669,0.216185,0.015969,0.596897,-0.087433,0.016033,0.199782,0.180661,0.015690,0.242063,-0.119391,0.016109
0.499449,0.085999,0.233549,0.678775,0.203349,0.200200,0.697150,-0.003069,0.228811,0.301748,0.175066,0.238286,0.320123,-0.031352,0.266897,0.596325,0.216524,0.015878,0.612803,-0.085248,0.022419,0.200655,0.181737,0.019017,0.241571,-0.119103,0.016583
0.520061,0.090956,0.255001,0.700750,0.208098,0.229108,0.717630,0.001500,0.257343,0.322493,0.180411,0.252660,0.339373,-0.026186,0.280895,0.602040,0.217152,0.017626,0.649106,-0.080466,0.035311,0.206999,0.185972,0.025652,0.247919,-0.114914,0.023098
0.538664,0.095472,0.272225,0.720176,0.212513,0.252330,0.735973,0.005745,0.279932,0.341355,0.185200,0.264519,0.357151,-0.021569,0.292120,0.639414,0.222066,0.025632,0.693259,-0.074342,0.048905,0.220908,0.191674,0.037464,0.260545,-0.109092,0.036231
0.556362,0.099903,0.285154,0.738328,0.216966,0.270123,0.753408,0.010067,0.297143,0.359317,0.189739,0.273166,0.374396,-0.017160,0.300186,0.684126,0.228172,0.034288,0.737607,-0.067902,0.060822,0.242803,0.197566,0.046233,0.276338,-0.103110,0.048665
0.573727,0.104280,0.293719,0.755922,0.221423,0.282604,0.770526,0.014421,0.309097,0.376927,0.194139,0.278341,0.391531,-0.012862,0.304834,0.725929,0.234583,0.043074,0.778818,-0.061293,0.071831,0.272721,0.203169,0.047438,0.295463,-0.097292,0.056989
0.590855,0.108601,0.297932,0.773110,0.225917,0.290115,0.787458,0.018835,0.316112,0.394252,0.198367,0.279752,0.408599,-0.008715,0.305749,0.764245,0.241153,0.050634,0.812992,-0.054996,0.079657,0.310515,0.208679,0.042367,0.319427,-0.091532,0.061019
0.607756,0.112875,0.297735,0.789915,0.230500,0.292884,0.804221,0.023367,0.318496,0.411291,0.202383,0.276974,0.425596,-0.004750,0.302585,0.799885,0.247858,0.056449,0.839009,-0.049295,0.082651,0.356689,0.214373,0.033189,0.348963,-0.085719,0.061797
0.624489,0.117090,0.293014,0.806436,0.235128,0.291113,0.820824,0.027974,0.316504,0.428153,0.206207,0.269524,0.442542,-0.000947,0.294914,0.833227,0.254579,0.060149,0.858281,-0.044125,0.081517,0.410468,0.220601,0.022501,0.384237,-0.079685,0.060033
0.641256,0.121235,0.283638,0.822946,0.239675,0.284956,0.837353,0.032538,0.310475,0.445160,0.209932,0.256801,0.459566,0.002794,0.282319,0.864022,0.260917,0.061592,0.873123,-0.039538,0.077825,0.462474,0.227489,0.016946,0.425237,-0.073382,0.055960
0.658543,0.125114,0.269784,0.840024,0.243837,0.273057,0.854438,0.036769,0.299132,0.462647,0.213460,0.240437,0.477061,0.006392,0.266512,0.886956,0.266695,0.063992,0.884493,-0.035355,0.074410,0.489088,0.233285,0.018609,0.477243,-0.067074,0.047648
0.675737,0.128675,0.251526,0.856580,0.248279,0.257184,0.871656,0.041283,0.283456,0.479818,0.216068,0.219596,0.494894,0.009072,0.245867,0.904533,0.272098,0.055420,0.895770,-0.030264,0.067811,0.521274,0.239120,0.015516,0.528794,-0.060115,0.043200
0.693001,0.131510,0.229614,0.872329,0.253395,0.234781,0.889940,0.046779,0.262431,0.496062,0.216241,0.196797,0.513673,0.009625,0.224447,0.922628,0.278801,0.048719,0.914833,-0.023427,0.065838,0.529480,0.240837,0.015434,0.573398,-0.055583,0.043016
0.710323,0.133211,0.206383,0.887074,0.258909,0.205790,0.910023,0.052678,0.232374,0.510624,0.213745,0.180391,0.533572,0.007513,0.206975,0.928765,0.288272,0.039927,0.936019,-0.013217,0.056407,0.531192,0.240945,0.015980,0.611775,-0.051069,0.042659
0.727552,0.135361,0.187595,0.903838,0.261365,0.178234,0.928346,0.055486,0.206124,0.526759,0.215235,0.169066,0.551267,0.009356,0.196956,0.923339,0.287843,0.015639,0.934974,-0.015582,0.016608,0.533035,0.241424,0.015957,0.641390,-0.050575,0.016279
0.745697,0.137535,0.177213,0.922194,0.262651,0.161854,0.946574,0.057005,0.191519,0.544820,0.218065,0.162907,0.569200,0.012419,0.192572,0.923992,0.288010,0.015654,0.935693,-0.015798,0.016289,0.535088,0.241892,0.015569,0.643110,-0.050544,0.015877
0.765430,0.141582,0.175936,0.941912,0.265650,0.153515,0.966307,0.060343,0.185428,0.564554,0.222822,0.166443,0.588949,0.017514,0.198356,0.925483,0.288536,0.015361,0.937120,-0.015716,0.016361,0.536677,0.242321,0.015257,0.644616,-0.050584,0.015637
0.786646,0.147123,0.184506,0.962959,0.269952,0.155046,0.987326,0.064977,0.189048,0.585966,0.229270,0.179964,0.610332,0.024295,0.213967,0.927468,0.289032,0.015873,0.939148,-0.015825,0.016113,0.537417,0.242590,0.015417,0.645613,-0.050789,0.015691
0.809082,0.153963,0.202385,0.985352,0.276020,0.169640,1.009566,0.071255,0.204990,0.608598,0.236671,0.199780,0.632812,0.031906,0.235131,0.929826,0.289378,0.016082,0.941539,-0.015850,0.016005,0.537428,0.242879,0.015516,0.645907,-0.050855,0.015738
0.832544,0.161652,0.226248,1.008846,0.283532,0.193021,1.032995,0.078868,0.228996,0.632094,0.244435,0.223499,0.656242,0.039772,0.259475,0.932422,0.289809,0.015736,0.951369,-0.013874,0.020475,0.537490,0.243528,0.017544,0.645471,-0.050821,0.015622
0.856394,0.168419,0.251369,1.033116,0.290816,0.222572,1.056913,0.086029,0.258076,0.655874,0.250809,0.244662,0.679671,0.046022,0.280166,0.935144,0.290068,0.016119,0.979696,-0.008477,0.032528,0.540428,0.245197,0.021866,0.639726,-0.050087,0.020391
0.878883,0.174078,0.272822,1.056049,0.297088,0.249975,1.079328,0.092000,0.284057,0.678438,0.256156,0.261587,0.701718,0.051068,0.295669,0.964231,0.294987,0.021068,1.025026,0.000524,0.049671,0.552050,0.249945,0.031563,0.630689,-0.046158,0.038112
0.899792,0.179502,0.289662,1.077215,0.302841,0.270961,1.100083,0.097565,0.304179,0.699500,0.261440,0.275146,0.722369,0.056164,0.308364,1.011931,0.303091,0.031218,1.075475,0.009679,0.064253,0.570830,0.256091,0.044441,0.632429,-0.040614,0.058462
0.919960,0.184803,0.302191,1.097640,0.308179,0.286393,1.120027,0.102740,0.318923,0.719893,0.266866,0.285459,0.742281,0.061427,0.317990,1.058901,0.311491,0.041687,1.125336,0.018817,0.077559,0.596209,0.262810,0.052676,0.642716,-0.034138,0.075269
0.939859,0.190023,0.310432,1.117721,0.313389,0.296748,1.139738,0.107798,0.328564,0.739981,0.272248,0.292300,0.761998,0.066657,0.324115,1.101771,0.319893,0.050961,1.168886,0.027588,0.088929,0.627936,0.269737,0.054755,0.659167,-0.027349,0.086660
0.959665,0.195194,0.314418,1.137602,0.318624,0.302385,1.159429,0.112907,0.333512,0.759902,0.277481,0.295325,0.781729,0.071764,0.326452,1.140578,0.328193,0.058078,1.202910,0.035303,0.095600,0.665814,0.276831,0.051544,0.681506,-0.020501,0.092419
0.979380,0.200342,0.314125,1.157285,0.323941,0.303448,1.179100,0.118141,0.334029,0.779660,0.282543,0.294221,0.801474,0.076743,0.324802,1.176149,0.336377,0.062771,1.227829,0.041841,0.096715,0.709985,0.284276,0.044671,0.709824,-0.013604,0.093097
0.999023,0.205444,0.309467,1.176855,0.329251,0.300034,1.198719,0.123404,0.330259,0.799328,0.287485,0.288674,0.821192,0.081638,0.318900,1.208619,0.344268,0.064756,1.245829,0.047451,0.093487,0.759882,0.292320,0.035561,0.744254,-0.006421,0.089413
1.018629,0.210476,0.300315,1.196441,0.334408,0.292251,1.218236,0.128523,0.322272,0.819022,0.292428,0.278358,0.840817,0.086544,0.308379,1.237944,0.351703,0.064018,1.259489,0.052497,0.087653,0.813850,0.301259,0.025964,0.784916,0.001474,0.082269
1.038246,0.215429,0.286519,1.216167,0.339307,0.280217,1.237621,0.133370,0.310120,0.838871,0.297489,0.262918,0.860325,0.091552,0.292821,1.264558,0.358708,0.061147,1.271331,0.057344,0.080324,0.869694,0.311282,0.017827,0.831542,0.010428,0.072749
1.058029,0.220247,0.268051,1.236163,0.343912,0.263975,1.256997,0.137946,0.294116,0.859061,0.302548,0.241986,0.879896,0.096582,0.272127,1.289392,0.365089,0.056434,1.284365,0.062125,0.072536,0.914429,0.321225,0.015887,0.882413,0.019949,0.062181
1.078136,0.224735,0.245133,1.256394,0.348272,0.243089,1.276682,0.142376,0.274075,0.879590,0.307094,0.216191,0.899879,0.101199,0.247177,1.312558,0.371011,0.050561,1.302012,0.067565,0.067240,0.942227,0.329220,0.015349,0.935211,0.029278,0.052994
1.098381,0.228024,0.218804,1.275690,0.352882,0.215217,1.297523,0.147594,0.249051,0.899239,0.308453,0.188556,0.921072,0.103165,0.222390,1.333051,0.377391,0.045888,1.326786,0.074513,0.067774,0.948400,0.331465,0.015440,0.986178,0.035525,0.050999
1.118994,0.230486,0.193651,1.294165,0.357954,0.183255,1.320171,0.153450,0.218841,0.917817,0.307522,0.168460,0.943823,0.103017,0.204046,1.335202,0.380433,0.015257,1.337902,0.075986,0.027901,0.950583,0.331655,0.016019,1.035012,0.038643,0.034650
1.140291,0.231394,0.174775,1.315811,0.357578,0.157127,1.341698,0.153392,0.194578,0.938884,0.309395,0.154972,0.964771,0.105209,0.192422,1.334958,0.380635,0.015716,1.339607,0.073866,0.016320,0.953063,0.332164,0.015421,1.052287,0.037398,0.016093
1.161154,0.233194,0.166418,1.336769,0.358067,0.141776,1.362619,0.154039,0.180101,0.959688,0.312350,0.152734,0.985539,0.108322,0.191060,1.336203,0.380886,0.015544,1.340542,0.073856,0.016222,0.955378,0.332617,0.015446,1.054120,0.037469,0.015701
1.181948,0.237215,0.167501,1.357371,0.360362,0.134297,1.383195,0.156606,0.174062,0.980701,0.317824,0.160940,1.006524,0.114068,0.200705,1.338109,0.381376,0.015373,1.342265,0.073952,0.016228,0.957017,0.333043,0.015194,1.055486,0.037466,0.015509
1.203283,0.243032,0.177447,1.378401,0.364774,0.138025,1.404182,0.161317,0.179322,1.002385,0.324748,0.175571,1.028165,0.121291,0.216868,1.340394,0.381882,0.015800,1.344239,0.073814,0.015882,0.957801,0.333299,0.015291,1.056361,0.037327,0.015836
1.225550,0.250868,0.195990,1.400701,0.372164,0.155363,1.426375,0.168975,0.198023,1.024725,0.332761,0.193957,1.050399,0.129572,0.236616,1.342815,0.382393,0.016037,1.346680,0.073909,0.016068,0.958125,0.333687,0.015566,1.056533,0.037187,0.015780
1.248774,0.259514,0.220394,1.424080,0.381023,0.181098,1.449698,0.177931,0.224250,1.047849,0.341096,0.216537,1.073467,0.138004,0.259689,1.345327,0.382829,0.016009,1.361348,0.076965,0.021846,0.958098,0.334205,0.017046,1.055958,0.037139,0.015706
1.272177,0.267017,0.245995,1.447909,0.389601,0.212339,1.473303,0.186307,0.254664,1.071050,0.347728,0.237326,1.096445,0.144434,0.279652,1.347956,0.383029,0.016100,1.395693,0.084103,0.034976,0.959683,0.335590,0.021205,1.051336,0.038070,0.020481
1.294018,0.273161,0.268186,1.470277,0.396602,0.241058,1.495061,0.193034,0.282415,1.092974,0.353288,0.253958,1.117758,0.149719,0.295314,1.368181,0.386373,0.021983,1.444111,0.093496,0.052901,0.969500,0.339678,0.031055,1.047118,0.041997,0.037317
1.314129,0.278978,0.286013,1.490547,0.403169,0.263778,1.515063,0.199390,0.304242,1.113195,0.358567,0.267783,1.137711,0.154787,0.308247,1.415064,0.394527,0.031009,1.495356,0.103577,0.068642,0.986770,0.345661,0.044407,1.053146,0.047831,0.055821
1.333506,0.284657,0.299503,1.509965,0.409382,0.280880,1.534302,0.205445,0.320653,1.132709,0.363868,0.278352,1.157046,0.159931,0.318125,1.462943,0.403590,0.040894,1.544712,0.113728,0.083062,1.010771,0.352084,0.053484,1.066483,0.054188,0.070403
1.352686,0.290247,0.308635,1.529077,0.415449,0.292772,1.553384,0.211392,0.331943,1.151988,0.369102,0.285327,1.176294,0.165045,0.324497,1.505899,0.412766,0.050441,1.587271,0.123443,0.095486,1.041201,0.358497,0.056085,1.085357,0.060611,0.079617
1.371807,0.295771,0.313457,1.548008,0.421506,0.299854,1.572473,0.217370,0.338515,1.171142,0.374171,0.288399,1.195606,0.170035,0.327059,1.543925,0.421836,0.058239,1.620354,0.131999,0.103379,1.077961,0.365026,0.053136,1.109860,0.067096,0.083721
1.390848,0.301235,0.313956,1.566731,0.427613,0.302325,1.591545,0.223453,0.340634,1.190151,0.379018,0.287278,1.214966,0.174858,0.325586,1.578354,0.430842,0.063808,1.644587,0.139270,0.105839,1.121437,0.371979,0.046076,1.139885,0.073810,0.083900
1.409767,0.306612,0.310047,1.585233,0.433726,0.300293,1.610524,0.229594,0.338439,1.209010,0.383630,0.281655,1.234302,0.179498,0.319801,1.610094,0.439787,0.066986,1.662218,0.145595,0.103911,1.171696,0.379747,0.036353,1.175080,0.081041,0.081439
1.428623,0.311897,0.301594,1.603648,0.439756,0.293873,1.629385,0.235685,0.332046,1.227861,0.388110,0.271142,1.253598,0.184039,0.309316,1.639337,0.448548,0.067735,1.675823,0.151403,0.099252,1.227371,0.388813,0.026157,1.215335,0.089204,0.077213
1.447533,0.317059,0.288464,1.622168,0.445574,0.283222,1.648145,0.241569,0.321584,1.246920,0.392549,0.255345,1.272897,0.188543,0.293707,1.666343,0.457039,0.066424,1.687738,0.157031,0.093064,1.285404,0.399423,0.017987,1.260428,0.098583,0.071601
1.466705,0.322071,0.270711,1.641002,0.451132,0.268486,1.666940,0.247223,0.307383,1.266470,0.396919,0.234040,1.292408,0.193010,0.272937,1.691760,0.465036,0.063082,1.700680,0.162709,0.086281,1.331093,0.410204,0.016143,1.308783,0.108796,0.064985
1.486322,0.326515,0.249027,1.659906,0.456551,0.248375,1.686395,0.253118,0.289337,1.286250,0.399912,0.208716,1.312738,0.196479,0.249679,1.715102,0.472151,0.058040,1.717823,0.168657,0.081671,1.348376,0.415919,0.015918,1.357699,0.117429,0.060134
1.506481,0.329290,0.225192,1.678129,0.461804,0.220942,1.708023,0.259341,0.264295,1.304939,0.399240,0.186088,1.334833,0.196776,0.229441,1.728086,0.480334,0.053713,1.737146,0.177112,0.079517,1.350538,0.416371,0.015332,1.405704,0.124669,0.063140
1.526712,0.331406,0.202091,1.695185,0.467329,0.188570,1.731378,0.265702,0.231012,1.322047,0.397109,0.173170,1.358240,0.195482,0.215612,1.723376,0.485628,0.027431,1.754484,0.185781,0.055655,1.352304,0.416577,0.015829,1.449360,0.130607,0.053736
1.547291,0.333229,0.184179,1.715261,0.468356,0.160350,1.752967,0.267152,0.203473,1.341615,0.399306,0.164884,1.379321,0.198102,0.208008,1.723112,0.486106,0.015812,1.753348,0.179797,0.016049,1.354197,0.417064,0.016251,1.473557,0.127350,0.015984
1.567553,0.335365,0.174177,1.735631,0.469121,0.144173,1.773269,0.268011,0.187794,1.361837,0.402720,0.160560,1.399474,0.201610,0.204180,1.724377,0.486384,0.015500,1.754209,0.179940,0.016170,1.356384,0.417521,0.015528,1.475340,0.127681,0.015850
1.587862,0.340324,0.174161,1.755844,0.472378,0.136944,1.793414,0.271553,0.181913,1.382310,0.409096,0.166410,1.419880,0.208271,0.211379,1.726218,0.486984,0.015486,1.755838,0.180060,0.016150,1.358011,0.418017,0.015112,1.476647,0.127713,0.015631
1.608967,0.346987,0.183702,1.776781,0.477760,0.141538,1.814259,0.277110,0.187358,1.403674,0.416864,0.180047,1.441153,0.216213,0.225866,1.728401,0.487422,0.015909,1.757818,0.180050,0.015996,1.358831,0.418244,0.015259,1.477464,0.127571,0.015498
1.630871,0.355690,0.201620,1.798751,0.486086,0.158556,1.836069,0.285517,0.204859,1.425672,0.425863,0.198382,1.462991,0.225294,0.244684,1.730800,0.487915,0.015897,1.760155,0.180387,0.015999,1.359208,0.418684,0.015501,1.477659,0.127728,0.015581
1.653511,0.365179,0.224308,1.821502,0.495802,0.182383,1.858762,0.295220,0.228679,1.448260,0.435138,0.219937,1.485520,0.234556,0.266234,1.733104,0.488393,0.016051,1.775185,0.184842,0.023099,1.359815,0.419434,0.017708,1.477133,0.127706,0.015426
1.676266,0.373228,0.247473,1.844901,0.504835,0.211657,1.881545,0.303786,0.256390,1.470987,0.442670,0.238556,1.507630,0.241621,0.283289,1.735617,0.488694,0.016081,1.808169,0.194378,0.037324,1.360653,0.422254,0.024625,1.471571,0.129484,0.021390
1.697355,0.380161,0.267042,1.866534,0.512692,0.237797,1.902508,0.311050,0.280356,1.492203,0.449272,0.253728,1.528176,0.247631,0.296286,1.769027,0.496548,0.020311,1.853509,0.207165,0.052977,1.370365,0.428851,0.036544,1.468375,0.134928,0.036262
1.717010,0.386827,0.282153,1.886502,0.519928,0.257698,1.921979,0.317912,0.298873,1.512042,0.455743,0.265433,1.547519,0.253727,0.306607,1.815585,0.507715,0.027954,1.901318,0.219521,0.064855,1.388641,0.437007,0.048907,1.474327,0.141883,0.051849
1.736105,0.393341,0.292858,1.905878,0.526678,0.271890,1.940838,0.324363,0.312031,1.531372,0.462319,0.273684,1.566332,0.260004,0.313825,1.858156,0.518711,0.036432,1.948240,0.231848,0.076168,1.414449,0.445704,0.054904,1.487475,0.149646,0.063155
1.754959,0.399744,0.299211,1.924935,0.533215,0.280914,1.959483,0.330640,0.320086,1.550435,0.468848,0.278337,1.584983,0.266273,0.317508,1.896069,0.529397,0.043895,1.988871,0.243417,0.085822,1.447007,0.454837,0.054363,1.507010,0.157980,0.068970
1.773664,0.406065,0.301244,1.943731,0.539708,0.285172,1.978036,0.336915,0.323424,1.569293,0.475215,0.279065,1.603598,0.272422,0.317316,1.930733,0.539950,0.049545,2.020466,0.253370,0.091018,1.486139,0.464582,0.048703,1.532722,0.166930,0.070177
1.792170,0.412296,0.298900,1.962192,0.546224,0.284862,1.996447,0.343270,0.322294,1.587892,0.481323,0.275505,1.622147,0.278369,0.312937,1.963461,0.550560,0.053203,2.043590,0.261674,0.090753,1.532543,0.475293,0.039453,1.564070,0.176633,0.068488
1.810513,0.418413,0.292047,1.980392,0.552726,0.280118,2.014714,0.349657,0.316854,1.606311,0.487169,0.267239,1.640634,0.284100,0.303975,1.994643,0.561185,0.054739,2.060540,0.268875,0.086314,1.586083,0.487377,0.028462,1.600511,0.187289,0.065134
1.828831,0.424427,0.280551,1.998547,0.559143,0.271116,2.032892,0.355974,0.307275,1.624769,0.492880,0.253827,1.659114,0.289711,0.289987,2.024333,0.571701,0.054235,2.073955,0.275566,0.079437,1.644359,0.501094,0.018422,1.641456,0.199089,0.060533
1.847403,0.430275,0.264576,2.016928,0.565391,0.257799,2.051250,0.362178,0.293733,1.643555,0.498371,0.235418,1.677877,0.295159,0.271352,2.052719,0.581799,0.051799,2.086787,0.282068,0.071350,1.687783,0.513755,0.015570,1.685645,0.211423,0.054989
1.866302,0.435696,0.244413,2.035264,0.571577,0.238975,2.070146,0.368640,0.275917,1.662459,0.502751,0.212908,1.697341,0.299815,0.249850,2.077897,0.590878,0.047369,2.102678,0.289087,0.065565,1.708807,0.521613,0.015380,1.732657,0.222500,0.049165
1.885460,0.439833,0.221069,2.052556,0.577851,0.212638,2.090389,0.375906,0.252028,1.680530,0.503759,0.190110,1.718364,0.301814,0.229500,2.095649,0.599820,0.042495,2.122662,0.298162,0.063838,1.711703,0.522678,0.015778,1.781694,0.231367,0.048888
1.904749,0.443129,0.197449,2.068460,0.584413,0.180761,2.112127,0.383487,0.219315,1.697370,0.502771,0.175582,1.741038,0.301844,0.214136,2.096831,0.607266,0.021108,2.140152,0.308713,0.044505,1.713503,0.522977,0.015997,1.827488,0.240164,0.041388
1.924149,0.445475,0.179316,2.087594,0.585556,0.152784,2.132025,0.385044,0.192602,1.716272,0.505905,0.166030,1.760703,0.305393,0.205849,2.096586,0.607746,0.015706,2.138332,0.303982,0.016150,1.715762,0.523403,0.015927,1.850891,0.240255,0.015985
1.943449,0.448679,0.171324,2.106881,0.587393,0.138316,2.151248,0.386992,0.178762,1.735650,0.510366,0.163886,1.780017,0.309965,0.204332,2.097839,0.608103,0.015764,2.139211,0.304072,0.016196,1.717726,0.523888,0.015463,1.852482,0.240499,0.015729
1.963408,0.454889,0.173919,2.126615,0.592106,0.134219,2.170969,0.392006,0.176141,1.755846,0.517772,0.171697,1.800200,0.317673,0.213620,2.099828,0.608798,0.015430,2.140952,0.304340,0.016261,1.719002,0.524326,0.015154,1.853698,0.240536,0.015639
1.984404,0.463131,0.186285,2.147398,0.599240,0.142145,2.191713,0.399389,0.185278,1.777094,0.526873,0.187293,1.821409,0.327022,0.230426,2.102015,0.609501,0.015876,2.143112,0.304479,0.015898,1.719393,0.524536,0.015313,1.854339,0.240386,0.015619
2.006275,0.473162,0.206848,2.169310,0.609071,0.162245,2.213568,0.409362,0.206087,1.798983,0.536962,0.207610,1.843240,0.337252,0.251452,2.104431,0.610192,0.015972,2.145638,0.304983,0.016063,1.719794,0.524834,0.015427,1.854207,0.240275,0.015499
2.028900,0.483660,0.231560,2.192224,0.620059,0.189586,2.236319,0.420291,0.233325,1.821482,0.547028,0.229795,1.865577,0.347260,0.273534,2.106854,0.610808,0.016015,2.160894,0.310158,0.023737,1.720236,0.526093,0.018862,1.851751,0.240375,0.016681
2.051365,0.492285,0.255485,2.216228,0.629100,0.221677,2.258517,0.428523,0.263453,1.844212,0.556046,0.247518,1.886502,0.355470,0.289294,2.109628,0.611212,0.016105,2.194235,0.320829,0.039060,1.725901,0.532149,0.024950,1.838517,0.243335,0.027081
2.071812,0.499855,0.275203,2.237841,0.636803,0.248357,2.278526,0.435546,0.288417,1.865097,0.564164,0.261990,1.905783,0.362907,0.302050,2.148473,0.621285,0.023810,2.242458,0.334877,0.056646,1.740526,0.541364,0.036613,1.831295,0.249900,0.047312
2.090837,0.507132,0.290692,2.257798,0.643887,0.269166,2.297025,0.442089,0.307942,1.884650,0.572174,0.273443,1.923877,0.370376,0.312219,2.198916,0.634182,0.033016,2.292575,0.348467,0.070418,1.762872,0.552194,0.047445,1.834712,0.258711,0.066498
2.109379,0.514280,0.301794,2.277194,0.650567,0.284319,2.314995,0.448293,0.322017,1.903763,0.580268,0.281570,1.941564,0.377994,0.319268,2.245890,0.646788,0.043217,2.339288,0.361351,0.083383,1.792197,0.563572,0.051641,1.846005,0.268528,0.079958
2.127771,0.521355,0.308536,2.296343,0.657085,0.294321,2.332835,0.454387,0.331014,1.922707,0.588322,0.286057,1.959200,0.385624,0.322751,2.287882,0.658706,0.052565,2.377149,0.372429,0.093323,1.828109,0.575413,0.049702,1.864686,0.278965,0.086676
2.146067,0.528389,0.310942,2.315275,0.663592,0.299553,2.350617,0.460529,0.335341,1.941516,0.596249,0.286542,1.976858,0.393186,0.322330,2.325939,0.670057,0.060026,2.404942,0.381351,0.098112,1.870691,0.587892,0.043385,1.890329,0.289958,0.087739
2.164267,0.535376,0.308954,2.334016,0.670098,0.300219,2.368317,0.466724,0.335251,1.960216,0.604027,0.282656,1.994517,0.400653,0.317688,2.360945,0.680925,0.065298,2.424383,0.388552,0.097949,1.920003,0.601227,0.034363,1.922280,0.301580,0.084672
2.182442,0.542301,0.302457,2.352729,0.676495,0.296496,2.385926,0.472831,0.330900,1.978957,0.611771,0.274013,2.012154,0.408108,0.308417,2.392797,0.691123,0.068063,2.438218,0.394740,0.094527,1.974595,0.615634,0.024720,1.960200,0.314139,0.078643
2.200674,0.549166,0.291328,2.371584,0.682670,0.288611,2.403428,0.478686,0.322388,1.997921,0.619646,0.260268,2.029764,0.415661,0.294045,2.421669,0.700610,0.068239,2.449140,0.400594,0.089182,2.031748,0.631191,0.016606,2.003653,0.328008,0.070806
2.219257,0.555553,0.276185,2.390406,0.688777,0.275301,2.421473,0.484844,0.310097,2.017042,0.626263,0.242272,2.048108,0.422330,0.277069,2.447885,0.708247,0.064844,2.460256,0.405494,0.083675,2.058323,0.640537,0.015820,2.050526,0.339873,0.064901
2.238386,0.560762,0.257788,2.408741,0.694948,0.253932,2.441128,0.491856,0.292265,2.035644,0.629669,0.223311,2.068032,0.426577,0.261644,2.464909,0.713990,0.059322,2.471808,0.410165,0.081577,2.060566,0.641276,0.015706,2.102691,0.347910,0.063615
2.257490,0.565228,0.236253,2.426114,0.701277,0.226365,2.461767,0.499209,0.267133,2.053213,0.631246,0.205372,2.088866,0.429178,0.246141,2.471965,0.720062,0.046154,2.485718,0.418025,0.077026,2.062687,0.641773,0.016039,2.152483,0.356706,0.064524
