-0.003765,0.003288,0.352390,0.183517,0.112533,0.358053,0.188666,-0.096604,0.358145,-0.196196,0.103181,0.346635,-0.191048,-0.105956,0.346728,0.203736,0.158422,0.193788,0.194844,-0.141987,0.196154,-0.200579,0.148458,0.169674,-0.177400,-0.151160,0.173262
-0.005722,0.004745,0.346302,0.180226,0.116197,0.352872,0.187910,-0.092853,0.351021,-0.199354,0.102344,0.341583,-0.191670,-0.106706,0.339732,0.219634,0.164616,0.184880,0.187737,-0.137082,0.208671,-0.221046,0.148317,0.196155,-0.175690,-0.150093,0.169409
-0.007080,0.006378,0.336771,0.178280,0.118786,0.343631,0.187048,-0.090221,0.341689,-0.201208,0.102977,0.331852,-0.192441,-0.106030,0.329911,0.202494,0.167088,0.150566,0.178572,-0.134713,0.195836,-0.222435,0.148967,0.182408,-0.172004,-0.149099,0.161375
-0.008011,0.008049,0.324013,0.177150,0.120806,0.330529,0.186308,-0.088185,0.328542,-0.202330,0.104283,0.319485,-0.193172,-0.104707,0.317497,0.173158,0.168180,0.114589,0.168812,-0.132967,0.172899,-0.221366,0.150612,0.144138,-0.164241,-0.147283,0.143735
-0.009029,0.009796,0.307717,0.175894,0.123019,0.312731,0.185546,-0.085954,0.311393,-0.203605,0.105546,0.304040,-0.193953,-0.103426,0.302702,0.149522,0.168759,0.084891,0.160454,-0.131563,0.147483,-0.218336,0.151682,0.098475,-0.154195,-0.145894,0.116057
-0.010147,0.011635,0.287721,0.174331,0.125657,0.290493,0.184853,-0.083278,0.290500,-0.205147,0.106548,0.284941,-0.194626,-0.102388,0.284948,0.134635,0.169158,0.056039,0.155048,-0.130292,0.121347,-0.212687,0.151668,0.051993,-0.146643,-0.145486,0.082416
-0.011497,0.013542,0.263859,0.172350,0.128612,0.264467,0.184050,-0.080256,0.265881,-0.207045,0.107340,0.261837,-0.195345,-0.101527,0.263251,0.126031,0.169915,0.024489,0.152002,-0.128743,0.093120,-0.206947,0.151202,0.015670,-0.142580,-0.145570,0.045171
-0.011387,0.013062,0.239981,0.172128,0.128613,0.236614,0.184400,-0.080225,0.237451,-0.207173,0.106348,0.242511,-0.194902,-0.102490,0.243348,0.122465,0.170339,0.015832,0.144857,-0.128794,0.058625,-0.205570,0.151063,0.015905,-0.149885,-0.146285,0.015744
-0.010654,0.010765,0.218078,0.172778,0.126338,0.212028,0.185019,-0.082500,0.210669,-0.206328,0.104030,0.225487,-0.194087,-0.104808,0.224128,0.121476,0.170136,0.015784,0.139825,-0.129441,0.020594,-0.198586,0.151372,0.016575,-0.148867,-0.146330,0.015726
-0.009830,0.009331,0.197431,0.173425,0.124991,0.188400,0.185660,-0.083829,0.185353,-0.205321,0.102491,0.209508,-0.193086,-0.106329,0.206462,0.120762,0.169954,0.015884,0.139194,-0.129612,0.015886,-0.191263,0.151617,0.019626,-0.147999,-0.146440,0.015867
-0.009048,0.008827,0.179300,0.174151,0.124543,0.169867,0.186388,-0.084261,0.165863,-0.204484,0.101915,0.192738,-0.192248,-0.106888,0.188734,0.120357,0.169879,0.015897,0.138791,-0.129711,0.015913,-0.181933,0.152161,0.016056,-0.147314,-0.146479,0.015993
-0.008102,0.008583,0.162487,0.175168,0.124302,0.154591,0.187392,-0.084485,0.149773,-0.203596,0.101651,0.175201,-0.191372,-0.107136,0.170384,0.120198,0.169823,0.015914,0.138667,-0.129788,0.015890,-0.181145,0.152179,0.015967,-0.146715,-0.146500,0.016024
-0.006916,0.008347,0.146704,0.176498,0.124018,0.142189,0.188709,-0.084745,0.136415,-0.202541,0.101438,0.156993,-0.190330,-0.107325,0.151219,0.120226,0.169765,0.015894,0.138746,-0.129878,0.015859,-0.180411,0.152182,0.015858,-0.146217,-0.146550,0.016021
-0.005341,0.008224,0.132320,0.178194,0.123794,0.132609,0.190415,-0.084941,0.125908,-0.201096,0.101390,0.138731,-0.188875,-0.107345,0.132030,0.120387,0.169708,0.015875,0.138982,-0.129970,0.015812,-0.179759,0.152138,0.015781,-0.145863,-0.146652,0.015971
-0.003284,0.008278,0.120134,0.180248,0.123699,0.126056,0.192513,-0.085005,0.118526,-0.199082,0.101561,0.121742,-0.186817,-0.107143,0.114212,0.120557,0.169726,0.015824,0.139346,-0.129978,0.015691,-0.179140,0.152116,0.015724,-0.145594,-0.146733,0.015955
-0.000828,0.008453,0.110748,0.182562,0.123679,0.122255,0.194867,-0.084999,0.114091,-0.196523,0.101906,0.107406,-0.184218,-0.106772,0.099241,0.120791,0.169766,0.015781,0.139749,-0.129964,0.015709,-0.178549,0.152119,0.015660,-0.145997,-0.146823,0.015942
0.001690,0.008629,0.104240,0.184843,0.123636,0.120657,0.197161,-0.085024,0.112066,-0.193782,0.102281,0.096414,-0.181463,-0.106379,0.087823,0.121052,0.169755,0.015806,0.140102,-0.129992,0.015678,-0.178032,0.152104,0.015648,-0.147254,-0.146957,0.015691
0.004303,0.008934,0.100583,0.187156,0.123749,0.121160,0.199473,-0.084910,0.112549,-0.190867,0.102778,0.088616,-0.178550,-0.105881,0.080005,0.121338,0.169778,0.015848,0.140393,-0.129974,0.015830,-0.177500,0.152146,0.015662,-0.147011,-0.146939,0.015845
0.006901,0.009102,0.099722,0.189405,0.123731,0.124086,0.201718,-0.084926,0.115412,-0.187916,0.103130,0.084032,-0.175603,-0.105527,0.075358,0.121550,0.169793,0.015881,0.140589,-0.129964,0.015875,-0.176955,0.152178,0.015898,-0.146645,-0.146912,0.015840
0.009239,0.009140,0.101394,0.191284,0.123571,0.129796,0.203595,-0.085086,0.121107,-0.185116,0.103366,0.081682,-0.172805,-0.105291,0.072992,0.121694,0.169776,0.015902,0.140687,-0.129984,0.015890,-0.176423,0.152184,0.015976,-0.146218,-0.146909,0.015824
0.011181,0.009148,0.105407,0.192574,0.123342,0.138536,0.204872,-0.085319,0.129919,-0.182511,0.103614,0.080894,-0.170212,-0.105046,0.072277,0.121773,0.169800,0.015909,0.140687,-0.129961,0.015898,-0.175938,0.152248,0.016025,-0.145702,-0.146838,0.015817
0.012730,0.009285,0.111323,0.193119,0.123289,0.150105,0.205433,-0.085392,0.142028,-0.179974,0.103962,0.080617,-0.167659,-0.104719,0.072541,0.121833,0.169839,0.015906,0.140650,-0.129896,0.015893,-0.174346,0.152359,0.015972,-0.145144,-0.146759,0.015824
0.013866,0.009232,0.118917,0.192833,0.122975,0.164462,0.205167,-0.085718,0.156731,-0.177434,0.104181,0.081104,-0.165101,-0.104512,0.073372,0.121908,0.169847,0.015914,0.140829,-0.129872,0.016152,-0.175784,0.151714,0.030496,-0.144577,-0.146728,0.015840
0.014565,0.009003,0.127783,0.191990,0.122437,0.179686,0.204330,-0.086257,0.172008,-0.175201,0.104263,0.083559,-0.162861,-0.104432,0.075881,0.122068,0.169888,0.015929,0.142665,-0.129786,0.017695,-0.177449,0.150677,0.056735,-0.144062,-0.146669,0.015764
0.014996,0.008743,0.137099,0.190960,0.121923,0.194266,0.203295,-0.086776,0.186701,-0.173304,0.104263,0.087497,-0.160969,-0.104436,0.079933,0.122309,0.169888,0.015943,0.148637,-0.129554,0.020849,-0.175996,0.149610,0.088939,-0.143647,-0.146649,0.015860
0.015503,0.008270,0.146392,0.190279,0.121133,0.207681,0.202583,-0.087558,0.199862,-0.171577,0.104099,0.092921,-0.159273,-0.104593,0.085102,0.122647,0.169890,0.015968,0.158818,-0.129122,0.024311,-0.174251,0.149438,0.094614,-0.143322,-0.146620,0.015905
0.016132,0.007889,0.154686,0.189843,0.120513,0.219350,0.202153,-0.088171,0.211344,-0.169888,0.103948,0.098028,-0.157578,-0.104736,0.090022,0.123011,0.169936,0.015962,0.171099,-0.128571,0.029043,-0.172562,0.149286,0.099762,-0.143070,-0.146600,0.015919
0.016922,0.007614,0.161949,0.189834,0.120084,0.228981,0.202135,-0.088599,0.220942,-0.168291,0.103828,0.102956,-0.155990,-0.104856,0.094917,0.123380,0.169934,0.015997,0.184103,-0.128039,0.034404,-0.170964,0.149165,0.104700,-0.142872,-0.146602,0.015932
0.017910,0.007462,0.168248,0.190364,0.119866,0.236557,0.202655,-0.088820,0.228583,-0.166835,0.103743,0.107912,-0.154544,-0.104943,0.099938,0.123733,0.169931,0.015990,0.197650,-0.127450,0.039439,-0.169504,0.149082,0.109639,-0.142746,-0.146600,0.015924
0.019157,0.007469,0.173568,0.191529,0.119924,0.242001,0.203835,-0.088767,0.234180,-0.165520,0.103706,0.112956,-0.153214,-0.104986,0.105135,0.124068,0.169977,0.015972,0.211788,-0.126719,0.043635,-0.168194,0.149045,0.114654,-0.142676,-0.146581,0.015912
0.020622,0.007576,0.177881,0.193320,0.120157,0.245276,0.205627,-0.088542,0.237678,-0.164382,0.103694,0.118084,-0.152076,-0.105005,0.110486,0.124344,0.169997,0.015959,0.226219,-0.125938,0.046787,-0.167058,0.149035,0.119740,-0.142675,-0.146566,0.015900
0.022350,0.007820,0.181152,0.195751,0.120627,0.246328,0.208076,-0.088082,0.239030,-0.163376,0.103722,0.123273,-0.151050,-0.104987,0.115975,0.124558,0.170036,0.015937,0.240601,-0.125067,0.048829,-0.166056,0.149065,0.124865,-0.142735,-0.146553,0.015896
0.024387,0.008179,0.183363,0.198823,0.121273,0.245193,0.211165,-0.087447,0.238238,-0.162390,0.103804,0.128489,-0.150048,-0.104916,0.121534,0.124744,0.170088,0.015897,0.254375,-0.124153,0.049396,-0.165075,0.149149,0.130010,-0.142798,-0.146521,0.015874
0.026726,0.008553,0.184521,0.202437,0.121967,0.242000,0.214810,-0.086760,0.235326,-0.161358,0.103865,0.133716,-0.148986,-0.104862,0.127043,0.124885,0.170152,0.015891,0.266854,-0.123236,0.047901,-0.164053,0.149211,0.135181,-0.142886,-0.146499,0.015864
0.029385,0.008888,0.184625,0.206535,0.122612,0.236833,0.218908,-0.086123,0.230398,-0.160138,0.103899,0.138852,-0.147766,-0.104836,0.132417,0.124970,0.170141,0.015884,0.277431,-0.122447,0.043628,-0.162830,0.149247,0.140258,-0.142958,-0.146508,0.015858
0.032341,0.009117,0.183710,0.210971,0.123110,0.229948,0.223338,-0.085625,0.223525,-0.158656,0.103859,0.143894,-0.146289,-0.104876,0.137471,0.125056,0.170158,0.015881,0.285609,-0.121709,0.035732,-0.161346,0.149208,0.145297,-0.143006,-0.146490,0.015854
0.035561,0.009117,0.181878,0.215601,0.123342,0.221617,0.227963,-0.085385,0.214920,-0.156842,0.103619,0.148835,-0.144480,-0.105108,0.142138,0.125124,0.170138,0.015875,0.291183,-0.121053,0.023550,-0.159534,0.148965,0.150302,-0.143031,-0.146523,0.015856
0.038952,0.008881,0.179512,0.220205,0.123262,0.212758,0.232521,-0.085449,0.205475,-0.154617,0.103210,0.153548,-0.142302,-0.105500,0.146265,0.125240,0.170085,0.015862,0.291860,-0.120889,0.015913,-0.157293,0.148553,0.155131,-0.142996,-0.146549,0.015897
0.041775,0.008659,0.178074,0.223737,0.123175,0.206659,0.236044,-0.085516,0.198851,-0.152494,0.102835,0.157297,-0.140187,-0.105857,0.149488,0.125386,0.170075,0.015855,0.291549,-0.120958,0.015887,-0.155156,0.148176,0.158971,-0.142927,-0.146581,0.015914
0.044106,0.008362,0.177590,0.226457,0.122945,0.203275,0.238752,-0.085728,0.194948,-0.150540,0.102451,0.160233,-0.138246,-0.106221,0.151906,0.125569,0.170045,0.015850,0.291421,-0.121043,0.015856,-0.153211,0.147787,0.162042,-0.142844,-0.146630,0.015913
0.046173,0.008095,0.177600,0.228745,0.122715,0.201493,0.241036,-0.085937,0.192685,-0.148690,0.102127,0.162515,-0.136398,-0.106526,0.153706,0.125732,0.170054,0.015837,0.291378,-0.121075,0.015836,-0.151360,0.147458,0.164428,-0.142755,-0.146653,0.015926
0.048115,0.007759,0.177822,0.230821,0.122377,0.200673,0.243100,-0.086254,0.191358,-0.146871,0.101773,0.164286,-0.134592,-0.106859,0.154971,0.125924,0.170031,0.015824,0.291413,-0.121147,0.015821,-0.149542,0.147098,0.166318,-0.142640,-0.146699,0.015938
0.050007,0.007416,0.178139,0.232798,0.122020,0.200377,0.245071,-0.086589,0.190565,-0.145057,0.101420,0.165713,-0.132784,-0.107189,0.155900,0.126091,0.170003,0.015806,0.291460,-0.121219,0.015830,-0.147729,0.146741,0.167857,-0.142530,-0.146758,0.015946
0.051880,0.007095,0.178516,0.234751,0.121643,0.200383,0.246978,-0.086946,0.190094,-0.143218,0.101137,0.166939,-0.130991,-0.107452,0.156650,0.126249,0.169972,0.015778,0.291544,-0.121323,0.015861,-0.145879,0.146453,0.169182,-0.142396,-0.146765,0.015969
0.053753,0.006775,0.178951,0.236674,0.121293,0.200551,0.248894,-0.087270,0.189756,-0.141388,0.100820,0.168146,-0.129168,-0.107744,0.157351,0.126454,0.169989,0.015748,0.291642,-0.121354,0.015867,-0.144046,0.146131,0.170498,-0.142257,-0.146782,0.015971
0.055599,0.006493,0.179432,0.238562,0.121014,0.200662,0.250792,-0.087528,0.189474,-0.139594,0.100513,0.169391,-0.127363,-0.108029,0.158203,0.126644,0.169965,0.015724,0.291747,-0.121407,0.015880,-0.142256,0.145820,0.171832,-0.142127,-0.146858,0.015981
0.057426,0.006271,0.179960,0.240443,0.120787,0.200749,0.252666,-0.087736,0.189199,-0.137813,0.100278,0.170721,-0.125590,-0.108245,0.159172,0.126819,0.169972,0.015735,0.291844,-0.121437,0.015884,-0.140474,0.145580,0.173245,-0.142023,-0.146874,0.015975
0.059269,0.006104,0.180560,0.242337,0.120631,0.200830,0.254558,-0.087876,0.188994,-0.136020,0.100083,0.172127,-0.123799,-0.108424,0.160291,0.127012,0.169978,0.015774,0.291961,-0.121458,0.015884,-0.138682,0.145381,0.174715,-0.141918,-0.146895,0.015981
0.061104,0.005951,0.181220,0.244246,0.120458,0.200923,0.256424,-0.088036,0.188818,-0.134216,0.099938,0.173623,-0.122038,-0.108556,0.161517,0.127184,0.169976,0.015745,0.292051,-0.121521,0.015935,-0.136862,0.145234,0.176253,-0.141861,-0.146870,0.016013
0.062923,0.005753,0.181887,0.246123,0.120279,0.200933,0.258296,-0.088197,0.188524,-0.132449,0.099702,0.175251,-0.120276,-0.108774,0.162841,0.127377,0.169980,0.015692,0.292170,-0.121554,0.015941,-0.135096,0.144995,0.177951,-0.141779,-0.146897,0.016013
0.064716,0.005592,0.182498,0.247975,0.120157,0.200731,0.260149,-0.088303,0.188057,-0.130716,0.099488,0.176939,-0.118542,-0.108973,0.164265,0.127557,0.169984,0.015721,0.292260,-0.121575,0.015940,-0.133365,0.144777,0.179702,-0.141722,-0.146923,0.015992
0.066456,0.005524,0.183043,0.249774,0.120138,0.200341,0.261945,-0.088313,0.187512,-0.129033,0.099360,0.178574,-0.116862,-0.109091,0.165744,0.127704,0.169985,0.015746,0.292341,-0.121592,0.015936,-0.131679,0.144647,0.181366,-0.141679,-0.146937,0.015997
0.068169,0.005524,0.183551,0.251531,0.120209,0.199878,0.263717,-0.088234,0.186937,-0.127380,0.099281,0.180164,-0.115194,-0.109162,0.167223,0.127884,0.170026,0.015774,0.292445,-0.121555,0.015963,-0.130029,0.144567,0.182980,-0.141636,-0.146935,0.016006
0.069843,0.005531,0.184013,0.253255,0.120270,0.199387,0.265434,-0.088169,0.186376,-0.125748,0.099232,0.181650,-0.113568,-0.109208,0.168639,0.128034,0.170029,0.015799,0.292529,-0.121565,0.015970,-0.128395,0.144516,0.184479,-0.141601,-0.146934,0.016007
0.071445,0.005554,0.184440,0.254895,0.120354,0.198884,0.267077,-0.088082,0.185819,-0.124186,0.099190,0.183061,-0.112004,-0.109245,0.169997,0.128162,0.170038,0.015820,0.292607,-0.121560,0.015968,-0.126833,0.144474,0.185902,-0.141574,-0.146939,0.016009
0.073025,0.005661,0.184850,0.256516,0.120509,0.198345,0.268681,-0.087931,0.185337,-0.122632,0.099253,0.184364,-0.110466,-0.109187,0.171356,0.128293,0.170030,0.015840,0.292700,-0.121578,0.015997,-0.125277,0.144538,0.187197,-0.141548,-0.146922,0.016007
0.074574,0.005707,0.185254,0.258090,0.120603,0.197967,0.270254,-0.087835,0.184926,-0.121107,0.099249,0.185582,-0.108943,-0.109190,0.172541,0.128419,0.170045,0.015867,0.292784,-0.121568,0.016002,-0.123751,0.144533,0.188419,-0.141511,-0.146914,0.016021
0.076111,0.005722,0.185650,0.259646,0.120666,0.197644,0.271813,-0.087769,0.184554,-0.119592,0.099213,0.186746,-0.107424,-0.109222,0.173656,0.128555,0.170045,0.015895,0.292883,-0.121570,0.016002,-0.122236,0.144497,0.189593,-0.141471,-0.146927,0.016020
0.077595,0.005783,0.186023,0.261147,0.120772,0.197299,0.273314,-0.087662,0.184186,-0.118124,0.099228,0.187861,-0.105958,-0.109206,0.174748,0.128696,0.170069,0.015914,0.292973,-0.121551,0.016011,-0.120767,0.144511,0.190708,-0.141441,-0.146909,0.016020
0.079056,0.005859,0.186374,0.262622,0.120898,0.196906,0.274789,-0.087538,0.183827,-0.116678,0.099257,0.188921,-0.104510,-0.109179,0.175842,0.128812,0.170059,0.015933,0.293059,-0.121558,0.016006,-0.119321,0.144541,0.191762,-0.141418,-0.146922,0.016025
0.080479,0.005959,0.186706,0.264054,0.121046,0.196524,0.276224,-0.087392,0.183475,-0.115267,0.099309,0.189936,-0.103096,-0.109128,0.176888,0.128929,0.170076,0.015950,0.293139,-0.121537,0.016008,-0.117910,0.144594,0.192766,-0.141394,-0.146910,0.016019
0.081863,0.006058,0.187011,0.265448,0.121186,0.196140,0.277616,-0.087253,0.183122,-0.113889,0.099369,0.190899,-0.101721,-0.109071,0.177881,0.129058,0.170093,0.015964,0.293240,-0.121520,0.016009,-0.116533,0.144654,0.193726,-0.141361,-0.146892,0.016029
0.083241,0.006172,0.187288,0.266828,0.121346,0.195745,0.279000,-0.087098,0.182798,-0.112519,0.099442,0.191778,-0.100347,-0.109002,0.178831,0.129174,0.170089,0.015980,0.293332,-0.121516,0.016013,-0.115162,0.144728,0.194587,-0.141340,-0.146898,0.016024
0.084583,0.006294,0.187548,0.268174,0.121510,0.195361,0.280347,-0.086938,0.182489,-0.111180,0.099527,0.192607,-0.099007,-0.108922,0.179734,0.129283,0.170090,0.015991,0.293426,-0.121508,0.016021,-0.113825,0.144814,0.195404,-0.141315,-0.146896,0.016026
0.085896,0.006424,0.187792,0.269484,0.121683,0.194982,0.281662,-0.086769,0.182181,-0.109871,0.099617,0.193403,-0.097693,-0.108835,0.180603,0.129392,0.170103,0.016004,0.293525,-0.121485,0.016010,-0.112516,0.144905,0.196181,-0.141279,-0.146888,0.016022
0.087208,0.006577,0.188024,0.270796,0.121873,0.194589,0.282974,-0.086586,0.181886,-0.108558,0.099739,0.194162,-0.096381,-0.108720,0.181459,0.129509,0.170113,0.016012,0.293623,-0.121467,0.016010,-0.111202,0.145028,0.196910,-0.141242,-0.146871,0.016021
0.088490,0.006775,0.188250,0.272078,0.122108,0.194145,0.284251,-0.086361,0.181609,-0.107272,0.099911,0.194891,-0.095099,-0.108558,0.182355,0.129606,0.170109,0.016020,0.293709,-0.121460,0.016006,-0.109916,0.145203,0.197611,-0.141239,-0.146860,0.016044
0.089741,0.006950,0.188466,0.273324,0.122320,0.193789,0.285501,-0.086156,0.181366,-0.106019,0.100056,0.195566,-0.093842,-0.108419,0.183144,0.129705,0.170131,0.016028,0.293792,-0.121426,0.016007,-0.108663,0.145350,0.198255,-0.141216,-0.146837,0.016039
0.090969,0.007156,0.188658,0.274548,0.122557,0.193394,0.286724,-0.085928,0.181135,-0.104786,0.100241,0.196180,-0.092610,-0.108245,0.183921,0.129807,0.170139,0.016033,0.293886,-0.121406,0.016005,-0.107429,0.145536,0.198830,-0.141197,-0.146817,0.016047
0.092159,0.007339,0.188835,0.275731,0.122775,0.192991,0.287909,-0.085718,0.180875,-0.103591,0.100397,0.196795,-0.091412,-0.108096,0.184679,0.129899,0.170144,0.016038,0.293975,-0.121387,0.016003,-0.106235,0.145694,0.199416,-0.141182,-0.146808,0.016046
0.093327,0.007561,0.189000,0.276882,0.123042,0.192567,0.289077,-0.085460,0.180622,-0.102423,0.100582,0.197378,-0.090229,-0.107920,0.185433,0.129996,0.170166,0.016047,0.294072,-0.121339,0.015994,-0.105069,0.145882,0.199944,-0.141164,-0.146797,0.016039
0.094467,0.007774,0.189148,0.278013,0.123287,0.192155,0.290211,-0.085226,0.180404,-0.101276,0.100775,0.197892,-0.089078,-0.107738,0.186141,0.130089,0.170158,0.016049,0.294167,-0.121329,0.015990,-0.103926,0.146076,0.200440,-0.141149,-0.146798,0.016039
0.095600,0.007980,0.189292,0.279133,0.123524,0.191797,0.291339,-0.084997,0.180201,-0.100139,0.100958,0.198382,-0.087933,-0.107564,0.186786,0.130185,0.170177,0.016054,0.294242,-0.121293,0.015985,-0.102789,0.146261,0.200886,-0.141134,-0.146780,0.016030
0.096680,0.008209,0.189421,0.280206,0.123775,0.191395,0.292408,-0.084757,0.179990,-0.099048,0.101176,0.198852,-0.086846,-0.107357,0.187447,0.130264,0.170187,0.016057,0.294328,-0.121270,0.015981,-0.101695,0.146483,0.201298,-0.141127,-0.146753,0.016037
0.097729,0.008430,0.189529,0.281244,0.124021,0.190986,0.293448,-0.084521,0.179764,-0.097990,0.101381,0.199295,-0.085786,-0.107160,0.188072,0.130347,0.170198,0.016058,0.294401,-0.121244,0.015976,-0.100639,0.146690,0.201713,-0.141118,-0.146734,0.016033
0.098774,0.008659,0.189625,0.282277,0.124275,0.190542,0.294482,-0.084278,0.179523,-0.096934,0.101597,0.199726,-0.084729,-0.106956,0.188707,0.130438,0.170199,0.016059,0.294489,-0.121227,0.015969,-0.099581,0.146909,0.202076,-0.141103,-0.146723,0.016038
0.099789,0.008881,0.189718,0.283278,0.124521,0.190139,0.295488,-0.084041,0.179295,-0.095910,0.101802,0.200141,-0.083701,-0.106759,0.189297,0.130521,0.170218,0.016060,0.294569,-0.121192,0.015973,-0.098559,0.147116,0.202457,-0.141089,-0.146699,0.016026
0.100765,0.009102,0.189799,0.284246,0.124757,0.189712,0.296450,-0.083816,0.179075,-0.094919,0.102019,0.200524,-0.082715,-0.106553,0.189887,0.130597,0.170209,0.016061,0.294622,-0.121190,0.015957,-0.097570,0.147334,0.202823,-0.141099,-0.146690,0.016033
0.101707,0.009346,0.189870,0.285162,0.125040,0.189286,0.297390,-0.083542,0.178849,-0.093975,0.102234,0.200890,-0.081748,-0.106348,0.190453,0.130635,0.170233,0.016067,0.294693,-0.121133,0.015935,-0.096631,0.147549,0.203156,-0.141085,-0.146684,0.016026
0.102646,0.009598,0.189939,0.286092,0.125303,0.188886,0.298315,-0.083290,0.178680,-0.093023,0.102486,0.201198,-0.080800,-0.106107,0.190993,0.130720,0.170236,0.016066,0.294766,-0.121117,0.015924,-0.095678,0.147804,0.203407,-0.141071,-0.146661,0.016026
0.103546,0.009903,0.190012,0.286978,0.125625,0.188456,0.299204,-0.082982,0.178552,-0.092112,0.102788,0.201473,-0.079885,-0.105819,0.191569,0.130792,0.170234,0.016064,0.294847,-0.121096,0.015917,-0.094767,0.148110,0.203606,-0.141069,-0.146651,0.016030
0.104424,0.010185,0.190084,0.287842,0.125921,0.188099,0.300073,-0.082698,0.178454,-0.091226,0.103068,0.201713,-0.078995,-0.105551,0.192068,0.130848,0.170248,0.016060,0.294919,-0.121062,0.015919,-0.093882,0.148393,0.203802,-0.141067,-0.146627,0.016018
0.105278,0.010483,0.190142,0.288683,0.126232,0.187735,0.300919,-0.082400,0.178365,-0.090363,0.103365,0.201920,-0.078127,-0.105266,0.192550,0.130933,0.170265,0.016059,0.294983,-0.121025,0.015897,-0.093020,0.148692,0.203947,-0.141066,-0.146603,0.016019
0.106113,0.010826,0.190181,0.289508,0.126581,0.187301,0.301742,-0.082066,0.178273,-0.089515,0.103718,0.202090,-0.077281,-0.104929,0.193062,0.131003,0.170268,0.016055,0.295064,-0.121001,0.015889,-0.092170,0.149050,0.204008,-0.141064,-0.146578,0.016023
0.106930,0.011162,0.190213,0.290314,0.126922,0.186895,0.302546,-0.081738,0.178177,-0.088687,0.104062,0.202248,-0.076454,-0.104598,0.193531,0.131067,0.170291,0.016051,0.295144,-0.120960,0.015886,-0.091341,0.149397,0.204092,-0.141055,-0.146537,0.016020
0.107697,0.011475,0.190232,0.291068,0.127242,0.186477,0.303303,-0.081431,0.178073,-0.087910,0.104380,0.202392,-0.075675,-0.104293,0.193987,0.131141,0.170294,0.016049,0.295195,-0.120938,0.015873,-0.090565,0.149717,0.204169,-0.141070,-0.146524,0.016011
0.108467,0.011803,0.190239,0.291825,0.127578,0.186078,0.304065,-0.081107,0.177980,-0.087131,0.104712,0.202498,-0.074890,-0.103972,0.194400,0.131171,0.170315,0.016042,0.295262,-0.120894,0.015860,-0.089789,0.150052,0.204225,-0.141064,-0.146494,0.016010
0.109211,0.012138,0.190232,0.292549,0.127929,0.185667,0.304806,-0.080766,0.177877,-0.086384,0.105043,0.202588,-0.074127,-0.103653,0.194798,0.131270,0.170349,0.016041,0.295330,-0.120834,0.015852,-0.089045,0.150384,0.204261,-0.141068,-0.146470,0.016005
0.109924,0.012466,0.190215,0.293255,0.128252,0.185252,0.305507,-0.080456,0.177812,-0.085659,0.105389,0.202619,-0.073407,-0.103319,0.195179,0.131326,0.170335,0.016040,0.295398,-0.120833,0.015836,-0.088320,0.150733,0.204232,-0.141052,-0.146460,0.015997
0.110626,0.012840,0.190193,0.293950,0.128619,0.184821,0.306197,-0.080102,0.177745,-0.084945,0.105782,0.202640,-0.072697,-0.102939,0.195564,0.131391,0.170357,0.016034,0.295457,-0.120797,0.015818,-0.087605,0.151129,0.204174,-0.141060,-0.146417,0.015999
0.111313,0.013252,0.190164,0.294622,0.129033,0.184352,0.306878,-0.079703,0.177718,-0.084252,0.106207,0.202611,-0.071996,-0.102528,0.195977,0.131423,0.170351,0.016026,0.295514,-0.120775,0.015803,-0.086914,0.151557,0.204029,-0.141075,-0.146416,0.015999
0.111977,0.013664,0.190140,0.295276,0.129440,0.183952,0.307534,-0.079306,0.177691,-0.083581,0.106635,0.202589,-0.071323,-0.102112,0.196328,0.131474,0.170409,0.015983,0.295585,-0.120701,0.015796,-0.086242,0.151988,0.203910,-0.141064,-0.146347,0.015994
0.112602,0.014069,0.190110,0.295903,0.129821,0.183523,0.308144,-0.078939,0.177696,-0.082939,0.107077,0.202524,-0.070699,-0.101684,0.196697,0.131545,0.170406,0.015981,0.295633,-0.120699,0.015783,-0.085598,0.152432,0.203775,-0.141075,-0.146312,0.015996
0.113220,0.014488,0.190082,0.296512,0.130233,0.183125,0.308755,-0.078538,0.177700,-0.082315,0.107515,0.202465,-0.070072,-0.101256,0.197040,0.131570,0.170447,0.015977,0.295686,-0.120640,0.015771,-0.084974,0.152872,0.203635,-0.141083,-0.146259,0.015993
0.113823,0.014870,0.190051,0.297107,0.130606,0.182741,0.309352,-0.078175,0.177712,-0.081706,0.107915,0.202390,-0.069461,-0.100866,0.197361,0.131622,0.170457,0.015975,0.295739,-0.120614,0.015764,-0.084366,0.153274,0.203477,-0.141095,-0.146240,0.015978
0.114407,0.015274,0.189999,0.297683,0.130998,0.182330,0.309928,-0.077792,0.177707,-0.081115,0.108340,0.202292,-0.068870,-0.100450,0.197669,0.131719,0.170487,0.015972,0.295809,-0.120574,0.015767,-0.083773,0.153703,0.203251,-0.141080,-0.146201,0.015981
0.114964,0.015701,0.189941,0.298236,0.131404,0.181873,0.310473,-0.077396,0.177695,-0.080546,0.108799,0.202187,-0.068309,-0.100001,0.198009,0.131759,0.170505,0.015969,0.295850,-0.120550,0.015781,-0.083188,0.154171,0.202682,-0.141100,-0.146162,0.015974
0.115486,0.016121,0.189886,0.298729,0.131844,0.181433,0.311005,-0.076961,0.177662,-0.080032,0.109203,0.202110,-0.067756,-0.099603,0.198339,0.131767,0.170552,0.015966,0.295883,-0.120463,0.015787,-0.082650,0.154591,0.201765,-0.141119,-0.146158,0.015970
0.116005,0.016518,0.189835,0.299245,0.132218,0.181027,0.311511,-0.076595,0.177645,-0.079501,0.109630,0.202026,-0.067236,-0.099182,0.198643,0.131796,0.170590,0.015961,0.295928,-0.120423,0.015794,-0.082068,0.155038,0.200551,-0.141124,-0.146098,0.015973
0.116535,0.016907,0.189789,0.299771,0.132585,0.180597,0.312030,-0.076235,0.177638,-0.078959,0.110048,0.201939,-0.066701,-0.098771,0.198980,0.131902,0.170595,0.015962,0.295991,-0.120416,0.015801,-0.081465,0.155473,0.199178,-0.141120,-0.146079,0.015958
0.117065,0.017311,0.189736,0.300292,0.132972,0.180164,0.312551,-0.075853,0.177617,-0.078421,0.110475,0.201855,-0.066161,-0.098350,0.199309,0.131933,0.170622,0.015957,0.296038,-0.120381,0.015810,-0.080847,0.155916,0.197635,-0.141134,-0.146047,0.015957
0.117596,0.017685,0.189671,0.300814,0.133329,0.179734,0.313074,-0.075500,0.177586,-0.077882,0.110870,0.201756,-0.065622,-0.097959,0.199608,0.131970,0.170632,0.015953,0.296085,-0.120364,0.015813,-0.080207,0.156324,0.195961,-0.141139,-0.146035,0.015949
0.118107,0.018021,0.189578,0.301313,0.133651,0.179279,0.313576,-0.075181,0.177476,-0.077362,0.111223,0.201681,-0.065100,-0.097610,0.199877,0.132002,0.170650,0.015949,0.296116,-0.120340,0.015824,-0.079563,0.156688,0.194196,-0.141164,-0.146018,0.015947
0.118645,0.018341,0.189454,0.301840,0.133956,0.178782,0.314101,-0.074879,0.177290,-0.076812,0.111561,0.201618,-0.064550,-0.097274,0.200126,0.132054,0.170680,0.015945,0.296165,-0.120308,0.015823,-0.078862,0.157037,0.192313,-0.141157,-0.145985,0.015945
0.119186,0.018639,0.189299,0.302366,0.134241,0.178245,0.314629,-0.074595,0.177025,-0.076257,0.111872,0.201574,-0.063994,-0.096964,0.200354,0.132092,0.170720,0.015940,0.296204,-0.120265,0.015836,-0.078126,0.157357,0.190367,-0.141157,-0.145947,0.015942
0.119736,0.018951,0.189122,0.302898,0.134537,0.177606,0.315161,-0.074301,0.176715,-0.075690,0.112204,0.201529,-0.063427,-0.096634,0.200639,0.132141,0.170728,0.015936,0.296244,-0.120255,0.015837,-0.077346,0.157692,0.188353,-0.141162,-0.145940,0.015935
0.120296,0.019241,0.188937,0.303440,0.134812,0.176980,0.315703,-0.074027,0.176350,-0.075110,0.112510,0.201524,-0.062847,-0.096329,0.200894,0.132190,0.170771,0.015931,0.296283,-0.120212,0.015841,-0.076507,0.158003,0.186181,-0.141161,-0.145898,0.015935
0.120869,0.019524,0.188740,0.303993,0.135075,0.176318,0.316253,-0.073765,0.175961,-0.074516,0.112812,0.201519,-0.062256,-0.096028,0.201162,0.132235,0.170795,0.015926,0.296321,-0.120190,0.015850,-0.075618,0.158306,0.183943,-0.141161,-0.145872,0.015930
0.121475,0.019806,0.188531,0.304577,0.135340,0.175618,0.316837,-0.073500,0.175536,-0.073887,0.113112,0.201526,-0.061626,-0.095728,0.201444,0.132295,0.170817,0.015920,0.296361,-0.120168,0.015850,-0.074652,0.158603,0.181584,-0.141158,-0.145853,0.015925
0.122101,0.020073,0.188304,0.305176,0.135592,0.174895,0.317440,-0.073248,0.175077,-0.073238,0.113394,0.201531,-0.060975,-0.095446,0.201714,0.132352,0.170833,0.015915,0.296410,-0.120150,0.015856,-0.073620,0.158880,0.179090,-0.141158,-0.145845,0.015923
0.122730,0.020340,0.188062,0.305781,0.135838,0.174149,0.318042,-0.073002,0.174577,-0.072581,0.113682,0.201547,-0.060321,-0.095158,0.201975,0.132399,0.170863,0.015908,0.296434,-0.120124,0.015858,-0.072526,0.159162,0.176482,-0.141164,-0.145814,0.015921
0.123386,0.020554,0.187810,0.306406,0.136042,0.173405,0.318674,-0.072797,0.174038,-0.071901,0.113904,0.201581,-0.059633,-0.094935,0.202214,0.132458,0.170874,0.015904,0.296467,-0.120110,0.015861,-0.071349,0.159381,0.173751,-0.141166,-0.145818,0.015915
0.124054,0.020737,0.187540,0.307045,0.136211,0.172667,0.319312,-0.072628,0.173448,-0.071204,0.114101,0.201631,-0.058937,-0.094737,0.202413,0.132506,0.170900,0.015904,0.296500,-0.120086,0.015871,-0.070088,0.159581,0.170936,-0.141162,-0.145794,0.015915
0.124760,0.020927,0.187252,0.307716,0.136383,0.171818,0.319982,-0.072455,0.172794,-0.070463,0.114310,0.201711,-0.058197,-0.094528,0.202687,0.132573,0.170896,0.015902,0.296553,-0.120093,0.015877,-0.068727,0.159783,0.168021,-0.141148,-0.145802,0.015908
0.125484,0.021103,0.186960,0.308403,0.136544,0.170983,0.320669,-0.072293,0.172084,-0.069700,0.114499,0.201836,-0.057434,-0.094339,0.202937,0.132641,0.170932,0.015899,0.296592,-0.120059,0.015883,-0.067232,0.159978,0.164911,-0.141142,-0.145770,0.015909
0.126221,0.021271,0.186656,0.309094,0.136700,0.170081,0.321366,-0.072136,0.171340,-0.068925,0.114678,0.201972,-0.056652,-0.094158,0.203230,0.132691,0.170933,0.015895,0.296620,-0.120057,0.015886,-0.065643,0.160157,0.161742,-0.141147,-0.145782,0.015905
0.126999,0.021408,0.186357,0.309830,0.136819,0.169210,0.322098,-0.072016,0.170568,-0.068100,0.114832,0.202147,-0.055833,-0.094003,0.203505,0.132774,0.170951,0.015867,0.296678,-0.120044,0.015888,-0.063869,0.160326,0.158367,-0.141129,-0.145763,0.015903
0.127785,0.021538,0.186049,0.310569,0.136932,0.168293,0.322833,-0.071903,0.169741,-0.067264,0.114979,0.202356,-0.055000,-0.093856,0.203804,0.132836,0.170967,0.015858,0.296713,-0.120033,0.015900,-0.062017,0.160487,0.154911,-0.141133,-0.145747,0.015906
0.128574,0.021645,0.185714,0.311302,0.137023,0.167286,0.323565,-0.071811,0.168811,-0.066417,0.115100,0.202616,-0.054153,-0.093734,0.204141,0.132894,0.170970,0.015850,0.296745,-0.120033,0.015898,-0.060058,0.160629,0.151287,-0.141140,-0.145747,0.015905
0.129375,0.021782,0.185342,0.312037,0.137145,0.166175,0.324303,-0.071689,0.167799,-0.065552,0.115253,0.202885,-0.053286,-0.093581,0.204509,0.132976,0.170988,0.015839,0.296791,-0.120016,0.015907,-0.057965,0.160797,0.147451,-0.141134,-0.145737,0.015899
