-0.006363,0.017869,0.351283,0.182154,0.124569,0.340442,0.184924,-0.084358,0.350776,-0.197650,0.120095,0.351790,-0.194880,-0.088832,0.362124,0.168281,0.160440,0.149304,0.176042,-0.138761,0.173352,-0.194755,0.156477,0.166491,-0.188825,-0.143351,0.178350
-0.009384,0.026488,0.342874,0.178504,0.134041,0.329770,0.182468,-0.074674,0.343452,-0.201236,0.127650,0.342296,-0.197272,-0.081065,0.355978,0.143872,0.166609,0.141686,0.168104,-0.131326,0.178343,-0.173115,0.161425,0.154447,-0.191488,-0.138320,0.175831
-0.011612,0.034901,0.330615,0.175942,0.142754,0.315381,0.180457,-0.065850,0.330489,-0.203681,0.135652,0.330742,-0.199166,-0.072953,0.345850,0.134046,0.175391,0.149183,0.155443,-0.122923,0.179269,-0.179288,0.167987,0.140587,-0.196992,-0.130975,0.173406
-0.013733,0.043343,0.315638,0.173600,0.151226,0.298067,0.178383,-0.057306,0.314071,-0.205849,0.143992,0.317204,-0.201066,-0.064540,0.333209,0.127654,0.184520,0.151515,0.146586,-0.114584,0.171357,-0.190502,0.174189,0.111988,-0.204426,-0.123288,0.162843
-0.016365,0.051821,0.297237,0.170808,0.159648,0.277723,0.175758,-0.048796,0.294793,-0.208488,0.152439,0.299681,-0.203538,-0.056005,0.316751,0.120336,0.192754,0.139612,0.143950,-0.106256,0.159380,-0.198863,0.180466,0.082122,-0.205627,-0.116045,0.141212
-0.019516,0.060295,0.275112,0.167430,0.168282,0.254346,0.172733,-0.040073,0.272365,-0.211765,0.160663,0.277859,-0.206462,-0.047692,0.295878,0.114488,0.200580,0.115720,0.143220,-0.097674,0.142681,-0.202252,0.187247,0.054772,-0.201105,-0.109089,0.112030
-0.022858,0.068818,0.249574,0.163759,0.177206,0.227956,0.169655,-0.031047,0.246937,-0.215370,0.168684,0.252211,-0.209474,-0.039570,0.271193,0.108254,0.207936,0.081430,0.142518,-0.089152,0.118797,-0.201137,0.193917,0.023722,-0.196948,-0.102511,0.077672
-0.025955,0.076128,0.222472,0.158513,0.186992,0.195605,0.168133,-0.020626,0.219413,-0.220044,0.172883,0.225530,-0.210424,-0.034735,0.249338,0.097252,0.211520,0.034887,0.144960,-0.082391,0.089522,-0.200143,0.195540,0.015694,-0.196763,-0.103499,0.043523
-0.026382,0.079876,0.197261,0.155705,0.192097,0.161318,0.168660,-0.014716,0.190047,-0.221425,0.174468,0.204475,-0.208470,-0.032345,0.233204,0.085412,0.213454,0.015804,0.115927,-0.086128,0.030707,-0.199411,0.195657,0.016122,-0.208647,-0.107638,0.022227
-0.023376,0.080043,0.181943,0.158174,0.191002,0.139888,0.171051,-0.015461,0.171067,-0.217804,0.175546,0.192818,-0.204927,-0.030916,0.223997,0.085546,0.213776,0.015735,0.107052,-0.088943,0.015865,-0.198538,0.196068,0.015799,-0.209454,-0.108649,0.016087
-0.014984,0.080040,0.178436,0.166517,0.191063,0.136337,0.179473,-0.015396,0.167506,-0.209441,0.175476,0.189365,-0.196486,-0.030983,0.220534,0.086221,0.213887,0.015850,0.107763,-0.088868,0.015696,-0.197728,0.196077,0.015902,-0.230343,-0.109749,0.017921
-0.002663,0.080374,0.180676,0.179282,0.191847,0.141803,0.192075,-0.014738,0.172191,-0.197401,0.175486,0.189160,-0.184607,-0.031099,0.219548,0.103510,0.214826,0.017027,0.108950,-0.088891,0.015965,-0.196757,0.196062,0.015875,-0.236856,-0.110298,0.016020
0.011330,0.080751,0.183972,0.193720,0.192667,0.148621,0.206303,-0.014071,0.178040,-0.183644,0.175573,0.189903,-0.171061,-0.031166,0.219322,0.138490,0.217765,0.025416,0.110235,-0.088957,0.016077,-0.195633,0.196085,0.015977,-0.227385,-0.109191,0.018295
0.025665,0.080478,0.185802,0.208326,0.192653,0.152741,0.220683,-0.014301,0.180704,-0.169353,0.175257,0.190900,-0.156995,-0.031697,0.218863,0.168925,0.219888,0.031698,0.111526,-0.089005,0.016094,-0.194566,0.196044,0.015862,-0.204934,-0.106899,0.023509
0.039955,0.080069,0.185299,0.222733,0.192332,0.153199,0.234921,-0.014801,0.179881,-0.155010,0.174938,0.190717,-0.142822,-0.032195,0.217399,0.190202,0.220556,0.030813,0.112755,-0.089005,0.015989,-0.193612,0.196022,0.015671,-0.168391,-0.104281,0.025823
0.054161,0.079904,0.182133,0.236964,0.192242,0.150437,0.249115,-0.014976,0.176477,-0.140793,0.174783,0.187788,-0.128641,-0.032434,0.213828,0.204074,0.220105,0.022380,0.114022,-0.088965,0.015874,-0.192449,0.195989,0.015508,-0.113030,-0.101294,0.023712
0.067818,0.079444,0.175994,0.250407,0.191923,0.143581,0.262782,-0.015337,0.169164,-0.127146,0.174225,0.182824,-0.114772,-0.033036,0.208406,0.205207,0.219350,0.015982,0.115188,-0.088922,0.016067,-0.190755,0.195685,0.015782,-0.043089,-0.097053,0.026749
0.080559,0.077654,0.168329,0.263279,0.190145,0.136699,0.275286,-0.017455,0.159570,-0.114169,0.172763,0.177088,-0.102161,-0.034836,0.199959,0.206501,0.219364,0.016002,0.143802,-0.086178,0.020532,-0.176901,0.197168,0.015811,0.017167,-0.091848,0.035547
0.092941,0.075209,0.159387,0.275621,0.188181,0.129276,0.287652,-0.019753,0.148854,-0.101770,0.170171,0.169919,-0.089738,-0.037763,0.189498,0.207752,0.219297,0.015814,0.185388,-0.082489,0.031054,-0.149280,0.198621,0.015624,0.041802,-0.090507,0.034130
0.105438,0.072725,0.149632,0.287991,0.186617,0.122355,0.300463,-0.021560,0.138823,-0.089586,0.167010,0.160440,-0.077115,-0.041168,0.176908,0.209253,0.219138,0.015722,0.225693,-0.079403,0.041612,-0.115932,0.199649,0.015623,0.044117,-0.092314,0.015902
0.118225,0.071182,0.141964,0.300818,0.185819,0.118312,0.313591,-0.022521,0.132309,-0.077141,0.164884,0.151618,-0.064367,-0.043456,0.165615,0.210750,0.219060,0.015977,0.259675,-0.077182,0.047198,-0.084198,0.200943,0.015480,0.045346,-0.092425,0.015893
0.131432,0.071468,0.137873,0.314159,0.186392,0.116789,0.327023,-0.021965,0.130441,-0.064160,0.164902,0.145305,-0.051296,-0.043455,0.158957,0.212154,0.219127,0.016047,0.289635,-0.074943,0.053591,-0.052230,0.202799,0.015985,0.046599,-0.092410,0.016026
0.145302,0.072743,0.136053,0.328212,0.187765,0.117215,0.341058,-0.020539,0.131677,-0.050454,0.166025,0.140430,-0.037609,-0.042279,0.154891,0.213574,0.219313,0.015990,0.316748,-0.072663,0.059958,-0.022172,0.205076,0.020314,0.047971,-0.092295,0.015923
0.159569,0.074261,0.135350,0.342671,0.189321,0.118738,0.355422,-0.018913,0.134253,-0.036285,0.167434,0.136447,-0.023533,-0.040800,0.151962,0.214911,0.219488,0.015794,0.343486,-0.070385,0.066069,0.008451,0.207560,0.025389,0.049410,-0.092147,0.015695
0.174118,0.075679,0.135065,0.357391,0.190755,0.120578,0.370001,-0.017419,0.136994,-0.021765,0.168777,0.133137,-0.009155,-0.039396,0.149553,0.216221,0.219632,0.016015,0.369187,-0.068540,0.068547,0.044528,0.210269,0.029176,0.050880,-0.091989,0.015703
0.188927,0.076540,0.134563,0.372314,0.191665,0.122059,0.384801,-0.016512,0.138523,-0.006948,0.169592,0.130603,0.005539,-0.038585,0.147068,0.217580,0.219674,0.016063,0.393137,-0.067598,0.063769,0.090560,0.213392,0.032966,0.052434,-0.091827,0.015802
0.203850,0.076723,0.132968,0.387093,0.192201,0.121660,0.399858,-0.016041,0.137059,0.007842,0.169487,0.128877,0.020606,-0.038754,0.144276,0.218814,0.219732,0.016008,0.412264,-0.067774,0.044642,0.140809,0.216733,0.040117,0.053991,-0.091853,0.015996
0.218643,0.076502,0.129067,0.401275,0.192891,0.117210,0.415073,-0.015450,0.130180,0.022213,0.168455,0.127955,0.036012,-0.039886,0.140924,0.227006,0.220682,0.015929,0.416406,-0.068131,0.015613,0.179121,0.219225,0.043478,0.055815,-0.091992,0.015947
0.232986,0.076570,0.124267,0.414871,0.193922,0.110560,0.429930,-0.014284,0.124283,0.036043,0.167423,0.124250,0.051102,-0.040782,0.137973,0.268329,0.222760,0.016051,0.418006,-0.067962,0.015816,0.189165,0.217363,0.021034,0.057302,-0.094054,0.015789
0.247559,0.077674,0.120433,0.429346,0.195143,0.106454,0.444571,-0.013031,0.120468,0.050547,0.168380,0.120399,0.065771,-0.039795,0.134413,0.323074,0.227182,0.019355,0.419414,-0.067584,0.015896,0.190417,0.217258,0.016046,0.059301,-0.093931,0.015741
0.262070,0.078652,0.118967,0.443913,0.196013,0.104810,0.459028,-0.012170,0.118806,0.065112,0.169474,0.119129,0.080226,-0.038709,0.133124,0.373423,0.231491,0.029309,0.421119,-0.067500,0.016087,0.191699,0.217402,0.015980,0.062843,-0.093542,0.015633
0.276512,0.079410,0.118944,0.458439,0.196738,0.105608,0.473434,-0.011491,0.119043,0.079590,0.170311,0.118845,0.094585,-0.037918,0.132279,0.411690,0.234909,0.041676,0.422890,-0.067439,0.016028,0.193104,0.217498,0.015792,0.074183,-0.092570,0.015714
0.290840,0.079898,0.119777,0.472846,0.197274,0.108034,0.487749,-0.011028,0.120387,0.093931,0.170825,0.119168,0.108834,-0.037478,0.131521,0.439282,0.237166,0.051493,0.424599,-0.067396,0.015765,0.194573,0.217549,0.015938,0.092158,-0.091187,0.015662
0.305016,0.080140,0.121084,0.487135,0.197541,0.111548,0.501889,-0.010855,0.122412,0.108142,0.171136,0.119757,0.122897,-0.037260,0.130620,0.460846,0.238529,0.058303,0.426158,-0.067402,0.015761,0.196116,0.217581,0.016009,0.113416,-0.089546,0.015739
0.319077,0.080256,0.122676,0.501334,0.197611,0.115521,0.515879,-0.010880,0.124717,0.122274,0.171392,0.120634,0.136819,-0.037099,0.129830,0.479698,0.239412,0.063512,0.427570,-0.067443,0.015942,0.197773,0.217644,0.015888,0.134403,-0.087783,0.018488
0.333130,0.080366,0.124454,0.515487,0.197671,0.119305,0.529869,-0.010897,0.126879,0.136390,0.171628,0.122028,0.150773,-0.036939,0.129602,0.497362,0.240127,0.067483,0.428945,-0.067471,0.016004,0.199484,0.217701,0.015585,0.154580,-0.086126,0.023288
0.347198,0.080568,0.126367,0.529594,0.197867,0.122641,0.543912,-0.010750,0.128835,0.150485,0.171886,0.123900,0.164803,-0.036732,0.130094,0.514318,0.240802,0.068959,0.430248,-0.067481,0.015914,0.201182,0.217735,0.015866,0.176077,-0.084576,0.027669
0.361473,0.081047,0.128395,0.543920,0.198293,0.125642,0.558146,-0.010356,0.130920,0.164800,0.172450,0.125871,0.179026,-0.036199,0.131149,0.530825,0.241442,0.065253,0.431586,-0.067468,0.015786,0.202840,0.217832,0.015925,0.202451,-0.082742,0.029543
0.376091,0.082034,0.130363,0.558543,0.199282,0.128057,0.572759,-0.009370,0.133229,0.179423,0.173439,0.127496,0.193639,-0.035214,0.132669,0.546537,0.242188,0.053620,0.432905,-0.067376,0.015921,0.204653,0.217961,0.015952,0.238317,-0.080323,0.028446
0.391273,0.083851,0.131965,0.573800,0.200964,0.128828,0.587884,-0.007663,0.135233,0.194663,0.175366,0.128698,0.208747,-0.033261,0.135103,0.558654,0.242590,0.033524,0.434145,-0.067277,0.015976,0.206545,0.218278,0.015848,0.286221,-0.076869,0.028830
0.406769,0.086396,0.132542,0.589293,0.203366,0.125898,0.603369,-0.005171,0.134774,0.210168,0.177963,0.130310,0.224245,-0.030574,0.139187,0.559083,0.242238,0.015850,0.435456,-0.067156,0.015966,0.208387,0.218563,0.015794,0.340686,-0.072706,0.035881
0.421646,0.088298,0.132756,0.604645,0.204361,0.123703,0.617815,-0.004216,0.133013,0.225477,0.180813,0.132500,0.238647,-0.027765,0.141810,0.560889,0.242379,0.016040,0.451250,-0.065546,0.015899,0.211946,0.220333,0.015769,0.380359,-0.068880,0.041492
0.435898,0.089417,0.131583,0.619595,0.204331,0.122024,0.631458,-0.004369,0.130289,0.240338,0.183203,0.132876,0.252201,-0.025497,0.141141,0.562699,0.242457,0.016001,0.501289,-0.061854,0.015985,0.223545,0.223167,0.015687,0.396340,-0.067115,0.033767
0.449913,0.089851,0.128358,0.634255,0.203786,0.119523,0.644934,-0.005034,0.126217,0.254892,0.184736,0.130500,0.265571,-0.024084,0.137193,0.564519,0.242425,0.015743,0.552465,-0.058619,0.022551,0.242605,0.225960,0.015674,0.400004,-0.066631,0.015862
0.463898,0.090084,0.125054,0.648131,0.204256,0.117069,0.659035,-0.004569,0.123221,0.268760,0.184736,0.126888,0.279664,-0.024089,0.133040,0.566183,0.242526,0.015814,0.592509,-0.056243,0.032647,0.264613,0.226772,0.015590,0.401252,-0.066727,0.015766
0.477814,0.091016,0.123747,0.662117,0.205141,0.116753,0.672941,-0.003675,0.123326,0.282687,0.185708,0.124168,0.293510,-0.023109,0.130740,0.567733,0.242610,0.015962,0.623761,-0.054259,0.043860,0.290109,0.228208,0.015583,0.402601,-0.066604,0.015860
0.491875,0.092451,0.124203,0.676169,0.206663,0.118506,0.687055,-0.002108,0.126309,0.296694,0.187010,0.122097,0.307581,-0.021761,0.129901,0.569109,0.242792,0.015996,0.649856,-0.052323,0.053205,0.317793,0.229687,0.015986,0.404012,-0.066534,0.015975
0.506058,0.094062,0.125741,0.690370,0.208302,0.121333,0.701231,-0.000414,0.130510,0.310884,0.188539,0.120971,0.321745,-0.020177,0.130148,0.570421,0.242979,0.015879,0.674578,-0.050411,0.061042,0.344268,0.231362,0.019321,0.405544,-0.066396,0.015886
0.520447,0.095676,0.127824,0.704774,0.209932,0.124611,0.715579,0.001274,0.135083,0.325315,0.190079,0.120564,0.336120,-0.018579,0.131036,0.571752,0.243151,0.015800,0.699718,-0.048509,0.067471,0.371257,0.233172,0.023839,0.407141,-0.066262,0.015625
0.535004,0.097167,0.129966,0.719351,0.211417,0.127907,0.730063,0.002810,0.139448,0.339945,0.191525,0.120483,0.350656,-0.017082,0.132024,0.573019,0.243290,0.015978,0.724834,-0.046855,0.070455,0.403975,0.235255,0.027634,0.408777,-0.066107,0.015803
0.549728,0.098153,0.131446,0.734072,0.212424,0.130532,0.744731,0.003828,0.142315,0.354726,0.192477,0.120577,0.365385,-0.016118,0.132361,0.574281,0.243372,0.016029,0.748663,-0.045876,0.065796,0.447635,0.237768,0.031381,0.410499,-0.065974,0.015889
0.564407,0.098494,0.131228,0.748623,0.212972,0.130605,0.759521,0.004348,0.141634,0.369293,0.192639,0.120821,0.380192,-0.015985,0.131850,0.575471,0.243442,0.015964,0.767522,-0.045825,0.046766,0.496617,0.240508,0.038387,0.412235,-0.066008,0.016054
0.578751,0.098416,0.128329,0.762452,0.213704,0.126408,0.774382,0.005038,0.135390,0.383119,0.191795,0.121269,0.395049,-0.016871,0.130250,0.586669,0.244464,0.015906,0.769180,-0.045983,0.015577,0.534347,0.242538,0.040675,0.414021,-0.066274,0.015928
0.592812,0.098687,0.124547,0.775968,0.214783,0.120475,0.788917,0.006213,0.130244,0.396706,0.191160,0.118850,0.409656,-0.017410,0.128619,0.636371,0.246807,0.015937,0.770334,-0.045889,0.015786,0.540752,0.240883,0.016210,0.415843,-0.067902,0.015693
0.607430,0.099589,0.121741,0.790587,0.215655,0.116907,0.803540,0.007097,0.126931,0.411319,0.192082,0.116552,0.424272,-0.016476,0.126575,0.692596,0.250526,0.020511,0.771971,-0.045787,0.015961,0.542070,0.240959,0.015991,0.417986,-0.067779,0.015819
0.621796,0.100276,0.121088,0.805005,0.216236,0.115703,0.817868,0.007657,0.125388,0.425724,0.192896,0.116789,0.438587,-0.015683,0.126474,0.742327,0.254167,0.034106,0.773637,-0.045732,0.016073,0.543444,0.241054,0.015839,0.423628,-0.067339,0.015599
0.636154,0.100794,0.121535,0.819412,0.216704,0.116770,0.832187,0.008088,0.125742,0.440121,0.193501,0.117327,0.452897,-0.015116,0.126299,0.778698,0.256859,0.048672,0.775356,-0.045694,0.015899,0.544898,0.241129,0.015825,0.437192,-0.066413,0.015669
0.650406,0.101063,0.122598,0.833708,0.216950,0.119165,0.846399,0.008282,0.127002,0.454412,0.193844,0.118194,0.467104,-0.014823,0.126031,0.805016,0.258526,0.059401,0.776987,-0.045684,0.015741,0.546421,0.241167,0.015976,0.456207,-0.065194,0.015741
0.664528,0.101138,0.123968,0.847884,0.216980,0.122452,0.860463,0.008257,0.128857,0.468593,0.194018,0.119078,0.481172,-0.014705,0.125483,0.825974,0.259502,0.066688,0.778463,-0.045707,0.015824,0.548058,0.241195,0.015911,0.478146,-0.063800,0.016041
0.678596,0.101138,0.125505,0.861986,0.216937,0.125938,0.874477,0.008168,0.130853,0.482716,0.194108,0.120158,0.495207,-0.014661,0.125073,0.844326,0.260142,0.071494,0.779862,-0.045742,0.015944,0.549777,0.241203,0.015621,0.499667,-0.062427,0.019335
0.692673,0.101167,0.127238,0.876085,0.216914,0.129148,0.888512,0.008113,0.132642,0.496834,0.194221,0.121834,0.509260,-0.014580,0.125328,0.861617,0.260664,0.073797,0.781232,-0.045761,0.015952,0.551512,0.241239,0.015817,0.521252,-0.061105,0.023613
0.706810,0.101388,0.129133,0.890240,0.217086,0.132029,0.902620,0.008267,0.134459,0.511000,0.194508,0.123807,0.523380,-0.014311,0.126237,0.878288,0.261207,0.071510,0.782519,-0.045766,0.015810,0.553223,0.241289,0.015974,0.546167,-0.059658,0.026167
0.721184,0.102060,0.131043,0.904634,0.217712,0.134453,0.916963,0.008887,0.136554,0.525405,0.195234,0.125532,0.537733,-0.013592,0.127633,0.894413,0.261913,0.062128,0.783825,-0.045719,0.015874,0.555002,0.241410,0.015930,0.579025,-0.057709,0.025907
0.736076,0.103492,0.132767,0.919549,0.219123,0.135675,0.931840,0.010305,0.138602,0.540313,0.196679,0.126931,0.552604,-0.012139,0.129858,0.908091,0.262708,0.044780,0.785135,-0.045582,0.015963,0.556906,0.241632,0.015868,0.623246,-0.054967,0.026258
0.751526,0.105808,0.133757,0.935123,0.221278,0.133873,0.947242,0.012496,0.139144,0.555809,0.199120,0.128370,0.567929,-0.009662,0.133641,0.911987,0.262579,0.019154,0.786441,-0.045489,0.015975,0.558809,0.241992,0.015744,0.676520,-0.051459,0.032274
0.766685,0.107928,0.133972,0.950462,0.223063,0.130602,0.962300,0.014308,0.137374,0.571071,0.201548,0.130571,0.582909,-0.007207,0.137342,0.913813,0.262812,0.015925,0.789384,-0.044984,0.015906,0.560799,0.242790,0.015830,0.721669,-0.047980,0.041936
0.780945,0.109079,0.133273,0.965310,0.223218,0.128505,0.976066,0.014385,0.134630,0.585824,0.203773,0.131915,0.596579,-0.005060,0.138040,0.915463,0.262883,0.016056,0.829213,-0.042188,0.015982,0.569585,0.245059,0.015726,0.744988,-0.045843,0.039276
0.794815,0.109719,0.130603,0.979913,0.222660,0.125657,0.989304,0.013723,0.130340,0.600327,0.205716,0.130866,0.609717,-0.003221,0.135548,0.917230,0.262889,0.015881,0.881016,-0.039075,0.022213,0.586724,0.248031,0.015709,0.748974,-0.045058,0.020028
0.808594,0.110296,0.127268,0.993726,0.223154,0.121751,1.003041,0.014218,0.126607,0.614146,0.206374,0.127930,0.623462,-0.002562,0.132785,0.918842,0.262860,0.015796,0.929110,-0.036790,0.031777,0.607313,0.248968,0.015657,0.750409,-0.045129,0.015768
0.822395,0.111428,0.125556,1.007629,0.224117,0.119992,1.016767,0.015194,0.125676,0.628024,0.207662,0.125437,0.637162,-0.001261,0.131120,0.920448,0.262980,0.015820,0.963695,-0.034890,0.042881,0.631060,0.250316,0.015550,0.751692,-0.044898,0.015827
0.836327,0.112836,0.125455,1.021569,0.225553,0.120853,1.030717,0.016673,0.127931,0.641936,0.208998,0.122980,0.651084,0.000118,0.130057,0.921871,0.263153,0.015990,0.988554,-0.033302,0.050940,0.657756,0.251580,0.015805,0.753002,-0.044804,0.015952
0.850319,0.114412,0.126496,1.035590,0.227125,0.123118,1.044680,0.018301,0.131740,0.655958,0.210523,0.121253,0.665048,0.001698,0.129875,0.923210,0.263342,0.015979,1.011840,-0.031706,0.057966,0.685426,0.253003,0.016278,0.754489,-0.044643,0.015953
0.864449,0.116000,0.128152,1.049745,0.228702,0.125950,1.058745,0.019941,0.136071,0.670152,0.212060,0.120233,0.679152,0.003298,0.130354,0.924501,0.263508,0.015801,1.036044,-0.030045,0.064660,0.711529,0.254521,0.019822,0.756062,-0.044486,0.015784
0.878761,0.117527,0.130066,1.064061,0.230239,0.128968,1.072980,0.021545,0.140447,0.684543,0.213510,0.119684,0.693461,0.004816,0.131163,0.925768,0.263667,0.015836,1.061229,-0.028392,0.070009,0.739729,0.256178,0.024221,0.757679,-0.044351,0.015707
0.893242,0.118779,0.131747,1.078563,0.231461,0.131766,1.087349,0.022814,0.144167,0.699135,0.214744,0.119327,0.707921,0.006097,0.131728,0.927031,0.263771,0.016015,1.085991,-0.027173,0.070829,0.776299,0.258132,0.027937,0.759290,-0.044201,0.015794
0.907806,0.119405,0.132380,1.093089,0.232147,0.133235,1.101890,0.023497,0.145587,0.713723,0.215313,0.119174,0.722523,0.006664,0.131526,0.928263,0.263826,0.016026,1.108237,-0.026787,0.061439,0.822758,0.260385,0.033076,0.760943,-0.044128,0.015951
0.922234,0.119500,0.130824,1.107277,0.232637,0.131155,1.116597,0.023945,0.142370,0.727870,0.215054,0.119279,0.737190,0.006363,0.130494,0.929912,0.264083,0.015917,1.121547,-0.027159,0.035094,0.866793,0.262556,0.039945,0.762726,-0.044207,0.016062
0.936111,0.119389,0.127016,1.120695,0.233257,0.125035,1.130994,0.024573,0.135492,0.741229,0.214205,0.118540,0.751528,0.005520,0.128997,0.952139,0.265036,0.015962,1.120144,-0.027521,0.015825,0.895371,0.263099,0.033233,0.764733,-0.045059,0.015867
0.950127,0.120260,0.123272,1.134386,0.234614,0.119697,1.145305,0.026033,0.131502,0.754948,0.214487,0.115042,0.765867,0.005906,0.126846,1.003151,0.267548,0.017546,1.121592,-0.027335,0.015918,0.896020,0.261854,0.016033,0.767104,-0.045899,0.015794
0.964607,0.121408,0.121514,1.148874,0.235711,0.116866,1.159795,0.027180,0.129527,0.769420,0.215635,0.113502,0.780340,0.007105,0.126162,1.058330,0.270968,0.024681,1.123200,-0.027220,0.016081,0.897227,0.262004,0.015995,0.769073,-0.045786,0.015732
0.979004,0.122075,0.121509,1.163316,0.236292,0.116554,1.174162,0.027745,0.129004,0.783846,0.216406,0.114014,0.794691,0.007858,0.126464,1.104642,0.274120,0.037604,1.124860,-0.027153,0.016083,0.898620,0.262105,0.015826,0.777818,-0.045225,0.015683
0.993385,0.122325,0.122362,1.177730,0.236521,0.118202,1.188512,0.027915,0.129686,0.798259,0.216735,0.115039,0.809040,0.008129,0.126522,1.138408,0.276312,0.049977,1.126514,-0.027136,0.015837,0.900132,0.262122,0.015909,0.794301,-0.044315,0.015659
1.007706,0.122289,0.123588,1.192104,0.236445,0.120968,1.202770,0.027759,0.131022,0.812642,0.216819,0.116154,0.823308,0.008133,0.126209,1.163603,0.277561,0.058921,1.128113,-0.027172,0.015755,0.901777,0.262111,0.016002,0.814965,-0.043177,0.015747
1.021858,0.122091,0.124994,1.206327,0.236161,0.124250,1.216833,0.027393,0.132633,0.826884,0.216790,0.117355,0.837389,0.008022,0.125738,1.184313,0.278224,0.065143,1.129561,-0.027231,0.015890,0.903435,0.262112,0.015902,0.836310,-0.041894,0.018227
1.035942,0.121870,0.126566,1.220469,0.235844,0.127462,1.230838,0.027010,0.134204,0.841046,0.216730,0.118929,0.851415,0.007896,0.125671,1.202890,0.278620,0.069204,1.130912,-0.027297,0.015990,0.905195,0.262109,0.015605,0.857208,-0.040662,0.022959
1.050064,0.121757,0.128351,1.234626,0.235659,0.130409,1.244913,0.026780,0.135729,0.855215,0.216734,0.120973,0.865502,0.007855,0.126294,1.220482,0.278947,0.070111,1.132281,-0.027338,0.015945,0.906898,0.262122,0.015886,0.879598,-0.039495,0.027203
1.064301,0.121963,0.130300,1.248890,0.235805,0.133064,1.259115,0.026902,0.137510,0.869486,0.217023,0.123091,0.879711,0.008120,0.127537,1.237357,0.279312,0.065265,1.133597,-0.027346,0.015777,0.908612,0.262172,0.015948,0.907189,-0.038155,0.028613
1.078911,0.122754,0.132221,1.263541,0.236528,0.135114,1.273685,0.027622,0.139593,0.884137,0.217885,0.124848,0.894281,0.008979,0.129327,1.253322,0.279779,0.052681,1.134932,-0.027281,0.015901,0.910494,0.262345,0.015964,0.944562,-0.036270,0.027776
1.094116,0.124416,0.133798,1.278816,0.238103,0.135349,1.288859,0.029227,0.141234,0.899373,0.219606,0.126363,0.909416,0.010730,0.132248,1.264472,0.280041,0.032688,1.136206,-0.027163,0.015964,0.912399,0.262638,0.015806,0.993204,-0.033646,0.029903
1.109619,0.126689,0.134402,1.294414,0.240208,0.132089,1.304367,0.031414,0.140498,0.914871,0.221964,0.128306,0.924824,0.013170,0.136714,1.264179,0.279626,0.015896,1.137526,-0.027091,0.015982,0.914254,0.262943,0.015813,1.045966,-0.030545,0.038583
1.124557,0.128280,0.134545,1.309775,0.241021,0.129529,1.318973,0.032219,0.138558,0.930142,0.224341,0.130532,0.939340,0.015539,0.139561,1.265920,0.279720,0.016076,1.155758,-0.025808,0.015981,0.918208,0.264389,0.015753,1.083094,-0.027804,0.043838
1.138824,0.129074,0.133350,1.324668,0.240735,0.127424,1.332688,0.031844,0.135468,0.944961,0.226303,0.131231,0.952981,0.017412,0.139275,1.267683,0.279774,0.015991,1.198645,-0.023324,0.018490,0.929661,0.266783,0.015681,1.098585,-0.026565,0.034110
1.152863,0.129191,0.130102,1.339295,0.239889,0.124623,1.346201,0.030903,0.131104,0.959525,0.227480,0.129100,0.966430,0.018494,0.135581,1.269461,0.279702,0.015748,1.248339,-0.021108,0.025282,0.948807,0.269105,0.015671,1.100627,-0.026281,0.015868
1.166893,0.129147,0.126721,1.353185,0.240112,0.121891,1.360363,0.031119,0.127824,0.973423,0.227174,0.125617,0.980601,0.018181,0.131550,1.271071,0.279775,0.015811,1.289564,-0.019433,0.035353,0.971066,0.269464,0.015573,1.101891,-0.026435,0.015759
1.180847,0.129827,0.125289,1.367211,0.240704,0.121283,1.374265,0.031719,0.127610,0.987429,0.227935,0.122967,0.994483,0.018950,0.129294,1.272616,0.279819,0.015951,1.321763,-0.018009,0.046390,0.996838,0.270499,0.015604,1.103239,-0.026310,0.015857
1.194954,0.130996,0.125623,1.381279,0.241973,0.122724,1.388402,0.033030,0.130253,1.001505,0.228962,0.120993,1.008629,0.020019,0.128523,1.273991,0.279975,0.015997,1.348551,-0.016528,0.055514,1.024750,0.271477,0.015994,1.104686,-0.026268,0.015969
1.209129,0.132344,0.127069,1.395448,0.243354,0.125251,1.402547,0.034463,0.134138,1.015711,0.230224,0.120001,1.022811,0.021334,0.128887,1.275281,0.280133,0.015855,1.373803,-0.015055,0.063062,1.050974,0.272675,0.019750,1.106200,-0.026156,0.015897
1.223503,0.133687,0.129106,1.409818,0.244714,0.128273,1.416863,0.035880,0.138437,1.030143,0.231493,0.119775,1.037188,0.022659,0.129939,1.276596,0.280276,0.015807,1.399361,-0.013620,0.068992,1.077608,0.273990,0.024575,1.107813,-0.026051,0.015648
1.238091,0.134866,0.131211,1.424410,0.245890,0.131403,1.431365,0.037102,0.142545,1.044816,0.232630,0.119877,1.051771,0.023843,0.131020,1.277862,0.280387,0.015971,1.424911,-0.012448,0.071432,1.110116,0.275468,0.028493,1.109466,-0.025925,0.015787
1.252815,0.135513,0.132613,1.439126,0.246544,0.133845,1.446023,0.037763,0.145132,1.059607,0.233263,0.120095,1.066504,0.024482,0.131382,1.279148,0.280431,0.016027,1.449037,-0.011940,0.066307,1.153681,0.277163,0.032251,1.111137,-0.025829,0.015890
1.267502,0.135519,0.132264,1.453684,0.246763,0.133697,1.460842,0.037945,0.144102,1.074162,0.233092,0.120427,1.081320,0.024274,0.130832,1.280368,0.280489,0.015961,1.467965,-0.012185,0.046937,1.202209,0.278962,0.039094,1.112932,-0.025894,0.016061
1.281853,0.135106,0.129199,1.467537,0.247188,0.129189,1.475771,0.038315,0.137475,1.087935,0.231896,0.120924,1.096169,0.023023,0.129210,1.292656,0.281321,0.015906,1.469221,-0.012297,0.015658,1.239506,0.280214,0.040793,1.114780,-0.026259,0.015928
1.295914,0.135108,0.125279,1.481099,0.247991,0.123049,1.490323,0.039187,0.132003,1.101504,0.231030,0.118555,1.110728,0.022226,0.127510,1.343210,0.282867,0.016513,1.470371,-0.012214,0.015806,1.245570,0.278533,0.016024,1.116719,-0.027841,0.015700
1.310631,0.135852,0.122383,1.495818,0.248709,0.119203,1.505054,0.039923,0.128564,1.116207,0.231781,0.116202,1.125444,0.022995,0.125563,1.398422,0.285565,0.021609,1.472012,-0.012128,0.015958,1.246786,0.278604,0.015980,1.118789,-0.027759,0.015838
1.325073,0.136337,0.121681,1.510317,0.249080,0.117796,1.519461,0.040278,0.126905,1.130685,0.232395,0.116457,1.139830,0.023594,0.125565,1.447820,0.288273,0.035129,1.473652,-0.012098,0.016112,1.248151,0.278687,0.015818,1.124740,-0.027400,0.015612
1.339493,0.136602,0.122099,1.524776,0.249297,0.118773,1.533844,0.040463,0.127177,1.145141,0.232742,0.117021,1.154209,0.023908,0.125425,1.484404,0.290289,0.049564,1.475351,-0.012085,0.015896,1.249607,0.278736,0.015841,1.138698,-0.026713,0.015650
1.353813,0.136620,0.123125,1.539133,0.249285,0.121096,1.548123,0.040406,0.128377,1.159503,0.232834,0.117872,1.168493,0.023954,0.125153,1.511033,0.291476,0.060293,1.476993,-0.012101,0.015756,1.251181,0.278747,0.015974,1.157939,-0.025834,0.015753
1.368004,0.136452,0.124451,1.553374,0.249054,0.124274,1.562245,0.040125,0.130142,1.173762,0.232780,0.118760,1.182634,0.023850,0.124628,1.532224,0.292071,0.067536,1.478500,-0.012151,0.015831,1.252882,0.278759,0.015898,1.179911,-0.024816,0.016322
1.382103,0.136211,0.125956,1.567502,0.248752,0.127612,1.576284,0.039783,0.132009,1.187922,0.232639,0.119904,1.196704,0.023669,0.124301,1.550748,0.292382,0.072183,1.479872,-0.012211,0.015947,1.254595,0.278747,0.015643,1.201483,-0.023829,0.019791
1.396210,0.136008,0.127670,1.581624,0.248496,0.130682,1.590352,0.039500,0.133697,1.202068,0.232516,0.121642,1.210795,0.023519,0.124657,1.568177,0.292613,0.074120,1.481220,-0.012250,0.015947,1.256330,0.278750,0.015850,1.223408,-0.022900,0.024005
1.410446,0.136022,0.129546,1.595877,0.248456,0.133435,1.604558,0.039447,0.135471,1.216335,0.232597,0.123622,1.225016,0.023587,0.125658,1.584986,0.292888,0.071054,1.482614,-0.012276,0.015804,1.258101,0.278774,0.015979,1.249210,-0.021869,0.026195
1.424889,0.136528,0.131432,1.610330,0.248931,0.135694,1.618977,0.039918,0.137545,1.230800,0.233137,0.125319,1.239447,0.024124,0.127169,1.601070,0.293374,0.060669,1.483907,-0.012238,0.015882,1.259879,0.278862,0.015923,1.283419,-0.020445,0.025811
1.439857,0.137834,0.133111,1.625330,0.250212,0.136602,1.633929,0.041209,0.139504,1.245786,0.234459,0.126718,1.254385,0.025456,0.129619,1.614055,0.293934,0.042415,1.485207,-0.012118,0.015966,1.261757,0.279070,0.015840,1.328992,-0.018396,0.026732
1.455383,0.139982,0.133968,1.641040,0.252110,0.134213,1.649373,0.043146,0.139626,1.261394,0.236818,0.128311,1.269727,0.027854,0.133724,1.615885,0.293539,0.015742,1.486522,-0.012052,0.015976,1.263630,0.279493,0.015767,1.382170,-0.015754,0.033733
1.470413,0.141734,0.134116,1.656221,0.253559,0.130696,1.664320,0.044633,0.137701,1.276507,0.238834,0.130530,1.284605,0.029909,0.137535,1.617564,0.293724,0.015982,1.491629,-0.011654,0.015918,1.265846,0.280085,0.015826,1.424714,-0.013342,0.042920
1.484627,0.142521,0.133396,1.670956,0.253431,0.128781,1.678069,0.044447,0.135076,1.291185,0.240595,0.131717,1.298297,0.031611,0.138012,1.619153,0.293769,0.016052,1.535416,-0.009497,0.015816,1.275490,0.282063,0.015700,1.445117,-0.011888,0.038456
1.498451,0.142774,0.130875,1.685504,0.252461,0.126287,1.691231,0.043391,0.130924,1.305671,0.242157,0.130826,1.311398,0.033087,0.135463,1.620928,0.293721,0.015827,1.577374,-0.007622,0.022009,1.292375,0.284718,0.015716,1.449578,-0.011235,0.016932
1.512169,0.142970,0.127792,1.699252,0.252589,0.122808,1.704914,0.043518,0.127513,1.319424,0.242421,0.128072,1.325086,0.033350,0.132777,1.622498,0.293581,0.015814,1.625563,-0.006286,0.030748,1.312295,0.285177,0.015685,1.450933,-0.011353,0.015754
1.525864,0.143851,0.126312,1.713023,0.253336,0.121248,1.718547,0.044282,0.126789,1.333180,0.243420,0.125836,1.338704,0.034367,0.131377,1.624056,0.293674,0.015880,1.662386,-0.004919,0.042451,1.335817,0.286050,0.015600,1.452209,-0.011179,0.015833
1.539787,0.145024,0.126237,1.726959,0.254528,0.122126,1.732482,0.045515,0.129029,1.347092,0.244533,0.123445,1.352616,0.035520,0.130348,1.625461,0.293831,0.015983,1.688622,-0.003701,0.051342,1.363031,0.286891,0.015837,1.453562,-0.011081,0.015958
