0.001846,0.000137,0.359098,0.191451,0.105442,0.357631,0.192121,-0.103655,0.351112,-0.188428,0.103930,0.367084,-0.187758,-0.105167,0.360565,0.174679,0.156390,0.180269,0.181434,-0.143334,0.164176,-0.186815,0.154840,0.192832,-0.187657,-0.144761,0.172000
0.002533,0.000530,0.357339,0.191800,0.106406,0.354238,0.193025,-0.102671,0.347165,-0.187959,0.103732,0.367513,-0.186734,-0.105345,0.360440,0.149728,0.157381,0.184431,0.142897,-0.142120,0.160308,-0.190968,0.155572,0.178887,-0.196868,-0.144588,0.174433
0.002449,0.001026,0.351994,0.191215,0.107717,0.346921,0.193292,-0.101371,0.340383,-0.188394,0.103423,0.363606,-0.186317,-0.105664,0.357068,0.133732,0.157738,0.183237,0.110270,-0.141928,0.156731,-0.195217,0.154858,0.170809,-0.205654,-0.145396,0.167259
0.001938,0.001518,0.343707,0.190328,0.108776,0.336914,0.193024,-0.100331,0.331291,-0.189148,0.103367,0.356123,-0.186452,-0.105740,0.350500,0.125346,0.157746,0.175613,0.085805,-0.142200,0.145963,-0.202681,0.153933,0.160113,-0.212496,-0.146234,0.152928
0.001137,0.002022,0.332503,0.189296,0.109592,0.324383,0.192360,-0.099535,0.319818,-0.190087,0.103579,0.345189,-0.187022,-0.105549,0.340623,0.119667,0.157664,0.158312,0.073489,-0.142531,0.126887,-0.211234,0.153124,0.144120,-0.218799,-0.146948,0.133012
0.000092,0.002495,0.318123,0.187999,0.110427,0.309029,0.191498,-0.098712,0.305398,-0.191315,0.103702,0.330848,-0.187815,-0.105438,0.327218,0.115062,0.157784,0.129658,0.073104,-0.142613,0.101261,-0.216927,0.152344,0.123033,-0.226078,-0.147712,0.106631
-0.001244,0.002956,0.300247,0.186182,0.111654,0.290380,0.190556,-0.097477,0.287317,-0.193043,0.103390,0.313177,-0.188670,-0.105742,0.310115,0.113127,0.158510,0.091065,0.076949,-0.142148,0.070889,-0.216866,0.151532,0.096334,-0.233284,-0.148651,0.071878
-0.003090,0.003334,0.278514,0.183609,0.113199,0.267810,0.189273,-0.095902,0.264735,-0.195453,0.102570,0.292292,-0.189788,-0.106531,0.289217,0.118841,0.160150,0.047882,0.075663,-0.141077,0.035249,-0.210096,0.151035,0.061738,-0.235580,-0.149455,0.031584
-0.004585,0.004845,0.254322,0.181755,0.114945,0.240311,0.187741,-0.094162,0.238528,-0.196911,0.103852,0.270117,-0.190926,-0.105255,0.268333,0.127723,0.160781,0.015950,0.068710,-0.141141,0.015830,-0.202302,0.151261,0.024666,-0.232862,-0.149773,0.015925
-0.003883,0.008450,0.238848,0.182235,0.118583,0.222365,0.188513,-0.090519,0.223677,-0.196279,0.107418,0.254018,-0.190002,-0.101684,0.255331,0.126864,0.161095,0.015878,0.068317,-0.140904,0.015771,-0.201167,0.151248,0.015892,-0.231695,-0.149911,0.015766
-0.001343,0.010685,0.231157,0.184856,0.120678,0.214643,0.191138,-0.088401,0.217960,-0.193824,0.109771,0.244354,-0.187541,-0.099308,0.247670,0.126766,0.161255,0.015804,0.068401,-0.140772,0.015784,-0.200378,0.151427,0.015921,-0.230996,-0.149767,0.015881
0.002174,0.012329,0.224425,0.188502,0.122213,0.208649,0.194757,-0.086837,0.213514,-0.190408,0.111496,0.235337,-0.184153,-0.097554,0.240202,0.126841,0.161361,0.015747,0.076083,-0.140439,0.017226,-0.206914,0.151565,0.023976,-0.230286,-0.149637,0.015921
0.006027,0.013844,0.216700,0.192450,0.123625,0.201345,0.198679,-0.085385,0.207733,-0.186624,0.113072,0.225666,-0.180396,-0.095938,0.232055,0.126977,0.161492,0.015744,0.087475,-0.140010,0.017315,-0.213761,0.151828,0.031783,-0.229482,-0.149499,0.015906
0.010124,0.015228,0.208428,0.196624,0.124885,0.193118,0.202805,-0.084074,0.201043,-0.182556,0.114530,0.215814,-0.176376,-0.094428,0.223739,0.127123,0.161605,0.015737,0.099822,-0.139642,0.015939,-0.215334,0.152279,0.036921,-0.228656,-0.149360,0.015869
0.014587,0.016369,0.200626,0.201138,0.125907,0.185083,0.207276,-0.082996,0.194386,-0.178101,0.115734,0.206867,-0.171963,-0.093169,0.216169,0.127357,0.161713,0.015748,0.108663,-0.139344,0.016172,-0.210399,0.152942,0.041650,-0.227887,-0.149250,0.015791
0.019234,0.017162,0.194149,0.205824,0.126611,0.178459,0.211928,-0.082244,0.188797,-0.173460,0.116569,0.199502,-0.167356,-0.092287,0.209840,0.127669,0.161800,0.015776,0.119481,-0.138929,0.017907,-0.199242,0.153790,0.046972,-0.227200,-0.149170,0.015691
0.024055,0.017437,0.189163,0.210677,0.126874,0.173768,0.216773,-0.081959,0.184543,-0.168662,0.116833,0.193784,-0.162566,-0.092000,0.204558,0.128062,0.161841,0.015775,0.137591,-0.138316,0.019488,-0.182502,0.154598,0.051118,-0.226556,-0.149139,0.015751
0.029137,0.017056,0.185494,0.215772,0.126560,0.170762,0.221885,-0.082294,0.181133,-0.163612,0.116405,0.189855,-0.157499,-0.092449,0.200227,0.128522,0.161835,0.015782,0.159640,-0.137605,0.020747,-0.160889,0.155101,0.050728,-0.225930,-0.149137,0.015779
0.034523,0.015911,0.182988,0.221143,0.125569,0.169233,0.227310,-0.083346,0.178253,-0.158264,0.115168,0.187724,-0.152097,-0.093746,0.196744,0.129001,0.161740,0.015883,0.182535,-0.137026,0.019685,-0.134058,0.155242,0.045220,-0.225374,-0.149233,0.015808
0.040337,0.014004,0.181317,0.226908,0.123863,0.168533,0.233143,-0.085138,0.175191,-0.152470,0.113146,0.187444,-0.146234,-0.095855,0.194101,0.129537,0.161589,0.015913,0.193722,-0.136878,0.016039,-0.101036,0.155391,0.037289,-0.224831,-0.149373,0.015788
0.045929,0.012466,0.180555,0.232504,0.122449,0.168937,0.238747,-0.086604,0.173683,-0.146889,0.111537,0.187427,-0.140646,-0.097516,0.192173,0.130001,0.161396,0.015941,0.194165,-0.136998,0.015988,-0.069122,0.155785,0.030771,-0.224432,-0.149505,0.015777
0.051155,0.012203,0.180035,0.237766,0.122216,0.169333,0.244002,-0.086846,0.173672,-0.141692,0.111252,0.186398,-0.135456,-0.097810,0.190737,0.130286,0.161307,0.015960,0.194651,-0.137072,0.015920,-0.048304,0.156062,0.019913,-0.223807,-0.149557,0.015785
0.055908,0.012646,0.179411,0.242546,0.122568,0.168250,0.248705,-0.086491,0.172879,-0.136888,0.111782,0.185944,-0.130730,-0.097276,0.190572,0.128073,0.161378,0.019251,0.195088,-0.137026,0.015889,-0.047917,0.156120,0.015939,-0.218582,-0.149216,0.015736
0.060371,0.012642,0.179691,0.246974,0.122634,0.168632,0.253200,-0.086426,0.173060,-0.132457,0.111710,0.186323,-0.126231,-0.097350,0.190751,0.133665,0.161644,0.022438,0.195531,-0.136954,0.015840,-0.047497,0.156112,0.015928,-0.204414,-0.148840,0.016955
0.064949,0.012062,0.180266,0.251594,0.122093,0.170370,0.257799,-0.086984,0.173954,-0.127901,0.111108,0.186578,-0.121696,-0.097969,0.190162,0.144271,0.161906,0.025740,0.195971,-0.137007,0.015771,-0.047105,0.156057,0.015884,-0.186225,-0.148280,0.019838
0.069740,0.011139,0.180547,0.256434,0.121215,0.172183,0.262613,-0.087881,0.174528,-0.123133,0.110159,0.186566,-0.116953,-0.098937,0.188910,0.153410,0.162033,0.028665,0.196448,-0.137089,0.015757,-0.046673,0.155976,0.015772,-0.169235,-0.147818,0.022752
0.074593,0.010128,0.180445,0.261341,0.120220,0.173668,0.267475,-0.088888,0.174673,-0.118290,0.109144,0.186216,-0.112156,-0.099964,0.187221,0.161260,0.162068,0.030861,0.196878,-0.137193,0.015803,-0.046236,0.155908,0.015692,-0.155263,-0.147480,0.024736
0.079460,0.009163,0.180043,0.266233,0.119294,0.174731,0.272368,-0.089816,0.174464,-0.113447,0.108142,0.185622,-0.107313,-0.100968,0.185355,0.168829,0.162087,0.032657,0.197330,-0.137284,0.015846,-0.045795,0.155813,0.015597,-0.144134,-0.147315,0.026476
0.084320,0.008324,0.179511,0.271111,0.118479,0.175499,0.277246,-0.090627,0.174089,-0.108606,0.107274,0.184934,-0.102471,-0.101831,0.183524,0.176709,0.162131,0.034425,0.197782,-0.137362,0.015925,-0.045332,0.155743,0.015666,-0.134898,-0.147208,0.028549
0.089088,0.007637,0.179035,0.275900,0.117792,0.176131,0.282023,-0.091305,0.173754,-0.103846,0.106579,0.184315,-0.097723,-0.102518,0.181938,0.185131,0.162194,0.036488,0.198213,-0.137437,0.015928,-0.044891,0.155694,0.015729,-0.126634,-0.147126,0.031445
0.093819,0.007164,0.178716,0.280636,0.117330,0.176715,0.286768,-0.091757,0.173604,-0.099131,0.106085,0.183828,-0.092999,-0.103002,0.180716,0.194023,0.162314,0.038917,0.198648,-0.137470,0.015919,-0.044447,0.155664,0.015801,-0.118581,-0.147057,0.034950
0.098541,0.006924,0.178573,0.285375,0.117071,0.177231,0.291490,-0.092009,0.173669,-0.094408,0.105857,0.183478,-0.088293,-0.103224,0.179915,0.203252,0.162456,0.041643,0.199102,-0.137499,0.015909,-0.044012,0.155663,0.015883,-0.110335,-0.146938,0.038683
0.103317,0.006920,0.178596,0.290166,0.117047,0.177721,0.296265,-0.092031,0.173991,-0.089630,0.105871,0.183201,-0.083532,-0.103207,0.179471,0.213358,0.162671,0.043879,0.199543,-0.137508,0.015870,-0.043552,0.155676,0.015927,-0.101594,-0.146759,0.042089
0.108162,0.007118,0.178722,0.295023,0.117226,0.178226,0.301109,-0.091853,0.174567,-0.084785,0.106090,0.182877,-0.078699,-0.102990,0.179218,0.226020,0.163030,0.044742,0.200009,-0.137494,0.015822,-0.043090,0.155700,0.015977,-0.091921,-0.146502,0.044972
0.113098,0.007454,0.178773,0.299971,0.117544,0.178626,0.306045,-0.091540,0.175197,-0.079849,0.106448,0.182348,-0.073774,-0.102636,0.178919,0.241686,0.163531,0.044186,0.200442,-0.137470,0.015880,-0.042634,0.155733,0.016000,-0.080781,-0.146155,0.047236
0.118202,0.007942,0.178605,0.305090,0.118005,0.178740,0.311144,-0.091085,0.175711,-0.074739,0.106969,0.181500,-0.068686,-0.102121,0.178470,0.260001,0.164154,0.042095,0.200890,-0.137435,0.015896,-0.042173,0.155784,0.015993,-0.067744,-0.145687,0.048713
0.123535,0.008595,0.178127,0.310451,0.118611,0.178379,0.316457,-0.090488,0.175950,-0.069387,0.107677,0.180303,-0.063380,-0.101422,0.177875,0.279386,0.164826,0.037607,0.201376,-0.137407,0.015886,-0.041685,0.155854,0.015973,-0.052433,-0.145081,0.048837
0.129128,0.009567,0.177217,0.316061,0.119554,0.177141,0.322035,-0.089555,0.175649,-0.063780,0.108690,0.178785,-0.057806,-0.100420,0.177293,0.297667,0.165555,0.028955,0.201876,-0.137318,0.015844,-0.041109,0.155969,0.015917,-0.034531,-0.144297,0.047319
0.135033,0.011002,0.175705,0.321994,0.120934,0.174511,0.327912,-0.088182,0.174587,-0.057847,0.110185,0.176823,-0.051929,-0.098931,0.176898,0.311641,0.166052,0.015443,0.202365,-0.137261,0.015809,-0.040455,0.156087,0.015872,-0.014415,-0.143385,0.045878
0.140724,0.012318,0.174341,0.327674,0.122255,0.172207,0.333611,-0.086855,0.173654,-0.052163,0.111491,0.175028,-0.046226,-0.097620,0.176475,0.312035,0.166198,0.015732,0.202969,-0.137126,0.015793,-0.039834,0.156209,0.015901,0.007495,-0.142479,0.044176
0.146042,0.012867,0.174147,0.332989,0.122813,0.172237,0.338937,-0.086293,0.174175,-0.046853,0.112027,0.174120,-0.040906,-0.097079,0.176058,0.312505,0.166252,0.015814,0.203464,-0.137084,0.015828,-0.039286,0.156246,0.015891,0.028395,-0.141833,0.040653
0.151131,0.012997,0.174484,0.338076,0.122955,0.173193,0.344031,-0.086152,0.175107,-0.041769,0.112145,0.173862,-0.035815,-0.096961,0.175776,0.312986,0.166271,0.015857,0.203928,-0.137069,0.015878,-0.038834,0.156253,0.015865,0.044276,-0.141424,0.036682
0.156090,0.012829,0.174926,0.343036,0.122792,0.174433,0.348989,-0.086318,0.175992,-0.036809,0.111975,0.173859,-0.030857,-0.097134,0.175419,0.313481,0.166238,0.015947,0.204386,-0.137097,0.015919,-0.038387,0.156222,0.015849,0.055179,-0.141230,0.031237
0.160881,0.012329,0.175089,0.347828,0.122292,0.175593,0.353776,-0.086822,0.176396,-0.032014,0.111480,0.173782,-0.026066,-0.097634,0.174585,0.313979,0.166185,0.015968,0.204802,-0.137144,0.015968,-0.037989,0.156172,0.015817,0.061622,-0.141189,0.023292
0.165421,0.011887,0.175185,0.352348,0.121870,0.176911,0.358321,-0.087245,0.177057,-0.027480,0.111018,0.173312,-0.021507,-0.098097,0.173458,0.314440,0.166144,0.015941,0.205262,-0.137197,0.015980,-0.037583,0.156088,0.015746,0.064342,-0.141223,0.015819
0.169662,0.011955,0.175629,0.356577,0.121953,0.177779,0.362567,-0.087161,0.177849,-0.023242,0.111071,0.173409,-0.017252,-0.098043,0.173478,0.314844,0.166173,0.015968,0.205739,-0.137176,0.015987,-0.037250,0.156086,0.015765,0.064740,-0.141215,0.015764
0.173698,0.011997,0.175568,0.360585,0.122043,0.177720,0.366629,-0.087070,0.177745,-0.019232,0.111065,0.173390,-0.013188,-0.098048,0.173415,0.315243,0.166181,0.015956,0.212522,-0.137013,0.015986,-0.035755,0.156037,0.015716,0.065143,-0.141273,0.015700
0.177666,0.012623,0.175418,0.364549,0.122676,0.177466,0.370594,-0.086436,0.178091,-0.015263,0.111682,0.172744,-0.009218,-0.097430,0.173370,0.315575,0.166246,0.015937,0.226793,-0.136544,0.016907,-0.030390,0.156246,0.016353,0.065518,-0.141210,0.015643
0.181763,0.013866,0.175299,0.368626,0.123959,0.176935,0.374701,-0.085143,0.178944,-0.011175,0.112876,0.171654,-0.005101,-0.096226,0.173662,0.315938,0.166353,0.015873,0.244544,-0.135925,0.019677,-0.023011,0.156538,0.019169,0.065912,-0.141153,0.015618
0.185997,0.015518,0.175241,0.372868,0.125605,0.176305,0.378917,-0.083473,0.180120,-0.006923,0.114509,0.170362,-0.000874,-0.094569,0.174178,0.316324,0.166517,0.015855,0.261511,-0.135198,0.023821,-0.014723,0.157054,0.022082,0.066309,-0.140995,0.015633
0.190231,0.017391,0.175333,0.377120,0.127453,0.175676,0.383123,-0.081578,0.181574,-0.002661,0.116360,0.169092,0.003342,-0.092670,0.174991,0.316726,0.166694,0.015826,0.275891,-0.134462,0.028558,-0.006678,0.157655,0.024621,0.066703,-0.140833,0.015674
0.194443,0.019394,0.175664,0.381361,0.129405,0.175160,0.387297,-0.079554,0.183274,0.001589,0.118342,0.168054,0.007524,-0.090617,0.176169,0.317093,0.166893,0.015789,0.287590,-0.133712,0.033312,0.000702,0.158333,0.026770,0.067022,-0.140661,0.015693
0.198578,0.021416,0.176274,0.385534,0.131354,0.174873,0.391387,-0.077508,0.185224,0.005769,0.120339,0.167324,0.011621,-0.088523,0.177675,0.317510,0.167085,0.015741,0.296871,-0.132987,0.037776,0.007505,0.159026,0.028386,0.067366,-0.140509,0.015744
0.202560,0.023388,0.177124,0.389578,0.133208,0.174855,0.395303,-0.075540,0.187358,0.009818,0.122316,0.166889,0.015543,-0.086432,0.179392,0.317891,0.167256,0.015673,0.304012,-0.132315,0.041722,0.013890,0.159740,0.029385,0.067664,-0.140352,0.015750
0.206390,0.025253,0.178127,0.393464,0.134958,0.175071,0.399071,-0.073664,0.189567,0.013710,0.124170,0.166686,0.019316,-0.084451,0.181183,0.318242,0.167435,0.015658,0.309652,-0.131677,0.045161,0.019934,0.160416,0.030001,0.067947,-0.140216,0.015750
0.210091,0.026970,0.179221,0.397240,0.136525,0.175494,0.402689,-0.071967,0.191804,0.017492,0.125907,0.166637,0.022941,-0.082585,0.182948,0.318601,0.167570,0.015663,0.314458,-0.131107,0.048259,0.025729,0.161086,0.030622,0.068180,-0.140088,0.015731
0.213669,0.028503,0.180355,0.400868,0.137953,0.176088,0.406208,-0.070411,0.193987,0.021130,0.127418,0.166722,0.026469,-0.080946,0.184621,0.318977,0.167711,0.015716,0.318810,-0.130560,0.051067,0.031281,0.161683,0.031359,0.068453,-0.140011,0.015730
0.217171,0.029797,0.181534,0.404442,0.139111,0.176950,0.409626,-0.069141,0.196149,0.024716,0.128734,0.166920,0.029900,-0.079518,0.186119,0.319310,0.167794,0.015818,0.322937,-0.130091,0.053679,0.036650,0.162276,0.032282,0.068679,-0.139918,0.015734
0.220573,0.030876,0.182729,0.407884,0.140119,0.178034,0.412969,-0.068041,0.198233,0.028178,0.129794,0.167226,0.033263,-0.078367,0.187425,0.319631,0.167904,0.015872,0.327141,-0.129602,0.056154,0.041968,0.162832,0.033504,0.068910,-0.139828,0.015783
0.223969,0.031727,0.183899,0.411302,0.140930,0.179225,0.416316,-0.067155,0.200205,0.031621,0.130609,0.167594,0.036635,-0.077476,0.188574,0.319949,0.167958,0.015930,0.331594,-0.129171,0.058564,0.047575,0.163306,0.034884,0.069137,-0.139804,0.015827
0.227432,0.032368,0.185029,0.414783,0.141549,0.180519,0.419737,-0.066486,0.202004,0.035128,0.131221,0.168053,0.040082,-0.076814,0.189538,0.320283,0.168012,0.015993,0.336316,-0.128756,0.060840,0.053575,0.163761,0.036324,0.069370,-0.139757,0.015868
0.230927,0.032787,0.186051,0.418282,0.141970,0.181782,0.423200,-0.066037,0.203545,0.038654,0.131612,0.168558,0.043571,-0.076395,0.190321,0.320580,0.168028,0.016024,0.341329,-0.128391,0.062970,0.060126,0.164147,0.037782,0.069613,-0.139738,0.015910
0.234581,0.032948,0.187002,0.421919,0.142174,0.183101,0.426843,-0.065832,0.204866,0.042319,0.131727,0.169139,0.047243,-0.076279,0.190904,0.320911,0.168015,0.016055,0.346913,-0.128065,0.065051,0.067353,0.164444,0.039290,0.069871,-0.139762,0.015939
0.238434,0.032867,0.187941,0.425738,0.142169,0.184536,0.430700,-0.065868,0.206002,0.046168,0.131603,0.169879,0.051130,-0.076434,0.191345,0.321241,0.167998,0.016070,0.353019,-0.127765,0.067024,0.075408,0.164703,0.040970,0.070172,-0.139777,0.015991
0.242493,0.032516,0.188951,0.429738,0.141937,0.186186,0.434786,-0.066159,0.207045,0.050199,0.131192,0.170856,0.055248,-0.076904,0.191715,0.321593,0.167953,0.016069,0.360417,-0.127567,0.068252,0.084529,0.164866,0.042652,0.070465,-0.139837,0.016018
0.246819,0.031887,0.190059,0.433980,0.141468,0.188160,0.439157,-0.066718,0.208063,0.054480,0.130493,0.172055,0.059657,-0.077694,0.191959,0.321990,0.167900,0.016051,0.370243,-0.127450,0.068461,0.095277,0.164951,0.044161,0.070815,-0.139905,0.016054
0.251465,0.030972,0.191205,0.438522,0.140745,0.190388,0.443861,-0.067556,0.209009,0.059068,0.129499,0.173400,0.064408,-0.078802,0.192021,0.322404,0.167828,0.016028,0.382387,-0.127409,0.067713,0.108376,0.164963,0.045354,0.071204,-0.140009,0.016002
0.256470,0.029716,0.192203,0.443417,0.139678,0.192679,0.448925,-0.068760,0.209650,0.064014,0.128193,0.174755,0.069522,-0.080245,0.191727,0.322876,0.167722,0.015989,0.396175,-0.127500,0.065591,0.124736,0.164933,0.046035,0.071671,-0.140111,0.016012
0.261894,0.028107,0.192928,0.448703,0.138290,0.194776,0.454446,-0.070297,0.209716,0.069343,0.126511,0.176140,0.075086,-0.082076,0.191081,0.323346,0.167611,0.015916,0.410591,-0.127748,0.060890,0.143729,0.164762,0.045186,0.072167,-0.140282,0.015984
0.267761,0.025982,0.193215,0.454472,0.136299,0.196468,0.460395,-0.072451,0.208844,0.075127,0.124415,0.177587,0.081051,-0.084335,0.189963,0.323908,0.167432,0.015818,0.424566,-0.128305,0.052150,0.159909,0.164283,0.041208,0.072745,-0.140434,0.015974
0.273987,0.023621,0.192173,0.460631,0.134013,0.196481,0.466719,-0.074877,0.206099,0.081255,0.122118,0.178247,0.087343,-0.086772,0.187865,0.324454,0.167242,0.015758,0.435514,-0.129083,0.037138,0.176898,0.163916,0.036924,0.073392,-0.140614,0.015886
0.280586,0.021141,0.189441,0.467237,0.131522,0.193762,0.473440,-0.077475,0.200555,0.087733,0.119758,0.178327,0.093936,-0.089240,0.185120,0.325069,0.167015,0.015858,0.438552,-0.130034,0.015036,0.194196,0.163662,0.032185,0.074089,-0.140827,0.015765
0.287048,0.019554,0.185918,0.473741,0.129867,0.190176,0.479939,-0.079182,0.195159,0.094157,0.118290,0.176677,0.100356,-0.090758,0.181660,0.325639,0.166804,0.015910,0.438858,-0.130155,0.015928,0.209580,0.163614,0.026440,0.074822,-0.140953,0.015764
0.292976,0.019646,0.182503,0.479682,0.129941,0.186657,0.485862,-0.079108,0.191668,0.100090,0.118399,0.173339,0.106271,-0.090650,0.178350,0.332492,0.166980,0.015910,0.439275,-0.130181,0.015892,0.218575,0.163609,0.015791,0.075467,-0.140939,0.015828
0.298515,0.020130,0.179245,0.485253,0.130397,0.182657,0.491406,-0.078642,0.188102,0.105625,0.118902,0.170388,0.111778,-0.090137,0.175833,0.344104,0.167428,0.017607,0.439659,-0.130136,0.015858,0.219074,0.163702,0.015843,0.076069,-0.140840,0.015848
0.303711,0.019913,0.177257,0.490472,0.130145,0.180465,0.496604,-0.078903,0.185549,0.110818,0.118729,0.168965,0.116950,-0.090320,0.174048,0.360904,0.167869,0.017701,0.440055,-0.130173,0.015811,0.219569,0.163679,0.015874,0.078892,-0.140767,0.015818
0.308716,0.019173,0.176219,0.495507,0.129341,0.179839,0.501590,-0.079731,0.183894,0.115842,0.118076,0.168544,0.121925,-0.090996,0.172600,0.376294,0.168247,0.019814,0.440491,-0.130248,0.015749,0.220057,0.163625,0.015890,0.084058,-0.140617,0.015838
0.313507,0.018135,0.175859,0.500321,0.128237,0.180241,0.506359,-0.080859,0.182898,0.120655,0.117129,0.168821,0.126693,-0.091967,0.171477,0.387662,0.168451,0.022388,0.440904,-0.130346,0.015753,0.220506,0.163542,0.015884,0.089461,-0.140491,0.015860
0.318123,0.017006,0.175944,0.504958,0.127033,0.181237,0.510949,-0.082078,0.182399,0.125297,0.116090,0.169489,0.131288,-0.093021,0.170652,0.396070,0.168513,0.024818,0.441306,-0.130469,0.015809,0.220953,0.163446,0.015873,0.094172,-0.140414,0.015880
0.322571,0.015907,0.176298,0.509402,0.125890,0.182556,0.515388,-0.083224,0.182254,0.129753,0.115039,0.170342,0.135740,-0.094075,0.170041,0.402950,0.168535,0.027130,0.441677,-0.130563,0.015849,0.221341,0.163352,0.015906,0.098274,-0.140395,0.015899
0.326843,0.014896,0.176793,0.513676,0.124813,0.184067,0.519640,-0.084296,0.182422,0.134047,0.114089,0.171165,0.140010,-0.095020,0.169519,0.409388,0.168525,0.029459,0.442100,-0.130666,0.015873,0.221774,0.163282,0.015870,0.102367,-0.140355,0.015914
0.330933,0.013958,0.177331,0.517737,0.123846,0.185703,0.523726,-0.085248,0.182809,0.138139,0.113164,0.171854,0.144129,-0.095930,0.168959,0.415915,0.168531,0.031947,0.442461,-0.130739,0.015947,0.222148,0.163204,0.015830,0.107012,-0.140347,0.015927
0.334930,0.013046,0.177838,0.521704,0.122890,0.187394,0.527711,-0.086184,0.183319,0.142150,0.112277,0.172356,0.148157,-0.096797,0.168281,0.422881,0.168504,0.034646,0.442824,-0.130839,0.015954,0.222511,0.163115,0.015763,0.112594,-0.140328,0.015945
0.338882,0.012211,0.178266,0.525608,0.122023,0.189040,0.531658,-0.087025,0.183853,0.146107,0.111446,0.172680,0.152157,-0.097602,0.167492,0.430156,0.168505,0.037473,0.443190,-0.130901,0.015950,0.222893,0.163047,0.015695,0.118765,-0.140300,0.016319
0.342781,0.011417,0.178611,0.529465,0.121176,0.190584,0.535539,-0.087842,0.184346,0.150023,0.110677,0.172876,0.156097,-0.098342,0.166638,0.437618,0.168479,0.040378,0.443551,-0.130979,0.015929,0.223266,0.162988,0.015630,0.125240,-0.140274,0.017398
0.346672,0.010715,0.178907,0.533301,0.120443,0.191970,0.539427,-0.088544,0.184778,0.153918,0.109975,0.173036,0.160043,-0.099012,0.165845,0.445232,0.168472,0.043359,0.443905,-0.131028,0.015879,0.223645,0.162931,0.015640,0.131881,-0.140291,0.019303
0.350571,0.010128,0.179203,0.537161,0.119805,0.193203,0.543311,-0.089151,0.185198,0.157830,0.109407,0.173207,0.163980,-0.099549,0.165203,0.452893,0.168454,0.046360,0.444254,-0.131082,0.015855,0.224007,0.162892,0.015691,0.138762,-0.140299,0.021736
0.354401,0.009644,0.179550,0.540951,0.119288,0.194332,0.547135,-0.089641,0.185657,0.161667,0.108928,0.173442,0.167851,-0.100000,0.164768,0.461157,0.168470,0.048979,0.444576,-0.131134,0.015815,0.224343,0.162840,0.015747,0.145897,-0.140340,0.024598
0.358284,0.009239,0.179995,0.544812,0.118828,0.195454,0.551000,-0.090075,0.186179,0.165568,0.108554,0.173812,0.171756,-0.100349,0.164537,0.471538,0.168600,0.050650,0.444953,-0.131166,0.015777,0.224726,0.162835,0.015824,0.153571,-0.140324,0.027632
0.362152,0.008881,0.180480,0.548647,0.118441,0.196517,0.554865,-0.090437,0.186722,0.169439,0.108198,0.174239,0.175657,-0.100680,0.164443,0.484609,0.168860,0.051405,0.445283,-0.131199,0.015717,0.225076,0.162800,0.015888,0.161952,-0.140341,0.030799
0.366158,0.008598,0.180896,0.552644,0.118096,0.197462,0.558846,-0.090762,0.187226,0.173469,0.107958,0.174566,0.179671,-0.100899,0.164331,0.500551,0.169231,0.051419,0.445647,-0.131243,0.015741,0.225428,0.162800,0.015940,0.171421,-0.140271,0.033792
0.370308,0.008442,0.181170,0.556764,0.117909,0.198262,0.562982,-0.090932,0.187705,0.177634,0.107816,0.174635,0.183851,-0.101025,0.164079,0.518904,0.169756,0.050953,0.446013,-0.131249,0.015714,0.225803,0.162798,0.015978,0.182376,-0.140128,0.036106
0.374649,0.008446,0.181113,0.561097,0.117870,0.198565,0.567297,-0.090965,0.187871,0.182002,0.107856,0.174355,0.188201,-0.100978,0.163662,0.538345,0.170343,0.049773,0.446435,-0.131266,0.015714,0.226224,0.162807,0.016016,0.194937,-0.139830,0.037157
0.379211,0.008728,0.180589,0.565661,0.118144,0.198076,0.571845,-0.090697,0.187512,0.186577,0.108153,0.173665,0.192762,-0.100688,0.163101,0.557173,0.171071,0.046850,0.446816,-0.131242,0.015803,0.226645,0.162841,0.016039,0.209025,-0.139346,0.036796
0.384102,0.009453,0.179594,0.570606,0.118845,0.196648,0.576699,-0.090030,0.186707,0.191504,0.108935,0.172481,0.197598,-0.099939,0.162539,0.573662,0.171872,0.040802,0.447274,-0.131195,0.015864,0.227123,0.162940,0.016051,0.224401,-0.138652,0.035912
0.389320,0.010754,0.178121,0.575913,0.120160,0.194073,0.581886,-0.088776,0.185431,0.196755,0.110284,0.170812,0.202727,-0.098653,0.162169,0.585733,0.172729,0.030122,0.447694,-0.131108,0.015916,0.227667,0.163078,0.016008,0.240842,-0.137833,0.035553
0.394760,0.013195,0.177035,0.581528,0.122614,0.190693,0.587259,-0.086426,0.184846,0.202261,0.112816,0.169224,0.207992,-0.096224,0.163378,0.591612,0.173273,0.015570,0.448124,-0.131002,0.015958,0.228291,0.163302,0.015932,0.257695,-0.136804,0.036740
0.400146,0.015499,0.176263,0.586958,0.125088,0.187789,0.592690,-0.084007,0.184436,0.207603,0.115005,0.168089,0.213335,-0.094090,0.164737,0.591811,0.173450,0.015909,0.448600,-0.130728,0.015988,0.228837,0.163501,0.015851,0.277488,-0.135761,0.037308
0.405418,0.016594,0.175845,0.592236,0.126261,0.186493,0.597984,-0.082848,0.184271,0.212853,0.116036,0.167419,0.218601,-0.093073,0.165197,0.592148,0.173542,0.015864,0.449069,-0.130623,0.016001,0.229359,0.163570,0.015869,0.297066,-0.135008,0.035447
0.410728,0.016994,0.175752,0.597558,0.126676,0.186041,0.603303,-0.082436,0.184115,0.218154,0.116425,0.167390,0.223899,-0.092687,0.165464,0.592581,0.173576,0.015827,0.449583,-0.130580,0.015998,0.229889,0.163612,0.015871,0.310352,-0.134545,0.031250
0.415985,0.017014,0.175897,0.602816,0.126693,0.186192,0.608564,-0.082418,0.184140,0.223406,0.116445,0.167653,0.229155,-0.092666,0.165601,0.593032,0.173565,0.015775,0.450097,-0.130594,0.015994,0.230398,0.163596,0.015838,0.320089,-0.134265,0.025959
0.421051,0.016735,0.176053,0.607879,0.126398,0.186566,0.613635,-0.082707,0.184042,0.228467,0.116177,0.168065,0.234223,-0.092928,0.165541,0.593462,0.173534,0.015810,0.450529,-0.130638,0.015954,0.230801,0.163551,0.015801,0.325927,-0.134104,0.018892
0.425903,0.016464,0.176250,0.612740,0.126091,0.186989,0.618482,-0.083008,0.183981,0.233325,0.115937,0.168520,0.239067,-0.093163,0.165512,0.593890,0.173507,0.015831,0.450961,-0.130664,0.015932,0.231209,0.163548,0.015774,0.327923,-0.134041,0.015816
0.430389,0.016331,0.176506,0.617254,0.125956,0.186751,0.623000,-0.083139,0.183457,0.237779,0.115800,0.169555,0.243525,-0.093295,0.166261,0.594271,0.173490,0.015861,0.453744,-0.130623,0.015935,0.231575,0.163525,0.015743,0.328370,-0.134066,0.015761
0.434471,0.016548,0.176886,0.621363,0.126207,0.186248,0.627123,-0.082890,0.183087,0.241819,0.115986,0.170685,0.247580,-0.093111,0.167524,0.594598,0.173517,0.015920,0.462334,-0.130376,0.015985,0.232053,0.163531,0.015756,0.328757,-0.134052,0.015709
0.438507,0.017330,0.177172,0.625402,0.127044,0.185802,0.631180,-0.082063,0.183440,0.245834,0.116723,0.170904,0.251613,-0.092384,0.168542,0.594945,0.173591,0.015950,0.480552,-0.129814,0.016847,0.234812,0.163635,0.016291,0.329165,-0.133984,0.015656
0.442680,0.018715,0.177155,0.629562,0.128504,0.185084,0.635358,-0.080614,0.184240,0.250003,0.118044,0.170069,0.255799,-0.091074,0.169226,0.595267,0.173703,0.015925,0.498335,-0.129214,0.019175,0.240781,0.163878,0.015950,0.329572,-0.133877,0.015593
0.446938,0.020557,0.176850,0.633805,0.130426,0.183974,0.639608,-0.078691,0.185160,0.254267,0.119805,0.168540,0.260070,-0.089311,0.169726,0.595606,0.173881,0.015973,0.513422,-0.128585,0.022206,0.247448,0.164218,0.015750,0.329979,-0.133713,0.015651
0.451218,0.022610,0.176432,0.638092,0.132525,0.182579,0.643863,-0.076566,0.186081,0.258573,0.121786,0.166783,0.264343,-0.087305,0.170285,0.595920,0.174043,0.015949,0.525492,-0.128000,0.025298,0.253174,0.164582,0.015788,0.330357,-0.133547,0.015663
0.455406,0.024738,0.176111,0.642289,0.134694,0.181199,0.648027,-0.074344,0.187124,0.262786,0.123820,0.165097,0.268524,-0.085217,0.171022,0.596252,0.174231,0.015930,0.535561,-0.127414,0.028418,0.257951,0.164942,0.015813,0.330760,-0.133397,0.015698
0.459450,0.026920,0.175962,0.646372,0.136851,0.180021,0.652013,-0.072106,0.188388,0.266887,0.125947,0.163535,0.272527,-0.083010,0.171903,0.596583,0.174438,0.015910,0.544266,-0.126796,0.031595,0.262620,0.165420,0.015838,0.331112,-0.133184,0.015749
0.463356,0.029160,0.175994,0.650315,0.139060,0.179057,0.655857,-0.069782,0.189959,0.270855,0.128101,0.162029,0.276397,-0.080741,0.172932,0.596934,0.174654,0.015901,0.551753,-0.126171,0.034827,0.267474,0.165908,0.015847,0.331458,-0.133013,0.015756
0.467087,0.031387,0.176202,0.654106,0.141206,0.178362,0.659495,-0.067493,0.191782,0.274678,0.130268,0.160622,0.280067,-0.078432,0.174041,0.597272,0.174849,0.015874,0.558195,-0.125555,0.038028,0.272346,0.166459,0.015874,0.331753,-0.132834,0.015760
0.470642,0.033611,0.176567,0.657729,0.143328,0.177909,0.662944,-0.065202,0.193808,0.278341,0.132424,0.159325,0.283555,-0.076105,0.175224,0.597587,0.175064,0.015852,0.563741,-0.124915,0.041180,0.277130,0.167054,0.015886,0.331988,-0.132650,0.015745
0.474007,0.035786,0.177060,0.661176,0.145368,0.177678,0.666179,-0.062968,0.195998,0.281834,0.134540,0.158123,0.286837,-0.073797,0.176442,0.597915,0.175254,0.015811,0.568549,-0.124294,0.044253,0.281839,0.167673,0.015906,0.332243,-0.132478,0.015721
0.477257,0.037910,0.177655,0.664503,0.147363,0.177620,0.669298,-0.060758,0.198289,0.285215,0.136579,0.157020,0.290010,-0.071542,0.177689,0.598205,0.175447,0.015766,0.572753,-0.123672,0.047215,0.286399,0.168279,0.015918,0.332441,-0.132338,0.015702
0.480347,0.039955,0.178317,0.667690,0.149240,0.177742,0.672230,-0.058654,0.200633,0.288463,0.138564,0.156001,0.293003,-0.069330,0.178892,0.598513,0.175624,0.015708,0.576386,-0.123066,0.050028,0.290712,0.168927,0.015939,0.332653,-0.132168,0.015705
0.483253,0.041904,0.179041,0.670686,0.151034,0.178013,0.674981,-0.056625,0.202993,0.291526,0.140434,0.155088,0.295821,-0.067225,0.180069,0.598802,0.175806,0.015673,0.579484,-0.122472,0.052660,0.294696,0.169549,0.015946,0.332849,-0.132009,0.015782
0.485992,0.043701,0.179818,0.673502,0.152695,0.178453,0.677566,-0.054727,0.205368,0.294419,0.142129,0.154268,0.298483,-0.065292,0.181183,0.599082,0.175947,0.015622,0.582248,-0.121923,0.055179,0.298392,0.170100,0.015961,0.333025,-0.131909,0.015849
0.488556,0.045399,0.180584,0.676144,0.154254,0.179020,0.679959,-0.052930,0.207736,0.297152,0.143728,0.153432,0.300968,-0.063457,0.182148,0.599284,0.176088,0.015648,0.584844,-0.121381,0.057611,0.301982,0.170665,0.016032,0.333146,-0.131801,0.015878
