-0.002040,0.010368,0.353765,0.189642,0.110854,0.367966,0.186208,-0.096763,0.342511,-0.190288,0.117500,0.365018,-0.193722,-0.090117,0.339563,0.171537,0.180072,0.179379,0.173989,-0.118203,0.145501,-0.136148,0.186740,0.166496,-0.177616,-0.110495,0.130067
-0.001573,0.016563,0.348863,0.190327,0.116251,0.365537,0.186421,-0.090908,0.336646,-0.189568,0.124035,0.361080,-0.193473,-0.083124,0.332189,0.170328,0.188564,0.178831,0.180516,-0.110942,0.151993,-0.153277,0.196526,0.165490,-0.175134,-0.100430,0.124693
-0.000100,0.023109,0.339542,0.191537,0.123050,0.357662,0.188135,-0.084036,0.328191,-0.188334,0.130255,0.350893,-0.191737,-0.076831,0.321422,0.142599,0.196980,0.166444,0.174729,-0.104605,0.151641,-0.149377,0.203208,0.156393,-0.189632,-0.093205,0.113605
0.001312,0.029610,0.326809,0.192413,0.130271,0.346520,0.190053,-0.076735,0.316393,-0.187430,0.135954,0.337225,-0.189790,-0.071052,0.307098,0.124921,0.205096,0.153281,0.165499,-0.096978,0.141811,-0.147692,0.209580,0.143826,-0.204981,-0.085772,0.093832
0.002147,0.035927,0.310769,0.192621,0.137337,0.332604,0.191461,-0.069456,0.300982,-0.187167,0.141310,0.320557,-0.188327,-0.065483,0.288935,0.127412,0.213372,0.138448,0.155482,-0.087702,0.120942,-0.149816,0.216552,0.127822,-0.213812,-0.077463,0.067531
0.002275,0.042114,0.291206,0.192223,0.143992,0.315325,0.192036,-0.062488,0.281703,-0.187486,0.146716,0.300709,-0.187674,-0.059764,0.267087,0.141901,0.221760,0.120816,0.144973,-0.077210,0.089582,-0.151408,0.224455,0.105895,-0.212489,-0.068318,0.036962
0.001738,0.048241,0.268222,0.191379,0.150417,0.293470,0.191743,-0.055962,0.259230,-0.188268,0.152443,0.277214,-0.187903,-0.053935,0.242974,0.154857,0.229145,0.096245,0.138420,-0.067332,0.049506,-0.148293,0.232040,0.075572,-0.206212,-0.062353,0.015826
0.002419,0.054985,0.244013,0.192482,0.157505,0.264189,0.192243,-0.049350,0.232960,-0.187405,0.159321,0.255066,-0.187643,-0.047535,0.223837,0.151421,0.235243,0.054047,0.132297,-0.062433,0.015607,-0.152075,0.237589,0.040822,-0.204885,-0.062079,0.015842
0.005176,0.063667,0.221485,0.195552,0.166753,0.234588,0.194798,-0.040833,0.208661,-0.184445,0.168168,0.234310,-0.185199,-0.039418,0.208383,0.140457,0.239954,0.016825,0.131445,-0.062356,0.016096,-0.153956,0.241159,0.015738,-0.204271,-0.061086,0.015696
0.009618,0.070747,0.205818,0.200316,0.173827,0.212885,0.198853,-0.034314,0.191906,-0.179617,0.175808,0.219731,-0.181081,-0.032332,0.198752,0.139423,0.239780,0.016010,0.131367,-0.061801,0.016105,-0.152841,0.241844,0.015915,-0.202111,-0.059425,0.015792
0.014894,0.075607,0.195156,0.205822,0.178444,0.198647,0.203830,-0.030072,0.181868,-0.174041,0.181287,0.208445,-0.176033,-0.027230,0.191666,0.150321,0.239252,0.016247,0.131569,-0.061635,0.016031,-0.151818,0.242163,0.015959,-0.189949,-0.058619,0.016736
0.020624,0.079575,0.185524,0.211689,0.182207,0.186929,0.209403,-0.026569,0.173811,-0.168155,0.185718,0.197237,-0.170441,-0.023057,0.184120,0.177740,0.238445,0.022605,0.131983,-0.061350,0.016031,-0.150792,0.242459,0.015978,-0.170712,-0.058579,0.024687
0.026824,0.082924,0.175569,0.217974,0.185407,0.175068,0.215502,-0.023550,0.165302,-0.161853,0.189398,0.185835,-0.164325,-0.019560,0.176070,0.202006,0.238032,0.026714,0.132490,-0.061094,0.016016,-0.149667,0.242700,0.015849,-0.146572,-0.058497,0.031081
0.033489,0.085968,0.165242,0.224703,0.188290,0.162269,0.222050,-0.020797,0.155913,-0.155072,0.192733,0.174572,-0.157725,-0.016354,0.168215,0.213908,0.238280,0.018251,0.133108,-0.060889,0.015972,-0.148510,0.242951,0.015805,-0.117064,-0.058249,0.033527
0.040007,0.088531,0.155963,0.231185,0.190818,0.150523,0.228541,-0.018341,0.147340,-0.148527,0.195404,0.164586,-0.151171,-0.013755,0.161403,0.214281,0.238540,0.015828,0.133785,-0.060602,0.015918,-0.147381,0.243113,0.015772,-0.081276,-0.058134,0.032401
0.045776,0.089745,0.148829,0.236928,0.192001,0.142076,0.234295,-0.017176,0.140494,-0.142744,0.196666,0.157164,-0.145376,-0.012512,0.155582,0.214633,0.238692,0.015791,0.134406,-0.060431,0.015888,-0.146446,0.243236,0.015822,-0.042067,-0.058298,0.027505
0.050936,0.089684,0.142482,0.242074,0.191945,0.135402,0.239442,-0.017232,0.133778,-0.137569,0.196599,0.151185,-0.140201,-0.012578,0.149561,0.215053,0.238669,0.015789,0.135036,-0.060458,0.015909,-0.145632,0.243206,0.015936,-0.015995,-0.058599,0.021127
0.055702,0.088806,0.136176,0.246815,0.191123,0.129230,0.244188,-0.018040,0.126277,-0.132784,0.195652,0.146076,-0.135411,-0.013511,0.143123,0.215503,0.238575,0.015847,0.135709,-0.060577,0.015884,-0.144906,0.243099,0.015970,-0.011699,-0.058725,0.015797
0.060199,0.088043,0.130921,0.251272,0.190405,0.123573,0.248628,-0.018735,0.119345,-0.128231,0.194822,0.142497,-0.130875,-0.014319,0.138269,0.215986,0.238491,0.015915,0.137917,-0.060705,0.015796,-0.144107,0.243043,0.015985,-0.011377,-0.058818,0.015834
0.064641,0.087654,0.127293,0.255691,0.190023,0.119442,0.253008,-0.019103,0.114557,-0.123725,0.194411,0.140028,-0.126409,-0.014715,0.135143,0.216521,0.238410,0.015941,0.142509,-0.060900,0.018221,-0.141510,0.243005,0.015885,-0.011007,-0.058876,0.015877
0.069142,0.087784,0.125300,0.260175,0.190156,0.117103,0.257498,-0.018975,0.112435,-0.119215,0.194542,0.138166,-0.121892,-0.014588,0.133497,0.217100,0.238431,0.015916,0.147838,-0.061041,0.023080,-0.136215,0.242956,0.015824,-0.010597,-0.058853,0.015912
0.073664,0.088219,0.124616,0.264708,0.190555,0.116218,0.262032,-0.018592,0.112363,-0.114704,0.195030,0.136868,-0.117380,-0.014118,0.133014,0.217688,0.238467,0.015922,0.151498,-0.061097,0.028656,-0.129422,0.242910,0.015816,-0.010166,-0.058794,0.015937
0.078190,0.088799,0.124812,0.269253,0.191097,0.116385,0.266593,-0.018068,0.113636,-0.110213,0.195665,0.135988,-0.112873,-0.013500,0.133239,0.218265,0.238524,0.015897,0.154655,-0.061050,0.033583,-0.122288,0.242856,0.015810,-0.009689,-0.058728,0.015937
0.082714,0.089493,0.125467,0.273805,0.191751,0.117184,0.271166,-0.017427,0.115704,-0.105737,0.196412,0.135229,-0.108377,-0.012766,0.133749,0.218823,0.238617,0.015887,0.158565,-0.060905,0.037199,-0.115216,0.242832,0.015791,-0.009213,-0.058638,0.015926
0.087201,0.090225,0.126250,0.278322,0.192452,0.118280,0.275709,-0.016732,0.118130,-0.101308,0.197182,0.134370,-0.103921,-0.012002,0.134220,0.219370,0.238715,0.015836,0.163487,-0.060727,0.039531,-0.108415,0.242809,0.015763,-0.008729,-0.058559,0.015922
0.091629,0.091026,0.126967,0.282797,0.193196,0.119396,0.280177,-0.015983,0.120658,-0.096919,0.198036,0.133277,-0.099539,-0.011144,0.134538,0.219900,0.238813,0.015780,0.169551,-0.060532,0.041062,-0.101956,0.242845,0.015742,-0.008253,-0.058457,0.015921
0.095992,0.091866,0.127578,0.287206,0.193980,0.120447,0.284571,-0.015186,0.123185,-0.092587,0.198917,0.131970,-0.095223,-0.010249,0.134708,0.220416,0.238909,0.015814,0.176291,-0.060339,0.042208,-0.096008,0.242896,0.015731,-0.007786,-0.058363,0.015913
0.100297,0.092682,0.128149,0.291554,0.194751,0.121526,0.288898,-0.014391,0.125676,-0.088305,0.199755,0.130622,-0.090960,-0.009387,0.134772,0.220913,0.239012,0.015779,0.183305,-0.060148,0.043281,-0.090669,0.242967,0.015733,-0.007321,-0.058271,0.015882
0.104557,0.093498,0.128755,0.295867,0.195500,0.122644,0.293154,-0.013609,0.128183,-0.084040,0.200606,0.129327,-0.086753,-0.008503,0.134866,0.221390,0.239106,0.015803,0.190614,-0.059964,0.044531,-0.085671,0.243088,0.015757,-0.006869,-0.058163,0.015804
0.108807,0.094276,0.129468,0.300157,0.196235,0.123910,0.297398,-0.012835,0.130761,-0.079784,0.201388,0.128176,-0.082543,-0.007682,0.135027,0.221851,0.239204,0.015812,0.198245,-0.059781,0.046038,-0.080688,0.243194,0.015765,-0.006404,-0.058074,0.015743
0.113074,0.095024,0.130323,0.304458,0.196950,0.125393,0.301651,-0.012073,0.133506,-0.075503,0.202121,0.127141,-0.078310,-0.006902,0.135254,0.222297,0.239289,0.015807,0.206354,-0.059606,0.047867,-0.075293,0.243284,0.015777,-0.005942,-0.058002,0.015730
0.117367,0.095695,0.131311,0.308788,0.197586,0.127155,0.305908,-0.011391,0.136371,-0.071175,0.202782,0.126251,-0.074055,-0.006195,0.135467,0.222727,0.239363,0.015878,0.214760,-0.059444,0.049961,-0.069480,0.243386,0.015784,-0.005476,-0.057923,0.015633
0.121692,0.096298,0.132435,0.313138,0.198174,0.129079,0.310196,-0.010757,0.139283,-0.066811,0.203353,0.125586,-0.069753,-0.005577,0.135790,0.223146,0.239424,0.015939,0.223788,-0.059302,0.052202,-0.064162,0.243551,0.017611,-0.005003,-0.057866,0.015630
0.126024,0.096848,0.133716,0.317484,0.198717,0.131125,0.314482,-0.010167,0.142217,-0.062435,0.203862,0.125215,-0.065437,-0.005022,0.136307,0.223544,0.239471,0.015985,0.233484,-0.059178,0.054534,-0.059177,0.243794,0.020895,-0.004532,-0.057820,0.015705
0.130387,0.097336,0.135177,0.321862,0.199193,0.133302,0.318792,-0.009650,0.145127,-0.058018,0.204321,0.125227,-0.061088,-0.004522,0.137052,0.223933,0.239520,0.016013,0.243909,-0.059075,0.056840,-0.054273,0.244135,0.025281,-0.004058,-0.057756,0.015750
0.134832,0.097725,0.136826,0.326299,0.199608,0.135596,0.323202,-0.009203,0.147977,-0.053538,0.204653,0.125674,-0.056635,-0.004158,0.138055,0.224315,0.239566,0.016042,0.255078,-0.059004,0.058990,-0.049173,0.244467,0.030294,-0.003575,-0.057729,0.015788
0.139399,0.097977,0.138645,0.330852,0.199891,0.137940,0.327745,-0.008900,0.150651,-0.048948,0.204853,0.126640,-0.052054,-0.003937,0.139350,0.224715,0.239588,0.016042,0.267168,-0.059000,0.060933,-0.043677,0.244787,0.035856,-0.003096,-0.057727,0.015795
0.144131,0.098129,0.140623,0.335569,0.200073,0.140248,0.332468,-0.008709,0.153095,-0.044207,0.204968,0.128150,-0.047307,-0.003814,0.140998,0.225125,0.239610,0.016033,0.280277,-0.059051,0.062485,-0.037512,0.245090,0.041698,-0.002597,-0.057721,0.015833
0.149053,0.098122,0.142658,0.340468,0.200109,0.142404,0.337409,-0.008678,0.155184,-0.039304,0.204921,0.130131,-0.042362,-0.003866,0.142911,0.225548,0.239596,0.016013,0.294480,-0.059203,0.063467,-0.030324,0.245257,0.047262,-0.002105,-0.057774,0.015836
0.154169,0.097855,0.144527,0.345561,0.199886,0.144273,0.342563,-0.008927,0.156638,-0.034225,0.204636,0.132416,-0.037222,-0.004177,0.144780,0.225998,0.239540,0.015974,0.309276,-0.059501,0.063448,-0.021588,0.245214,0.051786,-0.001601,-0.057853,0.015923
0.159481,0.097321,0.145780,0.350858,0.199378,0.145358,0.347923,-0.009483,0.156908,-0.028961,0.204124,0.134652,-0.031897,-0.004736,0.146203,0.226476,0.239489,0.015875,0.323357,-0.059944,0.061375,-0.010623,0.244953,0.054426,-0.001063,-0.057898,0.015939
0.164993,0.096321,0.145970,0.356332,0.198449,0.145259,0.353525,-0.010484,0.155436,-0.023538,0.203126,0.136504,-0.026345,-0.005807,0.146680,0.226967,0.239390,0.015799,0.335511,-0.060612,0.055628,0.003356,0.244273,0.054378,-0.000450,-0.058029,0.015978
0.170703,0.094872,0.144796,0.362003,0.197068,0.143641,0.359329,-0.011953,0.151874,-0.017922,0.201696,0.137718,-0.020597,-0.007325,0.145951,0.227528,0.239243,0.015813,0.344645,-0.061503,0.043994,0.021958,0.243259,0.050994,0.000209,-0.058199,0.015971
0.176663,0.092972,0.142072,0.367930,0.195219,0.140224,0.365362,-0.013888,0.145912,-0.012036,0.199832,0.138231,-0.014605,-0.009275,0.143919,0.228132,0.239024,0.015893,0.348726,-0.062468,0.024072,0.046792,0.242047,0.045140,0.000946,-0.058418,0.015923
0.182536,0.091270,0.138310,0.373768,0.193577,0.136078,0.371276,-0.015581,0.139449,-0.006204,0.198121,0.137171,-0.008695,-0.011037,0.140542,0.228773,0.238828,0.015957,0.348691,-0.062764,0.015751,0.077331,0.240987,0.037951,0.001714,-0.058629,0.015838
0.187784,0.090805,0.133973,0.378829,0.193461,0.131700,0.376719,-0.015704,0.134939,-0.001150,0.197314,0.133007,-0.003260,-0.011850,0.136246,0.237353,0.238553,0.015960,0.349202,-0.062728,0.015820,0.108133,0.240032,0.027281,0.002736,-0.059234,0.015811
0.192887,0.091354,0.128710,0.383840,0.194181,0.126495,0.381919,-0.014958,0.131156,0.003856,0.197667,0.126265,0.001935,-0.011472,0.130925,0.251152,0.238397,0.015793,0.349735,-0.062694,0.015876,0.118793,0.239613,0.015806,0.003504,-0.059516,0.015767
0.197971,0.091866,0.124579,0.388903,0.194717,0.121779,0.387024,-0.014396,0.127512,0.008919,0.198128,0.121646,0.007039,-0.010985,0.127379,0.268034,0.238419,0.017716,0.350297,-0.062593,0.015977,0.119106,0.239705,0.015827,0.004249,-0.059488,0.015830
0.203061,0.092049,0.122433,0.393984,0.194902,0.119207,0.392122,-0.014198,0.125410,0.014000,0.198295,0.119456,0.012137,-0.010805,0.125659,0.294036,0.238339,0.020583,0.350898,-0.062547,0.016034,0.119570,0.239753,0.015859,0.004973,-0.059470,0.015853
0.208124,0.092125,0.121443,0.399045,0.194982,0.118146,0.397188,-0.014110,0.124613,0.019060,0.198360,0.118272,0.017203,-0.010732,0.124740,0.316740,0.238335,0.025960,0.351514,-0.062538,0.016000,0.120051,0.239770,0.015903,0.006087,-0.059476,0.015812
0.213061,0.092026,0.121053,0.403988,0.194882,0.118096,0.402119,-0.014213,0.124458,0.024003,0.198265,0.117648,0.022134,-0.010830,0.124011,0.333981,0.238356,0.031857,0.352116,-0.062539,0.015995,0.120556,0.239780,0.015951,0.008912,-0.059478,0.015761
0.217855,0.091766,0.121109,0.408783,0.194637,0.118820,0.406909,-0.014468,0.124821,0.028800,0.198001,0.117397,0.026927,-0.011105,0.123397,0.346459,0.238316,0.036915,0.352691,-0.062577,0.015942,0.121067,0.239734,0.015955,0.013114,-0.059540,0.015772
0.222504,0.091415,0.121527,0.413438,0.194290,0.120084,0.411546,-0.014831,0.125533,0.033462,0.197662,0.117521,0.031569,-0.011459,0.122970,0.355482,0.238213,0.040692,0.353235,-0.062627,0.015886,0.121585,0.239685,0.015957,0.017967,-0.059596,0.015788
0.227021,0.091034,0.122191,0.417964,0.193900,0.121676,0.416043,-0.015235,0.126517,0.037998,0.197303,0.117864,0.036077,-0.011833,0.122706,0.362305,0.238062,0.043344,0.353761,-0.062689,0.015835,0.122109,0.239634,0.015925,0.023191,-0.059653,0.015811
0.231411,0.090614,0.123039,0.422356,0.193478,0.123517,0.420416,-0.015672,0.127681,0.042406,0.196900,0.118396,0.040466,-0.012249,0.122560,0.367740,0.237886,0.045177,0.354257,-0.062747,0.015768,0.122634,0.239576,0.015870,0.028638,-0.059725,0.015835
0.235697,0.090225,0.123977,0.426646,0.193071,0.125445,0.424676,-0.016090,0.128976,0.046717,0.196540,0.118978,0.044747,-0.012621,0.122509,0.372487,0.237707,0.046524,0.354730,-0.062801,0.015743,0.123154,0.239536,0.015762,0.034327,-0.059782,0.015861
0.239917,0.089790,0.124946,0.430866,0.192617,0.127420,0.428871,-0.016554,0.130270,0.050963,0.196135,0.119621,0.048967,-0.013036,0.122472,0.376973,0.237499,0.047580,0.355184,-0.062868,0.015798,0.123671,0.239481,0.015676,0.040222,-0.059857,0.016168
0.244108,0.089394,0.125896,0.435065,0.192181,0.129302,0.433028,-0.016998,0.131502,0.055189,0.195785,0.120290,0.053152,-0.013394,0.122490,0.381330,0.237307,0.048337,0.355628,-0.062915,0.015833,0.124191,0.239467,0.015608,0.046037,-0.059886,0.017274
0.248281,0.089012,0.126775,0.439226,0.191793,0.130956,0.437188,-0.017391,0.132567,0.059374,0.195415,0.120984,0.057336,-0.013768,0.122595,0.385622,0.237135,0.048767,0.356062,-0.062954,0.015862,0.124699,0.239422,0.015689,0.051876,-0.059966,0.019153
0.252431,0.088715,0.127545,0.443373,0.191474,0.132292,0.441320,-0.017712,0.133481,0.063541,0.195141,0.121610,0.061488,-0.014045,0.122799,0.390123,0.236976,0.048882,0.356486,-0.063001,0.015900,0.125207,0.239388,0.015759,0.058023,-0.060039,0.021613
0.256603,0.088509,0.128185,0.447547,0.191247,0.133310,0.445477,-0.017940,0.134210,0.067728,0.194958,0.122161,0.065658,-0.014230,0.123061,0.395095,0.236854,0.048539,0.356906,-0.063026,0.015889,0.125710,0.239379,0.015837,0.064845,-0.060099,0.024481
0.260876,0.088387,0.128674,0.451815,0.191123,0.134032,0.449745,-0.018066,0.134784,0.072006,0.194839,0.122565,0.069937,-0.014350,0.123316,0.400807,0.236769,0.047582,0.357329,-0.063031,0.015862,0.126229,0.239372,0.015920,0.072655,-0.060174,0.027441
0.265322,0.088387,0.128959,0.456270,0.191102,0.134417,0.454174,-0.018086,0.135258,0.076470,0.194859,0.122660,0.074375,-0.014329,0.123501,0.407572,0.236686,0.045816,0.357761,-0.063053,0.015886,0.126763,0.239379,0.015947,0.081717,-0.060231,0.030105
0.270025,0.088524,0.129025,0.460964,0.191253,0.134504,0.458875,-0.017934,0.135619,0.081175,0.194981,0.122431,0.079086,-0.014205,0.123546,0.415696,0.236670,0.043061,0.358211,-0.063019,0.015924,0.127321,0.239406,0.015953,0.092363,-0.060277,0.032268
0.275046,0.088806,0.128826,0.465987,0.191539,0.134187,0.463886,-0.017644,0.135837,0.086207,0.195256,0.121816,0.084105,-0.013926,0.123466,0.425422,0.236650,0.039080,0.358695,-0.062987,0.015948,0.127923,0.239456,0.015937,0.105106,-0.060300,0.033551
0.280437,0.089203,0.128291,0.471389,0.191931,0.133332,0.469262,-0.017244,0.135733,0.091612,0.195650,0.120849,0.089485,-0.013526,0.123251,0.436674,0.236591,0.033241,0.359210,-0.062955,0.015947,0.128576,0.239524,0.015845,0.120937,-0.060328,0.033817
0.286226,0.089798,0.127333,0.477188,0.192539,0.131673,0.475052,-0.016622,0.135129,0.097400,0.196218,0.119537,0.095263,-0.012943,0.122992,0.448701,0.236517,0.024483,0.359770,-0.062872,0.015934,0.129341,0.239637,0.015890,0.141252,-0.060351,0.033436
0.292228,0.090805,0.125796,0.483189,0.193607,0.128377,0.481104,-0.015514,0.133746,0.103352,0.197124,0.117846,0.101266,-0.011996,0.123216,0.457478,0.236436,0.015660,0.360321,-0.062804,0.015855,0.130166,0.239706,0.015886,0.166643,-0.060415,0.033664
0.297752,0.091652,0.124554,0.488732,0.194448,0.125458,0.486655,-0.014624,0.132463,0.108850,0.197928,0.116645,0.106773,-0.011145,0.123651,0.458099,0.236556,0.015792,0.360913,-0.062761,0.015821,0.130946,0.239809,0.015865,0.196942,-0.060568,0.032641
0.302992,0.091789,0.123603,0.493991,0.194553,0.123895,0.491892,-0.014506,0.131299,0.114092,0.198084,0.115907,0.111992,-0.010974,0.123311,0.458723,0.236563,0.015898,0.361496,-0.062769,0.015775,0.131669,0.239845,0.015855,0.223426,-0.060885,0.029816
0.307961,0.091301,0.121902,0.498971,0.194044,0.122218,0.496863,-0.015038,0.128915,0.119059,0.197640,0.114890,0.116950,-0.011442,0.121587,0.459322,0.236517,0.016016,0.362021,-0.062776,0.015850,0.132379,0.239808,0.015811,0.237571,-0.061309,0.022449
0.312759,0.090309,0.119055,0.503795,0.193002,0.119831,0.501645,-0.016124,0.124982,0.123872,0.196742,0.113128,0.121723,-0.012384,0.118279,0.459953,0.236363,0.016059,0.363282,-0.062854,0.015903,0.133098,0.239715,0.015763,0.240122,-0.061592,0.015745
0.317420,0.089577,0.116475,0.508446,0.192287,0.117221,0.506335,-0.016863,0.121251,0.128504,0.196016,0.111699,0.126393,-0.013134,0.115729,0.460548,0.236282,0.016052,0.370908,-0.062986,0.015909,0.133820,0.239577,0.015838,0.240489,-0.061672,0.015784
0.322017,0.089233,0.115224,0.513016,0.191997,0.115662,0.510974,-0.017162,0.119261,0.133060,0.195629,0.111186,0.131018,-0.013530,0.114785,0.461144,0.236247,0.015995,0.389206,-0.063212,0.015841,0.134661,0.239433,0.015890,0.240883,-0.061764,0.015826
0.326657,0.089279,0.115240,0.517655,0.192046,0.115221,0.515625,-0.017111,0.118941,0.137690,0.195669,0.111539,0.135660,-0.013488,0.115259,0.461734,0.236283,0.015928,0.410248,-0.063343,0.017984,0.136593,0.239436,0.015786,0.241372,-0.061741,0.015870
0.331309,0.089691,0.116317,0.522317,0.192436,0.115733,0.520268,-0.016704,0.120270,0.142350,0.196087,0.112364,0.140300,-0.013054,0.116900,0.462316,0.236321,0.015854,0.425395,-0.063321,0.024194,0.140648,0.239471,0.015770,0.241919,-0.061704,0.015886
0.335929,0.090294,0.118424,0.526951,0.193012,0.117482,0.524872,-0.016104,0.123053,0.146987,0.196692,0.113795,0.144908,-0.012424,0.119367,0.462851,0.236408,0.015773,0.433670,-0.063097,0.031786,0.145693,0.239561,0.015761,0.242503,-0.061619,0.015920
0.340480,0.091034,0.121247,0.531516,0.193722,0.120069,0.529399,-0.015357,0.126886,0.151561,0.197425,0.115608,0.149443,-0.011654,0.122424,0.463349,0.236486,0.015715,0.437985,-0.062772,0.039002,0.151078,0.239651,0.015765,0.243082,-0.061549,0.015984
0.344936,0.091835,0.124380,0.535995,0.194480,0.123152,0.533817,-0.014552,0.131229,0.156055,0.198222,0.117532,0.153877,-0.010810,0.125608,0.463807,0.236569,0.015747,0.440534,-0.062397,0.045034,0.156229,0.239775,0.015758,0.243642,-0.061468,0.015982
0.349287,0.092651,0.127393,0.540366,0.195260,0.126298,0.538122,-0.013721,0.135601,0.160451,0.199024,0.119186,0.158207,-0.009957,0.128489,0.464242,0.236655,0.015768,0.443051,-0.062024,0.049650,0.161130,0.239909,0.015742,0.244174,-0.061387,0.015968
0.353534,0.093445,0.130048,0.544628,0.196028,0.129209,0.542318,-0.012896,0.139699,0.164749,0.199786,0.120397,0.162439,-0.009138,0.130887,0.464663,0.236726,0.015768,0.446694,-0.061694,0.053150,0.165991,0.240027,0.015745,0.244686,-0.061330,0.015928
0.357698,0.094246,0.132255,0.548816,0.196787,0.131788,0.546410,-0.012076,0.143415,0.168986,0.200568,0.121095,0.166579,-0.008295,0.132722,0.465070,0.236818,0.015789,0.451687,-0.061384,0.055829,0.171028,0.240203,0.015733,0.245159,-0.061227,0.015890
0.361804,0.095032,0.134044,0.552932,0.197557,0.134043,0.550443,-0.011236,0.146832,0.173165,0.201300,0.121255,0.170677,-0.007494,0.134044,0.465467,0.236902,0.015906,0.458068,-0.061114,0.058014,0.176365,0.240336,0.015719,0.245624,-0.061167,0.015819
0.365886,0.095749,0.135483,0.557018,0.198264,0.136090,0.554437,-0.010460,0.149943,0.177335,0.201958,0.121023,0.174754,-0.006767,0.134875,0.465850,0.236973,0.015965,0.465345,-0.060896,0.059780,0.181819,0.240493,0.016105,0.246073,-0.061108,0.015738
0.369959,0.096397,0.136688,0.561089,0.198909,0.137968,0.558414,-0.009749,0.152775,0.181503,0.202544,0.120602,0.178828,-0.006115,0.135409,0.466233,0.237039,0.016007,0.473567,-0.060716,0.061363,0.186986,0.240731,0.017587,0.246517,-0.061051,0.015620
0.374019,0.096992,0.137801,0.565137,0.199516,0.139770,0.562379,-0.009080,0.155419,0.185659,0.203065,0.120182,0.182901,-0.005531,0.135832,0.466599,0.237118,0.016032,0.482529,-0.060561,0.062713,0.191883,0.241055,0.020089,0.246960,-0.060984,0.015552
0.378086,0.097504,0.138928,0.569188,0.200043,0.141528,0.566352,-0.008491,0.157954,0.189820,0.203499,0.119901,0.186984,-0.005036,0.136327,0.466959,0.237145,0.016053,0.492545,-0.060472,0.064141,0.196686,0.241402,0.023435,0.247404,-0.060960,0.015633
0.382205,0.097900,0.140142,0.573282,0.200470,0.143345,0.570392,-0.008019,0.160333,0.194017,0.203820,0.119950,0.191128,-0.004669,0.136938,0.467311,0.237173,0.016063,0.503294,-0.060423,0.065483,0.201626,0.241772,0.027311,0.247847,-0.060940,0.015684
0.386416,0.098213,0.141481,0.577460,0.200829,0.145139,0.574553,-0.007626,0.162540,0.198278,0.204052,0.120422,0.195372,-0.004403,0.137823,0.467686,0.237198,0.016080,0.515106,-0.060403,0.066785,0.206806,0.242152,0.031844,0.248299,-0.060947,0.015699
0.390769,0.098412,0.142999,0.581790,0.201058,0.146988,0.578875,-0.007382,0.164571,0.202664,0.204205,0.121427,0.199748,-0.004235,0.139010,0.468070,0.237220,0.016057,0.528175,-0.060428,0.068074,0.212513,0.242545,0.036812,0.248766,-0.060934,0.015741
0.395283,0.098457,0.144617,0.586276,0.201147,0.148778,0.583396,-0.007298,0.166303,0.207169,0.204212,0.122931,0.204289,-0.004232,0.140456,0.468463,0.237229,0.016030,0.542349,-0.060522,0.069050,0.219126,0.242832,0.041700,0.249234,-0.060950,0.015777
0.399956,0.098328,0.146075,0.590932,0.201053,0.150172,0.588116,-0.007417,0.167407,0.211796,0.204072,0.124743,0.208980,-0.004398,0.141978,0.468882,0.237217,0.015981,0.557042,-0.060717,0.069298,0.227081,0.242957,0.045910,0.249709,-0.060984,0.015864
0.404807,0.097931,0.146972,0.595761,0.200709,0.150789,0.593068,-0.007813,0.167398,0.216546,0.203675,0.126546,0.213854,-0.004847,0.143155,0.469319,0.237194,0.015881,0.571117,-0.061048,0.067959,0.237036,0.242796,0.048554,0.250214,-0.061047,0.015942
0.409866,0.097069,0.146925,0.600785,0.199924,0.150362,0.598280,-0.008690,0.165809,0.221453,0.202827,0.128041,0.218947,-0.005787,0.143488,0.469751,0.237114,0.015829,0.583281,-0.061670,0.063403,0.249916,0.242192,0.048748,0.250743,-0.061186,0.016006
0.415162,0.095734,0.145684,0.606071,0.198621,0.148689,0.603731,-0.010118,0.162374,0.226594,0.201585,0.128995,0.224253,-0.007154,0.142679,0.470276,0.236980,0.015770,0.592800,-0.062645,0.054087,0.266912,0.241269,0.046404,0.251347,-0.061313,0.015997
0.420743,0.093910,0.143106,0.611591,0.196925,0.145568,0.609537,-0.011959,0.156871,0.231949,0.199780,0.129341,0.229895,-0.009105,0.140644,0.470790,0.236810,0.015866,0.598456,-0.063830,0.037467,0.290024,0.239984,0.041693,0.252040,-0.061586,0.015989
0.426555,0.091644,0.138917,0.617411,0.194665,0.140405,0.615522,-0.014364,0.148667,0.237588,0.197652,0.129167,0.235700,-0.011376,0.137430,0.471454,0.236550,0.015912,0.596236,-0.064934,0.015660,0.319296,0.238735,0.036412,0.252808,-0.061822,0.015886
0.431951,0.090019,0.133460,0.622647,0.193342,0.133976,0.621168,-0.015748,0.140612,0.242733,0.195786,0.126308,0.241254,-0.013303,0.132943,0.475673,0.236110,0.015955,0.596601,-0.065008,0.015831,0.348623,0.237420,0.028900,0.253784,-0.062579,0.015927
0.437065,0.089790,0.127609,0.627476,0.193640,0.127964,0.626564,-0.015426,0.135408,0.247566,0.195006,0.119809,0.246654,-0.014059,0.127253,0.490347,0.235727,0.015891,0.597109,-0.065032,0.015898,0.364244,0.236272,0.015762,0.254480,-0.063539,0.015835
0.442355,0.090073,0.123061,0.632762,0.193930,0.123052,0.631857,-0.015106,0.131272,0.252852,0.195252,0.114850,0.251948,-0.013785,0.123070,0.512939,0.235742,0.016453,0.597641,-0.064980,0.015912,0.364597,0.236358,0.015790,0.255257,-0.063505,0.015746
0.447619,0.090088,0.120733,0.638032,0.193934,0.120119,0.637136,-0.015093,0.128592,0.258103,0.195269,0.112873,0.257207,-0.013758,0.121347,0.540132,0.235714,0.018326,0.598208,-0.064976,0.016041,0.365049,0.236363,0.015820,0.256003,-0.063518,0.015818
0.452798,0.090012,0.119738,0.643221,0.193834,0.118806,0.642314,-0.015192,0.127274,0.263281,0.195215,0.112201,0.262374,-0.013811,0.120669,0.563364,0.235805,0.023445,0.598811,-0.064997,0.016060,0.365558,0.236358,0.015897,0.256816,-0.063522,0.015827
0.457803,0.089821,0.119512,0.648235,0.193628,0.118604,0.647315,-0.015412,0.126748,0.268291,0.195053,0.112276,0.267371,-0.013986,0.120420,0.580680,0.235931,0.029309,0.599410,-0.064998,0.016055,0.366094,0.236355,0.015956,0.258523,-0.063510,0.015754
0.462626,0.089493,0.119742,0.653062,0.193295,0.119241,0.652129,-0.015764,0.126855,0.273122,0.194749,0.112630,0.272189,-0.014310,0.120243,0.593385,0.235958,0.034553,0.599991,-0.065051,0.015959,0.366638,0.236293,0.015973,0.261663,-0.063549,0.015758
0.467265,0.089066,0.120356,0.657708,0.192858,0.120528,0.656751,-0.016227,0.127415,0.277780,0.194358,0.113296,0.276823,-0.014727,0.120184,0.602718,0.235888,0.038671,0.600536,-0.065117,0.015924,0.367176,0.236218,0.015971,0.265696,-0.063590,0.015776
0.471749,0.088638,0.121253,0.662199,0.192412,0.122234,0.661211,-0.016697,0.128308,0.282287,0.193974,0.114197,0.281299,-0.015136,0.120271,0.609778,0.235792,0.041763,0.601053,-0.065149,0.015873,0.367724,0.236186,0.015960,0.270194,-0.063587,0.015796
0.476091,0.088181,0.122295,0.666547,0.191932,0.124145,0.665526,-0.017198,0.129436,0.286657,0.193559,0.115155,0.285636,-0.015571,0.120445,0.615336,0.235620,0.043990,0.601547,-0.065225,0.015815,0.368261,0.236116,0.015916,0.275027,-0.063631,0.015819
0.480310,0.087753,0.123410,0.670762,0.191491,0.126141,0.669722,-0.017657,0.130689,0.290898,0.193163,0.116132,0.289857,-0.015985,0.120680,0.619929,0.235454,0.045598,0.602014,-0.065280,0.015748,0.368794,0.236056,0.015814,0.280117,-0.063677,0.015842
0.484440,0.087326,0.124509,0.674895,0.191033,0.128137,0.673820,-0.018129,0.131963,0.295060,0.192781,0.117055,0.293986,-0.016381,0.120881,0.624103,0.235265,0.046834,0.602460,-0.065346,0.015760,0.369308,0.236005,0.015733,0.285595,-0.063717,0.015868
0.488529,0.086891,0.125554,0.678979,0.190573,0.130055,0.677882,-0.018601,0.133177,0.299177,0.192384,0.117931,0.298080,-0.016790,0.121053,0.628116,0.235067,0.047783,0.602895,-0.065415,0.015808,0.369825,0.235942,0.015638,0.291247,-0.063770,0.016542
0.492616,0.086464,0.126515,0.683063,0.190112,0.131805,0.681941,-0.019071,0.134227,0.303291,0.191999,0.118803,0.302168,-0.017184,0.121225,0.632171,0.234874,0.048479,0.603323,-0.065474,0.015843,0.370340,0.235899,0.015635,0.296981,-0.063805,0.017993
0.496697,0.086098,0.127357,0.687153,0.189695,0.133296,0.685989,-0.019494,0.135098,0.307404,0.191689,0.119616,0.306241,-0.017500,0.121419,0.636244,0.234703,0.048806,0.603742,-0.065516,0.015902,0.370854,0.235894,0.015714,0.302965,-0.063807,0.020011
0.500785,0.085793,0.128056,0.691236,0.189373,0.134450,0.690066,-0.019819,0.135808,0.311505,0.191404,0.120304,0.310335,-0.017788,0.121662,0.640642,0.234551,0.048714,0.604160,-0.065569,0.015896,0.371355,0.235843,0.015789,0.309482,-0.063878,0.022547
0.504940,0.085571,0.128611,0.695392,0.189131,0.135302,0.694209,-0.020064,0.136346,0.315672,0.191206,0.120876,0.314489,-0.017988,0.121920,0.645665,0.234428,0.048077,0.604576,-0.065609,0.015882,0.371866,0.235816,0.015857,0.316807,-0.063934,0.025309
0.509235,0.085472,0.128988,0.699689,0.189015,0.135860,0.698493,-0.020180,0.136752,0.319977,0.191124,0.121224,0.318781,-0.018071,0.122116,0.651584,0.234361,0.046776,0.605000,-0.065612,0.015853,0.372385,0.235826,0.015933,0.325201,-0.063960,0.027995
0.513738,0.085503,0.129136,0.704202,0.189023,0.136097,0.702977,-0.020172,0.137052,0.324499,0.191177,0.121221,0.323275,-0.018017,0.122176,0.658652,0.234323,0.044571,0.605435,-0.065605,0.015898,0.372927,0.235864,0.015956,0.334954,-0.063957,0.030289
0.518526,0.085655,0.129059,0.708991,0.189175,0.135974,0.707753,-0.020017,0.137277,0.329299,0.191328,0.120840,0.328061,-0.017864,0.122143,0.667222,0.234284,0.041259,0.605892,-0.065622,0.015931,0.373507,0.235865,0.015952,0.346436,-0.063987,0.031956
0.523653,0.085907,0.128694,0.714109,0.189452,0.135462,0.712882,-0.019737,0.137219,0.334423,0.191551,0.120169,0.333196,-0.017638,0.121926,0.677542,0.234288,0.036554,0.606395,-0.065583,0.015945,0.374124,0.235895,0.015921,0.360522,-0.064000,0.032728
0.529163,0.086365,0.127957,0.719625,0.189925,0.134309,0.718391,-0.019256,0.136791,0.339934,0.191986,0.119124,0.338700,-0.017196,0.121606,0.689087,0.234317,0.029611,0.606928,-0.065486,0.015945,0.374828,0.236008,0.015852,0.378288,-0.063939,0.032658
0.535043,0.087105,0.126741,0.725538,0.190667,0.132004,0.724271,-0.018494,0.135853,0.345815,0.192703,0.117629,0.344548,-0.016458,0.121478,0.700489,0.234210,0.019648,0.607475,-0.065452,0.015925,0.375622,0.236109,0.015896,0.400749,-0.063891,0.032662
