-0.015163,-0.003609,0.350642,0.174037,0.102421,0.349121,0.175621,-0.106771,0.350164,-0.205947,0.099553,0.351120,-0.204363,-0.109638,0.352164,0.174156,0.147004,0.174927,0.158778,-0.153313,0.157285,-0.178381,0.144240,0.155892,-0.184723,-0.155914,0.157215
-0.021470,-0.005123,0.342647,0.167060,0.102022,0.338446,0.169943,-0.107115,0.342708,-0.212883,0.096869,0.342585,-0.210000,-0.112268,0.346847,0.136111,0.143206,0.149397,0.165524,-0.156137,0.171115,-0.181276,0.138820,0.148862,-0.217762,-0.161809,0.152039
-0.026800,-0.006702,0.330579,0.160735,0.102042,0.323754,0.165505,-0.107002,0.330289,-0.219105,0.093597,0.330870,-0.214335,-0.115446,0.337404,0.106718,0.140395,0.135084,0.146993,-0.157959,0.168736,-0.200105,0.133594,0.141464,-0.244006,-0.168108,0.129468
-0.032747,-0.008411,0.315663,0.153830,0.101857,0.307242,0.160377,-0.107116,0.314455,-0.225872,0.090293,0.316871,-0.219325,-0.118680,0.324084,0.098298,0.139221,0.121980,0.124011,-0.159598,0.145183,-0.219567,0.129224,0.120847,-0.263488,-0.173208,0.102587
-0.039958,-0.010136,0.297471,0.146022,0.101046,0.287927,0.153649,-0.107878,0.295486,-0.233565,0.087607,0.299456,-0.225938,-0.121317,0.307015,0.097221,0.138056,0.102219,0.107914,-0.161790,0.109396,-0.230457,0.125590,0.088276,-0.270416,-0.176781,0.076769
-0.048246,-0.011902,0.275058,0.137507,0.099542,0.264237,0.145507,-0.109341,0.272508,-0.241999,0.085537,0.277608,-0.234000,-0.123346,0.285879,0.088867,0.135542,0.070871,0.104671,-0.164292,0.073811,-0.234933,0.122589,0.056929,-0.264964,-0.179436,0.048858
-0.056770,-0.013680,0.248238,0.128793,0.097936,0.236009,0.137084,-0.110901,0.245123,-0.250624,0.083542,0.251352,-0.242334,-0.125295,0.260466,0.069882,0.132128,0.029833,0.110591,-0.166287,0.043372,-0.234726,0.119888,0.026458,-0.258145,-0.182048,0.017666
-0.064382,-0.014748,0.221295,0.120918,0.096699,0.204415,0.129273,-0.112125,0.213756,-0.258036,0.082630,0.228834,-0.249681,-0.126194,0.238174,0.060170,0.131366,0.015836,0.115055,-0.167117,0.014970,-0.233298,0.119624,0.015828,-0.257132,-0.181963,0.015965
-0.066566,-0.016247,0.203677,0.118472,0.095052,0.183311,0.126797,-0.113800,0.192042,-0.259929,0.081306,0.215311,-0.251603,-0.127546,0.224042,0.059413,0.131224,0.015882,0.113655,-0.167209,0.015991,-0.232812,0.119573,0.015828,-0.256397,-0.181967,0.015834
-0.062402,-0.017044,0.194533,0.122674,0.094348,0.175043,0.131011,-0.114528,0.183147,-0.255814,0.080440,0.205919,-0.247478,-0.128436,0.214023,0.059647,0.131176,0.015848,0.113603,-0.167231,0.015955,-0.232092,0.119533,0.015847,-0.255512,-0.181967,0.015842
-0.054434,-0.017014,0.187444,0.130588,0.094603,0.168741,0.139130,-0.114270,0.176704,-0.247998,0.080243,0.198183,-0.239456,-0.128630,0.206146,0.061473,0.131465,0.015758,0.110984,-0.167066,0.016077,-0.231202,0.119502,0.015906,-0.254475,-0.182018,0.015907
-0.045776,-0.016750,0.178497,0.139077,0.094990,0.158892,0.147814,-0.113869,0.167021,-0.239367,0.080369,0.189974,-0.230630,-0.128491,0.198102,0.065613,0.131868,0.015695,0.110360,-0.166835,0.016059,-0.229993,0.119513,0.015976,-0.253536,-0.182063,0.015930
-0.037596,-0.016453,0.168183,0.147080,0.095172,0.146365,0.155833,-0.113669,0.154937,-0.231025,0.080763,0.181429,-0.222271,-0.128078,0.190001,0.066418,0.131959,0.015772,0.110908,-0.166782,0.016023,-0.228841,0.119592,0.015972,-0.252464,-0.182024,0.015744
-0.029856,-0.016090,0.158780,0.154611,0.095386,0.134569,0.163378,-0.113430,0.143715,-0.223089,0.081249,0.173845,-0.214322,-0.127567,0.182990,0.067337,0.132055,0.015826,0.111588,-0.166733,0.015968,-0.227747,0.119668,0.015876,-0.251393,-0.181980,0.015782
-0.022144,-0.015472,0.151825,0.162171,0.095879,0.125942,0.170980,-0.112897,0.135930,-0.215269,0.081952,0.167721,-0.206459,-0.126824,0.177709,0.077081,0.132554,0.015627,0.112405,-0.166650,0.015970,-0.226732,0.119741,0.015773,-0.246557,-0.181807,0.015729
-0.014217,-0.014435,0.147940,0.170037,0.096803,0.121148,0.178906,-0.111909,0.132346,-0.207341,0.083039,0.163533,-0.198471,-0.125673,0.174731,0.091428,0.133620,0.020523,0.113306,-0.166503,0.015862,-0.225772,0.119881,0.015708,-0.235994,-0.181355,0.015715
-0.005568,-0.013443,0.146239,0.178623,0.097699,0.118625,0.187549,-0.110956,0.130797,-0.198684,0.084070,0.161681,-0.189758,-0.124585,0.173853,0.118880,0.135246,0.024936,0.114284,-0.166371,0.015743,-0.224895,0.120004,0.015740,-0.218493,-0.180369,0.019815
0.003553,-0.012398,0.145021,0.187607,0.098596,0.115938,0.196592,-0.109994,0.129141,-0.189485,0.085198,0.160901,-0.180500,-0.123391,0.174103,0.142929,0.136636,0.027169,0.115278,-0.166254,0.015782,-0.224062,0.120103,0.015722,-0.194255,-0.178996,0.025128
0.012981,-0.010944,0.143269,0.196839,0.099802,0.112082,0.205913,-0.108674,0.126918,-0.179951,0.086785,0.159620,-0.170877,-0.121691,0.174455,0.156498,0.137106,0.020062,0.116278,-0.166077,0.015982,-0.223199,0.120276,0.015804,-0.161466,-0.177465,0.025844
0.021848,-0.009750,0.141365,0.205359,0.101090,0.108514,0.214876,-0.107256,0.124817,-0.171180,0.087756,0.157914,-0.161663,-0.120591,0.174217,0.158155,0.137323,0.015906,0.117198,-0.165864,0.016068,-0.222233,0.119953,0.015968,-0.118746,-0.176085,0.023184
0.030032,-0.010181,0.140269,0.213608,0.100813,0.108311,0.223054,-0.107633,0.123328,-0.162989,0.087270,0.157211,-0.153543,-0.121176,0.172227,0.159274,0.137311,0.015941,0.117602,-0.165754,0.016058,-0.220096,0.120124,0.016005,-0.075399,-0.174405,0.017379
0.037480,-0.011635,0.138222,0.221193,0.099808,0.108702,0.230616,-0.108816,0.121030,-0.155655,0.085546,0.155414,-0.146232,-0.123078,0.167742,0.160257,0.137147,0.015890,0.126278,-0.165064,0.020167,-0.205206,0.120642,0.015936,-0.064036,-0.173917,0.015824
0.044981,-0.012402,0.136286,0.228748,0.099402,0.108524,0.238280,-0.109301,0.119341,-0.148318,0.084498,0.153231,-0.138786,-0.124205,0.164048,0.161170,0.137065,0.015732,0.145717,-0.163816,0.028085,-0.183715,0.121314,0.015742,-0.063273,-0.174000,0.015748
0.053215,-0.012283,0.135266,0.237158,0.099666,0.109314,0.246704,-0.109053,0.119811,-0.140274,0.084486,0.150722,-0.130728,-0.124232,0.161219,0.162163,0.137086,0.015781,0.164052,-0.162638,0.035306,-0.161799,0.122338,0.017134,-0.062457,-0.173988,0.015605
0.061918,-0.011757,0.134993,0.246067,0.100275,0.110925,0.255612,-0.108431,0.121656,-0.131776,0.084917,0.148331,-0.122230,-0.123789,0.159062,0.163140,0.137153,0.015879,0.181264,-0.161536,0.041003,-0.141783,0.123386,0.019379,-0.061588,-0.173942,0.015743
0.070808,-0.011051,0.135187,0.255145,0.101015,0.112773,0.264666,-0.107667,0.123979,-0.123050,0.085565,0.146395,-0.113528,-0.123118,0.157600,0.164075,0.137225,0.015982,0.199805,-0.160384,0.045854,-0.124761,0.124455,0.023583,-0.060707,-0.173883,0.015825
0.079863,-0.010303,0.135716,0.264339,0.101808,0.114728,0.273856,-0.106849,0.126398,-0.114130,0.086242,0.145035,-0.104614,-0.122415,0.156705,0.164960,0.137324,0.016029,0.219926,-0.159139,0.050189,-0.109774,0.125546,0.029478,-0.059807,-0.173818,0.015851
0.089147,-0.009586,0.136569,0.273713,0.102598,0.116791,0.283259,-0.106035,0.128864,-0.104965,0.086862,0.144274,-0.095419,-0.121771,0.156347,0.165838,0.137404,0.016013,0.241189,-0.157860,0.054100,-0.094994,0.126641,0.036258,-0.058905,-0.173804,0.015843
0.098734,-0.008961,0.137644,0.283382,0.103273,0.118940,0.292921,-0.105350,0.131196,-0.095453,0.087429,0.144092,-0.085914,-0.121194,0.156348,0.166728,0.137462,0.015924,0.262219,-0.156726,0.056357,-0.078578,0.127796,0.042301,-0.057988,-0.173740,0.015974
0.108569,-0.008568,0.138423,0.293240,0.103770,0.120589,0.302827,-0.104860,0.132676,-0.085688,0.087724,0.144170,-0.076101,-0.120906,0.156257,0.167622,0.137501,0.015795,0.281900,-0.155883,0.055218,-0.058320,0.128831,0.045342,-0.056973,-0.173727,0.015990
0.118493,-0.008575,0.138122,0.303149,0.103857,0.120732,0.312772,-0.104810,0.132144,-0.075786,0.087659,0.144100,-0.066162,-0.121008,0.155512,0.168563,0.137479,0.015835,0.298643,-0.155652,0.047578,-0.031416,0.129782,0.043730,-0.055930,-0.173733,0.015980
0.128430,-0.009106,0.136176,0.312979,0.103481,0.118646,0.322700,-0.105253,0.128670,-0.065839,0.087042,0.143681,-0.056118,-0.121692,0.153706,0.169557,0.137422,0.015978,0.310026,-0.156170,0.029245,0.003312,0.130826,0.039825,-0.054842,-0.173805,0.015838
0.137721,-0.009953,0.132445,0.322140,0.102699,0.113994,0.331858,-0.106114,0.122194,-0.056416,0.086209,0.142697,-0.046698,-0.122604,0.150896,0.170531,0.137330,0.016008,0.309930,-0.156851,0.015680,0.042569,0.132143,0.035562,-0.053660,-0.173768,0.015793
0.146173,-0.009888,0.128319,0.330097,0.103522,0.109578,0.340755,-0.105208,0.118680,-0.048410,0.085433,0.137959,-0.037752,-0.123297,0.147060,0.193254,0.138003,0.015913,0.311011,-0.156759,0.015946,0.067981,0.131886,0.022336,-0.051403,-0.175271,0.015769
0.154729,-0.009064,0.124088,0.338525,0.104683,0.106146,0.349619,-0.103955,0.116704,-0.040161,0.085828,0.131471,-0.029067,-0.122811,0.142030,0.219763,0.139492,0.018252,0.312128,-0.156614,0.016070,0.070869,0.131452,0.015835,-0.049126,-0.175839,0.015778
0.163301,-0.008446,0.121721,0.347185,0.105277,0.104545,0.358228,-0.103345,0.115482,-0.031625,0.086454,0.127961,-0.020583,-0.122168,0.138898,0.255218,0.141700,0.022819,0.313230,-0.156516,0.016050,0.071557,0.131617,0.015915,-0.046242,-0.175559,0.015743
0.171824,-0.008179,0.120946,0.355804,0.105582,0.105094,0.366791,-0.103058,0.115733,-0.023142,0.086701,0.126159,-0.012155,-0.121939,0.136797,0.286582,0.143711,0.030614,0.314304,-0.156482,0.015963,0.072444,0.131689,0.015988,-0.037550,-0.175020,0.015762
0.180367,-0.008087,0.121124,0.364426,0.105786,0.107119,0.375401,-0.102886,0.117134,-0.014668,0.086711,0.125115,-0.003693,-0.121960,0.135129,0.309618,0.145160,0.038180,0.315344,-0.156471,0.015827,0.073289,0.131666,0.016003,-0.024956,-0.174374,0.015715
0.188871,-0.008072,0.121775,0.373045,0.105857,0.109889,0.383934,-0.102858,0.119060,-0.006191,0.086714,0.124491,0.004697,-0.122001,0.133662,0.326194,0.146059,0.043670,0.316323,-0.156483,0.015683,0.074235,0.131695,0.015931,-0.011411,-0.173577,0.015758
0.197290,-0.008144,0.122737,0.381556,0.105833,0.112906,0.392368,-0.102925,0.121140,0.002213,0.086636,0.124334,0.013025,-0.122122,0.132567,0.339442,0.146623,0.047606,0.317247,-0.156517,0.015785,0.075196,0.131680,0.015751,0.001292,-0.172833,0.017021
0.205634,-0.008278,0.123903,0.389969,0.105728,0.115861,0.400711,-0.103071,0.123098,0.010558,0.086515,0.124709,0.021300,-0.122284,0.131946,0.351366,0.147023,0.050767,0.318117,-0.156575,0.015841,0.076185,0.131648,0.015618,0.012798,-0.172124,0.020416
0.213918,-0.008381,0.125149,0.398295,0.105644,0.118475,0.408989,-0.103188,0.124762,0.018847,0.086426,0.125536,0.029541,-0.122406,0.131823,0.362793,0.147394,0.053294,0.318946,-0.156605,0.015934,0.077184,0.131638,0.015726,0.024029,-0.171427,0.025233
0.222170,-0.008373,0.126360,0.406581,0.105648,0.120619,0.417228,-0.103207,0.126175,0.027112,0.086461,0.126545,0.037759,-0.122394,0.132102,0.374095,0.147767,0.054834,0.319752,-0.156633,0.015982,0.078171,0.131644,0.015882,0.036237,-0.170705,0.030330
0.230524,-0.008186,0.127427,0.414944,0.105847,0.122257,0.425583,-0.103019,0.127387,0.035466,0.086647,0.127467,0.046104,-0.122220,0.132597,0.385445,0.148206,0.054632,0.320559,-0.156628,0.015975,0.079158,0.131655,0.015930,0.050618,-0.169925,0.034364
0.239124,-0.007774,0.128262,0.423566,0.106237,0.123398,0.434170,-0.102633,0.128453,0.044078,0.087084,0.128070,0.054682,-0.121786,0.133126,0.397138,0.148686,0.051857,0.321378,-0.156605,0.015929,0.080162,0.131723,0.015905,0.068395,-0.168955,0.036296
0.248093,-0.007084,0.128758,0.432556,0.106896,0.123969,0.443126,-0.101966,0.129402,0.053059,0.087798,0.128113,0.063629,-0.121064,0.133546,0.408898,0.149161,0.044695,0.322214,-0.156563,0.015813,0.081239,0.131830,0.015929,0.091498,-0.167722,0.035731
0.257486,-0.005901,0.128775,0.441949,0.108062,0.123551,0.452524,-0.100768,0.130107,0.062449,0.088965,0.127443,0.073024,-0.119864,0.133998,0.419996,0.149605,0.031948,0.323065,-0.156442,0.015823,0.082438,0.132008,0.015924,0.122451,-0.166031,0.033995
0.267277,-0.003956,0.128099,0.451669,0.110022,0.121051,0.462363,-0.098714,0.129980,0.072191,0.090802,0.126219,0.082884,-0.117933,0.135147,0.426789,0.149774,0.015285,0.323973,-0.156234,0.015895,0.083705,0.132220,0.015798,0.161907,-0.163760,0.034049
0.276568,-0.002304,0.127504,0.460981,0.111497,0.118416,0.471615,-0.097143,0.129399,0.081522,0.092535,0.125608,0.092156,-0.116105,0.136592,0.427950,0.149985,0.015830,0.324710,-0.156172,0.016007,0.084907,0.132495,0.015731,0.204789,-0.161259,0.035480
0.285546,-0.001995,0.126911,0.469980,0.111741,0.117450,0.480560,-0.096911,0.128255,0.090533,0.092921,0.125567,0.101113,-0.115732,0.136372,0.429061,0.149983,0.016008,0.334761,-0.155686,0.016004,0.086053,0.132580,0.015809,0.234187,-0.159869,0.033704
0.294145,-0.002502,0.125023,0.478692,0.111110,0.116324,0.489056,-0.097638,0.125359,0.099234,0.092633,0.124687,0.109597,-0.116115,0.133722,0.430186,0.149912,0.016087,0.352924,-0.154684,0.015870,0.089068,0.132962,0.015745,0.244322,-0.159846,0.021166
0.302473,-0.003273,0.122113,0.487063,0.110356,0.114621,0.497352,-0.098474,0.121615,0.107594,0.091928,0.122611,0.117883,-0.116902,0.129605,0.431289,0.149835,0.015971,0.380971,-0.153263,0.016350,0.094601,0.133237,0.015670,0.245123,-0.159975,0.015801
0.310683,-0.003311,0.120120,0.495230,0.110409,0.112955,0.505598,-0.098437,0.119335,0.115769,0.091814,0.120906,0.126136,-0.117031,0.127286,0.432361,0.149849,0.015847,0.414396,-0.151464,0.022021,0.103038,0.133496,0.015721,0.245893,-0.160020,0.015778
0.318948,-0.002739,0.119888,0.503465,0.111035,0.112817,0.513898,-0.097795,0.119594,0.123998,0.092317,0.120182,0.134430,-0.116513,0.126959,0.433386,0.149915,0.015753,0.435950,-0.150100,0.030818,0.114399,0.133979,0.015740,0.246763,-0.160038,0.015837
0.327219,-0.001854,0.121282,0.511752,0.111920,0.114634,0.522179,-0.096885,0.122152,0.132259,0.093177,0.120412,0.142686,-0.115628,0.127929,0.434317,0.150031,0.015803,0.448572,-0.149099,0.038764,0.127130,0.134688,0.015733,0.247650,-0.159953,0.015955
0.335487,-0.000782,0.123649,0.520030,0.113012,0.117641,0.530462,-0.095753,0.126180,0.140512,0.094189,0.121117,0.150945,-0.114576,0.129656,0.435170,0.150150,0.015787,0.457955,-0.148241,0.045007,0.140303,0.135411,0.015687,0.248593,-0.159890,0.015998
0.343708,0.000381,0.126280,0.528271,0.114182,0.121092,0.538674,-0.094536,0.130739,0.148742,0.095299,0.121820,0.159145,-0.113419,0.131467,0.435970,0.150277,0.015948,0.467657,-0.147363,0.049995,0.153317,0.136174,0.015629,0.249542,-0.159807,0.015974
0.351866,0.001583,0.128714,0.536469,0.115357,0.124443,0.546787,-0.093312,0.135189,0.156945,0.096478,0.122238,0.167262,-0.112191,0.132984,0.436728,0.150407,0.016011,0.479616,-0.146367,0.054256,0.166007,0.137011,0.015807,0.250439,-0.159677,0.015839
0.359980,0.002773,0.130786,0.544596,0.116556,0.127397,0.554857,-0.092058,0.139226,0.165103,0.097604,0.122347,0.175363,-0.111009,0.134176,0.437473,0.150551,0.016039,0.494209,-0.145215,0.058151,0.177839,0.137882,0.017833,0.251334,-0.159565,0.015759
0.368119,0.003895,0.132549,0.552745,0.117684,0.129983,0.562940,-0.090874,0.142793,0.173299,0.098664,0.122306,0.183494,-0.109895,0.135116,0.438216,0.150676,0.016022,0.510910,-0.143986,0.061735,0.189035,0.138858,0.021935,0.252234,-0.159467,0.015577
0.376352,0.004951,0.134251,0.560961,0.118782,0.132412,0.571129,-0.089723,0.146084,0.181576,0.099626,0.122418,0.191744,-0.108879,0.136089,0.438955,0.150797,0.015944,0.529381,-0.142667,0.065156,0.200493,0.139913,0.027296,0.253137,-0.159380,0.015713
0.384782,0.005955,0.136072,0.569362,0.119839,0.134798,0.579525,-0.088618,0.149195,0.190038,0.100527,0.122949,0.200201,-0.107929,0.137346,0.439694,0.150912,0.015820,0.548895,-0.141337,0.067910,0.213338,0.141048,0.032780,0.254051,-0.159313,0.015758
0.393421,0.006790,0.137746,0.577977,0.120718,0.136918,0.588138,-0.087705,0.151781,0.198704,0.101286,0.123712,0.208865,-0.107138,0.138575,0.440450,0.150999,0.015847,0.568506,-0.140204,0.068735,0.229187,0.142199,0.036880,0.254980,-0.159262,0.015824
0.402240,0.007183,0.138753,0.586755,0.121180,0.138361,0.596966,-0.087253,0.153058,0.207514,0.101620,0.124448,0.217725,-0.106814,0.139145,0.441232,0.151040,0.015993,0.586954,-0.139498,0.066026,0.250273,0.143240,0.038062,0.255925,-0.159244,0.015982
0.411237,0.006992,0.138492,0.595726,0.121032,0.138339,0.606004,-0.087462,0.152106,0.216469,0.101446,0.124879,0.226748,-0.107047,0.138646,0.442075,0.150985,0.016030,0.602572,-0.139533,0.056731,0.279596,0.144323,0.036456,0.256916,-0.159261,0.016024
0.420410,0.006233,0.136396,0.604846,0.120359,0.136055,0.615295,-0.088231,0.148122,0.225525,0.100698,0.124669,0.235975,-0.107892,0.136736,0.442946,0.150888,0.016037,0.612285,-0.140432,0.036332,0.317434,0.145745,0.035828,0.258065,-0.159352,0.016024
0.429340,0.005245,0.132181,0.613601,0.119644,0.130725,0.624484,-0.089040,0.140575,0.234197,0.099531,0.123787,0.245080,-0.109154,0.133637,0.443885,0.150940,0.015990,0.610304,-0.141229,0.015851,0.355557,0.147236,0.035097,0.259222,-0.159533,0.015958
0.437703,0.005009,0.127302,0.621395,0.120296,0.124587,0.633342,-0.088301,0.135040,0.242064,0.098318,0.119563,0.254011,-0.110279,0.130016,0.472655,0.151917,0.016002,0.611174,-0.141123,0.015888,0.373400,0.146402,0.019397,0.260220,-0.161231,0.015739
0.446505,0.005478,0.123028,0.630160,0.120813,0.119930,0.642182,-0.087775,0.130470,0.250827,0.098731,0.115585,0.262849,-0.109857,0.126125,0.509333,0.154268,0.017725,0.611901,-0.140891,0.015932,0.374132,0.146386,0.015938,0.261575,-0.161091,0.015764
0.455379,0.005894,0.120966,0.639064,0.121161,0.117154,0.651049,-0.087431,0.127677,0.259710,0.099218,0.114255,0.271695,-0.109373,0.124779,0.546787,0.156720,0.023578,0.612862,-0.140839,0.016051,0.374942,0.146455,0.015827,0.263009,-0.160956,0.015745
0.464230,0.006241,0.120386,0.647939,0.121467,0.116503,0.659884,-0.087139,0.126783,0.268575,0.099620,0.113990,0.280521,-0.108985,0.124269,0.577855,0.158884,0.032299,0.613923,-0.140807,0.016033,0.375817,0.146503,0.015819,0.267357,-0.160671,0.015645
0.472969,0.006371,0.120565,0.656717,0.121556,0.117376,0.668585,-0.087087,0.126977,0.277353,0.099828,0.114152,0.289221,-0.108815,0.123753,0.601300,0.160432,0.040380,0.614954,-0.140818,0.015949,0.376729,0.146532,0.015936,0.275927,-0.160116,0.015678
0.481561,0.006348,0.121261,0.665329,0.121526,0.119156,0.677149,-0.087163,0.127759,0.285972,0.099858,0.114763,0.297793,-0.108831,0.123365,0.618710,0.161446,0.046352,0.615948,-0.140805,0.015824,0.377707,0.146544,0.015990,0.286483,-0.159469,0.015735
0.490009,0.006207,0.122268,0.673810,0.121350,0.121483,0.685552,-0.087387,0.128947,0.294467,0.099800,0.115589,0.306209,-0.108937,0.123053,0.632542,0.162040,0.050477,0.616891,-0.140849,0.015721,0.378706,0.146527,0.015975,0.297953,-0.158788,0.015793
0.498306,0.006027,0.123442,0.682135,0.121126,0.124103,0.693798,-0.087655,0.130366,0.302815,0.099710,0.116519,0.314477,-0.109071,0.122782,0.644677,0.162462,0.053693,0.617784,-0.140879,0.015807,0.379722,0.146528,0.015888,0.309692,-0.158064,0.016636
0.506496,0.005806,0.124693,0.690346,0.120855,0.126724,0.701941,-0.087962,0.131770,0.311052,0.099574,0.117617,0.322647,-0.109243,0.122663,0.656086,0.162788,0.056454,0.618627,-0.140923,0.015847,0.380737,0.146514,0.015702,0.321094,-0.157361,0.019267
0.514641,0.005623,0.125929,0.698509,0.120618,0.129052,0.710047,-0.088226,0.132991,0.319234,0.099472,0.118867,0.330773,-0.109373,0.122805,0.667040,0.163075,0.058424,0.619440,-0.140968,0.015899,0.381765,0.146508,0.015662,0.332525,-0.156687,0.022915
0.522768,0.005516,0.127063,0.706635,0.120488,0.130992,0.718160,-0.088373,0.133982,0.327376,0.099405,0.120143,0.338901,-0.109456,0.123133,0.677938,0.163403,0.059340,0.620223,-0.140990,0.015947,0.382763,0.146492,0.015813,0.344935,-0.156022,0.026992
0.530972,0.005558,0.128044,0.714846,0.120500,0.132518,0.726351,-0.088371,0.134810,0.335594,0.099487,0.121277,0.347099,-0.109384,0.123569,0.688982,0.163784,0.058491,0.621020,-0.140999,0.015950,0.383774,0.146507,0.015943,0.359252,-0.155259,0.030375
0.539389,0.005856,0.128784,0.723278,0.120761,0.133540,0.734747,-0.088115,0.135555,0.344030,0.099826,0.122013,0.355499,-0.109050,0.124028,0.700261,0.164258,0.054753,0.621813,-0.140991,0.015910,0.384793,0.146561,0.015957,0.376764,-0.154291,0.032018
0.548140,0.006454,0.129204,0.732030,0.121357,0.133981,0.743490,-0.087517,0.136174,0.352789,0.100426,0.122235,0.364249,-0.108448,0.124428,0.711643,0.164845,0.046847,0.622622,-0.140933,0.015814,0.385832,0.146643,0.015879,0.399448,-0.153012,0.031683
0.557323,0.007591,0.129242,0.741237,0.122479,0.133420,0.752656,-0.086385,0.136624,0.361989,0.101567,0.121861,0.373408,-0.107296,0.125065,0.722264,0.165444,0.034266,0.623460,-0.140824,0.015821,0.387019,0.146834,0.015931,0.429287,-0.151208,0.030940
0.566975,0.009499,0.128774,0.750934,0.124369,0.130940,0.762313,-0.084450,0.136384,0.371637,0.103447,0.121165,0.383015,-0.105372,0.126609,0.729002,0.165736,0.016963,0.624318,-0.140643,0.015905,0.388298,0.147143,0.015869,0.466487,-0.148812,0.032422
0.576413,0.011360,0.128304,0.760350,0.126288,0.127895,0.771828,-0.082456,0.135564,0.380998,0.105176,0.121045,0.392477,-0.103568,0.128713,0.730176,0.166058,0.015762,0.625312,-0.140456,0.015959,0.389540,0.147329,0.015791,0.506403,-0.146236,0.036618
0.585474,0.012077,0.127908,0.769465,0.126905,0.126157,0.780879,-0.081828,0.134226,0.390069,0.105982,0.121589,0.401483,-0.102750,0.129658,0.731201,0.166104,0.015957,0.633177,-0.140027,0.015986,0.390710,0.147480,0.015819,0.536557,-0.144513,0.036619
0.594157,0.012020,0.126180,0.778304,0.126591,0.124077,0.789455,-0.082198,0.130952,0.398859,0.106238,0.121407,0.410010,-0.102551,0.128283,0.732217,0.166113,0.016081,0.652483,-0.138842,0.015897,0.393235,0.148001,0.015826,0.548655,-0.144067,0.025599
0.602766,0.011635,0.122875,0.787086,0.125938,0.121387,0.797926,-0.082917,0.126565,0.407606,0.106187,0.119185,0.418446,-0.102668,0.124364,0.733324,0.166060,0.016019,0.685417,-0.137017,0.016233,0.399544,0.148726,0.015644,0.550182,-0.144045,0.015874
0.611300,0.011726,0.120046,0.795622,0.126028,0.118619,0.806462,-0.082839,0.123278,0.416139,0.106292,0.116815,0.426979,-0.102575,0.121474,0.734422,0.166082,0.015892,0.718816,-0.135178,0.021632,0.408462,0.149160,0.015678,0.550909,-0.144024,0.015757
0.619707,0.012394,0.119169,0.803999,0.126736,0.117314,0.814895,-0.082117,0.122452,0.424520,0.106904,0.115887,0.435415,-0.101948,0.121025,0.735476,0.166188,0.015736,0.739571,-0.133842,0.030156,0.419159,0.149686,0.015700,0.551760,-0.143993,0.015802
0.628020,0.013382,0.120215,0.812312,0.127723,0.118231,0.823204,-0.081106,0.124274,0.432836,0.107869,0.116156,0.443729,-0.100959,0.122199,0.736440,0.166332,0.015798,0.751208,-0.132885,0.038110,0.431065,0.150400,0.015675,0.552598,-0.143889,0.015861
0.636260,0.014530,0.122438,0.820526,0.128916,0.120665,0.831450,-0.079874,0.127896,0.441070,0.108934,0.116980,0.451994,-0.099855,0.124211,0.737312,0.166470,0.015813,0.759499,-0.132064,0.044557,0.443278,0.151079,0.015621,0.553434,-0.143836,0.015963
0.644412,0.015789,0.125128,0.828665,0.130201,0.123761,0.839584,-0.078540,0.132280,0.449240,0.110118,0.117976,0.460159,-0.098623,0.126495,0.738122,0.166613,0.015909,0.767886,-0.131210,0.049710,0.455248,0.151804,0.015584,0.554435,-0.143751,0.015988
0.652468,0.017090,0.127756,0.836749,0.131461,0.126977,0.847568,-0.077230,0.136744,0.457368,0.111410,0.118768,0.468186,-0.097282,0.128535,0.738886,0.166754,0.015987,0.778224,-0.130258,0.054005,0.466957,0.152648,0.015772,0.555358,-0.143593,0.015947
0.660450,0.018356,0.130047,0.844728,0.132736,0.129929,0.855486,-0.075898,0.140921,0.465414,0.112611,0.119173,0.476172,-0.096023,0.130164,0.739625,0.166889,0.016022,0.791266,-0.129166,0.057728,0.478687,0.153441,0.016144,0.556257,-0.143491,0.015814
0.668427,0.019573,0.132001,0.852720,0.133928,0.132590,0.863369,-0.074651,0.144671,0.473485,0.113798,0.119332,0.484135,-0.094781,0.131413,0.740358,0.167025,0.016025,0.806978,-0.127949,0.061229,0.489540,0.154403,0.019201,0.557148,-0.143342,0.015693
0.676480,0.020687,0.133771,0.860759,0.135059,0.135043,0.871345,-0.073467,0.148054,0.481616,0.114842,0.119488,0.492202,-0.093685,0.132500,0.741085,0.167152,0.015988,0.824676,-0.126644,0.064555,0.500320,0.155426,0.023946,0.558032,-0.143234,0.015608
0.684680,0.021717,0.135597,0.868927,0.136131,0.137448,0.879485,-0.072348,0.151218,0.489875,0.115782,0.119976,0.500433,-0.092697,0.133745,0.741809,0.167269,0.015840,0.843774,-0.125283,0.067652,0.512057,0.156527,0.029358,0.558933,-0.143135,0.015751
0.693085,0.022648,0.137439,0.877288,0.137127,0.139680,0.887858,-0.071311,0.154055,0.498311,0.116607,0.120824,0.508882,-0.091831,0.135199,0.742538,0.167364,0.015781,0.863564,-0.123991,0.069489,0.525891,0.157652,0.034258,0.559847,-0.143097,0.015798
0.701678,0.023266,0.138847,0.885858,0.137775,0.141439,0.896428,-0.070653,0.155961,0.506928,0.117184,0.121733,0.517499,-0.091243,0.136255,0.743299,0.167419,0.015928,0.882709,-0.123057,0.068559,0.543872,0.158765,0.036883,0.560788,-0.143055,0.015850
0.710468,0.023338,0.139268,0.894591,0.137931,0.142147,0.905271,-0.070534,0.156036,0.515666,0.117210,0.122500,0.526345,-0.091255,0.136388,0.744075,0.167428,0.016021,0.899823,-0.122636,0.062774,0.568418,0.159800,0.036601,0.561747,-0.143071,0.016018
0.719458,0.022865,0.138119,0.903563,0.137488,0.140962,0.914351,-0.071057,0.153495,0.524565,0.116788,0.122743,0.535352,-0.091757,0.135275,0.744920,0.167367,0.016037,0.912796,-0.123064,0.048093,0.601947,0.161125,0.035230,0.562852,-0.143094,0.016023
0.728565,0.021877,0.134845,0.912533,0.136737,0.136900,0.923740,-0.071910,0.147170,0.533391,0.115665,0.122520,0.544597,-0.092982,0.132791,0.745714,0.167397,0.016013,0.914958,-0.124247,0.019294,0.640623,0.162721,0.035688,0.564029,-0.143259,0.015982
0.737140,0.021183,0.130229,0.920901,0.136387,0.131102,0.932598,-0.072283,0.140297,0.541682,0.114649,0.120160,0.553378,-0.094021,0.129355,0.753356,0.167490,0.016000,0.915801,-0.124275,0.015810,0.671156,0.163507,0.030170,0.565508,-0.143908,0.015851
0.745605,0.021671,0.125772,0.929091,0.137317,0.126170,0.941284,-0.071282,0.136296,0.549927,0.114624,0.115247,0.562120,-0.093975,0.125374,0.787422,0.169263,0.015869,0.916657,-0.124147,0.015901,0.677794,0.162860,0.015978,0.566759,-0.144607,0.015742
0.754523,0.022430,0.122948,0.938019,0.138061,0.122645,0.950214,-0.070506,0.133398,0.558833,0.115367,0.112498,0.571028,-0.093200,0.123251,0.823723,0.171641,0.019364,0.917592,-0.124055,0.015992,0.678536,0.162974,0.015911,0.567925,-0.144510,0.015789
0.763443,0.022999,0.122002,0.946989,0.138545,0.120972,0.959126,-0.070019,0.131846,0.567760,0.116017,0.112159,0.579897,-0.092547,0.123033,0.859395,0.174107,0.026425,0.918584,-0.124002,0.016083,0.679383,0.163076,0.015780,0.570351,-0.144288,0.015685
0.772327,0.023300,0.121935,0.955883,0.138832,0.120949,0.968011,-0.069752,0.131433,0.576644,0.116353,0.112437,0.588772,-0.092232,0.122921,0.888369,0.176169,0.034964,0.919616,-0.123951,0.016029,0.680296,0.163109,0.015837,0.576871,-0.143899,0.015664
0.781090,0.023380,0.122314,0.964670,0.138877,0.121996,0.976743,-0.069749,0.131688,0.585437,0.116510,0.112939,0.597510,-0.092116,0.122632,0.910087,0.177587,0.042211,0.920635,-0.123950,0.015911,0.681279,0.163126,0.015966,0.586432,-0.143300,0.015705
0.789706,0.023312,0.122999,0.973310,0.138769,0.123653,0.985321,-0.069907,0.132296,0.594092,0.116531,0.113701,0.606102,-0.092145,0.122345,0.926664,0.178491,0.047441,0.921611,-0.123964,0.015786,0.682255,0.163122,0.015990,0.597352,-0.142628,0.015759
0.798165,0.023113,0.123857,0.981800,0.138507,0.125737,0.993725,-0.070221,0.133157,0.602606,0.116447,0.114557,0.614530,-0.092281,0.121977,0.940465,0.179051,0.051257,0.922532,-0.124014,0.015759,0.683274,0.163103,0.015954,0.609190,-0.141913,0.015819
0.806467,0.022881,0.124847,0.990124,0.138213,0.127990,1.001975,-0.070560,0.134164,0.610959,0.116321,0.115530,0.622810,-0.092452,0.121705,0.952825,0.179458,0.054272,0.923403,-0.124063,0.015821,0.684284,0.163077,0.015787,0.620767,-0.141188,0.017651
0.814677,0.022667,0.125924,0.998352,0.137936,0.130143,1.010143,-0.070872,0.135125,0.619211,0.116206,0.116722,0.631002,-0.092602,0.121704,0.964521,0.179808,0.056691,0.924244,-0.124105,0.015836,0.685326,0.163064,0.015676,0.632178,-0.140475,0.020951
0.822850,0.022472,0.126990,1.006540,0.137684,0.132049,1.018289,-0.071150,0.135915,0.627412,0.116095,0.118064,0.639161,-0.092739,0.121931,0.975904,0.180121,0.058144,0.925048,-0.124147,0.015924,0.686356,0.163046,0.015727,0.644229,-0.139779,0.024971
0.831043,0.022419,0.127983,1.014739,0.137594,0.133615,1.026471,-0.071255,0.136616,0.635616,0.116093,0.119350,0.647348,-0.092756,0.122352,0.987250,0.180492,0.058126,0.925847,-0.124168,0.015957,0.687381,0.163040,0.015913,0.657774,-0.139042,0.028796
0.839372,0.022579,0.128810,1.023075,0.137727,0.134769,1.034790,-0.071130,0.137250,0.643953,0.116289,0.120370,0.655669,-0.092568,0.122851,0.998715,0.180946,0.055730,0.926653,-0.124162,0.015945,0.688405,0.163067,0.015955,0.673849,-0.138159,0.031393
0.847960,0.023048,0.129359,1.031684,0.138158,0.135401,1.043358,-0.070702,0.137836,0.652563,0.116799,0.120882,0.664237,-0.092061,0.123317,1.010247,0.181485,0.049743,0.927463,-0.124125,0.015893,0.689438,0.163161,0.015939,0.694094,-0.136981,0.031945
0.856937,0.023930,0.129578,1.040691,0.139010,0.135257,1.052311,-0.069845,0.138336,0.661564,0.117704,0.120820,0.673184,-0.091150,0.123899,1.021531,0.182055,0.039319,0.928287,-0.124077,0.015788,0.690562,0.163296,0.015904,0.720730,-0.135397,0.031164
0.866386,0.025490,0.129375,1.050187,0.140556,0.133648,1.061755,-0.068270,0.138381,0.671017,0.119250,0.120369,0.682586,-0.089576,0.125103,1.030520,0.182523,0.024457,0.929126,-0.123927,0.015853,0.691812,0.163565,0.015894,0.754762,-0.133227,0.031695
0.875928,0.027561,0.128691,1.059707,0.142734,0.129951,1.071406,-0.066010,0.137285,0.680450,0.121132,0.120096,0.692149,-0.087612,0.127431,1.031848,0.182709,0.015746,0.930010,-0.123748,0.015918,0.693013,0.163721,0.015802,0.794257,-0.130680,0.035182
0.885104,0.028755,0.128246,1.068960,0.143808,0.127252,1.080589,-0.064896,0.135733,0.689619,0.122407,0.120760,0.701248,-0.086297,0.129240,1.032912,0.182833,0.015918,0.930863,-0.123663,0.015994,0.694177,0.163951,0.015733,0.828604,-0.128504,0.037077
