0.018551,-0.011045,0.360468,0.207595,0.095252,0.362503,0.209392,-0.113890,0.367093,-0.172290,0.091799,0.353843,-0.170494,-0.117343,0.358432,0.238978,0.137790,0.216925,0.209323,-0.163161,0.193551,-0.177917,0.133233,0.172492,-0.166450,-0.166160,0.203989
0.028336,-0.016888,0.360056,0.217203,0.089622,0.365163,0.219199,-0.119538,0.368726,-0.162528,0.085763,0.351386,-0.160531,-0.123397,0.354949,0.250262,0.132464,0.193016,0.189637,-0.168549,0.176780,-0.180479,0.128168,0.182191,-0.149453,-0.171802,0.175799
0.038445,-0.022688,0.356074,0.227663,0.083108,0.362776,0.228868,-0.126069,0.365684,-0.151979,0.080693,0.346464,-0.150774,-0.128484,0.349372,0.244401,0.125880,0.162886,0.178283,-0.174619,0.164026,-0.171771,0.123448,0.160505,-0.124411,-0.176734,0.137410
0.048328,-0.028294,0.348632,0.237964,0.076728,0.355687,0.238263,-0.132434,0.359628,-0.141606,0.075847,0.337635,-0.141307,-0.133316,0.341576,0.228928,0.117935,0.130719,0.186050,-0.181898,0.150947,-0.148730,0.117252,0.123035,-0.105468,-0.183297,0.098772
0.057411,-0.033699,0.337200,0.247150,0.071154,0.344003,0.247145,-0.137948,0.350415,-0.132322,0.070549,0.323984,-0.132327,-0.138552,0.330397,0.214685,0.109149,0.100180,0.214264,-0.189976,0.136551,-0.105103,0.108685,0.084785,-0.102070,-0.192130,0.066074
0.065998,-0.038994,0.321438,0.255589,0.066122,0.328313,0.255698,-0.142866,0.337732,-0.123702,0.064879,0.305144,-0.123593,-0.144109,0.314563,0.205440,0.099925,0.069456,0.254584,-0.197987,0.124186,-0.054871,0.099236,0.057192,-0.112889,-0.202119,0.036761
0.074657,-0.043585,0.302459,0.265038,0.060119,0.308940,0.263541,-0.148806,0.319563,-0.114226,0.061636,0.285355,-0.115723,-0.147288,0.295978,0.203134,0.092415,0.040342,0.289646,-0.205278,0.107651,-0.018706,0.093874,0.037789,-0.119293,-0.207008,0.016002
0.085629,-0.044884,0.284330,0.278634,0.054013,0.281244,0.272398,-0.154665,0.294643,-0.101141,0.064897,0.274016,-0.107377,-0.143780,0.287415,0.199078,0.084918,0.015922,0.305926,-0.214202,0.092615,-0.006504,0.092219,0.033962,-0.118392,-0.206468,0.015597
0.098618,-0.045742,0.267895,0.291103,0.053489,0.255899,0.285843,-0.155223,0.269172,-0.088608,0.063739,0.266617,-0.093867,-0.144973,0.279890,0.198477,0.086113,0.015861,0.303371,-0.213959,0.068881,0.023131,0.091628,0.033100,-0.117321,-0.206743,0.015657
0.112267,-0.047037,0.253044,0.304416,0.051725,0.233924,0.299130,-0.156987,0.247190,-0.074597,0.062912,0.258897,-0.079883,-0.145800,0.272164,0.198637,0.086103,0.015901,0.297841,-0.215369,0.044885,0.055344,0.091150,0.038201,-0.116022,-0.206740,0.015736
0.126732,-0.048742,0.238972,0.318270,0.049731,0.213331,0.313065,-0.159008,0.226212,-0.059601,0.061523,0.251731,-0.064806,-0.147215,0.264613,0.199259,0.086062,0.015847,0.297909,-0.216545,0.025840,0.082129,0.090683,0.043394,-0.114755,-0.206873,0.015823
0.141731,-0.050957,0.224919,0.332460,0.047337,0.193266,0.327322,-0.161456,0.205243,-0.043859,0.059543,0.244594,-0.048998,-0.149251,0.256571,0.200204,0.085951,0.015794,0.299353,-0.217161,0.016012,0.101781,0.090056,0.045138,-0.113504,-0.207002,0.015986
0.156281,-0.053005,0.211687,0.346657,0.044910,0.176893,0.341118,-0.163933,0.187784,-0.028557,0.057923,0.235591,-0.034096,-0.150920,0.246482,0.201417,0.085892,0.015852,0.299842,-0.217326,0.015966,0.116201,0.089391,0.039606,-0.110929,-0.206432,0.015939
0.169914,-0.054737,0.198167,0.360262,0.043237,0.163382,0.354668,-0.165642,0.173523,-0.014840,0.056168,0.222811,-0.020433,-0.152712,0.232951,0.202646,0.085824,0.016009,0.300701,-0.217368,0.015909,0.121512,0.088502,0.026413,-0.105993,-0.206097,0.023725
0.182522,-0.055817,0.183052,0.373351,0.042087,0.150799,0.367529,-0.166795,0.160752,-0.002486,0.055161,0.205351,-0.008307,-0.153721,0.215305,0.209269,0.085755,0.015988,0.301780,-0.217388,0.015816,0.122513,0.088162,0.015759,-0.090393,-0.205196,0.042307
0.194042,-0.056889,0.168141,0.385419,0.041155,0.139795,0.379556,-0.167728,0.149696,0.008528,0.053951,0.186586,0.002665,-0.154932,0.196487,0.227287,0.085470,0.020742,0.302894,-0.217444,0.015759,0.123706,0.088145,0.015856,-0.058465,-0.205249,0.059067
0.205536,-0.058102,0.155119,0.397607,0.040283,0.133434,0.391762,-0.168617,0.142987,0.019310,0.052414,0.167251,0.013464,-0.156486,0.176805,0.256732,0.084832,0.026113,0.304127,-0.217497,0.015806,0.124757,0.088060,0.015965,-0.019249,-0.206190,0.065193
0.217838,-0.059368,0.144267,0.410585,0.039383,0.132509,0.404641,-0.169541,0.141458,0.031036,0.050805,0.147076,0.025092,-0.158119,0.156025,0.297008,0.083686,0.028902,0.305375,-0.217602,0.015979,0.125812,0.088005,0.016017,0.018042,-0.207322,0.065121
0.231354,-0.060478,0.136066,0.424184,0.038807,0.136233,0.418281,-0.170141,0.144637,0.044426,0.049184,0.127496,0.038523,-0.159763,0.135900,0.345625,0.082319,0.031510,0.306663,-0.217666,0.016004,0.126959,0.087870,0.015919,0.050350,-0.208622,0.060817
0.245647,-0.061251,0.131187,0.437871,0.038497,0.143098,0.431961,-0.170462,0.151214,0.059333,0.047961,0.111159,0.053424,-0.160998,0.119276,0.395043,0.081170,0.039084,0.307864,-0.217713,0.015849,0.128248,0.087807,0.015723,0.078986,-0.209772,0.053661
0.260090,-0.061712,0.129596,0.451271,0.038488,0.150830,0.445428,-0.170472,0.158964,0.074752,0.047047,0.100229,0.068909,-0.161913,0.108362,0.434472,0.080412,0.046826,0.309061,-0.217734,0.015766,0.129861,0.087722,0.015799,0.107321,-0.210941,0.045370
0.274338,-0.061953,0.130265,0.464641,0.038557,0.157164,0.458832,-0.170395,0.165528,0.089844,0.046489,0.095001,0.084035,-0.162463,0.103365,0.462696,0.079603,0.044422,0.310261,-0.217757,0.015892,0.131823,0.087661,0.015924,0.133170,-0.211931,0.038441
0.288540,-0.061968,0.131827,0.478510,0.038712,0.160396,0.472717,-0.170220,0.169260,0.104362,0.046285,0.094393,0.098570,-0.162647,0.103257,0.479648,0.078521,0.026799,0.311506,-0.217761,0.015998,0.133986,0.087647,0.016030,0.154564,-0.212841,0.029397
0.302635,-0.061605,0.134149,0.492457,0.039414,0.162500,0.486883,-0.169481,0.172314,0.118387,0.046270,0.095983,0.112813,-0.162625,0.105797,0.481545,0.078326,0.015721,0.312714,-0.217694,0.015998,0.136284,0.087546,0.015895,0.168581,-0.213883,0.015254
0.315903,-0.060980,0.140288,0.505339,0.040299,0.170251,0.499746,-0.168540,0.181200,0.132060,0.046580,0.099376,0.126466,-0.162258,0.110325,0.482944,0.078351,0.016206,0.315474,-0.217797,0.015942,0.136549,0.087885,0.021107,0.170506,-0.213918,0.015880
0.328194,-0.060675,0.149272,0.516509,0.041015,0.184456,0.510973,-0.167810,0.195692,0.145414,0.046461,0.102852,0.139879,-0.162364,0.114088,0.484398,0.078345,0.016212,0.345693,-0.218608,0.016380,0.139733,0.088951,0.043540,0.172244,-0.214034,0.015958
0.340099,-0.060457,0.159848,0.526823,0.041646,0.201684,0.521316,-0.167182,0.212874,0.158883,0.046267,0.106822,0.153375,-0.162561,0.118012,0.485930,0.078304,0.015962,0.379315,-0.219203,0.021867,0.151553,0.089904,0.067869,0.173986,-0.214105,0.015935
0.351665,-0.060059,0.171497,0.536689,0.042464,0.219419,0.531210,-0.166360,0.230698,0.172121,0.046243,0.112295,0.166642,-0.162581,0.123574,0.487464,0.078289,0.015796,0.409913,-0.219608,0.028917,0.166569,0.090496,0.085914,0.175562,-0.214167,0.015818
0.362759,-0.059536,0.184086,0.546136,0.043363,0.237243,0.540665,-0.165452,0.248677,0.184852,0.046380,0.119494,0.179381,-0.162435,0.130929,0.488949,0.078267,0.015754,0.442682,-0.220121,0.034982,0.181306,0.090978,0.100707,0.176758,-0.214209,0.015717
0.373535,-0.058952,0.197124,0.555456,0.044259,0.254514,0.549970,-0.164547,0.266131,0.197101,0.046642,0.128118,0.191615,-0.162163,0.139734,0.490486,0.078231,0.015968,0.479590,-0.220786,0.040498,0.194980,0.091426,0.113609,0.177634,-0.214229,0.015764
0.384083,-0.058348,0.209806,0.564906,0.045094,0.270171,0.559392,-0.163699,0.281978,0.208773,0.047004,0.137634,0.203260,-0.161790,0.149442,0.491986,0.078188,0.016047,0.520300,-0.221538,0.046219,0.207132,0.091794,0.123643,0.178146,-0.214225,0.015751
0.394627,-0.057671,0.221370,0.574938,0.045943,0.282957,0.569423,-0.162834,0.295044,0.219830,0.047493,0.147696,0.214315,-0.161285,0.159782,0.493578,0.078178,0.015960,0.563380,-0.222263,0.052419,0.217574,0.091989,0.128590,0.178380,-0.214216,0.015745
0.405312,-0.056906,0.231276,0.585895,0.046781,0.291937,0.580386,-0.161973,0.304428,0.230237,0.048161,0.158125,0.224728,-0.160593,0.170616,0.497816,0.078134,0.015858,0.606410,-0.222854,0.059619,0.226871,0.091865,0.125839,0.178364,-0.214183,0.015746
0.416485,-0.056101,0.239460,0.598035,0.047548,0.297231,0.592519,-0.161173,0.310262,0.240451,0.048971,0.168658,0.234934,-0.159749,0.181688,0.499313,0.078154,0.015998,0.646674,-0.223279,0.068066,0.237883,0.091206,0.114398,0.178176,-0.214164,0.015744
0.428196,-0.055233,0.245823,0.611342,0.048221,0.298701,0.605782,-0.160456,0.312400,0.250610,0.049990,0.179245,0.245050,-0.158687,0.192945,0.500679,0.078177,0.016039,0.679788,-0.223666,0.073638,0.256144,0.089616,0.091049,0.177869,-0.214094,0.015748
0.440434,-0.054350,0.250194,0.625594,0.048792,0.296222,0.620041,-0.159836,0.310652,0.260826,0.051136,0.189737,0.255273,-0.157492,0.204167,0.501809,0.078280,0.015996,0.703021,-0.223977,0.074141,0.288847,0.087095,0.061496,0.177423,-0.214028,0.015726
0.453018,-0.053543,0.252161,0.640352,0.049119,0.289678,0.634785,-0.159448,0.304945,0.271252,0.052362,0.199376,0.265684,-0.156206,0.214643,0.502629,0.078345,0.015917,0.715607,-0.224504,0.068455,0.337010,0.084402,0.038274,0.176937,-0.213987,0.015689
0.465900,-0.053026,0.251584,0.655150,0.049087,0.279842,0.649668,-0.159438,0.295711,0.282133,0.053386,0.207457,0.276651,-0.155140,0.223326,0.504248,0.078563,0.015866,0.718827,-0.225008,0.057156,0.387850,0.082758,0.030782,0.176609,-0.213909,0.015677
0.479050,-0.053045,0.248424,0.669896,0.048352,0.266796,0.664449,-0.160145,0.283033,0.293650,0.054055,0.213816,0.288204,-0.154443,0.230053,0.505931,0.078693,0.015821,0.715657,-0.225752,0.043349,0.428489,0.082063,0.033108,0.176680,-0.213820,0.015782
0.492165,-0.053772,0.242425,0.684212,0.046706,0.250371,0.678682,-0.161790,0.266606,0.305648,0.054246,0.218245,0.300117,-0.154250,0.234479,0.508121,0.078719,0.015846,0.708486,-0.226771,0.027898,0.456099,0.081650,0.035768,0.178109,-0.213640,0.015861
0.505100,-0.055262,0.233465,0.697907,0.044039,0.230987,0.692014,-0.164492,0.246630,0.318187,0.053969,0.220299,0.312294,-0.154563,0.235942,0.509535,0.078822,0.015872,0.700884,-0.227634,0.016060,0.473130,0.081241,0.034411,0.184147,-0.213051,0.015793
0.517479,-0.056673,0.222487,0.710297,0.042018,0.211417,0.704437,-0.166534,0.226795,0.330521,0.053188,0.218180,0.324661,-0.155364,0.233558,0.514810,0.078688,0.015928,0.700335,-0.227551,0.016028,0.483426,0.080334,0.026288,0.195467,-0.213177,0.018557
0.529274,-0.057581,0.209554,0.722026,0.040497,0.193173,0.715933,-0.168031,0.208785,0.342615,0.052869,0.210323,0.336521,-0.155659,0.225935,0.523026,0.078639,0.015932,0.700173,-0.227597,0.016044,0.484752,0.079765,0.016023,0.212835,-0.212334,0.029690
0.540562,-0.058395,0.195445,0.733272,0.039456,0.177306,0.727102,-0.169029,0.193449,0.354021,0.052239,0.197440,0.347851,-0.156246,0.213583,0.539024,0.078575,0.019297,0.700313,-0.227577,0.016077,0.485951,0.079883,0.015898,0.242019,-0.211472,0.048897
0.551975,-0.059422,0.181312,0.744738,0.038689,0.165247,0.738702,-0.169758,0.181933,0.365249,0.050914,0.180691,0.359212,-0.157532,0.197377,0.559309,0.078569,0.026528,0.700844,-0.227548,0.016129,0.487051,0.079809,0.015881,0.282014,-0.211751,0.061946
0.563873,-0.060802,0.167844,0.756828,0.037775,0.158243,0.750742,-0.170671,0.174911,0.377004,0.049066,0.160776,0.370919,-0.159380,0.177445,0.585206,0.078555,0.035133,0.701718,-0.227557,0.016064,0.488126,0.079856,0.015950,0.325393,-0.212439,0.067723
0.576534,-0.062548,0.155979,0.769306,0.036846,0.157063,0.763199,-0.171644,0.173161,0.389869,0.046549,0.138797,0.383763,-0.161941,0.154895,0.616846,0.077865,0.039834,0.702805,-0.227621,0.015921,0.489121,0.079769,0.016046,0.365469,-0.213631,0.069148
0.590073,-0.064295,0.147077,0.781769,0.036054,0.162038,0.775610,-0.172505,0.177200,0.404535,0.043915,0.116954,0.398376,-0.164643,0.132117,0.655367,0.076424,0.038912,0.704020,-0.227721,0.015715,0.490089,0.079641,0.016028,0.398955,-0.215048,0.066120
0.604004,-0.065607,0.142640,0.793454,0.035641,0.172620,0.787176,-0.172975,0.186928,0.420832,0.041761,0.098353,0.414554,-0.166855,0.112660,0.701276,0.074698,0.037101,0.705226,-0.227827,0.015743,0.491281,0.079564,0.015906,0.426836,-0.216533,0.058264
0.617603,-0.066341,0.143468,0.803916,0.035746,0.187138,0.797563,-0.172903,0.200917,0.437644,0.040220,0.086020,0.431291,-0.168429,0.099799,0.748926,0.073305,0.040485,0.706422,-0.227911,0.015988,0.492916,0.079457,0.015592,0.451946,-0.217985,0.048952
0.630287,-0.066645,0.148602,0.813499,0.036127,0.202572,0.807146,-0.172543,0.216040,0.453429,0.039253,0.081165,0.447076,-0.169416,0.094632,0.788327,0.072284,0.044925,0.707590,-0.227984,0.016055,0.495039,0.079336,0.015837,0.476017,-0.219442,0.039172
0.642330,-0.066973,0.156005,0.823584,0.036056,0.215783,0.817228,-0.172648,0.228700,0.467432,0.038703,0.083310,0.461076,-0.170001,0.096228,0.815415,0.071153,0.042743,0.708797,-0.228068,0.016017,0.497488,0.079184,0.016068,0.496483,-0.220768,0.029495
0.654484,-0.067556,0.163400,0.835241,0.035286,0.224974,0.828846,-0.173468,0.237032,0.480121,0.038355,0.089769,0.473727,-0.170399,0.101826,0.830216,0.069884,0.032747,0.710045,-0.228150,0.015870,0.499919,0.079036,0.016016,0.512232,-0.222054,0.016500
0.667130,-0.067429,0.169378,0.848873,0.035110,0.228507,0.842115,-0.173599,0.241135,0.492144,0.038742,0.097621,0.485386,-0.169967,0.110249,0.829323,0.068447,0.016077,0.717292,-0.228746,0.015830,0.502013,0.079026,0.015757,0.513814,-0.222151,0.015933
0.679405,-0.066986,0.175613,0.861599,0.035597,0.233262,0.854812,-0.173076,0.246454,0.503998,0.039104,0.104773,0.497211,-0.169569,0.117965,0.830478,0.068444,0.016093,0.736859,-0.229385,0.015838,0.503443,0.079843,0.028154,0.515332,-0.222171,0.015979
0.691120,-0.066895,0.183131,0.873116,0.035748,0.241296,0.866357,-0.172927,0.254477,0.515883,0.039138,0.111785,0.509124,-0.169537,0.124967,0.831758,0.068404,0.015749,0.767398,-0.230102,0.019933,0.509533,0.081224,0.053463,0.516647,-0.222240,0.015816
0.702576,-0.066856,0.191831,0.884320,0.035802,0.250752,0.877567,-0.172883,0.263787,0.527584,0.039170,0.119875,0.520832,-0.169514,0.132910,0.833079,0.068343,0.015743,0.798434,-0.230712,0.026396,0.520964,0.082374,0.078695,0.517657,-0.222299,0.015633
0.713951,-0.066799,0.201639,0.895520,0.035846,0.261121,0.888771,-0.172850,0.273974,0.539131,0.039252,0.129305,0.532383,-0.169444,0.142157,0.834413,0.068285,0.015979,0.833492,-0.231447,0.033248,0.534240,0.083148,0.099718,0.518410,-0.222338,0.015721
0.725456,-0.066725,0.212043,0.907042,0.035866,0.271564,0.900296,-0.172841,0.284234,0.550617,0.039391,0.139851,0.543870,-0.169316,0.152521,0.835825,0.068213,0.016048,0.873879,-0.232322,0.040824,0.547077,0.083574,0.115326,0.518884,-0.222371,0.015724
0.737186,-0.066624,0.222092,0.919166,0.035871,0.280569,0.912442,-0.172844,0.293112,0.561931,0.039597,0.151072,0.555207,-0.169119,0.163616,0.837308,0.068162,0.015978,0.917266,-0.233231,0.048903,0.558534,0.083601,0.123435,0.519073,-0.222397,0.015746
0.749203,-0.066517,0.230915,0.932105,0.035792,0.286778,0.925398,-0.172926,0.299278,0.573008,0.039893,0.162552,0.566300,-0.168826,0.175053,0.838783,0.068115,0.015773,0.960907,-0.234100,0.057549,0.569482,0.083100,0.121470,0.519044,-0.222402,0.015757
0.761642,-0.066395,0.237928,0.946001,0.035618,0.289372,0.939278,-0.173094,0.301977,0.584007,0.040304,0.173880,0.577284,-0.168407,0.186484,0.840130,0.068075,0.015999,1.000525,-0.234938,0.064949,0.583797,0.081844,0.107260,0.518872,-0.222392,0.015759
0.774624,-0.066269,0.242881,0.960818,0.035363,0.288089,0.954101,-0.173336,0.300896,0.595147,0.040799,0.184866,0.588430,-0.167901,0.197673,0.841384,0.068072,0.016035,1.031244,-0.235657,0.068207,0.608849,0.079581,0.081626,0.518593,-0.222376,0.015758
0.788055,-0.066154,0.245487,0.976263,0.035005,0.282711,0.969573,-0.173678,0.295798,0.606538,0.041369,0.195176,0.599847,-0.167314,0.208263,0.842383,0.068135,0.016011,1.050133,-0.236333,0.064417,0.651932,0.076535,0.052603,0.518262,-0.222335,0.015735
0.801746,-0.066132,0.245413,0.991869,0.034473,0.273219,0.985228,-0.174190,0.286632,0.618265,0.041927,0.204193,0.611624,-0.166737,0.217607,0.843333,0.068230,0.015951,1.057135,-0.237096,0.052508,0.707620,0.073811,0.035585,0.517884,-0.222298,0.015720
0.815678,-0.066357,0.242452,1.007407,0.033582,0.259576,1.000809,-0.175065,0.273274,0.630546,0.042352,0.211629,0.623948,-0.166295,0.225327,0.844318,0.068311,0.015883,1.054432,-0.237940,0.035527,0.757198,0.072267,0.034183,0.517674,-0.222273,0.015614
0.829643,-0.067230,0.236602,1.022511,0.031818,0.242297,1.015804,-0.176829,0.255929,0.643483,0.042369,0.217276,0.636775,-0.166279,0.230907,0.844980,0.068299,0.015808,1.045013,-0.238987,0.016407,0.792059,0.071399,0.037222,0.518437,-0.222093,0.015887
0.843227,-0.068449,0.228725,1.036523,0.029825,0.224213,1.029715,-0.178841,0.237516,0.656740,0.041943,0.219935,0.649932,-0.166723,0.233237,0.845647,0.068337,0.015875,1.044472,-0.239015,0.015943,0.813839,0.070741,0.037305,0.521639,-0.221869,0.017304
0.855923,-0.069368,0.219501,1.049124,0.028429,0.207241,1.042334,-0.180233,0.220620,0.669512,0.041496,0.218382,0.662722,-0.167165,0.231762,0.848021,0.068276,0.015978,1.044196,-0.238984,0.015946,0.823369,0.070219,0.033765,0.530753,-0.222017,0.019999
0.867741,-0.070065,0.208958,1.060791,0.027326,0.191991,1.053896,-0.181314,0.205643,0.681585,0.041185,0.212274,0.674691,-0.167455,0.225926,0.859320,0.068037,0.015955,1.044187,-0.238977,0.015962,0.820857,0.069756,0.022795,0.546769,-0.221140,0.037336
0.879478,-0.070503,0.196311,1.072503,0.026650,0.177770,1.065506,-0.181937,0.192156,0.693451,0.040931,0.200466,0.686454,-0.167657,0.214853,0.875484,0.067798,0.017635,1.044441,-0.238961,0.016037,0.820281,0.069522,0.015781,0.574509,-0.220607,0.053588
0.891205,-0.071350,0.182858,1.084266,0.025986,0.165707,1.077400,-0.182562,0.180714,0.705010,0.039862,0.185002,0.698144,-0.168687,0.200008,0.895740,0.067547,0.023415,1.044967,-0.238932,0.016091,0.821495,0.069450,0.015893,0.613634,-0.221189,0.065308
0.903240,-0.072519,0.169969,1.096553,0.025121,0.158237,1.089604,-0.183416,0.173348,0.716876,0.038378,0.166591,0.709927,-0.170160,0.181702,0.921325,0.067440,0.032454,1.045825,-0.238940,0.016184,0.822694,0.069534,0.016001,0.657008,-0.222108,0.069678
0.915878,-0.074072,0.158667,1.109176,0.024278,0.156531,1.102252,-0.184291,0.171223,0.729504,0.036147,0.146111,0.722581,-0.172422,0.160803,0.952647,0.066774,0.038877,1.046917,-0.238977,0.015973,0.823811,0.069443,0.016047,0.698139,-0.223535,0.070836
0.929325,-0.075647,0.149845,1.121908,0.023530,0.160650,1.114932,-0.185085,0.174635,0.743718,0.033791,0.125056,0.736742,-0.174825,0.139040,0.990648,0.065368,0.039396,1.048173,-0.239077,0.015807,0.824927,0.069338,0.015949,0.733006,-0.225022,0.068256
0.943298,-0.076927,0.144821,1.134117,0.023071,0.169915,1.127042,-0.185587,0.183192,0.759554,0.031733,0.106451,0.752480,-0.176926,0.119728,1.036094,0.063556,0.037802,1.049441,-0.239179,0.015740,0.826253,0.069266,0.015724,0.762124,-0.226561,0.060948
0.957031,-0.077719,0.144539,1.145206,0.023094,0.182857,1.138099,-0.185590,0.195718,0.775963,0.030152,0.093360,0.768857,-0.178531,0.106220,1.084095,0.061952,0.040312,1.050684,-0.239256,0.015914,0.827911,0.069162,0.015741,0.788223,-0.228135,0.051350
0.969971,-0.078085,0.148519,1.155462,0.023378,0.196888,1.148347,-0.185317,0.209546,0.791594,0.029148,0.087493,0.784480,-0.179548,0.100151,1.125338,0.060745,0.044885,1.051865,-0.239326,0.016029,0.830016,0.069053,0.015858,0.813264,-0.229672,0.041078
0.982368,-0.078463,0.155069,1.166112,0.023259,0.209219,1.158969,-0.185462,0.221436,0.805768,0.028537,0.088702,0.798625,-0.180184,0.100919,1.154813,0.059484,0.043232,1.053077,-0.239415,0.016029,0.832420,0.068923,0.015987,0.834976,-0.231066,0.031155
0.994987,-0.078995,0.161956,1.178211,0.022638,0.218000,1.171044,-0.186119,0.229556,0.818931,0.028130,0.094357,0.811764,-0.180628,0.105913,1.171759,0.058179,0.033246,1.054325,-0.239483,0.015930,0.834744,0.068788,0.015866,0.852414,-0.232416,0.018366
1.008110,-0.079136,0.167404,1.191945,0.022328,0.221725,1.184719,-0.186428,0.233275,0.831501,0.028156,0.101533,0.824275,-0.180600,0.113083,1.173917,0.057111,0.015892,1.055635,-0.239535,0.015857,0.836643,0.068775,0.015691,0.854811,-0.232575,0.015999
1.020752,-0.078848,0.173275,1.205111,0.022627,0.225771,1.197869,-0.186099,0.237835,0.843635,0.028403,0.108715,0.836393,-0.180323,0.120779,1.174989,0.057109,0.016134,1.060658,-0.239712,0.016018,0.838984,0.069334,0.025944,0.856312,-0.232624,0.015986
1.032372,-0.078794,0.181211,1.216402,0.022769,0.234677,1.209187,-0.185958,0.246736,0.855556,0.028369,0.115687,0.848341,-0.180358,0.127745,1.176310,0.057073,0.015958,1.083621,-0.240376,0.018143,0.846410,0.070853,0.057090,0.857632,-0.232697,0.015851
1.043655,-0.078913,0.190488,1.227142,0.022712,0.245680,1.219959,-0.186034,0.257444,0.867351,0.028208,0.123532,0.860168,-0.180537,0.135296,1.177658,0.057005,0.015738,1.118805,-0.241274,0.023715,0.860435,0.072027,0.088618,0.858672,-0.232774,0.015706
1.054985,-0.078978,0.200414,1.238033,0.022677,0.256993,1.230858,-0.186082,0.268521,0.879112,0.028127,0.132307,0.871937,-0.180632,0.143835,1.179044,0.056938,0.015922,1.157391,-0.242250,0.030451,0.875637,0.072668,0.111937,0.859512,-0.232824,0.015740
1.066444,-0.078974,0.210625,1.249256,0.022685,0.267953,1.242084,-0.186083,0.279323,0.890804,0.028135,0.141927,0.883633,-0.180632,0.153296,1.180447,0.056873,0.016032,1.200943,-0.243382,0.037520,0.889129,0.072943,0.127343,0.860072,-0.232857,0.015754
1.078117,-0.078962,0.220480,1.261045,0.022651,0.277518,1.253885,-0.186124,0.288768,0.902349,0.028199,0.152193,0.895189,-0.180575,0.163442,1.181881,0.056817,0.016005,1.247422,-0.244567,0.045234,0.900477,0.072867,0.134772,0.860378,-0.232881,0.015770
1.090149,-0.078947,0.229293,1.273705,0.022547,0.284494,1.266568,-0.186232,0.295681,0.913730,0.028338,0.162904,0.906593,-0.180441,0.174091,1.183419,0.056779,0.015820,1.293691,-0.245661,0.053812,0.910666,0.072374,0.132859,0.860466,-0.232889,0.015772
1.102592,-0.078909,0.236473,1.287361,0.022355,0.287926,1.280213,-0.186419,0.299194,0.924972,0.028601,0.173752,0.917824,-0.180173,0.185020,1.184796,0.056729,0.015935,1.335722,-0.246684,0.061631,0.922823,0.071275,0.119250,0.860370,-0.232883,0.015782
1.115601,-0.078859,0.241744,1.302013,0.022096,0.287568,1.294872,-0.186669,0.299018,0.936330,0.028950,0.184471,0.929189,-0.179814,0.195921,1.186073,0.056714,0.016022,1.368941,-0.247529,0.065966,0.943892,0.069256,0.093660,0.860096,-0.232875,0.015778
1.129135,-0.078821,0.244794,1.317457,0.021712,0.283123,1.310310,-0.187036,0.294857,0.947960,0.029394,0.194731,0.940813,-0.179355,0.206465,1.187150,0.056708,0.016018,1.390439,-0.248323,0.063670,0.982133,0.066324,0.062231,0.859780,-0.232848,0.015773
1.142906,-0.078859,0.245240,1.333116,0.021170,0.274487,1.325991,-0.187561,0.286533,0.959822,0.029843,0.203947,0.952696,-0.178889,0.215993,1.188040,0.056755,0.015967,1.399794,-0.249082,0.053485,1.037149,0.063267,0.039540,0.859439,-0.232813,0.015753
1.156853,-0.079086,0.242835,1.348668,0.020372,0.261709,1.341600,-0.188347,0.274008,0.972105,0.030174,0.211662,0.965038,-0.178544,0.223961,1.189056,0.056846,0.015902,1.398606,-0.249810,0.036815,1.090343,0.061296,0.034683,0.859073,-0.232783,0.015708
1.170921,-0.079819,0.237519,1.363899,0.018904,0.244902,1.356810,-0.189812,0.257220,0.985033,0.030175,0.217818,0.977944,-0.178542,0.230136,1.189704,0.056855,0.015795,1.389887,-0.250650,0.017318,1.129475,0.060193,0.037694,0.859544,-0.232730,0.015719
1.184647,-0.081051,0.230124,1.378054,0.017061,0.227166,1.370985,-0.191676,0.239152,0.998309,0.029574,0.221096,0.991239,-0.179163,0.233081,1.190390,0.056833,0.015828,1.389401,-0.250669,0.015914,1.154264,0.059393,0.039104,0.864017,-0.232877,0.015875
1.197617,-0.081970,0.221342,1.390929,0.015781,0.210568,1.383955,-0.192954,0.222640,1.011278,0.029013,0.220044,1.004304,-0.179722,0.232117,1.192847,0.056693,0.015918,1.389128,-0.250633,0.015933,1.167778,0.058569,0.033887,0.874102,-0.233428,0.015906
1.209869,-0.082691,0.210456,1.402882,0.014903,0.194255,1.396091,-0.193815,0.206704,1.023648,0.028433,0.214207,1.016856,-0.180286,0.226656,1.198511,0.056475,0.015977,1.389066,-0.250520,0.015924,1.169159,0.057976,0.025137,0.888695,-0.233607,0.026517
1.221443,-0.083035,0.197659,1.414427,0.014191,0.179067,1.407434,-0.194477,0.192235,1.035453,0.028408,0.203084,1.028460,-0.180260,0.216252,1.213503,0.056344,0.018283,1.389241,-0.250555,0.015986,1.168043,0.057717,0.015894,0.913834,-0.232692,0.046593
1.233093,-0.083424,0.183902,1.426192,0.013813,0.166610,1.419182,-0.194789,0.180778,1.047004,0.027942,0.187026,1.039994,-0.180660,0.201194,1.232394,0.056227,0.024107,1.389731,-0.250566,0.016077,1.169254,0.057788,0.015854,0.951290,-0.232845,0.060065
1.245049,-0.084398,0.170548,1.438323,0.013265,0.158381,1.431420,-0.195307,0.173034,1.058677,0.026510,0.168063,1.051774,-0.182062,0.182716,1.256780,0.056048,0.032937,1.390559,-0.250564,0.016132,1.170339,0.057714,0.015929,0.994852,-0.233918,0.066661
1.257561,-0.085838,0.158659,1.450903,0.012412,0.156026,1.443918,-0.196180,0.170359,1.071203,0.024503,0.146959,1.064219,-0.184088,0.161292,1.286745,0.055512,0.039900,1.391671,-0.250617,0.016038,1.171430,0.057733,0.016027,1.036725,-0.235094,0.068980
1.270905,-0.087502,0.149328,1.463547,0.011595,0.159813,1.456548,-0.197049,0.173348,1.085261,0.022046,0.125309,1.078262,-0.186599,0.138844,1.322806,0.054185,0.041081,1.392888,-0.250700,0.015864,1.172493,0.057601,0.016013,1.072371,-0.236604,0.067436
1.284813,-0.088898,0.143853,1.475612,0.011044,0.169316,1.468545,-0.197650,0.182017,1.101081,0.019855,0.105688,1.094014,-0.188840,0.118390,1.366382,0.052354,0.038704,1.394159,-0.250811,0.015738,1.173678,0.057491,0.015879,1.101755,-0.238160,0.060912
1.298569,-0.089825,0.143386,1.486472,0.010883,0.183281,1.479321,-0.197845,0.195362,1.117817,0.018196,0.091410,1.110666,-0.190532,0.103491,1.414667,0.050575,0.039510,1.395351,-0.250916,0.015772,1.175215,0.057393,0.015575,1.127693,-0.239691,0.051267
1.311493,-0.090296,0.147578,1.496173,0.011092,0.199104,1.489012,-0.197656,0.210838,1.133973,0.017064,0.084319,1.126813,-0.191683,0.096052,1.458483,0.049227,0.044218,1.396584,-0.250985,0.016005,1.177255,0.057279,0.015834,1.152298,-0.241195,0.041106
1.323547,-0.090689,0.154808,1.505802,0.011044,0.213755,1.498632,-0.197730,0.225013,1.148463,0.016352,0.084602,1.141293,-0.192422,0.095860,1.490799,0.047975,0.044495,1.397773,-0.251077,0.016032,1.179603,0.057128,0.016023,1.174235,-0.242583,0.031179
1.335571,-0.091320,0.162829,1.516844,0.010293,0.224929,1.509603,-0.198521,0.235370,1.161540,0.015881,0.090289,1.154299,-0.192933,0.100730,1.510782,0.046660,0.037391,1.399052,-0.251193,0.015958,1.182068,0.056989,0.016006,1.192115,-0.243875,0.018808
1.348007,-0.091846,0.169673,1.529763,0.009387,0.230974,1.522282,-0.199437,0.241042,1.173732,0.015744,0.098303,1.166252,-0.193080,0.108371,1.517078,0.045296,0.021968,1.402148,-0.251513,0.016042,1.184028,0.056929,0.015810,1.195210,-0.244103,0.016001
1.360588,-0.091534,0.175227,1.543383,0.009684,0.233383,1.535997,-0.199128,0.243758,1.185179,0.016060,0.106696,1.177793,-0.192752,0.117071,1.518489,0.045295,0.015924,1.412357,-0.251532,0.017470,1.185078,0.057274,0.019653,1.196714,-0.243980,0.015947
1.372459,-0.091280,0.181932,1.555598,0.009989,0.238906,1.548216,-0.198804,0.249677,1.196703,0.016244,0.114187,1.189321,-0.192548,0.124957,1.519668,0.045298,0.015980,1.440193,-0.252483,0.017836,1.189088,0.058255,0.040595,1.197990,-0.244024,0.015816
1.383926,-0.091335,0.190207,1.566980,0.009944,0.247433,1.559624,-0.198854,0.258113,1.208228,0.016183,0.122301,1.200872,-0.192615,0.132980,1.520950,0.045253,0.015744,1.473871,-0.253419,0.022535,1.199246,0.059305,0.068879,1.199013,-0.244087,0.015664
1.395432,-0.091440,0.199708,1.578385,0.009815,0.257298,1.571039,-0.198993,0.267793,1.219824,0.016112,0.131623,1.212478,-0.192695,0.142117,1.522324,0.045189,0.015872,1.509544,-0.254354,0.029242,1.212805,0.059988,0.093696,1.199816,-0.244136,0.015752
1.407066,-0.091564,0.209911,1.590056,0.009628,0.267498,1.582712,-0.199190,0.277781,1.231420,0.016062,0.142042,1.224077,-0.192756,0.152324,1.523692,0.045111,0.016015,1.549583,-0.255425,0.036803,1.226357,0.060297,0.112064,1.200330,-0.244179,0.015754
1.418999,-0.091652,0.219962,1.602332,0.009445,0.276615,1.595002,-0.199382,0.286733,1.242995,0.016078,0.153192,1.235666,-0.192749,0.163309,1.525141,0.045059,0.016006,1.593071,-0.256564,0.044853,1.238604,0.060274,0.122452,1.200579,-0.244196,0.015787
1.431213,-0.091751,0.228963,1.615351,0.009180,0.283254,1.608026,-0.199652,0.293274,1.254401,0.016149,0.164652,1.247076,-0.192682,0.174673,1.526576,0.044993,0.015851,1.637457,-0.257721,0.053460,1.250065,0.059815,0.122621,1.200585,-0.244205,0.015797
1.443916,-0.091818,0.236234,1.629359,0.008874,0.286368,1.622031,-0.199956,0.296422,1.265802,0.016320,0.176045,1.258474,-0.192510,0.186100,1.527996,0.044939,0.015884,1.678499,-0.258791,0.061238,1.264248,0.058763,0.110786,1.200488,-0.244205,0.015805
1.457169,-0.091860,0.241449,1.644299,0.008516,0.285588,1.636965,-0.200306,0.295799,1.277373,0.016587,0.187099,1.270038,-0.192235,0.197311,1.529240,0.044906,0.016006,1.710858,-0.259720,0.065000,1.288160,0.056839,0.086877,1.200205,-0.244191,0.015797
1.470879,-0.091883,0.244315,1.659874,0.008116,0.280676,1.652564,-0.200695,0.291130,1.289193,0.016929,0.197500,1.281883,-0.191881,0.207954,1.530333,0.044936,0.016017,1.731276,-0.260480,0.061532,1.329395,0.054081,0.058181,1.199889,-0.244166,0.015790
1.484886,-0.091986,0.244495,1.675661,0.007585,0.271546,1.668413,-0.201213,0.282292,1.301360,0.017241,0.206697,1.294111,-0.191557,0.217443,1.531186,0.044985,0.015982,1.739424,-0.261172,0.049978,1.385306,0.051257,0.039452,1.199516,-0.244191,0.015756
1.499084,-0.092295,0.241774,1.691348,0.006734,0.258183,1.684135,-0.202052,0.269178,1.314034,0.017462,0.214371,1.306821,-0.191324,0.225365,1.531942,0.045024,0.015922,1.737165,-0.261884,0.032549,1.436991,0.049416,0.037027,1.199205,-0.244184,0.015753
