0.010969,0.011345,0.352662,0.205738,0.106482,0.345241,0.195660,-0.102365,0.352012,-0.173722,0.125055,0.353311,-0.183800,-0.083792,0.360082,0.195485,0.146892,0.172167,0.166130,-0.152506,0.165759,-0.160573,0.163915,0.167240,-0.189836,-0.134776,0.182793
0.015537,0.016739,0.346518,0.211745,0.108766,0.337872,0.198405,-0.099876,0.345289,-0.167330,0.133354,0.347746,-0.180670,-0.075288,0.355163,0.188223,0.149193,0.150875,0.178172,-0.150635,0.163001,-0.165962,0.172396,0.166537,-0.169811,-0.128120,0.170469
0.019247,0.022087,0.335781,0.216026,0.112828,0.326548,0.201323,-0.095741,0.333416,-0.162830,0.139916,0.338147,-0.177532,-0.068654,0.345015,0.197753,0.153135,0.127052,0.171511,-0.145229,0.151136,-0.148616,0.178574,0.158151,-0.142465,-0.122986,0.154509
0.023008,0.027443,0.321343,0.220283,0.117042,0.311544,0.204369,-0.091457,0.317841,-0.158353,0.146342,0.324844,-0.174266,-0.062156,0.331142,0.205807,0.157350,0.099655,0.163858,-0.139627,0.130466,-0.121802,0.183418,0.134893,-0.122226,-0.117430,0.142448
0.026932,0.032883,0.303859,0.224852,0.120949,0.293206,0.207349,-0.087420,0.299603,-0.153485,0.153185,0.308116,-0.170987,-0.055183,0.314513,0.208518,0.160980,0.066116,0.162960,-0.135408,0.101390,-0.094499,0.187570,0.103155,-0.109586,-0.111686,0.128389
0.031075,0.038406,0.283200,0.229711,0.124658,0.271131,0.210384,-0.083521,0.278398,-0.148234,0.160334,0.288003,-0.167561,-0.047845,0.295269,0.208634,0.163785,0.027563,0.166710,-0.132494,0.067701,-0.074234,0.191496,0.069110,-0.101424,-0.106259,0.106167
0.035557,0.043030,0.260466,0.235659,0.125854,0.248615,0.212828,-0.081902,0.257624,-0.141715,0.167961,0.263309,-0.164545,-0.039794,0.272317,0.207219,0.164649,0.015794,0.169445,-0.132559,0.034880,-0.061237,0.194826,0.031366,-0.097904,-0.101425,0.075339
0.038278,0.044624,0.240359,0.239461,0.125359,0.233387,0.214282,-0.082084,0.243289,-0.137726,0.171333,0.237429,-0.162905,-0.036110,0.247330,0.206668,0.164793,0.015901,0.173806,-0.133864,0.015829,-0.052913,0.196301,0.015921,-0.093453,-0.100822,0.028461
0.038249,0.043701,0.227895,0.239463,0.124621,0.225379,0.214261,-0.082834,0.234973,-0.137762,0.170236,0.220818,-0.162964,-0.037219,0.230412,0.206316,0.164792,0.015875,0.173355,-0.133832,0.015816,-0.052294,0.196212,0.015977,-0.092901,-0.101479,0.015988
0.037273,0.043114,0.220405,0.238480,0.124077,0.218988,0.213273,-0.083392,0.228241,-0.138726,0.169620,0.212569,-0.163933,-0.037850,0.221822,0.205950,0.164802,0.015922,0.172954,-0.133792,0.015926,-0.052131,0.196161,0.015992,-0.092640,-0.101521,0.015979
0.036553,0.042648,0.212032,0.237683,0.123803,0.210751,0.212669,-0.083697,0.219844,-0.139563,0.168994,0.204221,-0.164578,-0.038506,0.213313,0.207405,0.164741,0.015989,0.171274,-0.133428,0.016765,-0.060479,0.197011,0.015441,-0.092346,-0.101682,0.015993
0.036166,0.042053,0.201858,0.237268,0.123283,0.200930,0.212318,-0.084234,0.209805,-0.139986,0.168340,0.193911,-0.164936,-0.039177,0.202785,0.207043,0.164827,0.015998,0.167360,-0.132921,0.016337,-0.060565,0.196994,0.015822,-0.092158,-0.101735,0.015957
0.036145,0.041153,0.191524,0.237240,0.122406,0.191301,0.212290,-0.085133,0.199644,-0.140000,0.167439,0.183403,-0.164949,-0.040100,0.191747,0.206674,0.164848,0.016014,0.166366,-0.132809,0.015991,-0.060360,0.196942,0.015819,-0.091843,-0.101771,0.015920
0.036369,0.040207,0.182878,0.237451,0.121491,0.183531,0.212508,-0.086076,0.191187,-0.139769,0.166490,0.174570,-0.164712,-0.041077,0.182225,0.206431,0.164847,0.016003,0.166059,-0.132763,0.016001,-0.060215,0.196881,0.015788,-0.091626,-0.101805,0.015823
0.036659,0.039391,0.176689,0.237738,0.120672,0.178040,0.212779,-0.086917,0.185025,-0.139460,0.165698,0.168353,-0.164420,-0.041890,0.175338,0.206293,0.164804,0.016031,0.165875,-0.132768,0.015996,-0.060105,0.196825,0.015773,-0.091469,-0.101833,0.015796
0.036971,0.038788,0.172523,0.238034,0.120097,0.174350,0.213098,-0.087510,0.180845,-0.139157,0.165086,0.164201,-0.164093,-0.042521,0.170696,0.206217,0.164765,0.016025,0.165767,-0.132780,0.016013,-0.060069,0.196741,0.015752,-0.091382,-0.101900,0.015780
0.037308,0.038376,0.169641,0.238353,0.119720,0.171868,0.213448,-0.087901,0.178002,-0.138832,0.164653,0.161281,-0.163738,-0.042969,0.167414,0.206177,0.164771,0.016020,0.165704,-0.132755,0.016023,-0.060085,0.196703,0.015740,-0.091327,-0.101930,0.015772
0.037658,0.038109,0.167572,0.238689,0.119481,0.170127,0.213805,-0.088149,0.176091,-0.138488,0.164366,0.159052,-0.163372,-0.043263,0.165016,0.206166,0.164744,0.015967,0.165600,-0.132763,0.016038,-0.060063,0.196644,0.015730,-0.091274,-0.101985,0.015762
0.037903,0.038048,0.166115,0.238925,0.119439,0.168732,0.214059,-0.088192,0.174694,-0.138253,0.164288,0.157536,-0.163119,-0.043343,0.163498,0.206154,0.164769,0.015946,0.163245,-0.132453,0.016148,-0.062991,0.196993,0.015621,-0.091239,-0.101988,0.015758
0.037967,0.038208,0.165251,0.238996,0.119590,0.167553,0.214125,-0.088033,0.173783,-0.138191,0.164449,0.156719,-0.163063,-0.043174,0.162950,0.206132,0.164772,0.015934,0.159074,-0.131852,0.019894,-0.069385,0.197828,0.017645,-0.091231,-0.101991,0.015758
0.037844,0.038582,0.165339,0.238888,0.119942,0.167071,0.214003,-0.087666,0.173732,-0.138316,0.164830,0.156947,-0.163200,-0.042778,0.163607,0.206108,0.164820,0.015936,0.151102,-0.130662,0.026080,-0.077644,0.198978,0.020501,-0.091247,-0.101945,0.015766
0.037555,0.039246,0.166528,0.238622,0.120565,0.167343,0.213714,-0.087016,0.174739,-0.138603,0.165507,0.158318,-0.163511,-0.042073,0.165714,0.206087,0.164879,0.015950,0.137770,-0.128767,0.032737,-0.086974,0.200271,0.022327,-0.091297,-0.101885,0.015778
0.037058,0.040405,0.169073,0.238159,0.121644,0.168785,0.213193,-0.085882,0.177408,-0.139076,0.166692,0.160738,-0.164042,-0.040834,0.169360,0.206066,0.164973,0.015975,0.124265,-0.126896,0.035492,-0.097250,0.201685,0.021340,-0.091394,-0.101770,0.015800
0.036375,0.042107,0.172006,0.237514,0.123237,0.170587,0.212464,-0.084195,0.181036,-0.139715,0.168408,0.162975,-0.164765,-0.039023,0.173424,0.206042,0.165089,0.016028,0.116027,-0.125693,0.035988,-0.107095,0.203043,0.018771,-0.091516,-0.101644,0.015838
0.035700,0.044029,0.174225,0.236865,0.125076,0.171933,0.211753,-0.082234,0.184434,-0.140352,0.170293,0.164017,-0.165464,-0.037018,0.176518,0.205993,0.165279,0.016023,0.105326,-0.124191,0.035439,-0.110463,0.203613,0.016022,-0.091672,-0.101504,0.015933
0.035198,0.045471,0.175750,0.236379,0.126455,0.172748,0.211229,-0.080754,0.186775,-0.140833,0.171696,0.164725,-0.165983,-0.035512,0.178752,0.205942,0.165426,0.016014,0.094955,-0.122825,0.034657,-0.110587,0.203843,0.015988,-0.091802,-0.101423,0.015964
0.034782,0.046135,0.176400,0.235950,0.127138,0.173050,0.210837,-0.080025,0.187786,-0.141272,0.172295,0.165014,-0.166385,-0.034869,0.179751,0.205901,0.165509,0.016031,0.086348,-0.121811,0.033433,-0.110650,0.203878,0.015978,-0.091848,-0.101451,0.015972
0.034415,0.046051,0.176137,0.235579,0.127068,0.172905,0.210473,-0.080107,0.187498,-0.141643,0.172209,0.164777,-0.166749,-0.034966,0.179369,0.205852,0.165515,0.016022,0.080761,-0.121255,0.031719,-0.110687,0.203871,0.015977,-0.091878,-0.101443,0.015974
0.034095,0.045471,0.175045,0.235244,0.126540,0.172187,0.210172,-0.080685,0.186121,-0.141982,0.171627,0.163969,-0.167054,-0.035597,0.177902,0.205807,0.165484,0.016018,0.077885,-0.121089,0.029574,-0.110724,0.203778,0.015976,-0.091890,-0.101462,0.015970
0.033843,0.044617,0.173397,0.234971,0.125753,0.171013,0.209949,-0.081536,0.184049,-0.142263,0.170769,0.162744,-0.167285,-0.036519,0.175780,0.205749,0.165400,0.015997,0.077475,-0.121279,0.027180,-0.110756,0.203605,0.015969,-0.091856,-0.101545,0.015949
0.033661,0.043739,0.171567,0.234765,0.124947,0.169617,0.209802,-0.082407,0.181701,-0.142480,0.169886,0.161434,-0.167442,-0.037468,0.173518,0.205695,0.165348,0.015986,0.079267,-0.121677,0.025022,-0.110768,0.203445,0.015970,-0.091846,-0.101606,0.015948
0.033560,0.043007,0.169865,0.234645,0.124267,0.168204,0.209730,-0.083135,0.179536,-0.142610,0.169149,0.160194,-0.167525,-0.038253,0.171526,0.205647,0.165277,0.015970,0.082800,-0.122253,0.023563,-0.110903,0.203305,0.015994,-0.091818,-0.101693,0.015937
0.033549,0.042542,0.168516,0.234622,0.123833,0.167024,0.209737,-0.083597,0.177885,-0.142640,0.168680,0.159148,-0.167525,-0.038750,0.170009,0.205616,0.165241,0.015958,0.087442,-0.122869,0.023073,-0.110898,0.203213,0.015964,-0.091804,-0.101743,0.015859
0.033582,0.042450,0.167638,0.234655,0.123743,0.166103,0.209775,-0.083691,0.176900,-0.142610,0.168591,0.158376,-0.167491,-0.038843,0.169173,0.205597,0.165250,0.015954,0.092180,-0.123407,0.023528,-0.112563,0.203413,0.015990,-0.091788,-0.101740,0.015860
0.033621,0.042770,0.167266,0.234702,0.124039,0.165509,0.209803,-0.083371,0.176717,-0.142561,0.168912,0.157815,-0.167459,-0.038498,0.169024,0.205583,0.165295,0.015948,0.095874,-0.123753,0.024671,-0.114381,0.203708,0.016001,-0.091786,-0.101702,0.015860
0.033705,0.043373,0.167431,0.234803,0.124592,0.165369,0.209861,-0.082770,0.177341,-0.142450,0.169517,0.157521,-0.167393,-0.037846,0.169493,0.205587,0.165332,0.015954,0.097945,-0.123890,0.026167,-0.114375,0.203822,0.016009,-0.091791,-0.101662,0.015862
0.033813,0.044083,0.168070,0.234926,0.125253,0.165638,0.209946,-0.082055,0.178442,-0.142321,0.170220,0.157699,-0.167301,-0.037088,0.170502,0.205598,0.165408,0.015959,0.098090,-0.123764,0.027488,-0.114305,0.203958,0.016005,-0.091812,-0.101599,0.015876
0.033915,0.044746,0.168978,0.235048,0.125854,0.166136,0.210021,-0.081401,0.179691,-0.142191,0.170893,0.158264,-0.167219,-0.036361,0.171819,0.205620,0.165463,0.015968,0.096722,-0.123485,0.028487,-0.114272,0.204094,0.016001,-0.091830,-0.101539,0.015898
0.034001,0.045303,0.169958,0.235153,0.126351,0.166719,0.210083,-0.080858,0.180887,-0.142081,0.171465,0.159029,-0.167151,-0.035744,0.173197,0.205644,0.165500,0.015975,0.094653,-0.123150,0.029209,-0.114253,0.204207,0.016030,-0.091853,-0.101495,0.015914
0.034072,0.045723,0.170834,0.235238,0.126721,0.167280,0.210136,-0.080452,0.181900,-0.141992,0.171898,0.159767,-0.167094,-0.035275,0.174387,0.205666,0.165522,0.015985,0.092457,-0.122827,0.029722,-0.114207,0.204282,0.016008,-0.091865,-0.101467,0.015922
0.034134,0.046021,0.171462,0.235306,0.126993,0.167691,0.210191,-0.080156,0.182632,-0.141923,0.172197,0.160291,-0.167039,-0.034952,0.175233,0.205680,0.165543,0.015985,0.090618,-0.122567,0.030006,-0.114152,0.204324,0.016017,-0.091879,-0.101452,0.015974
0.034187,0.046181,0.171770,0.235365,0.127136,0.167921,0.210235,-0.080001,0.183009,-0.141862,0.172362,0.160531,-0.166991,-0.034774,0.175619,0.205693,0.165571,0.015990,0.089385,-0.122384,0.030045,-0.114100,0.204370,0.016016,-0.091873,-0.101419,0.015972
0.034236,0.046204,0.171787,0.235416,0.127155,0.167935,0.210282,-0.079978,0.183072,-0.141809,0.172385,0.160502,-0.166943,-0.034747,0.175639,0.205700,0.165560,0.015991,0.088725,-0.122324,0.029907,-0.114056,0.204362,0.016021,-0.091873,-0.101428,0.015974
0.034295,0.046188,0.171583,0.235475,0.127141,0.167766,0.210340,-0.079992,0.182887,-0.141750,0.172369,0.160278,-0.166885,-0.034764,0.175399,0.205699,0.165578,0.015988,0.088670,-0.122318,0.029653,-0.113999,0.204374,0.016017,-0.091857,-0.101410,0.015973
0.034361,0.046127,0.171257,0.235545,0.127072,0.167487,0.210398,-0.080061,0.182592,-0.141676,0.172316,0.159922,-0.166823,-0.034817,0.175026,0.205699,0.165551,0.015985,0.089200,-0.122419,0.029447,-0.113966,0.204361,0.016019,-0.091835,-0.101424,0.015967
0.034432,0.046066,0.170917,0.235613,0.127022,0.167204,0.210474,-0.080114,0.182272,-0.141609,0.172247,0.159562,-0.166748,-0.034890,0.174630,0.205698,0.165555,0.015980,0.090003,-0.122524,0.029308,-0.113943,0.204350,0.016021,-0.091825,-0.101428,0.015966
0.034517,0.046043,0.170600,0.235698,0.126997,0.166917,0.210555,-0.080138,0.181994,-0.141522,0.172225,0.159206,-0.166665,-0.034911,0.174283,0.205700,0.165555,0.015985,0.090883,-0.122634,0.029240,-0.113917,0.204355,0.016024,-0.091815,-0.101423,0.015970
0.034606,0.046074,0.170357,0.235789,0.127024,0.166675,0.210641,-0.080105,0.181826,-0.141429,0.172253,0.158888,-0.166577,-0.034876,0.174039,0.205700,0.165559,0.015977,0.091789,-0.122736,0.029306,-0.113889,0.204364,0.016029,-0.091799,-0.101422,0.015963
0.034698,0.046143,0.170220,0.235881,0.127092,0.166540,0.210731,-0.080030,0.181789,-0.141336,0.172316,0.158651,-0.166486,-0.034806,0.173900,0.205708,0.165577,0.015981,0.092621,-0.122808,0.029486,-0.113861,0.204385,0.016027,-0.091788,-0.101411,0.015964
0.034794,0.046257,0.170189,0.235981,0.127197,0.166470,0.210821,-0.079912,0.181888,-0.141234,0.172426,0.158491,-0.166393,-0.034683,0.173909,0.205715,0.165579,0.015979,0.093050,-0.122843,0.029714,-0.113822,0.204400,0.016031,-0.091785,-0.101413,0.015966
0.034885,0.046402,0.170242,0.236079,0.127321,0.166470,0.210901,-0.079771,0.182065,-0.141131,0.172575,0.158418,-0.166308,-0.034518,0.174013,0.205725,0.165592,0.015982,0.093280,-0.122838,0.029964,-0.113782,0.204441,0.016032,-0.091780,-0.101393,0.015964
0.034973,0.046577,0.170338,0.236172,0.127479,0.166492,0.210980,-0.079596,0.182294,-0.141034,0.172751,0.158382,-0.166227,-0.034324,0.174184,0.205732,0.165617,0.016029,0.093406,-0.122812,0.030237,-0.113754,0.204486,0.016032,-0.091770,-0.101372,0.015964
0.035061,0.046768,0.170440,0.236267,0.127650,0.166493,0.211059,-0.079405,0.182538,-0.140936,0.172941,0.158343,-0.166144,-0.034113,0.174387,0.205740,0.165628,0.016026,0.093183,-0.122760,0.030456,-0.113712,0.204520,0.016031,-0.091775,-0.101364,0.015972
0.035147,0.046936,0.170538,0.236359,0.127797,0.166503,0.211134,-0.079240,0.182746,-0.140841,0.173113,0.158329,-0.166066,-0.033925,0.174572,0.205750,0.165645,0.016025,0.092901,-0.122697,0.030598,-0.113644,0.204560,0.016028,-0.091768,-0.101345,0.015966
0.035227,0.047081,0.170611,0.236447,0.127918,0.166495,0.211203,-0.079103,0.182918,-0.140748,0.173265,0.158305,-0.165993,-0.033756,0.174728,0.205760,0.165652,0.016031,0.092513,-0.122634,0.030686,-0.113599,0.204595,0.016026,-0.091766,-0.101331,0.015969
0.035305,0.047218,0.170645,0.236530,0.128039,0.166439,0.211274,-0.078967,0.183032,-0.140664,0.173404,0.158259,-0.165920,-0.033602,0.174851,0.205763,0.165668,0.016024,0.092251,-0.122583,0.030747,-0.113557,0.204628,0.016035,-0.091768,-0.101316,0.015971
0.035378,0.047325,0.170644,0.236609,0.128126,0.166365,0.211336,-0.078865,0.183120,-0.140581,0.173515,0.158168,-0.165854,-0.033475,0.174923,0.205770,0.165657,0.016029,0.092159,-0.122576,0.030831,-0.113508,0.204640,0.016028,-0.091759,-0.101323,0.015971
0.035446,0.047432,0.170640,0.236678,0.128229,0.166326,0.211404,-0.078753,0.183186,-0.140512,0.173617,0.158094,-0.165786,-0.033366,0.174954,0.205774,0.165698,0.016029,0.092197,-0.122539,0.030893,-0.113462,0.204679,0.016032,-0.091759,-0.101292,0.015973
0.035513,0.047508,0.170634,0.236753,0.128285,0.166299,0.211458,-0.078687,0.183253,-0.140432,0.173704,0.158016,-0.165727,-0.033268,0.174970,0.205783,0.165700,0.016031,0.092198,-0.122526,0.030965,-0.113426,0.204712,0.016032,-0.091750,-0.101273,0.015968
0.035582,0.047592,0.170613,0.236828,0.128353,0.166249,0.211518,-0.078607,0.183320,-0.140354,0.173791,0.157906,-0.165663,-0.033169,0.174977,0.205788,0.165700,0.016027,0.092325,-0.122531,0.031065,-0.113384,0.204733,0.016036,-0.091748,-0.101266,0.015971
0.035649,0.047653,0.170594,0.236892,0.128418,0.166203,0.211587,-0.078534,0.183378,-0.140290,0.173841,0.157810,-0.165595,-0.033112,0.174985,0.205793,0.165701,0.016031,0.092579,-0.122558,0.031178,-0.113353,0.204725,0.016040,-0.091744,-0.101282,0.015974
0.035715,0.047722,0.170594,0.236961,0.128478,0.166195,0.211648,-0.078466,0.183454,-0.140218,0.173910,0.157734,-0.165532,-0.033035,0.174993,0.205800,0.165712,0.016032,0.092831,-0.122566,0.031318,-0.113311,0.204747,0.016038,-0.091732,-0.101270,0.015971
0.035777,0.047745,0.170614,0.237021,0.128507,0.166220,0.211712,-0.078433,0.183536,-0.140159,0.173922,0.157692,-0.165468,-0.033018,0.175008,0.205803,0.165704,0.016029,0.092999,-0.122590,0.031418,-0.113275,0.204727,0.016036,-0.091734,-0.101289,0.015974
0.035835,0.047760,0.170651,0.237084,0.128512,0.166285,0.211762,-0.078426,0.183608,-0.140093,0.173946,0.157695,-0.165414,-0.032992,0.175017,0.205816,0.165708,0.016031,0.093111,-0.122587,0.031492,-0.113221,0.204747,0.016041,-0.091725,-0.101270,0.015969
0.035892,0.047836,0.170671,0.237146,0.128576,0.166292,0.211811,-0.078354,0.183696,-0.140027,0.174026,0.157645,-0.165362,-0.032903,0.175049,0.205823,0.165722,0.016034,0.093258,-0.122579,0.031612,-0.113199,0.204780,0.016038,-0.091719,-0.101248,0.015970
0.035951,0.047928,0.170686,0.237205,0.128666,0.166280,0.211870,-0.078254,0.183792,-0.139968,0.174110,0.157580,-0.165303,-0.032811,0.175092,0.205828,0.165743,0.016032,0.093447,-0.122573,0.031757,-0.113173,0.204801,0.016035,-0.091718,-0.101238,0.015970
0.036007,0.048050,0.170705,0.237270,0.128763,0.166250,0.211912,-0.078140,0.183930,-0.139897,0.174240,0.157480,-0.165255,-0.032663,0.175160,0.205833,0.165734,0.016030,0.093507,-0.122572,0.031929,-0.113149,0.204829,0.016039,-0.091710,-0.101235,0.015970
0.036065,0.048164,0.170727,0.237329,0.128871,0.166231,0.211966,-0.078018,0.184067,-0.139836,0.174347,0.157387,-0.165199,-0.032543,0.175223,0.205836,0.165742,0.016036,0.093531,-0.122559,0.032075,-0.113104,0.204842,0.016039,-0.091721,-0.101236,0.015979
0.036117,0.048271,0.170759,0.237384,0.128971,0.166243,0.212013,-0.077907,0.184205,-0.139779,0.174449,0.157312,-0.165150,-0.032429,0.175274,0.205843,0.165758,0.016037,0.093455,-0.122528,0.032171,-0.113044,0.204865,0.016041,-0.091712,-0.101226,0.015975
0.036165,0.048370,0.170793,0.237437,0.129057,0.166272,0.212052,-0.077809,0.184342,-0.139722,0.174550,0.157244,-0.165107,-0.032316,0.175314,0.205848,0.165773,0.016037,0.093341,-0.122489,0.032254,-0.113013,0.204902,0.016042,-0.091707,-0.101204,0.015974
0.036211,0.048462,0.170829,0.237485,0.129141,0.166296,0.212092,-0.077714,0.184478,-0.139671,0.174638,0.157180,-0.165064,-0.032218,0.175362,0.205854,0.165782,0.016038,0.093211,-0.122460,0.032325,-0.112981,0.204921,0.016044,-0.091699,-0.101198,0.015975
0.036253,0.048508,0.170864,0.237532,0.129178,0.166356,0.212127,-0.077670,0.184604,-0.139620,0.174686,0.157124,-0.165025,-0.032163,0.175371,0.205860,0.165774,0.016035,0.093092,-0.122445,0.032387,-0.112945,0.204930,0.016037,-0.091697,-0.101198,0.015970
0.036292,0.048546,0.170883,0.237569,0.129221,0.166397,0.212166,-0.077622,0.184699,-0.139583,0.174714,0.157067,-0.164986,-0.032130,0.175369,0.205862,0.165778,0.016032,0.093067,-0.122436,0.032435,-0.112906,0.204927,0.016041,-0.091695,-0.101202,0.015973
0.036326,0.048553,0.170894,0.237603,0.129231,0.166430,0.212200,-0.077612,0.184744,-0.139548,0.174719,0.157045,-0.164951,-0.032124,0.175359,0.205868,0.165780,0.016036,0.093033,-0.122429,0.032442,-0.112872,0.204927,0.016046,-0.091700,-0.101200,0.015974
0.036357,0.048553,0.170898,0.237635,0.129229,0.166450,0.212229,-0.077613,0.184768,-0.139514,0.174720,0.157028,-0.164921,-0.032122,0.175346,0.205873,0.165778,0.016036,0.093128,-0.122439,0.032471,-0.112861,0.204929,0.016048,-0.091694,-0.101198,0.015974
0.036387,0.048584,0.170888,0.237668,0.129252,0.166451,0.212253,-0.077585,0.184810,-0.139479,0.174753,0.156966,-0.164894,-0.032084,0.175325,0.205877,0.165777,0.016038,0.093393,-0.122461,0.032580,-0.112845,0.204941,0.016046,-0.091687,-0.101193,0.015970
0.036418,0.048599,0.170876,0.237700,0.129268,0.166466,0.212282,-0.077566,0.184863,-0.139445,0.174764,0.156890,-0.164863,-0.032069,0.175286,0.205880,0.165769,0.016035,0.093672,-0.122495,0.032683,-0.112807,0.204933,0.016043,-0.091691,-0.101201,0.015978
0.036448,0.048676,0.170877,0.237732,0.129339,0.166465,0.212308,-0.077486,0.184947,-0.139411,0.174837,0.156808,-0.164835,-0.031988,0.175289,0.205881,0.165784,0.016035,0.093930,-0.122499,0.032825,-0.112775,0.204957,0.016047,-0.091683,-0.101189,0.015972
0.036476,0.048714,0.170906,0.237757,0.129386,0.166521,0.212339,-0.077436,0.185045,-0.139386,0.174863,0.156767,-0.164804,-0.031959,0.175292,0.205881,0.165798,0.016032,0.094095,-0.122500,0.032934,-0.112729,0.204955,0.016045,-0.091686,-0.101187,0.015974
0.036504,0.048775,0.170942,0.237793,0.129426,0.166569,0.212351,-0.077387,0.185162,-0.139343,0.174936,0.156723,-0.164785,-0.031877,0.175315,0.205892,0.165793,0.016040,0.094070,-0.122487,0.033029,-0.112700,0.204986,0.016046,-0.091673,-0.101170,0.015973
0.036529,0.048813,0.170982,0.237815,0.129473,0.166613,0.212380,-0.077335,0.185271,-0.139322,0.174961,0.156693,-0.164757,-0.031847,0.175352,0.205891,0.165790,0.016036,0.093997,-0.122482,0.033080,-0.112677,0.204971,0.016050,-0.091681,-0.101189,0.015973
0.036550,0.048820,0.171034,0.237838,0.129477,0.166702,0.212396,-0.077332,0.185349,-0.139296,0.174973,0.156720,-0.164738,-0.031836,0.175367,0.205900,0.165797,0.016037,0.093836,-0.122450,0.033093,-0.112649,0.204986,0.016046,-0.091684,-0.101170,0.015977
0.036570,0.048851,0.171066,0.237855,0.129517,0.166743,0.212421,-0.077289,0.185424,-0.139281,0.174991,0.156707,-0.164715,-0.031815,0.175388,0.205897,0.165809,0.016032,0.093859,-0.122440,0.033145,-0.112615,0.204982,0.016045,-0.091681,-0.101172,0.015977
0.036590,0.048889,0.171075,0.237880,0.129542,0.166769,0.212431,-0.077257,0.185502,-0.139251,0.175036,0.156648,-0.164700,-0.031764,0.175381,0.205905,0.165800,0.016038,0.093962,-0.122449,0.033236,-0.112579,0.204994,0.016043,-0.091667,-0.101170,0.015967
0.036609,0.048927,0.171078,0.237897,0.129585,0.166780,0.212452,-0.077209,0.185579,-0.139233,0.175063,0.156577,-0.164679,-0.031731,0.175376,0.205903,0.165794,0.015998,0.093979,-0.122453,0.033295,-0.112545,0.204984,0.016052,-0.091674,-0.101183,0.015971
0.036623,0.048958,0.171113,0.237913,0.129614,0.166866,0.212460,-0.077179,0.185675,-0.139215,0.175094,0.156551,-0.164668,-0.031698,0.175360,0.205912,0.165810,0.016000,0.093930,-0.122425,0.033332,-0.112522,0.205008,0.016048,-0.091669,-0.101160,0.015973
0.036629,0.048981,0.171169,0.237922,0.129633,0.166967,0.212461,-0.077155,0.185804,-0.139202,0.175117,0.156535,-0.164663,-0.031672,0.175371,0.205920,0.165802,0.016006,0.093888,-0.122417,0.033418,-0.112503,0.205012,0.016046,-0.091675,-0.101158,0.015979
0.036633,0.049042,0.171228,0.237921,0.129709,0.167064,0.212471,-0.077076,0.185950,-0.139204,0.175160,0.156507,-0.164654,-0.031626,0.175393,0.205918,0.165832,0.016001,0.093930,-0.122388,0.033530,-0.112482,0.205023,0.016047,-0.091675,-0.101148,0.015977
0.036633,0.049057,0.171287,0.237919,0.129732,0.167177,0.212470,-0.077051,0.186094,-0.139204,0.175165,0.156480,-0.164653,-0.031618,0.175397,0.205918,0.165821,0.015999,0.093991,-0.122398,0.033643,-0.112444,0.205005,0.016038,-0.091673,-0.101165,0.015978
0.036628,0.049088,0.171348,0.237916,0.129759,0.167294,0.212459,-0.077021,0.186227,-0.139202,0.175196,0.156469,-0.164660,-0.031584,0.175403,0.205922,0.165827,0.015999,0.093958,-0.122378,0.033722,-0.112412,0.205022,0.016043,-0.091679,-0.101148,0.015977
0.036625,0.049126,0.171387,0.237915,0.129794,0.167356,0.212451,-0.076981,0.186342,-0.139200,0.175232,0.156431,-0.164664,-0.031543,0.175418,0.205922,0.165818,0.015997,0.093938,-0.122376,0.033802,-0.112398,0.205024,0.016049,-0.091676,-0.101155,0.015977
0.036619,0.049171,0.171413,0.237910,0.129839,0.167424,0.212440,-0.076932,0.186441,-0.139203,0.175275,0.156386,-0.164672,-0.031496,0.175403,0.205926,0.165836,0.016001,0.093904,-0.122348,0.033861,-0.112372,0.205047,0.016047,-0.091671,-0.101135,0.015975
0.036613,0.049210,0.171432,0.237908,0.129866,0.167469,0.212424,-0.076898,0.186537,-0.139199,0.175317,0.156326,-0.164683,-0.031447,0.175395,0.205926,0.165825,0.016001,0.093770,-0.122337,0.033889,-0.112353,0.205057,0.016051,-0.091681,-0.101132,0.015978
0.036607,0.049248,0.171445,0.237899,0.129913,0.167510,0.212421,-0.076848,0.186625,-0.139208,0.175343,0.156265,-0.164686,-0.031418,0.175380,0.205927,0.165832,0.016002,0.093767,-0.122328,0.033950,-0.112334,0.205055,0.016051,-0.091674,-0.101138,0.015975
0.036601,0.049286,0.171457,0.237896,0.129947,0.167560,0.212409,-0.076810,0.186710,-0.139207,0.175382,0.156203,-0.164694,-0.031375,0.175353,0.205923,0.165838,0.015999,0.093697,-0.122309,0.033972,-0.112320,0.205073,0.016050,-0.091671,-0.101126,0.015971
0.036594,0.049301,0.171473,0.237885,0.129976,0.167608,0.212408,-0.076779,0.186789,-0.139219,0.175381,0.156156,-0.164696,-0.031374,0.175337,0.205923,0.165836,0.015998,0.093607,-0.122303,0.033999,-0.112308,0.205054,0.016047,-0.091683,-0.101142,0.015977
0.036584,0.049294,0.171498,0.237874,0.129971,0.167673,0.212397,-0.076786,0.186835,-0.139228,0.175373,0.156162,-0.164706,-0.031384,0.175323,0.205929,0.165838,0.016003,0.093581,-0.122296,0.034001,-0.112276,0.205053,0.016048,-0.091681,-0.101137,0.015978
0.036574,0.049263,0.171517,0.237865,0.129939,0.167739,0.212382,-0.076820,0.186866,-0.139234,0.175346,0.156167,-0.164718,-0.031413,0.175295,0.205932,0.165824,0.016003,0.093668,-0.122313,0.034043,-0.112263,0.205046,0.016051,-0.091682,-0.101140,0.015978
0.036566,0.049263,0.171521,0.237856,0.129945,0.167779,0.212375,-0.076816,0.186897,-0.139244,0.175342,0.156145,-0.164724,-0.031419,0.175263,0.205930,0.165831,0.016002,0.093856,-0.122324,0.034104,-0.112253,0.205047,0.016049,-0.091680,-0.101136,0.015977
0.036560,0.049294,0.171514,0.237852,0.129970,0.167793,0.212363,-0.076786,0.186947,-0.139244,0.175373,0.156082,-0.164733,-0.031383,0.175236,0.205928,0.165831,0.016002,0.093998,-0.122334,0.034176,-0.112240,0.205059,0.016052,-0.091676,-0.101131,0.015976
0.036556,0.049316,0.171514,0.237844,0.130005,0.167831,0.212364,-0.076750,0.187003,-0.139252,0.175383,0.156025,-0.164732,-0.031372,0.175198,0.205929,0.165847,0.016000,0.094144,-0.122333,0.034249,-0.112222,0.205059,0.016048,-0.091684,-0.101126,0.015978
0.036553,0.049355,0.171515,0.237846,0.130033,0.167845,0.212353,-0.076715,0.187074,-0.139246,0.175424,0.155957,-0.164739,-0.031324,0.175186,0.205932,0.165835,0.016001,0.094211,-0.122344,0.034325,-0.112192,0.205064,0.016043,-0.091686,-0.101128,0.015981
0.036549,0.049408,0.171525,0.237842,0.130085,0.167859,0.212346,-0.076657,0.187154,-0.139247,0.175473,0.155897,-0.164744,-0.031269,0.175192,0.205931,0.165838,0.016001,0.094319,-0.122345,0.034433,-0.112161,0.205071,0.016045,-0.091681,-0.101128,0.015983
0.036546,0.049438,0.171553,0.237839,0.130117,0.167912,0.212341,-0.076623,0.187229,-0.139249,0.175500,0.155878,-0.164747,-0.031240,0.175195,0.205935,0.165849,0.016008,0.094269,-0.122325,0.034474,-0.112126,0.205080,0.016046,-0.091685,-0.101118,0.015982
0.036540,0.049461,0.171587,0.237835,0.130136,0.167958,0.212331,-0.076600,0.187304,-0.139251,0.175523,0.155870,-0.164755,-0.031213,0.175217,0.205932,0.165843,0.016004,0.094169,-0.122315,0.034501,-0.112102,0.205080,0.016046,-0.091681,-0.101121,0.015978
0.036531,0.049492,0.171617,0.237826,0.130167,0.167998,0.212322,-0.076566,0.187379,-0.139259,0.175550,0.155856,-0.164763,-0.031183,0.175237,0.205931,0.165845,0.016003,0.094028,-0.122294,0.034527,-0.112085,0.205083,0.016050,-0.091694,-0.101121,0.015982
0.036523,0.049522,0.171635,0.237818,0.130196,0.168030,0.212310,-0.076535,0.187431,-0.139265,0.175579,0.155838,-0.164773,-0.031151,0.175239,0.205935,0.165856,0.016005,0.094027,-0.122278,0.034568,-0.112061,0.205096,0.016042,-0.091691,-0.101107,0.015985
0.036516,0.049553,0.171639,0.237811,0.130229,0.168045,0.212303,-0.076498,0.187492,-0.139271,0.175604,0.155787,-0.164779,-0.031123,0.175234,0.205929,0.165853,0.016002,0.094083,-0.122285,0.034620,-0.112041,0.205092,0.016044,-0.091685,-0.101117,0.015978
0.036509,0.049568,0.171657,0.237805,0.130241,0.168074,0.212293,-0.076483,0.187538,-0.139276,0.175619,0.155777,-0.164788,-0.031105,0.175241,0.205931,0.165852,0.016004,0.093967,-0.122271,0.034636,-0.112017,0.205094,0.016047,-0.091696,-0.101114,0.015986
0.036499,0.049568,0.171677,0.237794,0.130245,0.168101,0.212285,-0.076480,0.187558,-0.139287,0.175617,0.155797,-0.164796,-0.031108,0.175254,0.205929,0.165855,0.016005,0.093858,-0.122256,0.034619,-0.112015,0.205093,0.016049,-0.091697,-0.101113,0.015986
0.036490,0.049583,0.171682,0.237788,0.130255,0.168114,0.212272,-0.076469,0.187580,-0.139291,0.175636,0.155784,-0.164807,-0.031088,0.175249,0.205931,0.165858,0.016007,0.093838,-0.122247,0.034630,-0.112011,0.205106,0.016053,-0.091688,-0.101104,0.015981
0.036484,0.049591,0.171676,0.237779,0.130270,0.168133,0.212268,-0.076453,0.187612,-0.139300,0.175636,0.155741,-0.164811,-0.031087,0.175220,0.205930,0.165860,0.016003,0.093878,-0.122251,0.034652,-0.111996,0.205098,0.016050,-0.091691,-0.101110,0.015984
0.036479,0.049591,0.171675,0.237772,0.130273,0.168149,0.212263,-0.076450,0.187628,-0.139306,0.175632,0.155722,-0.164815,-0.031091,0.175202,0.205930,0.165860,0.016003,0.093831,-0.122247,0.034639,-0.111996,0.205096,0.016048,-0.091696,-0.101111,0.015987
0.036472,0.049591,0.171679,0.237767,0.130270,0.168162,0.212254,-0.076453,0.187638,-0.139310,0.175635,0.155719,-0.164823,-0.031088,0.175195,0.205929,0.165859,0.016003,0.093849,-0.122248,0.034652,-0.111994,0.205100,0.016050,-0.091691,-0.101108,0.015983
0.036465,0.049591,0.171682,0.237758,0.130276,0.168173,0.212250,-0.076448,0.187651,-0.139320,0.175630,0.155713,-0.164828,-0.031093,0.175190,0.205929,0.165860,0.016004,0.093903,-0.122253,0.034673,-0.111991,0.205093,0.016052,-0.091693,-0.101113,0.015985
0.036458,0.049591,0.171687,0.237750,0.130276,0.168184,0.212242,-0.076447,0.187662,-0.139327,0.175630,0.155713,-0.164835,-0.031094,0.175191,0.205927,0.165859,0.016002,0.093908,-0.122254,0.034684,-0.111988,0.205092,0.016049,-0.091700,-0.101113,0.015988
0.036450,0.049606,0.171692,0.237745,0.130287,0.168192,0.212232,-0.076434,0.187684,-0.139331,0.175647,0.155700,-0.164844,-0.031075,0.175191,0.205930,0.165859,0.016005,0.093940,-0.122253,0.034717,-0.111967,0.205097,0.016046,-0.091690,-0.101110,0.015980
0.036444,0.049606,0.171695,0.237737,0.130291,0.168214,0.212226,-0.076431,0.187703,-0.139339,0.175644,0.155687,-0.164850,-0.031078,0.175175,0.205929,0.165862,0.016004,0.093934,-0.122250,0.034719,-0.111951,0.205095,0.016050,-0.091697,-0.101108,0.015983
0.036437,0.049606,0.171696,0.237731,0.130289,0.168230,0.212216,-0.076433,0.187715,-0.139343,0.175646,0.155676,-0.164858,-0.031076,0.175162,0.205929,0.165860,0.016004,0.093873,-0.122244,0.034706,-0.111941,0.205098,0.016050,-0.091697,-0.101105,0.015982
0.036431,0.049606,0.171694,0.237725,0.130291,0.168237,0.212211,-0.076431,0.187721,-0.139350,0.175644,0.155666,-0.164863,-0.031078,0.175151,0.205930,0.165861,0.016003,0.093892,-0.122245,0.034709,-0.111925,0.205095,0.016049,-0.091696,-0.101105,0.015983
