0.013107,-0.005810,0.356306,0.202596,0.099422,0.348460,0.203353,-0.109771,0.349996,-0.177138,0.098151,0.362616,-0.176381,-0.111042,0.364151,0.176211,0.143138,0.125002,0.172677,-0.156988,0.124544,-0.143234,0.142057,0.135361,-0.155218,-0.157916,0.159916
0.020973,-0.008644,0.353591,0.209874,0.097543,0.344540,0.211734,-0.111635,0.346922,-0.169787,0.094347,0.360260,-0.167928,-0.114831,0.362643,0.175461,0.139995,0.107791,0.168433,-0.160079,0.118309,-0.172263,0.137000,0.116233,-0.167462,-0.162977,0.126053
0.029724,-0.011356,0.345634,0.217810,0.096314,0.337164,0.221354,-0.112824,0.340805,-0.161906,0.090111,0.350464,-0.158362,-0.119027,0.354105,0.161825,0.136522,0.089794,0.140961,-0.163738,0.105995,-0.194298,0.130619,0.097317,-0.186989,-0.169479,0.095407
0.037529,-0.014103,0.333187,0.224878,0.094955,0.326266,0.229953,-0.114139,0.330584,-0.154895,0.085933,0.335791,-0.149820,-0.123161,0.340108,0.144735,0.133105,0.065847,0.128505,-0.166938,0.095032,-0.211760,0.124791,0.082237,-0.202156,-0.175529,0.067666
0.044075,-0.016872,0.316536,0.230672,0.093541,0.310896,0.237243,-0.115497,0.315843,-0.149093,0.081753,0.317230,-0.142522,-0.127286,0.322177,0.133417,0.129543,0.039377,0.138787,-0.169645,0.080580,-0.221780,0.119068,0.068557,-0.214276,-0.181628,0.043246
0.050140,-0.019894,0.296330,0.235905,0.092015,0.293320,0.244082,-0.116985,0.297375,-0.143801,0.077198,0.295285,-0.135624,-0.131803,0.299341,0.123455,0.127728,0.015988,0.160860,-0.170278,0.063223,-0.219440,0.114924,0.047505,-0.229829,-0.186383,0.020963
0.058510,-0.022526,0.282077,0.244417,0.089182,0.281071,0.252330,-0.119856,0.283331,-0.135311,0.074804,0.280823,-0.127397,-0.134234,0.283082,0.123273,0.127216,0.015970,0.192142,-0.170164,0.047948,-0.198005,0.115219,0.031256,-0.229069,-0.186459,0.015576
0.070580,-0.024368,0.276353,0.256471,0.087364,0.275134,0.264410,-0.121685,0.275688,-0.123251,0.072948,0.277018,-0.115312,-0.136100,0.277571,0.123930,0.127127,0.015962,0.231883,-0.169026,0.040218,-0.148168,0.116813,0.023185,-0.228316,-0.186568,0.015644
0.083786,-0.026211,0.271392,0.269674,0.085522,0.269740,0.277598,-0.123524,0.268491,-0.110026,0.071102,0.274294,-0.102101,-0.137944,0.273044,0.124750,0.127030,0.015905,0.266495,-0.167994,0.028574,-0.078489,0.119291,0.021784,-0.227636,-0.186649,0.015920
0.097710,-0.028053,0.264152,0.283707,0.083480,0.261651,0.291377,-0.125563,0.259038,-0.095957,0.069456,0.269266,-0.088288,-0.139587,0.266653,0.135394,0.126594,0.015926,0.271929,-0.168721,0.015829,-0.018079,0.120848,0.025210,-0.225999,-0.186990,0.015984
0.111755,-0.028522,0.257801,0.297683,0.083153,0.256981,0.305525,-0.125872,0.253606,-0.082014,0.068827,0.261996,-0.074172,-0.140198,0.258620,0.159790,0.127363,0.015788,0.272550,-0.168760,0.015970,0.011948,0.121766,0.018920,-0.222857,-0.187343,0.015830
0.125053,-0.028408,0.253413,0.311117,0.083030,0.255129,0.318737,-0.125998,0.251411,-0.068630,0.069182,0.255416,-0.061010,-0.139846,0.251698,0.193690,0.128435,0.019106,0.273230,-0.168955,0.015910,0.013217,0.121912,0.015953,-0.212724,-0.186660,0.015349
0.137947,-0.029114,0.252258,0.323955,0.082351,0.256464,0.331665,-0.126655,0.251804,-0.055771,0.068427,0.252713,-0.048061,-0.140579,0.248053,0.230080,0.129482,0.027639,0.274189,-0.169009,0.015961,0.014283,0.121783,0.015957,-0.190694,-0.186140,0.015186
0.151405,-0.030731,0.254443,0.337409,0.080619,0.261141,0.345088,-0.128342,0.254747,-0.042278,0.066880,0.254138,-0.034599,-0.142081,0.247744,0.255273,0.129858,0.040360,0.275319,-0.169099,0.015861,0.015208,0.121785,0.015885,-0.165308,-0.185290,0.015810
0.165237,-0.032932,0.259172,0.351179,0.078368,0.268057,0.358934,-0.130516,0.259585,-0.028459,0.064652,0.258759,-0.020705,-0.144233,0.250288,0.273529,0.129826,0.050532,0.276591,-0.169202,0.015730,0.015901,0.121673,0.015743,-0.134747,-0.184477,0.015845
0.179070,-0.035492,0.264803,0.364918,0.075777,0.275790,0.372805,-0.133000,0.265082,-0.014666,0.062016,0.264524,-0.006779,-0.146761,0.253817,0.293746,0.129790,0.058201,0.277916,-0.169340,0.015770,0.016404,0.121495,0.015661,-0.099470,-0.183594,0.015726
0.192955,-0.038155,0.270162,0.378702,0.073085,0.283003,0.386744,-0.135556,0.270009,-0.000834,0.059247,0.270314,0.007208,-0.149394,0.257321,0.319390,0.129972,0.064598,0.279256,-0.169452,0.016008,0.016831,0.121361,0.015617,-0.063179,-0.182647,0.015950
0.206787,-0.040691,0.274499,0.392423,0.070516,0.289102,0.400635,-0.137973,0.273950,0.012939,0.056590,0.275048,0.021151,-0.151899,0.259897,0.350993,0.130351,0.070828,0.280684,-0.169564,0.016102,0.017240,0.121213,0.015685,-0.027339,-0.181770,0.017104
0.220375,-0.042862,0.277008,0.405883,0.068328,0.293284,0.414293,-0.140002,0.276181,0.026457,0.054278,0.277835,0.034868,-0.154052,0.260731,0.386355,0.131013,0.076059,0.282043,-0.169627,0.016080,0.017796,0.121078,0.015833,0.008424,-0.180816,0.017808
0.233643,-0.044548,0.277130,0.419071,0.066556,0.294838,0.427591,-0.141625,0.276051,0.039694,0.052529,0.278210,0.048214,-0.155652,0.259423,0.422258,0.131789,0.079526,0.283259,-0.169731,0.015939,0.018399,0.120997,0.015954,0.044620,-0.179661,0.017737
0.246719,-0.045696,0.274669,0.432117,0.065300,0.293339,0.440680,-0.142742,0.273094,0.052759,0.051350,0.276244,0.061321,-0.156692,0.255999,0.454886,0.132806,0.078915,0.284381,-0.169851,0.015907,0.019126,0.120987,0.016062,0.080675,-0.178316,0.016740
0.259727,-0.046051,0.269833,0.445027,0.064994,0.289184,0.453769,-0.142926,0.267795,0.065686,0.050824,0.271871,0.074428,-0.157096,0.250483,0.482179,0.134453,0.073692,0.285286,-0.169841,0.016033,0.020425,0.120961,0.016115,0.112047,-0.177086,0.015644
0.272736,-0.045601,0.262517,0.458129,0.065384,0.281300,0.466763,-0.142472,0.259253,0.078709,0.051270,0.265780,0.087342,-0.156585,0.243734,0.500963,0.136370,0.060087,0.286380,-0.169911,0.016041,0.023173,0.121196,0.016046,0.127566,-0.176456,0.015550
0.285866,-0.043919,0.253823,0.472009,0.066396,0.268739,0.479413,-0.141600,0.247589,0.092318,0.053763,0.260057,0.099723,-0.154234,0.238907,0.500834,0.137601,0.028136,0.288544,-0.170563,0.016034,0.028372,0.122008,0.016074,0.128692,-0.176253,0.016036
0.298973,-0.042004,0.247806,0.485526,0.067928,0.260220,0.492210,-0.140190,0.240051,0.105736,0.056183,0.255562,0.112420,-0.151935,0.235393,0.500435,0.137785,0.015752,0.297472,-0.170420,0.016029,0.032266,0.122469,0.018647,0.129519,-0.175813,0.016024
0.312523,-0.040188,0.247525,0.499017,0.069878,0.259626,0.505807,-0.138344,0.240606,0.119239,0.057969,0.254445,0.126029,-0.150254,0.235424,0.501091,0.137877,0.015852,0.328606,-0.169325,0.016615,0.036713,0.121680,0.027405,0.130407,-0.175724,0.015923
0.327003,-0.037590,0.252072,0.513411,0.072751,0.262937,0.520367,-0.135646,0.245998,0.133640,0.060466,0.258146,0.140595,-0.147931,0.241207,0.502136,0.138077,0.015936,0.360645,-0.168371,0.021704,0.052558,0.121091,0.040307,0.130961,-0.175565,0.015913
0.342255,-0.034489,0.259269,0.528584,0.076181,0.267908,0.535700,-0.132400,0.253493,0.148809,0.063423,0.265046,0.155925,-0.145159,0.250631,0.503351,0.138311,0.016042,0.385198,-0.167698,0.030348,0.083161,0.121744,0.048339,0.131181,-0.175371,0.015982
0.357872,-0.031368,0.266923,0.544137,0.079563,0.273305,0.551379,-0.129167,0.261296,0.164365,0.066430,0.272551,0.171607,-0.142299,0.260542,0.504663,0.138548,0.016024,0.409052,-0.166855,0.038781,0.120129,0.122940,0.055415,0.131187,-0.175187,0.016039
0.373299,-0.028614,0.273112,0.559590,0.082355,0.277865,0.566781,-0.126476,0.267735,0.179817,0.069248,0.278489,0.187007,-0.139583,0.268358,0.505983,0.138749,0.015871,0.437658,-0.165583,0.043682,0.155559,0.124335,0.064274,0.132396,-0.174750,0.015973
0.388023,-0.026325,0.276385,0.574750,0.083954,0.279969,0.581114,-0.124953,0.270908,0.194933,0.072302,0.281863,0.201297,-0.136605,0.272802,0.507171,0.138867,0.015811,0.471942,-0.163926,0.043442,0.186419,0.126615,0.073020,0.141887,-0.172787,0.015939
0.402260,-0.024494,0.276786,0.589693,0.084610,0.279258,0.594697,-0.124355,0.270714,0.209823,0.075367,0.282858,0.214826,-0.133599,0.274314,0.508291,0.138935,0.015746,0.510189,-0.162393,0.038678,0.214502,0.129405,0.076777,0.153682,-0.170000,0.015944
0.416634,-0.023258,0.275292,0.604380,0.085327,0.276643,0.608760,-0.123669,0.268496,0.224507,0.077152,0.282088,0.228887,-0.131843,0.273941,0.509249,0.138991,0.015907,0.551158,-0.161168,0.032426,0.243920,0.131220,0.072594,0.156032,-0.168811,0.016019
0.431229,-0.022774,0.272929,0.618948,0.085866,0.273332,0.623349,-0.123131,0.265238,0.239108,0.077584,0.280619,0.243510,-0.131413,0.272525,0.510210,0.139035,0.016012,0.592734,-0.160016,0.026295,0.279067,0.132343,0.063099,0.156564,-0.168803,0.015974
0.446136,-0.022953,0.269593,0.633827,0.085734,0.268894,0.638222,-0.123245,0.260327,0.254051,0.077339,0.278858,0.258446,-0.131640,0.270291,0.511177,0.139017,0.016064,0.624943,-0.158981,0.015389,0.317895,0.133443,0.052895,0.157105,-0.168841,0.015926
0.461243,-0.022480,0.266026,0.648880,0.086290,0.264507,0.653332,-0.122687,0.255950,0.269154,0.077727,0.276102,0.273605,-0.131251,0.267545,0.512250,0.139052,0.016050,0.625635,-0.158948,0.015947,0.352031,0.134549,0.042688,0.157820,-0.168909,0.015844
0.475693,-0.020649,0.262507,0.663283,0.088204,0.261109,0.667867,-0.120815,0.253731,0.283519,0.079517,0.271283,0.288102,-0.129502,0.263905,0.535041,0.139541,0.015771,0.626517,-0.158819,0.015991,0.369779,0.135557,0.025975,0.159547,-0.169048,0.015675
0.489410,-0.018047,0.258437,0.676969,0.090870,0.258556,0.681713,-0.118202,0.252980,0.297108,0.082107,0.263894,0.301852,-0.126964,0.258319,0.561269,0.140084,0.019977,0.627345,-0.158594,0.015983,0.372701,0.135913,0.015953,0.169096,-0.168979,0.015485
0.502808,-0.016563,0.256881,0.690400,0.092290,0.257972,0.695109,-0.116806,0.253329,0.310506,0.083679,0.260433,0.315215,-0.125416,0.255790,0.596686,0.140739,0.028825,0.628357,-0.158511,0.015908,0.373934,0.136009,0.015942,0.190022,-0.168379,0.015725
0.516777,-0.016464,0.258912,0.704325,0.092450,0.261076,0.709128,-0.116641,0.256312,0.324426,0.083712,0.261513,0.329229,-0.125378,0.256749,0.625428,0.141117,0.041375,0.629552,-0.158464,0.015853,0.374866,0.135943,0.015860,0.218574,-0.168080,0.023531
0.531227,-0.017166,0.263357,0.718768,0.091719,0.267044,0.723582,-0.117353,0.261554,0.338872,0.083021,0.265160,0.343686,-0.126052,0.259670,0.653209,0.141330,0.052176,0.630948,-0.158510,0.015805,0.375614,0.135894,0.015754,0.254820,-0.167483,0.027654
0.545860,-0.018181,0.268356,0.733378,0.090676,0.273682,0.738220,-0.118369,0.267234,0.353501,0.082007,0.269478,0.358342,-0.127037,0.263029,0.684469,0.141666,0.058458,0.632404,-0.158551,0.015934,0.376251,0.135848,0.015630,0.295111,-0.166725,0.027667
0.560410,-0.019180,0.272528,0.747891,0.089667,0.279184,0.752783,-0.119345,0.271788,0.368036,0.080985,0.273268,0.372928,-0.128027,0.265873,0.720676,0.142177,0.062788,0.633911,-0.158570,0.016059,0.376845,0.135797,0.015663,0.336504,-0.165933,0.027406
0.574783,-0.020000,0.274982,0.762241,0.088833,0.282457,0.767166,-0.120147,0.274233,0.382400,0.080146,0.275731,0.387325,-0.128834,0.267508,0.759454,0.142808,0.065367,0.635359,-0.158592,0.016046,0.377494,0.135756,0.015822,0.379018,-0.165083,0.027495
0.588997,-0.020451,0.275012,0.776449,0.088380,0.282687,0.781389,-0.120575,0.273854,0.396604,0.079674,0.276171,0.401545,-0.129281,0.267338,0.796545,0.143590,0.064313,0.636637,-0.158597,0.015899,0.378184,0.135743,0.015931,0.422581,-0.164147,0.027475
0.603104,-0.020424,0.271984,0.790611,0.088355,0.278999,0.795467,-0.120589,0.269864,0.410740,0.079741,0.274103,0.415596,-0.129203,0.264968,0.827975,0.144377,0.058330,0.637817,-0.158652,0.015839,0.379535,0.135804,0.016041,0.464960,-0.163179,0.027496
0.617249,-0.019848,0.265847,0.804932,0.088723,0.271181,0.809474,-0.120226,0.261992,0.425023,0.080530,0.269702,0.429565,-0.128419,0.260513,0.848977,0.145180,0.043904,0.639565,-0.158603,0.015945,0.381731,0.136250,0.016023,0.500333,-0.162058,0.025685
0.631958,-0.018681,0.257424,0.819859,0.089612,0.260044,0.823963,-0.119358,0.251143,0.439953,0.081997,0.263705,0.444057,-0.126973,0.254803,0.852001,0.146147,0.015805,0.645144,-0.158351,0.015955,0.382959,0.136927,0.016048,0.523309,-0.160853,0.018535
0.646515,-0.018108,0.250377,0.834486,0.090083,0.251990,0.838427,-0.118885,0.242951,0.454603,0.082668,0.257803,0.458544,-0.126300,0.248764,0.852112,0.146130,0.015869,0.656292,-0.158000,0.015930,0.384188,0.137303,0.015927,0.526367,-0.160449,0.015908
0.660484,-0.017250,0.248030,0.848422,0.091002,0.249439,0.852428,-0.117982,0.240842,0.468540,0.083482,0.255217,0.472547,-0.125503,0.246621,0.852735,0.146189,0.015877,0.683592,-0.157475,0.016201,0.388349,0.137283,0.015963,0.527584,-0.160447,0.015746
0.674614,-0.015221,0.249452,0.862524,0.093086,0.250219,0.866588,-0.115955,0.243156,0.482640,0.085514,0.255748,0.486704,-0.123528,0.248686,0.853606,0.146314,0.015905,0.709535,-0.156953,0.020008,0.403172,0.137460,0.018780,0.528511,-0.160325,0.015638
0.689095,-0.012386,0.253444,0.876986,0.095955,0.253320,0.881093,-0.113149,0.248474,0.497096,0.088376,0.258414,0.501203,-0.120727,0.253568,0.854747,0.146495,0.015750,0.726511,-0.156551,0.028229,0.428067,0.137952,0.022804,0.529254,-0.160135,0.015715
0.703964,-0.009041,0.258733,0.891849,0.099308,0.257710,0.895980,-0.109839,0.255423,0.511949,0.091757,0.262043,0.516080,-0.117390,0.259757,0.855986,0.146705,0.015877,0.740786,-0.155992,0.038263,0.458247,0.138727,0.027011,0.529818,-0.159913,0.015763
0.719086,-0.005440,0.264467,0.906976,0.102888,0.262625,0.911107,-0.106271,0.263008,0.527065,0.095392,0.265927,0.531195,-0.113767,0.266310,0.857269,0.146913,0.015912,0.757676,-0.155155,0.047373,0.488652,0.139665,0.032987,0.530231,-0.159704,0.015823
0.734215,-0.001842,0.270023,0.922114,0.106455,0.267446,0.926236,-0.102684,0.270386,0.542194,0.098999,0.269661,0.546315,-0.110140,0.272600,0.858575,0.147131,0.015936,0.779952,-0.154078,0.053553,0.517788,0.140764,0.040779,0.530535,-0.159522,0.015873
0.749161,0.001469,0.274869,0.937083,0.109713,0.271794,0.941165,-0.099383,0.276984,0.557156,0.102320,0.272755,0.561238,-0.106776,0.277945,0.859912,0.147329,0.015978,0.808350,-0.152926,0.056291,0.546338,0.142024,0.048857,0.530767,-0.159349,0.015871
0.763763,0.004311,0.278448,0.951720,0.112488,0.275090,0.955737,-0.096555,0.282135,0.571790,0.105176,0.274761,0.575807,-0.103867,0.281807,0.861237,0.147498,0.015888,0.841920,-0.151846,0.056049,0.574636,0.143312,0.055094,0.531230,-0.159171,0.015844
0.778015,0.006573,0.280186,0.966015,0.114666,0.276610,0.969944,-0.094324,0.285097,0.586086,0.107470,0.275274,0.590015,-0.101521,0.283761,0.862448,0.147624,0.015812,0.879432,-0.150929,0.053443,0.603045,0.144445,0.057617,0.532047,-0.158989,0.015779
0.791855,0.008255,0.279860,0.979899,0.116259,0.275917,0.983741,-0.092687,0.285475,0.599969,0.109197,0.274245,0.603810,-0.099749,0.283803,0.863524,0.147730,0.015894,0.919671,-0.150213,0.048450,0.633310,0.145269,0.054609,0.532645,-0.158818,0.015877
0.805511,0.009228,0.277949,0.993575,0.117185,0.273638,0.997381,-0.091732,0.283830,0.613642,0.110187,0.272068,0.617448,-0.098730,0.282260,0.864564,0.147778,0.016013,0.962465,-0.149632,0.042919,0.667298,0.145704,0.047159,0.533097,-0.158773,0.015884
0.819283,0.009537,0.274604,1.007342,0.117472,0.269639,1.011159,-0.091436,0.279999,0.627406,0.110510,0.269210,0.631223,-0.098399,0.279570,0.865590,0.147819,0.016011,1.001398,-0.149235,0.035861,0.702025,0.145981,0.039224,0.533614,-0.158772,0.015886
0.833427,0.009216,0.269647,1.021467,0.117108,0.263191,1.025316,-0.091813,0.273280,0.641539,0.110245,0.266014,0.645388,-0.098676,0.276103,0.866530,0.147825,0.015946,1.025760,-0.149419,0.022646,0.731436,0.146066,0.031050,0.534156,-0.158798,0.015966
0.847839,0.008732,0.263361,1.035840,0.116587,0.255351,1.039727,-0.092350,0.265088,0.655952,0.109813,0.261635,0.659839,-0.099124,0.271372,0.867495,0.147800,0.015820,1.027296,-0.149708,0.015751,0.750897,0.145854,0.020602,0.535431,-0.158854,0.015841
0.861145,0.008373,0.259034,1.049128,0.116190,0.250146,1.053012,-0.092760,0.259588,0.669278,0.109507,0.258480,0.673162,-0.099444,0.267922,0.889843,0.148148,0.015884,1.027797,-0.149754,0.015704,0.753002,0.145604,0.015865,0.543308,-0.158753,0.015831
0.873985,0.007328,0.257771,1.061997,0.115131,0.249332,1.065823,-0.093863,0.257781,0.682148,0.108519,0.257761,0.685974,-0.100475,0.266210,0.918993,0.148746,0.020209,1.028480,-0.149824,0.015798,0.754006,0.145553,0.015948,0.557245,-0.158443,0.015971
0.887093,0.005627,0.258668,1.075123,0.113517,0.251937,1.078946,-0.095534,0.258817,0.695240,0.106788,0.258519,0.699062,-0.102264,0.265399,0.953200,0.149357,0.026682,1.029417,-0.149919,0.015831,0.754920,0.145379,0.015990,0.573668,-0.158147,0.019047
0.900658,0.003372,0.261260,1.088724,0.111322,0.256899,1.092510,-0.097788,0.261715,0.708805,0.104533,0.260806,0.712591,-0.104578,0.265622,0.984832,0.149818,0.035809,1.030503,-0.150041,0.015922,0.755743,0.145212,0.015899,0.596614,-0.157800,0.020173
0.914520,0.000641,0.265172,1.102608,0.108626,0.263270,1.106369,-0.100527,0.265676,0.722671,0.101808,0.264667,0.726433,-0.107344,0.267073,1.014202,0.149997,0.046059,1.031663,-0.150203,0.015951,0.756392,0.145012,0.015736,0.625236,-0.157445,0.021922
0.928604,-0.002377,0.269722,1.116710,0.105593,0.270150,1.120438,-0.103574,0.269962,0.736770,0.098821,0.269483,0.740499,-0.110346,0.269295,1.043611,0.149941,0.054873,1.032996,-0.150361,0.015865,0.756985,0.144867,0.015624,0.657685,-0.157059,0.024509
0.942726,-0.005455,0.273987,1.130814,0.102517,0.276498,1.134571,-0.106631,0.273759,0.750881,0.095721,0.274215,0.754639,-0.113427,0.271476,1.075428,0.149807,0.060860,1.034287,-0.150517,0.015906,0.757455,0.144687,0.015670,0.692330,-0.156798,0.026382
0.956757,-0.008305,0.277180,1.144815,0.099658,0.281570,1.148619,-0.109446,0.276508,0.764894,0.092837,0.277851,0.768698,-0.116268,0.272789,1.110787,0.149750,0.065122,1.035631,-0.150666,0.016016,0.757964,0.144525,0.015787,0.727972,-0.156537,0.027321
0.970619,-0.010731,0.278633,1.158643,0.097213,0.284664,1.162501,-0.111832,0.277596,0.778738,0.090371,0.279670,0.782595,-0.118674,0.272602,1.147751,0.149814,0.068199,1.036909,-0.150790,0.016046,0.758473,0.144399,0.015892,0.764375,-0.156198,0.027238
0.984322,-0.012650,0.277854,1.172300,0.095294,0.285172,1.176235,-0.113686,0.276434,0.792408,0.088387,0.279274,0.796344,-0.120593,0.270535,1.182732,0.150057,0.068290,1.038062,-0.150894,0.015946,0.759109,0.144266,0.016004,0.801670,-0.155754,0.025726
0.997978,-0.013947,0.274599,1.185945,0.093956,0.282776,1.189897,-0.114966,0.272743,0.806060,0.087073,0.276456,0.810012,-0.121849,0.266423,1.213224,0.150466,0.064458,1.039141,-0.150989,0.015792,0.759924,0.144215,0.016075,0.838393,-0.155151,0.023389
1.011589,-0.014561,0.268647,1.199526,0.093383,0.276958,1.203545,-0.115493,0.266019,0.819633,0.086371,0.271275,0.823652,-0.122504,0.260336,1.236799,0.151253,0.054841,1.040007,-0.151061,0.015895,0.761748,0.144145,0.016039,0.871446,-0.154489,0.019446
1.025314,-0.014496,0.260112,1.213302,0.093436,0.267370,1.217250,-0.115412,0.255909,0.833379,0.086421,0.264314,0.837327,-0.122428,0.252854,1.249063,0.152377,0.035230,1.041471,-0.151097,0.015980,0.763873,0.144257,0.016030,0.888213,-0.153987,0.015857
1.039368,-0.013344,0.251470,1.227474,0.094551,0.255454,1.231186,-0.114324,0.244403,0.847550,0.087636,0.258537,0.851261,-0.121239,0.247486,1.245990,0.153081,0.015798,1.047595,-0.151021,0.015973,0.767162,0.144573,0.015785,0.889488,-0.153815,0.015685
1.053154,-0.012024,0.247604,1.241227,0.095970,0.250233,1.244981,-0.112942,0.239932,0.861327,0.088895,0.255275,0.865081,-0.120018,0.244974,1.246379,0.153131,0.015874,1.071386,-0.150514,0.015619,0.775018,0.144651,0.016067,0.890653,-0.153771,0.015801
1.067451,-0.009899,0.249340,1.255507,0.098131,0.251769,1.259311,-0.110854,0.243092,0.875592,0.091056,0.255587,0.879396,-0.117929,0.246910,1.247331,0.153276,0.015791,1.094261,-0.150185,0.022189,0.789468,0.144654,0.022683,0.891468,-0.153615,0.015895
1.082405,-0.006954,0.254719,1.270421,0.101159,0.256362,1.274310,-0.107911,0.250067,0.890501,0.094002,0.259370,0.894389,-0.115067,0.253075,1.248546,0.153471,0.015879,1.114342,-0.149777,0.031291,0.815472,0.144997,0.029804,0.891958,-0.153451,0.015935
1.097824,-0.003525,0.261684,1.285810,0.104652,0.262078,1.289759,-0.104480,0.258465,0.905889,0.097430,0.264903,0.909838,-0.111701,0.261290,1.249896,0.153693,0.015899,1.133208,-0.149150,0.041423,0.849444,0.145781,0.036185,0.892234,-0.153260,0.016002
1.113304,-0.000126,0.268632,1.301276,0.108075,0.268032,1.305256,-0.101084,0.266922,0.921352,0.100832,0.270342,0.925332,-0.108327,0.269232,1.251295,0.153921,0.015913,1.155555,-0.148238,0.049448,0.885016,0.146799,0.044297,0.892335,-0.153070,0.016002
1.128479,0.002918,0.274287,1.316483,0.111057,0.273044,1.320405,-0.098104,0.274037,0.936553,0.103940,0.274536,0.940475,-0.105221,0.275529,1.252645,0.154099,0.015942,1.183987,-0.147168,0.053288,0.918233,0.148007,0.053626,0.893008,-0.152802,0.015826
1.142929,0.005379,0.277543,1.331199,0.113051,0.276063,1.334608,-0.096107,0.278495,0.951250,0.106864,0.276591,0.954659,-0.102294,0.279023,1.253879,0.154225,0.015940,1.217898,-0.146095,0.052565,0.947579,0.149764,0.061658,0.898277,-0.151733,0.015813
1.156853,0.007267,0.278105,1.345657,0.113999,0.276617,1.348024,-0.095162,0.279904,0.965682,0.109696,0.276307,0.968048,-0.099465,0.279593,1.255059,0.154335,0.015826,1.255366,-0.145307,0.048332,0.974552,0.151927,0.064541,0.906915,-0.149762,0.015703
1.170830,0.008663,0.276994,1.359761,0.115163,0.275020,1.361879,-0.093984,0.279201,0.979781,0.111311,0.274787,0.981899,-0.097837,0.278968,1.256120,0.154394,0.015833,1.296187,-0.144835,0.042881,1.002940,0.152715,0.060100,0.908176,-0.149303,0.015944
1.184982,0.009331,0.275691,1.373914,0.115825,0.273491,1.376031,-0.093313,0.278094,0.993934,0.111975,0.273288,0.996050,-0.097164,0.277891,1.257192,0.154439,0.015925,1.340537,-0.144404,0.038750,1.037554,0.152997,0.051450,0.908564,-0.149278,0.015940
1.199257,0.009304,0.273462,1.388183,0.115800,0.270881,1.390311,-0.093340,0.275388,1.008203,0.111948,0.271536,1.010331,-0.097192,0.276043,1.258299,0.154448,0.015944,1.380450,-0.144133,0.032716,1.076200,0.153189,0.043468,0.908994,-0.149292,0.015914
1.213753,0.008812,0.269184,1.402668,0.115279,0.265035,1.404795,-0.093871,0.269097,1.022710,0.111495,0.269270,1.024838,-0.097655,0.273333,1.259279,0.154443,0.015954,1.403564,-0.144212,0.018504,1.109690,0.153312,0.036113,0.909619,-0.149287,0.015964
1.228119,0.008781,0.263959,1.416876,0.115489,0.258937,1.419291,-0.093656,0.263072,1.036946,0.111219,0.264846,1.039361,-0.097926,0.268980,1.260460,0.154340,0.015890,1.404217,-0.144181,0.015768,1.131689,0.153052,0.025976,0.912630,-0.149859,0.015712
1.241531,0.009590,0.258834,1.430269,0.116370,0.254654,1.432752,-0.092760,0.259459,1.050311,0.111940,0.258209,1.052794,-0.097190,0.263014,1.289877,0.154677,0.015656,1.404876,-0.144154,0.015805,1.138925,0.152889,0.015837,0.920014,-0.149903,0.016173
1.254654,0.009380,0.256565,1.443402,0.116175,0.253342,1.445876,-0.092960,0.257919,1.063432,0.111721,0.255210,1.065906,-0.097414,0.259787,1.314870,0.154995,0.019212,1.405652,-0.144198,0.015832,1.140123,0.152855,0.015876,0.928866,-0.149836,0.015912
1.267693,0.008297,0.256819,1.456439,0.115120,0.254629,1.458919,-0.094034,0.258202,1.076466,0.110628,0.255435,1.078946,-0.098526,0.259008,1.345576,0.155366,0.026387,1.406557,-0.144255,0.015864,1.141109,0.152764,0.015954,0.948297,-0.149687,0.015984
1.281166,0.006470,0.259456,1.469906,0.113326,0.259034,1.472398,-0.095850,0.260982,1.089934,0.108789,0.257929,1.092426,-0.100387,0.259877,1.372748,0.155556,0.037017,1.407654,-0.144359,0.015899,1.141926,0.152610,0.015898,0.973190,-0.149510,0.018621
1.295036,0.004040,0.263850,1.483755,0.110921,0.265518,1.486277,-0.098263,0.265374,1.103796,0.106343,0.262326,1.106318,-0.102842,0.262183,1.399371,0.155507,0.048364,1.408886,-0.144478,0.015921,1.142615,0.152434,0.015744,1.003592,-0.149368,0.021500
1.309074,0.001225,0.268984,1.497785,0.108067,0.272750,1.500303,-0.101103,0.270291,1.117845,0.103552,0.267678,1.120364,-0.105618,0.265218,1.427547,0.155215,0.057000,1.410208,-0.144652,0.015816,1.143153,0.152277,0.015647,1.037643,-0.149230,0.023681
1.323166,-0.001720,0.273694,1.511843,0.105099,0.279310,1.514407,-0.104030,0.274504,1.131924,0.100589,0.272885,1.134488,-0.108540,0.268078,1.459295,0.154899,0.062666,1.411558,-0.144814,0.015951,1.143644,0.152110,0.015638,1.073319,-0.149169,0.024986
1.337143,-0.004452,0.277162,1.525777,0.102349,0.284385,1.528409,-0.106719,0.277424,1.145877,0.097815,0.276901,1.148509,-0.111252,0.269940,1.494895,0.154675,0.067053,1.412878,-0.144950,0.016054,1.144111,0.151967,0.015753,1.109501,-0.149095,0.025849
1.350929,-0.006836,0.278696,1.539519,0.099943,0.287263,1.542222,-0.109051,0.278403,1.159636,0.095380,0.278989,1.162340,-0.113615,0.270129,1.531962,0.154545,0.070132,1.414157,-0.145081,0.016054,1.144638,0.151835,0.015871,1.146610,-0.148958,0.025881
1.364563,-0.008701,0.277927,1.553128,0.098035,0.287498,1.555871,-0.110886,0.277064,1.173255,0.093483,0.278790,1.175998,-0.115438,0.268355,1.566995,0.154569,0.070447,1.415337,-0.145200,0.015943,1.145291,0.151754,0.015967,1.184400,-0.148682,0.024961
1.378113,-0.009949,0.274658,1.566664,0.096754,0.284859,1.569433,-0.112103,0.273207,1.186792,0.092206,0.276109,1.189561,-0.116651,0.264457,1.597323,0.154866,0.066499,1.416362,-0.145296,0.015785,1.146092,0.151698,0.016074,1.221633,-0.148295,0.023267
1.391693,-0.010513,0.268644,1.580245,0.096198,0.278744,1.583036,-0.112608,0.266216,1.200351,0.091581,0.271073,1.203141,-0.117225,0.258545,1.620728,0.155599,0.056656,1.417258,-0.145343,0.015938,1.147947,0.151712,0.016143,1.254992,-0.147745,0.019834
1.405418,-0.010387,0.260171,1.594039,0.096319,0.268954,1.596741,-0.112466,0.256075,1.214096,0.091692,0.264267,1.216798,-0.117094,0.251387,1.632317,0.156705,0.036328,1.418353,-0.145505,0.015997,1.149890,0.151712,0.016067,1.273810,-0.147370,0.015917
1.419388,-0.009270,0.251755,1.608256,0.097214,0.257342,1.610495,-0.111608,0.244982,1.228280,0.093069,0.258527,1.230520,-0.115754,0.246167,1.629192,0.157269,0.015785,1.425365,-0.145573,0.016010,1.152595,0.152156,0.015813,1.275005,-0.147163,0.015633
1.433060,-0.008030,0.247845,1.621891,0.098576,0.252221,1.624193,-0.110289,0.240605,1.241927,0.094229,0.255085,1.244228,-0.114636,0.243469,1.629556,0.157331,0.015812,1.450275,-0.145214,0.015586,1.158666,0.152132,0.015977,1.276190,-0.147143,0.015774
1.447273,-0.005844,0.249153,1.636081,0.100817,0.253197,1.638437,-0.108138,0.243339,1.256110,0.096449,0.254967,1.258466,-0.112505,0.245109,1.630412,0.157458,0.015774,1.473216,-0.145051,0.021786,1.171344,0.152032,0.021060,1.277071,-0.146984,0.015879
1.462021,-0.002831,0.253883,1.650779,0.103948,0.257030,1.653235,-0.105109,0.249698,1.270807,0.099448,0.258069,1.273263,-0.109609,0.250737,1.631558,0.157662,0.015868,1.493263,-0.144774,0.030304,1.194939,0.152139,0.027081,1.277635,-0.146803,0.015920
1.477249,0.000683,0.260229,1.665969,0.107562,0.261973,1.668500,-0.101575,0.257512,1.285998,0.102941,0.262945,1.288530,-0.106196,0.258485,1.632814,0.157871,0.015947,1.511409,-0.144305,0.040172,1.226458,0.152597,0.032595,1.277973,-0.146616,0.016009
1.492645,0.004299,0.266851,1.681345,0.111225,0.267350,1.683916,-0.097952,0.265681,1.301375,0.106550,0.268021,1.303945,-0.102627,0.266353,1.634166,0.158106,0.015931,1.532110,-0.143542,0.048618,1.260400,0.153324,0.039563,1.278170,-0.146402,0.015995
1.507866,0.007668,0.272665,1.696564,0.114598,0.272221,1.699139,-0.094585,0.273030,1.316593,0.109920,0.272300,1.319168,-0.099262,0.273110,1.635484,0.158307,0.015914,1.558317,-0.142622,0.053485,1.293298,0.154219,0.048173,1.278291,-0.146215,0.015980
1.522598,0.010521,0.276849,1.711361,0.117332,0.275833,1.713808,-0.091835,0.278602,1.331388,0.112877,0.275097,1.333835,-0.096290,0.277865,1.636751,0.158476,0.015952,1.590303,-0.141705,0.054367,1.323784,0.155350,0.056363,1.279552,-0.145851,0.015837
1.536774,0.012802,0.278729,1.725795,0.119151,0.277338,1.727733,-0.089999,0.281494,1.345814,0.115603,0.275964,1.347752,-0.093547,0.280120,1.637935,0.158602,0.015869,1.626433,-0.140963,0.051793,1.351892,0.156854,0.061268,1.283888,-0.144853,0.015785
1.550652,0.014507,0.278482,1.739865,0.120507,0.276564,1.741425,-0.088622,0.281810,1.359878,0.117636,0.275154,1.361438,-0.091492,0.280400,1.639009,0.158679,0.015811,1.665380,-0.140551,0.046745,1.379877,0.157858,0.060152,1.285982,-0.144155,0.015936
1.564484,0.015488,0.277179,1.753701,0.121472,0.274891,1.755253,-0.087638,0.280831,1.373715,0.118614,0.273527,1.375266,-0.090496,0.279467,1.640048,0.158741,0.015904,1.708071,-0.140253,0.041634,1.412112,0.158104,0.053016,1.286382,-0.144111,0.015927
1.578308,0.015736,0.274822,1.767529,0.121706,0.272192,1.769076,-0.087399,0.278304,1.387540,0.118870,0.271340,1.389087,-0.090235,0.277452,1.641043,0.158752,0.015956,1.750054,-0.140083,0.036304,1.448705,0.158162,0.044456,1.286802,-0.144107,0.015915
1.592354,0.015411,0.270772,1.781572,0.121353,0.266998,1.783122,-0.087759,0.272870,1.401585,0.118582,0.268673,1.403136,-0.090530,0.274545,1.642014,0.158738,0.015979,1.778892,-0.140230,0.024663,1.483074,0.158130,0.036323,1.287312,-0.144121,0.015904
1.606781,0.014748,0.264909,1.796032,0.120551,0.259342,1.797480,-0.088573,0.264781,1.416082,0.118068,0.265037,1.417530,-0.091056,0.270476,1.642922,0.158627,0.015936,1.782809,-0.140619,0.015727,1.507360,0.157968,0.026684,1.288504,-0.144035,0.015975
1.620544,0.014908,0.259389,1.809804,0.120701,0.253929,1.811240,-0.088419,0.259529,1.429849,0.118234,0.259248,1.431285,-0.090886,0.264849,1.659567,0.158763,0.015926,1.783329,-0.140606,0.015765,1.515377,0.157770,0.015835,1.294351,-0.143963,0.015805
1.633560,0.014618,0.256655,1.822862,0.120367,0.251823,1.824227,-0.088761,0.257157,1.442894,0.117997,0.256154,1.444259,-0.091131,0.261487,1.688459,0.159021,0.019144,1.784083,-0.140643,0.015830,1.516570,0.157816,0.015870,1.306703,-0.143760,0.015801
1.646690,0.013458,0.256858,1.836017,0.119214,0.253333,1.837347,-0.089937,0.257645,1.456034,0.116854,0.256071,1.457364,-0.092297,0.260384,1.723742,0.159289,0.026745,1.785009,-0.140716,0.015859,1.517570,0.157755,0.015973,1.327702,-0.143616,0.016263
