0.004562,-0.005836,0.320873,0.194431,0.098993,0.322198,0.194501,-0.109690,0.307502,-0.185377,0.098017,0.334244,-0.185306,-0.110666,0.319548,0.160253,0.157556,0.137431,0.201119,-0.142928,0.132527,-0.193516,0.155422,0.166036,-0.168078,-0.142860,0.129786
0.007580,-0.008102,0.301647,0.197638,0.096391,0.301510,0.197217,-0.112275,0.286579,-0.182057,0.096070,0.316714,-0.182479,-0.112596,0.301784,0.151030,0.155473,0.113928,0.213706,-0.145298,0.110803,-0.211871,0.153623,0.150044,-0.146477,-0.143525,0.096197
0.010712,-0.010185,0.278712,0.200105,0.095486,0.276518,0.200883,-0.113269,0.262910,-0.179460,0.092899,0.294514,-0.178682,-0.115857,0.280906,0.138285,0.153485,0.081967,0.214549,-0.146537,0.075322,-0.210707,0.149945,0.116317,-0.137591,-0.146693,0.057581
0.013275,-0.012184,0.251168,0.201810,0.094960,0.247157,0.204172,-0.113881,0.235124,-0.177622,0.089512,0.267213,-0.175259,-0.119328,0.255180,0.134364,0.150593,0.058545,0.202735,-0.146832,0.016577,-0.194125,0.146517,0.064794,-0.132084,-0.151493,0.031729
0.014969,-0.012688,0.221771,0.202529,0.096213,0.219992,0.206968,-0.112574,0.207626,-0.177031,0.087199,0.235917,-0.172591,-0.121588,0.223550,0.133655,0.151510,0.030519,0.201482,-0.146871,0.015835,-0.174886,0.145704,0.017782,-0.124100,-0.153792,0.015796
0.016270,-0.010620,0.200251,0.203769,0.098353,0.197073,0.208242,-0.110484,0.185586,-0.175703,0.089244,0.214916,-0.171230,-0.119593,0.203428,0.136407,0.152400,0.015977,0.200486,-0.146841,0.015824,-0.173710,0.145769,0.015783,-0.123170,-0.153773,0.015818
0.019085,-0.008644,0.188048,0.206490,0.100376,0.182116,0.210932,-0.108530,0.171973,-0.172763,0.091242,0.204124,-0.168320,-0.117665,0.193981,0.136274,0.152465,0.015939,0.200143,-0.146699,0.015955,-0.172862,0.145899,0.015771,-0.122636,-0.153562,0.015934
0.023293,-0.006996,0.181254,0.210727,0.101949,0.174895,0.215146,-0.107020,0.166130,-0.168560,0.093028,0.196378,-0.164142,-0.115941,0.187612,0.136515,0.152548,0.015951,0.200381,-0.146529,0.015844,-0.172060,0.146028,0.015823,-0.122073,-0.153352,0.015965
0.027943,-0.005455,0.177995,0.215392,0.103487,0.172029,0.219906,-0.105539,0.164791,-0.164021,0.094629,0.191199,-0.159507,-0.114397,0.183961,0.136915,0.152687,0.015883,0.200924,-0.146276,0.015769,-0.175717,0.145940,0.015746,-0.121549,-0.153248,0.015980
0.032608,-0.003975,0.177073,0.220086,0.104959,0.171914,0.224693,-0.104115,0.166271,-0.159477,0.096165,0.187874,-0.154870,-0.112908,0.182231,0.137356,0.152821,0.015997,0.211899,-0.145842,0.016853,-0.185258,0.145626,0.019210,-0.121068,-0.153154,0.015970
0.037331,-0.002586,0.177520,0.224801,0.106385,0.172896,0.229523,-0.102722,0.168783,-0.154861,0.097549,0.186257,-0.150140,-0.111557,0.182144,0.137805,0.152977,0.015972,0.230639,-0.145313,0.023697,-0.194466,0.145165,0.031689,-0.120666,-0.153092,0.015907
0.042206,-0.001389,0.179349,0.229696,0.107548,0.174712,0.234423,-0.101580,0.171896,-0.150011,0.098803,0.186802,-0.145284,-0.110325,0.183985,0.138251,0.153085,0.015932,0.245387,-0.144892,0.030358,-0.195891,0.145127,0.046016,-0.120319,-0.152963,0.015883
0.047451,-0.000732,0.182353,0.234934,0.108211,0.177574,0.239688,-0.100924,0.175433,-0.144785,0.099459,0.189273,-0.140032,-0.109676,0.187132,0.138760,0.153144,0.015882,0.254025,-0.144625,0.034937,-0.190650,0.145236,0.056876,-0.120000,-0.152931,0.015852
0.053200,-0.000816,0.186108,0.240669,0.108157,0.181489,0.245452,-0.100976,0.179140,-0.139052,0.099343,0.193075,-0.134270,-0.109789,0.190726,0.139292,0.153163,0.015866,0.256953,-0.144591,0.037880,-0.181436,0.145299,0.063060,-0.119660,-0.152956,0.015834
0.059433,-0.001617,0.190167,0.246908,0.107361,0.185947,0.251672,-0.101758,0.182610,-0.132806,0.098523,0.197724,-0.128042,-0.110596,0.194386,0.139885,0.153105,0.015887,0.255113,-0.144847,0.038506,-0.168924,0.145289,0.064765,-0.119313,-0.153015,0.015825
0.065971,-0.002769,0.193820,0.253393,0.106298,0.189518,0.258209,-0.102794,0.184818,-0.126266,0.097255,0.202822,-0.121451,-0.111837,0.198122,0.140436,0.153073,0.015885,0.249583,-0.145073,0.033868,-0.152672,0.145296,0.061550,-0.118974,-0.153155,0.015804
0.072407,-0.003777,0.195876,0.259355,0.106040,0.190232,0.264903,-0.102992,0.183931,-0.120090,0.095439,0.207820,-0.114542,-0.113593,0.201519,0.152154,0.153942,0.015701,0.241387,-0.144203,0.021386,-0.132242,0.145260,0.053330,-0.119170,-0.153604,0.015804
0.078243,-0.004356,0.196116,0.264019,0.107349,0.189010,0.271694,-0.101643,0.183738,-0.115208,0.092931,0.208493,-0.107532,-0.116062,0.203221,0.194324,0.154589,0.018393,0.240518,-0.144050,0.015925,-0.106187,0.142997,0.040408,-0.125027,-0.157539,0.018460
0.083637,-0.004463,0.193794,0.268197,0.109251,0.186874,0.278218,-0.099676,0.183122,-0.110944,0.090749,0.204467,-0.100923,-0.118177,0.200715,0.240305,0.156281,0.027709,0.241201,-0.143958,0.015918,-0.082258,0.140879,0.023838,-0.131855,-0.162050,0.026983
0.088703,-0.003860,0.189176,0.272914,0.110488,0.183532,0.283714,-0.098414,0.180715,-0.106307,0.090693,0.197637,-0.095508,-0.118209,0.194820,0.269696,0.157803,0.037719,0.241655,-0.143880,0.015860,-0.075285,0.140261,0.016008,-0.133229,-0.163523,0.035373
0.093872,-0.003235,0.185055,0.278117,0.111103,0.180399,0.288929,-0.097803,0.177911,-0.101184,0.091333,0.192199,-0.090373,-0.117573,0.189711,0.285147,0.158645,0.040627,0.242075,-0.143811,0.015823,-0.074653,0.140318,0.015995,-0.132120,-0.163503,0.043289
0.099251,-0.002792,0.182857,0.283515,0.111526,0.178454,0.294311,-0.097383,0.176138,-0.095810,0.091798,0.189575,-0.085013,-0.117110,0.187259,0.294865,0.159156,0.040464,0.242542,-0.143794,0.015816,-0.074109,0.140358,0.015957,-0.129125,-0.163383,0.050137
0.104748,-0.002235,0.182599,0.289020,0.112058,0.177923,0.299796,-0.096854,0.175926,-0.090301,0.092383,0.189273,-0.079524,-0.116529,0.187276,0.302422,0.159584,0.039588,0.243066,-0.143762,0.015779,-0.073653,0.140412,0.015848,-0.124394,-0.163095,0.055323
0.110294,-0.001266,0.183700,0.294589,0.112965,0.178442,0.305315,-0.095956,0.177236,-0.084727,0.093423,0.190164,-0.074001,-0.115498,0.188958,0.308555,0.160002,0.038313,0.243618,-0.143703,0.015809,-0.073246,0.140530,0.015836,-0.118262,-0.162532,0.059281
0.115879,0.000259,0.185474,0.300180,0.114441,0.179410,0.310893,-0.094484,0.179605,-0.079135,0.095003,0.191344,-0.068422,-0.113922,0.191538,0.313285,0.160490,0.036573,0.244187,-0.143567,0.015776,-0.072808,0.140674,0.015881,-0.110651,-0.161718,0.062001
0.121502,0.002380,0.187432,0.305818,0.116479,0.180350,0.316509,-0.092435,0.182584,-0.073505,0.097196,0.192280,-0.062814,-0.111719,0.194513,0.316687,0.160981,0.033884,0.244758,-0.143402,0.015826,-0.072358,0.140881,0.015886,-0.101214,-0.160595,0.063651
0.127117,0.005074,0.189217,0.311424,0.119100,0.180838,0.322140,-0.089768,0.185725,-0.067906,0.099915,0.192709,-0.057189,-0.108953,0.197596,0.318480,0.161441,0.029404,0.245328,-0.143206,0.015835,-0.071910,0.141095,0.015896,-0.089264,-0.159259,0.063483
0.132740,0.008278,0.190469,0.317016,0.122207,0.180283,0.327785,-0.086560,0.188345,-0.062305,0.103116,0.192592,-0.051536,-0.105651,0.200654,0.317456,0.161642,0.021491,0.245883,-0.142991,0.015824,-0.071422,0.141366,0.015884,-0.073515,-0.157760,0.060017
0.138279,0.011536,0.190741,0.322592,0.125135,0.177895,0.333242,-0.083483,0.189286,-0.056684,0.106554,0.192195,-0.046034,-0.102064,0.203586,0.315662,0.161503,0.015724,0.246334,-0.142959,0.015989,-0.070977,0.141774,0.015887,-0.051498,-0.156247,0.051084
0.143627,0.014008,0.190415,0.328067,0.127203,0.175921,0.338459,-0.081287,0.189652,-0.051205,0.109302,0.191177,-0.040812,-0.099188,0.204908,0.316026,0.161663,0.015807,0.281310,-0.141084,0.017407,-0.071427,0.142351,0.015830,-0.021243,-0.154731,0.039197
0.149166,0.015076,0.188647,0.333709,0.128097,0.174118,0.343940,-0.080341,0.188729,-0.045608,0.110492,0.188565,-0.035377,-0.097946,0.203177,0.316472,0.161773,0.015854,0.331504,-0.138137,0.023687,-0.071323,0.142741,0.015871,0.015274,-0.153243,0.029611
0.155167,0.014580,0.184951,0.339733,0.127731,0.171785,0.349981,-0.080750,0.185760,-0.039648,0.109910,0.184142,-0.029400,-0.098571,0.198117,0.316914,0.161766,0.015888,0.371234,-0.135531,0.033319,-0.070610,0.142706,0.015729,0.048829,-0.152231,0.020605
0.161610,0.012932,0.179902,0.346171,0.126359,0.169298,0.356498,-0.082239,0.181337,-0.033279,0.108103,0.178468,-0.022952,-0.100495,0.190507,0.317432,0.161665,0.015916,0.397501,-0.133858,0.041542,-0.069762,0.142489,0.015779,0.058179,-0.152137,0.015895
0.167866,0.011490,0.175578,0.352334,0.125215,0.166666,0.362860,-0.083464,0.177013,-0.027129,0.106443,0.174142,-0.016602,-0.102235,0.184489,0.317910,0.161567,0.015898,0.413038,-0.132872,0.048424,-0.068340,0.142191,0.018093,0.058873,-0.152355,0.015802
0.173828,0.010605,0.173117,0.358280,0.124448,0.165472,0.368852,-0.084289,0.174508,-0.021196,0.105499,0.171726,-0.010624,-0.103238,0.180762,0.318422,0.161510,0.016019,0.421462,-0.132462,0.052405,-0.065925,0.142343,0.022920,0.059498,-0.152384,0.015682
0.179569,0.010010,0.172601,0.363998,0.123964,0.166163,0.374627,-0.084813,0.174161,-0.015488,0.104832,0.171042,-0.004860,-0.103945,0.179040,0.319017,0.161462,0.015953,0.426556,-0.132377,0.052368,-0.062139,0.142462,0.026493,0.060088,-0.152440,0.015642
0.185154,0.009583,0.173581,0.369558,0.123643,0.168438,0.380245,-0.085163,0.175547,-0.009937,0.104328,0.171616,0.000750,-0.104478,0.178724,0.319620,0.161432,0.015952,0.430108,-0.132408,0.050366,-0.057245,0.142581,0.028804,0.060623,-0.152499,0.015711
0.190643,0.009300,0.175455,0.375023,0.123451,0.171627,0.385762,-0.085377,0.177961,-0.004475,0.103977,0.172950,0.006263,-0.104851,0.179284,0.320218,0.161442,0.015919,0.432539,-0.132452,0.047731,-0.051616,0.142768,0.030636,0.061118,-0.152519,0.015815
0.196106,0.009148,0.177688,0.380467,0.123363,0.175049,0.391239,-0.085480,0.180812,0.000973,0.103776,0.174564,0.011745,-0.105067,0.180327,0.320827,0.161422,0.015867,0.434141,-0.132533,0.045352,-0.045416,0.142991,0.032522,0.061604,-0.152561,0.015873
0.201569,0.009079,0.179942,0.385910,0.123346,0.178357,0.396712,-0.085509,0.183619,0.006426,0.103667,0.176266,0.017227,-0.105188,0.181528,0.321410,0.161439,0.015785,0.435353,-0.132556,0.043882,-0.038819,0.143290,0.034908,0.062067,-0.152567,0.015911
0.207069,0.009018,0.182073,0.391386,0.123334,0.181346,0.402224,-0.085530,0.186152,0.011915,0.103566,0.177993,0.022753,-0.105298,0.182800,0.321989,0.161445,0.015732,0.436481,-0.132554,0.043676,-0.031912,0.143597,0.038137,0.062528,-0.152597,0.015930
0.212631,0.008934,0.184148,0.396943,0.123259,0.184074,0.407781,-0.085615,0.188421,0.017482,0.103483,0.179876,0.028319,-0.105391,0.184222,0.322560,0.161419,0.015796,0.437557,-0.132582,0.044693,-0.024681,0.143957,0.042474,0.062980,-0.152615,0.015930
0.218288,0.008713,0.186344,0.402576,0.123076,0.186808,0.413454,-0.085808,0.190534,0.023123,0.103233,0.182154,0.034001,-0.105651,0.185880,0.323105,0.161407,0.015836,0.438435,-0.132596,0.046433,-0.016942,0.144263,0.047469,0.063402,-0.152670,0.015928
0.224144,0.008224,0.188843,0.408420,0.122604,0.189795,0.419320,-0.086292,0.192616,0.028968,0.102741,0.185071,0.039868,-0.106155,0.187892,0.323685,0.161351,0.015881,0.438626,-0.132748,0.048435,-0.008153,0.144529,0.052409,0.063826,-0.152744,0.015908
0.230282,0.007515,0.191727,0.414555,0.121894,0.193070,0.425465,-0.087015,0.194709,0.035099,0.102045,0.188745,0.046008,-0.106864,0.190383,0.324277,0.161303,0.015876,0.437369,-0.133042,0.049852,0.002499,0.144815,0.056072,0.064220,-0.152795,0.015863
0.236748,0.006599,0.194811,0.421007,0.121001,0.196267,0.431955,-0.087913,0.196527,0.041541,0.101112,0.193095,0.052489,-0.107802,0.193354,0.324875,0.161251,0.015873,0.434535,-0.133473,0.048990,0.015803,0.145106,0.057132,0.064627,-0.152898,0.015861
0.243378,0.005699,0.197416,0.427637,0.120107,0.198043,0.438596,-0.088803,0.196963,0.048159,0.100201,0.197869,0.059118,-0.108709,0.196789,0.325468,0.161202,0.015915,0.430104,-0.133963,0.042571,0.032509,0.145638,0.053797,0.065005,-0.152978,0.015851
0.249878,0.005089,0.198310,0.433792,0.120044,0.196840,0.445344,-0.088823,0.194487,0.054412,0.099001,0.202132,0.065964,-0.109867,0.199779,0.339568,0.162388,0.016402,0.424182,-0.133646,0.028479,0.053247,0.146213,0.046425,0.064929,-0.153375,0.015882
0.255867,0.004471,0.196548,0.438996,0.120595,0.192060,0.451824,-0.088190,0.189072,0.059910,0.097132,0.204025,0.072738,-0.111653,0.201036,0.372691,0.164515,0.020618,0.419613,-0.133232,0.015937,0.076952,0.146114,0.036718,0.057870,-0.155491,0.018268
0.261246,0.004326,0.192682,0.443476,0.121792,0.186759,0.457843,-0.086901,0.184408,0.064649,0.095553,0.200956,0.079016,-0.113140,0.198605,0.417144,0.167303,0.030215,0.420065,-0.133165,0.015978,0.098920,0.145482,0.022497,0.047578,-0.158945,0.028143
0.266296,0.004951,0.187624,0.448354,0.122693,0.181866,0.463056,-0.085981,0.180014,0.069536,0.095884,0.195233,0.084239,-0.112790,0.193381,0.446091,0.169364,0.039344,0.420437,-0.133092,0.015910,0.104318,0.145491,0.015965,0.043308,-0.159860,0.038105
0.271458,0.005569,0.183727,0.453543,0.123275,0.178098,0.468213,-0.085404,0.176509,0.074702,0.096543,0.190945,0.089373,-0.112136,0.189356,0.461183,0.170418,0.041142,0.420810,-0.133077,0.015883,0.104900,0.145562,0.015985,0.043555,-0.159841,0.047595
0.276798,0.006126,0.182101,0.458884,0.123817,0.176205,0.473543,-0.084864,0.174796,0.080054,0.097117,0.189407,0.094712,-0.111564,0.187998,0.470966,0.171144,0.040615,0.421283,-0.133025,0.015825,0.105409,0.145632,0.015970,0.046968,-0.159580,0.054689
0.282288,0.006851,0.182457,0.464375,0.124510,0.175997,0.479010,-0.084175,0.175008,0.085565,0.097877,0.189905,0.100200,-0.110808,0.188917,0.478510,0.171711,0.039390,0.421797,-0.132995,0.015775,0.105828,0.145685,0.015872,0.052278,-0.159117,0.059460
0.287888,0.007957,0.184007,0.469966,0.125587,0.176809,0.484600,-0.083101,0.176663,0.091175,0.099015,0.191351,0.105809,-0.109672,0.191205,0.484510,0.172265,0.037801,0.422370,-0.132914,0.015813,0.106233,0.145755,0.015843,0.058863,-0.158436,0.062924
0.293571,0.009583,0.186003,0.475643,0.127167,0.177939,0.490282,-0.081517,0.179155,0.096861,0.100682,0.192852,0.111500,-0.108001,0.194067,0.489184,0.172851,0.035795,0.422963,-0.132753,0.015793,0.106657,0.145901,0.015854,0.066794,-0.157449,0.065413
0.299271,0.011780,0.187949,0.481342,0.129288,0.178842,0.495986,-0.079375,0.182040,0.102555,0.102934,0.193857,0.117199,-0.105728,0.197055,0.492564,0.173406,0.032942,0.423537,-0.132574,0.015828,0.107089,0.146092,0.015901,0.076316,-0.156158,0.066979
0.304981,0.014526,0.189590,0.487042,0.131946,0.179207,0.501717,-0.076659,0.184970,0.108245,0.105712,0.194210,0.122921,-0.102893,0.199973,0.494501,0.173882,0.028332,0.424126,-0.132370,0.015834,0.107580,0.146319,0.015922,0.088125,-0.154593,0.067055
0.310673,0.017838,0.190688,0.492707,0.135136,0.178618,0.507434,-0.073355,0.187514,0.113912,0.109030,0.193863,0.128638,-0.099461,0.202759,0.494369,0.174133,0.020997,0.424687,-0.132129,0.015865,0.108068,0.146629,0.015916,0.103117,-0.152771,0.064414
0.316284,0.021355,0.190943,0.498366,0.138303,0.176438,0.512977,-0.070017,0.188857,0.119591,0.112726,0.193029,0.134202,-0.095593,0.205449,0.493170,0.173998,0.015701,0.425235,-0.132118,0.015998,0.108560,0.147035,0.015913,0.123320,-0.150860,0.056801
0.321720,0.024132,0.190774,0.503834,0.140820,0.174657,0.518384,-0.067320,0.189842,0.125056,0.115584,0.191705,0.139607,-0.092556,0.206890,0.493544,0.174188,0.015749,0.458555,-0.129897,0.015600,0.108930,0.147312,0.015900,0.151770,-0.149230,0.044571
0.327362,0.025429,0.189259,0.509595,0.141916,0.173041,0.523964,-0.066161,0.189231,0.130760,0.117019,0.189286,0.145129,-0.091058,0.205476,0.494008,0.174302,0.015823,0.507482,-0.126110,0.020674,0.108986,0.147718,0.015867,0.187839,-0.147186,0.033481
0.333424,0.025139,0.185856,0.515698,0.141733,0.170925,0.530055,-0.066385,0.186587,0.136792,0.116663,0.185124,0.151149,-0.091455,0.200786,0.494493,0.174286,0.015853,0.549064,-0.122530,0.030193,0.109673,0.147737,0.015813,0.223253,-0.145459,0.024170
0.339951,0.023529,0.180986,0.522275,0.140364,0.168795,0.536622,-0.067902,0.182374,0.143279,0.114960,0.179599,0.157626,-0.093306,0.193177,0.495025,0.174172,0.015896,0.577425,-0.120113,0.038673,0.110461,0.147668,0.015713,0.240027,-0.144846,0.015831
0.346340,0.021935,0.176516,0.528576,0.139093,0.166263,0.543112,-0.069280,0.177844,0.149568,0.113149,0.175188,0.164104,-0.095224,0.186769,0.495539,0.174061,0.015898,0.594567,-0.118637,0.046209,0.111628,0.147325,0.016701,0.240805,-0.145004,0.015825
0.352383,0.020805,0.173605,0.534576,0.138154,0.164881,0.549207,-0.070298,0.174783,0.155558,0.111909,0.172426,0.170190,-0.096543,0.182329,0.496063,0.173991,0.016003,0.603663,-0.117960,0.051200,0.112799,0.147324,0.020930,0.241463,-0.145070,0.015698
0.358181,0.019981,0.172589,0.540349,0.137466,0.165284,0.555041,-0.071045,0.173768,0.161321,0.111007,0.171410,0.176013,-0.097503,0.179893,0.496641,0.173915,0.016045,0.608762,-0.117811,0.052079,0.115206,0.147401,0.024981,0.242063,-0.145133,0.015629
0.363777,0.019432,0.173142,0.545910,0.137048,0.167226,0.560679,-0.071502,0.174529,0.166875,0.110366,0.171755,0.181644,-0.098184,0.179058,0.497238,0.173896,0.015946,0.612045,-0.117803,0.050404,0.119091,0.147541,0.028044,0.242606,-0.145179,0.015708
0.369282,0.019073,0.174772,0.551391,0.136787,0.170209,0.566212,-0.071791,0.176547,0.172351,0.109938,0.172996,0.187172,-0.098640,0.179335,0.497838,0.173879,0.015928,0.614347,-0.117870,0.047761,0.124115,0.147765,0.030493,0.243123,-0.145219,0.015815
0.374741,0.018837,0.176932,0.556838,0.136612,0.173651,0.571685,-0.071987,0.179183,0.177796,0.109661,0.174682,0.192643,-0.098938,0.180213,0.498439,0.173853,0.015883,0.615877,-0.117979,0.045077,0.129996,0.148071,0.032581,0.243602,-0.145250,0.015870
0.380226,0.018738,0.179216,0.562295,0.136582,0.177037,0.577191,-0.072029,0.181948,0.183262,0.109505,0.176484,0.198157,-0.099106,0.181394,0.499027,0.173848,0.015819,0.617023,-0.118031,0.043153,0.136492,0.148413,0.035008,0.244064,-0.145302,0.015912
0.385742,0.018707,0.181419,0.567783,0.136608,0.180161,0.582723,-0.072012,0.184515,0.188761,0.109426,0.178323,0.203701,-0.099194,0.182677,0.499618,0.173872,0.015738,0.618096,-0.118020,0.042447,0.143394,0.148827,0.038075,0.244528,-0.145326,0.015933
0.391327,0.018646,0.183525,0.573360,0.136566,0.183008,0.588309,-0.072065,0.186783,0.194345,0.109358,0.180266,0.209294,-0.099273,0.184041,0.500208,0.173872,0.015784,0.619129,-0.118034,0.042926,0.150675,0.149303,0.042077,0.244983,-0.145331,0.015933
0.397026,0.018509,0.185692,0.579041,0.136457,0.185738,0.594019,-0.072182,0.188855,0.200033,0.109200,0.182529,0.215011,-0.099440,0.185645,0.500778,0.173873,0.015829,0.619948,-0.118051,0.044368,0.158470,0.149762,0.046844,0.245415,-0.145364,0.015932
0.402920,0.018181,0.188116,0.584930,0.136135,0.188616,0.599917,-0.072516,0.190851,0.205923,0.108877,0.185380,0.220910,-0.099773,0.187616,0.501357,0.173851,0.015891,0.620104,-0.118185,0.046218,0.167223,0.150235,0.051710,0.245829,-0.145393,0.015854
0.409115,0.017670,0.190894,0.591116,0.135636,0.191735,0.606123,-0.073022,0.192886,0.212107,0.108361,0.188902,0.227114,-0.100297,0.190053,0.501960,0.173822,0.015896,0.619175,-0.118452,0.047617,0.177736,0.150722,0.055625,0.246272,-0.145447,0.015855
0.415646,0.016914,0.193887,0.597630,0.134906,0.194857,0.612674,-0.073752,0.194661,0.218617,0.107581,0.193113,0.233662,-0.101077,0.192916,0.502570,0.173789,0.015873,0.616707,-0.118891,0.046976,0.190808,0.151272,0.056967,0.246705,-0.145538,0.015854
0.422337,0.016121,0.196483,0.604318,0.134120,0.196763,0.619368,-0.074532,0.195204,0.225305,0.106774,0.197762,0.240355,-0.101878,0.196204,0.503144,0.173743,0.015899,0.612495,-0.119447,0.041193,0.207201,0.152111,0.054027,0.247109,-0.145613,0.015847
0.428947,0.015617,0.197545,0.610612,0.134092,0.195846,0.626172,-0.074509,0.192965,0.231723,0.105743,0.202125,0.247283,-0.102857,0.199244,0.512960,0.174877,0.015670,0.606820,-0.119254,0.027926,0.227437,0.153143,0.047213,0.247305,-0.145904,0.015873
0.435108,0.015190,0.196331,0.615908,0.134908,0.191820,0.632857,-0.073584,0.188854,0.237360,0.103964,0.203807,0.254308,-0.104527,0.200841,0.544466,0.177161,0.019155,0.602643,-0.119185,0.015980,0.250990,0.153044,0.037391,0.241198,-0.148589,0.017489
0.440647,0.015167,0.192934,0.620405,0.136398,0.187346,0.639121,-0.071952,0.185217,0.242173,0.102286,0.200650,0.260889,-0.106064,0.198522,0.589623,0.180896,0.028026,0.603146,-0.119090,0.015919,0.273092,0.152514,0.022975,0.231774,-0.152559,0.026653
0.445782,0.015991,0.187836,0.625284,0.137626,0.182817,0.644496,-0.070686,0.181442,0.247067,0.102668,0.194230,0.266280,-0.105643,0.192855,0.620566,0.183791,0.037885,0.603529,-0.119016,0.015927,0.279772,0.152504,0.015969,0.228377,-0.153749,0.036162
0.451008,0.016769,0.183695,0.630528,0.138394,0.179066,0.649737,-0.069920,0.177968,0.252278,0.103459,0.189422,0.271488,-0.104855,0.188324,0.636914,0.185357,0.040415,0.603941,-0.118932,0.015891,0.280392,0.152609,0.015978,0.228930,-0.153668,0.045239
0.456459,0.017365,0.181827,0.635972,0.138988,0.176930,0.655184,-0.069325,0.175951,0.257734,0.104054,0.187703,0.276946,-0.104259,0.186725,0.647230,0.186313,0.040104,0.604412,-0.118899,0.015831,0.280915,0.152642,0.015965,0.232211,-0.153399,0.052705
0.462013,0.018188,0.182043,0.641527,0.139781,0.176460,0.660713,-0.068536,0.175848,0.263314,0.104913,0.188237,0.282499,-0.103404,0.187625,0.655048,0.187073,0.038991,0.604935,-0.118845,0.015777,0.281350,0.152724,0.015870,0.237300,-0.152828,0.057927
0.467670,0.019463,0.183555,0.647173,0.141028,0.177084,0.666357,-0.067290,0.177325,0.268984,0.106216,0.189784,0.288168,-0.102103,0.190026,0.661154,0.187796,0.037361,0.605515,-0.118723,0.015816,0.281768,0.152833,0.015826,0.243776,-0.151982,0.061775
0.473320,0.021301,0.185584,0.652813,0.142820,0.178067,0.672003,-0.065490,0.179811,0.274637,0.108093,0.191357,0.293827,-0.100218,0.193100,0.665683,0.188454,0.035167,0.606100,-0.118578,0.015783,0.282198,0.152965,0.015883,0.251638,-0.150825,0.064448
0.479004,0.023727,0.187626,0.658495,0.145168,0.178891,0.677689,-0.063114,0.182732,0.280319,0.110569,0.192521,0.299513,-0.097714,0.196361,0.668812,0.189060,0.031959,0.606688,-0.118385,0.015821,0.282635,0.153176,0.015908,0.261364,-0.149283,0.065993
0.484673,0.026741,0.189360,0.664142,0.148100,0.179170,0.683379,-0.060112,0.185694,0.285966,0.113594,0.193026,0.305203,-0.094618,0.199550,0.670368,0.189570,0.026899,0.607250,-0.118133,0.015821,0.283075,0.153443,0.015917,0.273608,-0.147394,0.065767
0.490295,0.030266,0.190459,0.669715,0.151519,0.178318,0.689034,-0.056559,0.188068,0.291557,0.117090,0.192849,0.310876,-0.090987,0.202600,0.669186,0.189674,0.018461,0.607788,-0.117866,0.015878,0.283560,0.153752,0.015914,0.289529,-0.145243,0.062213
0.495792,0.033752,0.190759,0.675275,0.154653,0.176262,0.694458,-0.053258,0.189284,0.297126,0.120763,0.192234,0.316310,-0.087148,0.205256,0.668950,0.189746,0.015713,0.608372,-0.117784,0.016031,0.283956,0.154236,0.015904,0.311466,-0.142848,0.053246
0.501102,0.036346,0.190637,0.680652,0.156983,0.174822,0.699723,-0.050779,0.190179,0.302482,0.123472,0.191096,0.321553,-0.084290,0.206452,0.669340,0.189951,0.015748,0.643905,-0.114422,0.017621,0.284124,0.154600,0.015880,0.341532,-0.140420,0.041412
0.506664,0.037514,0.189146,0.686294,0.158045,0.173448,0.705262,-0.049664,0.189626,0.308067,0.124692,0.188665,0.327034,-0.083017,0.204843,0.669788,0.190037,0.015825,0.694531,-0.109362,0.023470,0.284388,0.154846,0.015861,0.377834,-0.137628,0.031857
0.512749,0.037186,0.185678,0.692414,0.157842,0.171412,0.711373,-0.049926,0.186823,0.314125,0.124297,0.184533,0.333084,-0.083471,0.199944,0.670274,0.190048,0.015865,0.734899,-0.104953,0.032992,0.285107,0.154895,0.015781,0.411716,-0.135175,0.023122
0.519291,0.035728,0.180786,0.698970,0.156640,0.169083,0.717962,-0.051267,0.182437,0.320620,0.122724,0.179135,0.339612,-0.085183,0.192490,0.670800,0.189960,0.015900,0.761669,-0.102081,0.041179,0.285879,0.154788,0.015742,0.425308,-0.134428,0.015948
0.525665,0.034340,0.176334,0.705253,0.155554,0.166502,0.724426,-0.052452,0.177932,0.326905,0.121132,0.174736,0.346078,-0.086874,0.186165,0.671312,0.189861,0.015908,0.777728,-0.100364,0.048464,0.287032,0.154491,0.016830,0.426019,-0.134575,0.015853
0.531670,0.033432,0.173529,0.711213,0.154820,0.165157,0.730476,-0.053257,0.175037,0.332863,0.120121,0.172022,0.352126,-0.087956,0.181901,0.671826,0.189788,0.016009,0.786369,-0.099572,0.053004,0.288480,0.154533,0.020931,0.426669,-0.134641,0.015728
0.537392,0.032883,0.172603,0.716903,0.154405,0.165602,0.736234,-0.053721,0.174223,0.338549,0.119487,0.170982,0.357880,-0.088640,0.179604,0.672401,0.189757,0.015960,0.791464,-0.099285,0.053313,0.291200,0.154700,0.024374,0.427249,-0.134675,0.015605
0.542908,0.032585,0.173187,0.722399,0.154209,0.167573,0.741776,-0.053952,0.175205,0.344040,0.119122,0.171170,0.363416,-0.089039,0.178802,0.673004,0.189731,0.016015,0.794959,-0.099214,0.051494,0.295274,0.154969,0.026870,0.427795,-0.134704,0.015677
0.548309,0.032471,0.174750,0.727776,0.154188,0.170512,0.747201,-0.053996,0.177341,0.349418,0.118938,0.172160,0.368843,-0.089246,0.178988,0.673600,0.189734,0.015926,0.797503,-0.099197,0.048624,0.300396,0.155325,0.028543,0.428302,-0.134723,0.015778
0.553642,0.032501,0.176763,0.733087,0.154288,0.173848,0.752547,-0.053912,0.180039,0.354738,0.118915,0.173487,0.374197,-0.089286,0.179678,0.674191,0.189754,0.015889,0.799374,-0.099193,0.045882,0.306219,0.155783,0.030057,0.428778,-0.134725,0.015845
0.558987,0.032661,0.178855,0.738410,0.154503,0.177095,0.757898,-0.053708,0.182826,0.360075,0.119031,0.174883,0.379564,-0.089180,0.180614,0.674786,0.189775,0.015830,0.800855,-0.099171,0.044143,0.312509,0.156312,0.031993,0.429250,-0.134730,0.015883
0.564342,0.032875,0.180845,0.743746,0.154756,0.180059,0.763255,-0.053463,0.185409,0.365430,0.119214,0.176282,0.384939,-0.089006,0.181632,0.675361,0.189791,0.015745,0.802259,-0.099116,0.043616,0.319046,0.156895,0.034725,0.429709,-0.134733,0.015917
0.569729,0.033127,0.182735,0.749115,0.155035,0.182707,0.768640,-0.053192,0.187688,0.370818,0.119446,0.177781,0.390342,-0.088782,0.182763,0.675907,0.189839,0.015761,0.803682,-0.098999,0.044276,0.325795,0.157558,0.038640,0.430147,-0.134703,0.015926
0.575184,0.033310,0.184691,0.754550,0.155247,0.185228,0.774101,-0.052988,0.189794,0.376267,0.119608,0.179588,0.395818,-0.088627,0.184154,0.676446,0.189859,0.015810,0.804949,-0.098906,0.045971,0.332903,0.158213,0.043503,0.430577,-0.134713,0.015931
0.580841,0.033356,0.186930,0.760203,0.155296,0.187909,0.779758,-0.052950,0.191889,0.381924,0.119661,0.181971,0.401479,-0.088585,0.185951,0.677009,0.189854,0.015844,0.805695,-0.098918,0.048205,0.340796,0.158913,0.048835,0.430999,-0.134720,0.015912
0.586739,0.033188,0.189620,0.766094,0.155134,0.191002,0.785663,-0.053125,0.194109,0.387814,0.119501,0.185130,0.407383,-0.088759,0.188238,0.677585,0.189859,0.015876,0.805432,-0.099068,0.050376,0.350012,0.159644,0.053757,0.431398,-0.134730,0.015852
0.592995,0.032745,0.192753,0.772300,0.154762,0.194456,0.791965,-0.053503,0.196408,0.394025,0.118993,0.189098,0.413690,-0.089271,0.191050,0.678178,0.189855,0.015860,0.803705,-0.099405,0.051668,0.361363,0.160325,0.056902,0.431813,-0.134856,0.015860
0.599537,0.032120,0.195999,0.778850,0.154125,0.197679,0.798519,-0.054148,0.198266,0.400555,0.118387,0.193732,0.420224,-0.089885,0.194318,0.678783,0.189815,0.015907,0.800338,-0.100046,0.049980,0.375551,0.161293,0.056867,0.432210,-0.134908,0.015867
0.606167,0.031624,0.198440,0.785409,0.153744,0.198916,0.805218,-0.054515,0.198203,0.407116,0.117762,0.198678,0.426925,-0.090496,0.197965,0.679298,0.189933,0.015922,0.795524,-0.100558,0.042067,0.393216,0.162596,0.052353,0.432535,-0.134995,0.015865
0.612541,0.031342,0.198931,0.791201,0.154304,0.197524,0.811966,-0.053851,0.195280,0.413117,0.116534,0.202583,0.433881,-0.091621,0.200338,0.709880,0.193832,0.015573,0.789248,-0.099966,0.025606,0.414946,0.164104,0.044023,0.432357,-0.135462,0.015873
0.618702,0.031189,0.196296,0.796356,0.155545,0.192316,0.818726,-0.052445,0.190219,0.418678,0.114823,0.202373,0.441048,-0.093167,0.200277,0.751485,0.198156,0.021374,0.787152,-0.099799,0.015977,0.440347,0.164573,0.033290,0.425454,-0.138747,0.020574
0.624432,0.031761,0.191410,0.801093,0.157482,0.186288,0.825093,-0.050334,0.185361,0.423771,0.113857,0.197460,0.447771,-0.093960,0.196532,0.788253,0.202441,0.031926,0.787631,-0.099657,0.015906,0.461635,0.164792,0.016010,0.417927,-0.142420,0.031007
0.629963,0.032921,0.185968,0.806607,0.158665,0.180828,0.830652,-0.049148,0.180504,0.429274,0.114990,0.191433,0.453319,-0.092824,0.191108,0.809287,0.204952,0.037855,0.788013,-0.099578,0.015910,0.462325,0.164841,0.015949,0.415617,-0.142704,0.040297
0.635586,0.033913,0.182567,0.812235,0.159626,0.176891,0.836256,-0.048190,0.176929,0.434916,0.116016,0.188206,0.458936,-0.091801,0.188243,0.821302,0.206402,0.038443,0.788452,-0.099497,0.015854,0.462913,0.164973,0.015948,0.416635,-0.142468,0.050430
0.641262,0.035011,0.181694,0.817901,0.160691,0.175036,0.841904,-0.047126,0.175579,0.440620,0.117149,0.187810,0.464623,-0.090669,0.188353,0.830077,0.207491,0.037837,0.788955,-0.099412,0.015804,0.463387,0.165082,0.015946,0.420305,-0.141881,0.057756
0.646999,0.036430,0.182675,0.823609,0.162083,0.174824,0.847622,-0.045730,0.176250,0.446376,0.118590,0.189101,0.470390,-0.089222,0.190527,0.836918,0.208424,0.036301,0.789524,-0.099298,0.015741,0.463846,0.165174,0.015911,0.425760,-0.141009,0.062765
0.652805,0.038383,0.184582,0.829402,0.163968,0.175447,0.853410,-0.043831,0.178286,0.452200,0.120598,0.190878,0.476209,-0.087201,0.193718,0.842234,0.209274,0.034014,0.790118,-0.099121,0.015769,0.464295,0.165360,0.015857,0.432787,-0.139716,0.066261
0.658638,0.040901,0.186717,0.835208,0.166412,0.176176,0.859248,-0.041345,0.181031,0.458028,0.123147,0.192403,0.482068,-0.084610,0.197258,0.846097,0.210041,0.030837,0.790696,-0.098904,0.015807,0.464725,0.165564,0.015910,0.441631,-0.138063,0.068517
0.664463,0.043991,0.188628,0.840997,0.169412,0.176522,0.865098,-0.038261,0.183992,0.463828,0.126243,0.193264,0.487929,-0.081430,0.200734,0.848509,0.210656,0.026076,0.791294,-0.098660,0.015813,0.465196,0.165807,0.015929,0.452860,-0.136019,0.069087
