-0.001195,0.010452,0.353180,0.190632,0.110650,0.367460,0.186894,-0.096993,0.342264,-0.189284,0.117898,0.364096,-0.193022,-0.089746,0.338900,0.176207,0.177271,0.197938,0.166839,-0.118188,0.142542,-0.157126,0.186386,0.172274,-0.186651,-0.111570,0.140443
-0.000428,0.016563,0.348109,0.191711,0.115646,0.365609,0.187288,-0.091421,0.336135,-0.188144,0.124547,0.360082,-0.192568,-0.082519,0.330609,0.173688,0.185821,0.197896,0.170396,-0.110112,0.147384,-0.181695,0.196524,0.176036,-0.185327,-0.101443,0.139874
0.000586,0.023170,0.338809,0.192340,0.122855,0.357105,0.188688,-0.084225,0.327620,-0.187516,0.130566,0.349999,-0.191168,-0.076514,0.320514,0.155685,0.193315,0.189264,0.162174,-0.103168,0.141473,-0.172524,0.202648,0.164374,-0.194798,-0.094847,0.127252
0.001599,0.029724,0.326523,0.192754,0.130454,0.345344,0.190295,-0.076750,0.316620,-0.187098,0.136198,0.336425,-0.189557,-0.071006,0.307701,0.142684,0.200362,0.176359,0.148099,-0.095082,0.121460,-0.160212,0.208407,0.144259,-0.204112,-0.087970,0.100304
0.002371,0.036072,0.311349,0.192914,0.137700,0.331500,0.191637,-0.069487,0.302581,-0.186895,0.141631,0.320118,-0.188172,-0.065557,0.291199,0.139554,0.208107,0.158218,0.128785,-0.085153,0.088805,-0.149916,0.215740,0.116323,-0.207097,-0.079542,0.063444
0.002647,0.042152,0.293007,0.192645,0.144352,0.315304,0.192376,-0.062621,0.284855,-0.187083,0.146925,0.301159,-0.187352,-0.060047,0.270711,0.146550,0.217184,0.132908,0.108462,-0.073897,0.049982,-0.142664,0.224811,0.083616,-0.200340,-0.069159,0.020501
0.002879,0.048737,0.273400,0.192877,0.151776,0.291420,0.192777,-0.055642,0.264178,-0.187019,0.153115,0.282621,-0.187119,-0.054303,0.255379,0.160869,0.222961,0.098567,0.099640,-0.068769,0.015439,-0.142197,0.229544,0.049556,-0.199902,-0.068683,0.015887
0.005036,0.057144,0.254945,0.195347,0.160638,0.265525,0.194723,-0.047422,0.243724,-0.184651,0.161710,0.266166,-0.185275,-0.046350,0.244365,0.150982,0.230700,0.034286,0.098612,-0.068941,0.015706,-0.170645,0.232185,0.029306,-0.199054,-0.068094,0.016142
0.007713,0.066666,0.236720,0.197875,0.170898,0.240617,0.197484,-0.037766,0.225656,-0.182057,0.171097,0.247784,-0.182449,-0.037567,0.232823,0.146413,0.232661,0.016076,0.098480,-0.068099,0.015778,-0.188113,0.233289,0.016057,-0.197943,-0.067562,0.016047
0.010510,0.072960,0.223386,0.200704,0.177193,0.225088,0.200255,-0.031758,0.214901,-0.179235,0.177678,0.231871,-0.179684,-0.031273,0.221685,0.145838,0.233008,0.016001,0.098428,-0.067337,0.015787,-0.186901,0.233726,0.015923,-0.197153,-0.066707,0.015874
0.013918,0.077003,0.212888,0.204117,0.181239,0.213553,0.203679,-0.027850,0.206756,-0.175843,0.181857,0.219020,-0.176281,-0.027232,0.212223,0.145618,0.233259,0.015950,0.098689,-0.066898,0.015838,-0.185780,0.233957,0.015843,-0.196431,-0.066280,0.015820
0.017651,0.080025,0.203582,0.207832,0.184294,0.203211,0.207439,-0.024867,0.199197,-0.172138,0.184917,0.207966,-0.172531,-0.024244,0.203952,0.145555,0.233464,0.015926,0.098939,-0.066604,0.015884,-0.184782,0.234086,0.015864,-0.195679,-0.066048,0.015798
0.021425,0.082367,0.195379,0.211601,0.186636,0.193807,0.211219,-0.022557,0.192126,-0.168368,0.187291,0.198633,-0.168750,-0.021902,0.196952,0.145602,0.233638,0.015907,0.099193,-0.066388,0.015909,-0.183896,0.234240,0.015815,-0.194990,-0.065850,0.015766
0.025133,0.084229,0.188742,0.215292,0.188500,0.185844,0.214936,-0.020699,0.186205,-0.164669,0.189156,0.191279,-0.165025,-0.020043,0.191640,0.145743,0.233775,0.015810,0.099466,-0.066247,0.015910,-0.183135,0.234335,0.015797,-0.194409,-0.065747,0.015785
0.028811,0.085732,0.183790,0.218967,0.189964,0.179597,0.218603,-0.019225,0.181705,-0.160981,0.190688,0.185875,-0.161345,-0.018501,0.187983,0.145959,0.233893,0.015818,0.099759,-0.066142,0.015913,-0.182519,0.234464,0.015757,-0.193934,-0.065631,0.015818
0.032573,0.086983,0.180372,0.222720,0.191178,0.175028,0.222359,-0.017991,0.178632,-0.157213,0.191956,0.182112,-0.157574,-0.017213,0.185716,0.146242,0.234024,0.015829,0.104656,-0.066047,0.015931,-0.180449,0.234659,0.019933,-0.193547,-0.065534,0.015826
0.036542,0.087952,0.178451,0.226682,0.192113,0.172253,0.226325,-0.017032,0.177061,-0.153241,0.192935,0.179841,-0.153598,-0.016209,0.184649,0.146581,0.234115,0.015840,0.119045,-0.065945,0.018970,-0.173463,0.235026,0.031729,-0.193225,-0.065484,0.015862
0.040787,0.088432,0.177816,0.230926,0.192575,0.171272,0.230570,-0.016555,0.176685,-0.148996,0.193420,0.178946,-0.149352,-0.015710,0.184359,0.146971,0.234160,0.015843,0.142772,-0.065820,0.024113,-0.159419,0.235398,0.043533,-0.192935,-0.065462,0.015857
0.045315,0.088234,0.178108,0.235460,0.192378,0.171782,0.235096,-0.016758,0.176970,-0.144465,0.193225,0.179247,-0.144830,-0.015910,0.184434,0.147398,0.234127,0.015851,0.168997,-0.065772,0.029204,-0.140291,0.235445,0.048724,-0.192644,-0.065472,0.015862
0.050117,0.087364,0.178952,0.240249,0.191568,0.173246,0.239915,-0.017591,0.177363,-0.139680,0.192319,0.180542,-0.140014,-0.016840,0.184658,0.147850,0.234078,0.015876,0.193769,-0.065860,0.030832,-0.116798,0.235118,0.047203,-0.192342,-0.065537,0.015879
0.055251,0.085777,0.179811,0.245365,0.190054,0.174903,0.245061,-0.019134,0.177162,-0.134559,0.190688,0.182460,-0.134864,-0.018499,0.184719,0.148328,0.233931,0.015901,0.213982,-0.066168,0.026459,-0.087524,0.234555,0.041944,-0.192002,-0.065692,0.015891
0.060752,0.083633,0.180039,0.250853,0.187952,0.175497,0.250536,-0.021248,0.175228,-0.129032,0.188515,0.184849,-0.129349,-0.020685,0.184580,0.148846,0.233761,0.015896,0.219692,-0.066447,0.016073,-0.054374,0.234042,0.036637,-0.191623,-0.065824,0.015906
0.066000,0.082260,0.180184,0.256102,0.186589,0.175954,0.255758,-0.022603,0.174129,-0.123759,0.187123,0.186239,-0.124103,-0.022068,0.184415,0.149315,0.233612,0.015903,0.220157,-0.066616,0.015871,-0.028109,0.233767,0.031600,-0.191288,-0.065940,0.015898
0.070852,0.082443,0.179948,0.260940,0.186800,0.175789,0.260634,-0.022394,0.174220,-0.118931,0.187281,0.185676,-0.119237,-0.021913,0.184106,0.147975,0.233610,0.016682,0.220621,-0.066599,0.015941,-0.014880,0.233832,0.018838,-0.190657,-0.065998,0.015876
0.075344,0.083290,0.179069,0.265426,0.187631,0.174280,0.265127,-0.021568,0.173713,-0.114438,0.188148,0.184425,-0.114738,-0.021051,0.183858,0.145154,0.233670,0.020577,0.221033,-0.066527,0.015977,-0.014483,0.233912,0.015916,-0.187350,-0.065942,0.015817
0.079573,0.083382,0.178915,0.269660,0.187713,0.174117,0.269353,-0.021486,0.173670,-0.110207,0.188249,0.184160,-0.110514,-0.020950,0.183713,0.149426,0.233662,0.023432,0.221438,-0.066529,0.015914,-0.014090,0.233918,0.015922,-0.177856,-0.065943,0.015864
0.083825,0.082809,0.179142,0.273927,0.187155,0.175343,0.273623,-0.022042,0.174235,-0.105973,0.187661,0.184048,-0.106277,-0.021536,0.182940,0.159894,0.233563,0.025964,0.221853,-0.066579,0.015875,-0.013704,0.233868,0.015913,-0.165193,-0.066017,0.015895
0.088157,0.081848,0.179246,0.278278,0.186203,0.176942,0.277975,-0.022985,0.174720,-0.101660,0.186681,0.183772,-0.101963,-0.022507,0.181550,0.168405,0.233393,0.028333,0.222281,-0.066669,0.015830,-0.013306,0.233789,0.015876,-0.152558,-0.066128,0.015914
0.092504,0.080627,0.179140,0.282649,0.184960,0.178514,0.282326,-0.024208,0.174904,-0.097319,0.185463,0.183376,-0.097642,-0.023706,0.179766,0.175338,0.233142,0.030262,0.222700,-0.066827,0.015776,-0.012904,0.233681,0.015824,-0.141938,-0.066266,0.015929
0.096783,0.079430,0.178886,0.286926,0.183763,0.179899,0.286627,-0.025376,0.174854,-0.093061,0.184235,0.182918,-0.093361,-0.024904,0.177874,0.181273,0.232950,0.031795,0.223108,-0.066912,0.015832,-0.012505,0.233615,0.015759,-0.133904,-0.066403,0.015945
0.100937,0.078316,0.178630,0.291069,0.182645,0.181151,0.290802,-0.026459,0.174829,-0.088929,0.183090,0.182430,-0.089195,-0.026014,0.176108,0.186965,0.232722,0.033189,0.223506,-0.067039,0.015891,-0.012121,0.233504,0.015693,-0.127776,-0.066594,0.015962
0.104954,0.077316,0.178464,0.295068,0.181631,0.182463,0.294839,-0.027434,0.174956,-0.084931,0.182066,0.181971,-0.085161,-0.026999,0.174465,0.193149,0.232522,0.034875,0.223889,-0.067125,0.015937,-0.011748,0.233439,0.015619,-0.122109,-0.066747,0.015978
0.108858,0.076385,0.178410,0.298942,0.180685,0.183948,0.298765,-0.028337,0.175318,-0.081050,0.181108,0.181502,-0.081227,-0.027914,0.172872,0.200017,0.232324,0.037015,0.224267,-0.067183,0.015974,-0.011382,0.233385,0.015658,-0.115831,-0.066896,0.015987
0.112657,0.075478,0.178458,0.302698,0.179759,0.185578,0.302587,-0.029218,0.175925,-0.077274,0.180173,0.180991,-0.077385,-0.028804,0.171337,0.207397,0.232054,0.039547,0.224636,-0.067287,0.016000,-0.011026,0.233272,0.015704,-0.108769,-0.067110,0.015996
0.116360,0.074638,0.178579,0.306354,0.178884,0.187305,0.306305,-0.030044,0.176650,-0.073585,0.179321,0.180507,-0.073634,-0.029608,0.169853,0.215103,0.231802,0.042450,0.224990,-0.067342,0.016016,-0.010679,0.233217,0.015756,-0.101416,-0.067301,0.016726
0.119979,0.073814,0.178758,0.309923,0.178009,0.189055,0.309928,-0.030869,0.177440,-0.069971,0.178497,0.180076,-0.069965,-0.030380,0.168462,0.222663,0.231509,0.045486,0.225335,-0.067416,0.016021,-0.010344,0.233151,0.015841,-0.094039,-0.067524,0.017814
0.123547,0.073090,0.178996,0.313438,0.177229,0.190728,0.313496,-0.031601,0.178291,-0.066402,0.177780,0.179701,-0.066344,-0.031050,0.167263,0.230105,0.231203,0.048572,0.225669,-0.067491,0.016016,-0.010010,0.233082,0.015902,-0.086901,-0.067782,0.019436
0.127107,0.072487,0.179270,0.316937,0.176584,0.192294,0.317058,-0.032202,0.179144,-0.062844,0.177176,0.179395,-0.062722,-0.031611,0.166246,0.237211,0.230942,0.051553,0.226004,-0.067520,0.016004,-0.009682,0.233041,0.015949,-0.079842,-0.068029,0.021252
0.130689,0.072014,0.179588,0.320475,0.176041,0.193751,0.320620,-0.032711,0.180056,-0.059242,0.176738,0.179119,-0.059098,-0.032013,0.165424,0.244654,0.230697,0.054107,0.226327,-0.067556,0.015932,-0.009347,0.233022,0.015990,-0.072687,-0.068244,0.023276
0.134312,0.071609,0.179972,0.324058,0.175561,0.195190,0.324215,-0.033161,0.181052,-0.055591,0.176380,0.178892,-0.055435,-0.032342,0.164755,0.253808,0.230508,0.055744,0.226658,-0.067602,0.015908,-0.009013,0.233001,0.016025,-0.065117,-0.068468,0.025462
0.138007,0.071327,0.180371,0.327709,0.175217,0.196536,0.327882,-0.033485,0.182110,-0.051868,0.176140,0.178631,-0.051695,-0.032562,0.164205,0.265283,0.230404,0.056497,0.226996,-0.067637,0.015878,-0.008669,0.232973,0.016044,-0.056849,-0.068695,0.027789
0.141815,0.071060,0.180697,0.331483,0.174870,0.197754,0.331651,-0.033812,0.183047,-0.048020,0.175932,0.178347,-0.047852,-0.032750,0.163640,0.279078,0.230356,0.056358,0.227339,-0.067675,0.015840,-0.008319,0.232964,0.016057,-0.047645,-0.068913,0.030264
0.145775,0.070877,0.180851,0.335406,0.174623,0.198687,0.335576,-0.034043,0.183756,-0.044026,0.175797,0.177946,-0.043855,-0.032869,0.163015,0.295144,0.230398,0.055562,0.227698,-0.067679,0.015791,-0.007954,0.232976,0.016071,-0.037304,-0.069090,0.032489
0.149912,0.070839,0.180735,0.339522,0.174528,0.199113,0.339676,-0.034135,0.184139,-0.039851,0.175813,0.177332,-0.039697,-0.032851,0.162357,0.312518,0.230494,0.053937,0.228065,-0.067698,0.015732,-0.007571,0.232976,0.016070,-0.025889,-0.069202,0.034088
0.154253,0.071068,0.180282,0.343863,0.174720,0.198862,0.343979,-0.033958,0.184100,-0.035474,0.176094,0.176463,-0.035358,-0.032585,0.161701,0.329850,0.230767,0.050557,0.228453,-0.067670,0.015659,-0.007128,0.233020,0.016055,-0.013332,-0.069149,0.034659
0.158814,0.071686,0.179467,0.348455,0.175331,0.197770,0.348502,-0.033395,0.183691,-0.030874,0.176766,0.175244,-0.030827,-0.031960,0.161165,0.345581,0.231244,0.044169,0.228848,-0.067643,0.015701,-0.006656,0.233064,0.016031,0.000303,-0.068951,0.034343
0.163618,0.072891,0.178387,0.353342,0.176549,0.195740,0.353252,-0.032266,0.183055,-0.026017,0.178049,0.173719,-0.026106,-0.030766,0.161034,0.357895,0.231934,0.033536,0.229221,-0.067582,0.015718,-0.006108,0.233159,0.015944,0.014868,-0.068605,0.034083
0.168480,0.075371,0.177901,0.358335,0.179107,0.193228,0.358048,-0.029865,0.183448,-0.021088,0.180606,0.172353,-0.021376,-0.028365,0.162574,0.364898,0.232762,0.018755,0.229676,-0.067344,0.015840,-0.005565,0.233408,0.015856,0.029970,-0.067977,0.035252
0.173380,0.077614,0.177151,0.363286,0.181521,0.190574,0.362963,-0.027555,0.183389,-0.016203,0.182783,0.170912,-0.016526,-0.026294,0.163727,0.365319,0.232998,0.015898,0.230086,-0.067071,0.015906,-0.005007,0.233572,0.015809,0.047471,-0.067479,0.035961
0.178127,0.078766,0.176774,0.368028,0.182784,0.189392,0.367729,-0.026335,0.183569,-0.011474,0.183867,0.169980,-0.011773,-0.025252,0.164156,0.365616,0.233087,0.015855,0.230506,-0.066938,0.015933,-0.004509,0.233618,0.015804,0.064907,-0.067192,0.033544
0.182776,0.079468,0.176887,0.372686,0.183516,0.189113,0.372368,-0.025623,0.184102,-0.006815,0.184559,0.169673,-0.007133,-0.024581,0.164662,0.365966,0.233142,0.015807,0.230923,-0.066843,0.015980,-0.004054,0.233705,0.015797,0.077710,-0.066948,0.030088
0.187343,0.079689,0.176957,0.377245,0.183771,0.189028,0.376945,-0.025375,0.184293,-0.002258,0.184754,0.169621,-0.002558,-0.024393,0.164887,0.366324,0.233170,0.015796,0.231341,-0.066818,0.015941,-0.003638,0.233700,0.015778,0.086462,-0.066813,0.024925
0.191713,0.079811,0.177157,0.381609,0.183902,0.189228,0.381311,-0.025248,0.184663,0.002115,0.184870,0.169651,0.001816,-0.024280,0.165086,0.366684,0.233168,0.015822,0.231749,-0.066815,0.016012,-0.003247,0.233697,0.015746,0.091065,-0.066650,0.017659
0.195824,0.080002,0.177360,0.385725,0.184128,0.189056,0.385445,-0.025027,0.184722,0.006204,0.185031,0.169999,0.005924,-0.024124,0.165665,0.367009,0.233201,0.015883,0.232123,-0.066786,0.016031,-0.002891,0.233698,0.015778,0.091483,-0.066593,0.015781
0.199677,0.080177,0.177444,0.389607,0.184347,0.188240,0.389343,-0.024813,0.184151,0.010011,0.185168,0.170736,0.009747,-0.023992,0.166648,0.367298,0.233203,0.015906,0.232484,-0.066787,0.016030,-0.002595,0.233670,0.015832,0.091843,-0.066604,0.015741
0.203313,0.080551,0.177418,0.393270,0.184771,0.187217,0.393022,-0.024397,0.183565,0.013605,0.185499,0.171271,0.013357,-0.023669,0.167619,0.367565,0.233248,0.015929,0.239862,-0.066751,0.016209,-0.001699,0.233688,0.015808,0.092193,-0.066567,0.015700
0.206974,0.081390,0.177136,0.396937,0.185674,0.186072,0.396704,-0.023509,0.183429,0.017243,0.186289,0.170842,0.017010,-0.022894,0.168199,0.367832,0.233310,0.015951,0.252427,-0.066702,0.017199,0.002683,0.233719,0.015749,0.092550,-0.066504,0.015647
0.210773,0.082779,0.176643,0.400716,0.187172,0.184702,0.400528,-0.022026,0.183725,0.021018,0.187584,0.169560,0.020830,-0.021614,0.168583,0.368105,0.233440,0.015970,0.266465,-0.066588,0.019217,0.009644,0.233763,0.015694,0.092929,-0.066415,0.015610
0.214687,0.084564,0.176022,0.404632,0.189022,0.183137,0.404431,-0.020175,0.184270,0.024943,0.189303,0.167774,0.024742,-0.019894,0.168907,0.368386,0.233602,0.015985,0.279333,-0.066385,0.021863,0.016863,0.233938,0.015633,0.093300,-0.066240,0.015660
0.218621,0.086555,0.175423,0.408563,0.191084,0.181506,0.408354,-0.018086,0.185047,0.028888,0.191197,0.165799,0.028679,-0.017973,0.169340,0.368680,0.233778,0.015998,0.290304,-0.066138,0.024763,0.023136,0.234118,0.015672,0.093668,-0.066096,0.015669
0.222493,0.088631,0.175005,0.412458,0.193173,0.180019,0.412188,-0.015939,0.186049,0.032798,0.193201,0.163961,0.032528,-0.015912,0.169991,0.368980,0.233969,0.016003,0.299222,-0.065829,0.027668,0.028103,0.234402,0.015740,0.094018,-0.065910,0.015695
0.226234,0.090729,0.174890,0.416218,0.195285,0.178769,0.415899,-0.013739,0.187331,0.036569,0.195197,0.162450,0.036250,-0.013828,0.171012,0.369291,0.234176,0.015944,0.306523,-0.065480,0.030612,0.031958,0.234685,0.015794,0.094344,-0.065764,0.015744
0.229797,0.092773,0.175094,0.419836,0.197265,0.177901,0.419395,-0.011645,0.188896,0.040199,0.197192,0.161291,0.039758,-0.011719,0.172286,0.369605,0.234360,0.015932,0.312502,-0.065110,0.033523,0.035512,0.235058,0.015819,0.094636,-0.065586,0.015748
0.233186,0.094795,0.175504,0.423286,0.199197,0.177369,0.422700,-0.009573,0.190766,0.043672,0.199163,0.160243,0.043086,-0.009607,0.173639,0.369913,0.234530,0.015911,0.317747,-0.064722,0.036493,0.039452,0.235451,0.015823,0.094896,-0.065427,0.015749
0.236416,0.096825,0.176018,0.426590,0.201103,0.177054,0.425822,-0.007499,0.192841,0.047010,0.201149,0.159195,0.046242,-0.007453,0.174981,0.370220,0.234694,0.015889,0.322559,-0.064298,0.039576,0.043866,0.235891,0.015828,0.095133,-0.065266,0.015721
0.239499,0.098846,0.176591,0.429731,0.203024,0.176895,0.428805,-0.005389,0.195007,0.050192,0.203082,0.158176,0.049267,-0.005331,0.176288,0.370508,0.234914,0.015861,0.326945,-0.063808,0.042552,0.048384,0.236344,0.015866,0.095350,-0.065112,0.015710
0.242445,0.100838,0.177205,0.432768,0.204848,0.176846,0.431612,-0.003353,0.197237,0.053278,0.205028,0.157172,0.052121,-0.003172,0.177564,0.370797,0.235090,0.015825,0.330544,-0.063334,0.045362,0.052582,0.236863,0.015884,0.095547,-0.064934,0.015700
0.245244,0.102722,0.177838,0.435654,0.206571,0.176921,0.434269,-0.001405,0.199476,0.056219,0.206850,0.156200,0.054835,-0.001126,0.178754,0.371071,0.235243,0.015782,0.333673,-0.062882,0.047981,0.056334,0.237352,0.015904,0.095727,-0.064800,0.015692
0.247895,0.104515,0.178466,0.438385,0.208211,0.177108,0.436775,0.000467,0.201687,0.059014,0.208564,0.155245,0.057405,0.000819,0.179825,0.371326,0.235407,0.015745,0.336383,-0.062420,0.050435,0.059708,0.237841,0.015906,0.095890,-0.064665,0.015707
0.250404,0.106224,0.179089,0.440979,0.209759,0.177385,0.439126,0.002254,0.203897,0.061682,0.210194,0.154282,0.059829,0.002689,0.180794,0.371575,0.235544,0.015714,0.338998,-0.061974,0.052830,0.063040,0.238325,0.015915,0.096049,-0.064541,0.015760
0.252770,0.107834,0.179727,0.443412,0.211241,0.177791,0.441343,0.003973,0.206077,0.064198,0.211695,0.153376,0.062129,0.004426,0.181662,0.371801,0.235705,0.015672,0.341411,-0.061506,0.055107,0.066145,0.238789,0.015916,0.096193,-0.064423,0.015802
0.254996,0.109367,0.180356,0.445707,0.212644,0.178280,0.443406,0.005616,0.208258,0.066586,0.213119,0.152453,0.064285,0.006091,0.182432,0.372027,0.235838,0.015632,0.343681,-0.061054,0.057350,0.069136,0.239246,0.015912,0.096315,-0.064317,0.015827
0.257097,0.110817,0.180964,0.447882,0.213956,0.178831,0.445325,0.007176,0.210456,0.068869,0.214458,0.151472,0.066312,0.007678,0.183097,0.372240,0.235913,0.015630,0.345832,-0.060658,0.059530,0.072175,0.239668,0.015922,0.096434,-0.064255,0.015851
0.259079,0.112198,0.181638,0.449917,0.215240,0.179641,0.447124,0.008691,0.212723,0.071033,0.215705,0.150554,0.068240,0.009156,0.183635,0.372424,0.236065,0.015710,0.347847,-0.060197,0.061647,0.075013,0.240120,0.015917,0.096552,-0.064130,0.015872
0.260956,0.113495,0.182407,0.451837,0.216463,0.180634,0.448814,0.010145,0.215107,0.073098,0.216844,0.149707,0.070075,0.010527,0.184180,0.372619,0.236159,0.015755,0.349670,-0.059769,0.063797,0.077695,0.240508,0.015918,0.096650,-0.064067,0.015887
0.262753,0.114723,0.183228,0.453671,0.217628,0.181755,0.450417,0.011532,0.217509,0.075090,0.217915,0.148946,0.071836,0.011818,0.184700,0.372795,0.236248,0.015789,0.351335,-0.059343,0.065876,0.080450,0.240887,0.015919,0.096751,-0.063992,0.015903
0.264483,0.115898,0.184064,0.455429,0.218756,0.182944,0.451948,0.012876,0.219905,0.077018,0.218920,0.148223,0.073538,0.013041,0.185184,0.372961,0.236329,0.015814,0.352743,-0.058930,0.067839,0.083232,0.241243,0.015903,0.096846,-0.063917,0.015957
0.266150,0.116997,0.184883,0.457097,0.219855,0.184169,0.453429,0.014186,0.222267,0.078870,0.219808,0.147499,0.075202,0.014139,0.185597,0.373109,0.236401,0.015837,0.354175,-0.058526,0.069749,0.085943,0.241542,0.015939,0.096933,-0.063902,0.015965
0.267777,0.118050,0.185698,0.458737,0.220886,0.185444,0.454849,0.015413,0.224568,0.080705,0.220686,0.146828,0.076817,0.015214,0.185952,0.373277,0.236490,0.015875,0.355378,-0.058125,0.071496,0.088519,0.241891,0.015945,0.097028,-0.063809,0.015972
0.269376,0.119064,0.186485,0.460353,0.221869,0.186704,0.456228,0.016594,0.226827,0.082524,0.221534,0.146144,0.078399,0.016260,0.186267,0.373438,0.236556,0.015931,0.356590,-0.057739,0.073258,0.091193,0.242228,0.015927,0.097130,-0.063722,0.015970
0.270967,0.120049,0.187183,0.461932,0.222873,0.187857,0.457619,0.017801,0.228985,0.084314,0.222296,0.145382,0.080001,0.017224,0.186510,0.373583,0.236617,0.015940,0.357987,-0.057360,0.074954,0.094073,0.242495,0.015934,0.097217,-0.063704,0.015974
0.272558,0.120964,0.187828,0.463521,0.223789,0.188973,0.458999,0.018909,0.231021,0.086117,0.223020,0.144636,0.081595,0.018139,0.186684,0.373722,0.236671,0.015956,0.359379,-0.057005,0.076540,0.096675,0.242788,0.015966,0.097313,-0.063649,0.015986
0.274148,0.121834,0.188441,0.465099,0.224673,0.190058,0.460382,0.019975,0.232966,0.087913,0.223693,0.143916,0.083196,0.018995,0.186824,0.373877,0.236735,0.015977,0.360716,-0.056654,0.078034,0.099182,0.243057,0.015939,0.097417,-0.063592,0.015993
0.275744,0.122635,0.189028,0.466677,0.225501,0.191146,0.461772,0.020978,0.234861,0.089716,0.224292,0.143195,0.084811,0.019769,0.186910,0.374027,0.236773,0.015988,0.362452,-0.056318,0.079586,0.101926,0.243292,0.015956,0.097516,-0.063554,0.016007
0.277359,0.123398,0.189622,0.468260,0.226312,0.192247,0.463192,0.021953,0.236701,0.091527,0.224843,0.142542,0.086459,0.020484,0.186996,0.374173,0.236834,0.016002,0.364436,-0.055954,0.081184,0.104933,0.243504,0.015971,0.097621,-0.063516,0.016003
0.279004,0.124130,0.190229,0.469868,0.227097,0.193349,0.464642,0.022898,0.238517,0.093366,0.225362,0.141941,0.088139,0.021163,0.187110,0.374318,0.236879,0.016012,0.366537,-0.055607,0.082758,0.108199,0.243686,0.015992,0.097726,-0.063491,0.016015
0.280675,0.124809,0.190884,0.471503,0.227827,0.194511,0.466120,0.023773,0.240311,0.095230,0.225845,0.141457,0.089847,0.021791,0.187257,0.374467,0.236921,0.016020,0.369164,-0.055328,0.084095,0.111586,0.243854,0.016015,0.097837,-0.063450,0.016019
0.282369,0.125435,0.191593,0.473156,0.228510,0.195697,0.467632,0.024594,0.242087,0.097106,0.226276,0.141098,0.091582,0.022359,0.187489,0.374618,0.236931,0.016019,0.372676,-0.055195,0.085015,0.114945,0.244043,0.016359,0.097924,-0.063444,0.016039
0.284084,0.125992,0.192324,0.474828,0.229128,0.196889,0.469183,0.025323,0.243754,0.098984,0.226661,0.140894,0.093339,0.022856,0.187758,0.374769,0.236963,0.016027,0.377041,-0.055143,0.085613,0.118323,0.244263,0.016887,0.098037,-0.063416,0.016029
0.285830,0.126457,0.193061,0.476536,0.229644,0.198047,0.470781,0.025932,0.245301,0.100879,0.226982,0.140822,0.095124,0.023270,0.188076,0.374917,0.236969,0.016036,0.382020,-0.055220,0.085855,0.121799,0.244454,0.017476,0.098138,-0.063394,0.016045
0.287641,0.126846,0.193802,0.478302,0.230097,0.199156,0.472475,0.026458,0.246713,0.102807,0.227235,0.140891,0.096980,0.023595,0.188447,0.375071,0.236977,0.016035,0.387694,-0.055350,0.085952,0.125384,0.244679,0.018419,0.098253,-0.063395,0.016040
0.289519,0.127090,0.194544,0.480121,0.230431,0.200252,0.474277,0.026827,0.247955,0.104760,0.227354,0.141133,0.098916,0.023750,0.188836,0.375224,0.236976,0.016014,0.393775,-0.055545,0.085836,0.129215,0.244808,0.019305,0.098356,-0.063411,0.016071
0.291485,0.127213,0.195361,0.482019,0.230659,0.201441,0.476191,0.027054,0.249147,0.106778,0.227371,0.141575,0.100951,0.023766,0.189281,0.375396,0.236963,0.016016,0.400476,-0.055763,0.085747,0.133235,0.244936,0.020464,0.098464,-0.063446,0.016068
0.293565,0.127151,0.196268,0.484011,0.230731,0.202789,0.478254,0.027070,0.250259,0.108877,0.227233,0.142278,0.103119,0.023572,0.189748,0.375568,0.236950,0.016016,0.407709,-0.056000,0.085604,0.137779,0.244994,0.021684,0.098601,-0.063469,0.016068
0.295788,0.126915,0.197247,0.486131,0.230654,0.204233,0.480496,0.026891,0.251279,0.111081,0.226939,0.143214,0.105445,0.023176,0.190260,0.375784,0.236912,0.016015,0.415568,-0.056304,0.085274,0.143049,0.244921,0.022823,0.098742,-0.063518,0.016077
0.298196,0.126534,0.198294,0.488421,0.230453,0.205780,0.482954,0.026547,0.252223,0.113438,0.226520,0.144364,0.107970,0.022614,0.190807,0.376011,0.236874,0.016009,0.424306,-0.056635,0.084837,0.149114,0.244777,0.023994,0.098901,-0.063569,0.016085
0.300831,0.125984,0.199411,0.490906,0.230138,0.207455,0.485687,0.026041,0.253085,0.115975,0.225927,0.145737,0.110756,0.021831,0.191367,0.376244,0.236852,0.015999,0.434054,-0.056964,0.084282,0.156215,0.244515,0.025105,0.099064,-0.063643,0.016093
0.303746,0.125221,0.200577,0.493677,0.229587,0.209240,0.488706,0.025261,0.253858,0.118785,0.225181,0.147296,0.113815,0.020855,0.191913,0.376527,0.236770,0.015981,0.444738,-0.057411,0.083468,0.164659,0.244124,0.026051,0.099265,-0.063721,0.016082
0.307011,0.124252,0.201740,0.496779,0.228855,0.211091,0.492107,0.024258,0.254483,0.121915,0.224247,0.148997,0.117243,0.019649,0.192389,0.376838,0.236679,0.015946,0.456282,-0.057900,0.082366,0.174967,0.243561,0.026656,0.099487,-0.063809,0.016083
0.310693,0.123085,0.202781,0.500279,0.227954,0.212811,0.495973,0.023059,0.254813,0.125413,0.223111,0.150749,0.121107,0.018216,0.192751,0.377157,0.236579,0.015891,0.468094,-0.058459,0.080663,0.187292,0.242906,0.027286,0.099765,-0.063959,0.016071
0.314828,0.121689,0.203481,0.504276,0.226750,0.214109,0.500303,0.021539,0.254570,0.129353,0.221839,0.152392,0.125381,0.016627,0.192853,0.377541,0.236452,0.015877,0.479012,-0.059305,0.077449,0.201851,0.242178,0.027671,0.100106,-0.064074,0.016063
0.319457,0.120049,0.203531,0.508768,0.225307,0.214626,0.505193,0.019761,0.253389,0.133722,0.220336,0.153674,0.130146,0.014790,0.192437,0.377936,0.236355,0.015850,0.487630,-0.060456,0.071696,0.218192,0.241384,0.027782,0.100509,-0.064220,0.016028
0.324561,0.118095,0.202454,0.513809,0.223447,0.213735,0.510585,0.017570,0.250731,0.138536,0.218621,0.154177,0.135313,0.012743,0.191173,0.378358,0.236199,0.015886,0.491714,-0.062246,0.061924,0.234657,0.240290,0.026135,0.100982,-0.064386,0.015974
0.330041,0.115845,0.199398,0.519324,0.221175,0.210294,0.516428,0.014984,0.245530,0.143654,0.216705,0.153266,0.140758,0.010514,0.188502,0.378783,0.236052,0.015960,0.487992,-0.064721,0.046621,0.247433,0.238827,0.021407,0.101574,-0.064550,0.015870
0.335813,0.113411,0.193429,0.525223,0.218642,0.202995,0.522703,0.012175,0.236608,0.148922,0.214647,0.150250,0.146403,0.008180,0.183863,0.380628,0.236013,0.015991,0.475354,-0.067458,0.026786,0.253673,0.237581,0.016101,0.102277,-0.064715,0.015671
0.341065,0.108261,0.190272,0.530468,0.213497,0.199927,0.528657,0.006225,0.228210,0.153474,0.210297,0.152335,0.151662,0.003026,0.180618,0.381020,0.235569,0.015940,0.468633,-0.068126,0.015665,0.253956,0.236705,0.016122,0.100028,-0.064113,0.021474
0.345418,0.102432,0.190527,0.535065,0.207023,0.202185,0.533004,-0.000958,0.224633,0.157833,0.205823,0.156420,0.155771,-0.002159,0.178869,0.397450,0.234475,0.020331,0.468715,-0.068574,0.015835,0.254458,0.235435,0.016090,0.100932,-0.064960,0.015542
0.349551,0.098038,0.189758,0.539335,0.202267,0.202389,0.537280,-0.006134,0.220537,0.161823,0.202210,0.158978,0.159768,-0.006191,0.177126,0.408350,0.233576,0.023170,0.468841,-0.068909,0.015843,0.254955,0.234468,0.016041,0.101400,-0.065305,0.015615
0.353391,0.094925,0.188290,0.543390,0.198755,0.200971,0.541236,-0.009893,0.216011,0.165545,0.199743,0.160570,0.163391,-0.008905,0.175610,0.417179,0.232903,0.024440,0.468959,-0.069148,0.015812,0.255220,0.233966,0.016005,0.101977,-0.065370,0.015681
0.356908,0.092712,0.186784,0.547152,0.196106,0.199350,0.544768,-0.012693,0.212075,0.169048,0.198118,0.161493,0.166663,-0.010681,0.174218,0.428603,0.232438,0.026076,0.469090,-0.069328,0.015793,0.255580,0.233797,0.015956,0.104454,-0.065167,0.015734
0.360218,0.090858,0.185615,0.550646,0.193904,0.198258,0.548067,-0.015004,0.209006,0.172369,0.196721,0.162225,0.169790,-0.012187,0.172973,0.441216,0.232048,0.028764,0.469248,-0.069481,0.015859,0.255915,0.233675,0.015920,0.110509,-0.065059,0.015720
0.363457,0.089096,0.184714,0.554013,0.191868,0.197653,0.551293,-0.017127,0.206521,0.175621,0.195319,0.162906,0.172900,-0.013675,0.171775,0.452545,0.231648,0.031862,0.469426,-0.069645,0.015874,0.256239,0.233522,0.015802,0.119311,-0.065092,0.015779
0.366695,0.087410,0.183886,0.557350,0.189945,0.197242,0.554516,-0.019117,0.204289,0.178873,0.193937,0.163483,0.176040,-0.015125,0.170530,0.462267,0.231239,0.034821,0.469624,-0.069797,0.015888,0.256562,0.233384,0.015743,0.128759,-0.065146,0.016800
0.369965,0.085838,0.183074,0.560691,0.188177,0.196912,0.557778,-0.020935,0.202229,0.182152,0.192611,0.163919,0.179239,-0.016501,0.169236,0.470712,0.230846,0.037474,0.469841,-0.069916,0.015898,0.256887,0.233272,0.015730,0.137749,-0.065241,0.017858
0.373285,0.084419,0.182312,0.564060,0.186603,0.196600,0.561101,-0.022542,0.200357,0.185469,0.191380,0.164266,0.182509,-0.017765,0.168024,0.478359,0.230462,0.039871,0.470072,-0.070029,0.015908,0.257216,0.233157,0.015631,0.145745,-0.065378,0.019335
0.376667,0.083183,0.181653,0.567483,0.185243,0.196291,0.564494,-0.023922,0.198700,0.188840,0.190288,0.164605,0.185851,-0.018876,0.167014,0.485634,0.230095,0.042161,0.470318,-0.070139,0.015916,0.257547,0.233048,0.015648,0.153027,-0.065545,0.021174
0.380107,0.082130,0.181163,0.570947,0.184113,0.196022,0.567967,-0.025062,0.197279,0.192247,0.189323,0.165046,0.189267,-0.019852,0.166304,0.493162,0.229765,0.044337,0.470584,-0.070220,0.015923,0.257874,0.232945,0.015698,0.160067,-0.065750,0.023572
0.383594,0.081253,0.180899,0.574480,0.183131,0.195885,0.571461,-0.026047,0.196180,0.195726,0.188553,0.165618,0.192707,-0.020625,0.165913,0.501999,0.229420,0.045821,0.470862,-0.070304,0.015926,0.258217,0.232896,0.015747,0.167240,-0.065909,0.026174
0.387133,0.080452,0.180830,0.578047,0.182267,0.195890,0.575030,-0.026910,0.195289,0.199236,0.187814,0.166370,0.196219,-0.021363,0.165769,0.513595,0.229081,0.046521,0.471155,-0.070352,0.015924,0.258546,0.232847,0.015808,0.175083,-0.066121,0.029342
0.390767,0.079765,0.180851,0.581728,0.181495,0.195882,0.578675,-0.027678,0.194542,0.202858,0.187209,0.167160,0.199806,-0.021965,0.165820,0.528146,0.228690,0.046564,0.471457,-0.070425,0.015917,0.258885,0.232816,0.015867,0.184069,-0.066337,0.032544
