-0.002197,-0.019274,0.338334,0.189115,0.082861,0.335293,0.186459,-0.126245,0.340996,-0.190854,0.087697,0.335671,-0.193510,-0.121408,0.341375,0.169278,0.123233,0.139140,0.178305,-0.176416,0.164844,-0.172706,0.127608,0.140272,-0.187158,-0.172227,0.148257
-0.000725,-0.028765,0.324881,0.191248,0.072102,0.321202,0.187223,-0.136805,0.331510,-0.188673,0.079276,0.318252,-0.192698,-0.129631,0.328560,0.162610,0.108132,0.117813,0.175584,-0.191067,0.149673,-0.126905,0.114182,0.127391,-0.171195,-0.185209,0.132998
0.002851,-0.038406,0.308008,0.195617,0.060920,0.303898,0.189911,-0.147739,0.317813,-0.184208,0.070926,0.298203,-0.189914,-0.137732,0.312119,0.147170,0.094120,0.098577,0.161846,-0.204747,0.134758,-0.111305,0.101992,0.110633,-0.171869,-0.197178,0.111412
0.006508,-0.048107,0.288422,0.200248,0.049299,0.284201,0.192441,-0.159112,0.300592,-0.179425,0.062898,0.276251,-0.187233,-0.145513,0.292642,0.141302,0.081113,0.080562,0.148492,-0.218145,0.109140,-0.111492,0.090784,0.083103,-0.172660,-0.208068,0.084288
0.009338,-0.057709,0.265966,0.204308,0.037221,0.261934,0.193785,-0.170887,0.280505,-0.175108,0.055469,0.251428,-0.185631,-0.152639,0.269999,0.142442,0.067553,0.054794,0.146277,-0.232693,0.072970,-0.110453,0.079649,0.047030,-0.164655,-0.218827,0.052165
0.011171,-0.067137,0.239918,0.207607,0.024755,0.236757,0.193743,-0.183066,0.256323,-0.171401,0.048792,0.223513,-0.185264,-0.159029,0.243078,0.144340,0.053953,0.016092,0.162113,-0.247505,0.035411,-0.104709,0.070554,0.015956,-0.149292,-0.228547,0.016121
0.014143,-0.075485,0.218088,0.210817,0.015936,0.216526,0.196465,-0.192304,0.230469,-0.168179,0.041334,0.205707,-0.182531,-0.166907,0.219650,0.144862,0.052701,0.015798,0.161926,-0.249954,0.015845,-0.104073,0.069856,0.015754,-0.147514,-0.228641,0.015620
0.019175,-0.081329,0.206892,0.215921,0.009951,0.207187,0.201410,-0.198531,0.216640,-0.163061,0.035872,0.197143,-0.177571,-0.172609,0.206597,0.145104,0.051808,0.015800,0.161615,-0.250470,0.015916,-0.104254,0.069161,0.015763,-0.146481,-0.229034,0.015754
0.025915,-0.085468,0.198655,0.222625,0.005875,0.200382,0.208199,-0.202737,0.206507,-0.156369,0.031801,0.190804,-0.170794,-0.176812,0.196929,0.145611,0.051361,0.015843,0.161686,-0.250695,0.015905,-0.103720,0.068602,0.015855,-0.145561,-0.229449,0.015901
0.033213,-0.088675,0.189497,0.229900,0.002686,0.192384,0.215526,-0.205991,0.195804,-0.149101,0.028642,0.183189,-0.163475,-0.180035,0.186609,0.146098,0.051130,0.015864,0.164009,-0.250954,0.015958,-0.098461,0.067975,0.015803,-0.144551,-0.229700,0.015892
0.040684,-0.091267,0.179244,0.237326,0.000145,0.183351,0.223043,-0.208564,0.184522,-0.141675,0.026030,0.173967,-0.155959,-0.182678,0.175138,0.146607,0.050971,0.015870,0.172620,-0.251617,0.015614,-0.087608,0.066999,0.015771,-0.143373,-0.229990,0.015847
0.048399,-0.093393,0.168746,0.245035,-0.002014,0.173789,0.230760,-0.210725,0.173066,-0.133962,0.023939,0.164426,-0.148237,-0.184772,0.163704,0.147231,0.050778,0.015889,0.178626,-0.252172,0.015952,-0.072808,0.065827,0.015778,-0.142137,-0.230234,0.015820
0.056028,-0.094900,0.158770,0.252676,-0.003560,0.164067,0.238393,-0.212262,0.162006,-0.126336,0.022462,0.155534,-0.140619,-0.186240,0.153473,0.147922,0.050630,0.015901,0.179181,-0.252325,0.015819,-0.060172,0.064874,0.015655,-0.140913,-0.230418,0.015736
0.063244,-0.095745,0.149973,0.259912,-0.004402,0.154363,0.245635,-0.213098,0.151697,-0.119147,0.021608,0.148249,-0.133424,-0.187088,0.145583,0.148646,0.050538,0.015892,0.179834,-0.252419,0.015764,-0.058293,0.064695,0.015923,-0.139793,-0.230555,0.015861
0.069952,-0.096060,0.143453,0.266639,-0.004691,0.146112,0.252367,-0.213387,0.143539,-0.112463,0.021268,0.143367,-0.126735,-0.187429,0.140793,0.157019,0.049966,0.016295,0.180534,-0.252460,0.015870,-0.057551,0.064643,0.015984,-0.138576,-0.230640,0.015992
0.076601,-0.095976,0.139753,0.273313,-0.004646,0.141805,0.258989,-0.213347,0.139943,-0.105787,0.021395,0.139562,-0.120111,-0.187306,0.137701,0.181310,0.048305,0.021044,0.181246,-0.252463,0.015983,-0.056803,0.064694,0.015964,-0.131174,-0.231019,0.015888
0.083717,-0.095955,0.138016,0.280415,-0.004616,0.140894,0.266099,-0.213322,0.139784,-0.098664,0.021413,0.136248,-0.112981,-0.187294,0.135138,0.215298,0.046003,0.029052,0.182016,-0.252453,0.015894,-0.055990,0.064682,0.015972,-0.117776,-0.231895,0.017099
0.091145,-0.096094,0.136742,0.287829,-0.004755,0.140430,0.273507,-0.213463,0.139861,-0.091218,0.021275,0.133624,-0.105540,-0.187434,0.133055,0.244155,0.044079,0.038007,0.182782,-0.252456,0.015912,-0.055107,0.064675,0.015865,-0.102713,-0.232879,0.020955
0.098783,-0.096334,0.135309,0.295460,-0.004989,0.139257,0.281136,-0.213698,0.139121,-0.083569,0.021029,0.131497,-0.097893,-0.187680,0.131362,0.264773,0.042737,0.042286,0.183557,-0.252478,0.015853,-0.054137,0.064641,0.015893,-0.085551,-0.234015,0.024577
0.106602,-0.096516,0.133623,0.303282,-0.005170,0.137382,0.288947,-0.213878,0.137793,-0.075744,0.020847,0.129453,-0.090078,-0.187861,0.129864,0.279991,0.041794,0.039440,0.184345,-0.252491,0.015919,-0.053133,0.064627,0.015856,-0.063891,-0.235421,0.026200
0.114662,-0.096325,0.131712,0.311351,-0.004969,0.134637,0.297010,-0.213671,0.136241,-0.067685,0.021021,0.127182,-0.082027,-0.187681,0.128786,0.291270,0.041161,0.029413,0.185149,-0.252467,0.015941,-0.052068,0.064650,0.015804,-0.035571,-0.237218,0.026450
0.122892,-0.095455,0.129454,0.319531,-0.003945,0.129967,0.305353,-0.212625,0.133996,-0.059568,0.021714,0.124913,-0.073746,-0.186966,0.128942,0.294821,0.041090,0.015607,0.186010,-0.252359,0.015915,-0.050958,0.064586,0.015806,-0.000407,-0.239467,0.027690
0.130604,-0.095095,0.127870,0.327267,-0.003649,0.126311,0.313059,-0.212290,0.131935,-0.051851,0.022101,0.123806,-0.066060,-0.186540,0.129430,0.295582,0.041104,0.015897,0.186783,-0.252392,0.015850,-0.049939,0.064633,0.015857,0.037109,-0.241902,0.026893
0.137760,-0.095989,0.126140,0.334448,-0.004607,0.124097,0.320188,-0.213262,0.129047,-0.044668,0.021283,0.123232,-0.058928,-0.187371,0.128182,0.296414,0.040997,0.015998,0.192468,-0.252784,0.015954,-0.048710,0.064582,0.015902,0.059901,-0.243605,0.020970
0.144657,-0.097412,0.123346,0.341382,-0.006104,0.121579,0.327037,-0.214786,0.124855,-0.037722,0.019961,0.121836,-0.052068,-0.188720,0.125113,0.297241,0.040837,0.016053,0.208602,-0.253902,0.016870,-0.045018,0.064360,0.015746,0.063830,-0.243968,0.015761
0.151602,-0.098221,0.121204,0.348313,-0.006889,0.119100,0.333996,-0.215580,0.121875,-0.030792,0.019138,0.120533,-0.045109,-0.189553,0.123308,0.298125,0.040743,0.015948,0.230648,-0.255389,0.021230,-0.038049,0.063804,0.015753,0.064448,-0.244059,0.015829
0.158625,-0.098457,0.120809,0.355326,-0.007119,0.118120,0.341026,-0.215805,0.121352,-0.023777,0.018890,0.120266,-0.038076,-0.189795,0.123498,0.299015,0.040718,0.015882,0.246899,-0.256352,0.028695,-0.028861,0.063182,0.015776,0.065182,-0.244099,0.015883
0.165720,-0.098392,0.122019,0.362427,-0.007079,0.118975,0.348114,-0.215748,0.123126,-0.016674,0.018963,0.120912,-0.030987,-0.189706,0.125062,0.299870,0.040724,0.015752,0.256947,-0.256784,0.036428,-0.018430,0.062558,0.015774,0.065979,-0.244094,0.015890
0.172829,-0.098150,0.124198,0.369544,-0.006857,0.121084,0.355218,-0.215498,0.126385,-0.009560,0.019198,0.122012,-0.023887,-0.189444,0.127313,0.300667,0.040769,0.015780,0.264139,-0.256938,0.042876,-0.007773,0.061947,0.015744,0.066789,-0.244071,0.015955
0.179897,-0.097818,0.126734,0.376627,-0.006549,0.123821,0.362272,-0.215154,0.130365,-0.002477,0.019517,0.123103,-0.016833,-0.189087,0.129647,0.301414,0.040818,0.015807,0.271203,-0.257054,0.047863,0.002693,0.061372,0.015707,0.067602,-0.244044,0.015948
0.186886,-0.097467,0.129137,0.383632,-0.006221,0.126639,0.369234,-0.214780,0.134411,0.004537,0.019846,0.123863,-0.009860,-0.188714,0.131635,0.302131,0.040865,0.015803,0.279616,-0.257273,0.051512,0.012767,0.060836,0.015686,0.068394,-0.244018,0.015891
0.193766,-0.097134,0.131193,0.390528,-0.005910,0.129217,0.376075,-0.214418,0.138165,0.011456,0.020151,0.124221,-0.002997,-0.188357,0.133169,0.302812,0.040909,0.015929,0.289917,-0.257651,0.054184,0.022481,0.060334,0.015772,0.069166,-0.243999,0.015752
0.200560,-0.096882,0.132914,0.397333,-0.005671,0.131525,0.382825,-0.214129,0.141503,0.018295,0.020365,0.124325,0.003786,-0.188093,0.134302,0.303458,0.040945,0.015991,0.302492,-0.258220,0.056453,0.030953,0.060016,0.018197,0.069926,-0.243986,0.015658
0.207329,-0.096743,0.134402,0.404110,-0.005540,0.133613,0.389544,-0.213950,0.144467,0.025114,0.020465,0.124337,0.010548,-0.187945,0.135192,0.304070,0.040950,0.016022,0.317366,-0.258992,0.058760,0.039034,0.059805,0.022401,0.070671,-0.243995,0.015647
0.214146,-0.096687,0.135873,0.410916,-0.005459,0.135645,0.396328,-0.213828,0.147218,0.031963,0.020454,0.124528,0.017376,-0.187916,0.136100,0.304696,0.040965,0.016028,0.333873,-0.259865,0.061185,0.047374,0.059638,0.027871,0.071425,-0.244015,0.015754
0.221104,-0.096729,0.137519,0.417851,-0.005452,0.137742,0.403272,-0.213792,0.149857,0.038935,0.020333,0.125181,0.024356,-0.188006,0.137297,0.305333,0.040980,0.016004,0.351371,-0.260820,0.063498,0.056510,0.059428,0.033816,0.072179,-0.244055,0.015813
0.228283,-0.096935,0.139432,0.425008,-0.005610,0.139986,0.410449,-0.213933,0.152400,0.046117,0.020063,0.126464,0.031558,-0.188260,0.138877,0.305966,0.040956,0.015899,0.369829,-0.261918,0.065439,0.066966,0.059073,0.039635,0.072951,-0.244126,0.015836
0.235676,-0.097372,0.141221,0.432379,-0.006002,0.141980,0.417856,-0.214331,0.154335,0.053495,0.019587,0.128107,0.038973,-0.188742,0.140462,0.306619,0.040922,0.015806,0.388141,-0.263154,0.065734,0.079834,0.058405,0.044042,0.073736,-0.244196,0.015838
0.243193,-0.098198,0.142225,0.439872,-0.006777,0.143003,0.425419,-0.215142,0.154823,0.060966,0.018746,0.129627,0.046513,-0.189619,0.141447,0.307297,0.040834,0.015787,0.404696,-0.264584,0.062321,0.096548,0.057138,0.045508,0.074503,-0.244309,0.015995
0.250816,-0.099543,0.141942,0.447478,-0.008083,0.142558,0.433112,-0.216519,0.153160,0.068520,0.017434,0.130724,0.054155,-0.191003,0.141327,0.308009,0.040702,0.015866,0.418313,-0.266206,0.053092,0.118894,0.055152,0.043704,0.075332,-0.244454,0.016000
0.258604,-0.101435,0.140007,0.455241,-0.009919,0.140166,0.441004,-0.218453,0.148847,0.076204,0.015584,0.131167,0.061968,-0.192951,0.139848,0.308757,0.040507,0.015972,0.426882,-0.267828,0.034895,0.148868,0.052424,0.040037,0.076278,-0.244680,0.015974
0.266321,-0.103743,0.136087,0.462926,-0.012165,0.134973,0.448841,-0.220799,0.141124,0.083801,0.013314,0.131050,0.069717,-0.195321,0.137201,0.309552,0.040255,0.015987,0.424808,-0.268445,0.015805,0.184475,0.049304,0.036514,0.077242,-0.244978,0.015892
0.273518,-0.105242,0.131332,0.469632,-0.012643,0.128978,0.456672,-0.221350,0.135124,0.090363,0.010867,0.127540,0.077403,-0.197841,0.133687,0.327239,0.038433,0.016101,0.425563,-0.268487,0.015887,0.211654,0.045913,0.026393,0.078375,-0.246932,0.015745
0.280851,-0.105705,0.126232,0.476659,-0.012466,0.123577,0.464388,-0.221182,0.130769,0.097315,0.009772,0.121694,0.085044,-0.198944,0.128886,0.358147,0.036403,0.017541,0.426398,-0.268461,0.015928,0.215511,0.044728,0.015758,0.079770,-0.248086,0.015803
0.288424,-0.106014,0.122687,0.484236,-0.012798,0.119637,0.471955,-0.221498,0.127265,0.104892,0.009470,0.118108,0.092611,-0.199230,0.125736,0.391638,0.034619,0.021381,0.427227,-0.268492,0.015984,0.216148,0.044742,0.015806,0.080836,-0.248113,0.015831
0.295853,-0.106487,0.121009,0.491691,-0.013328,0.117846,0.479353,-0.222025,0.125476,0.112353,0.009050,0.116541,0.100014,-0.199646,0.124171,0.421039,0.033147,0.028661,0.428120,-0.268558,0.016006,0.216910,0.044748,0.015863,0.083871,-0.248217,0.015707
0.303131,-0.107197,0.120574,0.498982,-0.014047,0.118028,0.486613,-0.222758,0.125190,0.119650,0.008364,0.115957,0.107280,-0.200347,0.123120,0.444212,0.031971,0.036889,0.428991,-0.268649,0.015939,0.217677,0.044679,0.015952,0.090532,-0.248596,0.015730
0.310274,-0.108046,0.120940,0.506136,-0.014897,0.119385,0.493735,-0.223631,0.125785,0.126814,0.007539,0.116094,0.114412,-0.201195,0.122494,0.461098,0.031003,0.043462,0.429834,-0.268756,0.015855,0.218467,0.044575,0.015955,0.099034,-0.249105,0.015770
0.317257,-0.108925,0.121745,0.513130,-0.015786,0.121378,0.500688,-0.224542,0.126926,0.133825,0.006692,0.116565,0.121384,-0.202064,0.122113,0.473732,0.030158,0.047972,0.430627,-0.268868,0.015744,0.219273,0.044471,0.015927,0.108274,-0.249655,0.015815
0.324100,-0.109823,0.122782,0.519978,-0.016699,0.123696,0.507499,-0.225474,0.128360,0.140702,0.005827,0.117203,0.128223,-0.202948,0.121868,0.484106,0.029365,0.051068,0.431382,-0.268982,0.015780,0.220094,0.044359,0.015799,0.117961,-0.250245,0.015860
0.330824,-0.110731,0.123960,0.526702,-0.017628,0.126090,0.514189,-0.226419,0.129849,0.147459,0.004957,0.118072,0.134945,-0.203834,0.121830,0.493503,0.028594,0.053501,0.432096,-0.269091,0.015835,0.220919,0.044250,0.015658,0.127296,-0.250790,0.017647
0.337481,-0.111631,0.125168,0.533356,-0.018549,0.128294,0.520820,-0.227354,0.131177,0.154141,0.004091,0.119159,0.141605,-0.204713,0.122041,0.502457,0.027835,0.055332,0.432780,-0.269196,0.015874,0.221743,0.044140,0.015672,0.136567,-0.251345,0.020745
0.344101,-0.112465,0.126295,0.539973,-0.019403,0.130142,0.527424,-0.228215,0.132283,0.160778,0.003285,0.120306,0.148229,-0.205527,0.122447,0.511262,0.027100,0.056306,0.433439,-0.269295,0.015847,0.222560,0.044035,0.015794,0.146400,-0.251956,0.024423
0.350754,-0.113184,0.127262,0.546624,-0.020139,0.131585,0.534065,-0.228956,0.133184,0.167442,0.002588,0.121340,0.154884,-0.206229,0.122939,0.520242,0.026403,0.056112,0.434102,-0.269375,0.015912,0.223381,0.043950,0.015921,0.157457,-0.252644,0.027987
0.357540,-0.113762,0.128013,0.553417,-0.020745,0.132620,0.540833,-0.229562,0.133956,0.174248,0.002038,0.122070,0.161663,-0.206778,0.123405,0.529713,0.025716,0.054403,0.434749,-0.269457,0.015938,0.224209,0.043882,0.015961,0.170419,-0.253432,0.030789
0.364582,-0.114155,0.128466,0.560457,-0.021139,0.133180,0.547869,-0.229955,0.134556,0.181295,0.001646,0.122375,0.168707,-0.207171,0.123752,0.539698,0.025099,0.050269,0.435418,-0.269492,0.015932,0.225057,0.043840,0.015951,0.186337,-0.254371,0.032148
0.371973,-0.114326,0.128534,0.567862,-0.021332,0.133104,0.555240,-0.230144,0.134908,0.188706,0.001491,0.122160,0.176084,-0.207321,0.123963,0.550218,0.024489,0.042885,0.436109,-0.269505,0.015897,0.225945,0.043856,0.015866,0.206700,-0.255501,0.031904
0.379820,-0.114134,0.128157,0.575719,-0.021131,0.132029,0.563087,-0.229929,0.134924,0.196553,0.001661,0.121391,0.183920,-0.207137,0.124286,0.560380,0.023941,0.031537,0.436829,-0.269479,0.015808,0.226978,0.043895,0.015906,0.233147,-0.256942,0.031283
0.388145,-0.113327,0.127251,0.584072,-0.020321,0.129194,0.571431,-0.229077,0.134284,0.204860,0.002423,0.120218,0.192219,-0.206333,0.125308,0.567148,0.023480,0.015552,0.437582,-0.269407,0.015807,0.228089,0.044019,0.015876,0.266025,-0.258618,0.032218
0.396120,-0.112556,0.126459,0.592048,-0.019533,0.126138,0.579460,-0.228229,0.133359,0.212781,0.003116,0.119558,0.200192,-0.205580,0.126780,0.568088,0.023651,0.015705,0.438468,-0.269350,0.015875,0.229160,0.044098,0.015819,0.302554,-0.260504,0.034599
0.403620,-0.112839,0.125844,0.599587,-0.019909,0.124426,0.586938,-0.228590,0.131966,0.220302,0.002912,0.119723,0.207653,-0.205769,0.127262,0.568960,0.023590,0.015902,0.439803,-0.269427,0.015918,0.230139,0.044123,0.015761,0.331423,-0.262229,0.033293
0.410725,-0.113928,0.123983,0.606750,-0.021125,0.122294,0.593984,-0.229839,0.128656,0.227465,0.001983,0.119311,0.214699,-0.206730,0.125673,0.569804,0.023452,0.016043,0.449157,-0.269973,0.015915,0.231427,0.044143,0.015865,0.343198,-0.263275,0.023035
0.417656,-0.115376,0.120972,0.613746,-0.022703,0.119698,0.600839,-0.231457,0.124158,0.234473,0.000706,0.117786,0.221566,-0.208048,0.122246,0.570660,0.023293,0.016051,0.465721,-0.270964,0.015880,0.233620,0.044128,0.015883,0.344814,-0.263489,0.015837
0.424572,-0.116291,0.118500,0.620589,-0.023467,0.117045,0.607849,-0.232243,0.120920,0.241295,-0.000339,0.116079,0.228555,-0.209115,0.119955,0.571499,0.023195,0.016018,0.494957,-0.272804,0.018167,0.237765,0.043556,0.015725,0.345369,-0.263720,0.015738
0.431549,-0.116592,0.117535,0.627622,-0.023893,0.115691,0.614757,-0.232658,0.119710,0.248341,-0.000526,0.115359,0.235476,-0.209292,0.119379,0.572405,0.023133,0.015900,0.518855,-0.274133,0.024134,0.244769,0.043320,0.015723,0.346067,-0.263646,0.015804
0.438482,-0.116566,0.118325,0.634569,-0.023907,0.116028,0.621672,-0.232654,0.120803,0.255292,-0.000477,0.115847,0.242395,-0.209225,0.120622,0.573263,0.023137,0.015780,0.532693,-0.274739,0.031881,0.253557,0.042889,0.015745,0.346812,-0.263621,0.015859
0.445387,-0.116348,0.120483,0.641457,-0.023659,0.117975,0.628598,-0.232381,0.123851,0.262176,-0.000315,0.117114,0.249316,-0.209037,0.122991,0.574057,0.023170,0.015764,0.540604,-0.274901,0.039069,0.263049,0.042331,0.015729,0.347637,-0.263664,0.015902
0.452250,-0.115986,0.123376,0.648333,-0.023322,0.120937,0.635441,-0.232005,0.128006,0.269058,0.000033,0.118746,0.256166,-0.208649,0.125815,0.574789,0.023222,0.015799,0.546617,-0.274892,0.045019,0.272577,0.041888,0.015706,0.348459,-0.263634,0.015983
0.459057,-0.115547,0.126403,0.655140,-0.022876,0.124237,0.642238,-0.231511,0.132592,0.275876,0.000416,0.120214,0.262974,-0.208218,0.128569,0.575470,0.023281,0.015802,0.553088,-0.274892,0.049662,0.282010,0.041424,0.015674,0.349299,-0.263639,0.015978
0.465765,-0.115086,0.129119,0.661872,-0.022455,0.127438,0.648891,-0.231031,0.137021,0.282639,0.000860,0.121217,0.269658,-0.207717,0.130800,0.576121,0.023343,0.015909,0.561165,-0.275007,0.053234,0.291301,0.041057,0.015656,0.350058,-0.263584,0.015929
0.472378,-0.114658,0.131372,0.668503,-0.022057,0.130280,0.655440,-0.230571,0.141054,0.289316,0.001254,0.121690,0.276253,-0.207260,0.132464,0.576751,0.023385,0.015982,0.571303,-0.275290,0.056082,0.300489,0.040680,0.015765,0.350805,-0.263555,0.015856
0.478935,-0.114296,0.133191,0.675069,-0.021707,0.132742,0.661930,-0.230157,0.144604,0.295941,0.001565,0.121777,0.282802,-0.206884,0.133639,0.577353,0.023423,0.016022,0.583567,-0.275727,0.058574,0.308980,0.040432,0.017651,0.351537,-0.263540,0.015729
0.485483,-0.114029,0.134703,0.681613,-0.021432,0.134942,0.668413,-0.229822,0.147738,0.302554,0.001764,0.121668,0.289354,-0.206626,0.134464,0.577955,0.023460,0.016036,0.597905,-0.276306,0.061039,0.317187,0.040299,0.021263,0.352257,-0.263537,0.015580
0.492090,-0.113842,0.136124,0.688194,-0.021194,0.136989,0.674976,-0.229532,0.150603,0.309204,0.001848,0.121645,0.295986,-0.206490,0.135258,0.578551,0.023497,0.016037,0.613810,-0.276981,0.063494,0.325595,0.040200,0.026054,0.352970,-0.263556,0.015687
0.498833,-0.113749,0.137709,0.694912,-0.021055,0.139108,0.681679,-0.229350,0.153350,0.315986,0.001853,0.122068,0.302753,-0.206442,0.136309,0.579157,0.023529,0.015994,0.630879,-0.277746,0.065949,0.334652,0.040119,0.031450,0.353703,-0.263568,0.015758
0.505795,-0.113798,0.139508,0.701852,-0.021064,0.141279,0.688616,-0.229329,0.155945,0.322973,0.001733,0.123070,0.309737,-0.206532,0.137737,0.579777,0.023517,0.015870,0.648841,-0.278652,0.067952,0.344918,0.039921,0.036856,0.354455,-0.263615,0.015803
0.512951,-0.114050,0.141169,0.708983,-0.021267,0.143130,0.695779,-0.229525,0.157922,0.330123,0.001425,0.124415,0.316919,-0.206833,0.139208,0.580407,0.023498,0.015813,0.666861,-0.279705,0.068411,0.357401,0.039432,0.041083,0.355212,-0.263679,0.015848
0.520231,-0.114697,0.142126,0.716228,-0.021841,0.144159,0.703112,-0.230131,0.158574,0.337350,0.000738,0.125679,0.324234,-0.207552,0.140094,0.581050,0.023441,0.015857,0.683551,-0.280973,0.065737,0.373592,0.038360,0.042673,0.355969,-0.263788,0.015977
0.527655,-0.115910,0.141940,0.723639,-0.023027,0.143974,0.710599,-0.231396,0.157284,0.344710,-0.000423,0.126596,0.331670,-0.208792,0.139906,0.581747,0.023308,0.015972,0.697686,-0.282559,0.058037,0.395289,0.036598,0.041356,0.356786,-0.263910,0.016002
0.535259,-0.117664,0.140193,0.731233,-0.024754,0.141961,0.718311,-0.233237,0.153464,0.352208,-0.002091,0.126921,0.339286,-0.210575,0.138424,0.582478,0.023123,0.016005,0.707428,-0.284321,0.041968,0.424813,0.034121,0.038233,0.357730,-0.264079,0.016006
0.542984,-0.119898,0.136441,0.738879,-0.026808,0.137237,0.726280,-0.235438,0.146158,0.359688,-0.004358,0.126724,0.347089,-0.212988,0.135645,0.583215,0.022983,0.016011,0.706666,-0.285430,0.015129,0.460479,0.031244,0.035860,0.358707,-0.264384,0.015904
0.550201,-0.121695,0.131253,0.745864,-0.028114,0.130795,0.733864,-0.236820,0.138711,0.366539,-0.006570,0.123795,0.354539,-0.215275,0.131711,0.594855,0.021772,0.015996,0.707265,-0.285509,0.015834,0.488886,0.028351,0.028822,0.359881,-0.265536,0.015827
0.557493,-0.122269,0.126018,0.752910,-0.028177,0.125369,0.741450,-0.236882,0.134056,0.373536,-0.007655,0.117979,0.362077,-0.216360,0.126666,0.623763,0.019927,0.016181,0.708020,-0.285523,0.015892,0.497084,0.026868,0.015849,0.360962,-0.266473,0.015754
0.565201,-0.122526,0.122406,0.760629,-0.028463,0.121320,0.749151,-0.237145,0.130536,0.381251,-0.007907,0.114276,0.369773,-0.216589,0.123492,0.659716,0.018095,0.018183,0.708841,-0.285550,0.015972,0.497707,0.026900,0.015778,0.362033,-0.266482,0.015805
0.572790,-0.122974,0.120692,0.768247,-0.028979,0.119115,0.756721,-0.237656,0.128371,0.388860,-0.008293,0.113014,0.377333,-0.216970,0.122270,0.691626,0.016631,0.024736,0.709711,-0.285607,0.016009,0.498397,0.026909,0.015818,0.364401,-0.266546,0.015710
0.580229,-0.123638,0.120158,0.775707,-0.029682,0.118850,0.764132,-0.238376,0.127659,0.396326,-0.008901,0.112656,0.384751,-0.217594,0.121466,0.716842,0.015528,0.033195,0.710589,-0.285679,0.016005,0.499193,0.026870,0.015921,0.369912,-0.266796,0.015700
0.587484,-0.124472,0.120411,0.782972,-0.030528,0.119870,0.771362,-0.239251,0.127894,0.403607,-0.009692,0.112928,0.391997,-0.218416,0.120952,0.735393,0.014624,0.040558,0.711444,-0.285777,0.015913,0.499997,0.026773,0.015972,0.377522,-0.267209,0.015735
0.594549,-0.125402,0.121162,0.790047,-0.031479,0.121617,0.778392,-0.240236,0.128656,0.410706,-0.010569,0.113667,0.399051,-0.219326,0.120706,0.749081,0.013798,0.045800,0.712253,-0.285895,0.015822,0.500813,0.026652,0.015968,0.386054,-0.267685,0.015780
0.601440,-0.126348,0.122185,0.796942,-0.032446,0.123789,0.785247,-0.241232,0.129793,0.417634,-0.011465,0.114577,0.405939,-0.220251,0.120581,0.759988,0.013024,0.049382,0.713018,-0.286008,0.015704,0.501641,0.026533,0.015925,0.395136,-0.268199,0.015826
0.608175,-0.127289,0.123343,0.803682,-0.033425,0.126145,0.791935,-0.242235,0.131134,0.424415,-0.012343,0.115551,0.412669,-0.221153,0.120540,0.769512,0.012261,0.051997,0.713745,-0.286127,0.015796,0.502473,0.026418,0.015788,0.404427,-0.268713,0.016347
0.614805,-0.128223,0.124564,0.810312,-0.034398,0.128470,0.798525,-0.243228,0.132459,0.431086,-0.013219,0.116668,0.419299,-0.222049,0.120657,0.778529,0.011508,0.054198,0.714443,-0.286240,0.015841,0.503303,0.026305,0.015640,0.413544,-0.269206,0.018510
0.621386,-0.129128,0.125749,0.816891,-0.035342,0.130532,0.805073,-0.244185,0.133608,0.437698,-0.014070,0.117890,0.425880,-0.222913,0.120966,0.787231,0.010763,0.055726,0.715115,-0.286356,0.015864,0.504132,0.026193,0.015687,0.422851,-0.269732,0.021663
0.627953,-0.129955,0.126808,0.823455,-0.036197,0.132226,0.811623,-0.245050,0.134524,0.444282,-0.014861,0.119091,0.432450,-0.223713,0.121389,0.795881,0.010055,0.056278,0.715770,-0.286451,0.015876,0.504957,0.026091,0.015810,0.432977,-0.270327,0.025193
0.634571,-0.130672,0.127698,0.830072,-0.036937,0.133544,0.818231,-0.245794,0.135263,0.450911,-0.015551,0.120134,0.439070,-0.224408,0.121852,0.804880,0.009375,0.055639,0.716413,-0.286528,0.015923,0.505780,0.026006,0.015927,0.444508,-0.271009,0.028534
0.641367,-0.131227,0.128353,0.836869,-0.037509,0.134450,0.825016,-0.246368,0.135883,0.457718,-0.016087,0.120824,0.445865,-0.224946,0.122257,0.814368,0.008734,0.053218,0.717062,-0.286589,0.015941,0.506608,0.025943,0.015960,0.458183,-0.271796,0.030902
0.648447,-0.131588,0.128685,0.843951,-0.037879,0.134837,0.832086,-0.246737,0.136330,0.464808,-0.016439,0.121039,0.452943,-0.225297,0.122532,0.824396,0.008136,0.048124,0.717738,-0.286626,0.015926,0.507466,0.025911,0.015943,0.475168,-0.272733,0.031747
0.655920,-0.131683,0.128633,0.851445,-0.038000,0.134512,0.839537,-0.246851,0.136535,0.472303,-0.016515,0.120731,0.460395,-0.225366,0.122754,0.834847,0.007554,0.039712,0.718444,-0.286641,0.015884,0.508424,0.025935,0.015877,0.497050,-0.273868,0.031260
0.663883,-0.131346,0.128142,0.859438,-0.037666,0.133021,0.847496,-0.246499,0.136342,0.480270,-0.016193,0.119942,0.468329,-0.225025,0.123264,0.844394,0.007043,0.027365,0.719174,-0.286609,0.015795,0.509486,0.026012,0.015901,0.525199,-0.275273,0.031111
0.672148,-0.130356,0.127078,0.867696,-0.036566,0.129438,0.855862,-0.245351,0.135222,0.488433,-0.015361,0.118933,0.476600,-0.224146,0.124718,0.848079,0.006934,0.015675,0.719963,-0.286496,0.015832,0.510576,0.026071,0.015931,0.559317,-0.276919,0.032875
0.680073,-0.129803,0.126395,0.875670,-0.036086,0.126566,0.863798,-0.244815,0.134047,0.496348,-0.014791,0.118744,0.484476,-0.223520,0.126225,0.848986,0.007015,0.015815,0.720679,-0.286461,0.015895,0.511613,0.026204,0.015809,0.594233,-0.278632,0.033685
0.687643,-0.130289,0.125302,0.883272,-0.036643,0.124505,0.871363,-0.245370,0.131962,0.503923,-0.015208,0.118641,0.492014,-0.223936,0.126098,0.849885,0.006937,0.015954,0.725125,-0.286725,0.015916,0.512632,0.026174,0.015799,0.617503,-0.280086,0.029866
0.694780,-0.131552,0.122867,0.890492,-0.038076,0.122130,0.878416,-0.246843,0.128045,0.511144,-0.016260,0.117689,0.499069,-0.225028,0.123604,0.850766,0.006760,0.016045,0.736400,-0.287350,0.015906,0.514182,0.026223,0.015859,0.625106,-0.280892,0.016663
0.701698,-0.132803,0.119838,0.897416,-0.039341,0.119001,0.885339,-0.248142,0.123564,0.518057,-0.017463,0.116112,0.505981,-0.226265,0.120676,0.851644,0.006592,0.016023,0.754282,-0.288439,0.016529,0.516255,0.025986,0.015839,0.625685,-0.281017,0.015785
0.708479,-0.133371,0.118093,0.904188,-0.039900,0.116635,0.892137,-0.248708,0.120951,0.524820,-0.018035,0.115234,0.512770,-0.226843,0.119551,0.852513,0.006537,0.015976,0.781825,-0.289928,0.021732,0.520109,0.025715,0.015724,0.626253,-0.281073,0.015770
0.715372,-0.133457,0.118009,0.911102,-0.040038,0.116082,0.899006,-0.248832,0.120926,0.531738,-0.018082,0.115092,0.519642,-0.226876,0.119936,0.853400,0.006518,0.015867,0.802835,-0.290933,0.028909,0.527446,0.025400,0.015731,0.627010,-0.281050,0.015831
0.722231,-0.133268,0.119509,0.917967,-0.039871,0.117179,0.905857,-0.248639,0.122988,0.538605,-0.017897,0.116029,0.526495,-0.226666,0.121838,0.854216,0.006548,0.015738,0.814966,-0.291319,0.036446,0.536552,0.024975,0.015742,0.627797,-0.281035,0.015868
0.729078,-0.132923,0.122095,0.924807,-0.039515,0.119596,0.912712,-0.248248,0.126582,0.545445,-0.017598,0.117609,0.533350,-0.226332,0.124595,0.854984,0.006608,0.015769,0.822648,-0.291378,0.043002,0.546194,0.024500,0.015728,0.628625,-0.281040,0.015972
0.735901,-0.132471,0.125161,0.931637,-0.039076,0.122743,0.919518,-0.247762,0.130997,0.552284,-0.017180,0.119325,0.540164,-0.225866,0.127579,0.855687,0.006667,0.015792,0.829344,-0.291357,0.048319,0.555981,0.024069,0.015700,0.629450,-0.281026,0.015990
0.742672,-0.131987,0.128122,0.938424,-0.038616,0.126042,0.926252,-0.247245,0.135544,0.559092,-0.016728,0.120700,0.546920,-0.225357,0.130203,0.856364,0.006727,0.015845,0.836838,-0.291392,0.052366,0.565644,0.023680,0.015672,0.630249,-0.280997,0.015958
0.749350,-0.131519,0.130664,0.945127,-0.038193,0.129108,0.932864,-0.246758,0.139815,0.565836,-0.016280,0.121513,0.553572,-0.224846,0.132221,0.857005,0.006767,0.015940,0.846043,-0.291572,0.055468,0.575142,0.023327,0.015681,0.630996,-0.280961,0.015849
0.755959,-0.131104,0.132725,0.951745,-0.037786,0.131809,0.939411,-0.246287,0.143636,0.572506,-0.015920,0.121813,0.560172,-0.224421,0.133640,0.857629,0.006814,0.015999,0.857205,-0.291884,0.058004,0.584316,0.023002,0.016363,0.631740,-0.280941,0.015799
0.762510,-0.130772,0.134373,0.958305,-0.037467,0.134163,0.945886,-0.245906,0.146965,0.579134,-0.015638,0.121780,0.566716,-0.224076,0.134582,0.858230,0.006856,0.016031,0.870455,-0.292348,0.060342,0.592731,0.022859,0.019049,0.632457,-0.280913,0.015653
0.769077,-0.130531,0.135787,0.964864,-0.037212,0.136271,0.952386,-0.245593,0.149918,0.585768,-0.015469,0.121656,0.573290,-0.223850,0.135302,0.858829,0.006892,0.016043,0.885637,-0.292937,0.062697,0.600966,0.022808,0.023305,0.633174,-0.280901,0.015653
0.775730,-0.130373,0.137207,0.971492,-0.037006,0.138302,0.958993,-0.245339,0.152655,0.592467,-0.015407,0.121759,0.579969,-0.223740,0.136112,0.859434,0.006932,0.016027,0.902056,-0.293602,0.064984,0.609589,0.022772,0.028385,0.633893,-0.280908,0.015722
0.782541,-0.130344,0.138845,0.978283,-0.036944,0.140425,0.965762,-0.245239,0.155289,0.599320,-0.015450,0.122401,0.586799,-0.223745,0.137266,0.860045,0.006929,0.015965,0.919601,-0.294397,0.067215,0.619062,0.022687,0.033792,0.634628,-0.280939,0.015761
0.789570,-0.130453,0.140610,0.985284,-0.037001,0.142515,0.972781,-0.245279,0.157633,0.606358,-0.015627,0.123586,0.593855,-0.223905,0.138704,0.860659,0.006937,0.015845,0.937859,-0.295289,0.068700,0.630066,0.022451,0.038871,0.635383,-0.280971,0.015803
0.796778,-0.130854,0.141993,0.992474,-0.037366,0.144039,0.980001,-0.245652,0.159073,0.613554,-0.016056,0.124913,0.601082,-0.224342,0.139948,0.861299,0.006882,0.015791,0.955512,-0.296408,0.068014,0.643969,0.021791,0.042039,0.636146,-0.281043,0.015921
0.804106,-0.131718,0.142460,0.999781,-0.038186,0.144530,0.987384,-0.246524,0.158883,0.620828,-0.016911,0.126037,0.608431,-0.225250,0.140390,0.861969,0.006791,0.015906,0.971205,-0.297777,0.063404,0.662208,0.020498,0.042339,0.636916,-0.281153,0.015992
0.811581,-0.133167,0.141607,1.007242,-0.039605,0.143574,0.994946,-0.248043,0.156505,0.628215,-0.018292,0.126710,0.615919,-0.226729,0.139640,0.862683,0.006624,0.015995,0.983717,-0.299448,0.052511,0.687103,0.018462,0.039843,0.637767,-0.281303,0.016022
0.819258,-0.135124,0.139007,1.014871,-0.041453,0.140478,1.002801,-0.250024,0.151300,0.635715,-0.020225,0.126713,0.623644,-0.228795,0.137535,0.863417,0.006441,0.016013,0.990009,-0.301080,0.031637,0.719380,0.015872,0.037123,0.638710,-0.281561,0.015990
