-0.018684,0.000954,0.320849,0.172338,0.103612,0.324444,0.170241,-0.105565,0.322219,-0.207610,0.107473,0.319480,-0.209707,-0.101705,0.317254,0.191198,0.150687,0.154494,0.162340,-0.149106,0.149755,-0.222319,0.154856,0.152094,-0.201881,-0.145343,0.139118
-0.025383,0.000916,0.305365,0.166445,0.102070,0.308661,0.162729,-0.106991,0.301985,-0.213495,0.108822,0.308746,-0.217211,-0.100239,0.302069,0.185421,0.153708,0.105282,0.168576,-0.147599,0.146157,-0.223147,0.161554,0.087042,-0.196342,-0.138680,0.070038
-0.030842,0.001266,0.284914,0.162010,0.100482,0.287283,0.156153,-0.108522,0.280363,-0.217836,0.111055,0.289464,-0.223694,-0.097949,0.282545,0.150824,0.153784,0.060849,0.166670,-0.149035,0.121047,-0.208789,0.165122,0.022813,-0.199344,-0.135249,0.014487
-0.035900,0.002090,0.268206,0.157436,0.099926,0.258693,0.149732,-0.109058,0.253104,-0.221532,0.113239,0.283307,-0.229236,-0.095745,0.277719,0.117206,0.153412,0.015401,0.163660,-0.150802,0.093578,-0.208981,0.165421,0.016013,-0.199089,-0.135353,0.015930
-0.037052,0.002579,0.255501,0.154884,0.100807,0.231990,0.147140,-0.108175,0.226380,-0.221245,0.113332,0.284622,-0.228989,-0.095649,0.279011,0.115475,0.153568,0.015833,0.130708,-0.148283,0.048336,-0.198902,0.165219,0.015767,-0.199240,-0.135184,0.015833
-0.036510,0.002899,0.241970,0.153590,0.101442,0.207437,0.145784,-0.107537,0.201798,-0.218805,0.113335,0.282143,-0.226610,-0.095643,0.276503,0.114280,0.153579,0.015828,0.095493,-0.146632,0.034139,-0.185243,0.164677,0.019126,-0.198873,-0.135141,0.015755
-0.035049,0.003418,0.228468,0.152946,0.102255,0.184538,0.145145,-0.106728,0.179081,-0.215244,0.113564,0.277855,-0.223045,-0.095419,0.272399,0.113387,0.153632,0.015920,0.071942,-0.145646,0.031785,-0.166428,0.163976,0.019839,-0.198362,-0.135135,0.015681
-0.032436,0.004158,0.215178,0.153756,0.103126,0.164395,0.145961,-0.105869,0.159415,-0.210834,0.114185,0.270942,-0.218629,-0.094810,0.265961,0.112914,0.153682,0.015926,0.062068,-0.145183,0.031359,-0.152315,0.163504,0.018897,-0.197636,-0.135122,0.015657
-0.028748,0.004814,0.201787,0.156257,0.103797,0.146862,0.148470,-0.105210,0.142375,-0.205965,0.114838,0.261200,-0.213752,-0.094169,0.256713,0.112844,0.153718,0.015908,0.061952,-0.145058,0.029609,-0.148045,0.163438,0.015892,-0.196714,-0.135123,0.015767
-0.024406,0.004631,0.187826,0.160367,0.103606,0.132113,0.152378,-0.105381,0.127116,-0.201191,0.114643,0.248537,-0.209180,-0.094344,0.243540,0.113200,0.153684,0.015935,0.059727,-0.144820,0.021909,-0.149422,0.163728,0.015710,-0.195053,-0.134938,0.015958
-0.019943,0.003517,0.172580,0.165793,0.102151,0.119530,0.156867,-0.106736,0.112385,-0.196754,0.113770,0.232775,-0.205680,-0.095117,0.225630,0.113958,0.153430,0.015873,0.059007,-0.144769,0.015808,-0.150516,0.164737,0.015708,-0.190715,-0.134108,0.016093
-0.015587,0.002434,0.157614,0.171753,0.101284,0.110992,0.162921,-0.107540,0.102100,-0.194095,0.112408,0.213127,-0.202927,-0.096417,0.204235,0.114818,0.153278,0.015782,0.060123,-0.145047,0.015744,-0.149446,0.164450,0.015886,-0.183175,-0.134799,0.016706
-0.011131,0.001640,0.144147,0.178371,0.100373,0.106975,0.169584,-0.108374,0.096400,-0.191847,0.111655,0.191895,-0.200634,-0.097093,0.181319,0.115720,0.153174,0.015888,0.061133,-0.145275,0.015813,-0.148470,0.164290,0.015981,-0.169536,-0.135788,0.020209
-0.006107,0.001137,0.132677,0.185318,0.099593,0.106146,0.176664,-0.109081,0.094105,-0.188879,0.111354,0.171249,-0.197533,-0.097319,0.159207,0.129790,0.152447,0.019732,0.061981,-0.145381,0.015967,-0.147607,0.164165,0.016012,-0.155652,-0.136922,0.025784
-0.000221,0.000793,0.123316,0.192587,0.098747,0.106849,0.183951,-0.109860,0.093694,-0.184394,0.111447,0.152937,-0.193030,-0.097160,0.139783,0.150547,0.151319,0.023550,0.062722,-0.145524,0.016041,-0.146740,0.164104,0.015980,-0.143094,-0.137793,0.028567
0.006302,0.000679,0.115987,0.199855,0.098189,0.107606,0.191282,-0.110384,0.093879,-0.178678,0.111742,0.138096,-0.187251,-0.096831,0.124369,0.166790,0.150749,0.022310,0.063409,-0.145594,0.016083,-0.145789,0.164020,0.015883,-0.132267,-0.138293,0.027349
0.012817,0.000832,0.110528,0.206711,0.097978,0.107505,0.198148,-0.110605,0.093926,-0.172513,0.112268,0.127131,-0.181076,-0.096315,0.113552,0.169235,0.151064,0.015901,0.064131,-0.145620,0.016083,-0.144837,0.163966,0.015774,-0.123864,-0.138340,0.022794
0.019245,0.000854,0.108760,0.213344,0.097564,0.112512,0.204799,-0.111041,0.099261,-0.166309,0.112750,0.118259,-0.174854,-0.095855,0.105009,0.170083,0.151065,0.015703,0.064412,-0.145581,0.015995,-0.143853,0.163926,0.015676,-0.119814,-0.138004,0.015505
0.026020,0.000900,0.111614,0.220021,0.097106,0.123837,0.211480,-0.111554,0.111475,-0.159439,0.113354,0.111753,-0.167981,-0.095305,0.099391,0.170839,0.151089,0.015768,0.064415,-0.145449,0.016071,-0.142761,0.163923,0.015812,-0.119045,-0.137935,0.015995
0.032692,0.000839,0.118222,0.226058,0.096698,0.139714,0.217616,-0.112029,0.128471,-0.152232,0.113708,0.107974,-0.160674,-0.095019,0.096731,0.171517,0.151132,0.015782,0.064397,-0.145331,0.016077,-0.141342,0.163775,0.015979,-0.118077,-0.137948,0.016022
0.039196,0.000641,0.126846,0.231304,0.096179,0.158598,0.222940,-0.112596,0.148220,-0.144548,0.113877,0.105472,-0.152912,-0.094898,0.095094,0.172210,0.151186,0.015827,0.074559,-0.145690,0.017380,-0.141910,0.162987,0.031581,-0.116971,-0.137945,0.015942
0.045502,0.000473,0.136514,0.235789,0.095769,0.178354,0.227465,-0.113048,0.168819,-0.136461,0.113994,0.104209,-0.144786,-0.094823,0.094674,0.172964,0.151224,0.015924,0.090285,-0.146367,0.021080,-0.137776,0.161899,0.053419,-0.115681,-0.137921,0.015931
0.051525,0.000343,0.146459,0.239626,0.095536,0.197426,0.231353,-0.113318,0.188699,-0.128303,0.114005,0.104219,-0.136576,-0.094849,0.095492,0.173751,0.151252,0.015977,0.106010,-0.147076,0.025892,-0.129630,0.160826,0.074467,-0.114299,-0.137929,0.015840
0.057194,0.000244,0.156387,0.242972,0.095411,0.215301,0.234736,-0.113473,0.207264,-0.120348,0.113961,0.105510,-0.128585,-0.094922,0.097473,0.174583,0.151294,0.016001,0.123504,-0.147770,0.029596,-0.120058,0.159874,0.094969,-0.112995,-0.137912,0.015765
0.062569,0.000153,0.166300,0.246159,0.095367,0.231644,0.237947,-0.113540,0.224246,-0.112809,0.113846,0.108355,-0.121022,-0.095062,0.100957,0.175440,0.151299,0.015976,0.144714,-0.148572,0.031768,-0.111027,0.159233,0.109949,-0.111854,-0.137926,0.015949
0.067841,0.000008,0.176127,0.249571,0.095283,0.246395,0.241379,-0.113641,0.239447,-0.105698,0.113656,0.112806,-0.113890,-0.095268,0.105858,0.176349,0.151330,0.015873,0.168903,-0.149448,0.033132,-0.103919,0.159047,0.114303,-0.110896,-0.137907,0.015996
0.073093,-0.000153,0.185496,0.253382,0.095216,0.259266,0.245218,-0.113721,0.252700,-0.099031,0.113416,0.118292,-0.107195,-0.095521,0.111726,0.177297,0.151346,0.015841,0.196480,-0.150482,0.034984,-0.097258,0.158809,0.119717,-0.110157,-0.137904,0.015986
0.078461,-0.000336,0.194267,0.257851,0.095124,0.270082,0.249699,-0.113824,0.263831,-0.092777,0.113153,0.124703,-0.100929,-0.095795,0.118452,0.178272,0.151339,0.015827,0.226731,-0.151660,0.037439,-0.091006,0.158548,0.126055,-0.109656,-0.137893,0.015954
0.084099,-0.000488,0.202276,0.263226,0.095097,0.278552,0.255098,-0.113861,0.272612,-0.086900,0.112884,0.131940,-0.095029,-0.096073,0.126000,0.179261,0.151335,0.015808,0.258610,-0.152899,0.040394,-0.085134,0.158282,0.133242,-0.109371,-0.137889,0.015917
0.090183,-0.000580,0.209227,0.269738,0.095145,0.284314,0.261609,-0.113822,0.278728,-0.081243,0.112663,0.139726,-0.089372,-0.096305,0.134140,0.180174,0.151303,0.015945,0.290722,-0.154176,0.043785,-0.079477,0.158062,0.140944,-0.109236,-0.137872,0.015907
0.096848,-0.000557,0.214947,0.277475,0.095349,0.287176,0.269355,-0.113629,0.282006,-0.075660,0.112515,0.147889,-0.083780,-0.096463,0.142719,0.181026,0.151303,0.016025,0.321902,-0.155366,0.047457,-0.073897,0.157917,0.149023,-0.109223,-0.137836,0.015913
0.104221,-0.000420,0.219246,0.286490,0.095702,0.286922,0.278375,-0.113289,0.282270,-0.069933,0.112450,0.156222,-0.078047,-0.096541,0.151571,0.181725,0.151294,0.016038,0.349944,-0.156402,0.050354,-0.068171,0.157854,0.157243,-0.109307,-0.137803,0.015903
0.112358,-0.000099,0.221756,0.296701,0.096291,0.283137,0.288627,-0.112714,0.279100,-0.063911,0.112515,0.164412,-0.071985,-0.096490,0.160375,0.182338,0.151361,0.016032,0.372511,-0.157018,0.049811,-0.062159,0.157923,0.165306,-0.109414,-0.137746,0.015915
0.121174,0.000343,0.222276,0.307867,0.097004,0.275600,0.299816,-0.112015,0.272313,-0.057468,0.112701,0.172239,-0.065520,-0.096318,0.168953,0.182745,0.151395,0.015982,0.388056,-0.157318,0.044272,-0.054827,0.158176,0.166689,-0.109550,-0.137705,0.015942
0.130569,0.000694,0.220736,0.319612,0.097543,0.264606,0.311556,-0.111486,0.261973,-0.050418,0.112874,0.179499,-0.058473,-0.096154,0.176866,0.183070,0.151423,0.015958,0.395905,-0.157341,0.033132,-0.044927,0.158378,0.161395,-0.109658,-0.137642,0.015944
0.140327,0.000702,0.217224,0.331445,0.097658,0.250609,0.323397,-0.111374,0.248300,-0.042742,0.112778,0.186148,-0.050790,-0.096255,0.183838,0.183358,0.151440,0.015940,0.396047,-0.157090,0.015947,-0.030649,0.158197,0.150111,-0.109724,-0.137617,0.015940
0.149635,0.000931,0.213507,0.342076,0.097987,0.237748,0.334018,-0.111050,0.235971,-0.034747,0.112912,0.191043,-0.042806,-0.096126,0.189266,0.183746,0.151462,0.015906,0.395463,-0.157034,0.015929,-0.009626,0.157919,0.133351,-0.109700,-0.137559,0.015923
0.158161,0.001038,0.210691,0.351329,0.098156,0.227881,0.343266,-0.110884,0.226529,-0.026944,0.112959,0.194853,-0.035006,-0.096081,0.193501,0.184248,0.151457,0.015849,0.395157,-0.157008,0.015942,0.017584,0.157238,0.115791,-0.109652,-0.137538,0.015918
0.166306,0.000961,0.208306,0.359913,0.098112,0.219216,0.351848,-0.110929,0.218079,-0.019237,0.112852,0.198534,-0.027302,-0.096190,0.197396,0.184787,0.151460,0.015763,0.394994,-0.156978,0.015923,0.046735,0.156319,0.101532,-0.109614,-0.137511,0.015917
0.174210,0.000847,0.206150,0.368046,0.098029,0.211080,0.359986,-0.111013,0.210106,-0.011567,0.112707,0.202194,-0.019627,-0.096335,0.201219,0.185334,0.151469,0.015762,0.394889,-0.156938,0.015939,0.074208,0.155407,0.090004,-0.109624,-0.137486,0.015916
0.182026,0.000732,0.204235,0.375911,0.097937,0.203236,0.367849,-0.111106,0.202453,-0.003797,0.112571,0.206017,-0.011859,-0.096472,0.205234,0.185934,0.151450,0.015798,0.394875,-0.156934,0.015936,0.097599,0.154619,0.079368,-0.109690,-0.137474,0.015916
0.189850,0.000603,0.202523,0.383603,0.097831,0.195626,0.375544,-0.111212,0.195026,0.004156,0.112418,0.210020,-0.003903,-0.096626,0.209419,0.186533,0.151429,0.015865,0.394923,-0.156929,0.015929,0.116134,0.153993,0.068044,-0.109820,-0.137470,0.015915
0.197735,0.000496,0.200752,0.391188,0.097737,0.188059,0.383126,-0.111308,0.187667,0.012344,0.112299,0.213837,0.004281,-0.096745,0.213445,0.187159,0.151412,0.015906,0.395058,-0.156930,0.015916,0.130135,0.153537,0.055759,-0.109960,-0.137453,0.015915
0.205654,0.000435,0.198430,0.398661,0.097683,0.180199,0.390599,-0.111361,0.180045,0.020709,0.112231,0.216814,0.012648,-0.096814,0.216660,0.187797,0.151420,0.015915,0.395221,-0.156902,0.015912,0.140231,0.153234,0.043188,-0.110086,-0.137416,0.015915
0.213352,0.000496,0.194794,0.405815,0.097727,0.171440,0.397752,-0.111318,0.171654,0.028952,0.112310,0.217934,0.020889,-0.096735,0.218148,0.188430,0.151436,0.015891,0.395420,-0.156871,0.015903,0.147315,0.153037,0.031022,-0.110080,-0.137374,0.015901
0.220406,0.000748,0.188995,0.412308,0.097942,0.161283,0.404275,-0.111103,0.162109,0.036536,0.112598,0.215880,0.028503,-0.096446,0.216707,0.189047,0.151431,0.015914,0.395582,-0.156830,0.015891,0.151327,0.152891,0.018740,-0.106396,-0.137540,0.015829
0.226650,0.001053,0.180882,0.418116,0.098148,0.149986,0.410078,-0.110892,0.151491,0.043223,0.112998,0.210274,0.035185,-0.096042,0.211779,0.191066,0.151398,0.015915,0.395741,-0.156802,0.015895,0.151983,0.152901,0.015890,-0.095372,-0.137895,0.018980
0.232471,0.001076,0.171398,0.423822,0.098074,0.139498,0.415732,-0.110962,0.141328,0.049211,0.113113,0.201469,0.041121,-0.095922,0.203298,0.203716,0.150997,0.016061,0.395981,-0.156780,0.015938,0.152667,0.152971,0.015898,-0.076096,-0.138365,0.032673
0.238487,0.001015,0.161328,0.430189,0.097983,0.131519,0.422115,-0.111050,0.133693,0.054860,0.113079,0.188963,0.046785,-0.095954,0.191137,0.220331,0.150429,0.021247,0.396502,-0.156772,0.015850,0.153400,0.152959,0.015876,-0.047409,-0.139339,0.043276
0.244911,0.000687,0.151188,0.437353,0.097695,0.126759,0.429300,-0.111338,0.128999,0.060522,0.112711,0.173378,0.052470,-0.096322,0.175618,0.240862,0.149718,0.030435,0.397226,-0.156800,0.015940,0.154077,0.152906,0.015929,-0.013824,-0.140623,0.047879
0.251877,0.000122,0.141505,0.445198,0.097208,0.125931,0.437135,-0.111828,0.127808,0.066618,0.112072,0.155202,0.058556,-0.096964,0.157079,0.265044,0.148870,0.040035,0.398091,-0.156812,0.016022,0.154726,0.152908,0.015877,0.018992,-0.141887,0.049853
0.259441,-0.000595,0.132861,0.453295,0.096611,0.129279,0.445261,-0.112430,0.130621,0.073622,0.111240,0.135101,0.065588,-0.097801,0.136442,0.292628,0.147741,0.046755,0.399025,-0.156873,0.016044,0.155277,0.152821,0.015782,0.047496,-0.143133,0.051893
0.267677,-0.001381,0.126049,0.461235,0.095890,0.136768,0.453198,-0.113154,0.137447,0.082157,0.110393,0.114651,0.074119,-0.098652,0.115331,0.321909,0.146448,0.049827,0.399960,-0.156987,0.015950,0.155825,0.152722,0.015698,0.070007,-0.144180,0.053097
0.276295,-0.001953,0.122020,0.468366,0.095354,0.148117,0.460314,-0.113691,0.148337,0.092275,0.109785,0.095703,0.084223,-0.099260,0.095922,0.351501,0.145236,0.050463,0.400788,-0.157021,0.015830,0.156394,0.152715,0.015639,0.086991,-0.144896,0.052201
0.284733,-0.002357,0.121602,0.474105,0.095035,0.162761,0.466044,-0.114009,0.162849,0.103422,0.109294,0.080355,0.095361,-0.099750,0.080443,0.380953,0.144064,0.051094,0.401527,-0.157067,0.015775,0.157115,0.152680,0.015741,0.100537,-0.145447,0.049101
0.292343,-0.002609,0.124931,0.478191,0.094948,0.179561,0.470128,-0.114096,0.179745,0.114559,0.108878,0.070117,0.106496,-0.100167,0.070302,0.408692,0.143001,0.053201,0.402198,-0.157104,0.015844,0.158162,0.152632,0.015856,0.112414,-0.145901,0.044985
0.298759,-0.002777,0.131373,0.480873,0.094964,0.197117,0.472809,-0.114080,0.197400,0.124710,0.108526,0.065347,0.116646,-0.100519,0.065629,0.432237,0.142131,0.054146,0.402852,-0.157111,0.015836,0.159600,0.152597,0.016056,0.123530,-0.146302,0.040250
0.304127,-0.002968,0.139684,0.482969,0.094923,0.213672,0.474909,-0.114122,0.213978,0.133345,0.108186,0.065391,0.125285,-0.100858,0.065697,0.449902,0.141442,0.050042,0.403535,-0.157144,0.015875,0.161315,0.152519,0.015950,0.134407,-0.146741,0.033140
0.309109,-0.003403,0.148409,0.485722,0.094449,0.227617,0.477675,-0.114596,0.227545,0.140542,0.107791,0.069273,0.132496,-0.101255,0.069201,0.460780,0.140957,0.041072,0.404212,-0.157179,0.015915,0.163045,0.152426,0.016011,0.145428,-0.147219,0.020626
0.313995,-0.003777,0.156596,0.490475,0.093729,0.236527,0.481959,-0.115298,0.236548,0.146032,0.107745,0.076644,0.137516,-0.101282,0.076665,0.462560,0.140332,0.027325,0.404694,-0.157660,0.015876,0.164375,0.152479,0.015782,0.147493,-0.147182,0.016029
0.319813,-0.003357,0.163590,0.497126,0.094414,0.241321,0.488559,-0.114609,0.242259,0.151066,0.107895,0.084921,0.142500,-0.101128,0.085859,0.457870,0.140499,0.015830,0.407070,-0.157771,0.016396,0.165220,0.152494,0.016042,0.148325,-0.147169,0.015902
0.325661,-0.003029,0.170793,0.503288,0.094964,0.247521,0.494716,-0.114055,0.249117,0.156605,0.107997,0.092468,0.148034,-0.101021,0.094064,0.458620,0.140516,0.015886,0.419405,-0.158201,0.020557,0.161742,0.152857,0.037583,0.149051,-0.147150,0.015893
0.331211,-0.002998,0.178851,0.508736,0.095085,0.255700,0.500165,-0.113931,0.257526,0.162258,0.107935,0.100175,0.153687,-0.101082,0.102001,0.459459,0.140501,0.015898,0.438827,-0.158930,0.025810,0.162798,0.153167,0.073269,0.149604,-0.147157,0.015873
0.336777,-0.002998,0.187670,0.514246,0.095160,0.264552,0.505688,-0.113856,0.266541,0.167865,0.107859,0.108799,0.159307,-0.101156,0.110789,0.460356,0.140489,0.015854,0.464751,-0.159910,0.031161,0.169726,0.153269,0.108378,0.149937,-0.147167,0.015811
0.342628,-0.003159,0.196906,0.520331,0.094975,0.273278,0.511766,-0.114040,0.275258,0.173491,0.107723,0.118554,0.164926,-0.101292,0.120534,0.461302,0.140446,0.015927,0.495651,-0.161137,0.035933,0.175353,0.153133,0.118127,0.150103,-0.147167,0.015828
0.348804,-0.003281,0.205579,0.526998,0.094841,0.280814,0.518437,-0.114173,0.282837,0.179172,0.107612,0.128322,0.170611,-0.101403,0.130345,0.462293,0.140418,0.015947,0.529444,-0.162453,0.041247,0.181032,0.153022,0.127881,0.150164,-0.147164,0.015819
0.355366,-0.003387,0.213208,0.534495,0.094702,0.286230,0.525923,-0.114311,0.288358,0.184809,0.107536,0.138059,0.176236,-0.101477,0.140186,0.463227,0.140364,0.015899,0.563557,-0.163804,0.046809,0.186671,0.152946,0.137598,0.150092,-0.147161,0.015828
0.362438,-0.003479,0.219509,0.542944,0.094572,0.289114,0.534378,-0.114440,0.291382,0.190499,0.107482,0.147637,0.181933,-0.101530,0.149904,0.464099,0.140330,0.015792,0.596227,-0.165059,0.052294,0.192359,0.152891,0.147151,0.149948,-0.147165,0.015834
0.370140,-0.003494,0.224252,0.552434,0.094502,0.289111,0.543870,-0.114508,0.291593,0.196410,0.107520,0.156910,0.187846,-0.101490,0.159393,0.464820,0.140337,0.015858,0.625390,-0.166130,0.056695,0.198270,0.152928,0.156375,0.149771,-0.147126,0.015857
0.378506,-0.003426,0.227219,0.562906,0.094511,0.285921,0.554340,-0.114494,0.288760,0.202671,0.107643,0.165679,0.194105,-0.101363,0.168517,0.465418,0.140332,0.015896,0.648677,-0.166987,0.057966,0.204532,0.153051,0.165069,0.149582,-0.147103,0.015866
0.387428,-0.003311,0.228172,0.574119,0.094517,0.279332,0.565531,-0.114481,0.282595,0.209326,0.107859,0.173749,0.200737,-0.101140,0.177012,0.465845,0.140347,0.015927,0.664591,-0.167617,0.053881,0.211428,0.153211,0.170205,0.149383,-0.147039,0.015878
0.396797,-0.003288,0.226962,0.585770,0.094397,0.269246,0.577189,-0.114595,0.272907,0.216406,0.108018,0.181017,0.207824,-0.100973,0.184677,0.466188,0.140366,0.015948,0.672598,-0.168026,0.043498,0.219809,0.153157,0.168611,0.149246,-0.147020,0.015883
0.406448,-0.003487,0.223703,0.597481,0.093984,0.256062,0.588907,-0.115004,0.259948,0.223989,0.108031,0.187458,0.215416,-0.100957,0.191344,0.466468,0.140391,0.015952,0.672102,-0.168266,0.025816,0.231261,0.152730,0.160644,0.149137,-0.146996,0.015884
0.416096,-0.003883,0.219227,0.608636,0.093365,0.241861,0.600076,-0.115623,0.245810,0.232115,0.107856,0.192643,0.223556,-0.101132,0.196593,0.466868,0.140398,0.015957,0.670309,-0.168342,0.015793,0.247905,0.151850,0.147368,0.149135,-0.146995,0.015877
0.424881,-0.004021,0.215651,0.618212,0.093085,0.230976,0.609658,-0.115897,0.235206,0.240104,0.107856,0.196096,0.231550,-0.101127,0.200325,0.467277,0.140408,0.015940,0.669826,-0.168297,0.015835,0.270686,0.150767,0.130193,0.149180,-0.146986,0.015872
0.433117,-0.004189,0.212658,0.626906,0.092774,0.221896,0.618338,-0.116204,0.226328,0.247896,0.107827,0.198989,0.239328,-0.101151,0.203420,0.467774,0.140429,0.015952,0.669532,-0.168264,0.015865,0.297239,0.149509,0.114444,0.149227,-0.146933,0.015861
0.441078,-0.004463,0.209949,0.635111,0.092378,0.213717,0.626545,-0.116597,0.218272,0.255612,0.107671,0.201626,0.247045,-0.101304,0.206180,0.468324,0.140404,0.015949,0.669370,-0.168263,0.015869,0.324697,0.148156,0.101495,0.149273,-0.146943,0.015861
0.448925,-0.004799,0.207529,0.643047,0.091928,0.206162,0.634482,-0.117046,0.210747,0.263368,0.107448,0.204311,0.254803,-0.101526,0.208895,0.468878,0.140392,0.015923,0.669292,-0.168247,0.015870,0.350433,0.146884,0.090573,0.149283,-0.146935,0.015858
0.456757,-0.005112,0.205462,0.650832,0.091498,0.198966,0.642262,-0.117474,0.203602,0.271251,0.107251,0.207323,0.262681,-0.101722,0.211959,0.469493,0.140372,0.015842,0.669292,-0.168247,0.015866,0.373008,0.145754,0.080043,0.149217,-0.146918,0.015858
0.464684,-0.005424,0.203643,0.658564,0.091080,0.191881,0.650001,-0.117892,0.196581,0.279366,0.107043,0.210705,0.270803,-0.101929,0.215405,0.470123,0.140340,0.015745,0.669357,-0.168249,0.015860,0.392041,0.144729,0.068616,0.149078,-0.146929,0.015851
0.472710,-0.005760,0.201804,0.666253,0.090635,0.184773,0.657687,-0.118336,0.189504,0.287732,0.106816,0.214105,0.279166,-0.102155,0.218836,0.470783,0.140323,0.015796,0.669507,-0.168251,0.015857,0.407390,0.143834,0.056103,0.148917,-0.146911,0.015854
0.480709,-0.006035,0.199417,0.673775,0.090252,0.177162,0.665212,-0.118716,0.182014,0.296206,0.106646,0.216820,0.287643,-0.102322,0.221672,0.471449,0.140299,0.015848,0.669674,-0.168257,0.015846,0.418822,0.143097,0.043479,0.148746,-0.146909,0.015849
0.488445,-0.006256,0.195773,0.680961,0.089918,0.168767,0.672394,-0.119046,0.173809,0.304497,0.106534,0.217737,0.295929,-0.102430,0.222779,0.472104,0.140294,0.015918,0.669850,-0.168255,0.015838,0.426770,0.142524,0.031318,0.148736,-0.146887,0.015930
0.495544,-0.006348,0.190133,0.687510,0.089746,0.159207,0.678991,-0.119210,0.164625,0.312098,0.106515,0.215641,0.303579,-0.102441,0.221059,0.472748,0.140291,0.015972,0.670024,-0.168206,0.015830,0.430809,0.142087,0.019291,0.152762,-0.147119,0.015765
0.501736,-0.006310,0.182076,0.693287,0.089582,0.148104,0.684705,-0.119357,0.154082,0.318766,0.106738,0.210070,0.310184,-0.102201,0.216048,0.475419,0.140255,0.015897,0.670155,-0.168221,0.015830,0.431488,0.142057,0.015831,0.165749,-0.147488,0.016395
0.507374,-0.006432,0.172655,0.698742,0.089515,0.137821,0.690338,-0.119413,0.144364,0.324410,0.106550,0.200947,0.316005,-0.102379,0.207490,0.482460,0.139907,0.015930,0.670400,-0.168146,0.015836,0.432236,0.141927,0.015927,0.186802,-0.148313,0.027965
0.513172,-0.006569,0.162321,0.704943,0.089380,0.129782,0.696569,-0.119531,0.136896,0.329776,0.106393,0.187746,0.321401,-0.102518,0.194860,0.499005,0.139346,0.018107,0.670874,-0.168135,0.015855,0.432903,0.141924,0.015999,0.217424,-0.149177,0.038791
0.519424,-0.007141,0.151552,0.711956,0.088966,0.124418,0.703598,-0.119943,0.131624,0.335251,0.105661,0.171479,0.326893,-0.103248,0.178686,0.518690,0.138813,0.025914,0.671558,-0.168164,0.015976,0.433549,0.141877,0.015992,0.253561,-0.150440,0.044988
0.526207,-0.008057,0.141023,0.719642,0.088314,0.122670,0.711247,-0.120607,0.129458,0.341167,0.104494,0.152587,0.332772,-0.104428,0.159375,0.540946,0.138168,0.035359,0.672375,-0.168239,0.016080,0.434104,0.141831,0.015967,0.288922,-0.151808,0.047615
0.533619,-0.009117,0.131531,0.727638,0.087619,0.125198,0.719227,-0.121325,0.131216,0.348011,0.103091,0.131846,0.339600,-0.105853,0.137863,0.567073,0.137211,0.042672,0.673281,-0.168298,0.016075,0.434559,0.141775,0.015929,0.319471,-0.153079,0.050003
0.541733,-0.010239,0.124036,0.735516,0.086838,0.132119,0.727066,-0.122130,0.137190,0.356400,0.101653,0.110882,0.347949,-0.107315,0.115953,0.595278,0.135938,0.046789,0.674192,-0.168434,0.015995,0.434949,0.141671,0.015882,0.343145,-0.154182,0.051621
0.550343,-0.011124,0.119574,0.742689,0.086244,0.143311,0.734189,-0.122740,0.147567,0.366497,0.100493,0.091581,0.357996,-0.108491,0.095837,0.623700,0.134647,0.048353,0.675014,-0.168512,0.015861,0.435327,0.141646,0.015788,0.360572,-0.154999,0.051345
0.558876,-0.011826,0.119051,0.748520,0.085831,0.158286,0.739992,-0.123162,0.161973,0.377760,0.099511,0.076130,0.369232,-0.109482,0.079817,0.651967,0.133346,0.049480,0.675759,-0.168615,0.015819,0.435865,0.141569,0.015706,0.374156,-0.155724,0.048895
0.566689,-0.012253,0.122557,0.752674,0.085749,0.175906,0.744167,-0.123250,0.179322,0.389211,0.098745,0.065792,0.380703,-0.110254,0.069207,0.678880,0.132217,0.051697,0.676438,-0.168659,0.015788,0.436763,0.141484,0.015694,0.386137,-0.156363,0.045124
0.573284,-0.012489,0.129328,0.755250,0.085878,0.194545,0.746799,-0.123125,0.197836,0.399769,0.098147,0.060819,0.391318,-0.110857,0.064110,0.702043,0.131291,0.052851,0.677128,-0.168667,0.015804,0.438159,0.141380,0.015924,0.397703,-0.156988,0.039985
0.578587,-0.012642,0.138044,0.756922,0.086000,0.212256,0.748500,-0.123007,0.215440,0.408673,0.097723,0.060647,0.400251,-0.111283,0.063832,0.719601,0.130513,0.049286,0.677801,-0.168691,0.015848,0.439903,0.141278,0.016112,0.408836,-0.157596,0.032678
0.583179,-0.012970,0.147191,0.758949,0.085715,0.227237,0.750546,-0.123298,0.230001,0.415813,0.097358,0.064381,0.407410,-0.111655,0.067145,0.730621,0.129880,0.040873,0.678499,-0.168724,0.015883,0.441685,0.141169,0.016052,0.419680,-0.158260,0.020246
0.587837,-0.013367,0.155800,0.762836,0.085146,0.237727,0.754352,-0.123869,0.240080,0.421322,0.097136,0.071520,0.412839,-0.111879,0.073873,0.733606,0.129468,0.028605,0.679172,-0.168832,0.015853,0.443235,0.141111,0.015918,0.422585,-0.158416,0.015986
0.593410,-0.013092,0.163307,0.769182,0.085432,0.243548,0.760367,-0.123557,0.246758,0.426454,0.097373,0.079856,0.417639,-0.111616,0.083066,0.728612,0.129142,0.015810,0.685401,-0.169421,0.016912,0.444465,0.141126,0.015802,0.423410,-0.158388,0.015836
0.599167,-0.012886,0.170656,0.775331,0.085766,0.249872,0.766514,-0.123217,0.253501,0.431820,0.097445,0.087811,0.423003,-0.111538,0.091441,0.729377,0.129138,0.015832,0.701845,-0.170016,0.021395,0.440166,0.141685,0.035719,0.424127,-0.158395,0.015891
0.604794,-0.012825,0.178678,0.781102,0.085895,0.257487,0.772296,-0.123085,0.261302,0.437291,0.097435,0.096053,0.428485,-0.111545,0.099868,0.730220,0.129126,0.015864,0.721853,-0.170737,0.026851,0.439329,0.142373,0.070114,0.424661,-0.158416,0.015838
0.610485,-0.012756,0.187466,0.787003,0.086011,0.265743,0.778207,-0.122966,0.269711,0.442763,0.097453,0.105221,0.433967,-0.111524,0.109188,0.731112,0.129117,0.015816,0.747131,-0.171661,0.032459,0.444674,0.142855,0.104364,0.424978,-0.158418,0.015784
0.616482,-0.012840,0.196723,0.793474,0.085883,0.273981,0.784660,-0.123093,0.277972,0.448303,0.097413,0.115473,0.439490,-0.111563,0.119464,0.732038,0.129045,0.015959,0.776882,-0.172856,0.037522,0.450218,0.142814,0.114608,0.425103,-0.158435,0.015807
0.622787,-0.012955,0.205437,0.800489,0.085704,0.281133,0.791661,-0.123272,0.285143,0.453914,0.097362,0.125732,0.445086,-0.111613,0.129742,0.733002,0.128965,0.015959,0.809269,-0.174160,0.043078,0.455832,0.142763,0.124865,0.425109,-0.158455,0.015803
0.629475,-0.013069,0.213098,0.808252,0.085503,0.286333,0.799436,-0.123473,0.290334,0.459513,0.097334,0.135863,0.450697,-0.111642,0.139864,0.733959,0.128958,0.015897,0.841849,-0.175390,0.048603,0.461429,0.142736,0.134994,0.425043,-0.158433,0.015817
0.636669,-0.013138,0.219360,0.816980,0.085335,0.288874,0.808157,-0.123638,0.292998,0.465181,0.097362,0.145722,0.456358,-0.111611,0.149846,0.734834,0.128913,0.015788,0.873356,-0.176608,0.053938,0.467097,0.142763,0.144832,0.424888,-0.158426,0.015820
0.644478,-0.013100,0.223979,0.826724,0.085270,0.288406,0.817891,-0.123697,0.292808,0.471065,0.097497,0.155151,0.462231,-0.111470,0.159553,0.735560,0.128883,0.015852,0.901563,-0.177679,0.058095,0.472983,0.142897,0.154203,0.424702,-0.158411,0.015841
0.652912,-0.013023,0.226751,0.837357,0.085215,0.284805,0.828525,-0.123745,0.289537,0.477299,0.097698,0.163965,0.468467,-0.111262,0.168696,0.736164,0.128906,0.015902,0.923899,-0.178502,0.058841,0.479217,0.143096,0.162951,0.424529,-0.158368,0.015852
0.661869,-0.012924,0.227468,0.848665,0.085137,0.277792,0.839818,-0.123812,0.282959,0.483920,0.097963,0.171978,0.475073,-0.110986,0.177145,0.736582,0.128911,0.015927,0.938896,-0.179170,0.054102,0.486232,0.143252,0.167192,0.424338,-0.158331,0.015857
0.671242,-0.012947,0.226038,0.860359,0.084870,0.267360,0.851509,-0.124069,0.272910,0.490975,0.098174,0.179166,0.482124,-0.110765,0.184716,0.736920,0.128928,0.015936,0.946059,-0.179684,0.043121,0.495033,0.143124,0.164663,0.424209,-0.158303,0.015862
0.680923,-0.013275,0.222637,0.872104,0.084228,0.254011,0.863266,-0.124707,0.259719,0.498581,0.098157,0.185555,0.489743,-0.110778,0.191263,0.737209,0.128937,0.015950,0.944815,-0.180082,0.024831,0.507364,0.142483,0.155888,0.424141,-0.158303,0.015858
0.690613,-0.013954,0.217906,0.883342,0.083212,0.239243,0.874527,-0.125728,0.244797,0.506698,0.097820,0.191015,0.497883,-0.111120,0.196570,0.737627,0.128930,0.015963,0.942673,-0.180201,0.015672,0.525168,0.141252,0.142293,0.424138,-0.158320,0.015858
0.699421,-0.014420,0.214182,0.892951,0.082502,0.228095,0.884120,-0.126437,0.233666,0.514722,0.097598,0.194698,0.505891,-0.111341,0.200269,0.738100,0.128898,0.015965,0.942148,-0.180204,0.015847,0.549416,0.139790,0.125360,0.424198,-0.158312,0.015849
0.707592,-0.014870,0.211264,0.901541,0.081880,0.219297,0.892714,-0.127061,0.224837,0.522470,0.097321,0.197691,0.513643,-0.111619,0.203231,0.738634,0.128878,0.015969,0.941887,-0.180186,0.015841,0.577051,0.138204,0.110288,0.424275,-0.158318,0.015848
0.715488,-0.015297,0.208658,0.909659,0.081302,0.211368,0.900834,-0.127639,0.216859,0.530143,0.097045,0.200458,0.521317,-0.111896,0.205948,0.739199,0.128873,0.015939,0.941726,-0.180155,0.015855,0.604438,0.136729,0.098295,0.424326,-0.158301,0.015850
0.723286,-0.015671,0.206344,0.917532,0.080785,0.203943,0.908700,-0.128156,0.209465,0.537871,0.096814,0.203223,0.529039,-0.112126,0.208745,0.739777,0.128835,0.015885,0.941677,-0.180173,0.015852,0.629399,0.135404,0.087889,0.424332,-0.158304,0.015844
0.731121,-0.016029,0.204372,0.925303,0.080298,0.196908,0.916474,-0.128643,0.202434,0.545768,0.096584,0.206311,0.536939,-0.112357,0.211837,0.740398,0.128828,0.015805,0.941702,-0.180150,0.015832,0.650958,0.134233,0.077268,0.424277,-0.158286,0.015838
0.739033,-0.016373,0.202620,0.933011,0.079823,0.189968,0.924181,-0.129117,0.195538,0.553885,0.096371,0.209703,0.545055,-0.112568,0.215273,0.741045,0.128797,0.015758,0.941790,-0.180159,0.015823,0.668862,0.133173,0.065466,0.424147,-0.158282,0.015844
0.747009,-0.016640,0.200739,0.940641,0.079422,0.182847,0.931811,-0.129514,0.188532,0.562208,0.096234,0.212946,0.553378,-0.112702,0.218631,0.741703,0.128792,0.015818,0.941942,-0.180149,0.015828,0.683128,0.132268,0.052592,0.423985,-0.158259,0.015841
0.754944,-0.016884,0.198152,0.948108,0.079038,0.175182,0.939274,-0.129893,0.181052,0.570613,0.096125,0.215253,0.561779,-0.112806,0.221122,0.742362,0.128771,0.015894,0.942109,-0.180163,0.015829,0.693584,0.131502,0.039709,0.423848,-0.158250,0.015839
