0.000656,-0.000844,0.350363,0.190220,0.104411,0.345038,0.190841,-0.104765,0.341912,-0.189528,0.103077,0.358814,-0.188907,-0.106099,0.355689,0.177829,0.152241,0.183601,0.198800,-0.147558,0.165271,-0.208876,0.150925,0.194804,-0.179428,-0.149089,0.192570
0.001560,-0.001213,0.342988,0.191786,0.102716,0.335629,0.190867,-0.106442,0.331553,-0.187747,0.104017,0.354423,-0.188665,-0.105142,0.350347,0.157087,0.151571,0.169210,0.193693,-0.148749,0.169159,-0.218235,0.153004,0.180263,-0.174471,-0.147163,0.170751
0.002914,-0.001520,0.331860,0.193623,0.101376,0.322693,0.191525,-0.107772,0.318536,-0.185696,0.104733,0.345185,-0.187794,-0.104415,0.341028,0.134406,0.150816,0.152371,0.185612,-0.150102,0.163956,-0.231749,0.154206,0.166574,-0.183717,-0.146163,0.152120
0.003387,-0.001685,0.317129,0.194091,0.101024,0.305982,0.191828,-0.108144,0.303064,-0.185053,0.104774,0.331194,-0.187316,-0.104393,0.328276,0.117872,0.149801,0.127092,0.183179,-0.151452,0.155764,-0.234259,0.153173,0.158505,-0.193817,-0.146929,0.123920
0.002190,-0.001793,0.298507,0.192614,0.101181,0.285239,0.190720,-0.108005,0.283798,-0.186341,0.104420,0.313216,-0.188235,-0.104767,0.311775,0.127764,0.148450,0.106891,0.180490,-0.152290,0.127671,-0.220253,0.151416,0.133833,-0.194286,-0.148702,0.099417
0.000309,-0.002100,0.275745,0.190872,0.100436,0.261136,0.188450,-0.108742,0.259271,-0.187832,0.104542,0.292220,-0.190254,-0.104635,0.290355,0.150772,0.147835,0.095142,0.176747,-0.152521,0.086489,-0.203435,0.151962,0.092073,-0.183529,-0.148326,0.083707
-0.000748,-0.002618,0.249515,0.190340,0.098910,0.234731,0.186623,-0.110217,0.230650,-0.188119,0.104980,0.268379,-0.191835,-0.104147,0.264298,0.157614,0.148264,0.065317,0.169671,-0.151787,0.046457,-0.200977,0.154858,0.053992,-0.164484,-0.145951,0.051773
-0.001316,-0.002990,0.219737,0.190119,0.097887,0.204976,0.185556,-0.111190,0.199426,-0.188189,0.105211,0.240049,-0.192751,-0.103866,0.234499,0.154888,0.148959,0.023144,0.162781,-0.151293,0.015728,-0.200318,0.156917,0.015360,-0.152824,-0.144395,0.015308
-0.001003,-0.002719,0.195381,0.190452,0.098087,0.180403,0.185778,-0.110980,0.174564,-0.187785,0.105542,0.216198,-0.192458,-0.103524,0.210358,0.154292,0.148969,0.015867,0.161762,-0.151488,0.015823,-0.198733,0.156865,0.015730,-0.151520,-0.144485,0.015820
0.003658,-0.002718,0.183020,0.195090,0.098135,0.168058,0.190443,-0.110924,0.161943,-0.183126,0.105487,0.204097,-0.187773,-0.103572,0.197982,0.154365,0.148971,0.015906,0.161802,-0.151496,0.015889,-0.197645,0.156801,0.015703,-0.150634,-0.144550,0.015825
0.012890,-0.002460,0.178158,0.204433,0.098292,0.163958,0.199731,-0.110776,0.158174,-0.173951,0.105856,0.198142,-0.178653,-0.103212,0.192357,0.155167,0.148975,0.015891,0.162622,-0.151481,0.015819,-0.196650,0.156892,0.015751,-0.149753,-0.144460,0.015972
0.024582,-0.001573,0.177081,0.216261,0.099080,0.164070,0.211598,-0.110020,0.159604,-0.162434,0.106873,0.194557,-0.167097,-0.102227,0.190091,0.156362,0.149055,0.015780,0.177294,-0.151705,0.018143,-0.204638,0.157020,0.019731,-0.148744,-0.144386,0.015848
0.036823,0.000097,0.177839,0.228610,0.100643,0.165613,0.224019,-0.108496,0.163464,-0.150372,0.108689,0.192213,-0.154963,-0.100449,0.190064,0.157601,0.149203,0.015896,0.205998,-0.152198,0.030616,-0.209499,0.156975,0.043798,-0.147707,-0.144282,0.015823
0.049290,0.001988,0.180991,0.241124,0.102414,0.168521,0.236571,-0.106736,0.168906,-0.137991,0.110712,0.193076,-0.142544,-0.098438,0.193461,0.158837,0.149386,0.015880,0.230884,-0.152303,0.044030,-0.198342,0.157263,0.071112,-0.146892,-0.144131,0.015864
0.062263,0.003262,0.186258,0.254110,0.103587,0.173192,0.249563,-0.105552,0.175322,-0.125036,0.112076,0.197195,-0.129583,-0.097063,0.199325,0.160085,0.149493,0.015835,0.247731,-0.152216,0.053509,-0.179105,0.157599,0.087564,-0.146258,-0.144032,0.015863
0.075859,0.003265,0.192555,0.267702,0.103602,0.179524,0.263183,-0.105535,0.181903,-0.111465,0.112066,0.203207,-0.115984,-0.097072,0.205585,0.161341,0.149504,0.015948,0.257486,-0.152242,0.061772,-0.157955,0.157265,0.091637,-0.145727,-0.144050,0.015867
0.089745,0.002222,0.198589,0.281577,0.102617,0.185852,0.277064,-0.106529,0.187359,-0.097574,0.110972,0.209818,-0.102088,-0.098174,0.211326,0.162615,0.149422,0.015902,0.262403,-0.152552,0.065568,-0.134422,0.156330,0.085020,-0.145242,-0.144113,0.015796
0.103107,0.000916,0.202343,0.294694,0.101714,0.189090,0.290539,-0.107445,0.189368,-0.084324,0.109278,0.215317,-0.088479,-0.099881,0.215596,0.177924,0.149263,0.017206,0.264195,-0.152555,0.058199,-0.105243,0.154956,0.067610,-0.144203,-0.144499,0.015752
0.115547,-0.000572,0.202623,0.306601,0.101213,0.189227,0.303415,-0.107959,0.187968,-0.072321,0.106815,0.217279,-0.075506,-0.102357,0.216020,0.219598,0.148997,0.022575,0.263595,-0.151915,0.039578,-0.067459,0.153214,0.048187,-0.145189,-0.145624,0.028598
0.127544,-0.002128,0.199225,0.317987,0.100934,0.186939,0.316060,-0.108230,0.183559,-0.060971,0.103974,0.214891,-0.062898,-0.105190,0.211511,0.275432,0.149321,0.029930,0.261074,-0.150464,0.015457,-0.025016,0.152008,0.034955,-0.145147,-0.147278,0.049894
0.139130,-0.003308,0.192967,0.329369,0.100297,0.182196,0.328004,-0.108854,0.177878,-0.049745,0.102238,0.208055,-0.051110,-0.106913,0.203737,0.322130,0.148783,0.037956,0.262059,-0.150540,0.015884,0.010303,0.151139,0.022424,-0.136511,-0.148977,0.066212
0.150471,-0.003418,0.186287,0.340794,0.100237,0.177709,0.339529,-0.108912,0.173272,-0.038587,0.102076,0.199301,-0.039853,-0.107074,0.194865,0.354405,0.148450,0.044070,0.263097,-0.150572,0.015875,0.019577,0.151078,0.015727,-0.120101,-0.149357,0.067940
0.161724,-0.003388,0.181808,0.352157,0.100198,0.175013,0.350858,-0.108950,0.170572,-0.027410,0.102174,0.193043,-0.028709,-0.106975,0.188603,0.377141,0.148250,0.045669,0.264141,-0.150590,0.015970,0.020751,0.151098,0.015841,-0.100902,-0.149482,0.070609
0.173191,-0.003116,0.180461,0.363692,0.100398,0.174517,0.362348,-0.108758,0.170441,-0.015966,0.102526,0.190480,-0.017310,-0.106630,0.186404,0.395667,0.148146,0.046563,0.265192,-0.150581,0.015896,0.021815,0.151144,0.015947,-0.082826,-0.149454,0.072752
0.184891,-0.002227,0.181480,0.375445,0.101194,0.175620,0.374047,-0.107981,0.172687,-0.004265,0.103527,0.190273,-0.005663,-0.105648,0.187340,0.411446,0.148225,0.046072,0.266253,-0.150516,0.015781,0.022800,0.151245,0.015971,-0.064780,-0.149134,0.075044
0.196808,-0.000350,0.183814,0.387432,0.102916,0.177512,0.385942,-0.106278,0.176846,0.007673,0.105578,0.190782,0.006183,-0.103616,0.190115,0.424155,0.148536,0.042536,0.267337,-0.150372,0.015915,0.023808,0.151472,0.015877,-0.044630,-0.148340,0.075602
0.208958,0.002585,0.186571,0.399733,0.105499,0.179173,0.397978,-0.103675,0.181967,0.019937,0.108845,0.191174,0.018183,-0.100329,0.193968,0.431633,0.148737,0.033207,0.268302,-0.150263,0.015798,0.024837,0.151918,0.015915,-0.020164,-0.147099,0.071518
0.221100,0.005917,0.188467,0.412193,0.107981,0.178097,0.409717,-0.101095,0.184868,0.032482,0.112930,0.192067,0.030006,-0.096146,0.198837,0.429012,0.148002,0.015793,0.275269,-0.150457,0.015750,0.024931,0.152793,0.015951,0.012218,-0.146041,0.055891
0.232998,0.008708,0.189578,0.424410,0.109925,0.177018,0.421200,-0.099044,0.186319,0.044796,0.116460,0.192837,0.041586,-0.092508,0.202138,0.429942,0.148166,0.015819,0.338065,-0.150870,0.015478,0.023183,0.154415,0.015840,0.054898,-0.145572,0.036792
0.245174,0.010069,0.189063,0.436684,0.110992,0.175659,0.433265,-0.097897,0.186535,0.057084,0.118034,0.191591,0.053665,-0.090855,0.202467,0.430914,0.148278,0.015744,0.402276,-0.151458,0.022304,0.023677,0.154943,0.015738,0.102573,-0.146243,0.028268
0.257668,0.009919,0.186333,0.449177,0.110827,0.172819,0.445759,-0.098049,0.183939,0.069576,0.117887,0.188727,0.066158,-0.090989,0.199848,0.431913,0.148274,0.015858,0.453060,-0.151720,0.033092,0.024727,0.154934,0.015783,0.148047,-0.147181,0.024588
0.270199,0.008525,0.181826,0.461726,0.109557,0.169537,0.458330,-0.099376,0.179536,0.082068,0.116427,0.184115,0.078672,-0.092507,0.194115,0.432948,0.148180,0.015915,0.488025,-0.151829,0.044532,0.026763,0.154776,0.015762,0.174779,-0.148092,0.016202
0.282166,0.007546,0.177730,0.473677,0.108726,0.166461,0.470366,-0.100240,0.175783,0.093965,0.115332,0.179676,0.090654,-0.093634,0.188998,0.434021,0.148144,0.016031,0.509738,-0.151688,0.056474,0.036091,0.154838,0.024744,0.175942,-0.148206,0.015962
0.293873,0.007462,0.176063,0.485418,0.108642,0.165371,0.482085,-0.100314,0.174890,0.105660,0.115239,0.177236,0.102328,-0.093718,0.186755,0.435190,0.148140,0.015964,0.524728,-0.151625,0.062317,0.049683,0.155098,0.033731,0.177056,-0.148200,0.015795
0.305569,0.007719,0.176549,0.497154,0.108905,0.166673,0.493801,-0.100029,0.176678,0.117336,0.115466,0.176421,0.113983,-0.093467,0.186426,0.436400,0.148166,0.015856,0.537801,-0.151647,0.063814,0.063804,0.155318,0.040358,0.178120,-0.148181,0.015661
0.317295,0.007970,0.178487,0.508911,0.109200,0.169706,0.505557,-0.099714,0.180115,0.129033,0.115654,0.176860,0.125679,-0.093260,0.187268,0.437600,0.148183,0.015678,0.549030,-0.151703,0.064125,0.077871,0.155480,0.046237,0.179156,-0.148178,0.015714
0.329006,0.008099,0.181439,0.520641,0.109389,0.173836,0.517291,-0.099515,0.184453,0.140721,0.115713,0.178424,0.137372,-0.093191,0.189042,0.438768,0.148182,0.015776,0.557674,-0.151761,0.064746,0.091990,0.155626,0.052836,0.180133,-0.148194,0.015826
0.340862,0.007988,0.185237,0.532500,0.109351,0.178766,0.529167,-0.099559,0.189269,0.152558,0.115535,0.181204,0.149225,-0.093375,0.191707,0.439912,0.148155,0.015938,0.563549,-0.151795,0.066459,0.106621,0.155728,0.060811,0.181058,-0.148236,0.015871
0.353039,0.007546,0.189957,0.544665,0.108989,0.184487,0.541363,-0.099948,0.194458,0.164715,0.115040,0.185457,0.161412,-0.093896,0.195428,0.441053,0.148094,0.016014,0.566688,-0.151847,0.068887,0.122313,0.155669,0.069173,0.181902,-0.148296,0.015860
0.365753,0.006696,0.195616,0.557336,0.108262,0.190969,0.554125,-0.100722,0.199928,0.177381,0.114114,0.191304,0.174170,-0.094869,0.200262,0.442240,0.148026,0.015991,0.567136,-0.151909,0.071869,0.140047,0.155226,0.075616,0.182667,-0.148399,0.015928
0.379028,0.005493,0.201694,0.570565,0.107161,0.197388,0.567448,-0.101878,0.204991,0.190609,0.112863,0.198397,0.187492,-0.096176,0.206000,0.443462,0.147938,0.015822,0.565487,-0.152114,0.073558,0.160826,0.154365,0.076672,0.183407,-0.148512,0.015940
0.392242,0.004430,0.206395,0.583401,0.106750,0.200881,0.581027,-0.102345,0.207072,0.203457,0.111205,0.205717,0.201084,-0.097889,0.211908,0.453241,0.148222,0.015845,0.563394,-0.151721,0.068489,0.185353,0.152799,0.067756,0.183944,-0.148968,0.016006
0.404835,0.003377,0.208178,0.595261,0.106923,0.200615,0.594276,-0.102207,0.205930,0.215393,0.108962,0.210427,0.214408,-0.100168,0.215742,0.498366,0.148219,0.018626,0.562963,-0.151365,0.054854,0.216826,0.150372,0.051132,0.177834,-0.150333,0.024060
0.416924,0.002321,0.206230,0.606320,0.107657,0.197600,0.607303,-0.101496,0.201899,0.226544,0.106138,0.210561,0.227527,-0.103016,0.214860,0.558621,0.149345,0.024996,0.563896,-0.150584,0.035322,0.256465,0.148176,0.037209,0.168199,-0.152315,0.041613
0.428909,0.001160,0.200074,0.617498,0.107893,0.190937,0.619987,-0.101271,0.193881,0.237831,0.103590,0.206266,0.240321,-0.105574,0.209211,0.609072,0.151063,0.035525,0.563307,-0.149916,0.015416,0.294821,0.147196,0.026525,0.165474,-0.153961,0.064398
0.440716,0.000480,0.191578,0.629228,0.107337,0.182318,0.631827,-0.101835,0.184550,0.249605,0.102795,0.198606,0.252203,-0.106377,0.200837,0.643303,0.151469,0.041852,0.564050,-0.149933,0.015856,0.312550,0.147081,0.015610,0.175462,-0.154123,0.075583
0.452393,0.000344,0.184883,0.640923,0.107197,0.175945,0.643503,-0.101978,0.177938,0.261282,0.102666,0.191828,0.263862,-0.106509,0.193822,0.666670,0.151702,0.042951,0.565027,-0.149946,0.015870,0.313794,0.147091,0.015745,0.192330,-0.153930,0.080215
0.464191,0.000573,0.181796,0.652728,0.107394,0.172611,0.655281,-0.101780,0.174730,0.273102,0.102925,0.188862,0.275655,-0.106248,0.190981,0.684841,0.151928,0.042865,0.566085,-0.149933,0.015880,0.314942,0.147140,0.015934,0.209957,-0.153614,0.081559
0.476208,0.001533,0.181662,0.664753,0.108280,0.171830,0.667275,-0.100882,0.174890,0.285141,0.103948,0.188433,0.287662,-0.105215,0.191494,0.700421,0.152263,0.041632,0.567149,-0.149873,0.015930,0.315967,0.147253,0.015940,0.227729,-0.152986,0.082770
0.488438,0.003532,0.183310,0.676987,0.110185,0.172571,0.679514,-0.098936,0.177722,0.297361,0.106000,0.188897,0.299888,-0.103121,0.194049,0.713646,0.152777,0.037838,0.568247,-0.149732,0.015984,0.316942,0.147442,0.015877,0.247246,-0.151965,0.082820
0.500866,0.006664,0.185645,0.689428,0.113158,0.173621,0.691961,-0.095858,0.182027,0.309771,0.109185,0.189262,0.312304,-0.099831,0.197668,0.722545,0.153224,0.028766,0.569343,-0.149516,0.015881,0.318003,0.147805,0.015953,0.270881,-0.150608,0.078685
0.513351,0.010306,0.187351,0.702076,0.116148,0.172469,0.704220,-0.092672,0.184884,0.322483,0.113283,0.189817,0.324627,-0.095537,0.202232,0.722570,0.152574,0.015745,0.570989,-0.149623,0.015831,0.319044,0.148444,0.015954,0.301968,-0.149502,0.064320
0.525463,0.013244,0.188801,0.714513,0.118226,0.172061,0.715954,-0.090441,0.186911,0.334972,0.116929,0.190691,0.336414,-0.091738,0.205541,0.723594,0.152730,0.015732,0.631359,-0.148739,0.016218,0.318405,0.149946,0.015955,0.344344,-0.148894,0.041915
0.537731,0.014508,0.189023,0.726863,0.119319,0.172138,0.728184,-0.089261,0.188175,0.347278,0.118277,0.189870,0.348600,-0.090303,0.205907,0.724697,0.152862,0.015694,0.701472,-0.147690,0.023325,0.319123,0.150302,0.015829,0.393170,-0.149015,0.031510
0.550346,0.014016,0.186948,0.739493,0.118884,0.170592,0.740810,-0.089733,0.186133,0.359882,0.117766,0.187763,0.361200,-0.090852,0.203303,0.725787,0.152845,0.015810,0.752815,-0.146484,0.035114,0.320134,0.150276,0.015729,0.441159,-0.149001,0.027752
0.563118,0.012180,0.183064,0.752267,0.117267,0.168220,0.753627,-0.091484,0.181850,0.372609,0.115843,0.184277,0.373969,-0.092908,0.197908,0.726885,0.152703,0.015892,0.787300,-0.145664,0.046292,0.321224,0.150052,0.015745,0.476079,-0.149431,0.019632
0.575512,0.010234,0.178675,0.764631,0.115618,0.165667,0.766114,-0.093255,0.177255,0.384910,0.113723,0.180095,0.386393,-0.095151,0.191683,0.727987,0.152573,0.015952,0.808849,-0.145182,0.056321,0.328585,0.149760,0.016354,0.480341,-0.149752,0.015990
0.587349,0.009443,0.176110,0.776460,0.114971,0.164193,0.778006,-0.093948,0.174925,0.396692,0.112834,0.177295,0.398238,-0.096085,0.188027,0.729148,0.152519,0.015995,0.823598,-0.144825,0.063913,0.339720,0.150177,0.026491,0.481486,-0.149820,0.015938
0.598995,0.009331,0.175902,0.788125,0.114934,0.164988,0.789689,-0.093997,0.175480,0.408301,0.112660,0.176324,0.409865,-0.096271,0.186816,0.730315,0.152523,0.015905,0.836373,-0.144636,0.066364,0.352252,0.150698,0.035922,0.482564,-0.149823,0.015809
0.610653,0.009450,0.177408,0.799805,0.115127,0.167659,0.801385,-0.093807,0.178084,0.419921,0.112707,0.176733,0.421501,-0.096228,0.187158,0.731502,0.152539,0.015756,0.847865,-0.144552,0.066060,0.365561,0.151150,0.043382,0.483608,-0.149825,0.015605
0.622364,0.009570,0.180044,0.811530,0.115330,0.171544,0.813131,-0.093609,0.181860,0.431598,0.112750,0.178228,0.433198,-0.096190,0.188544,0.732693,0.152541,0.015761,0.857262,-0.144527,0.065430,0.379398,0.151542,0.050347,0.484600,-0.149837,0.015684
0.634190,0.009581,0.183528,0.823354,0.115432,0.176226,0.824988,-0.093520,0.186266,0.443392,0.112682,0.180790,0.445025,-0.096271,0.190829,0.733847,0.152532,0.015884,0.864071,-0.144513,0.065669,0.393829,0.151901,0.058056,0.485580,-0.149865,0.015849
0.646286,0.009366,0.187808,0.835436,0.115312,0.181559,0.837113,-0.093667,0.191036,0.455459,0.112399,0.184581,0.457136,-0.096580,0.194058,0.734968,0.152495,0.015989,0.868276,-0.144546,0.066853,0.409139,0.152165,0.066388,0.486475,-0.149922,0.015884
0.658848,0.008824,0.192964,0.847962,0.114882,0.187594,0.849715,-0.094137,0.196103,0.467981,0.111786,0.189824,0.469734,-0.097234,0.198333,0.736117,0.152449,0.016024,0.869836,-0.144644,0.068702,0.426070,0.152201,0.073826,0.487300,-0.150004,0.015862
0.672028,0.007901,0.198817,0.861091,0.114077,0.194045,0.862942,-0.094993,0.201170,0.481113,0.110795,0.196465,0.482964,-0.098275,0.203590,0.737340,0.152386,0.015851,0.869010,-0.144859,0.070875,0.445657,0.151906,0.077521,0.488049,-0.150104,0.015921
0.685490,0.006933,0.204095,0.874449,0.113259,0.198603,0.876478,-0.095851,0.204371,0.494501,0.109717,0.203818,0.496530,-0.099394,0.209587,0.738540,0.152368,0.015811,0.866664,-0.145162,0.068595,0.468681,0.151324,0.072876,0.488651,-0.150282,0.015936
0.698483,0.006094,0.206979,0.886876,0.113333,0.199995,0.889923,-0.095805,0.204078,0.507042,0.107993,0.209879,0.510089,-0.101145,0.213962,0.774597,0.153555,0.015310,0.864865,-0.144501,0.057209,0.497496,0.150349,0.057852,0.482845,-0.150816,0.018766
0.710869,0.005277,0.206061,0.898192,0.114257,0.197409,0.903146,-0.094872,0.199676,0.518592,0.105427,0.212446,0.523546,-0.103702,0.214713,0.811945,0.155793,0.023410,0.862888,-0.143048,0.037684,0.531585,0.149368,0.043456,0.471979,-0.152381,0.030982
0.722630,0.004240,0.201507,0.908879,0.115021,0.192585,0.915733,-0.094066,0.192108,0.529527,0.102545,0.210906,0.536380,-0.106542,0.210430,0.866213,0.159463,0.032152,0.859489,-0.140982,0.015633,0.568151,0.149690,0.033616,0.465559,-0.153978,0.052511
0.733845,0.003407,0.194581,0.919732,0.114790,0.185593,0.927215,-0.094272,0.184190,0.540474,0.101085,0.204972,0.547957,-0.107976,0.203568,0.912206,0.160963,0.042248,0.860354,-0.141015,0.015910,0.598677,0.149913,0.016550,0.472013,-0.155278,0.069964
0.744881,0.003376,0.187757,0.930807,0.114752,0.179504,0.938259,-0.094307,0.177560,0.551502,0.101059,0.197954,0.558955,-0.108000,0.196010,0.942194,0.161873,0.046733,0.861274,-0.141028,0.015884,0.599835,0.149957,0.015815,0.486760,-0.154914,0.073480
0.756004,0.003583,0.183675,0.941965,0.114934,0.175869,0.949381,-0.094123,0.173664,0.562628,0.101289,0.193687,0.570044,-0.107767,0.191481,0.963709,0.162553,0.046363,0.862255,-0.141031,0.015932,0.600927,0.150005,0.015887,0.503961,-0.154388,0.077280
0.767456,0.004432,0.182666,0.953448,0.115733,0.174904,0.960832,-0.093330,0.173193,0.574080,0.102193,0.192140,0.581464,-0.106869,0.190429,0.981834,0.163273,0.045619,0.863279,-0.140967,0.015841,0.601951,0.150099,0.015984,0.521110,-0.153574,0.079662
0.779205,0.006218,0.183722,0.965254,0.117403,0.175646,0.972575,-0.091669,0.175503,0.585836,0.104105,0.191941,0.593157,-0.104967,0.191798,0.997198,0.164090,0.043336,0.864357,-0.140827,0.015927,0.602906,0.150301,0.015893,0.539515,-0.152247,0.080709
0.791203,0.009163,0.185855,0.977339,0.120152,0.177141,0.984560,-0.088906,0.179836,0.597845,0.107233,0.191874,0.605066,-0.101825,0.194570,1.008818,0.164920,0.037535,0.865419,-0.140616,0.015912,0.603919,0.150655,0.015927,0.561327,-0.150309,0.078817
0.803402,0.013021,0.187962,0.989810,0.123406,0.177557,0.996548,-0.085578,0.184243,0.610256,0.111621,0.191680,0.616994,-0.097363,0.198366,1.011910,0.164634,0.021849,0.866571,-0.140655,0.015799,0.605035,0.151325,0.015891,0.589195,-0.147909,0.068597
0.815464,0.016590,0.189410,1.002251,0.126128,0.177032,1.008238,-0.082766,0.186620,0.622690,0.115946,0.192201,0.628677,-0.092948,0.201788,1.011881,0.164521,0.015806,0.902971,-0.139013,0.018564,0.604593,0.152853,0.015914,0.628206,-0.145638,0.045788
0.827496,0.018864,0.190274,1.014428,0.127992,0.176544,1.020113,-0.080810,0.188121,0.634878,0.118538,0.192428,0.640563,-0.090264,0.204005,1.012673,0.164566,0.015760,0.954858,-0.137259,0.023345,0.604872,0.153463,0.015779,0.671695,-0.144262,0.036117
0.839798,0.019995,0.189596,1.026741,0.129025,0.175244,1.032396,-0.079723,0.187774,0.647199,0.119713,0.191419,0.652855,-0.089035,0.203949,1.013676,0.164652,0.015844,1.015151,-0.135205,0.030067,0.605755,0.153593,0.015730,0.719579,-0.143127,0.031496
0.852303,0.019908,0.186660,1.039239,0.128972,0.172478,1.044910,-0.079791,0.184749,0.659695,0.119608,0.188572,0.665366,-0.089155,0.200843,1.014699,0.164648,0.015910,1.062213,-0.133302,0.041223,0.606767,0.153558,0.015766,0.761197,-0.142338,0.026612
0.864738,0.018868,0.181996,1.051574,0.128311,0.169508,1.057519,-0.080506,0.180674,0.671958,0.118242,0.183318,0.677903,-0.090576,0.194485,1.015737,0.164613,0.015959,1.092953,-0.131893,0.052350,0.612580,0.153122,0.015709,0.778468,-0.142792,0.015963
0.876640,0.018509,0.178141,1.063493,0.128067,0.166990,1.069468,-0.080780,0.177566,0.683813,0.117798,0.178716,0.689788,-0.091049,0.189292,1.016850,0.164611,0.015971,1.112177,-0.130922,0.062323,0.624235,0.153728,0.022873,0.779656,-0.142782,0.015974
0.888245,0.019126,0.176739,1.075140,0.128679,0.166284,1.081080,-0.080148,0.177260,0.695409,0.118400,0.176218,0.701349,-0.090428,0.187194,1.017992,0.164681,0.015919,1.126906,-0.130173,0.066978,0.637948,0.154731,0.032287,0.780746,-0.142707,0.015830
0.899788,0.020054,0.177353,1.086720,0.129622,0.167752,1.092639,-0.079170,0.179386,0.706937,0.119278,0.175319,0.712855,-0.089515,0.186954,1.019177,0.164778,0.015784,1.140194,-0.129573,0.067905,0.651801,0.155677,0.039350,0.781802,-0.142640,0.015735
0.911312,0.020915,0.179281,1.098276,0.130524,0.170819,1.104174,-0.078241,0.182955,0.718450,0.120071,0.175606,0.724348,-0.088693,0.187742,1.020328,0.164851,0.015729,1.151411,-0.129136,0.067955,0.665614,0.156558,0.045460,0.782804,-0.142590,0.015655
0.922852,0.021607,0.182180,1.109828,0.131283,0.174946,1.115722,-0.077468,0.187323,0.729981,0.120682,0.177037,0.735875,-0.088069,0.189414,1.021458,0.164899,0.015794,1.159925,-0.128796,0.068796,0.679594,0.157413,0.052344,0.783769,-0.142560,0.015775
0.934528,0.022069,0.185975,1.121505,0.131814,0.179884,1.127400,-0.076942,0.192177,0.741656,0.121080,0.179772,0.747552,-0.087675,0.192065,1.022546,0.164915,0.016000,1.165584,-0.128570,0.070588,0.694142,0.158267,0.060597,0.784667,-0.142551,0.015845
0.946571,0.022243,0.190744,1.133515,0.132093,0.185640,1.139467,-0.076689,0.197435,0.753675,0.121175,0.184053,0.759628,-0.087607,0.195848,1.023652,0.164922,0.016053,1.168427,-0.128448,0.072760,0.709832,0.158966,0.068988,0.785521,-0.142579,0.015850
0.959190,0.022043,0.196525,1.146072,0.132034,0.192226,1.152139,-0.076798,0.203043,0.766242,0.120885,0.190008,0.772309,-0.087947,0.200824,1.024831,0.164911,0.015931,1.168614,-0.128441,0.075773,0.727572,0.159356,0.075418,0.786303,-0.142648,0.015924
0.972378,0.021531,0.202735,1.159217,0.131603,0.198698,1.165369,-0.077290,0.208219,0.779387,0.120351,0.197251,0.785538,-0.088541,0.206772,1.026065,0.164861,0.015793,1.166762,-0.128727,0.077445,0.748341,0.159444,0.076365,0.786991,-0.142714,0.015948
0.985500,0.021117,0.207519,1.171963,0.131771,0.202185,1.178829,-0.077148,0.210582,0.792172,0.119381,0.204455,0.799038,-0.089537,0.212852,1.036918,0.165352,0.015797,1.164646,-0.128686,0.072242,0.772952,0.158725,0.066718,0.786809,-0.143359,0.016094
0.997963,0.020626,0.209286,1.183626,0.132500,0.201881,1.191943,-0.076393,0.209574,0.803983,0.117646,0.208998,0.812300,-0.091247,0.216690,1.082672,0.167249,0.018642,1.164397,-0.128550,0.059051,0.804147,0.157305,0.049756,0.778648,-0.145154,0.025236
1.009888,0.020101,0.207331,1.194428,0.133745,0.198903,1.204764,-0.075092,0.205619,0.815012,0.115293,0.209043,0.825347,-0.093543,0.215759,1.143938,0.171176,0.024798,1.165191,-0.127916,0.039687,0.843375,0.156657,0.035857,0.768306,-0.147447,0.043130
1.021706,0.019488,0.201187,1.205309,0.134618,0.192467,1.217296,-0.074175,0.197632,0.826115,0.113151,0.204743,0.838102,-0.095641,0.209908,1.195319,0.175702,0.035585,1.164403,-0.127203,0.017636,0.881639,0.157433,0.025066,0.765524,-0.148902,0.066187
1.033459,0.019257,0.192355,1.216803,0.134825,0.183981,1.229265,-0.073951,0.188675,0.837653,0.112464,0.196035,0.850115,-0.096312,0.200729,1.231625,0.178034,0.040869,1.165255,-0.127202,0.015771,0.899423,0.157640,0.015735,0.775055,-0.149063,0.079379
1.045170,0.019557,0.185028,1.228559,0.135094,0.177240,1.240963,-0.073691,0.181683,0.849377,0.112805,0.188374,0.861780,-0.095980,0.192817,1.255991,0.179399,0.042577,1.166166,-0.127203,0.015837,0.900704,0.157723,0.015824,0.791793,-0.148036,0.081982
1.056976,0.020011,0.181371,1.240369,0.135522,0.173270,1.252745,-0.073268,0.177522,0.861208,0.113291,0.185221,0.873584,-0.095500,0.189472,1.273811,0.180386,0.042766,1.167179,-0.127171,0.015864,0.901850,0.157791,0.015895,0.810076,-0.146985,0.082339
1.068966,0.021200,0.180889,1.252354,0.136660,0.171997,1.264711,-0.072119,0.176819,0.873221,0.114520,0.184958,0.885578,-0.094259,0.189781,1.288896,0.181356,0.041795,1.168254,-0.127086,0.015943,0.902918,0.157914,0.015926,0.828214,-0.145666,0.082857
1.081100,0.023476,0.182408,1.264482,0.138859,0.172440,1.276844,-0.069873,0.178995,0.885357,0.116825,0.185821,0.897719,-0.091907,0.192375,1.301777,0.182402,0.038126,1.169335,-0.126910,0.015997,0.903916,0.158140,0.015889,0.847674,-0.143866,0.082736
1.093403,0.026968,0.184782,1.276792,0.142207,0.173388,1.289154,-0.066409,0.182935,0.897652,0.120346,0.186629,0.910014,-0.088270,0.196176,1.310679,0.183192,0.029162,1.170435,-0.126664,0.015917,0.904950,0.158546,0.015955,0.871025,-0.141527,0.078836
1.105732,0.031090,0.186700,1.289213,0.145866,0.172485,1.301360,-0.062558,0.185773,0.910104,0.124737,0.187626,0.922250,-0.083687,0.200914,1.311084,0.182772,0.015819,1.171777,-0.126563,0.015833,0.906081,0.159179,0.015976,0.901728,-0.139160,0.065106
1.117748,0.034530,0.188428,1.301589,0.148482,0.172342,1.313040,-0.059820,0.187949,0.922456,0.128881,0.188906,0.933908,-0.079422,0.204513,1.312122,0.182968,0.015662,1.231687,-0.122806,0.016210,0.905359,0.160628,0.015957,0.943809,-0.136669,0.042404
1.129997,0.036301,0.188899,1.313920,0.150091,0.172615,1.325249,-0.058133,0.189320,0.934745,0.130735,0.188479,0.946074,-0.077489,0.205183,1.313225,0.183128,0.015695,1.301852,-0.118358,0.023668,0.906107,0.160989,0.015830,0.992819,-0.134540,0.031538
1.142696,0.036345,0.187023,1.326624,0.150194,0.171209,1.337954,-0.058078,0.187311,0.947439,0.130767,0.186735,0.958769,-0.077504,0.202837,1.314320,0.183160,0.015764,1.353138,-0.114630,0.035643,0.907101,0.161004,0.015712,1.041232,-0.132189,0.027980
1.155636,0.035062,0.183289,1.339551,0.149115,0.168856,1.350923,-0.059299,0.182962,0.960349,0.129423,0.183616,0.971721,-0.078991,0.197722,1.315433,0.183065,0.015873,1.387655,-0.112130,0.046840,0.908180,0.160834,0.015731,1.077070,-0.130845,0.020720
1.168118,0.033872,0.179202,1.351984,0.148142,0.165912,1.363452,-0.060385,0.178142,0.972783,0.128129,0.180262,0.984251,-0.080398,0.192492,1.316499,0.182990,0.015921,1.409131,-0.110594,0.056660,0.915455,0.160940,0.016001,1.083057,-0.130911,0.016008
1.180012,0.033690,0.176684,1.363854,0.148079,0.164101,1.375384,-0.060489,0.175553,0.984640,0.127869,0.177814,0.996169,-0.080699,0.189266,1.317626,0.182977,0.015963,1.423714,-0.109541,0.063799,0.926235,0.161838,0.025014,1.084190,-0.130937,0.015968
1.191650,0.034075,0.176253,1.375508,0.148544,0.164665,1.387057,-0.060039,0.175816,0.996244,0.128188,0.176690,1.007793,-0.080395,0.187841,1.318797,0.183038,0.015934,1.436404,-0.108747,0.066275,0.938307,0.162923,0.033733,1.085281,-0.130883,0.015848
1.203247,0.034694,0.177411,1.387125,0.149251,0.167076,1.398692,-0.059337,0.178111,1.007802,0.128725,0.176711,1.019369,-0.079863,0.187745,1.319999,0.183110,0.015809,1.448017,-0.108097,0.066355,0.951222,0.163985,0.040864,1.086329,-0.130836,0.015657
1.214874,0.035356,0.179649,1.398763,0.150010,0.170676,1.410355,-0.058583,0.181596,1.019393,0.129294,0.177701,1.030985,-0.079299,0.188621,1.321177,0.183169,0.015739,1.457846,-0.107579,0.065983,0.964711,0.165026,0.047589,1.087343,-0.130800,0.015717
1.226578,0.035974,0.182739,1.410466,0.150722,0.175054,1.422086,-0.057880,0.185759,1.031070,0.129828,0.179719,1.042689,-0.078774,0.190424,1.322326,0.183219,0.015783,1.465382,-0.107177,0.066338,0.978793,0.166104,0.055168,1.088313,-0.130774,0.015823
1.238491,0.036436,0.186623,1.422365,0.151276,0.180051,1.434022,-0.057346,0.190324,1.042960,0.130218,0.182923,1.054617,-0.078404,0.193195,1.323433,0.183245,0.015974,1.470392,-0.106938,0.067486,0.993704,0.167168,0.063637,1.089207,-0.130779,0.015870
1.250839,0.036631,0.191430,1.434675,0.151583,0.185805,1.446405,-0.057073,0.195265,1.055274,0.130336,0.187596,1.067003,-0.078320,0.197056,1.324565,0.183264,0.016032,1.472807,-0.106869,0.069294,1.009987,0.168107,0.071770,1.090039,-0.130809,0.015869
1.263821,0.036469,0.197132,1.447600,0.151545,0.192226,1.459433,-0.057159,0.200428,1.068209,0.130097,0.193836,1.080042,-0.078607,0.202039,1.325772,0.183267,0.015937,1.472736,-0.107014,0.071910,1.028625,0.168823,0.077094,1.090808,-0.130869,0.015919
1.277287,0.036100,0.202899,1.460987,0.151296,0.197900,1.472955,-0.057452,0.204676,1.081618,0.129651,0.201122,1.093586,-0.079097,0.207898,1.327018,0.183252,0.015789,1.470858,-0.107431,0.071875,1.050491,0.169342,0.075655,1.091505,-0.130996,0.015928
1.290546,0.035892,0.206811,1.473707,0.151877,0.200417,1.486600,-0.056858,0.205689,1.094492,0.128643,0.207934,1.107386,-0.080092,0.213206,1.349504,0.185107,0.016356,1.469026,-0.107076,0.063939,1.077036,0.169468,0.063504,1.091024,-0.131636,0.015980
1.303104,0.035663,0.207409,1.485144,0.153307,0.199488,1.499939,-0.055334,0.203318,1.106270,0.126661,0.211499,1.121065,-0.081980,0.215330,1.400360,0.189587,0.020881,1.470273,-0.105852,0.048532,1.111604,0.169582,0.046536,1.083517,-0.133694,0.025843
1.315250,0.035386,0.204173,1.495990,0.154987,0.195815,1.512991,-0.053509,0.198064,1.117509,0.124281,0.210282,1.134511,-0.084215,0.212531,1.457862,0.195687,0.029528,1.471449,-0.104350,0.026541,1.152192,0.170810,0.033961,1.075375,-0.136447,0.045060
1.327324,0.035042,0.197113,1.507260,0.155845,0.188701,1.525604,-0.052546,0.189723,1.129044,0.122630,0.204502,1.147388,-0.085762,0.205524,1.502545,0.200316,0.037690,1.471309,-0.103805,0.015798,1.187020,0.172471,0.023296,1.076217,-0.138340,0.065428
1.339108,0.035437,0.189042,1.518986,0.156361,0.181144,1.537442,-0.052023,0.181594,1.140773,0.122896,0.196490,1.159230,-0.085488,0.196940,1.533186,0.202947,0.042229,1.472230,-0.103785,0.015823,1.197078,0.173120,0.015719,1.087625,-0.137730,0.070978
