0.023813,0.012714,0.336558,0.218195,0.108831,0.332236,0.209013,-0.100153,0.334728,-0.161386,0.125582,0.338389,-0.170568,-0.083402,0.340881,0.210497,0.152569,0.156351,0.188893,-0.146949,0.151617,-0.141105,0.167909,0.147273,-0.175757,-0.130761,0.165586
0.035301,0.018738,0.323960,0.230715,0.112698,0.318866,0.219208,-0.096180,0.320306,-0.148605,0.133656,0.327615,-0.160113,-0.075223,0.329055,0.185391,0.159418,0.130647,0.181427,-0.140968,0.124596,-0.150315,0.177838,0.119906,-0.166471,-0.121692,0.140484
0.046047,0.024832,0.307841,0.241449,0.118790,0.302273,0.229924,-0.090091,0.303015,-0.137829,0.139755,0.312668,-0.149355,-0.069126,0.313410,0.185334,0.166691,0.100984,0.159614,-0.132477,0.092900,-0.144249,0.184855,0.095096,-0.163643,-0.114593,0.106324
0.056438,0.030952,0.288267,0.251437,0.125732,0.282486,0.240770,-0.083196,0.282497,-0.127893,0.145100,0.294037,-0.138560,-0.063827,0.294048,0.200529,0.173829,0.067047,0.133528,-0.123241,0.060005,-0.134807,0.190950,0.067725,-0.163860,-0.108057,0.065818
0.066280,0.037050,0.264823,0.260948,0.132494,0.258800,0.250958,-0.076465,0.257770,-0.118397,0.150565,0.271876,-0.128387,-0.058394,0.270846,0.223295,0.180922,0.030665,0.117437,-0.114444,0.026500,-0.124616,0.197531,0.035324,-0.160972,-0.101125,0.024688
0.076956,0.043663,0.242100,0.271420,0.139146,0.231705,0.261697,-0.069789,0.235741,-0.107785,0.157115,0.248459,-0.117508,-0.051820,0.252495,0.226375,0.182580,0.015822,0.113117,-0.112628,0.015959,-0.117808,0.198598,0.015942,-0.159661,-0.099936,0.015879
0.090487,0.047939,0.230125,0.284896,0.143101,0.216331,0.275162,-0.065688,0.225117,-0.094189,0.161566,0.235133,-0.103923,-0.047222,0.243919,0.226778,0.182913,0.015857,0.114111,-0.112518,0.016011,-0.116067,0.198898,0.015849,-0.158380,-0.099814,0.016006
0.106205,0.049530,0.224240,0.300641,0.144511,0.209596,0.290879,-0.064159,0.220836,-0.078469,0.163219,0.227644,-0.088231,-0.045451,0.238884,0.227830,0.183047,0.015851,0.131123,-0.113283,0.016012,-0.114649,0.199076,0.015995,-0.157347,-0.099792,0.015948
0.123013,0.050598,0.221289,0.317554,0.145390,0.206824,0.307671,-0.063160,0.220002,-0.061645,0.164356,0.222576,-0.071529,-0.044194,0.235755,0.229188,0.183110,0.015977,0.161371,-0.114714,0.015927,-0.108719,0.199636,0.024087,-0.156491,-0.099653,0.015891
0.140362,0.051359,0.220182,0.334983,0.146033,0.206025,0.325019,-0.062405,0.220810,-0.044296,0.165124,0.219555,-0.054260,-0.043315,0.234340,0.230652,0.183161,0.016049,0.192769,-0.116029,0.018790,-0.091184,0.199814,0.033923,-0.155881,-0.099572,0.015839
0.157694,0.051420,0.220241,0.352383,0.146127,0.207283,0.342392,-0.062249,0.222913,-0.027004,0.165089,0.217569,-0.036995,-0.043287,0.233200,0.232188,0.183163,0.015882,0.242192,-0.118339,0.019413,-0.060123,0.198836,0.037984,-0.155413,-0.099546,0.015806
0.174740,0.050413,0.220270,0.369560,0.145136,0.209592,0.359401,-0.063251,0.224975,-0.009921,0.164077,0.215565,-0.020080,-0.044309,0.230948,0.233754,0.183078,0.015803,0.298439,-0.120824,0.022891,-0.014462,0.196454,0.033070,-0.154167,-0.099289,0.015707
0.191422,0.048357,0.219075,0.386812,0.142194,0.211425,0.375463,-0.066225,0.225478,0.007380,0.162939,0.212672,-0.003968,-0.045480,0.226725,0.235364,0.182887,0.016043,0.350039,-0.123727,0.028728,0.045969,0.193864,0.025890,-0.147581,-0.097511,0.015679
0.207600,0.045977,0.214777,0.403883,0.138036,0.208537,0.390540,-0.070352,0.221230,0.024659,0.162305,0.208324,0.011316,-0.046083,0.221018,0.237108,0.182616,0.016031,0.382920,-0.127374,0.026150,0.112875,0.191143,0.025431,-0.128336,-0.095273,0.015720
0.223867,0.043751,0.206770,0.420970,0.134015,0.200132,0.405739,-0.074332,0.211266,0.041996,0.161834,0.202275,0.026765,-0.046514,0.213408,0.264297,0.181488,0.020180,0.384719,-0.128864,0.016041,0.161008,0.189337,0.025751,-0.097859,-0.093606,0.015675
0.240431,0.042301,0.197960,0.437900,0.131778,0.191547,0.421821,-0.076526,0.202302,0.059041,0.161128,0.193618,0.042962,-0.047175,0.204373,0.299267,0.179745,0.029261,0.385556,-0.128988,0.016059,0.177594,0.188444,0.015838,-0.067499,-0.094038,0.015652
0.256546,0.039825,0.192209,0.453989,0.129422,0.186754,0.437980,-0.078939,0.196452,0.075112,0.158590,0.187967,0.059103,-0.049771,0.197665,0.340934,0.176511,0.031398,0.386681,-0.129032,0.015931,0.179106,0.188225,0.015908,-0.034161,-0.096707,0.015703
0.272598,0.036358,0.189103,0.470115,0.125876,0.185279,0.453942,-0.082568,0.192636,0.091255,0.155284,0.185570,0.075081,-0.053161,0.192927,0.375613,0.173571,0.036434,0.387951,-0.129305,0.015755,0.180677,0.187975,0.015982,0.002345,-0.099385,0.015753
0.288818,0.032503,0.187381,0.486419,0.121907,0.185958,0.470051,-0.086603,0.190471,0.107585,0.151609,0.184292,0.091218,-0.056901,0.188805,0.401988,0.171007,0.041416,0.389318,-0.129646,0.015843,0.182263,0.187698,0.015690,0.037576,-0.102007,0.017103
0.305147,0.028799,0.186520,0.502783,0.118129,0.187629,0.486313,-0.090414,0.189449,0.123982,0.148012,0.183590,0.107511,-0.060531,0.185410,0.425541,0.168591,0.046410,0.390713,-0.129971,0.015869,0.183810,0.187415,0.015768,0.067506,-0.104397,0.021235
0.321493,0.025543,0.186486,0.519138,0.114799,0.189804,0.502608,-0.093747,0.189432,0.140379,0.144833,0.183540,0.123848,-0.063713,0.183168,0.450066,0.166114,0.050972,0.392119,-0.130272,0.015937,0.185292,0.187164,0.015979,0.092279,-0.106525,0.027605
0.337862,0.022806,0.187290,0.535500,0.111986,0.192512,0.518929,-0.096547,0.190528,0.156795,0.142160,0.184052,0.140224,-0.066374,0.182068,0.480065,0.163301,0.054314,0.393566,-0.130519,0.015838,0.186691,0.186978,0.015988,0.115814,-0.108629,0.034860
0.354351,0.020481,0.188659,0.551971,0.109600,0.195395,0.535380,-0.098919,0.192302,0.173322,0.139881,0.185016,0.156731,-0.068637,0.181923,0.515781,0.160136,0.056641,0.395053,-0.130736,0.015929,0.188104,0.186812,0.015870,0.142763,-0.111023,0.040267
0.371054,0.018639,0.190050,0.568664,0.107699,0.197766,0.552043,-0.100808,0.194133,0.190065,0.138085,0.185967,0.173443,-0.070422,0.182334,0.553881,0.156935,0.056750,0.396558,-0.130911,0.016025,0.189458,0.186699,0.015830,0.176418,-0.113791,0.040619
0.388168,0.017511,0.190931,0.585778,0.106554,0.198876,0.569132,-0.101956,0.195519,0.207205,0.136979,0.186343,0.190559,-0.071531,0.182987,0.589218,0.154281,0.049703,0.398097,-0.131012,0.015955,0.190789,0.186635,0.015772,0.217688,-0.116939,0.036476
0.405987,0.017199,0.190794,0.603627,0.106272,0.197532,0.586960,-0.102253,0.195403,0.225013,0.136650,0.186186,0.208346,-0.071874,0.184057,0.615665,0.152607,0.031008,0.399729,-0.131050,0.015747,0.192103,0.186616,0.015909,0.262093,-0.120232,0.033628
0.424181,0.017094,0.189487,0.621878,0.106221,0.193166,0.605217,-0.102314,0.192490,0.243145,0.136501,0.186484,0.226484,-0.072034,0.185808,0.618338,0.152673,0.015848,0.401425,-0.131055,0.015900,0.193325,0.186629,0.015960,0.301433,-0.123113,0.030467
0.441593,0.015802,0.188515,0.639417,0.104687,0.191070,0.622500,-0.103826,0.190270,0.260687,0.135431,0.186760,0.243770,-0.073083,0.185959,0.619623,0.152565,0.016027,0.420881,-0.132399,0.015860,0.196369,0.186904,0.015856,0.322940,-0.124452,0.015665
0.458387,0.014799,0.188370,0.656147,0.103839,0.190384,0.639388,-0.104688,0.190080,0.277387,0.134286,0.186659,0.260628,-0.074241,0.186356,0.621058,0.152510,0.015982,0.450889,-0.134883,0.016879,0.213281,0.185284,0.015883,0.324599,-0.124731,0.015615
0.475046,0.014620,0.189139,0.672785,0.103722,0.190305,0.656081,-0.104807,0.191341,0.294012,0.134047,0.186937,0.277308,-0.074483,0.187973,0.622527,0.152478,0.015840,0.484761,-0.137510,0.024126,0.241126,0.183071,0.024104,0.326118,-0.124844,0.015792
0.491777,0.014828,0.190230,0.689499,0.103973,0.190917,0.672829,-0.104544,0.193669,0.310726,0.134199,0.186791,0.294056,-0.074317,0.189544,0.624048,0.152493,0.015822,0.520427,-0.140081,0.032905,0.273019,0.180790,0.033523,0.327548,-0.124885,0.015956
0.508495,0.015177,0.191474,0.706206,0.104347,0.191875,0.689548,-0.104138,0.196459,0.327442,0.134492,0.186488,0.310784,-0.073993,0.191072,0.625538,0.152529,0.015864,0.563573,-0.143135,0.039266,0.304628,0.178753,0.042407,0.328861,-0.124894,0.015931
0.525324,0.015171,0.192627,0.723047,0.104314,0.192863,0.706346,-0.104131,0.198882,0.344302,0.134473,0.186371,0.327600,-0.073972,0.192391,0.627011,0.152516,0.015984,0.602121,-0.145800,0.046331,0.335687,0.176791,0.048293,0.330185,-0.124889,0.015959
0.542200,0.014765,0.194144,0.739920,0.103915,0.194510,0.723206,-0.104499,0.201503,0.361194,0.134029,0.186785,0.344480,-0.074385,0.193778,0.628493,0.152482,0.015983,0.643234,-0.148793,0.049917,0.368343,0.174501,0.050404,0.331427,-0.124927,0.015941
0.559168,0.013802,0.195949,0.756875,0.102976,0.196883,0.740158,-0.105425,0.204232,0.378177,0.133028,0.187667,0.361461,-0.075373,0.195015,0.630025,0.152391,0.015802,0.687455,-0.152252,0.050223,0.406001,0.171500,0.048115,0.332597,-0.124999,0.015861
0.576351,0.012100,0.197610,0.774020,0.101345,0.199489,0.757350,-0.107075,0.206424,0.395352,0.131275,0.188796,0.378682,-0.077144,0.195731,0.631592,0.152248,0.015915,0.731077,-0.155884,0.047428,0.452177,0.167501,0.043047,0.333677,-0.125153,0.015755
0.593819,0.009710,0.198054,0.791467,0.098989,0.200382,0.774846,-0.109467,0.206235,0.412791,0.128888,0.189873,0.396170,-0.079568,0.195726,0.633175,0.152046,0.015994,0.765629,-0.159135,0.035614,0.504236,0.163014,0.040463,0.334745,-0.125333,0.015844
0.611523,0.006987,0.195413,0.809182,0.096264,0.196529,0.792627,-0.112237,0.200718,0.430419,0.126211,0.190108,0.413863,-0.082291,0.194297,0.646955,0.151121,0.015986,0.770336,-0.159779,0.016106,0.548273,0.159407,0.038443,0.337892,-0.125447,0.015820
0.628836,0.005417,0.191611,0.826256,0.095229,0.191323,0.810293,-0.113311,0.195879,0.447379,0.124145,0.187342,0.431415,-0.084395,0.191898,0.675765,0.148649,0.022226,0.771594,-0.159870,0.016102,0.570941,0.156672,0.022182,0.347022,-0.127377,0.015754
0.645550,0.004143,0.189068,0.842854,0.094206,0.188126,0.827172,-0.114363,0.192374,0.463927,0.122648,0.185762,0.448246,-0.085920,0.190011,0.712503,0.146340,0.028384,0.772669,-0.159447,0.015891,0.572430,0.156617,0.015876,0.362475,-0.128608,0.015759
0.661783,0.001934,0.188635,0.859144,0.091876,0.188015,0.843333,-0.116703,0.191137,0.480234,0.120571,0.186134,0.464422,-0.088008,0.189256,0.753577,0.143171,0.034859,0.774070,-0.159663,0.015783,0.574006,0.156500,0.015960,0.387296,-0.130326,0.016957
0.678064,-0.000847,0.189006,0.875475,0.088983,0.189892,0.859538,-0.119604,0.191258,0.496590,0.117910,0.186755,0.480654,-0.090677,0.188120,0.787232,0.140350,0.043491,0.775512,-0.159916,0.015881,0.575576,0.156340,0.015775,0.418027,-0.132564,0.021835
0.694450,-0.003792,0.189517,0.891873,0.085977,0.192158,0.875886,-0.122611,0.191625,0.513015,0.115027,0.187408,0.497028,-0.093560,0.186875,0.814416,0.137858,0.051020,0.776938,-0.160161,0.015856,0.577086,0.156138,0.015737,0.448283,-0.135003,0.028474
0.710869,-0.006523,0.190143,0.908288,0.083192,0.194395,0.892277,-0.125383,0.192238,0.529460,0.112337,0.188048,0.513450,-0.096238,0.185891,0.840781,0.135390,0.056160,0.778369,-0.160402,0.015910,0.578545,0.155936,0.015945,0.475632,-0.137365,0.035438
0.727327,-0.008944,0.191088,0.924737,0.080709,0.196824,0.908705,-0.127847,0.193396,0.545950,0.109960,0.188780,0.529917,-0.098596,0.185352,0.872157,0.132608,0.058914,0.779834,-0.160611,0.015778,0.579935,0.155778,0.016020,0.501970,-0.139685,0.042163
0.743891,-0.011011,0.192153,0.941294,0.078571,0.199087,0.925229,-0.129967,0.194813,0.562553,0.107945,0.189492,0.546487,-0.100594,0.185218,0.908666,0.129525,0.060216,0.781324,-0.160810,0.015981,0.581294,0.155653,0.015928,0.530942,-0.142141,0.046181
0.760643,-0.012596,0.192909,0.958040,0.076943,0.200553,0.941952,-0.131588,0.195972,0.579334,0.106395,0.189846,0.563246,-0.102135,0.185265,0.946914,0.126508,0.058940,0.782826,-0.160954,0.016032,0.582669,0.155556,0.015865,0.565678,-0.144832,0.044771
0.777803,-0.013437,0.192921,0.975207,0.076089,0.200531,0.959089,-0.132450,0.196478,0.596518,0.105575,0.189364,0.580400,-0.102964,0.185311,0.981984,0.124080,0.050305,0.784371,-0.161030,0.015923,0.584069,0.155505,0.015788,0.607514,-0.147813,0.039174
0.795660,-0.013449,0.191812,0.993133,0.076039,0.197944,0.976910,-0.132516,0.195390,0.614410,0.105618,0.188233,0.598187,-0.102936,0.185679,1.007544,0.122570,0.029576,0.785975,-0.161054,0.015790,0.585439,0.155573,0.015883,0.652353,-0.150897,0.035101
0.813852,-0.013327,0.189581,1.011381,0.076201,0.192449,0.995145,-0.132366,0.191506,0.632559,0.105713,0.187656,0.616323,-0.102854,0.186713,1.009569,0.122728,0.015844,0.787720,-0.161013,0.015950,0.586792,0.155640,0.015943,0.691880,-0.153620,0.031002
0.831270,-0.014561,0.188102,1.028955,0.074646,0.190070,1.012379,-0.133893,0.188933,0.650162,0.104771,0.187270,0.633585,-0.103768,0.186133,1.010858,0.122628,0.015986,0.807359,-0.162246,0.015881,0.589224,0.156144,0.015871,0.713387,-0.154776,0.015726
0.848106,-0.015619,0.187717,1.045707,0.073779,0.189483,1.029328,-0.134778,0.188807,0.666885,0.103539,0.186627,0.650506,-0.105017,0.185950,1.012304,0.122556,0.015905,0.837223,-0.164722,0.016712,0.603322,0.154675,0.015890,0.715090,-0.155127,0.015615
0.864773,-0.015764,0.188368,1.062349,0.073699,0.189432,1.046029,-0.134862,0.190103,0.683517,0.103334,0.186634,0.667197,-0.105227,0.187304,1.013766,0.122532,0.015854,0.871046,-0.167295,0.023291,0.629133,0.152651,0.022595,0.716621,-0.155235,0.015788
0.881481,-0.015419,0.189480,1.079043,0.074082,0.190053,1.062752,-0.134468,0.192568,0.700211,0.103630,0.186392,0.683920,-0.104920,0.188906,1.015288,0.122553,0.015856,0.906888,-0.169823,0.031740,0.660254,0.150481,0.031904,0.718053,-0.155263,0.015959
0.898159,-0.014914,0.190801,1.095707,0.074618,0.191099,1.079434,-0.133900,0.195593,0.716884,0.104073,0.186010,0.700611,-0.104445,0.190504,1.016796,0.122598,0.015855,0.950386,-0.172823,0.038031,0.691803,0.148501,0.040878,0.719373,-0.155270,0.015931
0.914930,-0.014717,0.192068,1.112493,0.074782,0.192199,1.096169,-0.133690,0.198314,0.733691,0.104256,0.185822,0.717368,-0.104216,0.191937,1.018258,0.122601,0.015975,0.989498,-0.175442,0.045029,0.722724,0.146655,0.047131,0.720678,-0.155246,0.015960
0.931749,-0.014935,0.193647,1.129312,0.074565,0.193846,1.112968,-0.133869,0.201109,0.750531,0.104000,0.186184,0.734187,-0.104434,0.193448,1.019730,0.122577,0.015995,1.029897,-0.178269,0.049123,0.754915,0.144516,0.049681,0.721913,-0.155274,0.015945
0.948656,-0.015699,0.195548,1.146204,0.073829,0.196245,1.129861,-0.134586,0.204031,0.767451,0.103187,0.187065,0.751108,-0.105228,0.194850,1.021257,0.122508,0.015819,1.073541,-0.181547,0.049944,0.791575,0.141719,0.047927,0.723060,-0.155336,0.015869
0.965761,-0.017193,0.197385,1.163273,0.072403,0.198999,1.146969,-0.136024,0.206544,0.784553,0.101638,0.188225,0.768249,-0.106789,0.195770,1.022814,0.122380,0.015896,1.117443,-0.185071,0.048040,0.836415,0.137944,0.043028,0.724123,-0.155473,0.015738
0.983179,-0.019409,0.198259,1.180662,0.070238,0.200522,1.164412,-0.138225,0.207118,0.801946,0.099407,0.189400,0.785696,-0.109057,0.195996,1.024396,0.122191,0.015997,1.154147,-0.188370,0.038525,0.888225,0.133563,0.039945,0.725177,-0.155650,0.015830
1.000839,-0.022060,0.196030,1.198303,0.067647,0.197303,1.182187,-0.140875,0.202134,0.819492,0.096755,0.189927,0.803375,-0.111768,0.194758,1.034455,0.121708,0.015998,1.163896,-0.189376,0.015783,0.934331,0.129977,0.038885,0.727978,-0.155684,0.015777
1.018024,-0.024004,0.192065,1.215362,0.065989,0.191678,1.199592,-0.142566,0.196230,0.836457,0.094558,0.187900,0.820686,-0.113997,0.192453,1.064369,0.119265,0.020710,1.164804,-0.189460,0.016031,0.959298,0.127288,0.024259,0.738810,-0.157253,0.015762
1.035044,-0.024950,0.188321,1.232266,0.065295,0.187876,1.216759,-0.143265,0.193056,0.853329,0.093365,0.183587,0.837821,-0.115195,0.188767,1.100352,0.116695,0.026900,1.166183,-0.189493,0.015930,0.965373,0.126457,0.015862,0.754237,-0.158868,0.015725
1.051531,-0.026888,0.186865,1.248802,0.063251,0.187170,1.233172,-0.145318,0.191555,0.869890,0.091543,0.182175,0.854259,-0.117027,0.186559,1.141468,0.113618,0.031896,1.167600,-0.189687,0.015747,0.966969,0.126361,0.015979,0.777994,-0.160488,0.015802
1.067934,-0.029621,0.186807,1.265284,0.060330,0.188502,1.249452,-0.148254,0.191156,0.886417,0.089011,0.182458,0.870584,-0.119572,0.185113,1.175351,0.110849,0.039858,1.169048,-0.189965,0.015859,0.968628,0.126235,0.015822,0.807619,-0.162482,0.019674
1.084375,-0.032608,0.187319,1.281763,0.057214,0.190706,1.265811,-0.151376,0.191393,0.902940,0.086160,0.183245,0.886988,-0.122430,0.183932,1.203164,0.108336,0.047550,1.170474,-0.190246,0.015877,0.970200,0.126047,0.015682,0.837782,-0.164770,0.026105
1.100838,-0.035402,0.188171,1.298230,0.054335,0.193140,1.282224,-0.154249,0.192108,0.919451,0.083444,0.184233,0.903446,-0.125140,0.183201,1.229644,0.105874,0.053283,1.171908,-0.190497,0.015929,0.971704,0.125851,0.015915,0.865200,-0.167049,0.033509
1.117292,-0.037861,0.189456,1.314675,0.051807,0.195852,1.298640,-0.156764,0.193493,0.935945,0.081042,0.185419,0.919910,-0.127529,0.183060,1.260721,0.103117,0.056620,1.173366,-0.190711,0.015831,0.973113,0.125687,0.016012,0.891241,-0.169305,0.040961
1.133825,-0.039989,0.190930,1.331195,0.049616,0.198485,1.315136,-0.158941,0.195204,0.952515,0.078962,0.186656,0.936455,-0.129595,0.183375,1.297076,0.100036,0.058489,1.174856,-0.190909,0.015939,0.974455,0.125548,0.015940,0.919572,-0.171723,0.045927
1.150534,-0.041655,0.192123,1.347887,0.047928,0.200357,1.331826,-0.160623,0.196688,0.969241,0.077313,0.187558,0.953180,-0.131237,0.183888,1.335592,0.096964,0.058403,1.176362,-0.191062,0.016026,0.975846,0.125417,0.015880,0.953442,-0.174413,0.045495
1.167625,-0.042606,0.192589,1.364986,0.046961,0.200816,1.348895,-0.161594,0.197541,0.986356,0.076381,0.187636,0.970265,-0.132173,0.184362,1.371093,0.094425,0.051475,1.177907,-0.191141,0.015952,0.977226,0.125374,0.015808,0.994504,-0.177371,0.040227
1.185387,-0.042727,0.191942,1.382805,0.046825,0.198841,1.366637,-0.161741,0.196946,1.004136,0.076288,0.186938,0.987968,-0.132278,0.185043,1.397868,0.092749,0.033343,1.179505,-0.191176,0.015742,0.978609,0.125410,0.015852,1.039230,-0.180487,0.036179
1.203575,-0.042620,0.190135,1.401042,0.047014,0.193869,1.384907,-0.161563,0.193641,1.022243,0.076324,0.186629,1.006108,-0.132253,0.186400,1.400994,0.092798,0.015797,1.181202,-0.191197,0.015887,0.979917,0.125371,0.015924,1.079982,-0.183385,0.032521
1.221077,-0.043728,0.188791,1.418707,0.045589,0.191234,1.402239,-0.162961,0.190973,1.039915,0.075506,0.186609,1.023447,-0.133045,0.186348,1.402227,0.092701,0.016032,1.199743,-0.192344,0.015862,0.981902,0.125891,0.015888,1.105911,-0.184937,0.017108
1.237961,-0.044785,0.188397,1.435519,0.044712,0.189894,1.419237,-0.163854,0.190020,1.056685,0.074285,0.186773,1.040402,-0.134281,0.186899,1.403642,0.092683,0.015980,1.228570,-0.194663,0.015662,0.993208,0.124725,0.015866,1.107545,-0.185214,0.015658
1.254580,-0.045040,0.189122,1.452095,0.044563,0.189390,1.435923,-0.164007,0.190713,1.073236,0.073926,0.187532,1.057064,-0.134643,0.188855,1.405102,0.092693,0.015871,1.259745,-0.197002,0.022264,1.016897,0.122840,0.023194,1.109079,-0.185362,0.015756
1.271238,-0.044941,0.190231,1.468721,0.044735,0.189874,1.452626,-0.163825,0.192742,1.089851,0.073943,0.187721,1.073756,-0.134617,0.190588,1.406629,0.092723,0.015826,1.292679,-0.199275,0.032474,1.047190,0.120692,0.032572,1.110521,-0.185444,0.015944
1.287895,-0.044573,0.191660,1.485372,0.045113,0.191049,1.469282,-0.163415,0.195712,1.106508,0.074270,0.187607,1.090418,-0.134259,0.192270,1.408135,0.092751,0.015850,1.334173,-0.202119,0.037743,1.078563,0.118742,0.040912,1.111836,-0.185451,0.015938
1.304623,-0.044481,0.192889,1.502105,0.045192,0.192193,1.485991,-0.163296,0.198342,1.123254,0.074334,0.187436,1.107140,-0.134154,0.193585,1.409599,0.092749,0.015950,1.373602,-0.204759,0.044251,1.109350,0.116885,0.047468,1.113117,-0.185460,0.015950
1.321426,-0.044767,0.194249,1.518915,0.044894,0.193689,1.502771,-0.163559,0.200878,1.140082,0.074024,0.187621,1.123938,-0.134428,0.194810,1.411084,0.092730,0.016000,1.413907,-0.207535,0.048792,1.141178,0.114832,0.050765,1.114393,-0.185471,0.015959
1.338320,-0.045534,0.195891,1.535792,0.044164,0.195842,1.519660,-0.164271,0.203541,1.156980,0.073202,0.188241,1.140847,-0.135233,0.195940,1.412604,0.092666,0.015834,1.457618,-0.210754,0.050073,1.177016,0.112153,0.049760,1.115565,-0.185543,0.015896
1.355413,-0.046968,0.197516,1.552865,0.042771,0.198391,1.536743,-0.165671,0.205905,1.174084,0.071734,0.189127,1.157962,-0.136708,0.196641,1.414170,0.092535,0.015878,1.502211,-0.214284,0.048664,1.220666,0.108551,0.044991,1.116676,-0.185650,0.015767
1.372810,-0.049152,0.198412,1.570229,0.040649,0.200140,1.554160,-0.167829,0.206734,1.191461,0.069524,0.190089,1.175392,-0.138954,0.196683,1.415762,0.092337,0.015990,1.541108,-0.217685,0.040616,1.272208,0.104194,0.041049,1.117712,-0.185836,0.015821
1.390417,-0.051733,0.196500,1.587776,0.038210,0.197489,1.571913,-0.170330,0.202427,1.208921,0.066864,0.190574,1.193058,-0.141676,0.195512,1.422259,0.092095,0.015957,1.557777,-0.219260,0.016126,1.320530,0.100399,0.039859,1.119501,-0.185930,0.015812
1.408020,-0.053595,0.192342,1.605104,0.036953,0.192009,1.589914,-0.171634,0.197062,1.226126,0.064445,0.187623,1.210936,-0.144142,0.192675,1.449955,0.089669,0.020053,1.558946,-0.219347,0.016055,1.348957,0.097283,0.030749,1.125706,-0.187804,0.015779
1.425140,-0.054420,0.188748,1.621951,0.036720,0.188235,1.607385,-0.171887,0.194200,1.242896,0.063046,0.183297,1.228330,-0.145561,0.189262,1.488305,0.087009,0.026610,1.560356,-0.219279,0.015949,1.358076,0.095795,0.015846,1.139150,-0.189876,0.015694
1.441586,-0.056242,0.187345,1.638427,0.034832,0.187414,1.623782,-0.173789,0.192650,1.259389,0.061305,0.182040,1.244744,-0.147316,0.187277,1.530918,0.084050,0.031843,1.561757,-0.219450,0.015805,1.359646,0.095672,0.015866,1.163815,-0.191516,0.015775
1.457943,-0.058933,0.187341,1.654870,0.031946,0.188688,1.640013,-0.176698,0.192144,1.275873,0.058831,0.182538,1.261016,-0.149812,0.185994,1.564928,0.081457,0.039954,1.563184,-0.219719,0.015840,1.361297,0.095559,0.015895,1.194900,-0.193442,0.018977
1.474375,-0.061947,0.187825,1.671341,0.028806,0.190879,1.656363,-0.179852,0.192253,1.292386,0.055959,0.183397,1.277409,-0.152700,0.184771,1.592284,0.079105,0.047463,1.564613,-0.219996,0.015894,1.362863,0.095363,0.015624,1.226417,-0.195663,0.024564
1.490845,-0.064787,0.188525,1.687815,0.025886,0.193232,1.672786,-0.182772,0.192752,1.308903,0.053199,0.184298,1.293874,-0.155460,0.183818,1.617487,0.076842,0.053192,1.566042,-0.220246,0.015935,1.364385,0.095157,0.015868,1.254456,-0.197838,0.031318
1.507299,-0.067297,0.189620,1.704263,0.023302,0.195800,1.689199,-0.185346,0.193862,1.325399,0.050752,0.185379,1.310335,-0.157896,0.183441,1.646629,0.074326,0.056557,1.567488,-0.220476,0.015865,1.365818,0.094977,0.016007,1.280080,-0.199936,0.038481
1.523800,-0.069462,0.190990,1.720753,0.021065,0.198426,1.705658,-0.187568,0.195425,1.341942,0.048644,0.186554,1.326846,-0.159989,0.183553,1.681587,0.071487,0.058369,1.568960,-0.220669,0.015898,1.367157,0.094847,0.015953,1.307122,-0.202132,0.044256
1.540447,-0.071192,0.192207,1.737394,0.019280,0.200457,1.722271,-0.189342,0.196895,1.358624,0.046958,0.187520,1.343501,-0.161664,0.183957,1.719916,0.068541,0.058884,1.570457,-0.220824,0.016018,1.368547,0.094746,0.015882,1.339186,-0.204562,0.045458
1.557394,-0.072279,0.192821,1.754342,0.018171,0.201274,1.739193,-0.190452,0.197868,1.375595,0.045894,0.187773,1.360446,-0.162729,0.184368,1.756584,0.065991,0.053796,1.571995,-0.220918,0.015982,1.369920,0.094689,0.015819,1.378647,-0.207284,0.040858
1.574955,-0.072523,0.192411,1.771946,0.017915,0.199940,1.756733,-0.190719,0.197661,1.393177,0.045673,0.187162,1.377964,-0.162961,0.184883,1.786307,0.064199,0.039021,1.573572,-0.220950,0.015809,1.371308,0.094712,0.015819,1.422990,-0.210196,0.036475
1.593197,-0.072186,0.190584,1.790255,0.018316,0.194918,1.775042,-0.190330,0.194498,1.411352,0.045959,0.186671,1.396139,-0.162687,0.186251,1.794678,0.063925,0.015953,1.575219,-0.220971,0.015850,1.372701,0.094692,0.015918,1.465551,-0.213010,0.033241
1.611017,-0.072826,0.188739,1.808245,0.017381,0.190984,1.792714,-0.191242,0.191016,1.429321,0.045589,0.186461,1.413789,-0.163033,0.186494,1.795869,0.063850,0.016029,1.591500,-0.221866,0.015862,1.374588,0.095213,0.015892,1.495260,-0.214700,0.022038
1.628054,-0.073486,0.188413,1.825361,0.016573,0.188568,1.809675,-0.192037,0.189154,1.446432,0.045064,0.187672,1.430746,-0.163546,0.188258,1.797237,0.063782,0.016001,1.616950,-0.223611,0.015665,1.382698,0.094953,0.015861,1.498199,-0.214681,0.015671
1.644728,-0.073643,0.189074,1.842030,0.016418,0.187636,1.826355,-0.192186,0.189433,1.463101,0.044901,0.188716,1.447425,-0.163703,0.190513,1.798690,0.063775,0.015930,1.648560,-0.225856,0.021147,1.403833,0.093503,0.022556,1.499642,-0.214712,0.015739
1.661446,-0.073559,0.190052,1.858739,0.016508,0.187964,1.843084,-0.192080,0.191248,1.479807,0.044962,0.188856,1.464152,-0.163625,0.192140,1.800228,0.063771,0.015758,1.679695,-0.227902,0.032380,1.433072,0.091582,0.031859,1.501064,-0.214754,0.015902
1.678167,-0.073156,0.191488,1.875477,0.016873,0.189277,1.859788,-0.191676,0.194343,1.496547,0.045363,0.188632,1.480858,-0.163186,0.193698,1.801762,0.063797,0.015831,1.718319,-0.230455,0.036710,1.463949,0.089776,0.039162,1.502362,-0.214714,0.015936
1.694906,-0.072994,0.192682,1.892219,0.017029,0.190530,1.876519,-0.191477,0.197119,1.513293,0.045489,0.188245,1.497593,-0.163017,0.194835,1.803251,0.063811,0.015918,1.757415,-0.232992,0.042639,1.494432,0.088019,0.046143,1.503628,-0.214726,0.015950
1.711706,-0.073187,0.193927,1.909023,0.016833,0.191970,1.893306,-0.191634,0.199681,1.530107,0.045260,0.188172,1.514390,-0.163206,0.195883,1.804733,0.063797,0.016011,1.796811,-0.235595,0.047568,1.525734,0.086108,0.050531,1.504909,-0.214757,0.015965
1.728596,-0.073830,0.195482,1.925909,0.016208,0.194064,1.910183,-0.192234,0.202390,1.547009,0.044575,0.188574,1.531283,-0.163867,0.196900,1.806247,0.063734,0.015896,1.840131,-0.238675,0.049404,1.560513,0.083664,0.050700,1.506086,-0.214811,0.015908
1.745657,-0.075085,0.197135,1.942945,0.015016,0.196676,1.927246,-0.193429,0.204962,1.564068,0.043260,0.189308,1.548368,-0.165186,0.197595,1.807807,0.063620,0.015833,1.885466,-0.242106,0.048773,1.602348,0.080312,0.046440,1.507176,-0.214925,0.015782
1.763014,-0.077129,0.198367,1.960278,0.013024,0.199071,1.944600,-0.195455,0.206525,1.581427,0.041196,0.190209,1.565750,-0.167282,0.197663,1.809404,0.063430,0.015969,1.927192,-0.245594,0.043152,1.653060,0.076098,0.041463,1.508248,-0.215068,0.015805
1.780548,-0.079699,0.197281,1.977826,0.010425,0.197748,1.962151,-0.198097,0.203875,1.598946,0.038700,0.190686,1.583270,-0.169822,0.196814,1.811044,0.063219,0.015977,1.951942,-0.248221,0.023733,1.704467,0.071937,0.040009,1.509582,-0.215199,0.015803
1.798052,-0.081816,0.193508,1.995144,0.008713,0.192874,1.979937,-0.199858,0.198486,1.616166,0.036227,0.188530,1.600960,-0.172345,0.194142,1.836482,0.061188,0.018929,1.953456,-0.248421,0.016120,1.738244,0.068740,0.033432,1.516135,-0.216547,0.015765
1.815296,-0.082712,0.189417,2.012190,0.008248,0.188793,1.997433,-0.200336,0.195082,1.633160,0.034912,0.183751,1.618403,-0.173672,0.190041,1.871563,0.058879,0.026192,1.954758,-0.248303,0.015933,1.751463,0.067063,0.015834,1.529094,-0.218195,0.015682
1.831984,-0.084360,0.187319,2.028896,0.006560,0.187338,2.014083,-0.202034,0.193149,1.649884,0.033313,0.181490,1.635071,-0.175281,0.187301,1.910467,0.056123,0.028334,1.956166,-0.248442,0.015854,1.753044,0.066955,0.015870,1.550299,-0.219622,0.015739
1.848408,-0.086950,0.186976,2.045385,0.003826,0.187938,2.030416,-0.204796,0.192131,1.666400,0.030895,0.181820,1.651431,-0.177726,0.186013,1.946310,0.053441,0.035212,1.957589,-0.248690,0.015809,1.754657,0.066805,0.015932,1.579926,-0.221575,0.016689
1.864836,-0.089979,0.187408,2.061848,0.000688,0.190028,2.046770,-0.207958,0.192130,1.682902,0.027999,0.182687,1.667824,-0.180646,0.184788,1.976689,0.050935,0.043308,1.959028,-0.248963,0.015892,1.756219,0.066589,0.015640,1.612317,-0.223847,0.021802
1.881321,-0.092913,0.188091,2.078333,-0.002311,0.192418,2.063214,-0.210964,0.192557,1.699428,0.025139,0.183626,1.684309,-0.183514,0.183764,2.003045,0.048619,0.050384,1.960443,-0.249204,0.015928,1.757745,0.066371,0.015815,1.641875,-0.226111,0.028976
1.897799,-0.095526,0.189133,2.094803,-0.004993,0.194968,2.079653,-0.213639,0.193534,1.715944,0.022587,0.184732,1.700794,-0.186059,0.183298,2.031410,0.046144,0.054892,1.961887,-0.249438,0.015920,1.759198,0.066177,0.015998,1.668218,-0.228256,0.036650
1.914305,-0.097786,0.190532,2.111290,-0.007306,0.197707,2.096128,-0.215940,0.195111,1.732481,0.020368,0.185954,1.717320,-0.188265,0.183358,2.065625,0.043332,0.057370,1.963362,-0.249635,0.015841,1.760562,0.066016,0.015968,1.694920,-0.230471,0.043490
1.930931,-0.099642,0.191889,2.127906,-0.009220,0.200000,2.112718,-0.217842,0.196717,1.749144,0.018558,0.187060,1.733956,-0.190064,0.183777,2.103988,0.040321,0.058700,1.964864,-0.249809,0.015959,1.761960,0.065896,0.015878,1.725878,-0.232884,0.046079
1.947809,-0.100910,0.192736,2.144781,-0.010517,0.201236,2.129570,-0.219136,0.197907,1.766048,0.017316,0.187565,1.750837,-0.191304,0.184236,2.141794,0.037602,0.055596,1.966392,-0.249912,0.016014,1.763341,0.065830,0.015841,1.763870,-0.235566,0.042308
1.965227,-0.101374,0.192639,2.162231,-0.010996,0.200552,2.146963,-0.219624,0.198122,1.783491,0.016876,0.187156,1.768224,-0.191752,0.184726,2.173902,0.035551,0.043753,1.967944,-0.249975,0.015865,1.764717,0.065821,0.015777,1.807580,-0.238491,0.037471
1.983398,-0.101145,0.191212,2.180498,-0.010789,0.196586,2.165139,-0.219423,0.195871,1.801658,0.017134,0.186552,1.786299,-0.191501,0.185837,2.190902,0.034638,0.015820,1.969585,-0.249984,0.015802,1.766050,0.065913,0.015898,1.851390,-0.241346,0.034210
2.001307,-0.101606,0.189261,2.198532,-0.011415,0.192203,2.182984,-0.220036,0.192252,1.819629,0.016823,0.186271,1.804081,-0.191798,0.186320,2.192006,0.034607,0.015998,1.974225,-0.250095,0.015931,1.767809,0.066222,0.015944,1.885640,-0.243490,0.027750
