-0.012301,0.013695,0.347588,0.179597,0.114689,0.343532,0.175719,-0.094132,0.355506,-0.200322,0.121522,0.339671,-0.204200,-0.087299,0.351645,0.206977,0.150146,0.176705,0.165457,-0.149048,0.188552,-0.198961,0.156683,0.159247,-0.209846,-0.141276,0.202549
-0.018867,0.019554,0.339696,0.173076,0.120514,0.337182,0.169112,-0.088491,0.345296,-0.206845,0.127600,0.334096,-0.210809,-0.081405,0.342210,0.191989,0.158400,0.150485,0.170361,-0.139224,0.210933,-0.233057,0.166044,0.139726,-0.204500,-0.133870,0.165690
-0.025107,0.025780,0.329022,0.166611,0.127160,0.326300,0.163118,-0.081880,0.333706,-0.213332,0.133439,0.324339,-0.216825,-0.075600,0.331745,0.168416,0.165207,0.117210,0.168013,-0.131909,0.207738,-0.242690,0.170961,0.085720,-0.205539,-0.128792,0.119525
-0.031671,0.032158,0.314549,0.159811,0.133986,0.311909,0.156800,-0.075037,0.319946,-0.220141,0.139353,0.309152,-0.223152,-0.069671,0.317189,0.143133,0.170844,0.081199,0.169390,-0.125578,0.193272,-0.243337,0.174541,0.032564,-0.208274,-0.124645,0.076049
-0.039015,0.037682,0.297619,0.150967,0.142189,0.292480,0.151003,-0.066805,0.301759,-0.229032,0.142168,0.293479,-0.228996,-0.066826,0.302759,0.124655,0.176676,0.044663,0.170281,-0.118291,0.166759,-0.238179,0.175325,0.015657,-0.210326,-0.123995,0.039761
-0.043273,0.039825,0.282820,0.142882,0.150102,0.267768,0.149674,-0.058881,0.274465,-0.236220,0.138532,0.291175,-0.229428,-0.070451,0.297872,0.096717,0.186035,0.016125,0.163367,-0.108698,0.125749,-0.238398,0.175136,0.015859,-0.232831,-0.124747,0.026710
-0.045369,0.039925,0.267471,0.138199,0.152069,0.239762,0.147666,-0.056796,0.246884,-0.238404,0.136645,0.288058,-0.228937,-0.072219,0.295180,0.091260,0.187833,0.015958,0.143112,-0.108594,0.068889,-0.238795,0.172866,0.015786,-0.254738,-0.128386,0.017334
-0.046684,0.038826,0.252553,0.135400,0.150654,0.215392,0.144868,-0.058226,0.222058,-0.238236,0.135878,0.283049,-0.228769,-0.073002,0.289715,0.089942,0.187746,0.015867,0.119413,-0.110685,0.040761,-0.227960,0.173436,0.018981,-0.254349,-0.128428,0.015623
-0.046475,0.038078,0.238622,0.133874,0.149614,0.193070,0.143338,-0.059274,0.199449,-0.236289,0.135431,0.277794,-0.226825,-0.073458,0.284173,0.088974,0.187689,0.015941,0.096300,-0.112182,0.027252,-0.201802,0.174679,0.021335,-0.253714,-0.128391,0.015744
-0.044916,0.037819,0.224871,0.133726,0.149043,0.172359,0.143190,-0.059843,0.178833,-0.233022,0.135480,0.270909,-0.223558,-0.073405,0.277383,0.088343,0.187662,0.016083,0.082637,-0.113006,0.020694,-0.175085,0.176050,0.026538,-0.252963,-0.128362,0.015840
-0.042068,0.037811,0.210932,0.135147,0.148729,0.153196,0.144607,-0.060147,0.159963,-0.228742,0.135770,0.261900,-0.219282,-0.073107,0.268667,0.088094,0.187675,0.016018,0.079265,-0.113303,0.015610,-0.155563,0.177107,0.030453,-0.252050,-0.128299,0.015904
-0.038517,0.037773,0.197005,0.137801,0.148462,0.136169,0.147247,-0.060405,0.143210,-0.224281,0.135952,0.250800,-0.214835,-0.072916,0.257841,0.088210,0.187694,0.016083,0.079423,-0.113292,0.015740,-0.145269,0.177649,0.031332,-0.251010,-0.128231,0.015896
-0.034780,0.037529,0.183439,0.141282,0.148168,0.121776,0.150728,-0.060698,0.128853,-0.220287,0.135756,0.238026,-0.210841,-0.073110,0.245103,0.088690,0.187729,0.016013,0.080904,-0.113211,0.015732,-0.143462,0.177652,0.028439,-0.249843,-0.128161,0.015947
-0.031314,0.037117,0.170059,0.145121,0.147816,0.109580,0.154513,-0.061059,0.116479,-0.217141,0.135294,0.223638,-0.207749,-0.073582,0.230537,0.089400,0.187738,0.015952,0.081572,-0.113186,0.015770,-0.147130,0.177313,0.022310,-0.248476,-0.128022,0.015939
-0.028482,0.036819,0.156616,0.149518,0.147258,0.100398,0.158234,-0.061662,0.106820,-0.215199,0.135301,0.206413,-0.206482,-0.073619,0.212835,0.090298,0.187700,0.015871,0.082268,-0.113140,0.015789,-0.152531,0.177566,0.015753,-0.244133,-0.126756,0.015829
-0.025974,0.036362,0.144038,0.153922,0.147122,0.094941,0.162599,-0.061807,0.101095,-0.214548,0.134531,0.186980,-0.205871,-0.074399,0.193135,0.091128,0.187690,0.015741,0.082994,-0.113133,0.015856,-0.151925,0.177593,0.015622,-0.233849,-0.126229,0.017991
-0.023496,0.035622,0.132295,0.158376,0.146781,0.092204,0.166959,-0.062173,0.097591,-0.213950,0.133417,0.166998,-0.205368,-0.075538,0.172385,0.091024,0.187558,0.016168,0.083649,-0.113204,0.015937,-0.151512,0.177583,0.015667,-0.215352,-0.125309,0.022751
-0.020564,0.034775,0.121626,0.162895,0.146354,0.091066,0.171436,-0.062627,0.095356,-0.212564,0.132177,0.147895,-0.204023,-0.076805,0.152185,0.100778,0.187884,0.021460,0.084254,-0.113317,0.015981,-0.151226,0.177467,0.015707,-0.197653,-0.124523,0.031347
-0.016782,0.034042,0.112885,0.167813,0.145967,0.091940,0.176333,-0.063038,0.094907,-0.209897,0.131123,0.130862,-0.201377,-0.077883,0.133829,0.115721,0.188437,0.028578,0.084828,-0.113381,0.015963,-0.150981,0.177382,0.015736,-0.184730,-0.124037,0.039438
-0.012221,0.033546,0.106383,0.173052,0.145673,0.094448,0.181558,-0.063346,0.096266,-0.206001,0.130439,0.116500,-0.197495,-0.078580,0.118318,0.131134,0.188945,0.035664,0.085321,-0.113451,0.015931,-0.150700,0.177303,0.015769,-0.176467,-0.123848,0.045314
-0.007140,0.033295,0.102074,0.178414,0.145517,0.097957,0.186922,-0.063508,0.098852,-0.201202,0.130098,0.105295,-0.192695,-0.078927,0.106190,0.144285,0.189372,0.040936,0.085750,-0.113469,0.015893,-0.150348,0.177273,0.015916,-0.170638,-0.123766,0.048262
-0.001764,0.033142,0.099687,0.183810,0.145384,0.101911,0.192318,-0.063643,0.102078,-0.195847,0.129927,0.097296,-0.187339,-0.079100,0.097463,0.154194,0.189618,0.042240,0.086151,-0.113521,0.015848,-0.149857,0.177222,0.015942,-0.164978,-0.123717,0.048267
0.003745,0.033180,0.098800,0.189218,0.145403,0.105648,0.197721,-0.063624,0.105398,-0.190231,0.129985,0.092202,-0.181728,-0.079042,0.091953,0.160589,0.189807,0.037772,0.086541,-0.113527,0.015784,-0.149228,0.177231,0.015978,-0.158316,-0.123522,0.045641
0.009315,0.033524,0.098910,0.194666,0.145749,0.108472,0.203169,-0.063278,0.108458,-0.184540,0.130325,0.089362,-0.176037,-0.078702,0.089348,0.163348,0.189968,0.027183,0.086940,-0.113487,0.015816,-0.148475,0.177285,0.015982,-0.150801,-0.123160,0.041553
0.014779,0.034187,0.099712,0.200062,0.146446,0.110179,0.208546,-0.062580,0.111179,-0.178988,0.130954,0.088244,-0.170503,-0.078071,0.089244,0.161287,0.189909,0.015962,0.087351,-0.113443,0.015860,-0.147627,0.177369,0.015884,-0.142676,-0.122684,0.036007
0.019974,0.034554,0.102458,0.205063,0.146792,0.116085,0.213501,-0.062234,0.117314,-0.173553,0.131341,0.087602,-0.165115,-0.077685,0.088832,0.161932,0.189950,0.015904,0.087584,-0.113401,0.015857,-0.146734,0.177490,0.015938,-0.131378,-0.122193,0.023872
0.025057,0.034447,0.107076,0.209574,0.146615,0.127395,0.217991,-0.062415,0.127937,-0.167878,0.131309,0.086215,-0.159460,-0.077721,0.086756,0.162454,0.189916,0.016011,0.087660,-0.113441,0.015868,-0.145770,0.177504,0.015923,-0.124978,-0.122003,0.016057
0.029784,0.034660,0.113870,0.213440,0.146796,0.141025,0.221844,-0.062234,0.141539,-0.162276,0.131555,0.086202,-0.153871,-0.077476,0.086716,0.162951,0.189946,0.015948,0.087701,-0.113423,0.015921,-0.144657,0.177577,0.015856,-0.124025,-0.121937,0.015972
0.033939,0.034767,0.122542,0.216394,0.146870,0.156959,0.224812,-0.062161,0.157379,-0.156934,0.131695,0.087705,-0.148515,-0.077335,0.088125,0.163443,0.189940,0.015920,0.094056,-0.113196,0.017014,-0.148910,0.177385,0.028027,-0.123085,-0.121943,0.015895
0.037764,0.034752,0.132366,0.218692,0.146734,0.174391,0.227096,-0.062297,0.174504,-0.151569,0.131801,0.090227,-0.143165,-0.077230,0.090340,0.164008,0.189936,0.015893,0.110288,-0.112565,0.018371,-0.151706,0.177262,0.051643,-0.122129,-0.121911,0.015857
0.041375,0.034813,0.142406,0.220606,0.146693,0.191398,0.229004,-0.062338,0.191378,-0.146253,0.131964,0.093433,-0.137856,-0.077067,0.093414,0.164625,0.189947,0.015832,0.127512,-0.111886,0.021453,-0.148914,0.177345,0.078667,-0.121245,-0.121879,0.015765
0.044899,0.034897,0.152318,0.222385,0.146679,0.207497,0.230771,-0.062353,0.207412,-0.140973,0.132147,0.097225,-0.132587,-0.076885,0.097140,0.165297,0.189953,0.015827,0.145351,-0.111193,0.025301,-0.142796,0.177560,0.097225,-0.120441,-0.121851,0.015904
0.048424,0.034958,0.161997,0.224226,0.146619,0.222548,0.232594,-0.062413,0.222341,-0.135746,0.132329,0.101653,-0.127378,-0.076703,0.101445,0.166021,0.189981,0.015862,0.163722,-0.110465,0.029114,-0.137565,0.177743,0.101689,-0.119742,-0.121799,0.015914
0.051904,0.035034,0.171244,0.226139,0.146603,0.236326,0.234500,-0.062429,0.236057,-0.130692,0.132498,0.106431,-0.122331,-0.076535,0.106162,0.166763,0.189998,0.015878,0.183784,-0.109684,0.033501,-0.132509,0.177911,0.106483,-0.119159,-0.121778,0.015923
0.055394,0.035210,0.180086,0.228334,0.146748,0.248587,0.236704,-0.062285,0.248370,-0.125916,0.132704,0.111803,-0.117545,-0.076328,0.111585,0.167510,0.190040,0.015921,0.205784,-0.108791,0.038002,-0.127735,0.178118,0.111849,-0.118721,-0.121762,0.015903
0.058954,0.035370,0.188488,0.230934,0.146870,0.259424,0.239293,-0.062163,0.259244,-0.121385,0.132903,0.117733,-0.113026,-0.076130,0.117553,0.168268,0.190059,0.015881,0.229265,-0.107864,0.042082,-0.123201,0.178317,0.117775,-0.118434,-0.121745,0.015891
0.062646,0.035484,0.196299,0.234051,0.146952,0.268662,0.242413,-0.062081,0.268451,-0.117121,0.133049,0.124146,-0.108759,-0.075983,0.123935,0.169010,0.190091,0.015901,0.253851,-0.106885,0.045576,-0.118938,0.178463,0.124191,-0.118258,-0.121741,0.015879
0.066585,0.035599,0.203319,0.237892,0.147056,0.275929,0.246261,-0.061977,0.275683,-0.113092,0.133174,0.130954,-0.104723,-0.075858,0.130709,0.169736,0.190119,0.015927,0.279173,-0.105879,0.048947,-0.114910,0.178588,0.131008,-0.118192,-0.121749,0.015876
0.070902,0.035744,0.209398,0.242627,0.147217,0.280991,0.251000,-0.061815,0.280729,-0.109196,0.133303,0.138066,-0.100823,-0.075729,0.137805,0.170419,0.190142,0.015911,0.304452,-0.104876,0.052429,-0.111015,0.178716,0.138121,-0.118213,-0.121760,0.015881
0.075697,0.035957,0.214394,0.248359,0.147480,0.283617,0.256738,-0.061552,0.283365,-0.105344,0.133467,0.145422,-0.096965,-0.075565,0.145170,0.171048,0.190189,0.015870,0.328616,-0.103883,0.055644,-0.107165,0.178880,0.145478,-0.118309,-0.121752,0.015889
0.081054,0.036255,0.218120,0.255123,0.147867,0.283572,0.263500,-0.061165,0.283418,-0.101393,0.133675,0.152822,-0.093015,-0.075357,0.152669,0.171563,0.190201,0.015819,0.350232,-0.103010,0.057589,-0.103214,0.179088,0.152859,-0.118448,-0.121763,0.015896
0.086970,0.036659,0.220354,0.262815,0.148386,0.280660,0.271185,-0.060646,0.280669,-0.097244,0.133965,0.160039,-0.088874,-0.075068,0.160048,0.171952,0.190223,0.015804,0.367878,-0.102271,0.056919,-0.099063,0.179378,0.160041,-0.118598,-0.121751,0.015903
0.093412,0.037262,0.220821,0.271297,0.149146,0.274489,0.279659,-0.059887,0.274815,-0.092835,0.134411,0.166828,-0.084472,-0.074622,0.167154,0.172194,0.190264,0.015846,0.380614,-0.101682,0.052485,-0.094652,0.179824,0.166759,-0.118754,-0.121716,0.015910
0.100286,0.037964,0.219313,0.280294,0.150019,0.264941,0.288670,-0.059012,0.265664,-0.088097,0.134939,0.172961,-0.079721,-0.074092,0.173684,0.172358,0.190320,0.015860,0.387887,-0.101290,0.043695,-0.089917,0.180353,0.172806,-0.118871,-0.121692,0.015908
0.107486,0.038567,0.215900,0.289487,0.150734,0.252442,0.297871,-0.058295,0.253481,-0.082900,0.135428,0.178320,-0.074515,-0.073601,0.179359,0.172473,0.190352,0.015865,0.389167,-0.101236,0.028949,-0.084724,0.180841,0.178102,-0.118936,-0.121682,0.015922
0.114918,0.038849,0.211108,0.298532,0.151048,0.238282,0.306929,-0.057981,0.239338,-0.077093,0.135679,0.182877,-0.068696,-0.073350,0.183933,0.172646,0.190355,0.015850,0.386754,-0.101390,0.015961,-0.078918,0.181091,0.182649,-0.118901,-0.121703,0.015923
0.121613,0.039307,0.207243,0.306105,0.151517,0.227549,0.314492,-0.057511,0.228810,-0.071267,0.136124,0.185675,-0.062880,-0.072904,0.186937,0.172938,0.190385,0.015884,0.386197,-0.101406,0.015876,-0.072542,0.181549,0.183798,-0.118784,-0.121666,0.015909
0.127601,0.039780,0.204775,0.312524,0.152000,0.220617,0.320912,-0.057026,0.222114,-0.065710,0.136586,0.187437,-0.057323,-0.072441,0.188934,0.173302,0.190435,0.015917,0.385946,-0.101382,0.015889,-0.065594,0.182039,0.181973,-0.118627,-0.121628,0.015905
0.133286,0.040138,0.203127,0.318457,0.152355,0.215782,0.326844,-0.056670,0.217427,-0.060273,0.136947,0.188826,-0.051886,-0.072079,0.190472,0.173713,0.190462,0.015944,0.385872,-0.101376,0.015888,-0.058341,0.182435,0.178997,-0.118457,-0.121612,0.015900
0.138832,0.040466,0.201928,0.324163,0.152677,0.212056,0.332551,-0.056347,0.213815,-0.054887,0.137280,0.190042,-0.046498,-0.071744,0.191801,0.174135,0.190494,0.015975,0.385894,-0.101361,0.015886,-0.050746,0.182807,0.174903,-0.118294,-0.121594,0.015890
0.144333,0.040779,0.201042,0.329776,0.152981,0.208975,0.338165,-0.056043,0.210831,-0.049499,0.137601,0.191253,-0.041110,-0.071423,0.193110,0.174580,0.190526,0.015977,0.385989,-0.101343,0.015889,-0.042605,0.183173,0.169466,-0.118144,-0.121577,0.015880
0.149802,0.041061,0.200387,0.335331,0.153250,0.206208,0.343720,-0.055773,0.208146,-0.044115,0.137896,0.192628,-0.035727,-0.071127,0.194566,0.175027,0.190541,0.015966,0.386120,-0.101343,0.015890,-0.033741,0.183522,0.162591,-0.118032,-0.121575,0.015868
0.155245,0.041336,0.199889,0.340837,0.153511,0.203536,0.349230,-0.055511,0.205519,-0.038740,0.138183,0.194259,-0.030348,-0.070839,0.196242,0.175477,0.190581,0.015944,0.386272,-0.101311,0.015894,-0.023937,0.183887,0.154272,-0.117957,-0.121556,0.015861
0.160665,0.041550,0.199472,0.346300,0.153705,0.200796,0.354693,-0.055317,0.202791,-0.033364,0.138417,0.196152,-0.024971,-0.070605,0.198147,0.175923,0.190588,0.015927,0.386438,-0.101315,0.015891,-0.012898,0.184235,0.144629,-0.117917,-0.121566,0.015858
0.166022,0.041809,0.199035,0.351674,0.153938,0.197756,0.360064,-0.055084,0.199792,-0.028020,0.138702,0.198279,-0.019630,-0.070320,0.200315,0.176371,0.190619,0.015902,0.386604,-0.101298,0.015891,-0.000510,0.184668,0.133927,-0.117925,-0.121551,0.015855
0.171332,0.042053,0.198519,0.356961,0.154152,0.194370,0.365350,-0.054870,0.196449,-0.022685,0.138976,0.200589,-0.014296,-0.070045,0.202668,0.176808,0.190634,0.015821,0.386763,-0.101295,0.015888,0.013670,0.185145,0.122215,-0.117968,-0.121552,0.015857
0.176600,0.042236,0.197897,0.362154,0.154301,0.190649,0.370543,-0.054721,0.192719,-0.017342,0.139193,0.203074,-0.008953,-0.069828,0.205144,0.177224,0.190636,0.015828,0.386918,-0.101303,0.015883,0.029546,0.185642,0.109945,-0.118041,-0.121570,0.015860
0.181816,0.042404,0.197125,0.367227,0.154436,0.186505,0.375620,-0.054586,0.188518,-0.011988,0.139394,0.205732,-0.003595,-0.069628,0.207746,0.177652,0.190668,0.015766,0.387060,-0.101278,0.015878,0.046845,0.186200,0.097227,-0.118146,-0.121564,0.015868
0.186999,0.042603,0.196167,0.372180,0.154594,0.181779,0.380579,-0.054427,0.183788,-0.006580,0.139632,0.208546,0.001818,-0.069389,0.210555,0.178082,0.190688,0.015761,0.387194,-0.101265,0.015880,0.064631,0.186787,0.084194,-0.118292,-0.121576,0.015875
0.192171,0.042847,0.195028,0.377018,0.154781,0.176497,0.385415,-0.054241,0.178532,-0.001073,0.139934,0.211524,0.007324,-0.069088,0.213560,0.178517,0.190731,0.015809,0.387320,-0.101237,0.015873,0.081729,0.187378,0.070766,-0.118480,-0.121555,0.015886
0.197346,0.043083,0.193637,0.381736,0.154951,0.170685,0.390136,-0.054069,0.172791,0.004556,0.140236,0.214483,0.012955,-0.068785,0.216589,0.178943,0.190732,0.015854,0.387451,-0.101247,0.015851,0.096524,0.187837,0.057332,-0.118694,-0.121586,0.015888
0.202515,0.043327,0.191802,0.386349,0.155113,0.164417,0.394740,-0.053907,0.166586,0.010289,0.140562,0.217019,0.018680,-0.068458,0.219188,0.179379,0.190751,0.015884,0.387591,-0.101248,0.015837,0.107710,0.188171,0.044447,-0.118890,-0.121581,0.015895
0.207552,0.043602,0.189118,0.390759,0.155313,0.157545,0.399161,-0.053706,0.159818,0.015943,0.140910,0.218417,0.024344,-0.068109,0.220690,0.179817,0.190784,0.015900,0.387738,-0.101220,0.015825,0.114709,0.188351,0.032876,-0.119002,-0.121587,0.015887
0.212194,0.043831,0.184975,0.394793,0.155488,0.149881,0.403227,-0.053528,0.152280,0.021162,0.141190,0.217670,0.029596,-0.067826,0.220068,0.180248,0.190784,0.015898,0.387872,-0.101204,0.015816,0.118087,0.188346,0.022038,-0.118807,-0.121647,0.015877
0.216210,0.044174,0.178833,0.398324,0.155750,0.141061,0.406786,-0.053261,0.143786,0.025634,0.141610,0.213879,0.034097,-0.067401,0.216605,0.180677,0.190797,0.015939,0.387983,-0.101183,0.015807,0.118673,0.188286,0.015937,-0.113926,-0.121505,0.015781
0.219668,0.044327,0.171157,0.401572,0.155850,0.132239,0.410035,-0.053158,0.135124,0.029302,0.141812,0.207190,0.037765,-0.067197,0.210075,0.183313,0.190899,0.015947,0.388126,-0.101185,0.015790,0.119167,0.188302,0.015937,-0.100637,-0.120893,0.021673
0.223035,0.044319,0.162462,0.405170,0.155891,0.124783,0.413646,-0.053118,0.127614,0.032423,0.141756,0.197311,0.040900,-0.067253,0.200142,0.195045,0.191387,0.015960,0.388393,-0.101147,0.015846,0.119668,0.188330,0.015948,-0.076353,-0.119791,0.030999
0.226688,0.044182,0.152990,0.409515,0.155881,0.119242,0.418012,-0.053130,0.121894,0.035365,0.141493,0.184086,0.043862,-0.067517,0.186738,0.210897,0.192047,0.020726,0.388844,-0.101152,0.015921,0.120163,0.188298,0.015918,-0.044297,-0.118487,0.037440
0.230803,0.043884,0.143170,0.414635,0.155764,0.116158,0.423120,-0.053253,0.118277,0.038485,0.141021,0.168063,0.046970,-0.067996,0.170183,0.229301,0.192853,0.029636,0.389451,-0.101147,0.015958,0.120614,0.188302,0.015867,-0.010578,-0.117138,0.040399
0.235436,0.043488,0.133607,0.420327,0.155536,0.116239,0.428776,-0.053489,0.117590,0.042097,0.140464,0.149623,0.050545,-0.068561,0.150975,0.251366,0.193691,0.038304,0.390164,-0.101195,0.015942,0.121000,0.188276,0.015776,0.020021,-0.115983,0.042578
0.240724,0.043060,0.124928,0.426291,0.155220,0.119806,0.434722,-0.053810,0.120230,0.046725,0.139930,0.129627,0.055157,-0.069099,0.130051,0.275901,0.194488,0.044259,0.390897,-0.101276,0.015883,0.121296,0.188194,0.015724,0.044709,-0.115179,0.045616
0.246657,0.042793,0.117880,0.432087,0.154942,0.126802,0.440521,-0.054087,0.126385,0.052794,0.139674,0.109375,0.061228,-0.069356,0.108958,0.300527,0.195279,0.047616,0.391559,-0.101330,0.015935,0.121500,0.188120,0.015684,0.062573,-0.114668,0.048302
0.253008,0.042755,0.113362,0.437209,0.154775,0.137082,0.445666,-0.054251,0.136032,0.060350,0.139761,0.090692,0.068807,-0.069265,0.089643,0.324120,0.196128,0.049454,0.392136,-0.101301,0.015826,0.121664,0.188106,0.015644,0.075008,-0.114298,0.049067
0.259308,0.042831,0.112143,0.441181,0.154623,0.150432,0.449640,-0.054401,0.149033,0.068976,0.140064,0.075253,0.077435,-0.068961,0.073854,0.346600,0.196947,0.051359,0.392610,-0.101305,0.015822,0.121887,0.188092,0.015612,0.084439,-0.113990,0.047638
0.265041,0.042953,0.114386,0.443690,0.154492,0.166202,0.452154,-0.054531,0.164654,0.077929,0.140438,0.064118,0.086393,-0.068585,0.062570,0.366987,0.197709,0.053570,0.393026,-0.101311,0.015793,0.122317,0.188082,0.015703,0.092908,-0.113676,0.044450
0.269761,0.043076,0.119578,0.444656,0.154416,0.183267,0.453173,-0.054605,0.181706,0.086349,0.140756,0.057450,0.094866,-0.068265,0.055889,0.384152,0.198402,0.054461,0.393431,-0.101289,0.015804,0.123085,0.188052,0.015847,0.101542,-0.113358,0.039285
0.273327,0.043144,0.126800,0.444520,0.154247,0.200219,0.453037,-0.054773,0.198618,0.093617,0.141061,0.054982,0.102134,-0.067959,0.053382,0.397134,0.198946,0.051293,0.393859,-0.101274,0.015857,0.124212,0.188095,0.016073,0.110303,-0.112951,0.031993
0.276010,0.043007,0.134929,0.444089,0.153826,0.215611,0.452610,-0.055192,0.213736,0.099409,0.141205,0.056122,0.107930,-0.067813,0.054247,0.405327,0.199278,0.043660,0.394315,-0.101283,0.015861,0.125558,0.188119,0.016161,0.118988,-0.112555,0.021201
0.278146,0.042824,0.143167,0.444550,0.153416,0.227549,0.453065,-0.055599,0.225371,0.103227,0.141247,0.060964,0.111742,-0.067769,0.058786,0.407449,0.199429,0.032359,0.394781,-0.101281,0.015917,0.126825,0.188166,0.016044,0.122184,-0.112388,0.015989
0.281037,0.043327,0.150835,0.447427,0.154109,0.234997,0.455778,-0.054920,0.233627,0.106297,0.141574,0.068044,0.114648,-0.067455,0.066674,0.399996,0.199138,0.015796,0.395179,-0.101402,0.015959,0.127969,0.188270,0.015805,0.122924,-0.112279,0.016007
0.284349,0.043770,0.158529,0.450933,0.154747,0.242045,0.459273,-0.054285,0.241161,0.109426,0.141825,0.075896,0.117765,-0.067207,0.075012,0.400589,0.199181,0.015880,0.404339,-0.101022,0.018714,0.122198,0.188022,0.028392,0.123463,-0.112217,0.015914
0.287535,0.043953,0.166747,0.454033,0.154991,0.250352,0.462392,-0.054041,0.249593,0.112678,0.141947,0.083900,0.121036,-0.067085,0.083141,0.401246,0.199219,0.015892,0.419950,-0.100406,0.024293,0.114347,0.187581,0.061533,0.123845,-0.112215,0.015877
0.290759,0.044121,0.175478,0.457333,0.155188,0.258895,0.465684,-0.053844,0.258215,0.115834,0.142086,0.092741,0.124185,-0.066946,0.092062,0.401946,0.199252,0.015910,0.440293,-0.099603,0.030052,0.114021,0.187499,0.092875,0.124042,-0.112191,0.015911
0.294300,0.044212,0.184541,0.461163,0.155290,0.267364,0.469528,-0.053742,0.266646,0.119072,0.142167,0.102436,0.127437,-0.066865,0.101718,0.402709,0.199301,0.015862,0.464644,-0.098629,0.035217,0.117255,0.187580,0.102589,0.124083,-0.112191,0.015867
0.298180,0.044350,0.193116,0.465545,0.155462,0.274872,0.473906,-0.053570,0.274191,0.122454,0.142269,0.112040,0.130814,-0.066763,0.111360,0.403478,0.199309,0.015909,0.491449,-0.097594,0.040613,0.120637,0.187683,0.112191,0.124037,-0.112209,0.015867
0.302390,0.044479,0.200792,0.470581,0.155634,0.280776,0.478952,-0.053397,0.280083,0.125828,0.142356,0.121501,0.134199,-0.066676,0.120808,0.404232,0.199341,0.015919,0.518507,-0.096523,0.045691,0.124008,0.187769,0.121657,0.123925,-0.112226,0.015862
0.306999,0.044586,0.207342,0.476408,0.155779,0.284660,0.484786,-0.053252,0.283898,0.129213,0.142424,0.130786,0.137591,-0.066607,0.130024,0.404924,0.199380,0.015890,0.545049,-0.095473,0.050518,0.127392,0.187837,0.130953,0.123762,-0.112232,0.015874
0.312116,0.044792,0.212571,0.483180,0.156064,0.286035,0.491543,-0.052968,0.285304,0.132689,0.142552,0.139838,0.141052,-0.066479,0.139107,0.405541,0.199388,0.015842,0.569941,-0.094512,0.054560,0.130871,0.187966,0.140000,0.123561,-0.112235,0.015893
0.317807,0.045097,0.216297,0.490892,0.156495,0.284659,0.499256,-0.052536,0.284012,0.136359,0.142731,0.148582,0.144723,-0.066301,0.147934,0.406027,0.199419,0.015789,0.591630,-0.093622,0.056698,0.134540,0.188144,0.148729,0.123347,-0.112233,0.015902
0.324067,0.045578,0.218295,0.499446,0.157155,0.280214,0.507810,-0.051877,0.279795,0.140324,0.143033,0.156796,0.148688,-0.065999,0.156377,0.406363,0.199447,0.015841,0.608809,-0.092873,0.055580,0.138507,0.188447,0.156888,0.123145,-0.112226,0.015912
0.330833,0.046219,0.218315,0.508657,0.158001,0.272395,0.517019,-0.051032,0.272337,0.144648,0.143469,0.164292,0.153010,-0.065563,0.164234,0.406574,0.199476,0.015867,0.620547,-0.092314,0.050046,0.142829,0.188883,0.164312,0.122961,-0.112210,0.015913
0.338008,0.046959,0.216276,0.518209,0.158937,0.261326,0.526578,-0.050095,0.261698,0.149438,0.144013,0.170854,0.157806,-0.065019,0.171226,0.406698,0.199523,0.015876,0.626347,-0.091983,0.039298,0.147620,0.189427,0.170773,0.122847,-0.112181,0.015934
0.345499,0.047501,0.212433,0.527804,0.159578,0.247714,0.536157,-0.049455,0.248355,0.154841,0.144456,0.176511,0.163194,-0.064576,0.177151,0.406878,0.199521,0.015855,0.625343,-0.092074,0.020973,0.153026,0.189869,0.176374,0.122808,-0.112171,0.015928
0.352813,0.048027,0.208153,0.536511,0.160170,0.234992,0.544868,-0.048861,0.235875,0.160757,0.144916,0.180431,0.169115,-0.064116,0.181314,0.407119,0.199558,0.015876,0.625005,-0.092073,0.015888,0.158941,0.190329,0.180242,0.122890,-0.112149,0.015917
0.359303,0.048691,0.205218,0.543699,0.160883,0.226485,0.552058,-0.048146,0.227787,0.166549,0.145528,0.182649,0.174907,-0.063501,0.183951,0.407468,0.199610,0.015909,0.624627,-0.092052,0.015891,0.165034,0.190948,0.181571,0.123055,-0.112109,0.015911
0.365314,0.049210,0.203257,0.550123,0.161418,0.220468,0.558480,-0.047609,0.222080,0.172149,0.146028,0.184433,0.180506,-0.062999,0.186046,0.407868,0.199640,0.015937,0.624458,-0.092049,0.015888,0.171500,0.191464,0.181174,0.123219,-0.112090,0.015908
0.371073,0.049683,0.201877,0.556149,0.161894,0.215903,0.564504,-0.047131,0.217779,0.177642,0.146496,0.185975,0.185997,-0.062529,0.187851,0.408294,0.199678,0.015972,0.624418,-0.092036,0.015884,0.178405,0.191954,0.179271,0.123379,-0.112063,0.015896
0.376705,0.050079,0.200892,0.561964,0.162285,0.212303,0.570319,-0.046738,0.214348,0.183091,0.146897,0.187436,0.191446,-0.062126,0.189480,0.408735,0.199728,0.015976,0.624455,-0.092004,0.015883,0.185905,0.192383,0.175716,0.123526,-0.112028,0.015885
0.382270,0.050438,0.200193,0.567664,0.162633,0.209279,0.576018,-0.046389,0.211471,0.188521,0.147265,0.188914,0.196876,-0.061757,0.191106,0.409190,0.199760,0.015969,0.624557,-0.091989,0.015886,0.194078,0.192782,0.170478,0.123659,-0.112010,0.015875
0.387785,0.050751,0.199691,0.573287,0.162926,0.206548,0.581635,-0.046095,0.208864,0.193935,0.147596,0.190518,0.202283,-0.061424,0.192834,0.409648,0.199767,0.015949,0.624696,-0.092002,0.015886,0.203003,0.193150,0.163679,0.123766,-0.112010,0.015866
0.393249,0.051056,0.199297,0.578831,0.163214,0.203865,0.587182,-0.045806,0.206269,0.199315,0.147918,0.192326,0.207666,-0.061102,0.194729,0.410092,0.199800,0.015936,0.624848,-0.091979,0.015886,0.212899,0.193524,0.155306,0.123836,-0.111997,0.015859
0.398657,0.051369,0.198926,0.584299,0.163502,0.201025,0.592650,-0.045517,0.203521,0.204664,0.148254,0.194330,0.213015,-0.060764,0.196826,0.410530,0.199838,0.015913,0.625012,-0.091954,0.015888,0.223988,0.193933,0.145550,0.123867,-0.111977,0.015856
0.404002,0.051643,0.198513,0.589675,0.163744,0.197941,0.598024,-0.045273,0.200510,0.209981,0.148560,0.196517,0.218330,-0.060457,0.199085,0.410970,0.199858,0.015845,0.625175,-0.091947,0.015884,0.236568,0.194351,0.134602,0.123867,-0.111972,0.015853
0.409299,0.051826,0.198030,0.594962,0.163892,0.194636,0.603311,-0.045125,0.197182,0.215287,0.148778,0.198878,0.223636,-0.060239,0.201423,0.411414,0.199873,0.015827,0.625329,-0.091944,0.015882,0.250845,0.194763,0.122866,0.123838,-0.111975,0.015853
0.414534,0.051994,0.197398,0.600136,0.164025,0.190910,0.608489,-0.044993,0.193420,0.220578,0.148982,0.201376,0.228931,-0.060036,0.203886,0.411853,0.199887,0.015788,0.625475,-0.091936,0.015885,0.266688,0.195225,0.110672,0.123780,-0.111986,0.015855
0.419686,0.052177,0.196549,0.605165,0.164163,0.186640,0.613517,-0.044856,0.189119,0.225855,0.149211,0.203979,0.234208,-0.059808,0.206458,0.412284,0.199918,0.015755,0.625604,-0.091917,0.015873,0.283914,0.195764,0.098018,0.123689,-0.111974,0.015863
0.424774,0.052383,0.195506,0.610045,0.164314,0.181813,0.618397,-0.044705,0.184311,0.231151,0.149471,0.206701,0.239503,-0.059547,0.209200,0.412705,0.199933,0.015796,0.625724,-0.091915,0.015867,0.301572,0.196320,0.085027,0.123561,-0.111980,0.015869
0.429842,0.052582,0.194298,0.614801,0.164451,0.176506,0.623154,-0.044567,0.179016,0.236530,0.149731,0.209581,0.244883,-0.059287,0.212091,0.413129,0.199951,0.015841,0.625837,-0.091909,0.015867,0.318519,0.196840,0.071597,0.123398,-0.111988,0.015878
0.434921,0.052834,0.192870,0.619456,0.164621,0.170696,0.627805,-0.044396,0.173291,0.242037,0.150063,0.212450,0.250387,-0.058954,0.215045,0.413550,0.199963,0.015874,0.625956,-0.091914,0.015858,0.333281,0.197280,0.058011,0.123208,-0.111998,0.015880
0.440045,0.053047,0.191052,0.624054,0.164750,0.164512,0.632398,-0.044267,0.167143,0.247693,0.150361,0.214961,0.256036,-0.058656,0.217592,0.413981,0.199984,0.015896,0.626094,-0.091912,0.015839,0.344630,0.197578,0.044698,0.123036,-0.111993,0.015885
0.445070,0.053284,0.188425,0.628484,0.164898,0.157718,0.636827,-0.044118,0.160436,0.253314,0.150686,0.216415,0.261657,-0.058330,0.219132,0.414420,0.199999,0.015897,0.626233,-0.091911,0.015825,0.351783,0.197718,0.032717,0.122937,-0.112000,0.015885
0.449725,0.053551,0.184364,0.632561,0.165078,0.150099,0.640906,-0.043936,0.152944,0.258544,0.151038,0.215783,0.266890,-0.057976,0.218629,0.414849,0.200049,0.015924,0.626364,-0.091874,0.015821,0.355311,0.197749,0.021638,0.123032,-0.111970,0.015921
0.453739,0.053864,0.178311,0.636134,0.165257,0.141369,0.644447,-0.043754,0.144508,0.263032,0.151481,0.212113,0.271344,-0.057530,0.215253,0.415284,0.200081,0.015953,0.626465,-0.091893,0.015806,0.356282,0.197735,0.015947,0.128399,-0.111702,0.015770
0.457273,0.053909,0.170719,0.639474,0.165305,0.132839,0.647813,-0.043705,0.135971,0.266734,0.151523,0.205466,0.275073,-0.057487,0.208598,0.418801,0.200241,0.015913,0.626606,-0.091843,0.015790,0.356772,0.197767,0.015961,0.142843,-0.111059,0.021339
0.460671,0.054047,0.161801,0.643154,0.165432,0.125270,0.651483,-0.043576,0.128604,0.269860,0.151669,0.194997,0.278189,-0.057339,0.198331,0.433126,0.200816,0.016303,0.626880,-0.091847,0.015856,0.357274,0.197788,0.015950,0.167162,-0.109944,0.029726
0.464452,0.053963,0.152026,0.647636,0.165472,0.119615,0.655982,-0.043536,0.122850,0.272922,0.151462,0.181203,0.281268,-0.057547,0.184437,0.450143,0.201558,0.021421,0.627338,-0.091827,0.015908,0.357771,0.197784,0.015916,0.198595,-0.108629,0.036534
0.468715,0.053688,0.141982,0.652867,0.165387,0.116438,0.661207,-0.043628,0.119235,0.276222,0.151004,0.164729,0.284563,-0.058011,0.167527,0.469313,0.202398,0.030146,0.627938,-0.091828,0.015971,0.358225,0.197774,0.015866,0.231260,-0.107335,0.040001
0.473486,0.053284,0.132366,0.658595,0.165206,0.116580,0.666940,-0.043817,0.118659,0.280031,0.150385,0.146073,0.288377,-0.058638,0.148153,0.491942,0.203263,0.038410,0.628646,-0.091856,0.016019,0.358591,0.197713,0.015778,0.260790,-0.106278,0.042706
0.478894,0.052879,0.123813,0.664548,0.164957,0.120304,0.672894,-0.044073,0.121449,0.284895,0.149832,0.126178,0.293240,-0.059199,0.127323,0.516697,0.204124,0.044157,0.629382,-0.091875,0.015895,0.358870,0.197667,0.015729,0.284463,-0.105481,0.046091
0.484908,0.052666,0.117048,0.670290,0.164758,0.127546,0.678622,-0.044276,0.127930,0.291194,0.149607,0.106167,0.299527,-0.059426,0.106550,0.541058,0.204945,0.047362,0.630042,-0.091904,0.015871,0.359056,0.197632,0.015692,0.301543,-0.104938,0.048883
