0.023430,0.007189,0.341251,0.216642,0.105719,0.342648,0.210024,-0.103373,0.341404,-0.163164,0.117750,0.341098,-0.169782,-0.091341,0.339853,0.205375,0.152588,0.168196,0.222609,-0.148222,0.169618,-0.159053,0.164151,0.163556,-0.146204,-0.136534,0.167326
0.033501,0.011064,0.329398,0.228449,0.106112,0.330764,0.218066,-0.102827,0.331790,-0.151064,0.124955,0.327006,-0.161448,-0.083985,0.328032,0.193132,0.152471,0.146888,0.252899,-0.150790,0.184130,-0.170109,0.170662,0.175224,-0.113274,-0.132849,0.131804
0.042053,0.014725,0.314067,0.237792,0.108104,0.316886,0.225625,-0.100742,0.317219,-0.141519,0.130191,0.310915,-0.153685,-0.078654,0.311248,0.211319,0.154860,0.120277,0.271939,-0.149177,0.185641,-0.157140,0.176397,0.165982,-0.069300,-0.129437,0.098478
0.051369,0.018280,0.294973,0.247381,0.111009,0.299606,0.234546,-0.097794,0.298698,-0.131809,0.134355,0.291247,-0.144644,-0.074449,0.290340,0.237181,0.158034,0.101576,0.279472,-0.145481,0.158039,-0.137731,0.180961,0.128873,-0.051575,-0.124761,0.072853
0.061729,0.021926,0.271883,0.257967,0.114066,0.278374,0.244504,-0.094699,0.277668,-0.121045,0.138551,0.266098,-0.134508,-0.070215,0.265393,0.241122,0.161391,0.073296,0.277793,-0.141825,0.110522,-0.111206,0.184086,0.081220,-0.049625,-0.120485,0.044104
0.072556,0.025840,0.244442,0.269171,0.117107,0.251786,0.254651,-0.091574,0.254259,-0.109540,0.143254,0.234625,-0.124060,-0.065427,0.237099,0.227769,0.163123,0.047047,0.263310,-0.140229,0.044289,-0.075048,0.183964,0.027728,-0.052460,-0.118600,0.015391
0.083267,0.029975,0.217672,0.280048,0.121137,0.220473,0.265344,-0.087401,0.228259,-0.098810,0.147351,0.207086,-0.113514,-0.061187,0.214872,0.218175,0.163428,0.015145,0.255469,-0.140223,0.016009,-0.070131,0.183785,0.015911,-0.050575,-0.118651,0.015814
0.091522,0.034502,0.198601,0.288338,0.125362,0.191587,0.273782,-0.082852,0.205721,-0.090737,0.151856,0.191481,-0.105294,-0.056358,0.205615,0.218055,0.163997,0.015645,0.255029,-0.140078,0.016098,-0.068766,0.184072,0.015989,-0.049045,-0.118851,0.015644
0.096039,0.037896,0.185298,0.292728,0.128157,0.170897,0.278258,-0.079622,0.190474,-0.086181,0.155414,0.180123,-0.100651,-0.052365,0.199700,0.218219,0.164473,0.015581,0.254760,-0.140188,0.015970,-0.067818,0.184432,0.015993,-0.046436,-0.119247,0.015604
0.098015,0.039327,0.176526,0.294645,0.128977,0.158077,0.280069,-0.078488,0.180662,-0.084039,0.157142,0.172390,-0.098616,-0.050324,0.194975,0.218299,0.164658,0.015568,0.268434,-0.141440,0.015869,-0.067287,0.184772,0.016019,-0.046139,-0.119361,0.015666
0.098846,0.038732,0.171788,0.295440,0.128172,0.151973,0.280788,-0.079300,0.174457,-0.083095,0.156763,0.169119,-0.097747,-0.050709,0.191602,0.218394,0.164661,0.015580,0.292547,-0.142883,0.018280,-0.067471,0.184890,0.015950,-0.045931,-0.119270,0.015592
0.099335,0.036429,0.170645,0.295741,0.126383,0.151302,0.281439,-0.081380,0.171168,-0.082769,0.154239,0.170123,-0.097071,-0.053524,0.189988,0.218393,0.164499,0.015624,0.313123,-0.143547,0.022432,-0.078625,0.185170,0.017980,-0.045812,-0.119495,0.015571
0.099663,0.033004,0.171733,0.295865,0.123749,0.154096,0.282013,-0.084408,0.169708,-0.082687,0.150415,0.173759,-0.096540,-0.057741,0.189370,0.218372,0.164204,0.015696,0.322935,-0.143494,0.027239,-0.095854,0.185750,0.024164,-0.045725,-0.119832,0.015619
0.099915,0.029075,0.173920,0.295980,0.120539,0.158635,0.282468,-0.087949,0.169343,-0.082639,0.146099,0.178496,-0.096151,-0.062390,0.189205,0.218390,0.163834,0.015741,0.322973,-0.143430,0.028181,-0.108834,0.185812,0.030727,-0.045596,-0.120183,0.015701
0.099998,0.025001,0.176548,0.295949,0.117067,0.163584,0.282714,-0.091635,0.169319,-0.082718,0.141636,0.183777,-0.095952,-0.067066,0.189513,0.218403,0.163482,0.015797,0.317444,-0.143361,0.025025,-0.116679,0.185294,0.036290,-0.045608,-0.120593,0.015764
0.099915,0.021010,0.179099,0.295817,0.113421,0.167986,0.282660,-0.095362,0.168965,-0.082831,0.137383,0.189232,-0.095988,-0.071400,0.190211,0.218423,0.163126,0.015845,0.309369,-0.143292,0.018303,-0.120335,0.184589,0.040263,-0.045578,-0.120935,0.015816
0.099724,0.017383,0.181311,0.295588,0.110055,0.171814,0.282483,-0.098708,0.168531,-0.083035,0.133474,0.194091,-0.096140,-0.075290,0.190808,0.218381,0.162899,0.015900,0.306115,-0.143336,0.015809,-0.120648,0.183770,0.042114,-0.045593,-0.121256,0.015818
0.099579,0.014430,0.183038,0.295446,0.107254,0.175227,0.282357,-0.101429,0.168550,-0.083200,0.130289,0.197527,-0.096288,-0.078394,0.190850,0.218414,0.162744,0.015973,0.306046,-0.143591,0.015829,-0.118599,0.183043,0.042162,-0.045607,-0.121536,0.015849
0.099464,0.012281,0.184046,0.295364,0.105159,0.177865,0.282267,-0.103430,0.168712,-0.083339,0.127993,0.199379,-0.096435,-0.080596,0.190226,0.218430,0.162675,0.016003,0.306025,-0.143797,0.015836,-0.116334,0.182561,0.041825,-0.045571,-0.121723,0.015874
0.099434,0.010916,0.184264,0.295395,0.103744,0.179420,0.282236,-0.104766,0.168704,-0.083368,0.126598,0.199824,-0.096527,-0.081913,0.189108,0.218376,0.162601,0.016037,0.306031,-0.144012,0.015843,-0.115474,0.182335,0.042010,-0.045547,-0.121828,0.015894
0.099403,0.010218,0.183811,0.295405,0.103002,0.179856,0.282213,-0.105463,0.168321,-0.083406,0.125898,0.199301,-0.096598,-0.082567,0.187765,0.218390,0.162551,0.016041,0.305994,-0.144139,0.015825,-0.116406,0.182266,0.042638,-0.045510,-0.121899,0.015898
0.099342,0.009993,0.182901,0.295375,0.102729,0.179420,0.282147,-0.105715,0.167566,-0.083463,0.125700,0.198237,-0.096691,-0.082744,0.186382,0.218371,0.162522,0.016039,0.305914,-0.144210,0.015848,-0.118632,0.182351,0.043423,-0.045485,-0.121913,0.015899
0.099136,0.010066,0.181805,0.295179,0.102788,0.178486,0.281945,-0.105656,0.166627,-0.083673,0.125789,0.196983,-0.096907,-0.082655,0.185124,0.218353,0.162522,0.016032,0.305835,-0.144209,0.015829,-0.121514,0.182497,0.044205,-0.045464,-0.121910,0.015909
0.098816,0.010300,0.180772,0.294858,0.103023,0.177434,0.281632,-0.105432,0.165758,-0.084001,0.126032,0.195786,-0.097226,-0.082423,0.184110,0.218293,0.162533,0.016029,0.305778,-0.144179,0.015827,-0.124380,0.182663,0.044807,-0.045473,-0.121897,0.015896
0.098389,0.010635,0.179963,0.294424,0.103369,0.176558,0.281220,-0.105103,0.165182,-0.084442,0.126374,0.194743,-0.097647,-0.082098,0.183367,0.218260,0.162562,0.016029,0.305863,-0.144121,0.015811,-0.126879,0.182840,0.045044,-0.045482,-0.121872,0.015891
0.097870,0.011040,0.179424,0.293899,0.103785,0.175955,0.280720,-0.104711,0.164975,-0.084980,0.126790,0.193874,-0.098159,-0.081706,0.182894,0.218198,0.162596,0.016024,0.306029,-0.144057,0.015786,-0.128914,0.183018,0.044856,-0.045522,-0.121842,0.015887
0.097321,0.011499,0.179105,0.293343,0.104256,0.175589,0.280195,-0.104266,0.165081,-0.085554,0.127264,0.193128,-0.098702,-0.081257,0.182620,0.218135,0.162638,0.016019,0.306346,-0.143988,0.015766,-0.130529,0.183198,0.044295,-0.045568,-0.121803,0.015877
0.096741,0.011991,0.178907,0.292760,0.104754,0.175390,0.279641,-0.103795,0.165402,-0.086160,0.127776,0.192412,-0.099279,-0.080773,0.182424,0.218069,0.162677,0.016013,0.306907,-0.143935,0.015746,-0.131865,0.183376,0.043458,-0.045622,-0.121764,0.015860
0.096214,0.012486,0.178736,0.292232,0.105255,0.175273,0.279143,-0.103321,0.165812,-0.086715,0.128292,0.191660,-0.099803,-0.080284,0.182199,0.218039,0.162721,0.016010,0.308015,-0.143910,0.015719,-0.132952,0.183544,0.042523,-0.045656,-0.121723,0.015861
0.095749,0.012938,0.178525,0.291768,0.105709,0.175150,0.278704,-0.102890,0.166175,-0.087206,0.128767,0.190875,-0.100270,-0.079832,0.181900,0.217956,0.162760,0.015999,0.309649,-0.143935,0.015718,-0.133856,0.183686,0.041723,-0.045720,-0.121685,0.015850
0.095421,0.013311,0.178250,0.291441,0.106081,0.174961,0.278396,-0.102535,0.166381,-0.087554,0.129158,0.190118,-0.100600,-0.079459,0.181538,0.217933,0.162793,0.016000,0.311529,-0.143993,0.015830,-0.134492,0.183795,0.041204,-0.045738,-0.121652,0.015840
0.095222,0.013560,0.177956,0.291244,0.106330,0.174738,0.278212,-0.102298,0.166424,-0.087767,0.129418,0.189488,-0.100799,-0.079210,0.181175,0.217932,0.162810,0.015995,0.313067,-0.144060,0.016110,-0.134800,0.183850,0.040959,-0.045728,-0.121636,0.015838
0.095116,0.013684,0.177741,0.291139,0.106453,0.174568,0.278111,-0.102181,0.166380,-0.087880,0.129549,0.189103,-0.100908,-0.079084,0.180914,0.217925,0.162822,0.015995,0.313915,-0.144098,0.016269,-0.134792,0.183867,0.040953,-0.045733,-0.121624,0.015835
0.095100,0.013666,0.177658,0.291124,0.106434,0.174510,0.278096,-0.102199,0.166298,-0.087895,0.129531,0.189017,-0.100924,-0.079101,0.180806,0.217892,0.162820,0.015992,0.314086,-0.144108,0.016094,-0.134504,0.183837,0.041112,-0.045753,-0.121627,0.015836
0.095169,0.013513,0.177710,0.291195,0.106278,0.174582,0.278158,-0.102347,0.166195,-0.087820,0.129372,0.189225,-0.100856,-0.079253,0.180838,0.217898,0.162809,0.015993,0.313854,-0.144105,0.015761,-0.134000,0.183776,0.041405,-0.045754,-0.121637,0.015840
0.095276,0.013247,0.177890,0.291305,0.106007,0.174820,0.278255,-0.102605,0.166140,-0.087703,0.129100,0.189641,-0.100753,-0.079512,0.180960,0.217915,0.162785,0.015991,0.313795,-0.144149,0.015763,-0.133315,0.183685,0.041755,-0.045732,-0.121661,0.015839
0.095497,0.012912,0.178153,0.291531,0.105665,0.175161,0.278464,-0.102931,0.166113,-0.087469,0.128754,0.190192,-0.100536,-0.079841,0.181144,0.217951,0.162759,0.016002,0.313820,-0.144206,0.015759,-0.132418,0.183573,0.042145,-0.045716,-0.121688,0.015851
0.095787,0.012530,0.178469,0.291825,0.105277,0.175566,0.278741,-0.103299,0.166116,-0.087167,0.128360,0.190822,-0.100251,-0.080217,0.181371,0.217980,0.162725,0.016007,0.313855,-0.144274,0.015748,-0.131409,0.183437,0.042595,-0.045688,-0.121725,0.015853
0.096130,0.012134,0.178795,0.292174,0.104871,0.175996,0.279069,-0.103685,0.166122,-0.086809,0.127952,0.191468,-0.099913,-0.080603,0.181594,0.218021,0.162695,0.016013,0.313865,-0.144342,0.015733,-0.130368,0.183307,0.043035,-0.045665,-0.121756,0.015856
0.096535,0.011741,0.179095,0.292585,0.104466,0.176406,0.279459,-0.104068,0.166122,-0.086389,0.127549,0.192069,-0.099516,-0.080985,0.181784,0.218086,0.162661,0.016019,0.313926,-0.144416,0.015729,-0.129334,0.183178,0.043435,-0.045616,-0.121791,0.015869
0.096962,0.011371,0.179352,0.293020,0.104083,0.176758,0.279870,-0.104430,0.166093,-0.085946,0.127172,0.192611,-0.099096,-0.081342,0.181946,0.218106,0.162628,0.016025,0.313935,-0.144487,0.015718,-0.128372,0.183056,0.043833,-0.045608,-0.121821,0.015876
0.097397,0.011047,0.179563,0.293461,0.103750,0.177047,0.280292,-0.104745,0.166053,-0.085499,0.126840,0.193073,-0.098667,-0.081656,0.182078,0.218148,0.162602,0.016027,0.313955,-0.144546,0.015699,-0.127481,0.182946,0.044198,-0.045569,-0.121849,0.015891
0.097839,0.010772,0.179742,0.293909,0.103463,0.177302,0.280723,-0.105016,0.166026,-0.085044,0.126559,0.193459,-0.098231,-0.081920,0.182183,0.218208,0.162581,0.016028,0.313984,-0.144597,0.015701,-0.126654,0.182853,0.044527,-0.045521,-0.121868,0.015900
0.098251,0.010558,0.179892,0.294328,0.103237,0.177508,0.281123,-0.105229,0.166025,-0.084621,0.126346,0.193759,-0.097825,-0.082121,0.182277,0.218265,0.162559,0.016034,0.314036,-0.144644,0.015699,-0.125938,0.182776,0.044823,-0.045470,-0.121883,0.015899
0.098694,0.010392,0.180006,0.294774,0.103065,0.177654,0.281558,-0.105393,0.166020,-0.084171,0.126177,0.193991,-0.097386,-0.082281,0.182357,0.218311,0.162544,0.016030,0.314078,-0.144676,0.015690,-0.125316,0.182707,0.045084,-0.045430,-0.121897,0.015908
0.099075,0.010275,0.180088,0.295154,0.102950,0.177753,0.281939,-0.105502,0.166020,-0.083788,0.126052,0.194156,-0.097004,-0.082400,0.182423,0.218316,0.162538,0.016032,0.314083,-0.144692,0.015693,-0.124846,0.182646,0.045315,-0.045411,-0.121912,0.015912
0.099434,0.010204,0.180145,0.295515,0.102875,0.177807,0.282292,-0.105574,0.166024,-0.083424,0.125983,0.194266,-0.096647,-0.082466,0.182483,0.218353,0.162527,0.016037,0.314092,-0.144708,0.015694,-0.124441,0.182609,0.045480,-0.045384,-0.121916,0.015910
0.099739,0.010163,0.180189,0.295821,0.102834,0.177865,0.282597,-0.105614,0.166056,-0.083119,0.125940,0.194322,-0.096342,-0.082507,0.182512,0.218409,0.162527,0.016034,0.314151,-0.144710,0.015681,-0.124124,0.182582,0.045589,-0.045337,-0.121919,0.015921
0.100037,0.010148,0.180219,0.296114,0.102827,0.177889,0.282900,-0.105621,0.166090,-0.082827,0.125918,0.194348,-0.096041,-0.082531,0.182548,0.218439,0.162527,0.016036,0.314182,-0.144704,0.015682,-0.123856,0.182548,0.045685,-0.045275,-0.121930,0.015912
0.100273,0.010144,0.180239,0.296351,0.102823,0.177907,0.283137,-0.105627,0.166126,-0.082590,0.125915,0.194351,-0.095804,-0.082534,0.182570,0.218425,0.162525,0.016032,0.314166,-0.144706,0.015699,-0.123699,0.182534,0.045745,-0.045295,-0.121931,0.015920
0.100510,0.010149,0.180262,0.296588,0.102826,0.177942,0.283374,-0.105625,0.166189,-0.082355,0.125923,0.194334,-0.095569,-0.082528,0.182581,0.218453,0.162522,0.016031,0.314197,-0.144707,0.015705,-0.123524,0.182522,0.045780,-0.045272,-0.121932,0.015919
0.100716,0.010170,0.180280,0.296795,0.102846,0.177975,0.283582,-0.105608,0.166260,-0.082151,0.125948,0.194300,-0.095364,-0.082506,0.182585,0.218471,0.162524,0.016034,0.314223,-0.144702,0.015719,-0.123353,0.182519,0.045780,-0.045252,-0.121928,0.015924
0.100891,0.010195,0.180296,0.296972,0.102868,0.178007,0.283759,-0.105588,0.166331,-0.081977,0.125977,0.194260,-0.095190,-0.082478,0.182584,0.218514,0.162526,0.016029,0.314268,-0.144698,0.015717,-0.123224,0.182521,0.045775,-0.045219,-0.121923,0.015929
0.101059,0.010217,0.180307,0.297140,0.102890,0.178029,0.283929,-0.105568,0.166392,-0.081811,0.126001,0.194222,-0.095022,-0.082456,0.182585,0.218519,0.162527,0.016034,0.314301,-0.144694,0.015727,-0.123098,0.182517,0.045776,-0.045212,-0.121921,0.015926
0.101227,0.010235,0.180322,0.297308,0.102908,0.178059,0.284099,-0.105552,0.166455,-0.081645,0.126022,0.194188,-0.094854,-0.082438,0.182584,0.218527,0.162530,0.016029,0.314366,-0.144691,0.015722,-0.122930,0.182511,0.045765,-0.045195,-0.121920,0.015934
0.101357,0.010250,0.180337,0.297438,0.102923,0.178083,0.284230,-0.105539,0.166509,-0.081517,0.126039,0.194165,-0.094725,-0.082423,0.182591,0.218544,0.162530,0.016031,0.314392,-0.144689,0.015729,-0.122796,0.182505,0.045773,-0.045189,-0.121919,0.015936
0.101494,0.010254,0.180361,0.297575,0.102926,0.178122,0.284369,-0.105536,0.166563,-0.081382,0.126044,0.194158,-0.094588,-0.082418,0.182600,0.218563,0.162530,0.016029,0.314415,-0.144687,0.015729,-0.122632,0.182495,0.045782,-0.045163,-0.121919,0.015936
0.101624,0.010256,0.180384,0.297705,0.102928,0.178150,0.284500,-0.105535,0.166603,-0.081253,0.126047,0.194165,-0.094458,-0.082417,0.182619,0.218565,0.162532,0.016025,0.314442,-0.144686,0.015737,-0.122462,0.182486,0.045785,-0.045160,-0.121918,0.015936
0.101746,0.010258,0.180410,0.297827,0.102931,0.178179,0.284623,-0.105533,0.166645,-0.081132,0.126049,0.194176,-0.094336,-0.082416,0.182641,0.218566,0.162533,0.016030,0.314458,-0.144684,0.015734,-0.122272,0.182475,0.045793,-0.045150,-0.121918,0.015937
0.101868,0.010259,0.180448,0.297949,0.102932,0.178227,0.284746,-0.105533,0.166706,-0.081011,0.126050,0.194189,-0.094214,-0.082415,0.182668,0.218596,0.162532,0.016029,0.314471,-0.144682,0.015731,-0.122077,0.182464,0.045776,-0.045140,-0.121918,0.015938
0.101990,0.010262,0.180478,0.298072,0.102934,0.178266,0.284869,-0.105532,0.166758,-0.080889,0.126055,0.194198,-0.094092,-0.082410,0.182690,0.218608,0.162532,0.016029,0.314483,-0.144680,0.015729,-0.121896,0.182457,0.045757,-0.045128,-0.121917,0.015940
0.102066,0.010262,0.180506,0.298149,0.102933,0.178306,0.284946,-0.105533,0.166808,-0.080814,0.126058,0.194203,-0.094017,-0.082408,0.182706,0.218598,0.162532,0.016025,0.314467,-0.144681,0.015741,-0.121764,0.182449,0.045750,-0.045129,-0.121917,0.015943
0.102173,0.010266,0.180530,0.298256,0.102936,0.178343,0.285053,-0.105531,0.166858,-0.080708,0.126063,0.194202,-0.093911,-0.082403,0.182717,0.218622,0.162532,0.016025,0.314477,-0.144679,0.015748,-0.121592,0.182442,0.045738,-0.045109,-0.121916,0.015941
0.102234,0.010274,0.180549,0.298317,0.102945,0.178366,0.285116,-0.105523,0.166896,-0.080648,0.126071,0.194201,-0.093849,-0.082397,0.182731,0.218616,0.162533,0.016025,0.314446,-0.144673,0.015735,-0.121479,0.182435,0.045731,-0.045121,-0.121915,0.015948
0.102318,0.010275,0.180569,0.298401,0.102945,0.178398,0.285201,-0.105523,0.166937,-0.080565,0.126073,0.194202,-0.093765,-0.082395,0.182741,0.218627,0.162533,0.016026,0.314435,-0.144671,0.015731,-0.121365,0.182428,0.045733,-0.045102,-0.121916,0.015946
0.102409,0.010277,0.180592,0.298494,0.102945,0.178432,0.285292,-0.105524,0.166982,-0.080474,0.126077,0.194202,-0.093675,-0.082392,0.182752,0.218626,0.162532,0.016022,0.314409,-0.144670,0.015747,-0.121250,0.182424,0.045723,-0.045097,-0.121915,0.015945
0.102516,0.010282,0.180616,0.298600,0.102950,0.178470,0.285401,-0.105519,0.167033,-0.080369,0.126082,0.194199,-0.093568,-0.082387,0.182762,0.218662,0.162533,0.016030,0.314430,-0.144667,0.015753,-0.121116,0.182418,0.045711,-0.045079,-0.121915,0.015948
0.102585,0.010282,0.180641,0.298671,0.102947,0.178515,0.285470,-0.105523,0.167087,-0.080300,0.126086,0.194195,-0.093501,-0.082384,0.182767,0.218652,0.162531,0.016020,0.314408,-0.144669,0.015757,-0.121006,0.182412,0.045712,-0.045079,-0.121915,0.015950
0.102646,0.010290,0.180661,0.298731,0.102958,0.178540,0.285533,-0.105513,0.167125,-0.080241,0.126093,0.194196,-0.093439,-0.082378,0.182781,0.218650,0.162535,0.016029,0.314384,-0.144660,0.015749,-0.120894,0.182407,0.045699,-0.045085,-0.121913,0.015941
0.102699,0.010302,0.180679,0.298784,0.102969,0.178562,0.285587,-0.105503,0.167164,-0.080188,0.126106,0.194193,-0.093386,-0.082366,0.182795,0.218666,0.162536,0.016022,0.314345,-0.144654,0.015757,-0.120819,0.182406,0.045678,-0.045076,-0.121911,0.015949
0.102768,0.010315,0.180696,0.298853,0.102983,0.178589,0.285657,-0.105490,0.167213,-0.080121,0.126120,0.194179,-0.093317,-0.082353,0.182803,0.218691,0.162536,0.016025,0.314334,-0.144649,0.015754,-0.120713,0.182403,0.045651,-0.045055,-0.121911,0.015948
0.102844,0.010331,0.180706,0.298929,0.103000,0.178594,0.285734,-0.105475,0.167244,-0.080046,0.126137,0.194169,-0.093241,-0.082337,0.182819,0.218681,0.162538,0.016021,0.314364,-0.144648,0.015766,-0.120609,0.182400,0.045624,-0.045054,-0.121910,0.015950
0.102905,0.010352,0.180708,0.298989,0.103023,0.178578,0.285796,-0.105454,0.167256,-0.079986,0.126158,0.194159,-0.093178,-0.082318,0.182837,0.218690,0.162540,0.016025,0.314382,-0.144642,0.015754,-0.120524,0.182398,0.045627,-0.045051,-0.121908,0.015948
0.102989,0.010365,0.180706,0.299071,0.103039,0.178556,0.285881,-0.105439,0.167257,-0.079903,0.126170,0.194155,-0.093093,-0.082308,0.182855,0.218702,0.162540,0.016025,0.314441,-0.144642,0.015752,-0.120431,0.182392,0.045628,-0.045042,-0.121909,0.015948
0.103043,0.010365,0.180712,0.299125,0.103039,0.178559,0.285935,-0.105439,0.167264,-0.079850,0.126170,0.194160,-0.093040,-0.082308,0.182866,0.218712,0.162539,0.016027,0.314448,-0.144642,0.015747,-0.120354,0.182386,0.045647,-0.045031,-0.121910,0.015949
0.103088,0.010367,0.180727,0.299171,0.103039,0.178564,0.285979,-0.105439,0.167278,-0.079803,0.126174,0.194175,-0.092994,-0.082304,0.182889,0.218692,0.162538,0.016024,0.314430,-0.144644,0.015752,-0.120292,0.182384,0.045651,-0.045046,-0.121909,0.015954
0.103088,0.010368,0.180750,0.299171,0.103040,0.178600,0.285980,-0.105438,0.167310,-0.079803,0.126175,0.194190,-0.092994,-0.082303,0.182900,0.218702,0.162544,0.016023,0.314383,-0.144635,0.015756,-0.120285,0.182387,0.045663,-0.045040,-0.121904,0.015950
0.103088,0.010371,0.180775,0.299171,0.103044,0.178629,0.285981,-0.105435,0.167348,-0.079804,0.126177,0.194202,-0.092994,-0.082301,0.182921,0.218688,0.162542,0.016018,0.314350,-0.144634,0.015762,-0.120270,0.182383,0.045664,-0.045046,-0.121907,0.015952
0.103119,0.010373,0.180786,0.299202,0.103045,0.178640,0.286012,-0.105434,0.167365,-0.079774,0.126180,0.194207,-0.092964,-0.082299,0.182932,0.218711,0.162540,0.016021,0.314344,-0.144635,0.015763,-0.120211,0.182381,0.045646,-0.045023,-0.121908,0.015949
0.103188,0.010372,0.180778,0.299270,0.103045,0.178619,0.286080,-0.105435,0.167346,-0.079705,0.126179,0.194210,-0.092895,-0.082300,0.182937,0.218710,0.162541,0.016026,0.314402,-0.144637,0.015765,-0.120138,0.182378,0.045630,-0.045038,-0.121906,0.015948
0.103195,0.010373,0.180764,0.299277,0.103046,0.178598,0.286087,-0.105433,0.167321,-0.079697,0.126179,0.194207,-0.092887,-0.082300,0.182930,0.218707,0.162545,0.016017,0.314352,-0.144631,0.015770,-0.120126,0.182380,0.045637,-0.045026,-0.121904,0.015955
0.103233,0.010375,0.180761,0.299315,0.103048,0.178583,0.286125,-0.105431,0.167314,-0.079658,0.126181,0.194207,-0.092849,-0.082298,0.182938,0.218712,0.162542,0.016020,0.314351,-0.144633,0.015763,-0.120050,0.182374,0.045643,-0.045024,-0.121905,0.015949
0.103302,0.010381,0.180762,0.299382,0.103057,0.178567,0.286194,-0.105424,0.167310,-0.079590,0.126185,0.194215,-0.092778,-0.082295,0.182958,0.218719,0.162543,0.016023,0.314383,-0.144632,0.015776,-0.119967,0.182368,0.045641,-0.045028,-0.121905,0.015948
0.103325,0.010386,0.180762,0.299405,0.103062,0.178552,0.286217,-0.105419,0.167302,-0.079567,0.126190,0.194223,-0.092755,-0.082291,0.182973,0.218727,0.162543,0.016017,0.314381,-0.144630,0.015763,-0.119936,0.182368,0.045646,-0.045014,-0.121905,0.015951
0.103394,0.010388,0.180766,0.299473,0.103066,0.178551,0.286286,-0.105415,0.167307,-0.079499,0.126192,0.194225,-0.092686,-0.082289,0.182981,0.218743,0.162545,0.016026,0.314422,-0.144630,0.015780,-0.119851,0.182365,0.045650,-0.044995,-0.121904,0.015948
0.103455,0.010393,0.180777,0.299534,0.103071,0.178549,0.286347,-0.105411,0.167318,-0.079437,0.126197,0.194236,-0.092625,-0.082285,0.183005,0.218732,0.162543,0.016023,0.314430,-0.144630,0.015770,-0.119776,0.182359,0.045650,-0.045004,-0.121904,0.015949
0.103455,0.010398,0.180790,0.299534,0.103076,0.178557,0.286347,-0.105406,0.167334,-0.079437,0.126202,0.194246,-0.092624,-0.082280,0.183023,0.218733,0.162543,0.016021,0.314404,-0.144628,0.015767,-0.119776,0.182359,0.045656,-0.045007,-0.121905,0.015952
0.103462,0.010406,0.180804,0.299542,0.103083,0.178575,0.286354,-0.105400,0.167360,-0.079430,0.126211,0.194249,-0.092617,-0.082272,0.183033,0.218727,0.162546,0.016018,0.314376,-0.144623,0.015763,-0.119746,0.182362,0.045641,-0.045004,-0.121902,0.015951
0.103523,0.010412,0.180811,0.299603,0.103090,0.178592,0.286417,-0.105393,0.167387,-0.079370,0.126218,0.194234,-0.092556,-0.082266,0.183030,0.218761,0.162546,0.016022,0.314425,-0.144623,0.015775,-0.119666,0.182360,0.045611,-0.044985,-0.121901,0.015951
0.103577,0.010419,0.180813,0.299656,0.103096,0.178599,0.286471,-0.105387,0.167406,-0.079318,0.126225,0.194220,-0.092503,-0.082259,0.183027,0.218762,0.162547,0.016017,0.314466,-0.144623,0.015768,-0.119598,0.182358,0.045601,-0.044977,-0.121901,0.015952
0.103638,0.010421,0.180809,0.299716,0.103100,0.178593,0.286533,-0.105384,0.167408,-0.079258,0.126226,0.194210,-0.092441,-0.082258,0.183024,0.218772,0.162547,0.016025,0.314503,-0.144624,0.015784,-0.119530,0.182352,0.045602,-0.044977,-0.121901,0.015946
0.103691,0.010420,0.180809,0.299770,0.103098,0.178602,0.286587,-0.105386,0.167419,-0.079204,0.126226,0.194200,-0.092388,-0.082258,0.183016,0.218772,0.162547,0.016027,0.314498,-0.144622,0.015766,-0.119472,0.182349,0.045603,-0.044973,-0.121901,0.015952
0.103745,0.010418,0.180818,0.299824,0.103095,0.178614,0.286640,-0.105389,0.167433,-0.079151,0.126225,0.194204,-0.092335,-0.082259,0.183023,0.218764,0.162548,0.016019,0.314522,-0.144625,0.015772,-0.119413,0.182346,0.045612,-0.044983,-0.121900,0.015958
0.103813,0.010421,0.180826,0.299892,0.103099,0.178624,0.286710,-0.105386,0.167450,-0.079083,0.126227,0.194202,-0.092266,-0.082258,0.183028,0.218784,0.162549,0.016022,0.314575,-0.144624,0.015773,-0.119298,0.182340,0.045612,-0.044953,-0.121900,0.015948
0.103821,0.010422,0.180833,0.299900,0.103100,0.178632,0.286717,-0.105386,0.167463,-0.079076,0.126229,0.194203,-0.092259,-0.082256,0.183034,0.218769,0.162547,0.016018,0.314563,-0.144626,0.015773,-0.119274,0.182338,0.045592,-0.044969,-0.121902,0.015956
0.103836,0.010427,0.180844,0.299916,0.103105,0.178646,0.286733,-0.105381,0.167486,-0.079061,0.126236,0.194201,-0.092243,-0.082250,0.183041,0.218765,0.162547,0.016019,0.314549,-0.144625,0.015782,-0.119232,0.182337,0.045586,-0.044977,-0.121901,0.015958
0.103836,0.010432,0.180859,0.299915,0.103110,0.178665,0.286734,-0.105376,0.167509,-0.079061,0.126240,0.194209,-0.092243,-0.082246,0.183053,0.218771,0.162550,0.016018,0.314521,-0.144619,0.015769,-0.119189,0.182335,0.045600,-0.044978,-0.121899,0.015957
0.103836,0.010434,0.180872,0.299915,0.103113,0.178671,0.286734,-0.105373,0.167522,-0.079062,0.126242,0.194223,-0.092243,-0.082245,0.183074,0.218769,0.162547,0.016020,0.314511,-0.144620,0.015775,-0.119150,0.182329,0.045607,-0.044979,-0.121902,0.015955
0.103882,0.010442,0.180890,0.299961,0.103121,0.178688,0.286780,-0.105366,0.167551,-0.079016,0.126250,0.194229,-0.092197,-0.082237,0.183092,0.218783,0.162548,0.016023,0.314533,-0.144619,0.015793,-0.119074,0.182328,0.045597,-0.044962,-0.121900,0.015949
0.103943,0.010446,0.180902,0.300022,0.103123,0.178712,0.286841,-0.105364,0.167583,-0.078956,0.126255,0.194221,-0.092137,-0.082232,0.183092,0.218796,0.162548,0.016020,0.314572,-0.144619,0.015774,-0.118994,0.182327,0.045574,-0.044950,-0.121899,0.015958
0.103996,0.010445,0.180903,0.300076,0.103123,0.178721,0.286896,-0.105365,0.167594,-0.078903,0.126254,0.194213,-0.092083,-0.082233,0.183085,0.218798,0.162550,0.016025,0.314622,-0.144621,0.015787,-0.118948,0.182324,0.045585,-0.044937,-0.121899,0.015948
0.104027,0.010450,0.180903,0.300106,0.103130,0.178727,0.286928,-0.105358,0.167609,-0.078874,0.126259,0.194197,-0.092052,-0.082229,0.183079,0.218789,0.162552,0.016022,0.314616,-0.144616,0.015764,-0.118917,0.182321,0.045578,-0.044964,-0.121898,0.015956
0.104034,0.010453,0.180909,0.300113,0.103132,0.178728,0.286935,-0.105356,0.167614,-0.078866,0.126263,0.194205,-0.092045,-0.082226,0.183091,0.218798,0.162551,0.016021,0.314617,-0.144617,0.015786,-0.118924,0.182322,0.045600,-0.044946,-0.121898,0.015950
0.104080,0.010457,0.180919,0.300159,0.103137,0.178741,0.286982,-0.105352,0.167634,-0.078821,0.126266,0.194205,-0.091998,-0.082223,0.183098,0.218803,0.162553,0.016022,0.314619,-0.144613,0.015769,-0.118865,0.182319,0.045595,-0.044946,-0.121897,0.015952
0.104149,0.010454,0.180925,0.300227,0.103134,0.178738,0.287050,-0.105355,0.167633,-0.078752,0.126263,0.194217,-0.091930,-0.082226,0.183113,0.218811,0.162552,0.016018,0.314632,-0.144615,0.015766,-0.118784,0.182314,0.045598,-0.044928,-0.121898,0.015951
0.104164,0.010454,0.180925,0.300242,0.103135,0.178726,0.287065,-0.105355,0.167624,-0.078736,0.126263,0.194227,-0.091914,-0.082226,0.183125,0.218796,0.162552,0.016019,0.314617,-0.144615,0.015775,-0.118761,0.182313,0.045587,-0.044949,-0.121898,0.015960
0.104187,0.010457,0.180933,0.300266,0.103136,0.178724,0.287086,-0.105353,0.167627,-0.078712,0.126267,0.194240,-0.091892,-0.082222,0.183143,0.218809,0.162551,0.016017,0.314619,-0.144616,0.015775,-0.118708,0.182312,0.045605,-0.044934,-0.121897,0.015959
0.104248,0.010454,0.180945,0.300326,0.103136,0.178738,0.287149,-0.105354,0.167644,-0.078653,0.126262,0.194247,-0.091830,-0.082227,0.183153,0.218824,0.162550,0.016024,0.314664,-0.144617,0.015782,-0.118590,0.182301,0.045605,-0.044931,-0.121899,0.015951
0.104309,0.010448,0.180958,0.300388,0.103126,0.178752,0.287208,-0.105363,0.167653,-0.078590,0.126258,0.194263,-0.091770,-0.082231,0.183164,0.218826,0.162550,0.016020,0.314673,-0.144619,0.015771,-0.118513,0.182302,0.045590,-0.044911,-0.121897,0.015955
0.104370,0.010439,0.180969,0.300449,0.103119,0.178758,0.287269,-0.105370,0.167655,-0.078529,0.126248,0.194283,-0.091708,-0.082241,0.183180,0.218827,0.162550,0.016020,0.314678,-0.144619,0.015774,-0.118450,0.182295,0.045607,-0.044917,-0.121898,0.015956
0.104416,0.010424,0.180981,0.300494,0.103103,0.178780,0.287315,-0.105385,0.167664,-0.078483,0.126232,0.194298,-0.091663,-0.082256,0.183181,0.218852,0.162547,0.016025,0.314699,-0.144623,0.015789,-0.118389,0.182288,0.045618,-0.044904,-0.121900,0.015954
0.104485,0.010416,0.180998,0.300563,0.103096,0.178811,0.287385,-0.105393,0.167693,-0.078416,0.126225,0.194303,-0.091594,-0.082263,0.183186,0.218849,0.162547,0.016021,0.314725,-0.144626,0.015793,-0.118268,0.182278,0.045614,-0.044906,-0.121902,0.015957
0.104530,0.010412,0.181016,0.300609,0.103091,0.178831,0.287430,-0.105397,0.167711,-0.078369,0.126222,0.194322,-0.091549,-0.082267,0.183202,0.218847,0.162548,0.016020,0.314730,-0.144625,0.015781,-0.118172,0.182274,0.045625,-0.044903,-0.121901,0.015962
0.104607,0.010406,0.181033,0.300685,0.103086,0.178847,0.287507,-0.105402,0.167726,-0.078293,0.126215,0.194340,-0.091472,-0.082273,0.183220,0.218865,0.162547,0.016023,0.314748,-0.144625,0.015784,-0.118046,0.182264,0.045645,-0.044894,-0.121901,0.015959
0.104675,0.010399,0.181049,0.300754,0.103078,0.178864,0.287575,-0.105410,0.167742,-0.078225,0.126208,0.194355,-0.091404,-0.082280,0.183233,0.218863,0.162547,0.016021,0.314756,-0.144628,0.015794,-0.117938,0.182256,0.045646,-0.044883,-0.121903,0.015955
0.104736,0.010398,0.181064,0.300815,0.103078,0.178866,0.287636,-0.105410,0.167749,-0.078163,0.126206,0.194379,-0.091342,-0.082282,0.183262,0.218866,0.162547,0.016022,0.314753,-0.144627,0.015792,-0.117836,0.182249,0.045659,-0.044891,-0.121902,0.015960
0.104797,0.010402,0.181079,0.300876,0.103081,0.178872,0.287696,-0.105407,0.167761,-0.078102,0.126211,0.194397,-0.091281,-0.082278,0.183286,0.218870,0.162549,0.016021,0.314778,-0.144625,0.015794,-0.117721,0.182246,0.045670,-0.044877,-0.121898,0.015949
0.104874,0.010403,0.181092,0.300952,0.103082,0.178885,0.287773,-0.105407,0.167783,-0.078026,0.126212,0.194401,-0.091205,-0.082277,0.183299,0.218887,0.162547,0.016021,0.314813,-0.144628,0.015797,-0.117605,0.182239,0.045652,-0.044866,-0.121901,0.015957
0.104927,0.010400,0.181106,0.301006,0.103078,0.178916,0.287827,-0.105411,0.167817,-0.077973,0.126211,0.194396,-0.091152,-0.082279,0.183296,0.218880,0.162547,0.016019,0.314836,-0.144630,0.015792,-0.117531,0.182235,0.045645,-0.044875,-0.121900,0.015954
0.104996,0.010397,0.181116,0.301076,0.103074,0.178947,0.287897,-0.105415,0.167848,-0.077905,0.126209,0.194384,-0.091084,-0.082280,0.183285,0.218897,0.162547,0.016020,0.314849,-0.144629,0.015801,-0.117442,0.182232,0.045637,-0.044850,-0.121900,0.015954
