0.004105,-0.013340,0.363316,0.195240,0.089096,0.359385,0.192932,-0.119781,0.370786,-0.184723,0.093101,0.355846,-0.187031,-0.115776,0.367248,0.188502,0.122522,0.136464,0.178213,-0.176607,0.160683,-0.152372,0.126000,0.131169,-0.162306,-0.172535,0.166351
0.007648,-0.020489,0.363302,0.198878,0.081756,0.359007,0.196378,-0.127078,0.371124,-0.181081,0.086100,0.355481,-0.183581,-0.122733,0.367598,0.175675,0.113801,0.121804,0.171493,-0.184930,0.153611,-0.164234,0.117505,0.115510,-0.166135,-0.182021,0.134080
0.012386,-0.027580,0.358349,0.203145,0.075573,0.354926,0.201560,-0.133180,0.368500,-0.176788,0.078020,0.348199,-0.178372,-0.130734,0.361772,0.158052,0.105532,0.109918,0.143655,-0.193030,0.141772,-0.179611,0.107843,0.106032,-0.187790,-0.192970,0.103990
0.016243,-0.034740,0.349077,0.206512,0.069353,0.347259,0.205818,-0.139341,0.361778,-0.173332,0.069860,0.336376,-0.174026,-0.138834,0.350895,0.137323,0.097378,0.091900,0.131115,-0.200738,0.130563,-0.186922,0.098774,0.096449,-0.207759,-0.203310,0.077379
0.018929,-0.041962,0.335655,0.208787,0.062896,0.335592,0.208781,-0.145772,0.350503,-0.170924,0.061849,0.320808,-0.170929,-0.146819,0.335718,0.116449,0.089408,0.068910,0.137719,-0.207978,0.117599,-0.185517,0.090476,0.083749,-0.225394,-0.212352,0.056264
0.021034,-0.049217,0.318149,0.210445,0.056437,0.319513,0.211191,-0.152209,0.334706,-0.169123,0.053775,0.301592,-0.168377,-0.154872,0.316785,0.101316,0.081672,0.045596,0.153519,-0.214981,0.101308,-0.175218,0.081931,0.062743,-0.244952,-0.221057,0.037446
0.022774,-0.056515,0.296324,0.211728,0.049933,0.298826,0.213251,-0.158700,0.314152,-0.167704,0.045670,0.278497,-0.166181,-0.162962,0.293823,0.102614,0.074368,0.021926,0.166124,-0.221795,0.080318,-0.162971,0.073634,0.038315,-0.264884,-0.229171,0.022728
0.027184,-0.062893,0.277258,0.215935,0.043867,0.281302,0.217913,-0.165022,0.292521,-0.163546,0.039236,0.261995,-0.161568,-0.169653,0.273214,0.102067,0.074055,0.015938,0.168197,-0.223807,0.054264,-0.161999,0.071858,0.021603,-0.265069,-0.229988,0.015574
0.035439,-0.068436,0.266220,0.224200,0.038320,0.269888,0.226372,-0.170744,0.277105,-0.155495,0.033873,0.255335,-0.153323,-0.175191,0.262551,0.102046,0.073764,0.015922,0.180415,-0.225137,0.032702,-0.150202,0.071134,0.015627,-0.263671,-0.230332,0.015859
0.045509,-0.074585,0.260078,0.234284,0.032148,0.263728,0.236589,-0.177027,0.266033,-0.145570,0.027857,0.254122,-0.143266,-0.181317,0.256428,0.102596,0.073422,0.015969,0.206742,-0.225574,0.015352,-0.116819,0.071000,0.015528,-0.262766,-0.230741,0.015888
0.056065,-0.079426,0.256312,0.244882,0.027202,0.260722,0.247159,-0.181978,0.258994,-0.135030,0.023127,0.253630,-0.132753,-0.186054,0.251902,0.103430,0.073139,0.015980,0.206912,-0.225862,0.015906,-0.068496,0.071267,0.016215,-0.262078,-0.230965,0.015812
0.066086,-0.081944,0.254811,0.254862,0.024738,0.259666,0.257240,-0.184414,0.255874,-0.125068,0.020527,0.253748,-0.122691,-0.188625,0.249956,0.125147,0.073144,0.015882,0.207387,-0.226092,0.015981,-0.048169,0.071174,0.015846,-0.261255,-0.231417,0.015856
0.075615,-0.083336,0.254402,0.264383,0.023353,0.259424,0.266790,-0.185773,0.254375,-0.115560,0.019101,0.254429,-0.113154,-0.190024,0.249381,0.148824,0.073306,0.018478,0.208002,-0.226160,0.015956,-0.047480,0.071108,0.015940,-0.255517,-0.231481,0.015442
0.084965,-0.084637,0.255303,0.273722,0.022047,0.260818,0.276153,-0.187047,0.254604,-0.106223,0.017773,0.256002,-0.103793,-0.191320,0.249788,0.167138,0.073257,0.026078,0.208696,-0.226210,0.015893,-0.046900,0.071071,0.015897,-0.237467,-0.231381,0.015372
0.094765,-0.086205,0.257780,0.283479,0.020498,0.264303,0.285985,-0.188552,0.256794,-0.096455,0.016143,0.258766,-0.093950,-0.192907,0.251257,0.177377,0.072891,0.036515,0.209530,-0.226295,0.015816,-0.046364,0.070952,0.015831,-0.215784,-0.231388,0.015671
0.104782,-0.088039,0.261618,0.293440,0.018684,0.269333,0.296043,-0.190307,0.260366,-0.086479,0.014229,0.262870,-0.083876,-0.194763,0.253903,0.187272,0.072425,0.046335,0.210474,-0.226373,0.015761,-0.045950,0.070833,0.015718,-0.190035,-0.231364,0.015790
0.114815,-0.090038,0.266122,0.303428,0.016644,0.275343,0.306092,-0.192277,0.264858,-0.076462,0.012200,0.267386,-0.073799,-0.196720,0.256901,0.203408,0.071937,0.055003,0.211488,-0.226492,0.015742,-0.045603,0.070736,0.015678,-0.161436,-0.231348,0.017770
0.124870,-0.092117,0.270594,0.313415,0.014532,0.281450,0.316176,-0.194304,0.269416,-0.066435,0.010069,0.271771,-0.063675,-0.198766,0.259738,0.226080,0.071582,0.061471,0.212527,-0.226598,0.015947,-0.045300,0.070635,0.015658,-0.132522,-0.231440,0.020830
0.134857,-0.094070,0.274365,0.323309,0.012562,0.286875,0.326203,-0.196184,0.273409,-0.056488,0.008043,0.275321,-0.053595,-0.200703,0.261855,0.253975,0.071430,0.065500,0.213572,-0.226693,0.016066,-0.045008,0.070504,0.015618,-0.104177,-0.231575,0.023462
0.144691,-0.095711,0.276783,0.333060,0.010866,0.290917,0.336054,-0.197794,0.276198,-0.046671,0.006373,0.277369,-0.043678,-0.202287,0.262649,0.285264,0.071498,0.067646,0.214599,-0.226757,0.016104,-0.044623,0.070429,0.015700,-0.075416,-0.231523,0.024681
0.154324,-0.096973,0.277483,0.342624,0.009523,0.293063,0.345685,-0.199060,0.277313,-0.037038,0.005114,0.277654,-0.033976,-0.203470,0.261904,0.317481,0.071727,0.068089,0.215524,-0.226831,0.016096,-0.044140,0.070366,0.015811,-0.045110,-0.231305,0.024682
0.163857,-0.097767,0.276503,0.352100,0.008649,0.293272,0.355207,-0.199875,0.276760,-0.027494,0.004341,0.276246,-0.024387,-0.204183,0.259733,0.348616,0.072143,0.066608,0.216350,-0.226895,0.016024,-0.043546,0.070314,0.015921,-0.013150,-0.230970,0.024303
0.173389,-0.097946,0.273856,0.361609,0.008386,0.291401,0.364712,-0.200105,0.274477,-0.017933,0.004213,0.273234,-0.014830,-0.204279,0.256310,0.377423,0.072756,0.063133,0.217097,-0.226913,0.015858,-0.042828,0.070325,0.016034,0.019669,-0.230487,0.023692
0.182983,-0.097466,0.269275,0.371214,0.008858,0.286764,0.374302,-0.199632,0.269821,-0.008335,0.004701,0.268729,-0.005247,-0.203789,0.251787,0.402247,0.073612,0.056772,0.217740,-0.226914,0.015810,-0.042022,0.070337,0.016095,0.050862,-0.229910,0.022258
0.192757,-0.096313,0.262828,0.381137,0.009950,0.279018,0.384023,-0.198579,0.262526,0.001490,0.005952,0.263130,0.004376,-0.202577,0.246639,0.418579,0.074692,0.043479,0.218189,-0.226967,0.015914,-0.041142,0.070493,0.016117,0.075425,-0.229144,0.018450
0.202953,-0.094620,0.254887,0.391586,0.011639,0.267844,0.394162,-0.196956,0.252158,0.011744,0.007717,0.257615,0.014320,-0.200878,0.241929,0.418497,0.076351,0.017874,0.218599,-0.226944,0.015956,-0.040138,0.070822,0.016069,0.082429,-0.228623,0.015924
0.212780,-0.093414,0.249110,0.401498,0.012921,0.260042,0.403981,-0.195718,0.244932,0.021579,0.008889,0.253289,0.024062,-0.199750,0.238178,0.418540,0.076391,0.015718,0.222884,-0.226864,0.015990,-0.039275,0.070924,0.015981,0.083354,-0.228508,0.015761
0.222179,-0.092281,0.247730,0.410851,0.014169,0.258332,0.413421,-0.194526,0.244027,0.030937,0.009963,0.251432,0.033507,-0.198731,0.237127,0.418911,0.076456,0.015743,0.247522,-0.226487,0.015822,-0.035903,0.070744,0.017362,0.084125,-0.228486,0.015636
0.231941,-0.090118,0.249598,0.420551,0.016522,0.259359,0.423240,-0.192287,0.246860,0.040643,0.012050,0.252336,0.043331,-0.196759,0.239838,0.419514,0.076623,0.015789,0.270769,-0.226155,0.019133,-0.025146,0.070526,0.021992,0.084716,-0.228347,0.015736
0.242107,-0.087288,0.253252,0.430660,0.019570,0.261640,0.433466,-0.189367,0.251545,0.050749,0.014792,0.254960,0.053554,-0.194146,0.244865,0.420236,0.076812,0.015869,0.285224,-0.225999,0.026653,-0.005759,0.070621,0.025618,0.085172,-0.228160,0.015783
0.252571,-0.084076,0.257367,0.441085,0.022957,0.264269,0.443971,-0.186091,0.256826,0.061171,0.017939,0.257907,0.064057,-0.191109,0.250465,0.421022,0.077004,0.015933,0.295418,-0.225747,0.035567,0.017374,0.070988,0.028417,0.085547,-0.227943,0.015852
0.263218,-0.080688,0.261151,0.451695,0.026492,0.266616,0.454655,-0.182633,0.261873,0.071781,0.021256,0.260428,0.074741,-0.187869,0.255686,0.421815,0.077220,0.015961,0.305940,-0.225252,0.043524,0.039230,0.071450,0.031619,0.085869,-0.227740,0.015900
0.273933,-0.077293,0.264256,0.462389,0.029984,0.268387,0.465390,-0.179184,0.266274,0.082477,0.024597,0.262238,0.085478,-0.184571,0.260126,0.422592,0.077420,0.015937,0.318860,-0.224549,0.049100,0.058326,0.071997,0.035530,0.086209,-0.227551,0.015929
0.284592,-0.074032,0.266685,0.473040,0.033298,0.269601,0.476053,-0.175880,0.269951,0.093130,0.027816,0.263419,0.096143,-0.181362,0.263769,0.423355,0.077613,0.015889,0.334749,-0.223734,0.052234,0.075863,0.072648,0.039717,0.086513,-0.227370,0.015943
0.295139,-0.071037,0.268652,0.483592,0.036307,0.270614,0.486591,-0.172856,0.273169,0.103688,0.030781,0.264136,0.106686,-0.178382,0.266691,0.424122,0.077801,0.015912,0.353497,-0.222905,0.053495,0.093642,0.073402,0.043612,0.086823,-0.227187,0.015942
0.305580,-0.068439,0.270410,0.494043,0.038898,0.271708,0.497012,-0.170234,0.276159,0.114149,0.033355,0.264661,0.117117,-0.175777,0.269111,0.424895,0.077939,0.015971,0.374965,-0.222169,0.053521,0.112542,0.074168,0.047131,0.087096,-0.227055,0.015935
0.315964,-0.066288,0.271999,0.504431,0.041045,0.272905,0.507376,-0.168049,0.278882,0.124552,0.035473,0.265117,0.127496,-0.173621,0.271094,0.425718,0.078065,0.015972,0.399171,-0.221514,0.052607,0.132637,0.074914,0.050129,0.087357,-0.226953,0.015932
0.326290,-0.064667,0.273201,0.514761,0.042662,0.273938,0.517682,-0.166397,0.281032,0.134899,0.037064,0.265370,0.137820,-0.171996,0.272463,0.426573,0.078154,0.015866,0.426260,-0.220966,0.050843,0.153787,0.075574,0.052176,0.087634,-0.226882,0.015918
0.336514,-0.063614,0.273683,0.524985,0.043714,0.274332,0.527892,-0.165321,0.282114,0.145135,0.038093,0.265251,0.148042,-0.170942,0.273033,0.427414,0.078218,0.015797,0.455946,-0.220518,0.048118,0.176419,0.076090,0.052390,0.087946,-0.226835,0.015910
0.346592,-0.063152,0.273167,0.535070,0.044164,0.273670,0.537964,-0.164861,0.281715,0.155220,0.038557,0.264618,0.158113,-0.170468,0.272663,0.428197,0.078248,0.015828,0.487845,-0.220180,0.044331,0.201759,0.076422,0.049828,0.088287,-0.226806,0.015897
0.356693,-0.063324,0.271689,0.545176,0.043986,0.271949,0.548077,-0.165046,0.279801,0.165309,0.038398,0.263576,0.168211,-0.170634,0.271428,0.428926,0.078241,0.015895,0.519842,-0.219956,0.039381,0.229034,0.076576,0.045445,0.088684,-0.226823,0.015890
0.367054,-0.064091,0.269232,0.555542,0.043209,0.268885,0.558469,-0.165846,0.276096,0.175639,0.037665,0.262367,0.178566,-0.171390,0.269579,0.429649,0.078203,0.015948,0.545996,-0.219959,0.030937,0.255841,0.076603,0.040119,0.089147,-0.226873,0.015952
0.377914,-0.065514,0.265751,0.566410,0.041761,0.264088,0.569370,-0.167331,0.270148,0.186459,0.036304,0.261355,0.189419,-0.172788,0.267415,0.430336,0.078117,0.015966,0.560571,-0.220250,0.017548,0.278116,0.076489,0.034116,0.089625,-0.226961,0.015974
0.388916,-0.066612,0.262481,0.577393,0.040688,0.260448,0.580397,-0.168428,0.265579,0.197435,0.035203,0.259384,0.200439,-0.173912,0.264515,0.431155,0.078056,0.015970,0.561036,-0.220305,0.015751,0.294252,0.076348,0.026493,0.090141,-0.227064,0.015983
0.399387,-0.066612,0.259689,0.587857,0.040703,0.257717,0.590876,-0.168413,0.262803,0.207899,0.035189,0.256576,0.210918,-0.173927,0.261661,0.443862,0.078212,0.015961,0.561548,-0.220312,0.015793,0.301140,0.076148,0.015798,0.090618,-0.227107,0.016001
0.408989,-0.066681,0.258083,0.597471,0.040606,0.255792,0.600468,-0.168514,0.260747,0.217510,0.035152,0.255419,0.220507,-0.173967,0.260374,0.462968,0.078462,0.015875,0.562059,-0.220335,0.015833,0.301956,0.076154,0.015871,0.096053,-0.227013,0.015809
0.418381,-0.067257,0.257863,0.606874,0.040010,0.255579,0.609849,-0.169123,0.259960,0.226913,0.034610,0.255767,0.229887,-0.174523,0.260147,0.486381,0.078817,0.019551,0.562647,-0.220372,0.015871,0.302677,0.076127,0.015883,0.109637,-0.226813,0.015953
0.428116,-0.068447,0.259168,0.616619,0.038815,0.257622,0.619574,-0.170338,0.260916,0.236657,0.033444,0.257419,0.239612,-0.175709,0.260713,0.503109,0.079032,0.026517,0.563381,-0.220452,0.015847,0.303332,0.076043,0.015962,0.126689,-0.226585,0.018177
0.438129,-0.070152,0.261791,0.626647,0.037095,0.261378,0.629573,-0.172077,0.263163,0.246686,0.031772,0.260420,0.249612,-0.177400,0.262204,0.517189,0.079090,0.035114,0.564187,-0.220556,0.015915,0.303885,0.075943,0.015925,0.148108,-0.226343,0.019874
0.448292,-0.072235,0.265302,0.636797,0.035032,0.266206,0.639745,-0.174147,0.266233,0.256839,0.029677,0.264371,0.259787,-0.179502,0.264398,0.532489,0.078988,0.043144,0.565090,-0.220686,0.015923,0.304350,0.075769,0.015872,0.171496,-0.226232,0.022333
0.458542,-0.074493,0.269103,0.647044,0.032758,0.271388,0.649993,-0.176413,0.269536,0.267091,0.027426,0.268670,0.270040,-0.181745,0.266818,0.551113,0.078827,0.049486,0.566044,-0.220807,0.015870,0.304757,0.075652,0.015804,0.195369,-0.226119,0.025625
0.468803,-0.076752,0.272634,0.657286,0.030497,0.276264,0.660266,-0.178649,0.272582,0.277340,0.025146,0.272687,0.280321,-0.184001,0.269005,0.573567,0.078679,0.053972,0.567004,-0.220919,0.015779,0.305125,0.075527,0.015728,0.219188,-0.226108,0.028970
0.479027,-0.078831,0.275467,0.667486,0.028407,0.280419,0.670502,-0.180704,0.275080,0.287551,0.023042,0.275855,0.290568,-0.186068,0.270515,0.599695,0.078606,0.056884,0.567970,-0.221036,0.015952,0.305500,0.075414,0.015659,0.243463,-0.226119,0.031689
0.489136,-0.080544,0.277279,0.677561,0.026680,0.283624,0.680626,-0.182390,0.276908,0.297646,0.021303,0.277649,0.300711,-0.187767,0.270934,0.628694,0.078673,0.058519,0.568915,-0.221125,0.016018,0.305944,0.075319,0.015620,0.269599,-0.226062,0.033087
0.499123,-0.081833,0.277832,0.687514,0.025364,0.285489,0.690619,-0.183667,0.277692,0.307626,0.020002,0.277972,0.310731,-0.189030,0.270175,0.659199,0.078879,0.058986,0.569814,-0.221190,0.016065,0.306468,0.075253,0.015724,0.298569,-0.225865,0.033389
0.509033,-0.082718,0.276968,0.697396,0.024458,0.285565,0.700536,-0.184541,0.276957,0.317531,0.019105,0.276979,0.320670,-0.189894,0.268371,0.689296,0.079232,0.057289,0.570651,-0.221239,0.016026,0.307079,0.075197,0.015849,0.330588,-0.225527,0.032576
0.518955,-0.083027,0.274631,0.707303,0.024128,0.283807,0.710456,-0.184853,0.274774,0.327454,0.018799,0.274488,0.330608,-0.190182,0.265455,0.717955,0.079724,0.053910,0.571410,-0.221260,0.015922,0.307796,0.075174,0.015974,0.364303,-0.225062,0.031563
0.528954,-0.082672,0.270506,0.717314,0.024473,0.279529,0.720449,-0.184509,0.270516,0.337458,0.019165,0.270497,0.340593,-0.189817,0.261484,0.743150,0.080345,0.047957,0.572069,-0.221249,0.015843,0.308606,0.075202,0.016056,0.397475,-0.224489,0.030245
0.539150,-0.081749,0.264488,0.727596,0.025364,0.271980,0.730614,-0.183640,0.263432,0.347687,0.020142,0.265544,0.350704,-0.188862,0.256996,0.760230,0.081014,0.035148,0.572580,-0.221285,0.015773,0.309470,0.075285,0.016086,0.425146,-0.223891,0.027451
0.549744,-0.080631,0.256841,0.738289,0.026476,0.261277,0.741162,-0.182550,0.253256,0.358326,0.021288,0.260427,0.361198,-0.187739,0.252405,0.761328,0.081698,0.015860,0.573126,-0.221234,0.015781,0.310327,0.075495,0.016033,0.442768,-0.223225,0.021001
0.560181,-0.080257,0.250195,0.748739,0.026878,0.253157,0.751580,-0.182147,0.245094,0.368782,0.021633,0.255296,0.371622,-0.187393,0.247232,0.761283,0.081690,0.015892,0.581255,-0.221101,0.015733,0.311268,0.075573,0.015938,0.447978,-0.222921,0.015965
0.570240,-0.079960,0.247065,0.758780,0.027226,0.249356,0.761647,-0.181802,0.241353,0.378833,0.021882,0.252776,0.381700,-0.187145,0.244773,0.761590,0.081689,0.015924,0.598462,-0.220892,0.015800,0.312044,0.075523,0.015882,0.448889,-0.222947,0.015868
0.580288,-0.078934,0.247214,0.768804,0.028294,0.249471,0.771724,-0.180760,0.242228,0.388852,0.022893,0.252200,0.391772,-0.186161,0.244957,0.762214,0.081776,0.015904,0.614518,-0.220740,0.020057,0.319551,0.075596,0.015834,0.449660,-0.222893,0.015742
0.590542,-0.077045,0.249681,0.779037,0.030219,0.251951,0.782006,-0.178882,0.246251,0.399077,0.024791,0.253111,0.402047,-0.184310,0.247412,0.763020,0.081900,0.015803,0.628279,-0.220535,0.026068,0.335798,0.075803,0.016911,0.450295,-0.222779,0.015673
0.601086,-0.074482,0.253225,0.789558,0.032824,0.255410,0.792573,-0.176323,0.251784,0.409598,0.027359,0.254666,0.412613,-0.181788,0.251041,0.763903,0.082068,0.015871,0.639250,-0.220212,0.033539,0.357876,0.076174,0.018208,0.450834,-0.222618,0.015626
0.611805,-0.071503,0.256881,0.800264,0.035830,0.258869,0.803296,-0.173344,0.257597,0.420314,0.030339,0.256165,0.423346,-0.178835,0.254892,0.764777,0.082249,0.015884,0.650441,-0.219697,0.040794,0.381449,0.076667,0.020174,0.451312,-0.222430,0.015678
0.622612,-0.068310,0.260188,0.811061,0.039049,0.261748,0.814098,-0.170126,0.262940,0.431126,0.033506,0.257436,0.434163,-0.175668,0.258629,0.765662,0.082443,0.015907,0.663436,-0.219003,0.046626,0.403549,0.077228,0.023571,0.451773,-0.222253,0.015723
0.633377,-0.065079,0.263077,0.821827,0.042284,0.264014,0.824846,-0.166863,0.267641,0.441908,0.036705,0.258514,0.444927,-0.172442,0.262141,0.766501,0.082643,0.015850,0.678736,-0.218196,0.050684,0.423589,0.077908,0.028214,0.452152,-0.222072,0.015765
0.644070,-0.062004,0.265748,0.832537,0.045333,0.266048,0.835506,-0.163763,0.271952,0.452634,0.039755,0.259544,0.455602,-0.169341,0.265447,0.767352,0.082819,0.015962,0.696694,-0.217381,0.053284,0.442692,0.078705,0.033530,0.452512,-0.221905,0.015820
0.654636,-0.059216,0.268383,0.843122,0.048089,0.268222,0.846034,-0.160941,0.276136,0.463239,0.042510,0.260629,0.466151,-0.166520,0.268543,0.768217,0.082983,0.016005,0.717280,-0.216603,0.054769,0.462054,0.079588,0.038969,0.452813,-0.221760,0.015834
0.665115,-0.056828,0.270877,0.853618,0.050446,0.270443,0.856472,-0.158515,0.280024,0.473759,0.044860,0.261731,0.476613,-0.164102,0.271311,0.769120,0.083128,0.015989,0.740422,-0.215908,0.055224,0.482029,0.080489,0.043938,0.453081,-0.221638,0.015839
0.675522,-0.054890,0.272934,0.864037,0.052362,0.272386,0.866839,-0.156536,0.283276,0.484204,0.046756,0.262593,0.487007,-0.162141,0.273483,0.770055,0.083245,0.015862,0.766307,-0.215320,0.054608,0.502433,0.081320,0.047812,0.453341,-0.221540,0.015841
0.685802,-0.053459,0.274168,0.874330,0.053770,0.273513,0.877087,-0.155077,0.285352,0.494518,0.048159,0.262984,0.497275,-0.160688,0.274822,0.770961,0.083322,0.015777,0.794814,-0.214878,0.052700,0.523485,0.081988,0.049872,0.453627,-0.221472,0.015830
0.695927,-0.052570,0.274306,0.884463,0.054643,0.273492,0.887196,-0.154171,0.285909,0.504657,0.049030,0.262702,0.507391,-0.159783,0.275119,0.771803,0.083383,0.015853,0.825789,-0.214569,0.049450,0.546425,0.082406,0.049036,0.453973,-0.221433,0.015850
0.705959,-0.052334,0.273456,0.894505,0.054862,0.272547,0.897221,-0.153944,0.285096,0.514698,0.049276,0.261816,0.517414,-0.159529,0.274365,0.772609,0.083393,0.015989,0.859188,-0.214362,0.045700,0.572501,0.082566,0.045535,0.454380,-0.221421,0.015856
0.716095,-0.052673,0.271672,0.904646,0.054509,0.270365,0.907381,-0.154314,0.282622,0.524809,0.048967,0.260723,0.527544,-0.159855,0.272980,0.773376,0.083393,0.016029,0.890830,-0.214285,0.040325,0.599694,0.082581,0.040949,0.454829,-0.221430,0.015889
0.726570,-0.053638,0.268899,0.915128,0.053515,0.266666,0.917907,-0.155349,0.278182,0.535233,0.048072,0.259617,0.538012,-0.160792,0.271132,0.774100,0.083343,0.016028,0.914566,-0.214546,0.030977,0.624868,0.082450,0.035845,0.455297,-0.221485,0.015954
0.737587,-0.055260,0.265036,0.926137,0.051859,0.261083,0.928992,-0.157070,0.271349,0.546182,0.046550,0.258722,0.549037,-0.162378,0.268988,0.774807,0.083257,0.015990,0.925883,-0.215152,0.016320,0.644530,0.082159,0.029863,0.455776,-0.221593,0.015986
0.748524,-0.056389,0.261339,0.937059,0.050735,0.256832,0.939952,-0.158234,0.266230,0.557095,0.045456,0.256449,0.559989,-0.163512,0.265847,0.775609,0.083164,0.015908,0.926185,-0.215190,0.015761,0.658031,0.081794,0.021637,0.456506,-0.221684,0.015969
0.758755,-0.056522,0.258554,0.947301,0.050588,0.254221,0.950172,-0.158386,0.263510,0.567338,0.045341,0.253599,0.570208,-0.163633,0.262888,0.792763,0.083372,0.015943,0.926651,-0.215222,0.015738,0.663921,0.081597,0.015824,0.457122,-0.221659,0.016018
0.768314,-0.057064,0.257642,0.956883,0.050007,0.253294,0.959711,-0.158989,0.262100,0.576918,0.044860,0.253183,0.579746,-0.164135,0.261990,0.813539,0.083556,0.015847,0.927182,-0.215302,0.015791,0.664703,0.081544,0.015885,0.462272,-0.221585,0.015987
0.777760,-0.058254,0.257937,0.966352,0.048794,0.254116,0.969133,-0.160246,0.261814,0.586386,0.043738,0.254060,0.589167,-0.165302,0.261758,0.828077,0.083860,0.021134,0.927785,-0.215339,0.015829,0.665394,0.081505,0.015952,0.472736,-0.221387,0.015962
0.787300,-0.060108,0.259156,0.975910,0.046944,0.256483,0.978656,-0.162149,0.262559,0.595944,0.041933,0.255753,0.598690,-0.167161,0.261829,0.847053,0.083998,0.024967,0.928443,-0.215451,0.015830,0.666006,0.081358,0.015960,0.486165,-0.221258,0.015900
0.796997,-0.062374,0.261055,0.985634,0.044657,0.259753,0.988326,-0.164485,0.263870,0.605668,0.039737,0.258240,0.608361,-0.169406,0.262357,0.865561,0.084042,0.029532,0.929151,-0.215590,0.015908,0.666584,0.081214,0.015946,0.501707,-0.221092,0.015909
0.806805,-0.064869,0.263473,0.995458,0.042141,0.263579,0.998114,-0.167033,0.265571,0.615495,0.037295,0.261375,0.618151,-0.171879,0.263366,0.882456,0.083985,0.035001,0.929899,-0.215732,0.015934,0.667099,0.081069,0.015893,0.520427,-0.220931,0.015973
0.816727,-0.067509,0.266214,1.005385,0.039481,0.267720,1.008028,-0.169702,0.267520,0.625426,0.034684,0.264908,0.628068,-0.174499,0.264708,0.898790,0.083805,0.040620,0.930729,-0.215892,0.015916,0.667563,0.080908,0.015824,0.540098,-0.220828,0.017787
0.826736,-0.070137,0.269078,1.015381,0.036847,0.272058,1.018045,-0.172323,0.269709,0.635428,0.032049,0.268446,0.638092,-0.177121,0.266098,0.917189,0.083585,0.046536,0.931598,-0.216030,0.015846,0.667980,0.080757,0.015740,0.561116,-0.220800,0.020509
0.836815,-0.072697,0.271871,1.025435,0.034278,0.276352,1.028137,-0.174858,0.271956,0.645493,0.029465,0.271787,0.648195,-0.179671,0.267390,0.938764,0.083341,0.051858,0.932502,-0.216173,0.015806,0.668362,0.080609,0.015662,0.583058,-0.220863,0.024123
0.846901,-0.075039,0.274314,1.035481,0.031931,0.280324,1.038246,-0.177158,0.274069,0.655556,0.027080,0.274559,0.658321,-0.182008,0.268305,0.964160,0.083178,0.055798,0.933439,-0.216298,0.015972,0.668750,0.080474,0.015603,0.606536,-0.220959,0.027306
0.856888,-0.077038,0.276061,1.045429,0.029901,0.283633,1.048245,-0.179134,0.275801,0.665531,0.025058,0.276320,0.668346,-0.183976,0.268488,0.992949,0.083123,0.058292,0.934365,-0.216420,0.016027,0.669167,0.080358,0.015681,0.632376,-0.220977,0.029090
0.866756,-0.078648,0.276769,1.055251,0.028261,0.285798,1.058127,-0.180719,0.276655,0.675386,0.023424,0.276883,0.678262,-0.185556,0.267741,1.023569,0.083228,0.059393,0.935274,-0.216508,0.016073,0.669636,0.080264,0.015804,0.660966,-0.220877,0.029662
0.876560,-0.079803,0.276171,1.065017,0.027067,0.286366,1.067935,-0.181866,0.276218,0.685185,0.022260,0.276124,0.688103,-0.186674,0.265975,1.054127,0.083498,0.058348,0.936115,-0.216577,0.016016,0.670202,0.080197,0.015912,0.692613,-0.220613,0.029085
0.886375,-0.080368,0.274131,1.074813,0.026454,0.285154,1.077741,-0.182448,0.274391,0.695010,0.021712,0.273871,0.697938,-0.187190,0.263108,1.083357,0.083921,0.055505,0.936900,-0.216620,0.015933,0.670873,0.080174,0.016009,0.726079,-0.220207,0.028183
0.896233,-0.080238,0.270327,1.084671,0.026566,0.281502,1.087593,-0.182328,0.270581,0.704872,0.021851,0.270073,0.707794,-0.187043,0.259152,1.109424,0.084515,0.050328,0.937572,-0.216624,0.015818,0.671656,0.080182,0.016075,0.759204,-0.219702,0.026982
0.906223,-0.079510,0.264502,1.094737,0.027276,0.274529,1.097565,-0.181634,0.263886,0.714882,0.022614,0.265118,0.717710,-0.186296,0.254476,1.128140,0.085240,0.038991,0.938084,-0.216666,0.015770,0.672541,0.080240,0.016099,0.787421,-0.219134,0.024188
0.916592,-0.078369,0.256843,1.105213,0.028463,0.263929,1.107919,-0.180479,0.253890,0.725265,0.023740,0.259796,0.727971,-0.185201,0.249756,1.131063,0.086240,0.015523,0.938566,-0.216740,0.015846,0.673462,0.080288,0.016049,0.805882,-0.218549,0.017718
0.926727,-0.078102,0.250128,1.115419,0.028686,0.255845,1.118005,-0.180246,0.245590,0.735450,0.024042,0.254667,0.738035,-0.184891,0.244411,1.130887,0.086169,0.015788,0.940662,-0.216675,0.015917,0.674390,0.080513,0.015934,0.807932,-0.218318,0.015909
0.936218,-0.077957,0.247429,1.124899,0.028872,0.252752,1.127508,-0.180057,0.242428,0.744929,0.024143,0.252430,0.747538,-0.184786,0.242107,1.131200,0.086168,0.015803,0.960640,-0.216446,0.015683,0.676572,0.080486,0.015895,0.808788,-0.218344,0.015715
0.946007,-0.076675,0.248242,1.134655,0.030211,0.253586,1.137326,-0.178765,0.244281,0.754687,0.025414,0.252203,0.757359,-0.183561,0.242898,1.131827,0.086258,0.015853,0.980148,-0.216269,0.019589,0.686153,0.080483,0.017604,0.809497,-0.218274,0.015633
0.956238,-0.074493,0.251094,1.144845,0.032476,0.256187,1.147589,-0.176572,0.248699,0.764886,0.027586,0.253489,0.767630,-0.181462,0.246002,1.132621,0.086409,0.015779,0.994832,-0.216091,0.026202,0.703600,0.080648,0.019433,0.810095,-0.218138,0.015657
0.966778,-0.071690,0.254707,1.155349,0.035368,0.259252,1.158154,-0.173748,0.254054,0.775402,0.030369,0.255360,0.778207,-0.178748,0.250163,1.133450,0.086591,0.015889,1.006118,-0.215789,0.034118,0.726003,0.081000,0.020998,0.810598,-0.217954,0.015706
0.977497,-0.068542,0.258270,1.166042,0.038588,0.262122,1.168885,-0.170575,0.259434,0.786110,0.033490,0.257105,0.788952,-0.175673,0.254418,1.134293,0.086779,0.015899,1.017416,-0.215291,0.041486,0.749008,0.081450,0.023169,0.811040,-0.217764,0.015750
0.988274,-0.065228,0.261412,1.176802,0.041960,0.264432,1.179664,-0.167220,0.264312,0.796883,0.036765,0.258512,0.799746,-0.172415,0.258392,1.135100,0.086986,0.015921,1.030399,-0.214592,0.047202,0.770059,0.081986,0.026611,0.811433,-0.217570,0.015812
0.999043,-0.061916,0.264123,1.187571,0.045293,0.266191,1.190422,-0.163874,0.268584,0.807663,0.040041,0.259662,0.810514,-0.169126,0.262056,1.135931,0.087182,0.015874,1.045696,-0.213793,0.051052,0.789181,0.082629,0.030997,0.811816,-0.217383,0.015844
1.009693,-0.058773,0.266591,1.198236,0.048424,0.267777,1.201047,-0.160703,0.272510,0.818339,0.043157,0.260672,0.821150,-0.165971,0.265406,1.136729,0.087363,0.015933,1.063580,-0.212977,0.053368,0.807677,0.083392,0.035889,0.812139,-0.217205,0.015875
1.020237,-0.055981,0.268975,1.208795,0.051195,0.269555,1.211559,-0.157877,0.276331,0.828915,0.045916,0.261620,0.831679,-0.163156,0.268396,1.137561,0.087513,0.015990,1.084081,-0.212229,0.054530,0.826863,0.084208,0.040760,0.812428,-0.217073,0.015885
1.030682,-0.053600,0.271215,1.219256,0.053549,0.271436,1.221967,-0.155462,0.279893,0.839397,0.048262,0.262537,0.842108,-0.160750,0.270993,1.138429,0.087657,0.015993,1.107160,-0.211554,0.054691,0.846892,0.085056,0.045188,0.812674,-0.216944,0.015874
1.041042,-0.051701,0.273073,1.229625,0.055433,0.273144,1.232293,-0.153523,0.282891,0.849791,0.050122,0.263255,0.852459,-0.158834,0.273001,1.139343,0.087784,0.015890,1.133044,-0.210976,0.053855,0.867458,0.085842,0.048681,0.812929,-0.216835,0.015880
1.051304,-0.050323,0.274183,1.239899,0.056789,0.274131,1.242524,-0.152123,0.284803,0.860083,0.051476,0.263563,0.862709,-0.157435,0.274235,1.140216,0.087852,0.015796,1.161683,-0.210552,0.051840,0.888839,0.086467,0.050521,0.813204,-0.216769,0.015868
1.061405,-0.049500,0.274238,1.250011,0.057594,0.274012,1.252610,-0.151290,0.285221,0.870200,0.052291,0.263254,0.872799,-0.156593,0.274463,1.141049,0.087902,0.015819,1.192667,-0.210257,0.048509,0.912211,0.086860,0.049464,0.813543,-0.216725,0.015873
1.071404,-0.049309,0.273250,1.260012,0.057778,0.272836,1.262613,-0.151099,0.284149,0.880194,0.052482,0.262351,0.882795,-0.156396,0.273664,1.141802,0.087911,0.015902,1.225636,-0.210057,0.044541,0.938388,0.087000,0.045836,0.813915,-0.216736,0.015865
1.081535,-0.049747,0.271359,1.270148,0.057332,0.270578,1.272770,-0.151564,0.281539,0.890300,0.052069,0.261178,0.892923,-0.156827,0.272139,1.142542,0.087887,0.016006,1.256415,-0.210022,0.038822,0.965541,0.086983,0.041119,0.814351,-0.216774,0.015923
1.092045,-0.050804,0.268510,1.280658,0.056263,0.266835,1.283336,-0.152674,0.276963,0.900754,0.051066,0.260057,0.903432,-0.157872,0.270185,1.143266,0.087852,0.016019,1.278715,-0.210260,0.029008,0.990308,0.086853,0.035849,0.814806,-0.216838,0.015961
1.103119,-0.052494,0.264547,1.291725,0.054543,0.261120,1.294473,-0.154452,0.269945,0.911764,0.049464,0.259149,0.914512,-0.159531,0.267974,1.143979,0.087745,0.016000,1.286129,-0.210795,0.015634,1.009154,0.086545,0.029577,0.815269,-0.216971,0.015998
1.114143,-0.053272,0.260612,1.302724,0.053775,0.256201,1.305529,-0.155243,0.264442,0.922758,0.048699,0.256782,0.925563,-0.160320,0.265023,1.150784,0.087755,0.015989,1.286359,-0.210797,0.015714,1.021108,0.086072,0.017445,0.815993,-0.217099,0.015984
1.124111,-0.053551,0.258195,1.312743,0.053379,0.253163,1.315443,-0.155653,0.261098,0.932779,0.048552,0.255293,0.935480,-0.160480,0.263227,1.166512,0.087973,0.015956,1.286781,-0.210822,0.015769,1.021918,0.086100,0.015827,0.818557,-0.216865,0.015910
1.133522,-0.054379,0.258143,1.322168,0.052524,0.253063,1.324835,-0.156536,0.260230,0.942209,0.047779,0.256055,0.944876,-0.161281,0.263223,1.185354,0.088292,0.020665,1.287343,-0.210874,0.015815,1.022616,0.086052,0.015899,0.828673,-0.216721,0.015964
1.142941,-0.055798,0.259602,1.331614,0.051099,0.255518,1.334231,-0.158002,0.261418,0.951650,0.046407,0.257787,0.954267,-0.162694,0.263687,1.206432,0.088533,0.026176,1.288023,-0.210980,0.015848,1.023225,0.085950,0.015922,0.843032,-0.216506,0.017401
1.152618,-0.057819,0.262070,1.341327,0.049061,0.259453,1.343880,-0.160083,0.263578,0.961357,0.044444,0.260563,0.963910,-0.164699,0.264688,1.224493,0.088625,0.032717,1.288803,-0.211103,0.015876,1.023809,0.085845,0.015958,0.860899,-0.216276,0.018397
1.162453,-0.060246,0.265086,1.351181,0.046628,0.264077,1.353697,-0.162547,0.266152,0.971208,0.042056,0.264020,0.973725,-0.167119,0.266095,1.240812,0.088527,0.039378,1.289607,-0.211255,0.015922,1.024295,0.085689,0.015912,0.881124,-0.216135,0.019413
