0.021125,0.011444,0.349744,0.208810,0.120010,0.344376,0.213307,-0.089088,0.349129,-0.171058,0.111976,0.350359,-0.166561,-0.097122,0.355112,0.179087,0.159816,0.123211,0.214521,-0.139314,0.138810,-0.138577,0.152878,0.118562,-0.156721,-0.146645,0.167590
0.030993,0.016663,0.342381,0.218111,0.126187,0.336702,0.223650,-0.082919,0.339619,-0.161665,0.116244,0.345144,-0.156126,-0.092862,0.348061,0.203268,0.167893,0.094995,0.186630,-0.132670,0.103039,-0.138438,0.158854,0.095974,-0.131142,-0.140635,0.135571
0.040756,0.021965,0.330037,0.227798,0.131567,0.323407,0.233410,-0.077549,0.325278,-0.151898,0.121479,0.334797,-0.146285,-0.087637,0.336667,0.210875,0.174269,0.064830,0.174129,-0.126809,0.079245,-0.133995,0.165078,0.072061,-0.099488,-0.133906,0.106758
0.050108,0.027336,0.313405,0.237144,0.136838,0.305147,0.242647,-0.072284,0.306647,-0.142431,0.126956,0.320163,-0.136928,-0.082166,0.321663,0.218490,0.179860,0.032692,0.177007,-0.121265,0.057557,-0.129855,0.170816,0.049971,-0.065577,-0.127497,0.078826
0.059454,0.032104,0.293766,0.247247,0.140250,0.284846,0.251274,-0.068899,0.287088,-0.132366,0.133108,0.300445,-0.128339,-0.076041,0.302687,0.220600,0.182314,0.015787,0.189961,-0.118224,0.036751,-0.124759,0.175784,0.026927,-0.035047,-0.122394,0.051916
0.068257,0.033356,0.277126,0.257075,0.140041,0.274444,0.259403,-0.069134,0.276685,-0.122889,0.135845,0.277567,-0.120561,-0.073330,0.279808,0.220391,0.182320,0.015991,0.208869,-0.117814,0.028178,-0.119252,0.178536,0.015693,-0.017727,-0.120471,0.015597
0.076032,0.032700,0.266650,0.264934,0.139266,0.265809,0.267109,-0.069915,0.267578,-0.115046,0.135314,0.265722,-0.112870,-0.073867,0.267491,0.220559,0.182146,0.015912,0.218864,-0.117980,0.018120,-0.117850,0.178626,0.015812,-0.016284,-0.120446,0.015707
0.083878,0.032234,0.260627,0.272765,0.138821,0.259280,0.274966,-0.070363,0.260654,-0.107211,0.134832,0.260600,-0.105010,-0.074352,0.261975,0.220720,0.182127,0.015909,0.226900,-0.117924,0.016880,-0.112836,0.178636,0.018692,-0.015325,-0.120480,0.015858
0.091852,0.032173,0.257476,0.280731,0.138780,0.256547,0.282952,-0.070404,0.257828,-0.099247,0.134750,0.257123,-0.097027,-0.074434,0.258404,0.221138,0.182127,0.015881,0.230021,-0.117879,0.019451,-0.102777,0.178727,0.022066,-0.014500,-0.120496,0.015904
0.099981,0.032623,0.256401,0.288854,0.139244,0.255922,0.291086,-0.069938,0.257508,-0.091124,0.135184,0.255293,-0.088891,-0.073998,0.256880,0.221689,0.182161,0.015880,0.230384,-0.117822,0.022500,-0.090142,0.178900,0.024747,-0.013792,-0.120478,0.015909
0.108234,0.033447,0.256455,0.297116,0.140054,0.256272,0.299327,-0.069123,0.258452,-0.082859,0.136018,0.254457,-0.080647,-0.073159,0.256637,0.222302,0.182214,0.015933,0.230924,-0.117728,0.025595,-0.076804,0.179168,0.027129,-0.013155,-0.120409,0.015949
0.116551,0.034439,0.257013,0.305428,0.141054,0.256910,0.307644,-0.068114,0.259818,-0.074541,0.136992,0.254207,-0.072325,-0.072176,0.257115,0.222952,0.182288,0.015962,0.233246,-0.117572,0.028654,-0.063494,0.179448,0.029908,-0.012567,-0.120353,0.015935
0.124894,0.035461,0.257735,0.313766,0.142085,0.257537,0.315986,-0.067071,0.261194,-0.066198,0.137994,0.254276,-0.063978,-0.071162,0.257934,0.223619,0.182363,0.015954,0.238420,-0.117374,0.031336,-0.050155,0.179758,0.033219,-0.012014,-0.120302,0.015902
0.133263,0.036369,0.258490,0.322140,0.142982,0.258122,0.324346,-0.066162,0.262428,-0.057821,0.138900,0.254551,-0.055615,-0.070244,0.258857,0.224305,0.182425,0.015873,0.247327,-0.117153,0.033334,-0.036556,0.180106,0.036940,-0.011488,-0.120244,0.015822
0.141669,0.037109,0.259205,0.330526,0.143758,0.258683,0.332771,-0.065375,0.263498,-0.049432,0.139594,0.254912,-0.047188,-0.069539,0.259727,0.225012,0.182498,0.015806,0.260520,-0.116886,0.034569,-0.022260,0.180420,0.040788,-0.010964,-0.120233,0.015737
0.150115,0.037521,0.259725,0.338976,0.144162,0.259130,0.341211,-0.064965,0.264193,-0.040981,0.140008,0.255257,-0.038746,-0.069119,0.260320,0.225734,0.182527,0.015816,0.277661,-0.116663,0.034824,-0.006729,0.180729,0.044172,-0.010444,-0.120206,0.015644
0.158634,0.037567,0.259950,0.347488,0.144221,0.259321,0.349739,-0.064906,0.264351,-0.032470,0.140041,0.255550,-0.030219,-0.069087,0.260579,0.226460,0.182530,0.015894,0.298018,-0.116471,0.033884,0.010326,0.180938,0.046445,-0.009902,-0.120224,0.015643
0.167280,0.037201,0.259853,0.356109,0.143897,0.259097,0.358414,-0.065238,0.263753,-0.023854,0.139640,0.255952,-0.021549,-0.069496,0.260609,0.227198,0.182527,0.015945,0.319954,-0.116309,0.030966,0.029224,0.181037,0.047017,-0.009345,-0.120278,0.015715
0.176081,0.036362,0.259325,0.364912,0.143051,0.258127,0.367223,-0.066099,0.262040,-0.015062,0.138823,0.256610,-0.012750,-0.070328,0.260523,0.227927,0.182467,0.015956,0.340972,-0.116292,0.024615,0.050149,0.181059,0.045705,-0.008786,-0.120323,0.015819
0.185159,0.035110,0.258196,0.373918,0.141911,0.256009,0.376370,-0.067256,0.258780,-0.006053,0.137477,0.257612,-0.003600,-0.071690,0.260383,0.228568,0.182483,0.015946,0.356905,-0.116167,0.015312,0.071434,0.181005,0.043427,-0.008237,-0.120441,0.015912
0.194244,0.034355,0.257391,0.383003,0.141140,0.254473,0.385442,-0.068036,0.256556,0.003047,0.136746,0.258226,0.005486,-0.072429,0.260309,0.229329,0.182427,0.015920,0.357321,-0.116217,0.015849,0.092451,0.181046,0.037584,-0.007728,-0.120473,0.015959
0.202827,0.034882,0.256781,0.391574,0.141660,0.252976,0.394020,-0.067512,0.255389,0.011634,0.137275,0.258174,0.014081,-0.071897,0.260587,0.232926,0.182526,0.015892,0.357843,-0.116154,0.015824,0.110010,0.181221,0.027479,-0.007309,-0.120424,0.015980
0.211143,0.036423,0.255660,0.399873,0.143206,0.251197,0.402352,-0.065948,0.254813,0.019935,0.138794,0.256507,0.022414,-0.070360,0.260123,0.239563,0.182697,0.015899,0.358410,-0.116061,0.015849,0.120414,0.181283,0.015777,-0.006856,-0.120388,0.015964
0.219028,0.037521,0.255481,0.407731,0.144314,0.250185,0.410251,-0.064824,0.254642,0.027806,0.139866,0.256321,0.030326,-0.069271,0.260778,0.254790,0.182942,0.015915,0.358970,-0.115993,0.015873,0.121052,0.181328,0.015829,-0.010354,-0.120396,0.018124
0.226763,0.037636,0.257304,0.415440,0.144435,0.251296,0.417983,-0.064703,0.255717,0.035542,0.139975,0.258890,0.038086,-0.069163,0.263311,0.277072,0.183288,0.018259,0.359587,-0.115948,0.015851,0.121534,0.181346,0.015867,-0.019420,-0.120321,0.027020
0.234612,0.037140,0.260265,0.423278,0.143941,0.253956,0.425819,-0.065208,0.257855,0.043404,0.139487,0.262674,0.045945,-0.069661,0.266573,0.301253,0.183616,0.023160,0.360253,-0.115976,0.015926,0.121946,0.181302,0.015891,-0.025893,-0.120271,0.037223
0.242653,0.036156,0.263654,0.431318,0.142964,0.257424,0.433844,-0.066200,0.260411,0.051462,0.138511,0.266897,0.053988,-0.070652,0.269885,0.318982,0.183818,0.030059,0.360969,-0.116029,0.015951,0.122306,0.181240,0.015901,-0.024678,-0.120287,0.043947
0.250755,0.034920,0.267032,0.439410,0.141766,0.261144,0.441946,-0.067410,0.263062,0.059564,0.137250,0.271002,0.062101,-0.071926,0.272920,0.333087,0.183875,0.036831,0.361711,-0.116105,0.015940,0.122635,0.181131,0.015904,-0.015847,-0.120396,0.047226
0.258868,0.033592,0.270114,0.447528,0.140459,0.264829,0.450055,-0.068724,0.265621,0.067682,0.135909,0.274608,0.070208,-0.073275,0.275400,0.347018,0.183857,0.042684,0.362466,-0.116181,0.015894,0.122972,0.181050,0.015897,-0.001751,-0.120456,0.048741
0.267010,0.032196,0.272660,0.455676,0.139091,0.268222,0.458204,-0.070093,0.267858,0.075816,0.134485,0.277461,0.078344,-0.074699,0.277098,0.362528,0.183803,0.047095,0.363227,-0.116256,0.015809,0.123329,0.180967,0.015917,0.015477,-0.120517,0.049396
0.275171,0.030960,0.274496,0.463849,0.137872,0.271062,0.466376,-0.071308,0.269679,0.083967,0.133228,0.279312,0.086494,-0.075952,0.277929,0.380464,0.183782,0.049790,0.363985,-0.116322,0.015875,0.123737,0.180904,0.015893,0.034805,-0.120519,0.049193
0.283319,0.029915,0.275558,0.471992,0.136865,0.273263,0.474555,-0.072307,0.271023,0.092082,0.132137,0.280093,0.094645,-0.077035,0.277853,0.401182,0.183834,0.050953,0.364732,-0.116377,0.015924,0.124189,0.180816,0.015855,0.056140,-0.120505,0.048301
0.291470,0.029167,0.275773,0.480149,0.136125,0.274625,0.482725,-0.073040,0.271749,0.100214,0.131374,0.279798,0.102790,-0.077790,0.276922,0.424210,0.183974,0.050580,0.365463,-0.116425,0.015968,0.124712,0.180764,0.015778,0.079903,-0.120364,0.046711
0.299638,0.028732,0.275096,0.488322,0.135688,0.274951,0.490907,-0.073470,0.271659,0.108368,0.130935,0.278532,0.110954,-0.078223,0.275240,0.449017,0.184225,0.048554,0.366164,-0.116447,0.016023,0.125299,0.180740,0.015693,0.106457,-0.120107,0.044549
0.307868,0.028740,0.273452,0.496562,0.135676,0.274059,0.499139,-0.073480,0.270677,0.116597,0.130960,0.276227,0.119174,-0.078197,0.272844,0.474935,0.184575,0.044964,0.366844,-0.116450,0.015978,0.125967,0.180750,0.015631,0.135737,-0.119715,0.041783
0.316171,0.029312,0.270658,0.504874,0.136229,0.271597,0.507437,-0.072932,0.268535,0.124905,0.131557,0.272782,0.127467,-0.077605,0.269720,0.500852,0.185026,0.040193,0.367469,-0.116408,0.015943,0.126725,0.180800,0.015754,0.166846,-0.119204,0.039075
0.324599,0.030441,0.266572,0.513311,0.137348,0.266917,0.515856,-0.071824,0.264627,0.133343,0.132707,0.268516,0.135888,-0.076465,0.266226,0.524044,0.185499,0.032616,0.368013,-0.116357,0.015888,0.127553,0.180857,0.015912,0.197485,-0.118660,0.036752
0.333291,0.032013,0.261064,0.522050,0.138821,0.259241,0.524477,-0.070362,0.258112,0.142106,0.134388,0.264016,0.144532,-0.074795,0.262887,0.538728,0.185772,0.017769,0.368444,-0.116318,0.015824,0.128367,0.181021,0.015993,0.223989,-0.118092,0.033960
0.341877,0.032616,0.255877,0.530649,0.139380,0.253108,0.533028,-0.069805,0.252330,0.150726,0.135036,0.259424,0.153105,-0.074149,0.258646,0.538899,0.185809,0.015887,0.369278,-0.116240,0.015787,0.129198,0.181150,0.015995,0.244153,-0.117710,0.028364
0.350133,0.031677,0.251903,0.538928,0.138430,0.250700,0.541292,-0.070750,0.249061,0.158974,0.134105,0.254746,0.161338,-0.075075,0.253107,0.539244,0.185727,0.015913,0.383926,-0.116156,0.015845,0.129939,0.181102,0.015999,0.251356,-0.117654,0.015957
0.358298,0.030685,0.249584,0.547102,0.137428,0.249199,0.549455,-0.071743,0.246620,0.167142,0.133113,0.252548,0.169494,-0.076057,0.249969,0.539677,0.185677,0.015925,0.397091,-0.116071,0.016119,0.130474,0.181074,0.015983,0.252138,-0.117699,0.015932
0.366352,0.030388,0.248955,0.555152,0.137138,0.248455,0.557508,-0.072028,0.245534,0.175196,0.132804,0.252376,0.177553,-0.076363,0.249455,0.540161,0.185675,0.015875,0.412801,-0.115913,0.016258,0.133984,0.181099,0.015948,0.252794,-0.117711,0.015922
0.374467,0.030861,0.249661,0.563261,0.137620,0.249079,0.565629,-0.071550,0.246486,0.183305,0.133272,0.252835,0.185673,-0.075899,0.250242,0.540749,0.185714,0.015801,0.425391,-0.115784,0.019809,0.142987,0.181192,0.017258,0.253377,-0.117683,0.015881
0.382793,0.032066,0.251440,0.571584,0.138832,0.250869,0.573968,-0.070348,0.249226,0.191619,0.134480,0.253655,0.194003,-0.074700,0.252012,0.541410,0.185789,0.015847,0.432813,-0.115657,0.025976,0.155833,0.181363,0.019779,0.253910,-0.117617,0.015865
0.391295,0.033745,0.253777,0.580089,0.140506,0.253347,0.582475,-0.068680,0.253024,0.200116,0.136170,0.254530,0.202502,-0.073016,0.254207,0.542132,0.185893,0.015896,0.438913,-0.115431,0.032949,0.171073,0.181651,0.022170,0.254403,-0.117509,0.015832
0.399888,0.035744,0.256187,0.588686,0.142497,0.255883,0.591065,-0.066686,0.257125,0.208711,0.138173,0.255249,0.211090,-0.071010,0.256491,0.542862,0.186005,0.015870,0.446157,-0.115080,0.039254,0.186899,0.182011,0.024797,0.254865,-0.117395,0.015758
0.408491,0.037949,0.258405,0.597299,0.144685,0.258109,0.599652,-0.064481,0.261047,0.217330,0.140378,0.255763,0.219684,-0.068788,0.258701,0.543576,0.186136,0.015883,0.455596,-0.114604,0.044285,0.202377,0.182468,0.028012,0.255301,-0.117258,0.015702
0.417065,0.040199,0.260398,0.605893,0.146899,0.260013,0.608192,-0.062237,0.264670,0.225937,0.142635,0.256125,0.228236,-0.066500,0.260782,0.544277,0.186248,0.015820,0.467259,-0.114076,0.047952,0.217353,0.183011,0.031858,0.255719,-0.117121,0.015632
0.425611,0.042336,0.262262,0.614455,0.149006,0.261795,0.616705,-0.060088,0.268065,0.234516,0.144759,0.256459,0.236766,-0.064335,0.262730,0.544963,0.186360,0.015971,0.481157,-0.113546,0.050426,0.232059,0.183599,0.036143,0.256117,-0.117010,0.015616
0.434136,0.044319,0.264086,0.622991,0.150972,0.263587,0.625199,-0.058074,0.271301,0.243074,0.146712,0.256871,0.245282,-0.062334,0.264586,0.545667,0.186502,0.016005,0.497114,-0.113006,0.051937,0.246881,0.184247,0.040414,0.256495,-0.116886,0.015658
0.442647,0.046051,0.265809,0.631522,0.152667,0.265286,0.633665,-0.056329,0.274258,0.251629,0.148431,0.257361,0.253772,-0.060565,0.266332,0.546393,0.186588,0.016001,0.515140,-0.112558,0.052502,0.261741,0.184890,0.044467,0.256851,-0.116787,0.015682
0.451138,0.047424,0.267247,0.640020,0.154028,0.266770,0.642125,-0.054925,0.276715,0.260150,0.149773,0.257779,0.262255,-0.059179,0.267724,0.547141,0.186657,0.015919,0.535312,-0.112196,0.052091,0.276678,0.185454,0.047881,0.257214,-0.116726,0.015756
0.459572,0.048424,0.268210,0.648441,0.155051,0.267850,0.650549,-0.053868,0.278474,0.268595,0.150716,0.257946,0.270702,-0.058203,0.268570,0.547875,0.186731,0.015824,0.557996,-0.111892,0.050782,0.292122,0.185912,0.050445,0.257589,-0.116701,0.015799
0.467937,0.048958,0.268503,0.656802,0.155593,0.268232,0.658905,-0.053309,0.279192,0.276970,0.151225,0.257814,0.279072,-0.057678,0.268774,0.548585,0.186773,0.015766,0.582986,-0.111697,0.048382,0.308845,0.186234,0.051463,0.257993,-0.116675,0.015829
0.476236,0.048935,0.268125,0.665099,0.155575,0.268019,0.667199,-0.053331,0.278905,0.285274,0.151201,0.257344,0.287374,-0.057706,0.268230,0.549269,0.186785,0.015847,0.610249,-0.111598,0.045147,0.327784,0.186374,0.050705,0.258441,-0.116662,0.015833
0.484575,0.048370,0.267227,0.673423,0.155037,0.267201,0.675560,-0.053892,0.277628,0.293590,0.150633,0.256826,0.295728,-0.058296,0.267252,0.549937,0.186741,0.015892,0.638471,-0.111599,0.040812,0.349163,0.186305,0.048301,0.258907,-0.116726,0.015883
0.493076,0.047218,0.265829,0.681920,0.153891,0.265657,0.684097,-0.055082,0.275145,0.302056,0.149519,0.256513,0.304232,-0.059454,0.266001,0.550599,0.186687,0.015997,0.664505,-0.111735,0.033991,0.372449,0.186135,0.044710,0.259394,-0.116776,0.015897
0.501862,0.045456,0.263752,0.690706,0.152125,0.262887,0.692940,-0.056907,0.270974,0.310783,0.147819,0.256529,0.313017,-0.061213,0.264616,0.551240,0.186569,0.016006,0.685182,-0.112047,0.023612,0.395086,0.185868,0.041018,0.259882,-0.116890,0.015898
0.511128,0.043358,0.261193,0.699986,0.149985,0.259011,0.702243,-0.059105,0.265422,0.320014,0.145821,0.256965,0.322271,-0.063269,0.263375,0.551931,0.186410,0.015988,0.689850,-0.112367,0.015749,0.413587,0.185564,0.037108,0.260358,-0.116998,0.015911
0.520125,0.042358,0.259441,0.708990,0.148947,0.256260,0.711238,-0.060166,0.261883,0.329013,0.144882,0.257000,0.331260,-0.064230,0.262623,0.552880,0.186275,0.015933,0.690166,-0.112480,0.015723,0.428412,0.185278,0.028583,0.260732,-0.117090,0.015943
0.528638,0.042786,0.257709,0.717479,0.149397,0.253946,0.719771,-0.059705,0.259908,0.337505,0.145277,0.255509,0.339797,-0.063826,0.261472,0.560410,0.186360,0.015943,0.690601,-0.112458,0.015778,0.436854,0.184998,0.015689,0.261146,-0.117160,0.015970
0.536490,0.043228,0.256937,0.725363,0.149756,0.252441,0.727588,-0.059339,0.258675,0.345393,0.145795,0.255199,0.347618,-0.063300,0.261433,0.573901,0.186567,0.015948,0.691056,-0.112441,0.015813,0.437560,0.185112,0.015826,0.262191,-0.117000,0.015964
0.543981,0.042938,0.257848,0.732852,0.149450,0.252944,0.735069,-0.059655,0.258859,0.352892,0.145531,0.256836,0.355109,-0.063574,0.262752,0.592818,0.186785,0.017863,0.691582,-0.112462,0.015839,0.438073,0.185088,0.015856,0.265694,-0.116894,0.018802
0.551527,0.042007,0.259759,0.740391,0.148548,0.255206,0.742621,-0.060578,0.260287,0.360433,0.144593,0.259230,0.362663,-0.064533,0.264312,0.613667,0.186990,0.021780,0.692172,-0.112522,0.015854,0.438511,0.184979,0.015879,0.271336,-0.116819,0.023750
0.559323,0.040535,0.262213,0.748215,0.147057,0.258423,0.750393,-0.062098,0.262211,0.368254,0.143168,0.262215,0.370432,-0.065987,0.266003,0.628903,0.187090,0.027425,0.692806,-0.112619,0.015884,0.438938,0.184902,0.015884,0.280462,-0.116707,0.027284
0.567235,0.038689,0.264888,0.756141,0.145214,0.262039,0.758294,-0.063963,0.264265,0.376176,0.141341,0.265511,0.378329,-0.067837,0.267737,0.641109,0.187051,0.033340,0.693453,-0.112728,0.015923,0.439321,0.184789,0.015882,0.293261,-0.116709,0.028894
0.575174,0.036629,0.267575,0.764090,0.143159,0.265791,0.766226,-0.066029,0.266310,0.384122,0.139287,0.268839,0.386258,-0.069902,0.269358,0.653482,0.186920,0.039040,0.694119,-0.112839,0.015930,0.439674,0.184679,0.015924,0.308240,-0.116744,0.030392
0.583130,0.034515,0.270122,0.772061,0.141033,0.269501,0.774172,-0.068153,0.268320,0.392088,0.137184,0.271924,0.394199,-0.072002,0.270743,0.667471,0.186702,0.044228,0.694809,-0.112982,0.015914,0.440016,0.184566,0.015892,0.324246,-0.116817,0.032560
0.591103,0.032440,0.272464,0.780021,0.138980,0.273108,0.782161,-0.070190,0.270261,0.400044,0.135070,0.274666,0.402185,-0.074100,0.271820,0.683741,0.186504,0.048789,0.695520,-0.113070,0.015841,0.440348,0.184462,0.015855,0.340931,-0.116965,0.035389
0.599085,0.030464,0.274431,0.787999,0.136995,0.276412,0.790151,-0.072148,0.272019,0.408019,0.133076,0.276843,0.410171,-0.076067,0.272450,0.702180,0.186287,0.052070,0.696230,-0.113194,0.015803,0.440688,0.184358,0.015810,0.358739,-0.117124,0.037548
0.607047,0.028732,0.275847,0.795933,0.135277,0.279264,0.798139,-0.073833,0.273514,0.415955,0.131297,0.278180,0.418162,-0.077812,0.272431,0.722837,0.186171,0.053942,0.696946,-0.113287,0.015927,0.441071,0.184248,0.015754,0.377997,-0.117276,0.038605
0.614962,0.027298,0.276563,0.803828,0.133818,0.281454,0.806063,-0.075257,0.274568,0.423860,0.129852,0.278558,0.426095,-0.079222,0.271672,0.745371,0.186144,0.054538,0.697650,-0.113377,0.016010,0.441507,0.184176,0.015685,0.399216,-0.117312,0.038661
0.622849,0.026230,0.276482,0.811688,0.132726,0.282792,0.813959,-0.076319,0.275052,0.431740,0.128778,0.277912,0.434011,-0.080266,0.270172,0.769250,0.186225,0.053860,0.698347,-0.113469,0.016053,0.442010,0.184087,0.015596,0.422911,-0.117269,0.037880
0.630744,0.025558,0.275550,0.819552,0.132030,0.283077,0.821857,-0.076990,0.274711,0.439631,0.128107,0.276389,0.441936,-0.080913,0.268023,0.793965,0.186490,0.051898,0.699005,-0.113482,0.016071,0.442584,0.184064,0.015689,0.449080,-0.117053,0.036419
0.638683,0.025375,0.273699,0.827478,0.131808,0.282052,0.829783,-0.077201,0.273426,0.447583,0.127952,0.273972,0.449889,-0.081058,0.265346,0.818900,0.186835,0.048717,0.699629,-0.113505,0.016026,0.443227,0.184049,0.015830,0.477079,-0.116726,0.034601
0.646705,0.025848,0.270749,0.835504,0.132246,0.279438,0.837781,-0.076772,0.270998,0.455628,0.128468,0.270500,0.457905,-0.080549,0.262059,0.843114,0.187301,0.044610,0.700194,-0.113461,0.015961,0.443944,0.184110,0.015963,0.505681,-0.116265,0.032916
0.654853,0.026886,0.266461,0.843674,0.133296,0.274514,0.845923,-0.075746,0.266697,0.463783,0.129518,0.266226,0.466032,-0.079524,0.258409,0.863686,0.187870,0.037192,0.700678,-0.113416,0.015920,0.444726,0.184153,0.016037,0.532678,-0.115779,0.030791
0.663294,0.028381,0.260752,0.852211,0.134763,0.266613,0.854327,-0.074315,0.259802,0.472261,0.131078,0.261701,0.474377,-0.078001,0.254890,0.874683,0.188443,0.021783,0.701015,-0.113397,0.015871,0.445518,0.184285,0.016067,0.554261,-0.115256,0.027359
0.671878,0.029305,0.254972,0.860849,0.135663,0.259333,0.862882,-0.073432,0.253041,0.480874,0.132041,0.256903,0.482907,-0.077054,0.250611,0.875120,0.188600,0.015901,0.701553,-0.113335,0.015809,0.446308,0.184426,0.016032,0.568616,-0.114767,0.020423
0.680061,0.029480,0.251515,0.869039,0.135867,0.254724,0.871066,-0.073228,0.248429,0.489057,0.132188,0.254601,0.491084,-0.076907,0.248305,0.875250,0.188591,0.015894,0.713146,-0.113230,0.015884,0.446880,0.184436,0.015994,0.570201,-0.114617,0.015948
0.688026,0.029762,0.250115,0.876984,0.136204,0.252665,0.879049,-0.072896,0.246517,0.497004,0.132420,0.253712,0.499069,-0.076679,0.247564,0.875586,0.188623,0.015899,0.728565,-0.113074,0.015923,0.447646,0.184398,0.015881,0.570875,-0.114631,0.015911
0.695990,0.030655,0.250057,0.884949,0.137099,0.252306,0.887010,-0.072019,0.246831,0.504969,0.133329,0.253283,0.507030,-0.075789,0.247807,0.876045,0.188670,0.015862,0.740495,-0.112982,0.019649,0.453440,0.184504,0.015915,0.571466,-0.114549,0.015859
0.704095,0.032196,0.251124,0.893041,0.138666,0.253238,0.895129,-0.070481,0.249014,0.513060,0.134873,0.253235,0.515148,-0.074274,0.249010,0.876604,0.188760,0.015800,0.749901,-0.112862,0.024733,0.465315,0.184652,0.015909,0.572007,-0.114457,0.015798
0.712384,0.034294,0.252787,0.901320,0.140783,0.254867,0.903426,-0.068391,0.252335,0.521343,0.136979,0.253240,0.523448,-0.072195,0.250707,0.877231,0.188890,0.015842,0.757383,-0.112631,0.030567,0.480613,0.184898,0.015917,0.572513,-0.114313,0.015746
0.720805,0.036736,0.254598,0.909731,0.143243,0.256684,0.911843,-0.065945,0.256109,0.529767,0.139417,0.253087,0.531879,-0.069772,0.252512,0.877885,0.189036,0.015887,0.765177,-0.112274,0.036045,0.497103,0.185191,0.015929,0.573003,-0.114158,0.015668
0.729284,0.039406,0.256284,0.918203,0.145927,0.258341,0.920304,-0.063257,0.259872,0.538264,0.142069,0.252695,0.540366,-0.067115,0.254227,0.878544,0.189207,0.015853,0.774354,-0.111782,0.040558,0.513763,0.185543,0.015941,0.573466,-0.113983,0.015602
0.737763,0.042198,0.257800,0.926679,0.148727,0.259729,0.928752,-0.060429,0.263465,0.546775,0.144825,0.252134,0.548848,-0.064331,0.255870,0.879187,0.189361,0.015879,0.784976,-0.111232,0.044082,0.529917,0.185909,0.016536,0.573908,-0.113833,0.015654
0.746194,0.044975,0.259249,0.935115,0.151498,0.260947,0.937138,-0.057609,0.266870,0.555250,0.147559,0.251628,0.557273,-0.061547,0.257551,0.879830,0.189491,0.015833,0.796835,-0.110667,0.046882,0.545074,0.186328,0.018491,0.574318,-0.113703,0.015691
0.754563,0.047714,0.260816,0.943500,0.154213,0.262207,0.945452,-0.054823,0.270241,0.563675,0.150252,0.251391,0.565626,-0.058785,0.259425,0.880473,0.189646,0.015945,0.810043,-0.110066,0.049252,0.559574,0.186875,0.021799,0.574687,-0.113551,0.015757
0.762847,0.050255,0.262656,0.951811,0.156709,0.263765,0.953667,-0.052245,0.273724,0.572027,0.152755,0.251588,0.573883,-0.056200,0.261547,0.881130,0.189776,0.016011,0.824689,-0.109493,0.051358,0.574127,0.187531,0.026131,0.574995,-0.113408,0.015769
0.771058,0.052567,0.264693,0.960049,0.158975,0.265551,0.961810,-0.049892,0.277225,0.580306,0.155025,0.252160,0.582067,-0.053842,0.263834,0.881817,0.189892,0.016037,0.840834,-0.108965,0.053033,0.589054,0.188260,0.030995,0.575254,-0.113285,0.015780
0.779215,0.054550,0.266710,0.968222,0.160932,0.267357,0.969914,-0.047851,0.280452,0.588515,0.156952,0.252968,0.590208,-0.051831,0.266062,0.882532,0.190015,0.016026,0.858865,-0.108491,0.054063,0.604214,0.188999,0.035798,0.575490,-0.113189,0.015777
0.787292,0.056107,0.268501,0.976307,0.162475,0.269111,0.977946,-0.046239,0.283262,0.596639,0.158452,0.253739,0.598278,-0.050262,0.267890,0.883267,0.190135,0.015942,0.878998,-0.108101,0.054217,0.619727,0.189699,0.040025,0.575727,-0.113088,0.015779
0.795282,0.057213,0.269781,0.984289,0.163595,0.270405,0.985911,-0.045069,0.285291,0.604654,0.159494,0.254271,0.606275,-0.049169,0.269156,0.883982,0.190223,0.015848,0.901394,-0.107842,0.053299,0.635813,0.190242,0.043145,0.575981,-0.113047,0.015782
0.803195,0.057838,0.270307,0.992206,0.164213,0.270902,0.993803,-0.044420,0.286207,0.612587,0.160097,0.254406,0.614184,-0.048536,0.269711,0.884667,0.190249,0.015791,0.926018,-0.107751,0.051215,0.653134,0.190569,0.044314,0.576280,-0.113027,0.015796
0.811050,0.057915,0.270088,1.000047,0.164314,0.270761,1.001665,-0.044318,0.286072,0.620435,0.160148,0.254104,0.622054,-0.048485,0.269414,0.885311,0.190297,0.015920,0.953048,-0.107703,0.048497,0.672982,0.190650,0.043179,0.576632,-0.113020,0.015822
0.818989,0.057404,0.269365,1.007981,0.163812,0.270106,1.009621,-0.044850,0.285014,0.628357,0.159657,0.253715,0.629997,-0.049005,0.268623,0.885957,0.190267,0.016016,0.981026,-0.107771,0.045261,0.694853,0.190542,0.040899,0.577031,-0.113049,0.015821
0.827126,0.056335,0.268056,1.016111,0.162757,0.268517,1.017821,-0.045960,0.282621,0.636431,0.158631,0.253491,0.638140,-0.050086,0.267595,0.886581,0.190188,0.016032,1.005988,-0.108031,0.039672,0.717447,0.190291,0.038050,0.577428,-0.113146,0.015922
0.835612,0.054741,0.265977,1.024611,0.161139,0.265579,1.026401,-0.047656,0.278454,0.644824,0.157138,0.253500,0.646614,-0.051658,0.266375,0.887175,0.190111,0.016041,1.024085,-0.108517,0.030290,0.738069,0.189995,0.034888,0.577847,-0.113227,0.015967
0.844592,0.052536,0.263054,1.033598,0.158902,0.260998,1.035502,-0.049991,0.272159,0.653683,0.155063,0.253948,0.655586,-0.053830,0.265109,0.887739,0.190001,0.016024,1.031997,-0.109228,0.015970,0.753986,0.189576,0.030887,0.578263,-0.113362,0.015993
0.853652,0.050797,0.260617,1.042684,0.157107,0.258096,1.044573,-0.051855,0.267895,0.662731,0.153448,0.253339,0.664620,-0.055514,0.263138,0.888474,0.189860,0.015983,1.032206,-0.109294,0.015738,0.765042,0.189160,0.024839,0.578744,-0.113382,0.015977
0.862189,0.050278,0.258843,1.051243,0.156545,0.256146,1.053098,-0.052434,0.265567,0.671280,0.152990,0.252120,0.673136,-0.055990,0.261540,0.898249,0.189859,0.015990,1.032563,-0.109377,0.015725,0.771040,0.188721,0.015814,0.579161,-0.113393,0.015964
0.870107,0.049896,0.258149,1.059172,0.156118,0.254609,1.061021,-0.052878,0.263673,0.679193,0.152670,0.252626,0.681042,-0.056325,0.261690,0.909838,0.189942,0.015990,1.032938,-0.109372,0.015769,0.771665,0.188715,0.015870,0.580157,-0.113367,0.016007
0.877533,0.049088,0.258567,1.066611,0.155274,0.254695,1.068440,-0.053751,0.263046,0.686626,0.151926,0.254089,0.688455,-0.057099,0.262440,0.927507,0.190043,0.016853,1.033371,-0.109424,0.015804,0.772177,0.188647,0.015924,0.586244,-0.113328,0.015997
0.884913,0.047798,0.259674,1.073997,0.153989,0.256209,1.075815,-0.055078,0.263443,0.694012,0.150675,0.255905,0.695830,-0.058392,0.263138,0.947659,0.190161,0.018955,1.033877,-0.109489,0.015832,0.772661,0.188535,0.015947,0.596142,-0.113266,0.016655
0.892514,0.046013,0.261246,1.081622,0.152187,0.258689,1.083393,-0.056927,0.264396,0.701636,0.148953,0.258096,0.703407,-0.060162,0.263803,0.962800,0.190221,0.023148,1.034422,-0.109594,0.015836,0.773114,0.188418,0.015951,0.608866,-0.113169,0.016901
0.900275,0.043793,0.263103,1.089414,0.149934,0.261710,1.091123,-0.059224,0.265556,0.709428,0.146809,0.260650,0.711137,-0.062348,0.264496,0.974133,0.190154,0.028047,1.034988,-0.109733,0.015896,0.773550,0.188293,0.015962,0.623818,-0.113081,0.016509
0.908101,0.041359,0.265042,1.097252,0.147487,0.264938,1.098934,-0.061699,0.266775,0.717268,0.144416,0.263310,0.718950,-0.064769,0.265147,0.984935,0.190000,0.033028,1.035575,-0.109864,0.015923,0.773934,0.188153,0.015927,0.639625,-0.113042,0.016585
0.915960,0.038795,0.267006,1.105117,0.144905,0.268287,1.106784,-0.064288,0.268064,0.725136,0.141879,0.265949,0.726804,-0.067314,0.265726,0.996663,0.189738,0.037765,1.036190,-0.110033,0.015921,0.774307,0.187989,0.015882,0.655212,-0.113072,0.017589
0.923837,0.036247,0.268940,1.112977,0.142358,0.271679,1.114671,-0.066823,0.269403,0.733003,0.139317,0.268477,0.734696,-0.069864,0.266202,1.010012,0.189476,0.042094,1.036819,-0.110149,0.015902,0.774661,0.187857,0.015828,0.670192,-0.113160,0.019822
0.931745,0.033760,0.270825,1.120871,0.139847,0.275071,1.122582,-0.069303,0.270847,0.740907,0.136824,0.270803,0.742618,-0.072327,0.266578,1.025512,0.189152,0.046101,1.037491,-0.110310,0.015834,0.774999,0.187714,0.015762,0.684998,-0.113340,0.023036
0.939666,0.031433,0.272535,1.128758,0.137510,0.278283,1.130522,-0.071596,0.272249,0.748810,0.134462,0.272822,0.750574,-0.074643,0.266788,1.043197,0.188864,0.049362,1.038179,-0.110445,0.015781,0.775337,0.187576,0.015701,0.700637,-0.113592,0.026168
0.947574,0.029343,0.273934,1.136624,0.135400,0.281211,1.138448,-0.073652,0.273568,0.756699,0.132338,0.274300,0.758523,-0.076715,0.266656,1.063256,0.188631,0.051760,1.038866,-0.110583,0.015916,0.775689,0.187443,0.015631,0.717847,-0.113852,0.028696
0.955431,0.027626,0.274860,1.144430,0.133658,0.283685,1.146321,-0.075340,0.274680,0.764541,0.130592,0.275040,0.766432,-0.078406,0.266035,1.085395,0.188549,0.053171,1.039564,-0.110655,0.016009,0.776082,0.187368,0.015622,0.737288,-0.113999,0.030134
0.963230,0.026291,0.275140,1.152180,0.132280,0.285414,1.154124,-0.076668,0.275335,0.772336,0.129250,0.274945,0.774281,-0.079698,0.264866,1.109103,0.188570,0.053507,1.040251,-0.110726,0.016063,0.776530,0.187298,0.015705,0.759441,-0.114034,0.030458
0.971002,0.025345,0.274667,1.159917,0.131269,0.286165,1.161881,-0.077639,0.275289,0.780122,0.128329,0.274046,0.782086,-0.080579,0.263170,1.133641,0.188701,0.052481,1.040912,-0.110795,0.016086,0.777025,0.187256,0.015824,0.784264,-0.113935,0.030033
0.978804,0.024872,0.273283,1.167685,0.130753,0.285706,1.169672,-0.078129,0.274348,0.787935,0.127873,0.272217,0.789923,-0.081009,0.260859,1.158421,0.188991,0.050168,1.041540,-0.110824,0.016070,0.777598,0.187229,0.015925,0.811144,-0.113722,0.029048
0.986687,0.025047,0.270847,1.175554,0.130884,0.283841,1.177528,-0.077998,0.272472,0.795846,0.128092,0.269222,0.797819,-0.080789,0.257854,1.182629,0.189360,0.047010,1.042120,-0.110838,0.016012,0.778254,0.187227,0.016020,0.838700,-0.113407,0.027912
0.994675,0.025871,0.267119,1.183565,0.131693,0.279898,1.185493,-0.077212,0.268955,0.803856,0.128954,0.265282,0.805784,-0.079950,0.254340,1.204202,0.189882,0.041557,1.042624,-0.110792,0.015955,0.778983,0.187293,0.016075,0.865219,-0.112969,0.026264
1.002890,0.027184,0.261922,1.191849,0.133062,0.273119,1.193723,-0.075883,0.262961,0.812056,0.130250,0.260883,0.813931,-0.078695,0.250725,1.218332,0.190637,0.029741,1.043028,-0.110729,0.015889,0.779740,0.187366,0.016086,0.887261,-0.112481,0.023184
