-0.013699,0.019005,0.354613,0.175708,0.124609,0.358343,0.176884,-0.084512,0.352719,-0.204281,0.122522,0.356508,-0.203106,-0.086599,0.350884,0.163488,0.175835,0.141640,0.178444,-0.124803,0.160564,-0.188989,0.173271,0.163297,-0.152964,-0.126328,0.147964
-0.020357,0.028745,0.349484,0.168991,0.134486,0.352181,0.170287,-0.074628,0.346302,-0.211001,0.132117,0.352665,-0.209705,-0.076996,0.346786,0.162977,0.185983,0.136406,0.162090,-0.114842,0.157599,-0.185128,0.184391,0.116274,-0.197235,-0.116504,0.137492
-0.027840,0.038499,0.339203,0.161933,0.143467,0.342270,0.162387,-0.065640,0.336061,-0.218067,0.142638,0.342346,-0.217612,-0.066469,0.336137,0.157917,0.195444,0.122834,0.142491,-0.105491,0.145355,-0.190934,0.195750,0.087006,-0.213448,-0.105621,0.123671
-0.036055,0.048409,0.324795,0.154351,0.152226,0.327819,0.153536,-0.056906,0.322540,-0.225646,0.153724,0.327051,-0.226460,-0.055408,0.321772,0.155496,0.203263,0.106889,0.128910,-0.097342,0.127134,-0.200653,0.205754,0.063128,-0.218683,-0.095383,0.103119
-0.044565,0.058365,0.306332,0.146542,0.160887,0.309224,0.144301,-0.048262,0.305165,-0.233432,0.164992,0.307499,-0.235673,-0.044157,0.303440,0.153322,0.210584,0.087254,0.123010,-0.089678,0.108502,-0.210934,0.215437,0.038317,-0.224353,-0.085435,0.081698
-0.053200,0.068282,0.283814,0.138342,0.170011,0.285860,0.135207,-0.039160,0.284347,-0.241606,0.175724,0.283281,-0.244741,-0.033447,0.281768,0.149097,0.216912,0.063830,0.117073,-0.082916,0.086886,-0.216293,0.222735,0.015945,-0.230863,-0.077489,0.057508
-0.060343,0.075300,0.262157,0.129718,0.179645,0.256674,0.129493,-0.029544,0.258807,-0.250179,0.180144,0.265508,-0.250404,-0.029045,0.267640,0.126826,0.222809,0.031815,0.100135,-0.077053,0.053922,-0.215371,0.223015,0.015840,-0.246126,-0.076787,0.043434
-0.064726,0.079328,0.240664,0.122512,0.187243,0.222294,0.126497,-0.021894,0.225536,-0.255949,0.180550,0.255792,-0.251964,-0.028587,0.259033,0.100759,0.229107,0.016789,0.054219,-0.071951,0.018022,-0.215169,0.223071,0.015742,-0.254155,-0.077703,0.026037
-0.066776,0.081185,0.220956,0.119633,0.188927,0.194790,0.123843,-0.020163,0.200121,-0.257395,0.182534,0.241791,-0.253185,-0.026556,0.247123,0.098097,0.229411,0.016107,0.053258,-0.071756,0.015905,-0.214577,0.223101,0.015583,-0.258393,-0.078031,0.015916
-0.066051,0.081916,0.206532,0.120314,0.189503,0.179442,0.124523,-0.019555,0.185884,-0.256626,0.183387,0.227180,-0.252417,-0.025672,0.233621,0.097537,0.229488,0.015944,0.053006,-0.071715,0.015840,-0.213774,0.223214,0.015694,-0.257507,-0.077963,0.015908
-0.062784,0.082208,0.198145,0.123557,0.189720,0.170593,0.127764,-0.019322,0.177546,-0.253332,0.183737,0.218744,-0.249126,-0.025305,0.225697,0.097508,0.229536,0.015929,0.053152,-0.071687,0.015820,-0.213137,0.223280,0.015763,-0.256812,-0.077919,0.015973
-0.057745,0.082488,0.193658,0.128457,0.189905,0.164820,0.132659,-0.019124,0.172153,-0.248149,0.184100,0.215162,-0.243947,-0.024929,0.222495,0.097802,0.229553,0.015945,0.052240,-0.071709,0.015895,-0.212557,0.223311,0.015835,-0.256270,-0.077908,0.015999
-0.051548,0.082962,0.192106,0.134524,0.190281,0.162093,0.138731,-0.018731,0.169890,-0.241827,0.184654,0.214321,-0.237620,-0.024358,0.222119,0.098329,0.229592,0.015973,0.051784,-0.071717,0.015884,-0.212032,0.223340,0.015839,-0.255852,-0.077905,0.015999
-0.044373,0.083727,0.194033,0.141634,0.190933,0.163220,0.145835,-0.018056,0.171614,-0.234580,0.185510,0.216451,-0.230379,-0.023480,0.224845,0.099064,0.229662,0.016037,0.052431,-0.071679,0.015994,-0.211589,0.223412,0.015880,-0.255590,-0.077870,0.015996
-0.036364,0.084783,0.200498,0.149701,0.191890,0.169693,0.153883,-0.017072,0.178745,-0.226610,0.186637,0.222250,-0.222428,-0.022325,0.231303,0.100011,0.229737,0.015938,0.053213,-0.071639,0.015994,-0.211280,0.223504,0.015864,-0.255587,-0.077816,0.016042
-0.027575,0.086568,0.212364,0.158704,0.193536,0.182373,0.162829,-0.015378,0.192495,-0.217978,0.188515,0.232233,-0.213853,-0.020400,0.242354,0.101154,0.229846,0.015874,0.054185,-0.071586,0.015996,-0.212265,0.223692,0.016597,-0.255989,-0.077707,0.016070
-0.018513,0.088785,0.227430,0.167850,0.195568,0.197306,0.171932,-0.013286,0.208627,-0.208957,0.190855,0.246234,-0.204875,-0.017998,0.257555,0.102358,0.229970,0.015714,0.055812,-0.071483,0.016716,-0.228108,0.224103,0.026624,-0.256870,-0.077636,0.015945
-0.009741,0.089966,0.242986,0.176827,0.196791,0.214312,0.180880,-0.012056,0.225772,-0.200362,0.191988,0.260201,-0.196308,-0.016859,0.271660,0.103603,0.230003,0.015784,0.062249,-0.071148,0.020518,-0.245004,0.224606,0.040734,-0.257761,-0.077606,0.016022
-0.001442,0.090109,0.256685,0.185524,0.197016,0.231078,0.189400,-0.011871,0.241832,-0.192284,0.192089,0.271538,-0.188408,-0.016798,0.282293,0.104879,0.229963,0.015964,0.073923,-0.070570,0.027432,-0.254126,0.224992,0.048804,-0.256676,-0.077271,0.016435
0.005838,0.089809,0.266197,0.193404,0.196266,0.243230,0.196584,-0.012653,0.253595,-0.184907,0.192272,0.278799,-0.181727,-0.016647,0.289164,0.112200,0.229349,0.017641,0.089295,-0.070678,0.034278,-0.254715,0.225500,0.052620,-0.250459,-0.076462,0.021933
0.012304,0.089500,0.271250,0.200278,0.195628,0.250185,0.202973,-0.013305,0.260400,-0.178365,0.192305,0.282099,-0.175670,-0.016628,0.292315,0.127339,0.228931,0.019798,0.103461,-0.070961,0.038194,-0.246820,0.225753,0.053511,-0.240357,-0.075842,0.029065
0.018173,0.089186,0.271880,0.206400,0.195117,0.252118,0.208801,-0.013821,0.262301,-0.172454,0.192194,0.281460,-0.170053,-0.016745,0.291643,0.144487,0.228644,0.020907,0.115018,-0.071263,0.039523,-0.230346,0.225784,0.050589,-0.224304,-0.075435,0.033921
0.023491,0.088835,0.268026,0.211854,0.194714,0.249314,0.214129,-0.014233,0.259352,-0.167147,0.191903,0.276700,-0.164872,-0.017044,0.286738,0.162797,0.228678,0.020185,0.124920,-0.071307,0.038732,-0.205353,0.225831,0.044354,-0.202314,-0.074951,0.037054
0.028378,0.088431,0.259603,0.216814,0.194382,0.242070,0.219083,-0.014580,0.251785,-0.162328,0.191443,0.267421,-0.160059,-0.017519,0.277137,0.182885,0.229096,0.017981,0.135687,-0.071005,0.036335,-0.173579,0.226080,0.036382,-0.176160,-0.074240,0.039597
0.033144,0.087997,0.246603,0.221670,0.194030,0.230601,0.223929,-0.014949,0.239948,-0.157641,0.190943,0.253258,-0.155382,-0.018036,0.262605,0.202255,0.229653,0.014502,0.149292,-0.070531,0.032524,-0.139110,0.226588,0.028467,-0.147699,-0.073356,0.041139
0.037823,0.087344,0.229531,0.226450,0.193339,0.214502,0.228623,-0.015637,0.223918,-0.152977,0.190325,0.235144,-0.150804,-0.018652,0.244560,0.201708,0.229636,0.015980,0.168468,-0.070610,0.027511,-0.107508,0.226617,0.020315,-0.120057,-0.073008,0.040871
0.042198,0.086227,0.209429,0.230679,0.192862,0.197374,0.233322,-0.016194,0.204668,-0.148926,0.188649,0.214191,-0.146282,-0.020407,0.221484,0.216929,0.231927,0.018455,0.186131,-0.068662,0.021538,-0.086664,0.227985,0.015488,-0.095893,-0.071713,0.036278
0.046457,0.084890,0.186579,0.234431,0.192549,0.175784,0.238099,-0.016541,0.181457,-0.145185,0.186321,0.191700,-0.141516,-0.022770,0.197373,0.229550,0.233600,0.015927,0.208886,-0.066988,0.017062,-0.084253,0.228088,0.015685,-0.072547,-0.071865,0.019297
0.051167,0.083417,0.167602,0.239107,0.191140,0.156866,0.242787,-0.017982,0.161218,-0.140454,0.184817,0.173985,-0.136774,-0.024305,0.178337,0.229161,0.233497,0.015835,0.208717,-0.067069,0.016073,-0.083406,0.227994,0.015732,-0.071733,-0.072010,0.015812
0.056892,0.082778,0.153678,0.244845,0.190554,0.143722,0.248540,-0.018580,0.147448,-0.134755,0.184136,0.159908,-0.131061,-0.024998,0.163634,0.229282,0.233465,0.015840,0.207681,-0.067114,0.015706,-0.082604,0.227956,0.015903,-0.070918,-0.072033,0.015857
0.063395,0.082562,0.141360,0.251394,0.190372,0.132747,0.255094,-0.018764,0.136321,-0.128305,0.183888,0.146400,-0.124605,-0.025248,0.149974,0.229716,0.233454,0.015805,0.208033,-0.067115,0.016121,-0.081767,0.227946,0.015959,-0.070084,-0.072037,0.016033
0.070358,0.082182,0.130468,0.258405,0.190047,0.123774,0.262114,-0.019098,0.126844,-0.121398,0.183462,0.134091,-0.117689,-0.025682,0.137161,0.230396,0.233427,0.015775,0.208800,-0.067131,0.016078,-0.080905,0.227909,0.015972,-0.069238,-0.072063,0.016030
0.077517,0.081599,0.121476,0.265596,0.189524,0.117067,0.269318,-0.019633,0.119128,-0.114285,0.182831,0.123824,-0.110563,-0.026326,0.125886,0.231244,0.233375,0.015900,0.209657,-0.067170,0.016014,-0.079994,0.227837,0.015893,-0.068365,-0.072117,0.016060
0.084700,0.081013,0.114767,0.272798,0.188973,0.112607,0.276525,-0.020192,0.113469,-0.107126,0.182217,0.116066,-0.103399,-0.026948,0.116928,0.232173,0.233309,0.016039,0.210604,-0.067225,0.016078,-0.078985,0.227764,0.015968,-0.067452,-0.072181,0.016016
0.091925,0.080522,0.110653,0.280029,0.188492,0.110346,0.283758,-0.020674,0.110039,-0.099909,0.181718,0.111268,-0.096180,-0.027449,0.110961,0.233128,0.233252,0.016120,0.211556,-0.067281,0.015953,-0.077936,0.227706,0.015952,-0.066426,-0.072237,0.016037
0.099197,0.080119,0.109206,0.287300,0.188090,0.110034,0.291034,-0.021072,0.108681,-0.092639,0.181310,0.109731,-0.088906,-0.027852,0.108378,0.234048,0.233205,0.016107,0.212446,-0.067333,0.015936,-0.076862,0.227657,0.015878,-0.065348,-0.072292,0.016016
0.106485,0.079740,0.110420,0.294592,0.187701,0.111561,0.298318,-0.021453,0.109238,-0.085348,0.180932,0.111603,-0.081621,-0.028222,0.109280,0.234926,0.233161,0.015895,0.213251,-0.067391,0.015844,-0.075880,0.227624,0.015899,-0.064269,-0.072336,0.015950
0.113731,0.079305,0.114354,0.301842,0.187264,0.115047,0.305556,-0.021877,0.111757,-0.078093,0.180488,0.116951,-0.074379,-0.028653,0.113661,0.235718,0.233111,0.015953,0.213949,-0.067457,0.015775,-0.075094,0.227592,0.015961,-0.063332,-0.072383,0.015972
0.120960,0.078706,0.121080,0.309065,0.186677,0.120762,0.312761,-0.022445,0.116388,-0.070841,0.179857,0.125772,-0.067145,-0.029264,0.121398,0.236415,0.233051,0.015981,0.214524,-0.067545,0.015853,-0.074575,0.227555,0.015983,-0.062625,-0.072447,0.016010
0.128195,0.078049,0.130638,0.316265,0.186065,0.128852,0.319957,-0.023035,0.123536,-0.063568,0.179132,0.137740,-0.059876,-0.029968,0.132424,0.237060,0.233009,0.015926,0.215026,-0.067621,0.015822,-0.074359,0.227509,0.015971,-0.062223,-0.072520,0.015970
0.135494,0.077485,0.143172,0.323527,0.185533,0.139970,0.327198,-0.023552,0.134106,-0.056210,0.178522,0.152238,-0.052539,-0.030563,0.146373,0.237669,0.232978,0.015993,0.215471,-0.067670,0.015798,-0.074425,0.227499,0.015986,-0.062142,-0.072550,0.015981
0.142963,0.077288,0.158940,0.330975,0.185355,0.155136,0.334653,-0.023735,0.149420,-0.048726,0.178310,0.168460,-0.045048,-0.030779,0.162743,0.238307,0.233004,0.015938,0.215925,-0.067643,0.015731,-0.075727,0.227394,0.019052,-0.062369,-0.072547,0.016040
0.150217,0.077426,0.178120,0.338222,0.185496,0.174080,0.341919,-0.023610,0.169003,-0.041485,0.178463,0.187237,-0.037788,-0.030643,0.182160,0.239010,0.233054,0.015870,0.216449,-0.067578,0.015760,-0.084120,0.226940,0.032356,-0.063006,-0.072524,0.015963
0.157352,0.077543,0.200517,0.345315,0.185637,0.195322,0.349032,-0.023481,0.190805,-0.034327,0.178567,0.210230,-0.030610,-0.030551,0.205713,0.239877,0.233107,0.015860,0.216898,-0.067520,0.015919,-0.097031,0.226328,0.052463,-0.064008,-0.072516,0.016044
0.165485,0.077617,0.225860,0.353422,0.185726,0.220087,0.357161,-0.023401,0.216011,-0.026190,0.178635,0.235710,-0.022451,-0.030492,0.231634,0.241122,0.233165,0.015832,0.219805,-0.067438,0.016722,-0.108676,0.225903,0.067576,-0.065440,-0.072520,0.015834
0.174353,0.076894,0.250543,0.362421,0.184878,0.247227,0.366062,-0.024243,0.242789,-0.017356,0.178031,0.258297,-0.013715,-0.031090,0.253859,0.242866,0.233172,0.015942,0.234444,-0.067268,0.019695,-0.114452,0.225722,0.073823,-0.069538,-0.072554,0.019393
0.182928,0.075912,0.270095,0.371057,0.183834,0.268790,0.374660,-0.025272,0.263644,-0.008804,0.177097,0.276545,-0.005201,-0.032009,0.271399,0.262582,0.233453,0.024244,0.261923,-0.066947,0.030447,-0.113372,0.225749,0.074015,-0.078699,-0.072859,0.032181
0.190897,0.074970,0.284887,0.379045,0.182866,0.284938,0.382650,-0.026228,0.279341,-0.000856,0.176168,0.290433,0.002749,-0.032926,0.284836,0.289154,0.233491,0.034549,0.287765,-0.066931,0.040020,-0.106923,0.225556,0.075853,-0.082654,-0.073487,0.046331
0.198317,0.074033,0.295372,0.386514,0.181839,0.296304,0.390041,-0.027246,0.290334,0.006592,0.175312,0.300409,0.010119,-0.033773,0.294440,0.314966,0.233344,0.042794,0.310492,-0.067108,0.046720,-0.096121,0.225408,0.077867,-0.078999,-0.073975,0.057086
0.205320,0.073088,0.301568,0.393601,0.180743,0.302926,0.396971,-0.028333,0.296559,0.013670,0.174509,0.306576,0.017039,-0.034567,0.300209,0.338612,0.233071,0.048856,0.329589,-0.067420,0.051071,-0.081236,0.225411,0.078215,-0.068189,-0.074208,0.063483
0.212011,0.072136,0.303435,0.400403,0.179596,0.304916,0.403555,-0.029468,0.298067,0.020468,0.173741,0.308802,0.023620,-0.035323,0.301953,0.359123,0.232719,0.052600,0.344639,-0.067812,0.053120,-0.061957,0.225597,0.076213,-0.050918,-0.074197,0.066004
0.218428,0.071182,0.300911,0.406933,0.178441,0.302408,0.409856,-0.030605,0.294946,0.026999,0.172970,0.306875,0.029922,-0.036077,0.299414,0.376726,0.232374,0.053845,0.356447,-0.068199,0.052972,-0.037814,0.225932,0.071929,-0.028091,-0.074022,0.065491
0.224556,0.070228,0.293911,0.413153,0.177326,0.295506,0.415890,-0.031694,0.287252,0.033222,0.172150,0.300570,0.035959,-0.036869,0.292315,0.393011,0.232141,0.052653,0.367123,-0.068497,0.051134,-0.008332,0.226361,0.065915,-0.000591,-0.073782,0.062995
0.230442,0.069286,0.282334,0.419115,0.176243,0.284300,0.421700,-0.032738,0.275079,0.039184,0.171310,0.289590,0.041769,-0.037671,0.280369,0.409752,0.231969,0.049849,0.379171,-0.068764,0.048487,0.025787,0.226817,0.058996,0.030418,-0.073560,0.059429
0.236248,0.068387,0.266101,0.425011,0.175166,0.268908,0.427428,-0.033768,0.258624,0.045068,0.170541,0.273578,0.047485,-0.038392,0.263294,0.428098,0.231633,0.046954,0.394115,-0.069187,0.045821,0.062220,0.227125,0.052566,0.063138,-0.073504,0.055738
0.242208,0.067553,0.245234,0.431084,0.174084,0.249519,0.433299,-0.034795,0.238147,0.051118,0.169901,0.252321,0.053333,-0.038978,0.240949,0.448572,0.230903,0.045374,0.412283,-0.069960,0.043854,0.096858,0.227028,0.048034,0.095071,-0.073790,0.052399
0.248497,0.066784,0.220546,0.437470,0.173068,0.226404,0.439506,-0.035770,0.214275,0.057488,0.169339,0.226818,0.059524,-0.039499,0.214689,0.470669,0.229629,0.042019,0.435250,-0.071413,0.043349,0.126926,0.226287,0.041859,0.124313,-0.074444,0.043327
0.256025,0.066240,0.197292,0.444839,0.172582,0.206356,0.447154,-0.036218,0.193628,0.064897,0.168698,0.200956,0.067212,-0.040101,0.188229,0.471289,0.230006,0.016164,0.430031,-0.071123,0.016095,0.150914,0.226463,0.016013,0.153502,-0.074181,0.015966
0.263899,0.067286,0.178195,0.452627,0.173456,0.190475,0.454979,-0.035324,0.177441,0.072818,0.169896,0.178949,0.075171,-0.038884,0.165915,0.470767,0.230091,0.016052,0.430133,-0.071057,0.015839,0.152038,0.226519,0.015744,0.154501,-0.074148,0.015612
0.271868,0.068722,0.162661,0.460522,0.174815,0.176629,0.462887,-0.033996,0.164087,0.080849,0.171439,0.161235,0.083214,-0.037371,0.148693,0.470553,0.230112,0.015972,0.430472,-0.070993,0.015831,0.153023,0.226534,0.015666,0.155358,-0.074102,0.015708
0.279934,0.069909,0.149143,0.468515,0.175945,0.164464,0.470889,-0.032889,0.152315,0.088979,0.172707,0.145970,0.091353,-0.036127,0.133822,0.470594,0.230136,0.015976,0.431017,-0.070936,0.015900,0.153953,0.226547,0.015820,0.156168,-0.074056,0.015836
0.288099,0.070718,0.137170,0.476622,0.176687,0.153631,0.478995,-0.032147,0.141494,0.097203,0.173583,0.132846,0.099577,-0.035251,0.120710,0.470840,0.230150,0.015993,0.431729,-0.070920,0.015984,0.154848,0.226559,0.015977,0.156971,-0.074047,0.016053
0.296215,0.071279,0.126935,0.484698,0.177182,0.144247,0.487067,-0.031640,0.131898,0.105363,0.174197,0.121971,0.107732,-0.034625,0.109622,0.471296,0.230145,0.016013,0.432494,-0.070935,0.015959,0.155745,0.226563,0.016073,0.157802,-0.074063,0.016167
0.304165,0.071749,0.118627,0.492621,0.177607,0.136503,0.494988,-0.031203,0.123957,0.113342,0.174702,0.113296,0.115709,-0.034108,0.100750,0.471923,0.230148,0.015986,0.433457,-0.070953,0.016075,0.156675,0.226567,0.016120,0.158694,-0.074077,0.016223
0.311808,0.072152,0.112482,0.500235,0.177990,0.130771,0.502615,-0.030814,0.118134,0.121001,0.175117,0.106831,0.123380,-0.033687,0.094194,0.472648,0.230161,0.015942,0.434465,-0.070956,0.016168,0.157660,0.226563,0.016091,0.159681,-0.074094,0.016271
0.319202,0.072392,0.108761,0.507619,0.178217,0.127234,0.510003,-0.030581,0.114495,0.128402,0.175365,0.103026,0.130785,-0.033433,0.090288,0.473447,0.230160,0.015850,0.435423,-0.070971,0.016163,0.158710,0.226558,0.016004,0.160826,-0.074105,0.016160
0.326372,0.072453,0.107513,0.514799,0.178281,0.125871,0.517188,-0.030507,0.112966,0.135557,0.175414,0.102061,0.137945,-0.033374,0.089156,0.474274,0.230152,0.015939,0.436284,-0.070982,0.016043,0.159768,0.226561,0.015824,0.162063,-0.074114,0.015964
0.333324,0.072350,0.108630,0.521795,0.178190,0.126460,0.524173,-0.030586,0.113354,0.142476,0.175285,0.103906,0.144854,-0.033491,0.090800,0.475102,0.230141,0.015895,0.437029,-0.071003,0.015895,0.160791,0.226568,0.015778,0.163329,-0.074126,0.015980
0.340124,0.072093,0.112191,0.528677,0.177977,0.128852,0.531032,-0.030786,0.115541,0.149216,0.174972,0.108841,0.151572,-0.033791,0.095529,0.475902,0.230131,0.015873,0.437684,-0.071027,0.015845,0.161672,0.226581,0.015937,0.164507,-0.074128,0.016129
0.346918,0.071618,0.118270,0.535575,0.177592,0.133082,0.537910,-0.031153,0.119482,0.155926,0.174389,0.117058,0.158261,-0.034356,0.103458,0.476666,0.230116,0.015911,0.438247,-0.071060,0.015776,0.162331,0.226594,0.015998,0.165448,-0.074139,0.016194
0.353714,0.071000,0.126892,0.542470,0.177102,0.139331,0.544781,-0.031629,0.125516,0.162647,0.173629,0.128268,0.164958,-0.035101,0.114453,0.477408,0.230104,0.015889,0.438731,-0.071088,0.015713,0.162688,0.226612,0.016009,0.166002,-0.074133,0.016109
0.360451,0.070358,0.138171,0.549260,0.176628,0.148111,0.551573,-0.032106,0.134340,0.169329,0.172821,0.142003,0.171641,-0.035912,0.128232,0.478121,0.230107,0.015994,0.439176,-0.071071,0.015631,0.162755,0.226613,0.016008,0.166220,-0.074123,0.016052
0.367153,0.069859,0.152310,0.555973,0.176276,0.160295,0.558303,-0.032489,0.147014,0.176004,0.172207,0.157606,0.178334,-0.036558,0.144324,0.478841,0.230138,0.016032,0.439567,-0.071006,0.015727,0.162262,0.226545,0.016965,0.166078,-0.074079,0.016046
0.373713,0.069746,0.169700,0.562502,0.176294,0.176584,0.564896,-0.032540,0.164450,0.182529,0.172033,0.174950,0.184923,-0.036801,0.162816,0.479600,0.230206,0.015952,0.440021,-0.070864,0.015794,0.154204,0.225885,0.026134,0.165622,-0.074033,0.016209
0.379868,0.069747,0.190100,0.568623,0.176441,0.195504,0.571086,-0.032459,0.184564,0.188649,0.171953,0.195636,0.191113,-0.036947,0.184696,0.480460,0.230317,0.015989,0.439827,-0.070683,0.015773,0.141315,0.224801,0.044957,0.164757,-0.073947,0.016167
0.386654,0.069880,0.213827,0.575357,0.176745,0.217291,0.577911,-0.032217,0.207634,0.195397,0.171976,0.220019,0.197950,-0.036985,0.210363,0.481570,0.230409,0.015847,0.440665,-0.070541,0.016016,0.128746,0.223989,0.061504,0.163494,-0.073921,0.015878
0.394560,0.069666,0.239054,0.583243,0.176563,0.242667,0.585843,-0.032432,0.233763,0.203277,0.171763,0.244345,0.205877,-0.037231,0.235441,0.483134,0.230478,0.015785,0.448594,-0.070479,0.018871,0.121181,0.223622,0.071003,0.162122,-0.073911,0.015778
0.402794,0.069019,0.261041,0.591297,0.176193,0.265672,0.594252,-0.032817,0.257263,0.211336,0.170856,0.264819,0.214291,-0.038154,0.256410,0.489047,0.230174,0.018734,0.470310,-0.070822,0.027634,0.120328,0.222802,0.072408,0.155445,-0.075050,0.022091
0.410646,0.068463,0.277785,0.598880,0.176099,0.282659,0.602357,-0.032921,0.274698,0.218936,0.169847,0.280873,0.222413,-0.039173,0.272912,0.511380,0.229759,0.029917,0.497310,-0.071152,0.038262,0.124599,0.221689,0.072875,0.146981,-0.076929,0.036939
0.417936,0.067914,0.290149,0.605967,0.175907,0.294956,0.609836,-0.033122,0.287451,0.226037,0.168950,0.292848,0.229906,-0.040079,0.285342,0.535157,0.229258,0.039444,0.521413,-0.071572,0.045862,0.132630,0.220560,0.074166,0.145740,-0.078668,0.049849
0.424780,0.067357,0.298201,0.612668,0.175616,0.302566,0.616814,-0.033422,0.295454,0.232745,0.168135,0.300948,0.236891,-0.040903,0.293836,0.557601,0.228718,0.046571,0.541785,-0.072082,0.051087,0.144120,0.219551,0.074953,0.152020,-0.080076,0.058828
0.431299,0.066793,0.301930,0.619088,0.175254,0.305513,0.623429,-0.033790,0.298718,0.239170,0.167377,0.305142,0.243511,-0.041668,0.298347,0.577261,0.228139,0.051114,0.557782,-0.072684,0.054035,0.159465,0.218715,0.074110,0.165437,-0.081146,0.063720
0.437519,0.066220,0.301288,0.625219,0.174863,0.303881,0.629727,-0.034185,0.297306,0.245311,0.166626,0.305271,0.249819,-0.042422,0.298695,0.593800,0.227560,0.052972,0.569674,-0.073332,0.054684,0.179223,0.218046,0.071219,0.185128,-0.081959,0.065310
0.443449,0.065633,0.296206,0.631033,0.174496,0.297770,0.635751,-0.034550,0.291277,0.251147,0.165817,0.301135,0.255865,-0.043229,0.294642,0.608151,0.227094,0.052068,0.579157,-0.073921,0.053357,0.203981,0.217526,0.066409,0.210108,-0.082599,0.064573
0.449100,0.065041,0.286590,0.636527,0.174184,0.287227,0.641525,-0.034855,0.280694,0.256676,0.164936,0.292486,0.261674,-0.044102,0.285953,0.622140,0.226768,0.049035,0.588981,-0.074411,0.050765,0.233673,0.217129,0.060245,0.239337,-0.083135,0.062395
0.454582,0.064455,0.272360,0.641827,0.173910,0.272332,0.647150,-0.035117,0.265710,0.262015,0.164027,0.279011,0.267337,-0.045000,0.272389,0.637359,0.226478,0.045230,0.601511,-0.074861,0.047700,0.266791,0.216775,0.053672,0.271207,-0.083650,0.059648
0.460068,0.063896,0.253487,0.647122,0.173677,0.253178,0.652798,-0.035342,0.246560,0.267337,0.163134,0.260414,0.273013,-0.045884,0.253796,0.655114,0.226047,0.042707,0.617846,-0.075394,0.044870,0.300469,0.216247,0.048060,0.303464,-0.084317,0.057049
0.465841,0.063370,0.230372,0.652712,0.173463,0.230139,0.658744,-0.035552,0.223720,0.272939,0.162291,0.237024,0.278971,-0.046723,0.230605,0.674276,0.225407,0.040249,0.639348,-0.076065,0.043420,0.330734,0.215427,0.042380,0.332460,-0.085209,0.052801
0.472391,0.062809,0.205245,0.658993,0.173357,0.204911,0.665538,-0.035653,0.198855,0.279244,0.161270,0.211636,0.285790,-0.047740,0.205580,0.686537,0.225119,0.018259,0.645572,-0.076685,0.023360,0.359987,0.214802,0.021387,0.366995,-0.085478,0.025747
0.479027,0.061960,0.183177,0.665589,0.172576,0.183343,0.672192,-0.036373,0.175516,0.285861,0.160294,0.190838,0.292465,-0.048655,0.183011,0.685782,0.224987,0.016006,0.645593,-0.076738,0.015865,0.360994,0.214729,0.015832,0.372926,-0.085353,0.015816
0.485548,0.062092,0.166912,0.672106,0.172708,0.168116,0.678739,-0.036206,0.159445,0.292357,0.160391,0.174379,0.298990,-0.048524,0.165708,0.685268,0.224954,0.015969,0.645550,-0.076812,0.015853,0.361835,0.214698,0.015635,0.373773,-0.085432,0.015624
0.492632,0.063056,0.152752,0.679206,0.173622,0.155264,0.685846,-0.035301,0.146814,0.299418,0.161413,0.158691,0.306058,-0.047510,0.150241,0.685190,0.224958,0.015944,0.645935,-0.076789,0.015995,0.362760,0.214716,0.015799,0.374589,-0.085404,0.015779
0.500053,0.063920,0.140251,0.686634,0.174418,0.144600,0.693281,-0.034513,0.136331,0.306826,0.162353,0.144172,0.313473,-0.046578,0.135903,0.685385,0.224978,0.015958,0.646411,-0.076749,0.015977,0.363629,0.214743,0.015953,0.375382,-0.085371,0.015971
0.507734,0.064530,0.129441,0.694305,0.174944,0.135877,0.700951,-0.033983,0.127500,0.314518,0.163043,0.131382,0.321164,-0.045883,0.123005,0.685833,0.224991,0.015990,0.647154,-0.076730,0.015936,0.364514,0.214768,0.016047,0.376189,-0.085358,0.016147
0.515451,0.064958,0.120605,0.701992,0.175282,0.129103,0.708639,-0.033632,0.120416,0.322264,0.163547,0.120794,0.328911,-0.045367,0.112107,0.686477,0.225003,0.016016,0.648090,-0.076731,0.016058,0.365410,0.214785,0.016092,0.377020,-0.085360,0.016178
0.523039,0.065328,0.114035,0.709535,0.175570,0.124390,0.716184,-0.033333,0.115443,0.329894,0.163990,0.112626,0.336543,-0.044913,0.103679,0.687272,0.225016,0.016031,0.649038,-0.076729,0.016055,0.366367,0.214800,0.016085,0.377910,-0.085365,0.016213
0.530493,0.065567,0.109889,0.716936,0.175739,0.121816,0.723597,-0.033149,0.112554,0.337389,0.164283,0.107223,0.344050,-0.044605,0.097961,0.688128,0.225031,0.015991,0.649997,-0.076736,0.016079,0.367400,0.214803,0.015992,0.378970,-0.085383,0.016185
0.537830,0.065713,0.108233,0.724237,0.175824,0.121236,0.730897,-0.033052,0.111684,0.344763,0.164477,0.104783,0.351423,-0.044398,0.095231,0.689006,0.225037,0.015926,0.650850,-0.076749,0.016011,0.368486,0.214820,0.015872,0.380114,-0.085383,0.016051
0.545012,0.065757,0.108935,0.731409,0.175829,0.122402,0.738062,-0.033034,0.112561,0.351961,0.164547,0.105310,0.358614,-0.044315,0.095468,0.689866,0.225039,0.016076,0.651600,-0.076755,0.015868,0.369544,0.214848,0.015818,0.381328,-0.085369,0.015960
0.551991,0.065676,0.111961,0.738418,0.175734,0.125129,0.745051,-0.033116,0.114998,0.358930,0.164467,0.108924,0.365564,-0.044382,0.098793,0.690718,0.225041,0.015950,0.652250,-0.076779,0.015832,0.370472,0.214872,0.015923,0.382483,-0.085357,0.016047
0.558899,0.065444,0.117392,0.745386,0.175533,0.129406,0.752001,-0.033300,0.118942,0.365797,0.164189,0.115843,0.372412,-0.044644,0.105378,0.691508,0.225040,0.015995,0.652827,-0.076801,0.015764,0.371196,0.214894,0.015975,0.383442,-0.085352,0.016122
0.565777,0.065073,0.125243,0.752334,0.175223,0.135476,0.758923,-0.033595,0.124686,0.372630,0.163740,0.125800,0.379220,-0.045078,0.115010,0.692282,0.225040,0.015893,0.653335,-0.076830,0.015729,0.371642,0.214915,0.016011,0.384115,-0.085346,0.016100
0.572636,0.064668,0.135592,0.759236,0.174924,0.143647,0.765819,-0.033887,0.132730,0.379452,0.163223,0.138454,0.386035,-0.045588,0.127536,0.693034,0.225049,0.015936,0.653801,-0.076833,0.015680,0.371804,0.214919,0.016002,0.384444,-0.085344,0.016046
0.579462,0.064428,0.148669,0.766079,0.174783,0.154757,0.772656,-0.034044,0.144150,0.386268,0.162900,0.153189,0.392845,-0.045928,0.142582,0.693778,0.225087,0.015955,0.654193,-0.076784,0.015732,0.371685,0.214941,0.015967,0.384426,-0.085296,0.016029
0.586212,0.064682,0.164851,0.772800,0.175139,0.169875,0.779433,-0.033740,0.160377,0.392991,0.163104,0.169325,0.399624,-0.045774,0.159826,0.694545,0.225171,0.016006,0.654642,-0.076647,0.015785,0.368258,0.214610,0.020413,0.384119,-0.085251,0.016104
0.592430,0.065161,0.184037,0.778989,0.175717,0.187839,0.785676,-0.033216,0.179652,0.399184,0.163538,0.188421,0.405872,-0.045395,0.180235,0.695370,0.225282,0.015995,0.655160,-0.076484,0.015890,0.357563,0.213711,0.035364,0.383375,-0.085188,0.015996
0.598778,0.065469,0.206367,0.785290,0.176150,0.208386,0.792050,-0.032817,0.201190,0.405505,0.163755,0.211543,0.412265,-0.045211,0.204347,0.696353,0.225402,0.015926,0.656993,-0.076333,0.016710,0.344024,0.212678,0.054436,0.382287,-0.085194,0.015948
0.606403,0.065653,0.231405,0.792875,0.176415,0.232423,0.799698,-0.032573,0.225944,0.413108,0.163879,0.236867,0.419931,-0.045109,0.230388,0.697726,0.225520,0.015826,0.664214,-0.076070,0.018781,0.332994,0.211957,0.069199,0.380902,-0.085227,0.015796
0.614912,0.065142,0.255563,0.801331,0.175968,0.258154,0.808280,-0.033014,0.251606,0.421544,0.163297,0.259520,0.428493,-0.045685,0.252973,0.699240,0.225666,0.015755,0.681999,-0.075630,0.025626,0.328454,0.211465,0.075477,0.376267,-0.085583,0.018829
0.623203,0.064558,0.274671,0.809496,0.175566,0.278328,0.816686,-0.033403,0.271629,0.429720,0.162518,0.277713,0.436911,-0.046451,0.271014,0.717209,0.225978,0.026071,0.710199,-0.075025,0.036368,0.330708,0.211108,0.075039,0.365700,-0.086749,0.032271
0.630896,0.063989,0.289175,0.817110,0.175108,0.293376,0.824445,-0.033856,0.286679,0.437346,0.161833,0.291670,0.444681,-0.047131,0.284973,0.740870,0.226140,0.037302,0.737576,-0.074656,0.044859,0.337774,0.210772,0.075353,0.360891,-0.087942,0.046846
0.638046,0.063403,0.299356,0.824237,0.174559,0.303679,0.831617,-0.034403,0.296950,0.444476,0.161208,0.301762,0.451856,-0.047753,0.295034,0.764617,0.226250,0.046066,0.761548,-0.074459,0.050963,0.348489,0.210572,0.076535,0.364155,-0.088707,0.057589
0.644810,0.062799,0.305235,0.831019,0.173935,0.309276,0.838365,-0.035024,0.302427,0.451254,0.160623,0.308043,0.458601,-0.048336,0.301194,0.786557,0.226296,0.052287,0.781137,-0.074429,0.054979,0.362706,0.210589,0.076869,0.375014,-0.088990,0.063589
0.651285,0.062180,0.306784,0.837537,0.173262,0.310282,0.844804,-0.035692,0.303201,0.457767,0.160052,0.310367,0.465033,-0.048902,0.303285,0.805698,0.226278,0.055933,0.796208,-0.074533,0.056733,0.380868,0.210844,0.075416,0.392475,-0.088875,0.065634
0.657509,0.061547,0.303948,0.843798,0.172585,0.306827,0.850989,-0.036358,0.299362,0.464028,0.159453,0.308534,0.471220,-0.049490,0.301069,0.822156,0.226273,0.056953,0.807667,-0.074669,0.056251,0.403607,0.211335,0.071850,0.415414,-0.088476,0.064797
0.663464,0.060903,0.296645,0.849756,0.171946,0.299004,0.856928,-0.036977,0.290962,0.469999,0.158782,0.302327,0.477171,-0.050141,0.294286,0.837162,0.226398,0.055462,0.817479,-0.074721,0.054016,0.431505,0.212050,0.066442,0.442894,-0.087893,0.062154
0.669214,0.060255,0.284780,0.855489,0.171333,0.286902,0.862680,-0.037557,0.278091,0.475748,0.158067,0.291468,0.482939,-0.050823,0.282657,0.852102,0.226633,0.052199,0.827962,-0.074687,0.050884,0.463895,0.212947,0.059819,0.473657,-0.087210,0.058611
0.674915,0.059636,0.268270,0.861182,0.170724,0.270620,0.868382,-0.038126,0.260899,0.481449,0.157398,0.275640,0.488649,-0.051452,0.265920,0.868220,0.226824,0.048655,0.840865,-0.074678,0.047691,0.498593,0.213864,0.053296,0.505952,-0.086572,0.055158
0.680756,0.059070,0.247159,0.867040,0.170107,0.250345,0.874215,-0.038696,0.239641,0.487296,0.156835,0.254678,0.494472,-0.051967,0.243973,0.886262,0.226776,0.046080,0.856985,-0.074849,0.045057,0.531543,0.214478,0.048198,0.537286,-0.086197,0.052121
0.686872,0.058570,0.222256,0.873149,0.169593,0.226275,0.880350,-0.039176,0.214963,0.493395,0.156317,0.229549,0.500596,-0.052453,0.218237,0.906015,0.226291,0.041351,0.878138,-0.075517,0.043700,0.560738,0.214395,0.041099,0.565953,-0.086243,0.042924
