0.016821,0.013536,0.324278,0.208219,0.115529,0.326610,0.205001,-0.093267,0.339198,-0.171359,0.120338,0.309358,-0.174577,-0.088458,0.321946,0.250108,0.151917,0.185550,0.208673,-0.148590,0.177843,-0.172398,0.155204,0.132073,-0.159656,-0.144146,0.157408
0.024153,0.019329,0.305462,0.215793,0.120732,0.311177,0.211916,-0.088240,0.320122,-0.163611,0.126899,0.290802,-0.167487,-0.082074,0.299747,0.253822,0.157626,0.126610,0.195730,-0.140967,0.144272,-0.154409,0.163180,0.079445,-0.142497,-0.135108,0.134552
0.030859,0.025366,0.281836,0.222952,0.125824,0.288878,0.218040,-0.083167,0.296838,-0.156322,0.133900,0.266833,-0.161234,-0.075091,0.274794,0.256852,0.162779,0.085582,0.187051,-0.135069,0.109533,-0.128069,0.169844,0.033529,-0.108055,-0.128424,0.101871
0.037840,0.030714,0.255141,0.229831,0.131497,0.259965,0.225219,-0.077365,0.270932,-0.149539,0.138792,0.239350,-0.154152,-0.070069,0.250317,0.256498,0.165097,0.044097,0.190561,-0.131952,0.083747,-0.119234,0.171901,0.015648,-0.081619,-0.126539,0.072363
0.046749,0.032570,0.230584,0.238098,0.134605,0.226614,0.235339,-0.074181,0.239486,-0.141841,0.139321,0.221683,-0.144600,-0.069464,0.234554,0.248257,0.167033,0.016103,0.189299,-0.130680,0.051849,-0.117832,0.171850,0.015768,-0.078113,-0.126854,0.056601
0.055601,0.030749,0.208603,0.246951,0.132422,0.199164,0.244156,-0.076395,0.211509,-0.132953,0.137894,0.205697,-0.135749,-0.070923,0.218042,0.247281,0.167122,0.015997,0.188927,-0.132800,0.015099,-0.116230,0.171982,0.015880,-0.074263,-0.127434,0.046280
0.063065,0.028083,0.187850,0.254356,0.129734,0.177080,0.251579,-0.079172,0.187824,-0.125450,0.135338,0.187876,-0.128227,-0.073568,0.198620,0.246821,0.167051,0.015741,0.188678,-0.132694,0.015836,-0.114611,0.171871,0.016040,-0.056042,-0.128909,0.026181
0.070009,0.025232,0.169194,0.261305,0.126968,0.159349,0.258507,-0.082042,0.167809,-0.118489,0.132506,0.170579,-0.121287,-0.076504,0.179038,0.246790,0.166841,0.015749,0.188888,-0.132759,0.015691,-0.113163,0.171666,0.015912,-0.047896,-0.129590,0.015680
0.076862,0.022502,0.152962,0.268197,0.124288,0.144497,0.265323,-0.084813,0.150262,-0.111599,0.129816,0.155661,-0.114473,-0.079285,0.161426,0.246903,0.166504,0.015808,0.189460,-0.132950,0.015762,-0.111827,0.171435,0.015820,-0.046834,-0.129706,0.015615
0.083595,0.020357,0.140240,0.274940,0.122261,0.133633,0.272080,-0.086895,0.136804,-0.104889,0.127609,0.143676,-0.107750,-0.081548,0.146848,0.247423,0.166312,0.015903,0.190208,-0.133069,0.015840,-0.110575,0.171208,0.015890,-0.045991,-0.129839,0.015804
0.090256,0.018765,0.132163,0.281635,0.120739,0.128136,0.278774,-0.088439,0.129096,-0.098263,0.125968,0.135230,-0.101124,-0.083210,0.136190,0.248124,0.166138,0.015969,0.191023,-0.133213,0.015884,-0.109432,0.171028,0.015921,-0.045247,-0.129981,0.015917
0.096872,0.017653,0.128994,0.288278,0.119658,0.128907,0.285431,-0.089521,0.128229,-0.091686,0.124827,0.129760,-0.094533,-0.084352,0.129082,0.248918,0.166015,0.015965,0.191735,-0.133336,0.015861,-0.108422,0.170879,0.015869,-0.044522,-0.130121,0.015912
0.103392,0.017063,0.129812,0.294706,0.119056,0.135931,0.291889,-0.090120,0.134470,-0.085105,0.124247,0.125154,-0.087923,-0.084929,0.123693,0.249700,0.165954,0.016114,0.192254,-0.133405,0.015890,-0.104185,0.170724,0.015607,-0.043752,-0.130226,0.015941
0.109829,0.016790,0.133433,0.300660,0.118731,0.148691,0.297866,-0.090444,0.147000,-0.078208,0.124023,0.119865,-0.081002,-0.085151,0.118174,0.250467,0.165930,0.015910,0.193305,-0.133447,0.016358,-0.092010,0.170456,0.021778,-0.042931,-0.130288,0.015907
0.116102,0.016531,0.139176,0.305936,0.118387,0.164264,0.303147,-0.090786,0.162384,-0.070942,0.123848,0.115967,-0.073732,-0.085325,0.114087,0.251229,0.165907,0.015888,0.197325,-0.133533,0.018036,-0.080406,0.170088,0.042701,-0.041966,-0.130322,0.015837
0.122112,0.016281,0.145974,0.310644,0.118043,0.179760,0.307845,-0.091128,0.177722,-0.063620,0.123690,0.114226,-0.066419,-0.085481,0.112188,0.251996,0.165882,0.015784,0.205782,-0.133702,0.022125,-0.069867,0.169686,0.067454,-0.040935,-0.130340,0.015884
0.127871,0.016037,0.153105,0.314948,0.117721,0.194377,0.312150,-0.091449,0.192210,-0.056408,0.123523,0.114000,-0.059207,-0.085647,0.111833,0.252759,0.165860,0.015837,0.217857,-0.133923,0.026161,-0.059373,0.169241,0.092528,-0.039901,-0.130368,0.015844
0.133400,0.015800,0.160316,0.319005,0.117409,0.207931,0.316204,-0.091759,0.205648,-0.049404,0.123358,0.114983,-0.052205,-0.085810,0.112700,0.253515,0.165840,0.015892,0.234182,-0.134194,0.029387,-0.048795,0.168802,0.115481,-0.038939,-0.130387,0.015735
0.138905,0.015455,0.167747,0.323240,0.116965,0.220258,0.320433,-0.092201,0.217736,-0.042624,0.123111,0.117757,-0.045431,-0.086055,0.115236,0.254281,0.165812,0.015904,0.253813,-0.134520,0.031615,-0.042014,0.168553,0.118305,-0.038076,-0.130413,0.015846
0.144417,0.015181,0.175025,0.327728,0.116621,0.231132,0.324915,-0.092543,0.228476,-0.036081,0.122906,0.121574,-0.038895,-0.086258,0.118917,0.255048,0.165790,0.015902,0.276870,-0.134890,0.034412,-0.035470,0.168348,0.122148,-0.037346,-0.130429,0.015917
0.150009,0.014924,0.181981,0.332646,0.116312,0.240339,0.329829,-0.092851,0.237574,-0.029811,0.122699,0.126388,-0.032627,-0.086464,0.123624,0.255801,0.165771,0.015875,0.302091,-0.135294,0.037677,-0.029199,0.168141,0.126987,-0.036754,-0.130443,0.015932
0.155762,0.014661,0.188454,0.338135,0.116003,0.247708,0.335310,-0.093158,0.244833,-0.023787,0.122480,0.132076,-0.026611,-0.086682,0.129201,0.256553,0.165750,0.015861,0.328918,-0.135727,0.040863,-0.023173,0.167921,0.132700,-0.036329,-0.130452,0.015932
0.161785,0.014376,0.194296,0.344346,0.115686,0.253023,0.341521,-0.093473,0.250018,-0.017950,0.122225,0.138574,-0.020776,-0.086934,0.135569,0.257288,0.165728,0.015898,0.357003,-0.136184,0.044174,-0.017337,0.167666,0.139230,-0.036039,-0.130468,0.015926
0.168192,0.014137,0.199179,0.351431,0.115457,0.255736,0.348616,-0.093702,0.252650,-0.012232,0.121975,0.145707,-0.015048,-0.087183,0.142622,0.257986,0.165712,0.015859,0.385150,-0.136619,0.047049,-0.011622,0.167416,0.146384,-0.035888,-0.130493,0.015913
0.175074,0.014034,0.202613,0.359472,0.115409,0.255163,0.356657,-0.093750,0.252121,-0.006510,0.121819,0.153106,-0.009325,-0.087340,0.150063,0.258602,0.165707,0.015803,0.411016,-0.136969,0.047802,-0.005900,0.167260,0.153773,-0.035830,-0.130491,0.015916
0.182470,0.014085,0.204185,0.368404,0.115535,0.250850,0.365547,-0.093626,0.248030,-0.000607,0.121796,0.160341,-0.003464,-0.087366,0.157521,0.259125,0.165654,0.015834,0.431622,-0.137232,0.043651,0.000012,0.167237,0.160960,-0.035826,-0.130474,0.015918
0.190313,0.014173,0.203823,0.377900,0.115735,0.243037,0.375042,-0.093428,0.240405,0.005585,0.121775,0.167240,0.002727,-0.087389,0.164609,0.259576,0.165667,0.015897,0.444890,-0.137222,0.032242,0.006205,0.167217,0.167812,-0.035830,-0.130449,0.015926
0.198584,0.014046,0.201786,0.387710,0.115689,0.232461,0.384854,-0.093474,0.229783,0.012313,0.121565,0.173789,0.009457,-0.087598,0.171111,0.260023,0.165663,0.015896,0.449061,-0.137069,0.015838,0.012935,0.167008,0.174365,-0.035800,-0.130451,0.015931
0.206308,0.014180,0.200275,0.396416,0.115934,0.223645,0.393568,-0.093232,0.221196,0.019049,0.121592,0.179354,0.016201,-0.087575,0.176905,0.260522,0.165675,0.015934,0.448767,-0.137037,0.015941,0.021306,0.167062,0.175593,-0.035778,-0.130439,0.015929
0.213198,0.014383,0.200189,0.403804,0.116215,0.218652,0.400956,-0.092955,0.216510,0.025439,0.121721,0.183868,0.022592,-0.087448,0.181726,0.261040,0.165690,0.015997,0.448807,-0.137008,0.015911,0.030861,0.167219,0.172652,-0.035755,-0.130413,0.015930
0.219702,0.014525,0.200622,0.410603,0.116407,0.215381,0.407756,-0.092765,0.213486,0.031647,0.121815,0.187758,0.028800,-0.087357,0.185863,0.261569,0.165698,0.015981,0.448975,-0.136992,0.015916,0.041090,0.167325,0.167694,-0.035727,-0.130395,0.015926
0.226028,0.014698,0.200976,0.417130,0.116620,0.212514,0.414283,-0.092554,0.210894,0.037774,0.121950,0.191059,0.034926,-0.087224,0.189438,0.262081,0.165709,0.015980,0.449177,-0.136975,0.015914,0.052018,0.167446,0.160917,-0.035697,-0.130374,0.015922
0.232258,0.014866,0.201082,0.423502,0.116819,0.209599,0.420654,-0.092357,0.208243,0.043862,0.122089,0.193922,0.041014,-0.087087,0.192566,0.262596,0.165719,0.015962,0.449401,-0.136957,0.015907,0.064163,0.167539,0.152026,-0.035655,-0.130354,0.015917
0.238401,0.015003,0.200906,0.429744,0.116980,0.206399,0.426895,-0.092198,0.205276,0.049908,0.122205,0.196537,0.047059,-0.086973,0.195414,0.263084,0.165727,0.015928,0.449620,-0.136945,0.015898,0.078007,0.167575,0.141112,-0.035623,-0.130338,0.015910
0.244480,0.015091,0.200450,0.435878,0.117085,0.202765,0.433029,-0.092093,0.201818,0.055931,0.122276,0.199081,0.053083,-0.086903,0.198135,0.263571,0.165732,0.015878,0.449832,-0.136935,0.015885,0.093856,0.167533,0.128672,-0.035605,-0.130325,0.015906
0.250486,0.015123,0.199723,0.441887,0.117131,0.198583,0.439038,-0.092048,0.197752,0.061935,0.122294,0.201695,0.059086,-0.086885,0.200863,0.264053,0.165734,0.015814,0.450021,-0.136929,0.015873,0.111687,0.167414,0.115319,-0.035616,-0.130315,0.015902
0.256424,0.015103,0.198741,0.447756,0.117126,0.193776,0.444907,-0.092053,0.193006,0.067941,0.122260,0.204477,0.065092,-0.086919,0.203706,0.264530,0.165732,0.015734,0.450195,-0.136927,0.015856,0.131108,0.167233,0.101529,-0.035662,-0.130310,0.015903
0.262289,0.015038,0.197548,0.453455,0.117078,0.188342,0.450605,-0.092102,0.187582,0.073973,0.122177,0.207514,0.071124,-0.087002,0.206755,0.265006,0.165726,0.015767,0.450354,-0.136929,0.015838,0.151079,0.167017,0.087510,-0.035749,-0.130308,0.015908
0.268129,0.014962,0.196184,0.458999,0.117023,0.182276,0.456150,-0.092156,0.181516,0.080109,0.122080,0.210852,0.077260,-0.087100,0.210091,0.265475,0.165718,0.015829,0.450512,-0.136932,0.015818,0.170003,0.166810,0.073261,-0.035890,-0.130307,0.015915
0.273949,0.014906,0.194593,0.464374,0.116989,0.175667,0.461525,-0.092190,0.174925,0.086373,0.122002,0.214262,0.083523,-0.087177,0.213520,0.265948,0.165713,0.015875,0.450677,-0.136933,0.015795,0.185957,0.166650,0.058966,-0.036060,-0.130302,0.015921
0.279743,0.014882,0.192527,0.469591,0.116985,0.168573,0.466742,-0.092195,0.167883,0.092745,0.121959,0.217171,0.089895,-0.087221,0.216482,0.266422,0.165710,0.015893,0.450857,-0.136931,0.015753,0.197343,0.166554,0.045436,-0.036224,-0.130296,0.015920
0.285366,0.014900,0.189453,0.474563,0.117014,0.160847,0.471713,-0.092166,0.160251,0.099019,0.121966,0.218655,0.096169,-0.087214,0.218059,0.266906,0.165711,0.015914,0.451052,-0.136926,0.015770,0.203980,0.166519,0.033285,-0.036282,-0.130287,0.015917
0.290491,0.014998,0.184581,0.479076,0.117122,0.152212,0.476246,-0.092058,0.151792,0.104736,0.122054,0.217369,0.101907,-0.087126,0.216949,0.267379,0.165714,0.015921,0.451243,-0.136901,0.015812,0.206751,0.166522,0.021783,-0.033718,-0.130342,0.015871
0.294928,0.015274,0.177296,0.483138,0.117300,0.142526,0.480251,-0.091881,0.142449,0.109604,0.122429,0.212143,0.106717,-0.086751,0.212065,0.268384,0.165765,0.015905,0.451432,-0.136890,0.015833,0.207250,0.166608,0.015909,-0.023151,-0.130341,0.016742
0.298901,0.015357,0.168356,0.487046,0.117389,0.133256,0.484205,-0.091792,0.133387,0.113597,0.122505,0.203326,0.110756,-0.086676,0.203456,0.275152,0.165648,0.015950,0.451704,-0.136878,0.015887,0.207808,0.166563,0.015922,-0.004340,-0.130675,0.029281
0.303015,0.015308,0.158621,0.491544,0.117329,0.125614,0.488697,-0.091851,0.125754,0.117333,0.122468,0.191487,0.114485,-0.086713,0.191627,0.291035,0.165442,0.019005,0.452158,-0.136881,0.015973,0.208377,0.166565,0.015909,0.022511,-0.131016,0.040911
0.307486,0.015133,0.148696,0.496770,0.117167,0.120388,0.493923,-0.092013,0.120373,0.121049,0.122279,0.177018,0.118201,-0.086902,0.177004,0.309578,0.165176,0.027867,0.452769,-0.136900,0.016013,0.208916,0.166548,0.015859,0.053029,-0.131460,0.046816
0.312408,0.014790,0.139157,0.502659,0.116843,0.118395,0.499799,-0.092337,0.117953,0.125018,0.121917,0.160360,0.122158,-0.087263,0.159918,0.332182,0.164799,0.037649,0.453521,-0.136944,0.016026,0.209415,0.166523,0.015805,0.082561,-0.131942,0.049561
0.317955,0.014306,0.130470,0.509044,0.116367,0.119992,0.506191,-0.092810,0.118873,0.129719,0.121422,0.142068,0.126867,-0.087755,0.140949,0.358529,0.164278,0.044681,0.454298,-0.137007,0.015950,0.209839,0.166460,0.015742,0.108035,-0.132478,0.052054
0.324242,0.013830,0.123106,0.515642,0.115828,0.125004,0.512801,-0.093345,0.123167,0.135682,0.121005,0.123046,0.132842,-0.088168,0.121209,0.385925,0.163718,0.048400,0.455063,-0.137074,0.015856,0.210224,0.166391,0.015672,0.127890,-0.132971,0.054539
0.331051,0.013556,0.117667,0.521911,0.115418,0.133078,0.519075,-0.093751,0.130834,0.143027,0.120862,0.104500,0.140190,-0.088307,0.102257,0.412559,0.163247,0.050130,0.455725,-0.137114,0.015774,0.210576,0.166356,0.015605,0.142332,-0.133296,0.055944
0.338057,0.013464,0.114831,0.527403,0.115196,0.143810,0.524568,-0.093972,0.141516,0.151545,0.120900,0.088147,0.148710,-0.088268,0.085852,0.437902,0.162876,0.051707,0.456269,-0.137125,0.015832,0.210960,0.166347,0.015679,0.153056,-0.133450,0.055421
0.344801,0.013469,0.115040,0.531798,0.115128,0.156739,0.528962,-0.094042,0.154629,0.160640,0.120980,0.075451,0.157804,-0.088190,0.073342,0.461347,0.162573,0.054301,0.456742,-0.137120,0.015896,0.211479,0.166349,0.015762,0.161983,-0.133503,0.053435
0.350874,0.013553,0.118166,0.535006,0.115232,0.171062,0.532176,-0.093941,0.169311,0.169572,0.121047,0.067022,0.166742,-0.088127,0.065271,0.481657,0.162366,0.056859,0.457164,-0.137098,0.015854,0.212250,0.166353,0.015866,0.170392,-0.133509,0.050533
0.356123,0.013649,0.123612,0.537302,0.115427,0.185713,0.534496,-0.093749,0.184354,0.177750,0.121048,0.062869,0.174944,-0.088129,0.061510,0.498126,0.162249,0.056359,0.457597,-0.137078,0.015880,0.213356,0.166330,0.016041,0.178910,-0.133540,0.046638
0.360645,0.013712,0.130378,0.539267,0.115560,0.199388,0.536455,-0.093618,0.198293,0.184835,0.121041,0.062464,0.182024,-0.088137,0.061369,0.510313,0.162181,0.050981,0.458058,-0.137064,0.015895,0.214704,0.166337,0.016083,0.187514,-0.133559,0.040990
0.364864,0.013653,0.137435,0.541662,0.115528,0.210955,0.538859,-0.093651,0.209912,0.190869,0.120956,0.064959,0.188067,-0.088223,0.063915,0.517464,0.162154,0.041130,0.458565,-0.137062,0.015921,0.216155,0.166316,0.015979,0.196340,-0.133626,0.031518
0.369238,0.013462,0.143806,0.544986,0.115254,0.219911,0.542148,-0.093923,0.218717,0.196328,0.120847,0.068895,0.193489,-0.088330,0.067701,0.518529,0.162167,0.027402,0.459089,-0.137093,0.015888,0.217544,0.166316,0.015936,0.205618,-0.133657,0.016427
0.373976,0.013724,0.149392,0.549722,0.115671,0.225294,0.546845,-0.093508,0.224618,0.201107,0.120955,0.074167,0.198229,-0.088224,0.073490,0.515078,0.162279,0.015838,0.459631,-0.137088,0.015853,0.218661,0.166357,0.015799,0.206672,-0.133608,0.015904
0.378550,0.013920,0.155931,0.554235,0.116018,0.231773,0.551367,-0.093162,0.231486,0.205732,0.121003,0.080377,0.202864,-0.088177,0.080090,0.515715,0.162297,0.015872,0.468359,-0.137185,0.017179,0.214665,0.166404,0.030032,0.207507,-0.133607,0.015946
0.382721,0.014042,0.163693,0.558135,0.116249,0.240014,0.555289,-0.092932,0.239970,0.210153,0.121016,0.087417,0.207307,-0.088165,0.087373,0.516435,0.162318,0.015867,0.487662,-0.137420,0.021314,0.211334,0.166458,0.065674,0.208090,-0.133615,0.015893
0.386799,0.014116,0.172486,0.562093,0.116381,0.249004,0.559248,-0.092800,0.249112,0.214349,0.121031,0.095861,0.211505,-0.088150,0.095969,0.517198,0.162325,0.015859,0.511044,-0.137713,0.026345,0.214967,0.166477,0.095830,0.208423,-0.133603,0.015877
0.391085,0.014048,0.181900,0.566398,0.116311,0.258376,0.563558,-0.092870,0.258467,0.218611,0.120966,0.105333,0.215771,-0.088215,0.105423,0.518034,0.162317,0.015887,0.538208,-0.138078,0.031374,0.219228,0.166412,0.105313,0.208590,-0.133610,0.015827
0.395594,0.013959,0.191093,0.571038,0.116209,0.267286,0.568201,-0.092972,0.267340,0.222986,0.120890,0.114846,0.220149,-0.088291,0.114900,0.518886,0.162306,0.015878,0.567771,-0.138479,0.036896,0.223603,0.166336,0.114836,0.208656,-0.133614,0.015810
0.400366,0.013843,0.199560,0.576235,0.116071,0.274799,0.573402,-0.093110,0.274797,0.227330,0.120797,0.124323,0.224497,-0.088384,0.124321,0.519710,0.162293,0.015905,0.597673,-0.138891,0.042180,0.227945,0.166243,0.124324,0.208615,-0.133622,0.015802
0.405489,0.013710,0.206957,0.582177,0.115906,0.280294,0.579349,-0.093275,0.280225,0.231629,0.120695,0.133688,0.228801,-0.088486,0.133619,0.520486,0.162282,0.015928,0.627071,-0.139297,0.047345,0.232244,0.166141,0.133705,0.208500,-0.133627,0.015810
0.411060,0.013579,0.213109,0.588982,0.115745,0.283445,0.586159,-0.093436,0.283320,0.235962,0.120594,0.142898,0.233139,-0.088587,0.142773,0.521204,0.162274,0.015908,0.655000,-0.139681,0.052252,0.236575,0.166040,0.142929,0.208338,-0.133631,0.015830
0.417187,0.013494,0.217863,0.596736,0.115639,0.283966,0.593910,-0.093542,0.283843,0.240464,0.120531,0.151883,0.237637,-0.088650,0.151760,0.521814,0.162263,0.015872,0.679972,-0.140025,0.055904,0.241077,0.165976,0.151913,0.208142,-0.133626,0.015856
0.423920,0.013497,0.221002,0.605418,0.115646,0.281543,0.602592,-0.093535,0.281511,0.245247,0.120529,0.160492,0.242422,-0.088651,0.160461,0.522302,0.162263,0.015798,0.700353,-0.140275,0.056846,0.245860,0.165975,0.160503,0.207942,-0.133618,0.015879
0.431189,0.013656,0.222185,0.614864,0.115841,0.275690,0.612038,-0.093340,0.275911,0.250339,0.120652,0.168460,0.247513,-0.088529,0.168681,0.522636,0.162266,0.015795,0.714999,-0.140420,0.053266,0.250953,0.166098,0.168413,0.207749,-0.133607,0.015895
0.438883,0.013928,0.221169,0.624782,0.116147,0.266270,0.621951,-0.093033,0.266848,0.255815,0.120890,0.175490,0.252984,-0.088290,0.176068,0.522844,0.162289,0.015827,0.723286,-0.140474,0.044314,0.256430,0.166335,0.175365,0.207598,-0.133573,0.015905
0.446877,0.014104,0.218033,0.634797,0.116320,0.253794,0.631969,-0.092859,0.254652,0.261784,0.121066,0.181415,0.258956,-0.088113,0.182273,0.523007,0.162310,0.015841,0.724583,-0.140493,0.028630,0.262398,0.166512,0.181230,0.207519,-0.133554,0.015918
0.455050,0.013951,0.213377,0.644551,0.116113,0.239706,0.641734,-0.093066,0.240534,0.268366,0.120969,0.186220,0.265548,-0.088211,0.187048,0.523215,0.162316,0.015864,0.721837,-0.140489,0.015910,0.268976,0.166414,0.186044,0.207559,-0.133562,0.015919
0.462385,0.014046,0.209677,0.652714,0.116186,0.229258,0.649892,-0.092992,0.230296,0.274878,0.121084,0.189058,0.272056,-0.088094,0.190096,0.523554,0.162324,0.015872,0.721291,-0.140475,0.015915,0.277302,0.166477,0.183141,0.207686,-0.133545,0.015907
0.469002,0.014195,0.207253,0.659741,0.116327,0.222387,0.656919,-0.092850,0.223675,0.281085,0.121241,0.190831,0.278263,-0.087936,0.192119,0.523963,0.162342,0.015911,0.721061,-0.140451,0.015877,0.286699,0.166535,0.177067,0.207848,-0.133527,0.015899
0.475336,0.014269,0.205531,0.666317,0.116386,0.217341,0.663494,-0.092789,0.218803,0.287178,0.121327,0.192259,0.284355,-0.087848,0.193721,0.524419,0.162349,0.015942,0.721000,-0.140439,0.015878,0.296717,0.166499,0.170061,0.208018,-0.133516,0.015890
0.481575,0.014320,0.204230,0.672716,0.116423,0.213257,0.669893,-0.092752,0.214865,0.293257,0.121392,0.193595,0.290434,-0.087783,0.195203,0.524894,0.162356,0.015975,0.721032,-0.140427,0.015878,0.307417,0.166415,0.162140,0.208173,-0.133507,0.015876
0.487782,0.014347,0.203242,0.679034,0.116433,0.209734,0.676211,-0.092741,0.211465,0.299352,0.121435,0.195019,0.296529,-0.087739,0.196750,0.525389,0.162359,0.015976,0.721132,-0.140421,0.015883,0.319044,0.166279,0.153169,0.208298,-0.133500,0.015865
0.493946,0.014336,0.202460,0.685277,0.116402,0.206493,0.682454,-0.092771,0.208303,0.305438,0.121443,0.196617,0.302616,-0.087731,0.198427,0.525886,0.162360,0.015957,0.721264,-0.140416,0.015885,0.331816,0.166080,0.143130,0.208382,-0.133494,0.015861
0.500078,0.014295,0.201794,0.691457,0.116339,0.203253,0.688635,-0.092834,0.205110,0.311521,0.121423,0.198479,0.308699,-0.087749,0.200336,0.526390,0.162359,0.015929,0.721430,-0.140412,0.015897,0.345996,0.165825,0.132146,0.208431,-0.133490,0.015857
0.506170,0.014238,0.201155,0.697564,0.116257,0.199765,0.694741,-0.092916,0.201653,0.317599,0.121392,0.200657,0.314777,-0.087781,0.202545,0.526888,0.162356,0.015887,0.721597,-0.140411,0.015893,0.361738,0.165528,0.120459,0.208427,-0.133487,0.015856
0.512232,0.014178,0.200474,0.703590,0.116168,0.195869,0.700768,-0.093005,0.197784,0.323696,0.121360,0.203163,0.320874,-0.087812,0.205078,0.527377,0.162353,0.015827,0.721765,-0.140409,0.015900,0.379097,0.165200,0.108247,0.208366,-0.133482,0.015860
0.518255,0.014112,0.199725,0.709510,0.116069,0.191512,0.706688,-0.093103,0.193449,0.329823,0.121326,0.206001,0.327000,-0.087846,0.207938,0.527867,0.162349,0.015810,0.721918,-0.140409,0.015894,0.397766,0.164843,0.095627,0.208245,-0.133478,0.015865
0.524288,0.014014,0.198922,0.715348,0.115938,0.186722,0.712526,-0.093234,0.188650,0.336051,0.121263,0.209195,0.333228,-0.087909,0.211123,0.528366,0.162340,0.015723,0.722081,-0.140412,0.015889,0.416702,0.164465,0.082746,0.208072,-0.133477,0.015874
0.530331,0.013942,0.197941,0.721073,0.115828,0.181275,0.718252,-0.093344,0.183223,0.342410,0.121228,0.212658,0.339588,-0.087944,0.214607,0.528863,0.162335,0.015763,0.722243,-0.140413,0.015871,0.434783,0.164105,0.069494,0.207851,-0.133474,0.015890
0.536373,0.013929,0.196646,0.726660,0.115767,0.175175,0.723838,-0.093404,0.177209,0.348908,0.121261,0.216083,0.346086,-0.087910,0.218117,0.529356,0.162336,0.015836,0.722397,-0.140410,0.015845,0.450475,0.163791,0.056115,0.207581,-0.133464,0.015889
0.542343,0.013964,0.194751,0.732053,0.115745,0.168447,0.729231,-0.093425,0.170625,0.355456,0.121352,0.218877,0.352634,-0.087818,0.221056,0.529850,0.162341,0.015864,0.722556,-0.140403,0.015832,0.462232,0.163540,0.043403,0.207334,-0.133451,0.015890
0.548046,0.014041,0.191746,0.737117,0.115756,0.160968,0.734295,-0.093411,0.163349,0.361797,0.121494,0.220144,0.358975,-0.087673,0.222525,0.530342,0.162352,0.015889,0.722715,-0.140392,0.015817,0.469507,0.163355,0.031949,0.207204,-0.133435,0.015892
0.553202,0.014166,0.186977,0.741677,0.115829,0.152583,0.738884,-0.093336,0.155250,0.367519,0.121668,0.218704,0.364726,-0.087496,0.221371,0.530816,0.162359,0.015891,0.722852,-0.140358,0.015805,0.472537,0.163204,0.021107,0.209719,-0.133505,0.015830
0.557720,0.014360,0.179945,0.745811,0.115871,0.143088,0.742952,-0.093287,0.146146,0.372488,0.122008,0.213743,0.369629,-0.087150,0.216801,0.531314,0.162403,0.015942,0.722980,-0.140379,0.015795,0.472935,0.163201,0.015896,0.218887,-0.133488,0.015766
0.561758,0.014322,0.171287,0.749720,0.115853,0.133831,0.746927,-0.093303,0.137076,0.376589,0.121947,0.205498,0.373796,-0.087209,0.208743,0.535432,0.162345,0.015946,0.723156,-0.140327,0.015808,0.473489,0.163171,0.015918,0.236985,-0.133722,0.023129
0.565786,0.014063,0.161673,0.754115,0.115628,0.126205,0.751317,-0.093529,0.129369,0.380256,0.121655,0.193976,0.377458,-0.087502,0.197140,0.547925,0.162202,0.017515,0.723500,-0.140334,0.015859,0.474045,0.163166,0.015907,0.265392,-0.133942,0.033255
0.570110,0.013699,0.151479,0.759249,0.115349,0.120903,0.756442,-0.093811,0.123850,0.383779,0.121209,0.179107,0.380972,-0.087951,0.182055,0.564664,0.162058,0.024243,0.724021,-0.140355,0.015922,0.474587,0.163149,0.015907,0.300075,-0.134336,0.039267
0.574913,0.013157,0.141183,0.765090,0.114957,0.118580,0.762283,-0.094210,0.121039,0.387543,0.120525,0.161328,0.384737,-0.088642,0.163787,0.584220,0.161843,0.033692,0.724691,-0.140397,0.016011,0.475051,0.163098,0.015864,0.334600,-0.134859,0.041895
0.580318,0.012468,0.131441,0.771402,0.114423,0.119893,0.768593,-0.094751,0.121543,0.392044,0.119688,0.141340,0.389235,-0.089487,0.142990,0.607724,0.161460,0.041652,0.725454,-0.140461,0.015933,0.475423,0.163033,0.015818,0.364680,-0.135390,0.044410
0.586451,0.011787,0.123010,0.777826,0.113827,0.125077,0.775010,-0.095352,0.125810,0.397891,0.118925,0.120210,0.395075,-0.090254,0.120944,0.633245,0.160953,0.046592,0.726219,-0.140535,0.015880,0.475684,0.162966,0.015771,0.387994,-0.135872,0.047213
0.593225,0.011257,0.116817,0.783837,0.113299,0.134016,0.781021,-0.095882,0.133997,0.405430,0.118396,0.099637,0.402614,-0.090785,0.099618,0.658527,0.160448,0.049104,0.726898,-0.140597,0.015914,0.475882,0.162909,0.015736,0.404521,-0.136260,0.048782
0.600237,0.010884,0.113863,0.788847,0.112872,0.146510,0.786031,-0.096308,0.145982,0.414443,0.118076,0.081743,0.411627,-0.091105,0.081216,0.682996,0.159993,0.050604,0.727485,-0.140646,0.015888,0.476086,0.162867,0.015706,0.416442,-0.136540,0.047854
0.606873,0.010614,0.114721,0.792361,0.112541,0.162112,0.789552,-0.096638,0.161265,0.424193,0.117866,0.068177,0.421384,-0.091314,0.067330,0.706272,0.159595,0.052521,0.727991,-0.140677,0.015789,0.476442,0.162831,0.015656,0.426277,-0.136743,0.044971
0.612617,0.010414,0.119139,0.794245,0.112297,0.179739,0.791445,-0.096882,0.178715,0.433790,0.117711,0.059564,0.430989,-0.091468,0.058539,0.726986,0.159266,0.054442,0.728468,-0.140695,0.015764,0.477143,0.162799,0.015743,0.435709,-0.136898,0.040535
0.617136,0.010236,0.126235,0.794693,0.112112,0.197900,0.791931,-0.097067,0.196762,0.442341,0.117538,0.055709,0.439579,-0.091641,0.054571,0.743658,0.159026,0.053434,0.728975,-0.140706,0.015792,0.478309,0.162733,0.016006,0.445312,-0.137060,0.034193
0.620470,0.010006,0.134791,0.794403,0.111810,0.214942,0.791653,-0.097367,0.213585,0.449287,0.117378,0.055996,0.446537,-0.091799,0.054639,0.755455,0.158862,0.047709,0.729479,-0.140722,0.015859,0.479759,0.162691,0.016195,0.454770,-0.137169,0.024860
0.622927,0.009637,0.143682,0.794543,0.111248,0.228914,0.791773,-0.097926,0.227124,0.454081,0.117200,0.060241,0.451311,-0.091974,0.058451,0.761501,0.158774,0.038127,0.729993,-0.140756,0.015911,0.481199,0.162675,0.015961,0.460453,-0.137186,0.015815
0.625948,0.009687,0.152253,0.797108,0.111311,0.238381,0.794194,-0.097863,0.236913,0.457702,0.117237,0.067593,0.454788,-0.091937,0.066126,0.757893,0.158829,0.022248,0.730516,-0.140882,0.015965,0.482473,0.162711,0.015851,0.461395,-0.137133,0.015947
0.629406,0.009718,0.160629,0.800574,0.111378,0.246698,0.797603,-0.097797,0.245431,0.461209,0.117232,0.075826,0.458238,-0.091943,0.074559,0.758891,0.158824,0.015890,0.740204,-0.141066,0.019125,0.480046,0.162753,0.020966,0.462051,-0.137097,0.015945
0.632856,0.009704,0.168954,0.803898,0.111414,0.255215,0.800933,-0.097761,0.254056,0.464779,0.117170,0.083852,0.461815,-0.092006,0.082692,0.759605,0.158824,0.015885,0.755885,-0.141311,0.025378,0.472070,0.162725,0.047281,0.462515,-0.137101,0.015902
0.636312,0.009818,0.177620,0.807300,0.111638,0.263860,0.804344,-0.097539,0.262949,0.468281,0.117176,0.092292,0.465325,-0.092001,0.091381,0.760349,0.158836,0.015915,0.774675,-0.141568,0.031701,0.469279,0.162647,0.085221,0.462784,-0.137091,0.015854
0.639978,0.009879,0.186806,0.811154,0.111764,0.272594,0.808194,-0.097413,0.271854,0.471763,0.117171,0.101758,0.468803,-0.092007,0.101019,0.761162,0.158834,0.015870,0.798502,-0.141901,0.037096,0.472406,0.162616,0.101920,0.462875,-0.137077,0.015880
0.643965,0.009960,0.195736,0.815520,0.111915,0.280677,0.812558,-0.097264,0.280120,0.475371,0.117183,0.111352,0.472409,-0.091996,0.110795,0.761985,0.158833,0.015891,0.825041,-0.142261,0.042115,0.476015,0.162628,0.111475,0.462852,-0.137062,0.015873
0.648298,0.010034,0.203909,0.820538,0.112048,0.287382,0.817574,-0.097131,0.286990,0.479022,0.117199,0.120828,0.476058,-0.091980,0.120436,0.762817,0.158829,0.015907,0.851978,-0.142624,0.047069,0.479666,0.162644,0.120914,0.462750,-0.137050,0.015854
0.653027,0.010117,0.211032,0.826371,0.112183,0.292120,0.823406,-0.096996,0.291894,0.482647,0.117230,0.130169,0.479682,-0.091949,0.129943,0.763604,0.158826,0.015873,0.878552,-0.142972,0.051817,0.483291,0.162676,0.130221,0.462587,-0.137037,0.015867
0.658266,0.010257,0.216918,0.833168,0.112383,0.294512,0.830200,-0.096796,0.294503,0.486332,0.117310,0.139333,0.483364,-0.091869,0.139324,0.764294,0.158827,0.015824,0.904080,-0.143288,0.056196,0.486976,0.162755,0.139339,0.462377,-0.137021,0.015841
0.664089,0.010492,0.221436,0.840944,0.112696,0.294359,0.837978,-0.096483,0.294650,0.490201,0.117466,0.148221,0.487234,-0.091712,0.148512,0.764856,0.158841,0.015821,0.927256,-0.143531,0.059398,0.490845,0.162912,0.148162,0.462143,-0.136996,0.015885
0.670525,0.010794,0.224479,0.849610,0.113075,0.291621,0.846644,-0.096103,0.292275,0.494405,0.117690,0.156683,0.491439,-0.091488,0.157337,0.765280,0.158864,0.015880,0.946643,-0.143700,0.060446,0.495049,0.163136,0.156546,0.461920,-0.136966,0.015887
0.677538,0.011137,0.225917,0.859011,0.113477,0.286213,0.856038,-0.095700,0.287274,0.499038,0.117975,0.164560,0.496065,-0.091202,0.165622,0.765581,0.158887,0.015863,0.961146,-0.143812,0.057932,0.499683,0.163419,0.164332,0.461718,-0.136929,0.015891
0.685043,0.011513,0.225502,0.868953,0.113890,0.277822,0.865979,-0.095283,0.279336,0.504108,0.118308,0.171668,0.501134,-0.090865,0.173182,0.765762,0.158917,0.015883,0.970466,-0.143876,0.051151,0.504753,0.163753,0.171342,0.461563,-0.136897,0.015898
0.692892,0.011855,0.223006,0.879145,0.114228,0.266260,0.876172,-0.094942,0.268218,0.509612,0.118652,0.177795,0.506639,-0.090518,0.179753,0.765878,0.158951,0.015893,0.974501,-0.143935,0.039620,0.510257,0.164095,0.177376,0.461472,-0.136866,0.015909
0.700996,0.011972,0.218570,0.889292,0.114275,0.252033,0.886329,-0.094892,0.254250,0.515664,0.118835,0.182889,0.512701,-0.090332,0.185107,0.765988,0.158976,0.015902,0.972256,-0.144035,0.021412,0.516352,0.164275,0.182190,0.461464,-0.136857,0.015907
0.708939,0.012042,0.213500,0.898622,0.114259,0.238266,0.895654,-0.094906,0.240717,0.522224,0.118991,0.186283,0.519256,-0.090174,0.188734,0.766232,0.158990,0.015921,0.971246,-0.144071,0.015824,0.524113,0.164361,0.181131,0.461582,-0.136838,0.015898
0.716017,0.012327,0.209810,0.906399,0.114501,0.228679,0.903427,-0.094658,0.231553,0.528606,0.119311,0.188067,0.525634,-0.089848,0.190941,0.766580,0.159024,0.015941,0.970798,-0.144038,0.015850,0.533811,0.164507,0.174296,0.461756,-0.136804,0.015888
