0.004991,0.006725,0.320878,0.195573,0.109773,0.330919,0.194061,-0.099381,0.326803,-0.184079,0.112832,0.314952,-0.185591,-0.096322,0.310836,0.202512,0.158249,0.175089,0.203854,-0.141438,0.150291,-0.162998,0.161885,0.124594,-0.179127,-0.138254,0.129176
0.007985,0.010212,0.300958,0.198478,0.113358,0.311640,0.197118,-0.095783,0.306855,-0.181149,0.116207,0.295061,-0.182509,-0.092934,0.290275,0.185208,0.162764,0.143091,0.144700,-0.136111,0.097326,-0.148149,0.166287,0.083885,-0.172903,-0.133972,0.094159
0.010240,0.013735,0.278673,0.200460,0.117302,0.290119,0.199588,-0.091838,0.285217,-0.179108,0.119308,0.272129,-0.179981,-0.089833,0.267227,0.181805,0.167256,0.101878,0.093847,-0.131531,0.057881,-0.140953,0.169839,0.049123,-0.167875,-0.130113,0.043967
0.011516,0.017340,0.253896,0.201667,0.121082,0.264922,0.200922,-0.088083,0.261151,-0.177890,0.122762,0.246641,-0.178634,-0.086402,0.242870,0.195578,0.170302,0.057409,0.075321,-0.128757,0.020611,-0.142157,0.172271,0.014894,-0.163679,-0.127823,0.015969
0.016209,0.022501,0.232968,0.206656,0.126110,0.238971,0.205548,-0.083086,0.239540,-0.173131,0.128088,0.226396,-0.174239,-0.081108,0.226965,0.189709,0.171045,0.016099,0.074980,-0.128454,0.015892,-0.140577,0.172794,0.015955,-0.162687,-0.127195,0.015940
0.024377,0.026182,0.220713,0.214870,0.129843,0.223526,0.213753,-0.079312,0.227695,-0.165000,0.131676,0.213731,-0.166116,-0.077479,0.217899,0.189387,0.171305,0.016080,0.075328,-0.128253,0.015928,-0.139319,0.173056,0.015862,-0.161690,-0.126988,0.015924
0.033865,0.027645,0.212527,0.224393,0.131276,0.213552,0.223251,-0.077840,0.219389,-0.155521,0.133130,0.205665,-0.156662,-0.075986,0.211503,0.189670,0.171419,0.015990,0.076071,-0.128184,0.015941,-0.138233,0.173206,0.015895,-0.160687,-0.126891,0.015942
0.043905,0.028353,0.205410,0.234467,0.131922,0.204513,0.233305,-0.077164,0.211337,-0.145495,0.133869,0.199484,-0.146657,-0.075216,0.206308,0.190136,0.171489,0.015963,0.077422,-0.128148,0.015996,-0.138666,0.173317,0.015961,-0.159666,-0.126832,0.015943
0.054203,0.028872,0.199344,0.244785,0.132371,0.196544,0.243611,-0.076686,0.204183,-0.135204,0.134429,0.194506,-0.136378,-0.074628,0.202145,0.190761,0.171554,0.015882,0.086810,-0.128164,0.015996,-0.144192,0.173604,0.020545,-0.158694,-0.126790,0.015891
0.064655,0.029415,0.195152,0.255250,0.132847,0.191063,0.254054,-0.076179,0.199514,-0.124744,0.135009,0.190791,-0.125939,-0.074017,0.199242,0.191533,0.171613,0.015786,0.105061,-0.128237,0.015946,-0.147683,0.174204,0.031892,-0.157821,-0.126738,0.015819
0.075245,0.029863,0.193002,0.265852,0.133239,0.188151,0.264631,-0.075759,0.197255,-0.114141,0.135486,0.188749,-0.115362,-0.073513,0.197853,0.192422,0.171655,0.015805,0.130797,-0.128233,0.019067,-0.140047,0.174970,0.047316,-0.157070,-0.126696,0.015730
0.085911,0.030008,0.192272,0.276525,0.133365,0.187298,0.275289,-0.075622,0.196668,-0.103468,0.135638,0.187876,-0.104704,-0.073348,0.197246,0.193374,0.171664,0.015807,0.167780,-0.128262,0.023165,-0.120980,0.175449,0.058754,-0.156390,-0.126676,0.015766
0.096649,0.029591,0.192214,0.287256,0.132980,0.187687,0.286034,-0.076023,0.196682,-0.092737,0.135204,0.187746,-0.093959,-0.073799,0.196741,0.194323,0.171625,0.015938,0.209033,-0.128318,0.028155,-0.094596,0.175261,0.061183,-0.155752,-0.126717,0.015800
0.107603,0.028521,0.192583,0.298188,0.131991,0.189064,0.297012,-0.077058,0.196934,-0.081805,0.134099,0.188232,-0.082982,-0.074950,0.196102,0.195302,0.171538,0.016008,0.250776,-0.128498,0.031779,-0.061132,0.174433,0.054553,-0.155126,-0.126813,0.015838
0.119076,0.026712,0.193200,0.309629,0.130281,0.191110,0.308515,-0.078832,0.197034,-0.070362,0.132257,0.189367,-0.071476,-0.076856,0.195291,0.196341,0.171392,0.015975,0.287005,-0.128898,0.030728,-0.018557,0.173356,0.044851,-0.154500,-0.126967,0.015831
0.131243,0.024115,0.193446,0.321766,0.127754,0.192293,0.320715,-0.081420,0.195435,-0.058228,0.129649,0.191457,-0.059279,-0.079524,0.194599,0.197439,0.171183,0.015827,0.307664,-0.129486,0.017302,0.027861,0.172385,0.039188,-0.153920,-0.127191,0.015804
0.143334,0.022058,0.193141,0.333842,0.125725,0.191915,0.332820,-0.083471,0.192900,-0.046151,0.127588,0.193382,-0.047173,-0.081608,0.194368,0.198524,0.171007,0.015885,0.308570,-0.129637,0.015980,0.066989,0.171750,0.037115,-0.152752,-0.127384,0.015783
0.154522,0.021692,0.192691,0.344854,0.125664,0.190569,0.344172,-0.083533,0.191484,-0.035129,0.126917,0.193897,-0.035811,-0.082280,0.194813,0.211721,0.170814,0.022706,0.309491,-0.129639,0.015984,0.087178,0.171227,0.024273,-0.143559,-0.128163,0.015729
0.165362,0.022329,0.191281,0.355627,0.126406,0.188403,0.355074,-0.082786,0.190132,-0.024350,0.127445,0.192430,-0.024904,-0.081747,0.194160,0.223770,0.170915,0.032200,0.310403,-0.129559,0.015980,0.090163,0.171134,0.015871,-0.125563,-0.128408,0.015772
0.175907,0.022047,0.190591,0.366171,0.126132,0.187935,0.365622,-0.083062,0.189428,-0.013809,0.127156,0.191753,-0.014357,-0.082038,0.193246,0.243658,0.170804,0.033646,0.311327,-0.129609,0.015873,0.091110,0.171077,0.015924,-0.101353,-0.128528,0.015801
0.186493,0.021011,0.189724,0.376890,0.124875,0.188099,0.376082,-0.084324,0.188355,-0.003096,0.126346,0.191093,-0.003904,-0.082852,0.191350,0.264332,0.170574,0.036443,0.312250,-0.129739,0.015798,0.092223,0.171213,0.015914,-0.073747,-0.128247,0.016399
0.197170,0.019457,0.188583,0.387575,0.123317,0.188558,0.386759,-0.085876,0.187123,0.007581,0.124790,0.190043,0.006764,-0.084403,0.188609,0.283142,0.170199,0.039390,0.313185,-0.129866,0.015875,0.093208,0.171102,0.015878,-0.046713,-0.128477,0.018072
0.207901,0.017797,0.187336,0.398302,0.121652,0.189115,0.397498,-0.087522,0.185862,0.018305,0.123116,0.188810,0.017501,-0.086057,0.185557,0.300341,0.169770,0.042151,0.314122,-0.130014,0.015959,0.094197,0.170973,0.015734,-0.023577,-0.128790,0.020649
0.218606,0.016300,0.186148,0.409007,0.120111,0.189629,0.408197,-0.089030,0.184698,0.029015,0.121630,0.187598,0.028205,-0.087510,0.182667,0.317044,0.169340,0.044982,0.315054,-0.130153,0.015941,0.095199,0.170890,0.015683,-0.004590,-0.129125,0.024833
0.229213,0.015110,0.185182,0.419596,0.118898,0.190052,0.418811,-0.090207,0.183796,0.039615,0.120427,0.186569,0.038831,-0.088678,0.180313,0.334365,0.168924,0.048451,0.315983,-0.130267,0.015841,0.096179,0.170793,0.015836,0.011731,-0.129581,0.031045
0.239722,0.014275,0.184590,0.430113,0.117989,0.190564,0.429297,-0.091086,0.183382,0.050146,0.119636,0.185798,0.049330,-0.089439,0.178615,0.354010,0.168530,0.051805,0.316912,-0.130367,0.015790,0.097140,0.170762,0.016009,0.027381,-0.130014,0.038408
0.250221,0.013775,0.184506,0.440618,0.117415,0.191497,0.439768,-0.091641,0.183784,0.060674,0.119191,0.185229,0.059824,-0.089865,0.177516,0.378762,0.168219,0.054033,0.317844,-0.130426,0.015720,0.098071,0.170763,0.016032,0.044544,-0.130404,0.045251
0.260803,0.013525,0.184606,0.451184,0.117135,0.192440,0.450339,-0.091913,0.184498,0.071266,0.118963,0.184713,0.070422,-0.090085,0.176771,0.407956,0.168007,0.055172,0.318798,-0.130459,0.015876,0.098994,0.170742,0.016038,0.064807,-0.130713,0.049589
0.271550,0.013655,0.184471,0.461946,0.117195,0.192824,0.461043,-0.091860,0.185085,0.082057,0.119169,0.183858,0.081154,-0.089886,0.176119,0.438308,0.167921,0.053933,0.319754,-0.130471,0.015990,0.099979,0.170788,0.015975,0.089099,-0.130720,0.049659
0.282585,0.014416,0.183880,0.472999,0.117927,0.192199,0.472039,-0.091160,0.185370,0.093131,0.119991,0.182389,0.092171,-0.089095,0.175560,0.466170,0.168179,0.046863,0.320749,-0.130410,0.016052,0.101028,0.170869,0.015840,0.118342,-0.130445,0.045598
0.294058,0.016024,0.182517,0.484527,0.119507,0.189853,0.483457,-0.089633,0.184923,0.104658,0.121680,0.180111,0.103588,-0.087459,0.175180,0.487714,0.168697,0.031050,0.321763,-0.130287,0.016025,0.102152,0.171029,0.015821,0.151236,-0.130029,0.042075
0.305890,0.018223,0.180494,0.496359,0.121849,0.185400,0.495341,-0.087336,0.183095,0.116439,0.123782,0.177893,0.115420,-0.085403,0.175588,0.491819,0.169193,0.015833,0.322826,-0.130107,0.015921,0.103352,0.171085,0.015752,0.185446,-0.129704,0.040058
0.317377,0.019171,0.179673,0.507855,0.122836,0.183265,0.506847,-0.086359,0.182114,0.127907,0.124700,0.177231,0.126899,-0.084494,0.176081,0.492658,0.169281,0.015879,0.323991,-0.130014,0.015802,0.104313,0.171152,0.015856,0.215646,-0.129591,0.033787
0.328322,0.018595,0.179236,0.518830,0.122203,0.182902,0.517769,-0.086987,0.181108,0.138875,0.124176,0.177364,0.137815,-0.085013,0.175570,0.493596,0.169215,0.015891,0.329679,-0.130068,0.015776,0.105234,0.171183,0.015983,0.232996,-0.129596,0.017942
0.338762,0.017944,0.178955,0.529228,0.121632,0.182510,0.528262,-0.087552,0.180074,0.149261,0.123440,0.177835,0.148296,-0.085743,0.175399,0.494515,0.169186,0.015957,0.345940,-0.130250,0.015755,0.109194,0.170965,0.015897,0.234025,-0.129734,0.015826
0.348927,0.018288,0.179472,0.539405,0.121971,0.182528,0.538423,-0.087218,0.180541,0.159432,0.123793,0.178402,0.158450,-0.085395,0.176415,0.495439,0.169212,0.015907,0.371564,-0.130348,0.018518,0.121851,0.170925,0.020186,0.234960,-0.129680,0.015701
0.359172,0.019396,0.180487,0.549619,0.123144,0.183199,0.548690,-0.086053,0.182578,0.169653,0.124845,0.178396,0.168724,-0.084352,0.177776,0.496387,0.169327,0.015849,0.403774,-0.130382,0.021134,0.140269,0.170881,0.025034,0.235926,-0.129620,0.015681
0.369553,0.020906,0.181327,0.559980,0.124702,0.183532,0.559080,-0.084493,0.184724,0.180025,0.126306,0.177929,0.179125,-0.082889,0.179121,0.497353,0.169466,0.015743,0.433463,-0.130306,0.026382,0.160270,0.170996,0.029527,0.236881,-0.129520,0.015833
0.379976,0.022575,0.182059,0.570405,0.126382,0.183551,0.569495,-0.082792,0.186693,0.190458,0.127943,0.177426,0.189548,-0.081232,0.180567,0.498307,0.169633,0.015810,0.459339,-0.130079,0.032818,0.179239,0.171295,0.034137,0.237793,-0.129370,0.015911
0.390400,0.024118,0.182898,0.580833,0.127926,0.183620,0.579910,-0.081213,0.188573,0.200890,0.129450,0.177222,0.199967,-0.079689,0.182175,0.499256,0.169775,0.015843,0.482027,-0.129773,0.039614,0.196986,0.171651,0.038768,0.238666,-0.129261,0.015896
0.400821,0.025316,0.183951,0.591270,0.129097,0.184040,0.590313,-0.080004,0.190402,0.211329,0.130637,0.177500,0.210372,-0.078464,0.183862,0.500196,0.169869,0.015886,0.502413,-0.129456,0.046356,0.214852,0.171988,0.042605,0.239499,-0.129179,0.015905
0.411286,0.026041,0.185377,0.601740,0.129812,0.185228,0.600767,-0.079262,0.192427,0.221806,0.131344,0.178326,0.220832,-0.077730,0.185525,0.501123,0.169931,0.015991,0.522631,-0.129222,0.051665,0.234105,0.172175,0.045037,0.240300,-0.129138,0.015921
0.421872,0.026318,0.187231,0.612310,0.130118,0.187351,0.611352,-0.078946,0.194840,0.232391,0.131581,0.179622,0.231434,-0.077483,0.187111,0.502077,0.169965,0.016018,0.545546,-0.129156,0.054360,0.255765,0.172171,0.046120,0.241143,-0.129137,0.015988
0.432662,0.026075,0.189302,0.623070,0.129926,0.190159,0.622146,-0.079148,0.197343,0.243177,0.131299,0.181260,0.242253,-0.077776,0.188444,0.503060,0.169948,0.015949,0.570993,-0.129305,0.054564,0.281001,0.171958,0.045897,0.241986,-0.129177,0.015997
0.443750,0.025270,0.191174,0.634116,0.129185,0.193059,0.633249,-0.079920,0.199322,0.254251,0.130460,0.183027,0.253383,-0.078644,0.189290,0.504073,0.169886,0.015819,0.596986,-0.129659,0.051798,0.311184,0.171546,0.044514,0.242835,-0.129264,0.015911
0.455232,0.023893,0.192457,0.645558,0.127855,0.195472,0.644751,-0.081289,0.200229,0.265713,0.129076,0.184685,0.264906,-0.080069,0.189442,0.505129,0.169775,0.015879,0.620725,-0.130217,0.043743,0.346030,0.171010,0.043225,0.243712,-0.129398,0.015824
0.467161,0.021967,0.192591,0.657478,0.125933,0.196028,0.656722,-0.083248,0.198721,0.277600,0.127182,0.186461,0.276844,-0.081999,0.189154,0.506208,0.169615,0.015959,0.636670,-0.130845,0.026680,0.379368,0.170395,0.040932,0.244605,-0.129569,0.015797
0.479296,0.020172,0.190788,0.669626,0.124143,0.193155,0.668924,-0.085054,0.193964,0.289669,0.125398,0.187612,0.288966,-0.083799,0.188420,0.507263,0.169455,0.015965,0.636406,-0.131083,0.015983,0.404040,0.169881,0.036461,0.245558,-0.129770,0.015914
0.490859,0.019939,0.188366,0.681011,0.124253,0.189829,0.680688,-0.084945,0.190735,0.301031,0.124824,0.185998,0.300708,-0.084374,0.186903,0.527261,0.169192,0.016754,0.637312,-0.131085,0.015930,0.419231,0.169385,0.022861,0.247927,-0.130483,0.015908
0.502064,0.020786,0.185042,0.692130,0.125259,0.186218,0.691972,-0.083931,0.188249,0.312155,0.125504,0.181835,0.311997,-0.083687,0.183866,0.552251,0.169211,0.020838,0.638276,-0.131016,0.015858,0.423025,0.169261,0.015892,0.253402,-0.130726,0.015824
0.512806,0.020746,0.182799,0.702862,0.125235,0.184148,0.702720,-0.083955,0.186185,0.322892,0.125448,0.179413,0.322749,-0.083742,0.181449,0.578654,0.169230,0.025764,0.639208,-0.131023,0.015738,0.424025,0.169239,0.015909,0.266280,-0.130768,0.015883
0.523341,0.019794,0.181958,0.713438,0.124193,0.184252,0.713204,-0.085004,0.185174,0.333478,0.124593,0.178742,0.333245,-0.084604,0.179664,0.606101,0.169087,0.030625,0.640141,-0.131119,0.015845,0.425045,0.169224,0.015926,0.283288,-0.130709,0.018570
0.533849,0.018465,0.181855,0.723947,0.122826,0.185432,0.723695,-0.086373,0.184840,0.344004,0.123303,0.178871,0.343752,-0.085896,0.178279,0.627824,0.168815,0.036068,0.641080,-0.131245,0.015896,0.426036,0.169116,0.015821,0.301323,-0.130854,0.022396
0.544322,0.017149,0.182123,0.734418,0.121459,0.187008,0.734148,-0.087730,0.184901,0.354496,0.122028,0.179345,0.354225,-0.087161,0.177238,0.646014,0.168495,0.041112,0.642008,-0.131361,0.015918,0.427015,0.169035,0.015636,0.318231,-0.131055,0.027082
0.554740,0.016079,0.182513,0.744840,0.120326,0.188503,0.744542,-0.088847,0.185172,0.364939,0.121005,0.179853,0.364641,-0.088168,0.176522,0.662764,0.168171,0.045799,0.642920,-0.131461,0.015834,0.427990,0.168985,0.015729,0.333739,-0.131289,0.032662
0.565067,0.015282,0.183093,0.755155,0.119496,0.189975,0.754859,-0.089662,0.185753,0.375275,0.120225,0.180432,0.374980,-0.088932,0.176210,0.681255,0.167898,0.049322,0.643837,-0.131536,0.015897,0.428933,0.168930,0.015895,0.348792,-0.131580,0.038729
0.575353,0.014721,0.183912,0.765440,0.118878,0.191617,0.765118,-0.090265,0.186771,0.385587,0.119707,0.181053,0.385266,-0.089436,0.176208,0.704881,0.167679,0.051536,0.644761,-0.131582,0.015823,0.429853,0.168925,0.016007,0.365174,-0.131824,0.044845
0.585696,0.014328,0.184645,0.775780,0.118439,0.193012,0.775437,-0.090695,0.187758,0.395955,0.119351,0.181532,0.395612,-0.089783,0.176278,0.733019,0.167499,0.052673,0.645690,-0.131627,0.015845,0.430749,0.168916,0.016028,0.384396,-0.132036,0.049184
0.596184,0.014246,0.184964,0.786261,0.118335,0.193766,0.785908,-0.090797,0.188439,0.406461,0.119289,0.181489,0.406108,-0.089843,0.176162,0.763268,0.167437,0.052481,0.646633,-0.131633,0.015929,0.431642,0.168926,0.016000,0.407611,-0.132093,0.049831
0.606949,0.014700,0.184644,0.797054,0.118738,0.193434,0.796627,-0.090406,0.188630,0.417270,0.119806,0.180658,0.416844,-0.089338,0.175853,0.791698,0.167556,0.047797,0.647590,-0.131598,0.015982,0.432641,0.169022,0.015889,0.435615,-0.131867,0.046477
0.618162,0.015930,0.183440,0.808312,0.119951,0.191413,0.807802,-0.089221,0.188036,0.428522,0.121081,0.178845,0.428011,-0.088091,0.175468,0.814352,0.167909,0.035560,0.648588,-0.131511,0.016021,0.433743,0.169156,0.015880,0.467680,-0.131503,0.042858
0.629945,0.017979,0.181235,0.820115,0.122115,0.186874,0.819634,-0.087082,0.185871,0.440255,0.123039,0.176599,0.439774,-0.086158,0.175596,0.824999,0.168375,0.015813,0.649678,-0.131326,0.015938,0.434919,0.169273,0.015810,0.501994,-0.131105,0.040824
0.641690,0.019306,0.179543,0.831883,0.123488,0.183227,0.831412,-0.085710,0.183804,0.451967,0.124323,0.175283,0.451496,-0.084876,0.175859,0.825743,0.168491,0.015870,0.650706,-0.131216,0.015835,0.435984,0.169370,0.015792,0.535162,-0.130897,0.037029
0.652896,0.018927,0.178979,0.843098,0.123109,0.182246,0.842635,-0.086090,0.182420,0.463158,0.123944,0.175538,0.462695,-0.085256,0.175713,0.826643,0.168457,0.015863,0.653928,-0.131262,0.015638,0.436852,0.169319,0.015887,0.558869,-0.131044,0.024966
0.663596,0.017632,0.178223,0.853799,0.121790,0.182128,0.853338,-0.087405,0.180793,0.473855,0.122668,0.175653,0.473394,-0.086527,0.174318,0.827558,0.168360,0.015935,0.666865,-0.131391,0.015675,0.439280,0.169216,0.015835,0.564960,-0.131168,0.015884
0.673973,0.017164,0.177992,0.864174,0.121310,0.182284,0.863711,-0.087881,0.180428,0.484235,0.122210,0.175557,0.483772,-0.086982,0.173700,0.828494,0.168317,0.015969,0.690211,-0.131506,0.017767,0.449510,0.169144,0.017111,0.565954,-0.131214,0.015799
0.684350,0.017883,0.178685,0.874520,0.122090,0.182885,0.874107,-0.087107,0.181929,0.494593,0.122874,0.175441,0.494180,-0.086323,0.174485,0.829450,0.168393,0.015945,0.720132,-0.131508,0.018679,0.465579,0.169091,0.020286,0.566955,-0.131192,0.015657
0.694833,0.019232,0.179513,0.884987,0.123482,0.183285,0.884589,-0.085716,0.183932,0.505076,0.124180,0.175093,0.504678,-0.085019,0.175740,0.830422,0.168519,0.015841,0.750800,-0.131410,0.022772,0.484146,0.169204,0.024555,0.567933,-0.131084,0.015706
0.705350,0.020878,0.180347,0.895487,0.125183,0.183394,0.895113,-0.084001,0.185983,0.515587,0.125756,0.174712,0.515212,-0.083427,0.177301,0.831397,0.168677,0.015731,0.778430,-0.131189,0.028875,0.502527,0.169436,0.029483,0.568892,-0.130975,0.015818
0.715834,0.022566,0.181316,0.905958,0.126918,0.183464,0.905607,-0.082232,0.188014,0.526062,0.127364,0.174618,0.525710,-0.081786,0.179168,0.832355,0.168856,0.015807,0.802303,-0.130833,0.035686,0.519772,0.169789,0.034556,0.569802,-0.130872,0.015913
0.726270,0.024021,0.182520,0.916409,0.128360,0.183834,0.916028,-0.080747,0.190064,0.536513,0.128789,0.174975,0.536131,-0.080318,0.181206,0.833310,0.168976,0.015832,0.823429,-0.130441,0.042648,0.536720,0.170208,0.039002,0.570653,-0.130776,0.015903
0.736689,0.025076,0.184000,0.926843,0.129393,0.184740,0.926431,-0.079675,0.192159,0.546948,0.129827,0.175840,0.546536,-0.079241,0.183259,0.834256,0.169061,0.015850,0.842924,-0.130064,0.049145,0.554584,0.170551,0.042279,0.571461,-0.130709,0.015886
0.747159,0.025667,0.185886,0.937312,0.129987,0.186525,0.936892,-0.079057,0.194572,0.557426,0.130392,0.177199,0.557006,-0.078653,0.185246,0.835178,0.169112,0.016003,0.863588,-0.129816,0.053721,0.574221,0.170726,0.044305,0.572269,-0.130684,0.015948
0.757757,0.025810,0.188114,0.947893,0.130159,0.189148,0.947485,-0.078883,0.197277,0.568030,0.130503,0.178951,0.567622,-0.078538,0.187081,0.836120,0.169128,0.016005,0.887080,-0.129761,0.055552,0.596579,0.170722,0.044993,0.573090,-0.130688,0.015972
0.768570,0.025421,0.190338,0.958672,0.129821,0.192159,0.958302,-0.079240,0.199775,0.578839,0.130082,0.180900,0.578469,-0.078979,0.188516,0.837110,0.169095,0.015895,0.912444,-0.129917,0.054889,0.622821,0.170512,0.044381,0.573915,-0.130737,0.015947
0.779737,0.024490,0.192238,0.969797,0.128942,0.195166,0.969477,-0.080157,0.201682,0.589998,0.129137,0.182794,0.589678,-0.079961,0.189309,0.838135,0.169026,0.015788,0.937867,-0.130273,0.051074,0.653999,0.170162,0.043210,0.574763,-0.130814,0.015882
0.791328,0.023010,0.193368,0.981357,0.127482,0.197332,0.981083,-0.081661,0.202215,0.601573,0.127681,0.184522,0.601299,-0.081462,0.189404,0.839201,0.168896,0.015895,0.960057,-0.130853,0.041234,0.689321,0.169712,0.042449,0.575640,-0.130943,0.015784
0.803347,0.021051,0.193068,0.993425,0.125438,0.196943,0.993123,-0.083744,0.199701,0.613570,0.125846,0.186435,0.613269,-0.083335,0.189192,0.840298,0.168727,0.015963,0.972095,-0.131515,0.021580,0.720100,0.169210,0.039467,0.576531,-0.131022,0.015836
0.815398,0.019791,0.190907,1.005444,0.124269,0.193727,1.005286,-0.084926,0.195181,0.625510,0.124507,0.186634,0.625352,-0.084688,0.188088,0.844532,0.168606,0.015966,0.973134,-0.131598,0.015957,0.743134,0.168811,0.034402,0.577609,-0.131300,0.015906
0.826912,0.020077,0.188042,1.016792,0.124875,0.190016,1.016983,-0.084315,0.192100,0.636840,0.124468,0.183985,0.637031,-0.084721,0.186069,0.866759,0.168483,0.018694,0.974035,-0.131561,0.015981,0.755634,0.168369,0.017401,0.580424,-0.131921,0.015867
0.837980,0.020727,0.184769,1.027898,0.125467,0.186133,1.028022,-0.083714,0.188947,0.647938,0.125168,0.180591,0.648062,-0.084013,0.183404,0.890140,0.168662,0.024193,0.974944,-0.131527,0.015864,0.756685,0.168471,0.015892,0.587452,-0.131757,0.015824
0.848583,0.020267,0.183229,1.038520,0.124972,0.184697,1.038610,-0.084215,0.186997,0.658556,0.124750,0.179460,0.658646,-0.084437,0.181760,0.918232,0.168639,0.027009,0.975856,-0.131578,0.015746,0.757686,0.168447,0.015903,0.601196,-0.131733,0.016374
0.859096,0.019136,0.182659,1.049037,0.123815,0.185102,1.049109,-0.085382,0.186111,0.669082,0.123655,0.179207,0.669155,-0.085542,0.180215,0.943801,0.168491,0.032065,0.976787,-0.131679,0.015839,0.758662,0.168349,0.015916,0.619208,-0.131789,0.018775
0.869592,0.017714,0.182614,1.059541,0.122338,0.186373,1.059580,-0.086861,0.185742,0.679604,0.122289,0.179487,0.679642,-0.086910,0.178856,0.964039,0.168220,0.037179,0.977720,-0.131814,0.015895,0.759652,0.168247,0.015796,0.637563,-0.131896,0.022281
0.880049,0.016354,0.182799,1.070006,0.120908,0.187886,1.070008,-0.088281,0.185694,0.690090,0.120988,0.179905,0.690092,-0.088201,0.177713,0.981419,0.167890,0.041813,0.978642,-0.131955,0.015923,0.760629,0.168163,0.015605,0.654407,-0.132071,0.026686
0.890439,0.015251,0.183058,1.080384,0.119766,0.189271,1.080388,-0.089405,0.185813,0.700490,0.119908,0.180303,0.700494,-0.089264,0.176845,0.997877,0.167585,0.046259,0.979555,-0.132053,0.015844,0.761601,0.168085,0.015755,0.669816,-0.132328,0.032110
0.900730,0.014439,0.183503,1.090671,0.118903,0.190621,1.090661,-0.090251,0.186223,0.710799,0.119128,0.180782,0.710789,-0.090026,0.176385,1.016258,0.167328,0.049748,0.980468,-0.132124,0.015882,0.762537,0.168052,0.015916,0.684856,-0.132579,0.038186
0.910984,0.013855,0.184197,1.100927,0.118258,0.192126,1.100888,-0.090880,0.187073,0.721080,0.118590,0.181321,0.721041,-0.090549,0.176267,1.039769,0.167121,0.051923,0.981381,-0.132184,0.015844,0.763452,0.168040,0.016021,0.701186,-0.132820,0.044314
0.921307,0.013481,0.184880,1.111236,0.117855,0.193512,1.111195,-0.091274,0.188063,0.731420,0.118237,0.181697,0.731379,-0.090892,0.176249,1.067946,0.166985,0.053169,0.982307,-0.132227,0.015814,0.764348,0.168012,0.016028,0.720523,-0.133034,0.048737
0.931783,0.013422,0.185169,1.121724,0.117735,0.194252,1.121631,-0.091392,0.188729,0.741934,0.118236,0.181609,0.741842,-0.090891,0.176086,1.098170,0.166940,0.053077,0.983246,-0.132233,0.015925,0.765249,0.168067,0.015971,0.743925,-0.133012,0.049426
0.942539,0.013863,0.184840,1.132492,0.118154,0.193924,1.132358,-0.090986,0.188919,0.752720,0.118711,0.180760,0.752587,-0.090429,0.175755,1.126526,0.167103,0.048452,0.984204,-0.132215,0.015978,0.766259,0.168112,0.015861,0.772099,-0.132802,0.046127
0.953738,0.015099,0.183645,1.143721,0.119399,0.191952,1.143532,-0.089769,0.188332,0.763943,0.119966,0.178957,0.763755,-0.089202,0.175337,1.149100,0.167549,0.036103,0.985213,-0.132101,0.015997,0.767352,0.168243,0.015868,0.804255,-0.132397,0.042520
0.965499,0.017168,0.181478,1.155527,0.121545,0.187484,1.155320,-0.087651,0.186204,0.775679,0.121987,0.176752,0.775471,-0.087209,0.175471,1.159771,0.168043,0.015698,0.986307,-0.131892,0.015947,0.768490,0.168431,0.015793,0.838500,-0.131896,0.040488
0.977242,0.018534,0.179787,1.167301,0.122949,0.183793,1.167092,-0.086250,0.184092,0.787392,0.123318,0.175482,0.787183,-0.085882,0.175781,1.160505,0.168166,0.015861,0.987329,-0.131761,0.015832,0.769549,0.168557,0.015827,0.871391,-0.131615,0.036698
0.988461,0.018219,0.179191,1.178528,0.122635,0.182793,1.178327,-0.086565,0.182747,0.798596,0.123003,0.175634,0.798394,-0.086197,0.175588,1.161399,0.168138,0.015879,0.989744,-0.131797,0.015755,0.770418,0.168515,0.015893,0.894639,-0.131707,0.024509
0.999186,0.017061,0.178562,1.189271,0.121422,0.182761,1.189036,-0.087773,0.181317,0.809335,0.121896,0.175808,0.809100,-0.087299,0.174364,1.162322,0.168055,0.015887,1.002239,-0.131872,0.015738,0.772634,0.168493,0.015766,0.900738,-0.131759,0.015886
1.009538,0.016697,0.178642,1.199626,0.121041,0.183107,1.199383,-0.088151,0.181257,0.819692,0.121545,0.176027,0.819449,-0.087647,0.174177,1.163264,0.168013,0.015914,1.021986,-0.131960,0.018764,0.782718,0.168455,0.015937,0.901719,-0.131794,0.015812
1.019812,0.017490,0.179601,1.209862,0.121910,0.183921,1.209682,-0.087289,0.183047,0.829942,0.122269,0.176155,0.829761,-0.086929,0.175281,1.164213,0.168102,0.015942,1.051695,-0.131919,0.019576,0.798811,0.168404,0.018946,0.902713,-0.131775,0.015662
1.030183,0.018921,0.180521,1.220218,0.123386,0.184395,1.220052,-0.085812,0.185187,0.840314,0.123654,0.175854,0.840148,-0.085544,0.176647,1.165171,0.168241,0.015838,1.082848,-0.131767,0.023376,0.817780,0.168544,0.023250,0.903678,-0.131655,0.015762
1.040593,0.020638,0.181293,1.230611,0.125158,0.184452,1.230466,-0.084023,0.187263,0.850720,0.125298,0.175323,0.850576,-0.083883,0.178135,1.166131,0.168389,0.015723,1.110966,-0.131518,0.029234,0.836550,0.168784,0.028196,0.904632,-0.131555,0.015877
1.050979,0.022402,0.182101,1.240991,0.126955,0.184370,1.240851,-0.082188,0.189213,0.861107,0.126992,0.174989,0.860967,-0.082152,0.179832,1.167074,0.168564,0.015806,1.135184,-0.131132,0.035838,0.853904,0.169179,0.033335,0.905525,-0.131440,0.015905
1.061318,0.023956,0.183100,1.251343,0.128501,0.184516,1.251175,-0.080594,0.191136,0.871461,0.128507,0.175064,0.871292,-0.080588,0.181684,1.168012,0.168700,0.015829,1.156685,-0.130692,0.042674,0.870655,0.169646,0.038164,0.906371,-0.131338,0.015901
1.071638,0.025108,0.184361,1.261694,0.129605,0.185154,1.261464,-0.079445,0.193080,0.881813,0.129662,0.175643,0.881583,-0.079388,0.183568,1.168943,0.168773,0.015924,1.176337,-0.130286,0.049279,0.888216,0.170066,0.041878,0.907174,-0.131256,0.015884
1.082011,0.025791,0.186041,1.272066,0.130289,0.186662,1.271827,-0.078732,0.195321,0.892195,0.130314,0.176761,0.891956,-0.078706,0.185420,1.169853,0.168825,0.016008,1.196639,-0.129987,0.054057,0.907506,0.170292,0.044138,0.907976,-0.131234,0.015950
1.092515,0.026035,0.188132,1.282555,0.130558,0.189089,1.282322,-0.078455,0.197937,0.902708,0.130525,0.178326,0.902475,-0.078487,0.187174,1.170784,0.168847,0.016025,1.219890,-0.129879,0.056128,0.929412,0.170344,0.045029,0.908791,-0.131232,0.015979
1.103247,0.025753,0.190358,1.293254,0.130326,0.192109,1.293052,-0.078704,0.200543,0.913441,0.130210,0.180172,0.913240,-0.078820,0.188606,1.171765,0.168822,0.015945,1.245401,-0.129984,0.055842,0.955084,0.170190,0.044674,0.909614,-0.131268,0.015993
1.114313,0.024918,0.192312,1.304269,0.129560,0.195133,1.304133,-0.079508,0.202554,0.924494,0.129343,0.182070,0.924358,-0.079725,0.189490,1.172778,0.168759,0.015795,1.271144,-0.130290,0.052522,0.985841,0.169858,0.043340,0.910447,-0.131356,0.015902
1.125805,0.023539,0.193561,1.315725,0.128212,0.197451,1.315640,-0.080906,0.203326,0.935971,0.127983,0.183796,0.935885,-0.081134,0.189671,1.173839,0.168636,0.015886,1.294040,-0.130852,0.043630,1.020928,0.169443,0.042362,0.911316,-0.131477,0.015807
1.137737,0.021645,0.193473,1.327670,0.126288,0.197494,1.327619,-0.082877,0.201288,0.947855,0.126166,0.185658,0.947803,-0.082999,0.189453,1.174904,0.168490,0.015964,1.307814,-0.131519,0.025472,1.053122,0.168946,0.039469,0.912207,-0.131598,0.015813
1.149820,0.020235,0.191426,1.339749,0.124918,0.194542,1.339794,-0.084269,0.196895,0.959846,0.124739,0.185958,0.959891,-0.084448,0.188311,1.178205,0.168327,0.015959,1.308035,-0.131764,0.015968,1.076831,0.168518,0.034870,0.913228,-0.131850,0.015904
1.161363,0.020350,0.188584,1.351125,0.125358,0.190788,1.351532,-0.083823,0.193583,0.971194,0.124522,0.183584,0.971601,-0.084659,0.186380,1.198370,0.168209,0.018305,1.308917,-0.131734,0.015952,1.090785,0.168010,0.019054,0.915939,-0.132500,0.015863
1.172449,0.020945,0.185344,1.362268,0.125863,0.186877,1.362576,-0.083309,0.190281,0.982323,0.125198,0.180408,0.982631,-0.083974,0.183812,1.222144,0.168456,0.023590,1.309800,-0.131681,0.015866,1.091845,0.168138,0.015886,0.922438,-0.132252,0.015812
1.183069,0.020487,0.183649,1.372887,0.125406,0.185242,1.373203,-0.083773,0.188146,0.992936,0.124747,0.179153,0.993252,-0.084433,0.182056,1.250823,0.168474,0.026636,1.310705,-0.131715,0.015748,1.092838,0.168086,0.015901,0.936007,-0.132275,0.016278
1.193587,0.019337,0.182941,1.383415,0.124218,0.185484,1.383700,-0.084976,0.187069,1.003474,0.123649,0.178813,1.003759,-0.085545,0.180398,1.276934,0.168358,0.031564,1.311626,-0.131823,0.015837,1.093819,0.167990,0.015937,0.953819,-0.132291,0.018558
1.204083,0.017897,0.182778,1.393925,0.122712,0.186615,1.394164,-0.086487,0.186525,1.014001,0.122281,0.179032,1.014240,-0.086919,0.178941,1.297536,0.168117,0.036639,1.312552,-0.131957,0.015891,1.094813,0.167894,0.015812,0.972011,-0.132350,0.022023
1.214538,0.016499,0.182879,1.404389,0.121243,0.188025,1.404590,-0.087950,0.186323,1.024486,0.120947,0.179434,1.024687,-0.088246,0.177732,1.315141,0.167803,0.041278,1.313469,-0.132103,0.015918,1.095794,0.167800,0.015616,0.988756,-0.132501,0.026430
1.224926,0.015358,0.183080,1.414768,0.120056,0.189347,1.414964,-0.089122,0.186317,1.034887,0.119838,0.179844,1.035083,-0.089340,0.176813,1.331692,0.167514,0.045720,1.314378,-0.132201,0.015843,1.096766,0.167728,0.015744,1.004079,-0.132723,0.031842
1.235212,0.014530,0.183478,1.425049,0.119180,0.190650,1.425234,-0.089982,0.186649,1.045190,0.119042,0.180307,1.045375,-0.090120,0.176307,1.350013,0.167276,0.049275,1.315288,-0.132271,0.015888,1.097709,0.167691,0.015924,1.018998,-0.132954,0.037911
1.245451,0.013945,0.184129,1.435293,0.118527,0.192115,1.435441,-0.090621,0.187441,1.055461,0.118510,0.180816,1.055609,-0.090637,0.176142,1.373395,0.167086,0.051524,1.316198,-0.132332,0.015851,1.098626,0.167686,0.015964,1.035173,-0.133162,0.044097
1.255753,0.013565,0.184790,1.445577,0.118124,0.193465,1.445730,-0.091014,0.188371,1.065775,0.118144,0.181209,1.065928,-0.090994,0.176115,1.401587,0.166979,0.052870,1.317121,-0.132369,0.015812,1.099521,0.167657,0.015973,1.054346,-0.133361,0.048651
