0.017830,0.008942,0.350183,0.205751,0.117231,0.350534,0.209825,-0.091900,0.347067,-0.174166,0.109785,0.353299,-0.170092,-0.099347,0.349832,0.203711,0.166125,0.141283,0.221417,-0.133742,0.142124,-0.163086,0.159128,0.132310,-0.163860,-0.141379,0.150087
0.027931,0.013224,0.344547,0.214525,0.123783,0.345347,0.221111,-0.085209,0.338740,-0.165248,0.111657,0.350353,-0.158663,-0.097335,0.343746,0.199324,0.176052,0.115924,0.182610,-0.124543,0.105450,-0.132425,0.165821,0.108876,-0.124773,-0.134591,0.116897
0.039398,0.017590,0.335395,0.224856,0.130035,0.336927,0.233549,-0.078778,0.327659,-0.154753,0.113958,0.343130,-0.146060,-0.094856,0.333862,0.201954,0.185177,0.098988,0.149154,-0.116936,0.082314,-0.133572,0.171693,0.088089,-0.115058,-0.128280,0.090099
0.051041,0.021995,0.322581,0.235769,0.135615,0.325268,0.245807,-0.073026,0.313743,-0.143726,0.117016,0.331418,-0.133688,-0.091625,0.319894,0.199291,0.193320,0.073828,0.140901,-0.109876,0.064472,-0.151292,0.176634,0.070555,-0.114785,-0.121972,0.060736
0.062302,0.026420,0.305781,0.246308,0.141173,0.309583,0.257666,-0.067284,0.296109,-0.133063,0.120123,0.315453,-0.121705,-0.088333,0.301979,0.195165,0.201323,0.041554,0.155749,-0.102269,0.045799,-0.171076,0.180335,0.057542,-0.114737,-0.115753,0.026405
0.073517,0.031770,0.289216,0.257161,0.147159,0.288011,0.268972,-0.061397,0.276630,-0.121938,0.124936,0.301801,-0.110127,-0.083620,0.290420,0.191330,0.203879,0.015760,0.186636,-0.098123,0.028746,-0.182708,0.180860,0.049389,-0.113682,-0.114416,0.015632
0.085503,0.035721,0.280242,0.268918,0.151395,0.275815,0.280975,-0.057251,0.266527,-0.109970,0.128692,0.293957,-0.097912,-0.079953,0.284670,0.191246,0.204059,0.015627,0.222488,-0.095481,0.025703,-0.170909,0.181713,0.047482,-0.112506,-0.114396,0.015726
0.098473,0.038481,0.277860,0.281871,0.154164,0.273021,0.293991,-0.054536,0.265151,-0.097046,0.131497,0.290569,-0.084926,-0.077203,0.282699,0.192034,0.204207,0.015752,0.249434,-0.093747,0.028187,-0.131374,0.184394,0.043123,-0.111733,-0.114253,0.015776
0.112717,0.041080,0.278952,0.296127,0.156745,0.274111,0.308288,-0.051999,0.267585,-0.082854,0.134160,0.290319,-0.070694,-0.074584,0.283793,0.193214,0.204371,0.015932,0.271995,-0.092274,0.031267,-0.079529,0.187640,0.042856,-0.111244,-0.114120,0.015908
0.127388,0.043520,0.279331,0.310793,0.159173,0.274025,0.322979,-0.049603,0.268675,-0.068203,0.136643,0.289987,-0.056017,-0.072133,0.284636,0.194360,0.204531,0.016044,0.294239,-0.090738,0.031232,-0.028692,0.190758,0.045463,-0.110770,-0.113987,0.016034
0.141945,0.045551,0.276802,0.325553,0.160837,0.270625,0.337335,-0.047981,0.266036,-0.053445,0.139082,0.287568,-0.041664,-0.069735,0.282978,0.198037,0.204772,0.016037,0.315170,-0.089469,0.025112,0.014716,0.193770,0.046035,-0.107980,-0.113142,0.015978
0.156769,0.047326,0.271494,0.340435,0.162405,0.263457,0.351981,-0.046440,0.259601,-0.038443,0.141092,0.283387,-0.026897,-0.067754,0.279531,0.199447,0.204707,0.015985,0.321991,-0.089128,0.016034,0.046870,0.195802,0.041442,-0.106636,-0.112824,0.016027
0.171341,0.049728,0.265899,0.354951,0.164859,0.257340,0.366614,-0.043999,0.254730,-0.023932,0.143455,0.277069,-0.012269,-0.065403,0.274458,0.208902,0.205245,0.015962,0.322774,-0.088986,0.015888,0.067145,0.197186,0.027402,-0.105169,-0.112882,0.015777
0.185028,0.052778,0.260768,0.368655,0.167982,0.253676,0.380496,-0.040881,0.252918,-0.010439,0.146437,0.268619,0.001401,-0.062426,0.267861,0.235363,0.206812,0.015854,0.323644,-0.088768,0.015916,0.072622,0.197586,0.015844,-0.098598,-0.112704,0.015791
0.198334,0.054376,0.259094,0.381963,0.169614,0.252636,0.393867,-0.039247,0.252570,0.002800,0.147999,0.265619,0.014705,-0.060862,0.265553,0.262532,0.208403,0.023062,0.324618,-0.088643,0.015819,0.073851,0.197651,0.015912,-0.084922,-0.111986,0.017806
0.211899,0.054729,0.260738,0.395520,0.170021,0.255059,0.407474,-0.038837,0.254663,0.016324,0.148295,0.266812,0.028278,-0.060563,0.266416,0.295621,0.210245,0.034784,0.325723,-0.088588,0.015915,0.074749,0.197639,0.015919,-0.067707,-0.111133,0.029882
0.225952,0.054493,0.264467,0.409607,0.169789,0.260154,0.421547,-0.039066,0.258945,0.030357,0.148052,0.269989,0.042297,-0.060804,0.268780,0.326683,0.211818,0.045155,0.327070,-0.088585,0.015835,0.075571,0.197632,0.015893,-0.043343,-0.109889,0.038078
0.240120,0.054074,0.268617,0.423792,0.169390,0.265768,0.435742,-0.039458,0.263620,0.044498,0.147605,0.273613,0.056448,-0.061242,0.271465,0.358707,0.213399,0.051247,0.328461,-0.088575,0.015912,0.076317,0.197605,0.015810,-0.012225,-0.108314,0.039758
0.254211,0.053722,0.272085,0.437893,0.169048,0.270548,0.449855,-0.039788,0.267532,0.058568,0.147232,0.276637,0.070530,-0.061604,0.273621,0.394033,0.215175,0.055189,0.329865,-0.088558,0.016016,0.076953,0.197583,0.015705,0.023578,-0.106431,0.038783
0.268166,0.053567,0.274080,0.451847,0.168901,0.273593,0.463826,-0.039923,0.269867,0.072505,0.147057,0.278294,0.084484,-0.061767,0.274567,0.431851,0.217145,0.057357,0.331230,-0.088530,0.015987,0.077640,0.197571,0.015602,0.063508,-0.104263,0.037007
0.281975,0.053674,0.274002,0.465668,0.168991,0.273992,0.477631,-0.039823,0.269739,0.086319,0.147171,0.278265,0.098282,-0.061644,0.274012,0.469347,0.219169,0.056365,0.332476,-0.088501,0.015850,0.078417,0.197599,0.015768,0.107041,-0.101800,0.034667
0.295715,0.054179,0.271367,0.479410,0.169494,0.271053,0.491359,-0.039316,0.266545,0.100071,0.147674,0.276189,0.112021,-0.061135,0.271681,0.503056,0.221130,0.051152,0.333636,-0.088462,0.015777,0.079322,0.197642,0.015918,0.152021,-0.099226,0.032947
0.309517,0.055130,0.265841,0.493275,0.170328,0.264005,0.505059,-0.038493,0.259577,0.113975,0.148753,0.272104,0.125758,-0.060068,0.267676,0.528381,0.222613,0.039027,0.334787,-0.088466,0.015887,0.080389,0.197821,0.016003,0.193387,-0.096779,0.031630
0.323761,0.056644,0.258002,0.507535,0.171745,0.253528,0.519162,-0.037092,0.249447,0.128360,0.150379,0.266557,0.139987,-0.058457,0.262476,0.535669,0.223496,0.015300,0.339185,-0.088078,0.015913,0.081383,0.198188,0.016076,0.224342,-0.094690,0.027056
0.338242,0.057492,0.250466,0.522002,0.172584,0.245247,0.533598,-0.036252,0.241041,0.142885,0.151237,0.259892,0.154481,-0.057599,0.255686,0.535788,0.223495,0.015997,0.355466,-0.087137,0.015817,0.082696,0.198337,0.015935,0.237216,-0.093705,0.015904
0.352379,0.058071,0.246493,0.536114,0.173199,0.241192,0.547742,-0.035630,0.236769,0.157016,0.151773,0.256217,0.168644,-0.057057,0.251794,0.536378,0.223516,0.015916,0.382463,-0.085680,0.015606,0.083565,0.198304,0.015856,0.238564,-0.093698,0.015892
0.366531,0.059619,0.246595,0.550289,0.174721,0.241508,0.561916,-0.034121,0.237717,0.171147,0.153360,0.255473,0.182774,-0.055482,0.251681,0.537307,0.223622,0.015895,0.402482,-0.084572,0.019957,0.091945,0.198828,0.015857,0.239602,-0.093564,0.015800
0.380737,0.062149,0.249805,0.564520,0.177224,0.245045,0.576174,-0.031639,0.242761,0.185301,0.155936,0.256850,0.196954,-0.052926,0.254566,0.538480,0.223801,0.015816,0.420851,-0.083462,0.026390,0.111860,0.199978,0.017639,0.240467,-0.093410,0.015701
0.395218,0.065491,0.255063,0.579035,0.180523,0.250554,0.590699,-0.028352,0.250395,0.199737,0.159334,0.259732,0.211401,-0.049540,0.259572,0.539769,0.224030,0.015873,0.436372,-0.082326,0.035125,0.139341,0.201665,0.021424,0.241124,-0.093215,0.015631
0.409973,0.069319,0.261232,0.593823,0.184302,0.256835,0.605481,-0.024561,0.259086,0.214466,0.163198,0.263378,0.226124,-0.045665,0.265628,0.541175,0.224290,0.015863,0.453054,-0.080905,0.044430,0.169909,0.203691,0.027303,0.241655,-0.093014,0.015672
0.424728,0.073318,0.267373,0.608615,0.188238,0.262855,0.620236,-0.020587,0.267544,0.229221,0.167222,0.267201,0.240842,-0.041603,0.271891,0.542531,0.224547,0.015930,0.473381,-0.079132,0.051971,0.200311,0.205944,0.035599,0.242025,-0.092821,0.015711
0.439354,0.077149,0.272800,0.623280,0.191998,0.268092,0.634843,-0.016767,0.275011,0.243865,0.171066,0.270589,0.255428,-0.037700,0.277508,0.543871,0.224790,0.015999,0.498869,-0.077089,0.056388,0.229732,0.208344,0.044787,0.242334,-0.092644,0.015779
0.453682,0.080568,0.276916,0.637655,0.195336,0.272085,0.649136,-0.013363,0.280882,0.258228,0.174499,0.272951,0.269709,-0.034201,0.281748,0.545183,0.225011,0.015934,0.529417,-0.074924,0.057505,0.257810,0.210746,0.052585,0.242709,-0.092456,0.015787
0.467697,0.083434,0.279293,0.651715,0.198126,0.274378,0.663112,-0.010510,0.284671,0.272283,0.177377,0.273915,0.283679,-0.031258,0.284209,0.546502,0.225192,0.015758,0.564315,-0.072768,0.055863,0.284925,0.212936,0.056955,0.243319,-0.092282,0.015730
0.481354,0.085707,0.279729,0.665411,0.200330,0.274669,0.676732,-0.008250,0.286103,0.285976,0.179664,0.273354,0.297296,-0.028916,0.284788,0.547667,0.225341,0.015927,0.602733,-0.070702,0.051690,0.312692,0.214801,0.056316,0.243842,-0.092148,0.015798
0.494820,0.087307,0.278754,0.678898,0.201891,0.273578,0.690177,-0.006651,0.285728,0.299462,0.181265,0.271781,0.310741,-0.027277,0.283930,0.548760,0.225442,0.016026,0.645295,-0.068592,0.046782,0.344421,0.216396,0.050459,0.244328,-0.092081,0.015837
0.508255,0.088260,0.276432,0.692342,0.202814,0.270905,0.703608,-0.005713,0.283328,0.312902,0.182232,0.269536,0.324168,-0.026294,0.281959,0.549775,0.225524,0.016024,0.687912,-0.066566,0.041465,0.379298,0.217921,0.043011,0.244836,-0.092029,0.015863
0.521912,0.088605,0.272473,0.705985,0.203126,0.265899,0.717284,-0.005407,0.278190,0.326540,0.182618,0.266755,0.337838,-0.025915,0.279046,0.550748,0.225578,0.015951,0.720580,-0.065350,0.031739,0.411825,0.219217,0.035726,0.245404,-0.092031,0.015861
0.536026,0.088318,0.266586,0.720051,0.202780,0.257944,0.731415,-0.005782,0.269673,0.340637,0.182419,0.263498,0.352001,-0.026143,0.275227,0.551652,0.225577,0.015826,0.735357,-0.065468,0.015181,0.436092,0.219916,0.027118,0.246193,-0.092076,0.015981
0.549797,0.088543,0.260360,0.733630,0.203277,0.251257,0.745334,-0.005262,0.263058,0.354261,0.182348,0.257661,0.365964,-0.026190,0.269462,0.555536,0.225553,0.015823,0.735633,-0.065393,0.015801,0.448962,0.219574,0.015860,0.250974,-0.092592,0.015820
0.562553,0.088822,0.256940,0.746560,0.203352,0.248840,0.757964,-0.005224,0.260263,0.367143,0.182869,0.253616,0.378547,-0.025707,0.265039,0.585704,0.227376,0.015728,0.736297,-0.065387,0.015730,0.450400,0.219987,0.015880,0.258229,-0.091513,0.015960
0.575294,0.087897,0.256623,0.759331,0.202483,0.250161,0.770693,-0.006160,0.260339,0.379896,0.181953,0.252907,0.391258,-0.026690,0.263084,0.617554,0.229122,0.020322,0.737091,-0.065490,0.015796,0.451432,0.219863,0.015967,0.270603,-0.090883,0.016026
0.588287,0.086141,0.258042,0.772374,0.200747,0.253743,0.783648,-0.007990,0.261876,0.392927,0.180271,0.254207,0.404200,-0.028466,0.262340,0.650383,0.230816,0.025502,0.738022,-0.065591,0.015841,0.452340,0.219749,0.015985,0.287290,-0.089927,0.016058
0.601608,0.083860,0.260571,0.785746,0.198448,0.258530,0.796922,-0.010377,0.264181,0.406294,0.178097,0.256961,0.417471,-0.030728,0.262612,0.677861,0.232049,0.031048,0.739022,-0.065726,0.015934,0.453132,0.219610,0.015847,0.307854,-0.088802,0.015916
0.615143,0.081300,0.263842,0.799309,0.195859,0.263775,0.810426,-0.013024,0.266759,0.419859,0.175623,0.260925,0.430976,-0.033260,0.263908,0.702756,0.233015,0.037970,0.740095,-0.065868,0.015956,0.453831,0.219448,0.015708,0.332479,-0.087561,0.015996
0.628891,0.078651,0.267485,0.813066,0.193186,0.269135,0.824164,-0.015720,0.269430,0.433618,0.173022,0.265541,0.444716,-0.035883,0.265835,0.727315,0.233828,0.044839,0.741264,-0.065995,0.015884,0.454391,0.219288,0.015595,0.358349,-0.086334,0.018137
0.642685,0.076063,0.271124,0.826843,0.190591,0.274330,0.837968,-0.018301,0.272066,0.447401,0.170427,0.270182,0.458526,-0.038464,0.267918,0.755644,0.234725,0.052019,0.742516,-0.066125,0.015833,0.454877,0.219101,0.015681,0.386990,-0.085117,0.021177
0.656403,0.073722,0.274411,0.840539,0.188230,0.279188,0.851698,-0.020622,0.274598,0.461107,0.168066,0.274224,0.472266,-0.040786,0.269634,0.788423,0.235822,0.058492,0.743712,-0.066233,0.015986,0.455274,0.218960,0.015805,0.418228,-0.083802,0.024090
0.670021,0.071775,0.276669,0.854122,0.186263,0.283034,0.865334,-0.022532,0.276442,0.474708,0.166083,0.276897,0.485920,-0.042712,0.270305,0.824797,0.237157,0.063527,0.745017,-0.066310,0.016054,0.455762,0.218844,0.015902,0.452470,-0.082312,0.025315
0.683388,0.070284,0.277105,0.867452,0.184747,0.284830,0.878719,-0.023986,0.276564,0.488057,0.164553,0.277646,0.499324,-0.044179,0.269380,0.861658,0.238652,0.065986,0.746191,-0.066372,0.015988,0.456290,0.218752,0.015981,0.489406,-0.080578,0.024710
0.696655,0.069322,0.275327,0.880699,0.183753,0.283979,0.891997,-0.024921,0.274373,0.501313,0.163565,0.276282,0.512612,-0.045109,0.266676,0.895482,0.240208,0.064795,0.747284,-0.066420,0.015846,0.456973,0.218709,0.016047,0.527486,-0.078652,0.023036
0.709816,0.069006,0.270954,0.893799,0.183505,0.279983,0.905213,-0.025116,0.269423,0.514419,0.163129,0.272485,0.525833,-0.045493,0.261926,0.923535,0.241910,0.058679,0.748219,-0.066446,0.015841,0.458605,0.218629,0.016073,0.564083,-0.076761,0.020584
0.722961,0.069364,0.263837,0.906936,0.183917,0.272325,0.918387,-0.024675,0.261248,0.527536,0.163402,0.266425,0.538987,-0.045190,0.255348,0.942903,0.243544,0.045045,0.749083,-0.066525,0.015942,0.461025,0.218629,0.016070,0.595035,-0.074984,0.015994
0.736404,0.070529,0.254794,0.920635,0.184844,0.260488,0.931647,-0.023779,0.249534,0.541162,0.164837,0.260054,0.552174,-0.043786,0.249101,0.945788,0.244509,0.017415,0.750975,-0.066628,0.015965,0.462320,0.219068,0.015923,0.599738,-0.074591,0.015586
0.749443,0.071856,0.248103,0.933707,0.186197,0.251838,0.944636,-0.022442,0.241110,0.554250,0.166153,0.255096,0.565179,-0.042486,0.244368,0.945928,0.244537,0.015959,0.760454,-0.066084,0.015945,0.467465,0.219485,0.015768,0.600934,-0.074430,0.015754
0.762451,0.073512,0.247335,0.946701,0.187878,0.251003,0.957663,-0.020799,0.241082,0.567240,0.167822,0.253588,0.578201,-0.040855,0.243667,0.946627,0.244619,0.015839,0.786366,-0.064782,0.018578,0.478055,0.219848,0.019146,0.601911,-0.074340,0.015822
0.776085,0.076261,0.251374,0.960300,0.190701,0.254453,0.971332,-0.018052,0.246382,0.580838,0.170573,0.256365,0.591870,-0.038179,0.248295,0.947670,0.244806,0.015822,0.810466,-0.063543,0.025030,0.498492,0.220610,0.027675,0.602510,-0.074179,0.015859
0.790230,0.079703,0.257693,0.974409,0.194230,0.259387,0.985505,-0.014598,0.253686,0.594954,0.174004,0.261699,0.606051,-0.034824,0.255998,0.948870,0.245051,0.015904,0.828432,-0.062499,0.034781,0.529659,0.222274,0.034268,0.602843,-0.073973,0.015964
0.804695,0.083391,0.264462,0.988847,0.197974,0.264686,0.999991,-0.010903,0.261437,0.609399,0.177686,0.267487,0.620543,-0.031192,0.264238,0.950135,0.245299,0.015900,0.846071,-0.061260,0.044440,0.564088,0.224318,0.040591,0.603000,-0.073787,0.016003
0.819160,0.086919,0.270457,1.003300,0.201519,0.269671,1.014469,-0.007380,0.268624,0.623852,0.181218,0.272291,0.635021,-0.027681,0.271244,0.951386,0.245530,0.015901,0.868273,-0.059621,0.050887,0.595739,0.226350,0.048856,0.603119,-0.073624,0.015988
0.833366,0.090043,0.274907,1.017525,0.204607,0.273496,1.028664,-0.004295,0.274249,0.638069,0.184381,0.275565,0.649208,-0.024521,0.276317,0.952574,0.245730,0.015933,0.896620,-0.057648,0.053051,0.623391,0.228327,0.057422,0.603653,-0.073403,0.015905
0.847191,0.092590,0.277442,1.031397,0.207073,0.275752,1.042452,-0.001824,0.277833,0.651930,0.187005,0.277052,0.662984,-0.021892,0.279133,0.953718,0.245890,0.015937,0.930393,-0.055524,0.051633,0.648407,0.230206,0.063399,0.604524,-0.073125,0.015847
0.860664,0.094535,0.278096,1.044897,0.208974,0.276291,1.055905,0.000085,0.279282,0.665424,0.188986,0.276911,0.676432,-0.019903,0.279902,0.954768,0.246013,0.015855,0.968183,-0.053371,0.047742,0.673345,0.231877,0.064303,0.604997,-0.072964,0.015970
0.874039,0.095891,0.277469,1.058275,0.210322,0.275552,1.069276,0.001440,0.279044,0.678801,0.190342,0.275894,0.689802,-0.018540,0.279386,0.955808,0.246102,0.015834,1.009370,-0.051184,0.042795,0.701793,0.233450,0.059242,0.605339,-0.072911,0.015955
0.887405,0.096628,0.275641,1.071642,0.211056,0.273633,1.082643,0.002176,0.277177,0.692168,0.191080,0.274105,0.703169,-0.017801,0.277649,0.956833,0.246157,0.015911,1.051491,-0.049051,0.037457,0.735834,0.235110,0.050772,0.605776,-0.072890,0.015927
0.900887,0.096823,0.272214,1.085118,0.211250,0.269658,1.096126,0.002365,0.272852,0.705647,0.191282,0.271576,0.716656,-0.017604,0.274769,0.957769,0.246179,0.015960,1.085301,-0.047466,0.028069,0.771493,0.236761,0.042048,0.606320,-0.072894,0.015907
0.914871,0.096563,0.266929,1.099096,0.210958,0.262907,1.110085,0.002062,0.265380,0.719658,0.191064,0.268477,0.730647,-0.017833,0.270950,0.958609,0.246160,0.015944,1.097015,-0.047096,0.015906,0.801069,0.238073,0.032925,0.606919,-0.072877,0.015908
0.928688,0.097102,0.261255,1.112813,0.211648,0.256964,1.123977,0.002761,0.259420,0.733400,0.191443,0.263089,0.744564,-0.017445,0.265545,0.970313,0.246717,0.015920,1.097517,-0.047035,0.015837,0.817192,0.238553,0.017658,0.609526,-0.073116,0.015844
0.941299,0.097870,0.257356,1.125488,0.212324,0.253336,1.136545,0.003432,0.255921,0.746054,0.192308,0.258791,0.757111,-0.016584,0.261376,0.996396,0.248080,0.016777,1.098197,-0.047086,0.015848,0.818322,0.238644,0.015894,0.620152,-0.072392,0.015622
0.953850,0.097773,0.256572,1.138015,0.212283,0.253164,1.149120,0.003387,0.255149,0.758579,0.192158,0.257995,0.769684,-0.016738,0.259980,1.030913,0.249926,0.023789,1.099023,-0.047065,0.015901,0.819308,0.238602,0.015941,0.640797,-0.071424,0.016020
0.967117,0.096943,0.258707,1.151322,0.211429,0.256962,1.162373,0.002522,0.257681,0.771862,0.191365,0.259732,0.782913,-0.017542,0.260451,1.055955,0.251132,0.034419,1.100093,-0.047119,0.015844,0.820182,0.238595,0.015889,0.664807,-0.070127,0.021353
0.980827,0.095531,0.262900,1.165049,0.210002,0.263111,1.176077,0.001095,0.262109,0.785578,0.189966,0.263690,0.796606,-0.018941,0.262688,1.080240,0.252079,0.046224,1.101321,-0.047185,0.015909,0.820870,0.238532,0.015741,0.696282,-0.068607,0.024342
0.994789,0.093750,0.268010,1.178982,0.208243,0.270307,1.190060,-0.000643,0.267361,0.799518,0.188142,0.268659,0.810596,-0.020744,0.265713,1.106356,0.252950,0.054729,1.102629,-0.047250,0.015835,0.821393,0.238389,0.015635,0.731446,-0.067077,0.025917
1.008812,0.091867,0.272747,1.192985,0.206339,0.276932,1.204091,-0.002508,0.272016,0.813533,0.186242,0.273478,0.824639,-0.022605,0.268562,1.136633,0.253977,0.059949,1.104018,-0.047328,0.015919,0.821912,0.238284,0.015637,0.767329,-0.065486,0.026688
1.022659,0.090179,0.276267,1.206799,0.204635,0.282077,1.217955,-0.004160,0.275374,0.827364,0.184519,0.277160,0.838520,-0.024276,0.270457,1.171223,0.255278,0.063843,1.105350,-0.047390,0.016053,0.822385,0.238183,0.015767,0.802770,-0.063922,0.027434
1.036339,0.088881,0.277972,1.220441,0.203318,0.285149,1.231653,-0.005420,0.276938,0.841025,0.183181,0.279006,0.852236,-0.025557,0.270795,1.207883,0.256790,0.066615,1.106619,-0.047424,0.016052,0.822923,0.238110,0.015874,0.838914,-0.062257,0.027585
1.049835,0.088045,0.277394,1.233909,0.202463,0.285541,1.245164,-0.006222,0.276129,0.854506,0.182311,0.278659,0.865761,-0.026373,0.269247,1.242881,0.258397,0.066288,1.107828,-0.047457,0.015953,0.823616,0.238055,0.015973,0.876599,-0.060406,0.026554
1.063164,0.087798,0.274247,1.247233,0.202187,0.282895,1.258495,-0.006458,0.272636,0.867832,0.182053,0.275858,0.879094,-0.026591,0.265600,1.273659,0.260040,0.062115,1.108861,-0.047477,0.015794,0.824392,0.238054,0.016055,0.914364,-0.058432,0.025067
1.076431,0.088151,0.268301,1.260529,0.202523,0.276551,1.271757,-0.006098,0.265781,0.881106,0.182399,0.270822,0.892333,-0.026222,0.260052,1.297176,0.261675,0.051799,1.109709,-0.047494,0.015889,0.825814,0.238150,0.016107,0.948441,-0.056498,0.022176
1.089912,0.089109,0.259809,1.274091,0.203456,0.266461,1.285196,-0.005164,0.255544,0.894629,0.183383,0.264074,0.905734,-0.025237,0.253158,1.307779,0.263192,0.030130,1.111239,-0.047463,0.015955,0.827206,0.238349,0.016028,0.972113,-0.054883,0.016231
1.103676,0.090709,0.251458,1.287834,0.205234,0.254796,1.298950,-0.003404,0.244256,0.908402,0.184823,0.258661,0.919518,-0.023815,0.248120,1.304389,0.263763,0.015795,1.118504,-0.047057,0.015968,0.828453,0.238401,0.015885,0.973384,-0.054774,0.015663
1.116890,0.092230,0.247607,1.300994,0.206871,0.249675,1.312181,-0.001792,0.239698,0.921599,0.186252,0.255515,0.932786,-0.022410,0.245538,1.304743,0.263818,0.015856,1.143858,-0.045668,0.015587,0.833241,0.238536,0.015955,0.974561,-0.054749,0.015695
1.130508,0.094768,0.248837,1.314605,0.209424,0.250721,1.325825,0.000695,0.242296,0.935192,0.188841,0.255377,0.946412,-0.019888,0.246952,1.305605,0.263971,0.015897,1.164748,-0.044617,0.021833,0.846315,0.239112,0.020107,0.975401,-0.054552,0.015808
1.144638,0.098223,0.253346,1.328701,0.212941,0.254697,1.340000,0.004135,0.248643,0.949276,0.192312,0.258050,0.960575,-0.016495,0.251996,1.306750,0.264214,0.015848,1.182530,-0.043595,0.030412,0.870236,0.240335,0.024743,0.976027,-0.054347,0.015838
1.159172,0.102277,0.259330,1.343211,0.217040,0.259797,1.354563,0.008174,0.256508,0.963781,0.196380,0.262153,0.975133,-0.012486,0.258863,1.307997,0.264489,0.015934,1.198751,-0.042413,0.040308,0.901104,0.242165,0.029153,0.976440,-0.054111,0.015905
1.173920,0.106566,0.265520,1.357947,0.221348,0.265017,1.369327,0.012458,0.264550,0.978513,0.200675,0.266489,0.989892,-0.008215,0.266023,1.309230,0.264768,0.015921,1.217315,-0.040859,0.049026,0.933454,0.244253,0.035412,0.976699,-0.053893,0.015954
1.188530,0.110710,0.271000,1.372562,0.225478,0.269683,1.383936,0.016598,0.271816,0.993124,0.204822,0.270184,1.004498,-0.004058,0.272317,1.310516,0.265028,0.015903,1.240837,-0.038934,0.054358,0.964525,0.246469,0.043392,0.976872,-0.053699,0.015944
1.202850,0.114421,0.275302,1.386905,0.229144,0.273430,1.398236,0.020296,0.277757,1.007465,0.208546,0.272848,1.018795,-0.000302,0.277175,1.311757,0.265259,0.015970,1.270114,-0.036777,0.055959,0.993977,0.248751,0.051295,0.977173,-0.053499,0.015961
1.216812,0.117543,0.278145,1.400908,0.232195,0.275939,1.412160,0.023385,0.281988,1.021465,0.211701,0.274301,1.032716,0.002892,0.280350,1.312950,0.265457,0.015908,1.304141,-0.034552,0.054781,1.022159,0.250971,0.056739,0.977785,-0.053265,0.015848
1.230415,0.120016,0.279238,1.414552,0.234598,0.276846,1.425723,0.025825,0.284165,1.035108,0.214207,0.274311,1.046279,0.005433,0.281629,1.314093,0.265614,0.015769,1.341699,-0.032372,0.051436,1.050240,0.252980,0.058084,0.978460,-0.053055,0.015856
1.243721,0.121835,0.278598,1.427879,0.236378,0.275973,1.439007,0.027634,0.284146,1.048435,0.216035,0.273050,1.059563,0.007291,0.281223,1.315124,0.265733,0.015880,1.382116,-0.030260,0.046310,1.080735,0.254722,0.053790,0.978868,-0.052947,0.015937
1.256882,0.122937,0.276517,1.441048,0.237462,0.273662,1.452161,0.028732,0.282208,1.061602,0.217143,0.270826,1.072716,0.008413,0.279372,1.316081,0.265809,0.015969,1.424093,-0.028194,0.040921,1.114835,0.256329,0.046108,0.979285,-0.052902,0.015898
1.270187,0.123392,0.272940,1.454355,0.237895,0.269423,1.465476,0.029163,0.277892,1.074899,0.217621,0.267988,1.086020,0.008889,0.276457,1.317006,0.265848,0.016004,1.459035,-0.026689,0.032480,1.148826,0.257785,0.038129,0.979779,-0.052894,0.015933
1.283928,0.123231,0.267643,1.468082,0.237700,0.262593,1.479232,0.028948,0.270520,1.088624,0.217515,0.264766,1.099774,0.008763,0.272693,1.317836,0.265858,0.015974,1.477543,-0.026303,0.017356,1.176144,0.258802,0.029463,0.980339,-0.052912,0.015979
1.297585,0.123476,0.261890,1.481631,0.238097,0.256408,1.492971,0.029349,0.264183,1.102198,0.217603,0.259598,1.113538,0.008855,0.267372,1.318801,0.265842,0.015891,1.478056,-0.026262,0.015749,1.193494,0.259113,0.018008,0.982400,-0.053183,0.015916
1.310005,0.123915,0.257905,1.494121,0.238417,0.252248,1.505332,0.029657,0.259879,1.114678,0.218174,0.255931,1.125890,0.009414,0.263561,1.342572,0.267183,0.015851,1.478596,-0.026247,0.015770,1.194558,0.259234,0.015843,0.990086,-0.052482,0.015790
1.322250,0.123383,0.256923,1.506370,0.237901,0.251758,1.517574,0.029109,0.258478,1.126927,0.217656,0.255369,1.138131,0.008864,0.262089,1.368062,0.268628,0.022177,1.479353,-0.026291,0.015830,1.195527,0.259168,0.015913,1.004205,-0.051784,0.015958
1.334831,0.122153,0.258107,1.518946,0.236741,0.254576,1.530167,0.027906,0.259746,1.139496,0.216400,0.256468,1.150716,0.007565,0.261638,1.396532,0.270122,0.029542,1.480262,-0.026343,0.015844,1.196376,0.259031,0.015958,1.022691,-0.050894,0.017247
1.347855,0.120336,0.260967,1.531976,0.234960,0.259701,1.543186,0.026084,0.262806,1.152523,0.214588,0.259128,1.163733,0.005712,0.262233,1.424490,0.271426,0.038632,1.481286,-0.026428,0.015920,1.197089,0.258884,0.015868,1.047234,-0.049704,0.017144
1.361229,0.118041,0.265068,1.545353,0.232663,0.266221,1.556548,0.023764,0.266916,1.165910,0.212317,0.263221,1.177105,0.003418,0.263915,1.452088,0.272457,0.048483,1.482463,-0.026556,0.015930,1.197699,0.258714,0.015708,1.076355,-0.048313,0.018333
1.374840,0.115431,0.269748,1.558954,0.230021,0.273244,1.570149,0.021129,0.271330,1.179530,0.209733,0.268166,1.190725,0.000842,0.266253,1.480770,0.273327,0.057125,1.483712,-0.026680,0.015831,1.198226,0.258566,0.015595,1.108452,-0.046837,0.020901
1.388496,0.112724,0.274139,1.572576,0.227288,0.279718,1.583817,0.018439,0.275200,1.193176,0.207010,0.273077,1.204417,-0.001839,0.268559,1.512231,0.274250,0.063200,1.484976,-0.026799,0.015928,1.198661,0.258400,0.015672,1.142299,-0.045401,0.023201
1.402016,0.110206,0.277454,1.586051,0.224737,0.284876,1.597357,0.015957,0.277950,1.206675,0.204455,0.276959,1.217981,-0.004324,0.270032,1.547096,0.275380,0.067517,1.486236,-0.026913,0.016055,1.199062,0.258249,0.015795,1.176973,-0.043942,0.024545
1.415398,0.108084,0.279013,1.599381,0.222581,0.288055,1.610764,0.013887,0.279006,1.220031,0.202282,0.279020,1.231414,-0.006412,0.269971,1.583433,0.276697,0.070670,1.487450,-0.026997,0.016058,1.199569,0.258135,0.015894,1.212198,-0.042391,0.024824
1.428658,0.106474,0.278387,1.612576,0.220961,0.288776,1.624063,0.012358,0.277933,1.233252,0.200590,0.278841,1.244739,-0.008013,0.267999,1.617969,0.278151,0.071124,1.488595,-0.027066,0.015988,1.200180,0.258011,0.015994,1.248151,-0.040709,0.023745
1.441780,0.105503,0.275460,1.625664,0.219950,0.286847,1.637204,0.011429,0.274585,1.246356,0.199576,0.276335,1.257896,-0.008945,0.264073,1.648287,0.279668,0.068012,1.489570,-0.027124,0.015823,1.200912,0.257963,0.016073,1.283569,-0.038870,0.021705
1.454865,0.105239,0.269989,1.638689,0.219743,0.281770,1.650345,0.011291,0.268479,1.259384,0.199188,0.271500,1.271040,-0.009264,0.258209,1.672620,0.281395,0.059979,1.490433,-0.027159,0.015898,1.202663,0.257913,0.016104,1.316093,-0.037055,0.018198
1.467995,0.105731,0.262032,1.651846,0.220257,0.273151,1.663489,0.011840,0.259312,1.272500,0.199623,0.264752,1.284143,-0.008794,0.250913,1.687754,0.283106,0.043890,1.491236,-0.027246,0.015970,1.205105,0.257989,0.016085,1.333570,-0.036042,0.015784
1.481499,0.107557,0.253162,1.665707,0.221821,0.260389,1.676760,0.013327,0.247240,1.286238,0.201786,0.259083,1.297291,-0.006707,0.245934,1.683589,0.283806,0.015675,1.495866,-0.027284,0.016020,1.208490,0.258610,0.015827,1.334683,-0.035813,0.015759
1.494736,0.109615,0.247608,1.678851,0.224167,0.252153,1.690051,0.015625,0.239932,1.299420,0.203605,0.255284,1.310621,-0.004937,0.243062,1.683657,0.283871,0.015786,1.513802,-0.026300,0.015810,1.215263,0.258710,0.015855,1.335932,-0.035854,0.015830
1.508171,0.111945,0.247765,1.692256,0.226564,0.251807,1.703516,0.017950,0.240937,1.312826,0.205939,0.254593,1.324086,-0.002675,0.243723,1.684418,0.284012,0.015869,1.537337,-0.025092,0.020139,1.225648,0.258941,0.021790,1.336790,-0.035696,0.015900
1.522285,0.115037,0.252291,1.706323,0.229756,0.255588,1.717676,0.021047,0.246837,1.326895,0.209027,0.257745,1.338248,0.000318,0.248993,1.685514,0.284232,0.015905,1.559031,-0.023941,0.027499,1.246463,0.259738,0.030493,1.337330,-0.035516,0.015946
1.536995,0.118669,0.259127,1.720991,0.233485,0.261103,1.732420,0.024691,0.254855,1.341570,0.212647,0.263398,1.352999,0.003853,0.257150,1.686796,0.284487,0.015959,1.577754,-0.022801,0.037207,1.277560,0.261440,0.037545,1.337586,-0.035313,0.016007
1.551949,0.122363,0.266421,1.735915,0.237240,0.267234,1.747400,0.028391,0.263409,1.356497,0.216335,0.269434,1.367982,0.007485,0.265608,1.688166,0.284744,0.015955,1.598484,-0.021342,0.045968,1.312537,0.263548,0.045335,1.337704,-0.035134,0.016016
1.566696,0.125761,0.272675,1.750659,0.240646,0.272692,1.762154,0.031770,0.270925,1.371238,0.219751,0.274425,1.382733,0.010875,0.272657,1.689476,0.284973,0.015836,1.624798,-0.019448,0.050998,1.346017,0.265743,0.054723,1.337940,-0.034939,0.016014
1.580887,0.128599,0.276686,1.765001,0.243242,0.276247,1.776224,0.034344,0.275935,1.385550,0.222855,0.277437,1.396773,0.013956,0.277125,1.690678,0.285153,0.015923,1.656911,-0.017247,0.051549,1.375633,0.268157,0.063499,1.341050,-0.034163,0.015891
1.594444,0.130838,0.277897,1.779096,0.244613,0.277340,1.789337,0.035665,0.277783,1.399552,0.226012,0.278012,1.409793,0.017063,0.278454,1.691817,0.285287,0.015848,1.692970,-0.015050,0.048019,1.402171,0.271201,0.068251,1.350045,-0.031926,0.015745
1.607956,0.132604,0.276943,1.792825,0.246021,0.275926,1.802665,0.037056,0.277077,1.413247,0.228152,0.276808,1.423086,0.019187,0.277959,1.692823,0.285380,0.015853,1.732206,-0.013057,0.042234,1.429167,0.273239,0.065487,1.352280,-0.031091,0.015980
1.621628,0.133701,0.275385,1.806499,0.247111,0.273978,1.816335,0.038148,0.275481,1.426921,0.229253,0.275288,1.436757,0.020290,0.276791,1.693825,0.285453,0.015911,1.775313,-0.010998,0.037201,1.461463,0.274812,0.057163,1.352719,-0.031044,0.015954
1.635506,0.134120,0.273061,1.820371,0.247535,0.271273,1.830214,0.038571,0.272609,1.440798,0.229670,0.273512,1.450641,0.020706,0.274849,1.694844,0.285491,0.015978,1.815350,-0.009177,0.030860,1.499078,0.276475,0.048082,1.353198,-0.031041,0.015928
