-0.020355,0.017746,0.353205,0.168623,0.124178,0.354133,0.170615,-0.084900,0.347266,-0.211326,0.120392,0.359144,-0.209333,-0.088686,0.352277,0.150907,0.176490,0.140860,0.172184,-0.123371,0.134419,-0.221191,0.172343,0.159160,-0.202793,-0.127534,0.152362
-0.029930,0.026474,0.347113,0.158703,0.133464,0.350548,0.161375,-0.075406,0.339119,-0.221235,0.128354,0.355107,-0.218563,-0.080516,0.343677,0.150781,0.191481,0.120360,0.139114,-0.109570,0.126358,-0.217774,0.185473,0.143986,-0.202959,-0.114979,0.145228
-0.037056,0.035454,0.338400,0.151942,0.141754,0.343011,0.153903,-0.067002,0.329522,-0.228015,0.137909,0.347277,-0.226054,-0.070846,0.333788,0.132339,0.202518,0.104666,0.106856,-0.098776,0.109543,-0.234243,0.198530,0.113080,-0.229312,-0.103476,0.133405
-0.042061,0.044556,0.326697,0.147530,0.149747,0.332299,0.148337,-0.059001,0.318575,-0.232459,0.148112,0.334819,-0.231651,-0.060636,0.321095,0.097424,0.211534,0.082369,0.071550,-0.090006,0.092853,-0.269883,0.210508,0.076357,-0.264664,-0.091523,0.096147
-0.047081,0.053726,0.310572,0.142849,0.158129,0.318799,0.142978,-0.050633,0.305276,-0.237140,0.158086,0.315867,-0.237011,-0.050677,0.302344,0.070568,0.220639,0.056217,0.045577,-0.081541,0.078379,-0.316800,0.220634,0.052615,-0.302553,-0.080071,0.052375
-0.053619,0.063011,0.289784,0.136512,0.166786,0.300832,0.136137,-0.042014,0.287900,-0.243375,0.168036,0.291669,-0.243751,-0.040763,0.278737,0.062869,0.229178,0.030832,0.035916,-0.073139,0.058110,-0.356918,0.229653,0.035344,-0.336373,-0.069912,0.016826
-0.058937,0.072884,0.269799,0.131464,0.176611,0.275199,0.130633,-0.032490,0.268808,-0.248507,0.178257,0.270790,-0.249338,-0.030844,0.264399,0.058854,0.230302,0.015734,0.026540,-0.070361,0.033710,-0.374262,0.232070,0.014248,-0.341310,-0.068351,0.015802
-0.057823,0.079231,0.258493,0.132582,0.183086,0.257376,0.131750,-0.026106,0.255778,-0.247396,0.184568,0.261207,-0.248228,-0.024624,0.259610,0.057830,0.230680,0.015854,0.004010,-0.069284,0.024613,-0.372889,0.232394,0.015663,-0.341329,-0.067843,0.015804
-0.052361,0.082573,0.252891,0.138039,0.186400,0.249905,0.137206,-0.022795,0.251056,-0.241927,0.187941,0.254726,-0.242760,-0.021254,0.255877,0.057822,0.230884,0.015929,-0.015701,-0.068860,0.028613,-0.372109,0.232596,0.015789,-0.340925,-0.067635,0.015827
-0.044197,0.084740,0.252336,0.146230,0.188547,0.250704,0.145373,-0.020630,0.253686,-0.233767,0.190109,0.250985,-0.234624,-0.019068,0.253967,0.058477,0.231015,0.015955,-0.013021,-0.068574,0.033519,-0.363272,0.232743,0.015878,-0.340602,-0.067484,0.015801
-0.033821,0.086800,0.256185,0.156595,0.190639,0.256890,0.155712,-0.018507,0.261559,-0.223354,0.192107,0.250811,-0.224237,-0.017039,0.255480,0.059596,0.231130,0.015904,0.013352,-0.068407,0.035854,-0.338210,0.232810,0.015946,-0.340643,-0.067360,0.015824
-0.022232,0.088951,0.261876,0.168153,0.192826,0.264034,0.167231,-0.016276,0.270382,-0.211695,0.194178,0.253369,-0.212617,-0.014924,0.259718,0.060919,0.231233,0.015775,0.051604,-0.068298,0.037796,-0.295139,0.232806,0.015855,-0.341002,-0.067231,0.015915
-0.011368,0.091118,0.265182,0.179203,0.194663,0.266683,0.177892,-0.014372,0.274872,-0.200627,0.196608,0.255493,-0.201939,-0.012428,0.263682,0.064049,0.231047,0.015892,0.089569,-0.068609,0.037324,-0.244094,0.233004,0.016485,-0.334042,-0.066800,0.015674
-0.001030,0.093094,0.265105,0.190142,0.195535,0.264666,0.187664,-0.013406,0.274771,-0.189724,0.199593,0.255438,-0.192202,-0.009348,0.265544,0.074742,0.230374,0.015791,0.118644,-0.069874,0.031186,-0.202395,0.233662,0.015832,-0.317377,-0.065442,0.015925
0.009834,0.094353,0.262497,0.201748,0.195372,0.260182,0.197806,-0.013503,0.271159,-0.178137,0.202208,0.253836,-0.182080,-0.006666,0.264813,0.075516,0.230441,0.015964,0.140441,-0.071000,0.022666,-0.184003,0.235319,0.015585,-0.302483,-0.062997,0.015884
0.021637,0.094315,0.258851,0.213709,0.194933,0.253818,0.209486,-0.013924,0.265039,-0.166212,0.202553,0.252664,-0.170435,-0.006304,0.263885,0.076254,0.230461,0.016002,0.147984,-0.071585,0.015974,-0.182268,0.235680,0.015859,-0.295279,-0.062624,0.015942
0.033775,0.093697,0.257299,0.225839,0.194220,0.250401,0.221620,-0.014649,0.261383,-0.154070,0.202042,0.253215,-0.158289,-0.006827,0.264197,0.077211,0.230420,0.016017,0.148610,-0.071598,0.016010,-0.181685,0.235644,0.015903,-0.282647,-0.062893,0.015898
0.046219,0.093353,0.257828,0.238262,0.193808,0.249501,0.234048,-0.015068,0.260354,-0.141610,0.201774,0.255303,-0.145824,-0.007102,0.266156,0.096576,0.230052,0.015936,0.149470,-0.071578,0.015991,-0.181243,0.235656,0.015910,-0.263885,-0.063043,0.019755
0.059471,0.093536,0.260170,0.251495,0.193958,0.251038,0.247295,-0.014904,0.262155,-0.128353,0.201977,0.258185,-0.132553,-0.006885,0.269303,0.128016,0.229739,0.021352,0.150640,-0.071595,0.015848,-0.180878,0.235662,0.015936,-0.240546,-0.063014,0.029271
0.073158,0.094208,0.263497,0.265177,0.194629,0.254256,0.260995,-0.014201,0.265974,-0.114679,0.202616,0.261020,-0.118861,-0.006214,0.272739,0.178580,0.229121,0.026628,0.152022,-0.071590,0.015749,-0.180531,0.235715,0.015969,-0.208328,-0.063130,0.037903
0.086678,0.095360,0.266063,0.278675,0.195817,0.256753,0.274553,-0.012956,0.269469,-0.101198,0.203675,0.262658,-0.105319,-0.005097,0.275373,0.234246,0.228401,0.029588,0.153428,-0.071546,0.015997,-0.180091,0.235755,0.016040,-0.166014,-0.063855,0.038743
0.099777,0.096802,0.266072,0.291671,0.197370,0.255869,0.287756,-0.011320,0.269925,-0.088201,0.204924,0.262219,-0.092116,-0.003767,0.276274,0.285576,0.227743,0.028664,0.154711,-0.071484,0.016051,-0.178919,0.235603,0.015990,-0.117273,-0.065098,0.035126
0.112556,0.098351,0.262425,0.304140,0.199266,0.250055,0.300802,-0.009328,0.265610,-0.075689,0.206030,0.259240,-0.079027,-0.002565,0.274794,0.323854,0.227278,0.018669,0.156519,-0.071212,0.016030,-0.173950,0.235040,0.015916,-0.067013,-0.066409,0.032462
0.124992,0.098900,0.257620,0.316706,0.199588,0.245425,0.313121,-0.008957,0.261575,-0.063137,0.206756,0.253664,-0.066722,-0.001789,0.269814,0.324404,0.227295,0.016165,0.166700,-0.071047,0.016034,-0.168371,0.235752,0.015978,-0.019105,-0.066783,0.029854
0.137421,0.097908,0.253964,0.329154,0.198816,0.244119,0.325606,-0.009765,0.259810,-0.050764,0.205581,0.248117,-0.054313,-0.003000,0.263808,0.325076,0.227309,0.016001,0.184015,-0.070978,0.020051,-0.167606,0.235687,0.015941,0.004356,-0.068222,0.016055
0.149582,0.097008,0.252163,0.341258,0.198067,0.242763,0.337834,-0.010548,0.258018,-0.038670,0.204563,0.246308,-0.042094,-0.004052,0.261563,0.325836,0.227312,0.015953,0.197793,-0.070956,0.023762,-0.163568,0.235319,0.015581,0.005378,-0.068363,0.016027
0.161293,0.096916,0.253442,0.352960,0.197959,0.243678,0.349546,-0.010656,0.258937,-0.026960,0.204488,0.247947,-0.030374,-0.004127,0.263206,0.326685,0.227309,0.015940,0.205401,-0.070478,0.031941,-0.141230,0.234941,0.015604,0.006092,-0.068385,0.015963
0.173332,0.097664,0.257432,0.365030,0.198671,0.247907,0.361564,-0.009905,0.263681,-0.014899,0.205233,0.251183,-0.018365,-0.003343,0.266957,0.327805,0.227319,0.015758,0.210376,-0.069674,0.042924,-0.109474,0.234598,0.015925,0.006634,-0.068334,0.015872
0.185783,0.099167,0.262742,0.377526,0.200138,0.253750,0.373983,-0.008355,0.270561,-0.002416,0.206689,0.254923,-0.005959,-0.001805,0.271735,0.329005,0.227372,0.015703,0.218697,-0.068826,0.053457,-0.072591,0.234253,0.016410,0.006999,-0.068266,0.015805
0.198418,0.101158,0.268034,0.390232,0.202057,0.259802,0.386542,-0.006317,0.278007,0.010293,0.208633,0.258060,0.006603,0.000260,0.276265,0.330196,0.227447,0.015967,0.233198,-0.068158,0.061372,-0.034858,0.234229,0.019590,0.007290,-0.068146,0.015714
0.211029,0.103310,0.272465,0.402910,0.204135,0.264902,0.399063,-0.004093,0.284666,0.022995,0.210713,0.260263,0.019148,0.002484,0.280027,0.331374,0.227502,0.016076,0.254010,-0.067859,0.065704,-0.000781,0.234537,0.025558,0.007613,-0.068055,0.015679
0.223480,0.105392,0.275739,0.415411,0.206162,0.268714,0.411425,-0.001914,0.290001,0.035536,0.212699,0.261478,0.031550,0.004623,0.282765,0.332530,0.227599,0.016077,0.280219,-0.067926,0.066843,0.029082,0.235068,0.032264,0.007950,-0.067951,0.015623
0.235764,0.107124,0.278051,0.427721,0.207883,0.271644,0.423626,-0.000054,0.294230,0.047901,0.214302,0.261873,0.043806,0.006366,0.284459,0.333656,0.227692,0.015986,0.310842,-0.068361,0.065888,0.056451,0.235471,0.037337,0.008271,-0.067869,0.015554
0.247864,0.108475,0.279491,0.439844,0.209227,0.273677,0.435640,0.001413,0.297348,0.060087,0.215537,0.261634,0.055884,0.007723,0.285304,0.334772,0.227735,0.015825,0.344989,-0.069129,0.063622,0.083262,0.235560,0.039861,0.008622,-0.067804,0.015517
0.259796,0.109390,0.280073,0.451786,0.210158,0.274861,0.447495,0.002443,0.299372,0.072097,0.216338,0.260773,0.067807,0.008623,0.285284,0.335861,0.227784,0.016026,0.382549,-0.070157,0.060677,0.111254,0.235197,0.039537,0.008977,-0.067766,0.015551
0.271523,0.109764,0.279632,0.463518,0.210543,0.274897,0.459160,0.002890,0.299915,0.083885,0.216638,0.259349,0.079527,0.008985,0.284367,0.336888,0.227807,0.016076,0.422706,-0.071266,0.058107,0.141674,0.234391,0.036715,0.009397,-0.067711,0.015616
0.283119,0.109535,0.277708,0.475124,0.210299,0.273019,0.470735,0.002673,0.298254,0.095504,0.216397,0.257162,0.091115,0.008771,0.282398,0.337818,0.227769,0.016088,0.461309,-0.072435,0.055428,0.172459,0.233297,0.032811,0.009906,-0.067722,0.015698
0.294907,0.108704,0.274361,0.486917,0.209431,0.269172,0.482560,0.001789,0.294281,0.107254,0.215618,0.254440,0.102896,0.007976,0.279549,0.338686,0.227724,0.016046,0.491966,-0.073728,0.050088,0.199451,0.232067,0.027799,0.010475,-0.067765,0.015832
0.307091,0.107208,0.269682,0.499095,0.207883,0.263350,0.494848,0.000171,0.287890,0.119334,0.214245,0.251475,0.115087,0.006533,0.276014,0.339478,0.227697,0.015973,0.509202,-0.075319,0.038865,0.219869,0.230685,0.020563,0.011076,-0.067842,0.015940
0.319481,0.104706,0.263937,0.511299,0.205570,0.255361,0.507567,-0.002323,0.278414,0.131394,0.211734,0.249460,0.127663,0.003842,0.272513,0.340137,0.227815,0.015814,0.512942,-0.076640,0.021529,0.226634,0.229874,0.016011,0.012464,-0.068281,0.015912
0.331108,0.101791,0.259093,0.522841,0.202585,0.248119,0.519319,-0.005512,0.269283,0.142897,0.209095,0.248903,0.139375,0.000998,0.270067,0.345719,0.227650,0.015847,0.512905,-0.076876,0.015786,0.227469,0.229670,0.016032,0.020448,-0.068540,0.015805
0.342224,0.099396,0.257024,0.534049,0.200030,0.246204,0.530329,-0.008226,0.265699,0.154119,0.207018,0.248350,0.150399,-0.001239,0.267845,0.377608,0.226899,0.015653,0.513258,-0.076975,0.015746,0.228509,0.229591,0.015962,0.029653,-0.068305,0.016084
0.353653,0.096313,0.257367,0.545577,0.196958,0.248579,0.541662,-0.011496,0.265794,0.165644,0.204123,0.248939,0.161729,-0.004331,0.266154,0.405032,0.226221,0.018649,0.513935,-0.077245,0.015678,0.229262,0.229305,0.016020,0.038677,-0.068293,0.015992
0.365227,0.092789,0.258599,0.557274,0.193364,0.251999,0.553103,-0.015293,0.266471,0.177350,0.200870,0.250728,0.173179,-0.007787,0.265200,0.435231,0.225294,0.020198,0.514678,-0.077480,0.015792,0.230084,0.229098,0.015916,0.050776,-0.068197,0.015935
0.376945,0.089043,0.260335,0.569090,0.189544,0.255757,0.564712,-0.019291,0.267309,0.189179,0.197376,0.253361,0.184801,-0.011459,0.264913,0.461147,0.224475,0.023252,0.515448,-0.077694,0.015917,0.230780,0.228892,0.015785,0.067210,-0.068303,0.015805
0.388878,0.085144,0.262428,0.581099,0.185564,0.259618,0.576558,-0.023411,0.268188,0.201198,0.193699,0.256668,0.196656,-0.015276,0.265238,0.481957,0.223744,0.028638,0.516228,-0.077943,0.015971,0.231389,0.228657,0.015635,0.086861,-0.068621,0.015746
0.401131,0.081291,0.264965,0.593395,0.181661,0.263746,0.588761,-0.027412,0.269399,0.213500,0.189994,0.260531,0.208866,-0.019078,0.266184,0.500075,0.223032,0.035384,0.517106,-0.078153,0.015974,0.231906,0.228443,0.015667,0.108028,-0.069088,0.015900
0.413551,0.077591,0.267823,0.605839,0.177922,0.268116,0.601153,-0.031205,0.271029,0.225950,0.186387,0.264617,0.221263,-0.022741,0.267530,0.518954,0.222174,0.041202,0.518086,-0.078363,0.015917,0.232389,0.228241,0.015757,0.131825,-0.069701,0.016381
0.426064,0.074066,0.270660,0.618364,0.174358,0.272435,0.613646,-0.034788,0.272829,0.238481,0.182920,0.268492,0.233763,-0.026226,0.268886,0.543337,0.221088,0.047023,0.519138,-0.078602,0.015778,0.232788,0.228034,0.015858,0.157702,-0.070444,0.018650
0.438530,0.070900,0.273247,0.630826,0.171162,0.276523,0.626107,-0.037976,0.274688,0.250953,0.179776,0.271807,0.246234,-0.029362,0.269972,0.573492,0.219885,0.052410,0.520202,-0.078780,0.015931,0.233179,0.227885,0.015931,0.185768,-0.071284,0.021798
0.450920,0.068214,0.275069,0.643195,0.168453,0.279941,0.638499,-0.040662,0.276268,0.263342,0.177091,0.273870,0.258645,-0.032025,0.270198,0.608337,0.218628,0.056519,0.521313,-0.078928,0.016017,0.233578,0.227756,0.016003,0.217210,-0.072233,0.023630
0.463158,0.066071,0.275443,0.655410,0.166273,0.281744,0.650732,-0.042813,0.276663,0.275584,0.174954,0.274224,0.270905,-0.034132,0.269143,0.644573,0.217418,0.058368,0.522405,-0.079083,0.016024,0.234046,0.227632,0.016052,0.252041,-0.073217,0.023569
0.475296,0.064507,0.273839,0.667530,0.164681,0.281086,0.662871,-0.044377,0.274952,0.287721,0.173390,0.272725,0.283062,-0.035668,0.266591,0.678251,0.216508,0.056650,0.523400,-0.079149,0.015918,0.234669,0.227585,0.016050,0.289011,-0.074110,0.022191
0.487411,0.063560,0.269837,0.679638,0.163728,0.277355,0.674995,-0.045312,0.270600,0.299828,0.172433,0.269074,0.295185,-0.036607,0.262319,0.706580,0.215949,0.050353,0.524271,-0.079215,0.015815,0.235475,0.227524,0.016026,0.325443,-0.074938,0.020147
0.499588,0.063171,0.263188,0.691804,0.163417,0.269896,0.687221,-0.045616,0.262930,0.311955,0.171959,0.263446,0.307372,-0.037075,0.256481,0.726121,0.215929,0.036495,0.525136,-0.079313,0.015765,0.237215,0.227330,0.015964,0.356854,-0.075641,0.016275
0.512177,0.063629,0.255102,0.704548,0.163750,0.258288,0.699703,-0.045293,0.251791,0.324650,0.172551,0.258412,0.319805,-0.036492,0.251915,0.728528,0.216213,0.015855,0.526483,-0.079429,0.015834,0.238839,0.227565,0.015761,0.361014,-0.075587,0.015599
0.524246,0.064232,0.249309,0.716593,0.164446,0.250199,0.711778,-0.044615,0.244284,0.336714,0.173078,0.254333,0.331899,-0.035982,0.248418,0.728550,0.216281,0.015853,0.542177,-0.079722,0.015707,0.245173,0.227419,0.015688,0.362087,-0.075575,0.015723
0.536362,0.065216,0.247926,0.728700,0.165451,0.248381,0.723906,-0.043637,0.243514,0.348818,0.174069,0.252339,0.344024,-0.035019,0.247472,0.729107,0.216326,0.015974,0.560402,-0.080164,0.020185,0.258247,0.227126,0.015784,0.362985,-0.075535,0.015791
0.548973,0.066910,0.250380,0.741305,0.167156,0.250843,0.736536,-0.041965,0.247664,0.361410,0.175785,0.253096,0.356641,-0.033337,0.249916,0.730060,0.216453,0.015842,0.576822,-0.080437,0.027126,0.280641,0.226679,0.017277,0.363647,-0.075405,0.015839
0.562088,0.069260,0.255128,0.754413,0.169520,0.255303,0.749664,-0.039624,0.254360,0.374512,0.178143,0.255897,0.369763,-0.031001,0.254954,0.731166,0.216590,0.015832,0.590748,-0.080495,0.036267,0.310406,0.226122,0.020516,0.364079,-0.075256,0.015964
0.575584,0.072014,0.260736,0.767898,0.172295,0.260398,0.763173,-0.036846,0.261927,0.387996,0.180873,0.259545,0.383270,-0.028268,0.261074,0.732379,0.216774,0.015846,0.605880,-0.080337,0.045266,0.342353,0.225660,0.025908,0.364349,-0.075094,0.015950
0.589088,0.074776,0.266262,0.781403,0.175054,0.265434,0.776671,-0.034056,0.269347,0.401506,0.183607,0.263177,0.396774,-0.025503,0.267091,0.733570,0.216936,0.015866,0.625308,-0.080171,0.051864,0.372580,0.225440,0.033880,0.364527,-0.074942,0.015951
0.602364,0.077263,0.271069,0.794688,0.177517,0.269805,0.789927,-0.031543,0.275816,0.414800,0.186068,0.266322,0.410039,-0.022991,0.272334,0.734714,0.217064,0.015947,0.649906,-0.080177,0.055211,0.400119,0.225463,0.043021,0.364616,-0.074810,0.015932
0.615273,0.079277,0.274764,0.807622,0.179479,0.273259,0.802797,-0.029525,0.280936,0.427748,0.188079,0.268592,0.422923,-0.020925,0.276269,0.735812,0.217180,0.016003,0.679066,-0.080432,0.055754,0.425599,0.225625,0.050917,0.364837,-0.074639,0.015945
0.627853,0.080704,0.277112,0.820233,0.180847,0.275532,0.815331,-0.028105,0.284441,0.440375,0.189513,0.269783,0.435474,-0.019440,0.278692,0.736892,0.217239,0.015958,0.711809,-0.080997,0.054213,0.450236,0.225644,0.055379,0.365274,-0.074502,0.015865
0.640083,0.081497,0.277944,0.832474,0.181621,0.276491,0.827533,-0.027298,0.286154,0.452633,0.190292,0.269734,0.447692,-0.018626,0.279397,0.737907,0.217311,0.015800,0.747519,-0.081805,0.050727,0.475735,0.225334,0.055196,0.365683,-0.074386,0.015880
0.652008,0.081680,0.277201,0.844412,0.181780,0.275760,0.839437,-0.027119,0.285817,0.464579,0.190480,0.268585,0.459604,-0.018419,0.278641,0.738848,0.217296,0.015821,0.785925,-0.082902,0.046055,0.504189,0.224536,0.050133,0.366013,-0.074354,0.015900
0.663780,0.081192,0.274980,0.856186,0.181286,0.273478,0.851210,-0.027616,0.283479,0.476351,0.190000,0.266481,0.471374,-0.018902,0.276482,0.739698,0.217243,0.015883,0.824231,-0.084099,0.040952,0.535556,0.223398,0.042853,0.366439,-0.074390,0.015935
0.675797,0.080116,0.271354,0.868205,0.180198,0.269355,0.863248,-0.028727,0.278860,0.488346,0.188960,0.263847,0.483388,-0.019965,0.273353,0.740502,0.217210,0.015992,0.853334,-0.085234,0.031985,0.565970,0.222219,0.035058,0.366944,-0.074423,0.015947
0.688255,0.078392,0.266205,0.880663,0.178439,0.262880,0.875739,-0.030528,0.271438,0.500771,0.187312,0.260972,0.495848,-0.021655,0.269530,0.741220,0.217115,0.016001,0.866316,-0.086242,0.016611,0.589782,0.221108,0.026378,0.367496,-0.074513,0.016015
0.700684,0.077133,0.260832,0.893054,0.177247,0.257366,0.888211,-0.031744,0.265363,0.513156,0.186010,0.256300,0.508313,-0.022981,0.264298,0.742079,0.217004,0.015970,0.866704,-0.086294,0.015727,0.602968,0.220235,0.016179,0.368659,-0.074746,0.015882
0.711960,0.076363,0.257564,0.904359,0.176428,0.254295,0.899456,-0.032574,0.261961,0.524464,0.185299,0.253167,0.519561,-0.023703,0.260832,0.767174,0.216394,0.015854,0.867216,-0.086340,0.015781,0.604006,0.220225,0.015933,0.375588,-0.074806,0.015781
0.723114,0.074997,0.256606,0.915520,0.175070,0.254063,0.910600,-0.033962,0.260864,0.535628,0.183956,0.252347,0.530708,-0.025076,0.259148,0.799432,0.215661,0.019618,0.867884,-0.086415,0.015834,0.604890,0.220119,0.015917,0.391001,-0.075187,0.015962
0.734756,0.072914,0.257721,0.927159,0.173020,0.256677,0.922236,-0.036054,0.262009,0.547277,0.181882,0.253434,0.542354,-0.027192,0.258766,0.822881,0.215082,0.026469,0.868739,-0.086550,0.015831,0.605675,0.219928,0.015936,0.412744,-0.075807,0.016044
0.746811,0.070305,0.260472,0.939230,0.170382,0.261267,0.934253,-0.038731,0.264691,0.559369,0.179341,0.256254,0.554392,-0.029772,0.259678,0.842874,0.214454,0.035861,0.869698,-0.086736,0.015926,0.606330,0.219755,0.015784,0.440021,-0.076513,0.015772
0.759193,0.067200,0.264427,0.951605,0.167259,0.267104,0.946619,-0.041878,0.268248,0.571767,0.176278,0.260607,0.566782,-0.032860,0.261751,0.862588,0.213626,0.044385,0.870754,-0.086914,0.015935,0.606905,0.219564,0.015674,0.469336,-0.077343,0.016351
0.771698,0.063881,0.268777,0.964106,0.163885,0.273177,0.959105,-0.045251,0.271941,0.584291,0.173013,0.265612,0.579290,-0.036124,0.264376,0.886139,0.212523,0.051702,0.871903,-0.087115,0.015856,0.607388,0.219403,0.015612,0.500006,-0.078237,0.018429
0.784248,0.060577,0.272861,0.976656,0.160505,0.278784,0.971637,-0.048606,0.275257,0.596860,0.169760,0.270464,0.591841,-0.039350,0.266937,0.914257,0.211209,0.057144,0.873076,-0.087335,0.015881,0.607808,0.219264,0.015690,0.530767,-0.079214,0.021505
0.796692,0.057518,0.276118,0.989070,0.157409,0.283442,0.984093,-0.051657,0.277851,0.609291,0.166693,0.274385,0.604314,-0.042373,0.268794,0.946822,0.209840,0.061114,0.874247,-0.087518,0.015992,0.608188,0.219114,0.015811,0.561945,-0.080302,0.024191
0.808975,0.054916,0.277985,1.001319,0.154768,0.286625,0.996386,-0.054246,0.279315,0.621564,0.164079,0.276655,0.616631,-0.044935,0.269344,0.982087,0.208496,0.064059,0.875378,-0.087673,0.016056,0.608629,0.218995,0.015893,0.594609,-0.081385,0.025707
0.821083,0.052811,0.277908,1.013381,0.152656,0.287584,1.008523,-0.056306,0.278872,0.633643,0.161927,0.276944,0.628786,-0.047035,0.268231,1.016535,0.207391,0.064394,0.876419,-0.087777,0.016019,0.609180,0.218879,0.015977,0.629506,-0.082441,0.025700
0.833145,0.051277,0.275717,1.025421,0.151095,0.286077,1.020597,-0.057822,0.276329,0.645693,0.160376,0.275105,0.640869,-0.048541,0.265357,1.047711,0.206564,0.061630,0.877360,-0.087874,0.015887,0.609881,0.218802,0.016035,0.665619,-0.083407,0.024956
0.845215,0.050461,0.271117,1.037471,0.150314,0.281507,1.032704,-0.058576,0.271167,0.657726,0.159497,0.271066,0.652958,-0.049392,0.260726,1.073542,0.206231,0.054779,0.878180,-0.087926,0.015782,0.610995,0.218703,0.016070,0.700233,-0.084242,0.023397
0.857414,0.050209,0.264009,1.049725,0.150072,0.273244,1.044911,-0.058806,0.262686,0.669917,0.159224,0.265333,0.665104,-0.049654,0.254775,1.090099,0.206459,0.039855,0.878797,-0.088022,0.015865,0.612107,0.218677,0.016038,0.728432,-0.084726,0.019205
0.870049,0.050682,0.255283,1.062562,0.150423,0.260893,1.057417,-0.058466,0.250702,0.682680,0.159830,0.259863,0.677535,-0.049058,0.249672,1.089785,0.207240,0.015535,0.879895,-0.088158,0.015936,0.613142,0.218961,0.015932,0.736364,-0.084618,0.015856
0.882324,0.051376,0.248994,1.074754,0.151405,0.251493,1.069764,-0.057519,0.241977,0.694884,0.160271,0.256011,0.689895,-0.048652,0.246494,1.089674,0.207289,0.015936,0.893239,-0.088512,0.015827,0.616168,0.218605,0.015758,0.737525,-0.084783,0.015611
0.894356,0.052307,0.247147,1.086757,0.152404,0.248992,1.081822,-0.056563,0.240443,0.706890,0.161177,0.253852,0.701954,-0.047790,0.245302,1.090189,0.207359,0.015934,0.914011,-0.089019,0.018477,0.624800,0.218356,0.015790,0.738459,-0.084759,0.015682
0.906830,0.054031,0.249129,1.099213,0.154167,0.250767,1.094329,-0.054866,0.243994,0.719330,0.162929,0.254265,0.714447,-0.046104,0.247492,1.091063,0.207457,0.015808,0.933963,-0.089465,0.023611,0.641905,0.217879,0.018022,0.739214,-0.084662,0.015798
0.919800,0.056435,0.253431,1.112169,0.156603,0.254667,1.107325,-0.052494,0.250240,0.732275,0.165363,0.256621,0.727431,-0.043734,0.252195,1.092112,0.207598,0.015754,0.948835,-0.089672,0.031920,0.667234,0.217325,0.021277,0.739769,-0.084488,0.015823
0.933121,0.059280,0.258573,1.125472,0.159489,0.259149,1.120668,-0.049648,0.257351,0.745573,0.168209,0.259796,0.740769,-0.040928,0.257997,1.093234,0.207785,0.015869,0.962575,-0.089622,0.041170,0.696176,0.216825,0.025193,0.740165,-0.084296,0.015896
0.946579,0.062286,0.263718,1.138928,0.162501,0.263520,1.134129,-0.046643,0.264400,0.759028,0.171215,0.263035,0.754230,-0.037928,0.263915,1.094385,0.207943,0.015904,0.978901,-0.089449,0.048938,0.724079,0.216505,0.031229,0.740471,-0.084117,0.015942
0.959976,0.065170,0.268334,1.152335,0.165363,0.267451,1.147514,-0.043754,0.270801,0.772438,0.174095,0.265867,0.767618,-0.035023,0.269216,1.095519,0.208111,0.015887,0.999701,-0.089293,0.053669,0.750082,0.216441,0.038807,0.740705,-0.083928,0.015938
0.973175,0.067696,0.272278,1.165553,0.167845,0.270841,1.160687,-0.041226,0.276344,0.785663,0.176617,0.268212,0.780797,-0.032454,0.273715,1.096622,0.208219,0.015981,1.025622,-0.089374,0.055491,0.775136,0.216503,0.046442,0.740905,-0.083789,0.015932
0.986107,0.069771,0.275445,1.178494,0.169898,0.273675,1.173601,-0.039119,0.280943,0.798613,0.178660,0.269948,0.793720,-0.030356,0.277216,1.097715,0.208317,0.015962,1.055760,-0.089701,0.055177,0.800216,0.216548,0.052395,0.741041,-0.083699,0.015916
0.998779,0.071228,0.277525,1.191183,0.171322,0.275727,1.186242,-0.037646,0.284254,0.811316,0.180102,0.270797,0.806376,-0.028866,0.279324,1.098835,0.208400,0.015818,1.089254,-0.090279,0.053274,0.825863,0.216469,0.055398,0.741330,-0.083576,0.015940
1.011147,0.072098,0.278159,1.203560,0.172172,0.276304,1.198589,-0.036758,0.285691,0.823704,0.180954,0.270628,0.818733,-0.027977,0.280015,1.099860,0.208444,0.015812,1.125235,-0.091123,0.049755,0.852920,0.216053,0.054432,0.741697,-0.083519,0.015918
1.023216,0.072357,0.277188,1.215636,0.172416,0.275193,1.210650,-0.036493,0.285033,0.835783,0.181207,0.269343,0.830796,-0.027702,0.279183,1.100814,0.208456,0.015883,1.163588,-0.092187,0.045044,0.883153,0.215215,0.049074,0.742069,-0.083499,0.015900
1.035187,0.071945,0.274633,1.227613,0.171984,0.272305,1.222622,-0.036925,0.282144,0.847751,0.180815,0.267123,0.842760,-0.028094,0.276961,1.101651,0.208436,0.015999,1.200598,-0.093356,0.039148,0.915029,0.214121,0.042056,0.742514,-0.083508,0.015886
1.047455,0.070923,0.270617,1.239878,0.170939,0.267295,1.234917,-0.037989,0.276731,0.859993,0.179835,0.264503,0.855031,-0.029094,0.273939,1.102459,0.208363,0.016008,1.226543,-0.094522,0.028238,0.944239,0.212945,0.034283,0.743008,-0.083594,0.015967
1.060265,0.069252,0.265077,1.252687,0.169200,0.260069,1.247731,-0.039767,0.268625,0.872799,0.178271,0.261529,0.867842,-0.030696,0.270084,1.103227,0.208252,0.015979,1.233081,-0.095270,0.015837,0.965783,0.211888,0.025169,0.743562,-0.083652,0.015982
1.072708,0.068237,0.259583,1.265147,0.168132,0.254148,1.260148,-0.040849,0.262322,0.885268,0.177323,0.256843,0.880269,-0.031657,0.265018,1.113306,0.207945,0.015977,1.233418,-0.095353,0.015743,0.974207,0.211268,0.015871,0.746067,-0.083688,0.015950
1.084099,0.067345,0.256707,1.276569,0.167183,0.251366,1.271503,-0.041812,0.259109,0.896695,0.176501,0.254305,0.891628,-0.032494,0.262048,1.138213,0.207321,0.016237,1.233971,-0.095411,0.015800,0.975231,0.211260,0.015900,0.754990,-0.083794,0.015935
1.095428,0.065819,0.256449,1.287916,0.165667,0.251957,1.282820,-0.043363,0.258694,0.908037,0.175000,0.254205,0.902941,-0.034029,0.260942,1.169428,0.206586,0.020618,1.234732,-0.095506,0.015831,0.976114,0.211150,0.015997,0.772770,-0.084237,0.016002
1.107277,0.063583,0.258319,1.299791,0.163442,0.255555,1.294647,-0.045632,0.260684,0.919907,0.172798,0.255953,0.914763,-0.036276,0.261082,1.194603,0.205963,0.029539,1.235646,-0.095663,0.015882,0.976888,0.210985,0.015934,0.795209,-0.084797,0.017120
1.119484,0.060760,0.261885,1.312015,0.160623,0.261164,1.306834,-0.048491,0.264223,0.932134,0.170012,0.259547,0.926953,-0.039102,0.262606,1.216502,0.205220,0.039796,1.236657,-0.095853,0.015940,0.977527,0.210790,0.015794,0.821970,-0.085543,0.018355
1.131927,0.057571,0.266412,1.324464,0.157417,0.267707,1.319259,-0.051717,0.268421,0.944596,0.166860,0.264402,0.939391,-0.042274,0.265116,1.239063,0.204259,0.048577,1.237774,-0.096015,0.015916,0.978054,0.210643,0.015697,0.851246,-0.086379,0.020605
1.144478,0.054207,0.270984,1.337021,0.154000,0.274063,1.331788,-0.055128,0.272403,0.957168,0.163542,0.269564,0.951934,-0.045586,0.267904,1.264772,0.203015,0.054761,1.238980,-0.096234,0.015794,0.978494,0.210490,0.015595,0.881407,-0.087346,0.023352
1.156952,0.050949,0.274834,1.349470,0.150730,0.279471,1.344276,-0.058369,0.275571,0.969628,0.160267,0.274097,0.964433,-0.048832,0.270197,1.294647,0.201679,0.058817,1.240138,-0.096412,0.015946,0.978917,0.210327,0.015666,0.911676,-0.088438,0.025894
1.169289,0.048065,0.277465,1.361775,0.147831,0.283553,1.356630,-0.061225,0.277740,0.981947,0.157355,0.277190,0.976803,-0.051701,0.271377,1.328061,0.200307,0.061834,1.241291,-0.096591,0.016036,0.979317,0.210170,0.015779,0.942749,-0.089566,0.027596
1.181458,0.045654,0.278383,1.373910,0.145398,0.285758,1.368814,-0.063609,0.278368,0.994101,0.154918,0.278398,0.989005,-0.054089,0.271008,1.362610,0.199027,0.063409,1.242397,-0.096744,0.016045,0.979841,0.210039,0.015880,0.975796,-0.090664,0.027914
1.193520,0.043770,0.277292,1.385943,0.143493,0.285648,1.380891,-0.065468,0.277007,1.006148,0.153008,0.277577,1.001096,-0.055953,0.268935,1.395452,0.198003,0.062261,1.243398,-0.096850,0.015952,0.980478,0.209949,0.015970,1.011061,-0.091692,0.027035
1.205544,0.042488,0.274050,1.397954,0.142185,0.282983,1.392921,-0.066739,0.273496,1.018166,0.151715,0.274603,1.013133,-0.057209,0.265117,1.424784,0.197258,0.058158,1.244265,-0.096967,0.015818,0.981236,0.209855,0.016062,1.047150,-0.092674,0.025851
1.217674,0.041901,0.268431,1.410122,0.141553,0.277053,1.405035,-0.067349,0.267128,1.030314,0.151151,0.269733,1.025226,-0.057752,0.259808,1.448037,0.196978,0.049038,1.245044,-0.097026,0.015781,0.982232,0.209888,0.016072,1.080404,-0.093382,0.023461
1.229996,0.041847,0.260526,1.422507,0.141511,0.267428,1.417344,-0.067388,0.257458,1.042647,0.151082,0.263593,1.037484,-0.057816,0.253623,1.459405,0.197473,0.029451,1.245684,-0.097131,0.015894,0.983239,0.209881,0.016040,1.105089,-0.093747,0.017792
1.242592,0.041924,0.251864,1.435138,0.141666,0.256154,1.429926,-0.067228,0.246122,1.055257,0.151075,0.257605,1.050045,-0.057819,0.247574,1.456959,0.198177,0.015871,1.246641,-0.097119,0.015968,0.984264,0.209970,0.015899,1.109255,-0.093684,0.015819
1.254601,0.042007,0.247480,1.447119,0.141845,0.250695,1.441955,-0.067059,0.240828,1.067247,0.151073,0.254132,1.062082,-0.057830,0.244266,1.457211,0.198197,0.015947,1.266860,-0.097611,0.015680,0.987463,0.209816,0.015806,1.110326,-0.093737,0.015595
1.266853,0.043037,0.247828,1.459351,0.142919,0.250892,1.454235,-0.066037,0.242171,1.079472,0.152112,0.253485,1.074355,-0.056844,0.244765,1.457946,0.198263,0.015908,1.288438,-0.098219,0.020241,0.998938,0.209403,0.018284,1.111241,-0.093691,0.015712
1.279625,0.045006,0.251400,1.472100,0.144944,0.254036,1.467037,-0.064087,0.247333,1.092213,0.154098,0.255467,1.087150,-0.054933,0.248764,1.458957,0.198389,0.015792,1.306699,-0.098640,0.027452,1.019718,0.208816,0.022352,1.111922,-0.093548,0.015782
1.292816,0.047592,0.256453,1.485270,0.147588,0.258302,1.480252,-0.061510,0.254095,1.105380,0.156694,0.258811,1.100362,-0.052403,0.254604,1.460049,0.198542,0.015896,1.321320,-0.098793,0.036634,1.047427,0.208239,0.026095,1.112399,-0.093361,0.015828
1.306282,0.050499,0.261786,1.498723,0.150534,0.262704,1.493733,-0.058601,0.261159,1.118831,0.159599,0.262413,1.113841,-0.049536,0.260868,1.461200,0.198716,0.015879,1.336428,-0.098720,0.045520,1.076639,0.207780,0.030895,1.112780,-0.093165,0.015900
