-0.004196,-0.013302,0.340891,0.191159,0.080706,0.334557,0.179498,-0.128124,0.330221,-0.187890,0.101519,0.351561,-0.199551,-0.107311,0.347225,0.164924,0.131451,0.153955,0.167768,-0.169233,0.148832,-0.196278,0.151030,0.182394,-0.193578,-0.149341,0.162545
-0.005371,-0.019624,0.329520,0.192196,0.069349,0.319922,0.175119,-0.139113,0.315860,-0.185862,0.099866,0.343181,-0.202939,-0.108596,0.339119,0.151009,0.121698,0.147238,0.205393,-0.184279,0.165713,-0.211648,0.150982,0.169064,-0.165253,-0.153793,0.159418
-0.005424,-0.025707,0.314726,0.192923,0.060919,0.300759,0.173535,-0.147380,0.300219,-0.184384,0.095965,0.329234,-0.203772,-0.112334,0.328694,0.133143,0.112583,0.126053,0.211539,-0.196217,0.166479,-0.215222,0.144924,0.158691,-0.163175,-0.161274,0.141530
-0.005135,-0.031797,0.296957,0.193222,0.054087,0.279082,0.173345,-0.154143,0.282208,-0.183615,0.090548,0.311707,-0.203492,-0.117682,0.314833,0.128997,0.103147,0.097081,0.206699,-0.205046,0.145157,-0.213151,0.136479,0.141835,-0.176493,-0.168906,0.115978
-0.004868,-0.037951,0.275450,0.193244,0.047740,0.254239,0.173460,-0.160441,0.260063,-0.183195,0.084539,0.290837,-0.202979,-0.123642,0.296661,0.140233,0.093348,0.071832,0.190843,-0.212308,0.097688,-0.205919,0.127194,0.105768,-0.188392,-0.176502,0.089290
-0.004761,-0.044290,0.249808,0.193337,0.040840,0.226321,0.173091,-0.167274,0.232927,-0.182612,0.078694,0.266689,-0.202858,-0.129419,0.273295,0.150957,0.084904,0.045312,0.160987,-0.217926,0.039420,-0.194861,0.118859,0.055165,-0.187368,-0.183337,0.061477
-0.005135,-0.050050,0.220603,0.193065,0.034921,0.197412,0.172368,-0.173212,0.201496,-0.182637,0.073112,0.239709,-0.203335,-0.135022,0.243793,0.156530,0.080651,0.014654,0.147940,-0.220106,0.015973,-0.186133,0.114751,0.015913,-0.171453,-0.188099,0.028491
-0.004517,-0.054468,0.196996,0.193704,0.030907,0.175534,0.172964,-0.177262,0.175467,-0.181997,0.068326,0.218525,-0.202738,-0.139844,0.218459,0.155867,0.080403,0.015972,0.146881,-0.220288,0.015845,-0.184800,0.114345,0.015772,-0.165816,-0.189133,0.015703
-0.000114,-0.057666,0.184192,0.198056,0.028041,0.163601,0.177325,-0.180105,0.160417,-0.177554,0.064772,0.207967,-0.198285,-0.143374,0.204784,0.156024,0.080166,0.015928,0.146769,-0.220530,0.015839,-0.183885,0.114022,0.015791,-0.164862,-0.189492,0.015770
0.008156,-0.059565,0.178225,0.206411,0.026232,0.158866,0.185657,-0.181886,0.154310,-0.169346,0.062756,0.202140,-0.190100,-0.145362,0.197584,0.156799,0.079997,0.015856,0.147452,-0.220731,0.015834,-0.188085,0.114391,0.015768,-0.163920,-0.189681,0.015906
0.018837,-0.060110,0.176420,0.217233,0.025616,0.158221,0.196504,-0.182517,0.154231,-0.158830,0.062297,0.198608,-0.179559,-0.145835,0.194619,0.157902,0.079939,0.015737,0.160758,-0.222043,0.018748,-0.201444,0.115563,0.024403,-0.162967,-0.189746,0.015912
0.030266,-0.059729,0.177263,0.228785,0.025860,0.159782,0.208115,-0.182305,0.157611,-0.147583,0.062846,0.196914,-0.168254,-0.145319,0.194743,0.159051,0.079962,0.015850,0.187731,-0.224630,0.030412,-0.206596,0.115915,0.049946,-0.162033,-0.189747,0.015823
0.042007,-0.059242,0.180589,0.240587,0.026216,0.163148,0.219963,-0.181965,0.162921,-0.135948,0.063481,0.198257,-0.156572,-0.144699,0.198030,0.160204,0.080013,0.015880,0.211523,-0.226668,0.041546,-0.195908,0.115228,0.075197,-0.161311,-0.189704,0.015848
0.054199,-0.059482,0.185607,0.252797,0.025893,0.167971,0.232184,-0.182287,0.168832,-0.123786,0.063324,0.202382,-0.144399,-0.144857,0.203244,0.161406,0.079986,0.015836,0.227563,-0.227997,0.049156,-0.178253,0.113922,0.089340,-0.160657,-0.189695,0.015869
0.066895,-0.060969,0.191241,0.265508,0.024436,0.173923,0.244901,-0.183746,0.174493,-0.111112,0.061808,0.207990,-0.131719,-0.146374,0.208560,0.162564,0.079865,0.015926,0.236501,-0.228913,0.055348,-0.158738,0.111877,0.092019,-0.160084,-0.189766,0.015833
0.079765,-0.063425,0.196392,0.278369,0.022091,0.179518,0.257769,-0.186091,0.178815,-0.098238,0.059241,0.213968,-0.118838,-0.148941,0.213265,0.163741,0.079659,0.015895,0.240278,-0.229619,0.056569,-0.136678,0.109153,0.084905,-0.159551,-0.189918,0.015802
0.092224,-0.065951,0.199336,0.290490,0.020325,0.182354,0.270485,-0.187897,0.179502,-0.086037,0.055996,0.219170,-0.106042,-0.152226,0.216318,0.177868,0.079092,0.015685,0.240435,-0.228851,0.046477,-0.109094,0.105935,0.068725,-0.158973,-0.190057,0.015739
0.103874,-0.068406,0.198720,0.301315,0.019635,0.181192,0.282971,-0.188706,0.176513,-0.075223,0.051895,0.220927,-0.093566,-0.156447,0.216248,0.211166,0.076818,0.020542,0.236555,-0.226839,0.024328,-0.074304,0.101276,0.050628,-0.162381,-0.191763,0.026484
0.114769,-0.070647,0.195219,0.311482,0.019184,0.178619,0.295004,-0.189300,0.173354,-0.065466,0.048006,0.217084,-0.081944,-0.160478,0.211819,0.264188,0.072384,0.025903,0.235292,-0.226209,0.015819,-0.034006,0.095701,0.035865,-0.164342,-0.195445,0.048398
0.125175,-0.071785,0.190311,0.321356,0.019594,0.176018,0.306659,-0.189039,0.171431,-0.056308,0.045468,0.209191,-0.071005,-0.163165,0.204604,0.311156,0.068957,0.036366,0.236450,-0.226247,0.015925,-0.000773,0.091361,0.016773,-0.155415,-0.199647,0.061593
0.135330,-0.072248,0.185129,0.331678,0.019151,0.173516,0.317094,-0.189493,0.169110,-0.046433,0.044998,0.201148,-0.061018,-0.163646,0.196741,0.341924,0.066752,0.043521,0.237470,-0.226264,0.015962,0.000407,0.091206,0.015966,-0.139423,-0.200982,0.066326
0.145554,-0.072722,0.182258,0.342047,0.018573,0.172419,0.327413,-0.190072,0.168215,-0.036306,0.044628,0.196300,-0.050940,-0.164017,0.192096,0.363705,0.065200,0.044614,0.238449,-0.226334,0.015907,0.001424,0.091186,0.016003,-0.122865,-0.202107,0.071185
0.156082,-0.072823,0.181908,0.352665,0.018371,0.172971,0.337988,-0.190284,0.169494,-0.025824,0.044638,0.194322,-0.040501,-0.164017,0.190845,0.381665,0.064038,0.044683,0.239425,-0.226361,0.015898,0.002349,0.091197,0.015991,-0.106987,-0.202982,0.075175
0.166946,-0.072222,0.183300,0.363597,0.018842,0.174514,0.348868,-0.189831,0.172626,-0.014975,0.045386,0.193974,-0.029704,-0.163286,0.192085,0.396565,0.063268,0.043221,0.240428,-0.226323,0.015888,0.003269,0.091275,0.015874,-0.090121,-0.203554,0.077902
0.178093,-0.070589,0.185619,0.374819,0.020278,0.176492,0.360012,-0.188395,0.177350,-0.003826,0.047218,0.193888,-0.018633,-0.161456,0.194747,0.407917,0.062928,0.038824,0.241433,-0.226210,0.015947,0.004201,0.091480,0.015925,-0.070319,-0.203834,0.077757
0.189522,-0.068011,0.187986,0.386389,0.022416,0.177632,0.371304,-0.186185,0.182382,0.007740,0.050163,0.193591,-0.007346,-0.158438,0.198340,0.412280,0.062695,0.027011,0.242276,-0.226225,0.015906,0.005183,0.091882,0.015897,-0.045520,-0.204160,0.070877
0.200821,-0.065345,0.189315,0.398073,0.023865,0.176109,0.381961,-0.184540,0.184614,0.019681,0.053850,0.194017,0.003569,-0.154556,0.202522,0.409905,0.062032,0.015821,0.263443,-0.227856,0.016618,0.005105,0.093336,0.016029,-0.011657,-0.205152,0.051803
0.211960,-0.063488,0.189762,0.409515,0.024777,0.174853,0.392599,-0.183460,0.185611,0.031320,0.056484,0.193913,0.014405,-0.151754,0.204672,0.410817,0.062113,0.015772,0.323905,-0.232204,0.017915,0.003877,0.095172,0.015811,0.031674,-0.207577,0.035117
0.223274,-0.063207,0.188290,0.420898,0.024822,0.172896,0.403829,-0.183332,0.184956,0.042719,0.056917,0.191625,0.025651,-0.151236,0.203685,0.411763,0.062148,0.015803,0.383830,-0.236602,0.025612,0.004559,0.095534,0.015729,0.079019,-0.211473,0.027951
0.234726,-0.064525,0.184759,0.432369,0.023534,0.169788,0.415298,-0.184630,0.181658,0.054154,0.055581,0.187861,0.037083,-0.152583,0.199730,0.412684,0.062049,0.015885,0.427604,-0.239588,0.036580,0.005549,0.095431,0.015781,0.120842,-0.215250,0.022222
0.246010,-0.066829,0.179917,0.443659,0.021484,0.166618,0.426706,-0.186757,0.177243,0.065314,0.053100,0.182592,0.048361,-0.155141,0.193217,0.413634,0.061901,0.015980,0.456340,-0.241475,0.047000,0.009519,0.094788,0.015739,0.135117,-0.216906,0.015987
0.256813,-0.068385,0.176218,0.454479,0.020043,0.163981,0.437571,-0.188230,0.174028,0.076055,0.051460,0.178408,0.059147,-0.156814,0.188455,0.414641,0.061789,0.015966,0.474363,-0.242528,0.056736,0.019610,0.094232,0.023732,0.136192,-0.217044,0.015917
0.267479,-0.069110,0.175037,0.465174,0.019350,0.163518,0.448274,-0.188912,0.173801,0.086684,0.050693,0.176272,0.069784,-0.157570,0.186555,0.415689,0.061734,0.015947,0.487944,-0.243332,0.061469,0.032777,0.093611,0.032244,0.137178,-0.217125,0.015789
0.278145,-0.069593,0.175882,0.475886,0.018888,0.165367,0.458972,-0.189353,0.176040,0.097318,0.050168,0.175724,0.080403,-0.158074,0.186397,0.416820,0.061682,0.015842,0.499972,-0.244164,0.062462,0.046109,0.092945,0.038326,0.138144,-0.217177,0.015584
0.288841,-0.070128,0.178031,0.486619,0.018413,0.168790,0.469709,-0.189816,0.179719,0.107973,0.049559,0.176343,0.091063,-0.158670,0.187272,0.417948,0.061615,0.015676,0.510091,-0.244901,0.062658,0.059195,0.092218,0.043664,0.139131,-0.217243,0.015662
0.299492,-0.070808,0.181021,0.497295,0.017809,0.173139,0.480393,-0.190418,0.184113,0.118591,0.048801,0.177929,0.101689,-0.159426,0.188903,0.419002,0.061533,0.015765,0.517686,-0.245477,0.063254,0.072177,0.091478,0.049780,0.140000,-0.217320,0.015817
0.310226,-0.071722,0.184685,0.508038,0.016983,0.178100,0.491154,-0.191259,0.188816,0.129298,0.047816,0.180555,0.112415,-0.160426,0.191271,0.420067,0.061429,0.015919,0.522662,-0.245849,0.064906,0.085545,0.090679,0.057294,0.140834,-0.217416,0.015864
0.321228,-0.072961,0.189137,0.519030,0.015843,0.183710,0.502186,-0.192434,0.193786,0.140270,0.046513,0.184487,0.123426,-0.161764,0.194563,0.421090,0.061302,0.016002,0.525191,-0.246066,0.067275,0.099855,0.089672,0.065418,0.141606,-0.217531,0.015864
0.332664,-0.074601,0.194441,0.530435,0.014326,0.189964,0.513670,-0.194007,0.198977,0.151659,0.044804,0.189904,0.134894,-0.163528,0.198917,0.422167,0.061150,0.015997,0.525224,-0.246153,0.070080,0.116054,0.088213,0.072139,0.142306,-0.217682,0.015927
0.344635,-0.076629,0.200277,0.542362,0.012419,0.196337,0.525697,-0.195978,0.203937,0.163573,0.042720,0.196616,0.146908,-0.165677,0.204216,0.423304,0.060984,0.015891,0.523168,-0.246210,0.072071,0.135139,0.086162,0.074400,0.143008,-0.217856,0.015947
0.356689,-0.078587,0.205126,0.554219,0.010851,0.200207,0.537988,-0.197626,0.206418,0.175391,0.040452,0.203833,0.159160,-0.168025,0.210045,0.424818,0.061039,0.015821,0.520254,-0.245969,0.068268,0.157682,0.083385,0.067779,0.143391,-0.218187,0.015978
0.368156,-0.080466,0.207371,0.565105,0.010113,0.200473,0.550118,-0.198485,0.205653,0.186195,0.037552,0.209088,0.171207,-0.171046,0.214268,0.466006,0.058259,0.017000,0.518254,-0.245514,0.055126,0.186273,0.079242,0.052616,0.137117,-0.218956,0.021875
0.379051,-0.082298,0.205880,0.575117,0.010078,0.197752,0.562034,-0.198672,0.201900,0.196069,0.034075,0.209860,0.182985,-0.174674,0.214007,0.526411,0.055205,0.022931,0.517612,-0.244737,0.035738,0.223898,0.074463,0.037929,0.126339,-0.220191,0.036882
0.389877,-0.084202,0.200127,0.585218,0.009644,0.191389,0.573666,-0.199217,0.194279,0.206088,0.030814,0.205975,0.194537,-0.178047,0.208866,0.577082,0.053437,0.033828,0.516464,-0.244054,0.015305,0.262117,0.070759,0.026752,0.120946,-0.221577,0.058865
0.400551,-0.085602,0.191765,0.595722,0.008595,0.183010,0.584525,-0.200292,0.185381,0.216577,0.029089,0.198149,0.205380,-0.179798,0.200521,0.611727,0.051643,0.041055,0.517186,-0.244126,0.015807,0.281927,0.069033,0.015689,0.127873,-0.222623,0.071804
0.411201,-0.086376,0.184838,0.606431,0.007752,0.176676,0.595150,-0.201132,0.178893,0.227253,0.028380,0.190784,0.215972,-0.180504,0.193001,0.634443,0.050333,0.042392,0.518058,-0.244217,0.015827,0.283095,0.069026,0.015771,0.142341,-0.223289,0.075878
0.421898,-0.086985,0.181449,0.617127,0.007129,0.173128,0.605832,-0.201754,0.175349,0.237963,0.027785,0.187549,0.226668,-0.181098,0.189769,0.651306,0.049409,0.042294,0.519023,-0.244274,0.015891,0.284167,0.068980,0.015849,0.158276,-0.224112,0.077537
0.432793,-0.087007,0.181106,0.628022,0.007050,0.172162,0.616699,-0.201823,0.175036,0.248887,0.027810,0.187176,0.237563,-0.181063,0.190050,0.665533,0.048738,0.041399,0.520002,-0.244292,0.015882,0.285111,0.069011,0.015910,0.174121,-0.224671,0.079150
0.443947,-0.086145,0.182654,0.639178,0.007816,0.172800,0.627835,-0.201027,0.177325,0.260058,0.028736,0.187982,0.248715,-0.180107,0.192507,0.677742,0.048341,0.038590,0.521017,-0.244250,0.015976,0.286013,0.069125,0.015876,0.191074,-0.224935,0.080284
0.455315,-0.084237,0.185022,0.650540,0.009605,0.173978,0.639216,-0.199161,0.181268,0.271414,0.030686,0.188775,0.260089,-0.178080,0.196065,0.686878,0.048227,0.032186,0.522017,-0.244120,0.015989,0.286939,0.069353,0.015919,0.211086,-0.225064,0.078722
0.466881,-0.081494,0.187221,0.662191,0.011906,0.174125,0.650647,-0.196678,0.185267,0.283115,0.033691,0.189175,0.271570,-0.174893,0.200316,0.689171,0.047636,0.017587,0.522815,-0.244231,0.015948,0.287988,0.069755,0.015997,0.236618,-0.225467,0.070688
0.478195,-0.079047,0.188870,0.673681,0.013668,0.173689,0.661661,-0.194719,0.187649,0.294730,0.036625,0.190091,0.282710,-0.171763,0.204050,0.690239,0.047757,0.015714,0.548474,-0.245097,0.019280,0.287876,0.070984,0.015988,0.272409,-0.227082,0.050508
0.489265,-0.077831,0.190470,0.684816,0.014551,0.174146,0.672617,-0.193689,0.190010,0.305914,0.038027,0.190930,0.293714,-0.170213,0.206794,0.691099,0.047772,0.015700,0.596596,-0.247489,0.024697,0.288338,0.071379,0.015853,0.313532,-0.229735,0.040068
0.500526,-0.077797,0.190847,0.696085,0.014518,0.174234,0.683874,-0.193662,0.190864,0.317179,0.038068,0.190830,0.304968,-0.170112,0.207460,0.692108,0.047762,0.015726,0.657699,-0.250572,0.030969,0.289161,0.071403,0.015801,0.359749,-0.232792,0.034772
0.512016,-0.079090,0.188858,0.707579,0.013271,0.172551,0.695367,-0.194951,0.188652,0.328666,0.036770,0.189065,0.316454,-0.171452,0.205166,0.693095,0.047667,0.015850,0.705633,-0.252603,0.041405,0.290074,0.071292,0.015712,0.402156,-0.235562,0.031606
0.523613,-0.081516,0.184939,0.719189,0.011037,0.169931,0.707006,-0.197308,0.184369,0.340220,0.034277,0.185508,0.328037,-0.174069,0.199946,0.694069,0.047474,0.015987,0.737684,-0.253948,0.051483,0.291353,0.071005,0.015720,0.429203,-0.238039,0.020753
0.534767,-0.083647,0.180668,0.730336,0.009073,0.166632,0.718203,-0.199369,0.179658,0.351331,0.032075,0.181678,0.339198,-0.176367,0.194704,0.695030,0.047327,0.015951,0.757271,-0.254711,0.060396,0.297907,0.070572,0.018006,0.431448,-0.238519,0.016009
0.545464,-0.084804,0.178021,0.741029,0.008007,0.164546,0.728941,-0.200462,0.177171,0.361987,0.030853,0.178870,0.349898,-0.177615,0.191495,0.696068,0.047227,0.015984,0.771112,-0.255244,0.066088,0.307576,0.070335,0.025579,0.432465,-0.238644,0.015935
0.555962,-0.085515,0.177202,0.751563,0.007365,0.164758,0.739480,-0.201109,0.177304,0.372443,0.030080,0.177101,0.360361,-0.178394,0.189647,0.697127,0.047170,0.015912,0.783498,-0.255850,0.067940,0.318499,0.070109,0.032445,0.433427,-0.238694,0.015884
0.566353,-0.086064,0.177771,0.761997,0.006900,0.166706,0.749918,-0.201574,0.179254,0.382787,0.029447,0.176287,0.370709,-0.179027,0.188835,0.698188,0.047121,0.015789,0.794753,-0.256471,0.068077,0.330057,0.069786,0.037988,0.434382,-0.238747,0.015672
0.576714,-0.086601,0.179320,0.772388,0.006468,0.169793,0.760326,-0.202009,0.182304,0.393102,0.028806,0.176336,0.381039,-0.179670,0.188846,0.699219,0.047063,0.015713,0.804350,-0.257030,0.067876,0.342035,0.069384,0.043268,0.435309,-0.238813,0.015616
0.587044,-0.087183,0.181662,0.782735,0.005991,0.173619,0.770689,-0.202495,0.185996,0.403399,0.028130,0.177329,0.391352,-0.180356,0.189705,0.700239,0.046992,0.015751,0.811870,-0.257471,0.068231,0.354395,0.068976,0.049455,0.436189,-0.238879,0.015755
0.597496,-0.087877,0.184774,0.793195,0.005382,0.178024,0.781158,-0.203121,0.190107,0.413834,0.027366,0.179442,0.401797,-0.181137,0.191524,0.701200,0.046904,0.015958,0.817062,-0.257809,0.069098,0.367411,0.068551,0.056961,0.437016,-0.238955,0.015801
0.608238,-0.088793,0.188768,0.803922,0.004572,0.183091,0.791928,-0.203967,0.194592,0.424548,0.026382,0.182943,0.412555,-0.182157,0.194444,0.702177,0.046803,0.016019,0.819851,-0.258012,0.070480,0.381385,0.067958,0.065077,0.437807,-0.239054,0.015838
0.619476,-0.090054,0.193760,0.815120,0.003446,0.189002,0.803217,-0.205151,0.199513,0.435735,0.025043,0.188007,0.423833,-0.183553,0.198518,0.703242,0.046693,0.015999,0.820240,-0.258117,0.072233,0.397078,0.066993,0.072153,0.438554,-0.239180,0.015837
0.631279,-0.091729,0.199539,0.826881,0.001887,0.195429,0.815071,-0.206780,0.204554,0.447487,0.023321,0.194524,0.435677,-0.185346,0.203650,0.704358,0.046537,0.015906,0.818396,-0.258234,0.074226,0.415435,0.065493,0.075438,0.439227,-0.239323,0.015925
0.643379,-0.093419,0.204737,0.838839,0.000463,0.199980,0.827335,-0.208277,0.207712,0.459423,0.021439,0.201762,0.447919,-0.187301,0.209494,0.705504,0.046539,0.015793,0.815167,-0.258204,0.071459,0.437136,0.063357,0.070545,0.439780,-0.239571,0.015976
0.655022,-0.095042,0.207534,0.850019,-0.000304,0.201034,0.839480,-0.209131,0.207745,0.470564,0.019048,0.207323,0.460025,-0.189779,0.214034,0.735485,0.045062,0.016043,0.812778,-0.258055,0.060246,0.464356,0.060035,0.056167,0.433024,-0.240217,0.018945
0.666000,-0.096988,0.206889,0.860276,-0.000906,0.198728,0.851208,-0.209830,0.204477,0.480793,0.015855,0.209301,0.471725,-0.193070,0.215050,0.773193,0.043532,0.022414,0.812822,-0.258077,0.044469,0.497059,0.056040,0.041439,0.421294,-0.241435,0.031728
0.676407,-0.099034,0.202738,0.869789,-0.001170,0.194560,0.862566,-0.210219,0.197842,0.490248,0.012151,0.207635,0.483024,-0.196899,0.210917,0.830548,0.043098,0.030783,0.809797,-0.256669,0.020108,0.532791,0.053379,0.030262,0.413394,-0.242477,0.051533
0.686539,-0.100971,0.195478,0.879450,-0.002122,0.188052,0.873238,-0.211220,0.190040,0.499839,0.009279,0.200916,0.493627,-0.199819,0.202903,0.876715,0.041999,0.037331,0.810678,-0.256490,0.015763,0.561121,0.051206,0.019467,0.416322,-0.244266,0.069089
0.696594,-0.102025,0.187502,0.889478,-0.003027,0.181468,0.883396,-0.212134,0.182805,0.509792,0.008085,0.192200,0.503710,-0.201022,0.193536,0.907571,0.041028,0.042312,0.811422,-0.256578,0.015806,0.565520,0.050806,0.015742,0.428918,-0.245109,0.069671
0.706711,-0.103057,0.182049,0.899625,-0.004067,0.176923,0.893509,-0.213177,0.177442,0.519913,0.007064,0.186657,0.513796,-0.202046,0.187176,0.928241,0.040234,0.043467,0.812277,-0.256672,0.015879,0.566599,0.050744,0.015932,0.445403,-0.245804,0.070838
0.717026,-0.103719,0.180135,0.909956,-0.004750,0.175188,0.903805,-0.213860,0.175294,0.530246,0.006423,0.184976,0.524096,-0.202687,0.185082,0.944519,0.039637,0.044195,0.813151,-0.256744,0.015900,0.567543,0.050710,0.015917,0.461227,-0.246365,0.071792
0.727600,-0.103620,0.180835,0.920543,-0.004693,0.175564,0.914360,-0.213801,0.176152,0.540840,0.006562,0.185518,0.534657,-0.202546,0.186106,0.958188,0.039293,0.043552,0.814110,-0.256757,0.015882,0.568448,0.050739,0.015916,0.476924,-0.246626,0.073347
0.738335,-0.102484,0.182999,0.931300,-0.003638,0.177075,0.925077,-0.212733,0.179315,0.551592,0.007765,0.186683,0.545370,-0.201330,0.188923,0.969224,0.039242,0.040408,0.815047,-0.256681,0.015975,0.569292,0.050881,0.015879,0.494439,-0.246518,0.074046
0.749298,-0.100224,0.185766,0.942299,-0.001517,0.178799,0.936016,-0.210560,0.183910,0.562580,0.010111,0.187623,0.556297,-0.198932,0.192734,0.976100,0.039385,0.032909,0.816041,-0.256545,0.015949,0.570222,0.051168,0.015936,0.515849,-0.246164,0.071520
0.760384,-0.097298,0.187975,0.953630,0.000726,0.178595,0.946789,-0.208175,0.187425,0.573978,0.013579,0.188526,0.567137,-0.195323,0.197356,0.973893,0.038701,0.015901,0.817148,-0.256697,0.015837,0.571201,0.051888,0.015895,0.544069,-0.245881,0.060174
0.771286,-0.094676,0.189469,0.964871,0.002458,0.178024,0.957248,-0.206297,0.189341,0.585324,0.016944,0.189598,0.577701,-0.191810,0.200915,0.974764,0.038848,0.015782,0.870058,-0.258088,0.015425,0.569883,0.053639,0.015905,0.582661,-0.246259,0.040048
0.782379,-0.093506,0.189462,0.976110,0.003235,0.177187,0.968162,-0.205424,0.189952,0.596596,0.018413,0.188971,0.588648,-0.190246,0.201736,0.975590,0.038946,0.015738,0.930079,-0.259820,0.021931,0.570018,0.054398,0.015784,0.627743,-0.247855,0.029263
0.793709,-0.093843,0.187241,0.987438,0.002875,0.174766,0.979488,-0.205767,0.187806,0.607930,0.018081,0.186676,0.599979,-0.190561,0.199717,0.976478,0.038930,0.015820,0.981299,-0.261131,0.032235,0.570940,0.054379,0.015746,0.673091,-0.249824,0.025236
0.805206,-0.095521,0.183146,0.998938,0.001294,0.171485,0.991003,-0.207417,0.183385,0.619409,0.016374,0.182907,0.611474,-0.192336,0.194807,0.977399,0.038801,0.015940,1.017842,-0.261993,0.043084,0.571961,0.054205,0.015767,0.708046,-0.251655,0.017835
0.816437,-0.097294,0.178637,1.010150,-0.000346,0.167795,1.002271,-0.209128,0.178409,0.630603,0.014540,0.178865,0.622724,-0.194242,0.189478,0.978326,0.038675,0.015924,1.040963,-0.262505,0.052994,0.577765,0.053782,0.015737,0.709588,-0.251881,0.015989
0.827209,-0.098118,0.175831,1.020912,-0.001110,0.165342,1.013069,-0.209909,0.175648,0.641350,0.013673,0.176014,0.633507,-0.195126,0.186320,0.979275,0.038619,0.015981,1.055912,-0.262748,0.060310,0.587276,0.053807,0.025401,0.710627,-0.251975,0.015836
0.837891,-0.098450,0.175299,1.031614,-0.001416,0.165464,1.023768,-0.210210,0.175863,0.652013,0.013310,0.174735,0.644167,-0.195484,0.185134,0.980365,0.038601,0.015944,1.068047,-0.263038,0.062923,0.599072,0.053793,0.033276,0.711654,-0.251995,0.015740
0.848526,-0.098644,0.176470,1.042275,-0.001563,0.167647,1.034430,-0.210349,0.178213,0.662622,0.013061,0.174727,0.654777,-0.195725,0.185292,0.981471,0.038580,0.015838,1.078654,-0.263380,0.063021,0.611567,0.053653,0.039039,0.712642,-0.252024,0.015642
0.859154,-0.098845,0.178792,1.052914,-0.001687,0.171158,1.045090,-0.210468,0.181820,0.673217,0.012778,0.175763,0.665393,-0.196004,0.186425,0.982559,0.038551,0.015674,1.087388,-0.263668,0.062884,0.624223,0.053454,0.044547,0.713580,-0.252066,0.015773
0.869812,-0.099143,0.181912,1.063582,-0.001917,0.175485,1.055765,-0.210702,0.186088,0.683859,0.012416,0.177737,0.676042,-0.196369,0.188340,0.983629,0.038507,0.015771,1.093873,-0.263898,0.063432,0.637116,0.053272,0.051031,0.714476,-0.252108,0.015849
0.880615,-0.099640,0.185734,1.074383,-0.002343,0.180403,1.066581,-0.211145,0.190689,0.694649,0.011865,0.180779,0.686847,-0.196936,0.191065,0.984666,0.038442,0.015909,1.098030,-0.264042,0.065126,0.650582,0.053039,0.058799,0.715292,-0.252168,0.015858
0.891708,-0.100436,0.190370,1.085455,-0.003050,0.185985,1.077700,-0.211885,0.195596,0.705717,0.011013,0.185144,0.697961,-0.197822,0.194756,0.985698,0.038360,0.015996,1.099896,-0.264133,0.067537,0.665158,0.052603,0.066809,0.716039,-0.252256,0.015861
0.903290,-0.101645,0.195876,1.096999,-0.004150,0.192323,1.089324,-0.213036,0.200814,0.717256,0.009747,0.190937,0.709581,-0.199140,0.199428,0.986786,0.038251,0.016016,1.099484,-0.264227,0.070449,0.681869,0.051766,0.072882,0.716736,-0.252380,0.015922
0.915382,-0.103178,0.201757,1.109052,-0.005592,0.198537,1.101463,-0.214535,0.205609,0.729302,0.008178,0.197906,0.721713,-0.200764,0.204977,0.987907,0.038132,0.015891,1.097310,-0.264408,0.072134,0.701692,0.050481,0.073616,0.717405,-0.252511,0.015956
0.927452,-0.104533,0.206256,1.120774,-0.006309,0.201822,1.113909,-0.215319,0.207510,0.740995,0.006252,0.205001,0.734130,-0.202758,0.210689,0.996416,0.038208,0.015930,1.094846,-0.264009,0.066952,0.725310,0.048457,0.065303,0.717887,-0.253016,0.015923
0.938904,-0.105962,0.207895,1.131530,-0.006498,0.201325,1.126058,-0.215564,0.206464,0.751750,0.003639,0.209326,0.746277,-0.205426,0.214465,1.036467,0.036973,0.018415,1.094249,-0.263960,0.053897,0.755047,0.045129,0.050538,0.712147,-0.254713,0.023181
0.949860,-0.107391,0.205870,1.141466,-0.006064,0.198059,1.138030,-0.215191,0.202385,0.761689,0.000409,0.209354,0.758253,-0.208718,0.213681,1.094837,0.036582,0.024709,1.094717,-0.263417,0.034572,0.792314,0.041803,0.036860,0.702154,-0.256875,0.039071
0.960739,-0.108930,0.199641,1.151520,-0.006111,0.191163,1.149688,-0.215280,0.194235,0.771791,-0.002579,0.205047,0.769958,-0.211749,0.208119,1.143839,0.037125,0.035334,1.093835,-0.262870,0.015622,0.828291,0.039747,0.025607,0.698021,-0.258740,0.060747
0.971489,-0.110072,0.191327,1.162137,-0.007042,0.182421,1.160507,-0.216224,0.184619,0.782471,-0.003920,0.198035,0.780841,-0.213102,0.200233,1.176395,0.036820,0.041522,1.094539,-0.262938,0.015745,0.843302,0.039144,0.015660,0.706150,-0.259328,0.071365
0.982025,-0.110674,0.184937,1.172667,-0.007629,0.176068,1.171031,-0.216816,0.177749,0.793019,-0.004532,0.192125,0.791384,-0.213719,0.193806,1.198030,0.036553,0.042587,1.095347,-0.262978,0.015855,0.844394,0.039102,0.015786,0.720718,-0.259560,0.076780
0.992676,-0.110799,0.181978,1.183324,-0.007789,0.172839,1.181651,-0.216976,0.174492,0.803701,-0.004623,0.189464,0.802028,-0.213809,0.191116,1.214496,0.036383,0.042297,1.096282,-0.262999,0.015876,0.845419,0.039126,0.015951,0.736171,-0.259624,0.078634
1.003532,-0.110219,0.181829,1.194185,-0.007269,0.172131,1.192487,-0.216448,0.174554,0.814578,-0.003991,0.189103,0.812880,-0.213170,0.191526,1.228515,0.036389,0.041127,1.097275,-0.262968,0.015837,0.846349,0.039200,0.015911,0.751827,-0.259418,0.080254
1.014580,-0.108712,0.183378,1.205242,-0.005856,0.172900,1.203534,-0.215007,0.177135,0.825625,-0.002418,0.189620,0.823918,-0.211568,0.193856,1.240512,0.036586,0.038055,1.098257,-0.262872,0.015974,0.847266,0.039347,0.015859,0.768914,-0.258864,0.081079
1.025833,-0.106152,0.185667,1.216503,-0.003425,0.174127,1.214811,-0.212496,0.181275,0.836855,0.000192,0.190060,0.835163,-0.208879,0.197207,1.249377,0.036911,0.031499,1.099261,-0.262690,0.015982,0.848229,0.039625,0.015925,0.789326,-0.258023,0.079127
1.037216,-0.102789,0.187734,1.228107,-0.000721,0.174177,1.225959,-0.209613,0.185305,0.848474,0.004036,0.190163,0.846325,-0.204857,0.201290,1.250767,0.036132,0.015900,1.100143,-0.262858,0.015938,0.849291,0.040264,0.015938,0.815406,-0.257057,0.069858
1.048462,-0.099705,0.189329,1.239585,0.001667,0.173935,1.236927,-0.207038,0.188075,0.859997,0.007629,0.190583,0.857339,-0.201076,0.204723,1.251747,0.036352,0.015734,1.137263,-0.263042,0.015146,0.848724,0.041502,0.016000,0.851705,-0.257084,0.049417
1.059624,-0.098066,0.190272,1.250961,0.002720,0.173735,1.247824,-0.205867,0.189429,0.871423,0.009735,0.191115,0.868287,-0.198852,0.206810,1.252578,0.036388,0.015694,1.174906,-0.262842,0.023454,0.848531,0.042474,0.015845,0.894235,-0.257697,0.035749
1.070915,-0.097575,0.190082,1.262275,0.003137,0.173362,1.259109,-0.205390,0.189827,0.882721,0.010240,0.190338,0.879555,-0.198287,0.206803,1.253577,0.036422,0.015754,1.233008,-0.263183,0.030341,0.849365,0.042558,0.015749,0.938508,-0.258541,0.032494
1.082344,-0.098365,0.187844,1.273718,0.002379,0.171475,1.270534,-0.206188,0.187429,0.894155,0.009457,0.188258,0.890970,-0.199109,0.204213,1.254512,0.036358,0.015886,1.280901,-0.263166,0.040597,0.850215,0.042516,0.015704,0.979384,-0.259415,0.029463
1.093834,-0.100269,0.183781,1.285216,0.000692,0.168916,1.282079,-0.207994,0.183233,0.905589,0.007456,0.184330,0.902452,-0.201230,0.198646,1.255492,0.036206,0.015939,1.313346,-0.263086,0.051171,0.852115,0.042253,0.015714,1.004877,-0.260775,0.017275
1.104950,-0.102078,0.179306,1.296333,-0.000863,0.166291,1.293282,-0.209652,0.179035,0.916618,0.005497,0.179577,0.913567,-0.203292,0.192320,1.256481,0.036088,0.016038,1.333273,-0.262990,0.060846,0.859942,0.042000,0.017959,1.005978,-0.260945,0.015981
1.115623,-0.102644,0.176851,1.307021,-0.001347,0.164716,1.303991,-0.210156,0.177145,0.927256,0.004869,0.176557,0.924226,-0.203940,0.188986,1.257528,0.036052,0.015960,1.347519,-0.262896,0.066710,0.870927,0.042285,0.026420,1.006990,-0.260978,0.015904
1.126144,-0.102670,0.176516,1.317582,-0.001336,0.165366,1.314533,-0.210135,0.177951,0.937755,0.004795,0.175081,0.934707,-0.204004,0.187666,1.258621,0.036056,0.015938,1.360251,-0.262941,0.068414,0.882846,0.042606,0.033589,1.007980,-0.260971,0.015785
1.136612,-0.102566,0.177664,1.328080,-0.001159,0.167770,1.325033,-0.209946,0.180561,0.948191,0.004814,0.174767,0.945144,-0.203972,0.187558,1.259690,0.036065,0.015744,1.371619,-0.263043,0.068302,0.895041,0.042817,0.039079,1.008894,-0.260977,0.015612
1.147018,-0.102530,0.179780,1.338508,-0.001032,0.171338,1.335464,-0.209815,0.184198,0.958573,0.004755,0.175362,0.955529,-0.204027,0.188222,1.260714,0.036058,0.015722,1.380877,-0.263164,0.068175,0.907383,0.042980,0.044474,1.009827,-0.260993,0.015600
1.157440,-0.102596,0.182641,1.348930,-0.000993,0.175605,1.345907,-0.209781,0.188373,0.968974,0.004589,0.176909,0.965950,-0.204199,0.189676,1.261753,0.036038,0.015819,1.387770,-0.263237,0.068829,0.920040,0.043130,0.050863,1.010700,-0.261024,0.015726
1.168022,-0.102828,0.186258,1.359508,-0.001138,0.180452,1.356497,-0.209946,0.192895,0.979547,0.004290,0.179620,0.976537,-0.204517,0.192063,1.262760,0.035992,0.015992,1.392265,-0.263295,0.070418,0.933311,0.043288,0.058718,1.011511,-0.261060,0.015817
1.178909,-0.103296,0.190747,1.370356,-0.001481,0.185951,1.367420,-0.210328,0.197752,0.990398,0.003735,0.183742,0.987462,-0.205111,0.195543,1.263734,0.035942,0.016021,1.394259,-0.263327,0.072194,0.947696,0.043252,0.066756,1.012255,-0.261141,0.015843
1.190361,-0.104135,0.196205,1.381752,-0.002177,0.192286,1.378927,-0.211083,0.203000,1.001795,0.002814,0.189410,0.998970,-0.206092,0.200124,1.264819,0.035877,0.016008,1.393902,-0.263379,0.074720,0.964150,0.042868,0.073023,1.012982,-0.261245,0.015899
1.202339,-0.105279,0.202134,1.393687,-0.003227,0.198594,1.390953,-0.212200,0.207936,1.013725,0.001642,0.196332,1.010991,-0.207331,0.205674,1.265950,0.035772,0.015816,1.391430,-0.263602,0.076059,0.983596,0.042081,0.074319,1.013612,-0.261347,0.015942
1.214355,-0.106293,0.206762,1.405351,-0.003640,0.201855,1.403338,-0.212667,0.210114,1.025373,0.000081,0.203410,1.023360,-0.208946,0.211669,1.273382,0.035765,0.015756,1.388445,-0.263501,0.071200,1.006607,0.040320,0.065992,1.012879,-0.262065,0.015984
1.225708,-0.107240,0.208501,1.415917,-0.003252,0.201574,1.415438,-0.212328,0.208749,1.035978,-0.002152,0.208254,1.035499,-0.211228,0.215428,1.318386,0.036142,0.017794,1.386932,-0.262936,0.057318,1.035952,0.037888,0.049808,1.004525,-0.263224,0.023381
