-0.009156,-0.014080,0.331485,0.182914,0.086641,0.333808,0.178690,-0.122403,0.326913,-0.197003,0.094243,0.336057,-0.201227,-0.114801,0.329162,0.207561,0.137112,0.167490,0.176326,-0.162679,0.170457,-0.217639,0.144840,0.193668,-0.204225,-0.154457,0.154307
-0.012717,-0.021259,0.318396,0.179238,0.079707,0.318731,0.175154,-0.129224,0.308959,-0.200589,0.086706,0.327832,-0.204672,-0.122226,0.318060,0.169954,0.134953,0.114442,0.186608,-0.168108,0.162532,-0.212719,0.142518,0.112609,-0.170095,-0.157122,0.076728
-0.016204,-0.027840,0.300843,0.174493,0.075457,0.298497,0.172882,-0.133587,0.290588,-0.205290,0.077908,0.311098,-0.206902,-0.131136,0.303189,0.135818,0.129534,0.079239,0.199544,-0.173554,0.139320,-0.173361,0.133171,0.046107,-0.180519,-0.166267,0.024146
-0.020361,-0.031601,0.283199,0.171277,0.069680,0.275572,0.167133,-0.139257,0.265956,-0.207855,0.076056,0.300442,-0.211999,-0.132882,0.290826,0.112223,0.126907,0.046383,0.208894,-0.178038,0.101812,-0.148251,0.133300,0.019728,-0.180476,-0.166369,0.016078
-0.021583,-0.031479,0.267372,0.170828,0.066065,0.244915,0.162066,-0.142802,0.237017,-0.205231,0.079844,0.297728,-0.213994,-0.129023,0.289829,0.079108,0.124115,0.015406,0.187589,-0.182628,0.058084,-0.153288,0.133590,0.022648,-0.180897,-0.165581,0.016065
-0.019877,-0.030151,0.253624,0.169391,0.068522,0.215123,0.161254,-0.140399,0.208035,-0.201008,0.080096,0.299212,-0.209145,-0.128825,0.292124,0.077810,0.124358,0.015928,0.139514,-0.178876,0.025683,-0.135872,0.132269,0.028081,-0.180484,-0.166083,0.015967
-0.016695,-0.029327,0.241878,0.169460,0.069767,0.191203,0.161338,-0.139171,0.184607,-0.194727,0.080517,0.299150,-0.202849,-0.128422,0.292553,0.077293,0.124391,0.015921,0.098240,-0.176892,0.015668,-0.106667,0.130853,0.037750,-0.180127,-0.166079,0.015948
-0.011853,-0.028664,0.231520,0.171714,0.070673,0.172557,0.163611,-0.138280,0.166420,-0.187316,0.080953,0.296619,-0.195420,-0.128000,0.290482,0.077281,0.124440,0.015882,0.080578,-0.176179,0.017118,-0.082868,0.129741,0.046852,-0.179686,-0.166048,0.015824
-0.005160,-0.028122,0.222123,0.176700,0.071293,0.158211,0.168631,-0.137676,0.152583,-0.178952,0.081432,0.291662,-0.187020,-0.127537,0.286034,0.077710,0.124449,0.015842,0.080469,-0.176151,0.018139,-0.070640,0.129235,0.050844,-0.178818,-0.166073,0.015656
0.003162,-0.027996,0.212704,0.184350,0.071434,0.146935,0.176284,-0.137540,0.141500,-0.169961,0.081547,0.283907,-0.178027,-0.127426,0.278472,0.078517,0.124428,0.015849,0.088754,-0.176402,0.016223,-0.067674,0.129202,0.049233,-0.180001,-0.166014,0.015679
0.012312,-0.028496,0.202397,0.193995,0.070487,0.137322,0.185220,-0.138442,0.131295,-0.160597,0.081451,0.273500,-0.169371,-0.127478,0.267473,0.079635,0.124304,0.015792,0.089921,-0.176620,0.015903,-0.069417,0.129755,0.043849,-0.184712,-0.165082,0.015768
0.021731,-0.029266,0.191571,0.204885,0.069362,0.130185,0.195548,-0.139513,0.123203,-0.152087,0.080981,0.259940,-0.161423,-0.127894,0.252958,0.080821,0.124249,0.015878,0.091080,-0.176775,0.015832,-0.072883,0.130468,0.035344,-0.189165,-0.164457,0.022045
0.031100,-0.029591,0.180335,0.216626,0.068465,0.125506,0.206858,-0.140375,0.118069,-0.144659,0.081194,0.242601,-0.154427,-0.127646,0.235164,0.082102,0.124184,0.016028,0.092370,-0.176906,0.015774,-0.073619,0.131192,0.023767,-0.194109,-0.164092,0.032224
0.039971,-0.029060,0.168167,0.227939,0.068523,0.121405,0.218259,-0.140341,0.114583,-0.138316,0.082220,0.221751,-0.147997,-0.126644,0.214928,0.083282,0.124192,0.016063,0.093655,-0.176867,0.015935,-0.073527,0.131473,0.015642,-0.187960,-0.164704,0.043150
0.048416,-0.028858,0.156366,0.238416,0.068307,0.117633,0.228745,-0.140569,0.111164,-0.131913,0.082853,0.201568,-0.141583,-0.126024,0.195098,0.106409,0.123086,0.016042,0.094785,-0.176939,0.015965,-0.072321,0.131370,0.015724,-0.166645,-0.166000,0.053548
0.057265,-0.029179,0.145837,0.248849,0.067771,0.115218,0.239230,-0.141095,0.108355,-0.124699,0.082738,0.183320,-0.134318,-0.126128,0.176457,0.149560,0.121066,0.017846,0.095883,-0.176983,0.016054,-0.071181,0.131296,0.015907,-0.136333,-0.167631,0.056934
0.067082,-0.029690,0.136429,0.259871,0.067071,0.113829,0.250319,-0.141779,0.106404,-0.116155,0.082399,0.166454,-0.125707,-0.126451,0.159028,0.206823,0.118223,0.023833,0.096920,-0.177074,0.015975,-0.070011,0.131162,0.016057,-0.102062,-0.169180,0.049946
0.077449,-0.030293,0.127757,0.270915,0.066328,0.111131,0.261399,-0.142497,0.102982,-0.106501,0.081912,0.152532,-0.116018,-0.126913,0.144383,0.249965,0.115922,0.031485,0.097992,-0.177182,0.015854,-0.068775,0.131052,0.016013,-0.065616,-0.170654,0.039641
0.088120,-0.030746,0.119990,0.281898,0.065643,0.105848,0.272218,-0.143160,0.097359,-0.095979,0.081667,0.142621,-0.105659,-0.127136,0.134132,0.271979,0.115211,0.017990,0.099131,-0.177357,0.015812,-0.067397,0.131034,0.015813,-0.031496,-0.171852,0.029377
0.097646,-0.031239,0.114725,0.291485,0.065203,0.101814,0.281895,-0.143593,0.093053,-0.086604,0.081116,0.136398,-0.096193,-0.127680,0.127636,0.273336,0.115178,0.015930,0.100190,-0.177549,0.015921,-0.066229,0.130781,0.015751,-0.012123,-0.172410,0.016374
0.107402,-0.031418,0.116973,0.301616,0.064859,0.109715,0.292166,-0.143972,0.101647,-0.077363,0.081136,0.132298,-0.086813,-0.127694,0.124230,0.274805,0.115226,0.015924,0.100693,-0.177527,0.015959,-0.071261,0.130651,0.022009,-0.011105,-0.172457,0.015676
0.117302,-0.031445,0.124885,0.311802,0.064501,0.127273,0.302418,-0.144377,0.120455,-0.067813,0.081488,0.129316,-0.077197,-0.127390,0.122497,0.276173,0.115253,0.016015,0.106680,-0.177690,0.015884,-0.074524,0.130449,0.033164,-0.010067,-0.172437,0.015622
0.127303,-0.031490,0.135264,0.321425,0.064136,0.149870,0.312042,-0.144776,0.144156,-0.057436,0.081795,0.126373,-0.066820,-0.127116,0.120659,0.277530,0.115285,0.015860,0.133614,-0.178850,0.018943,-0.070323,0.129838,0.055014,-0.008868,-0.172363,0.015773
0.137571,-0.030998,0.146701,0.330403,0.064573,0.173597,0.321033,-0.144380,0.169675,-0.045890,0.082383,0.123728,-0.055260,-0.126570,0.119806,0.278867,0.115349,0.015845,0.157285,-0.179891,0.028519,-0.057251,0.129433,0.068534,-0.007507,-0.172265,0.015938
0.147929,-0.030052,0.158578,0.338528,0.065879,0.197443,0.329260,-0.143108,0.195709,-0.033402,0.083004,0.121447,-0.042669,-0.125984,0.119713,0.280214,0.115468,0.015859,0.176289,-0.180514,0.038241,-0.041264,0.129226,0.076001,-0.005925,-0.172249,0.015986
0.158050,-0.028927,0.170623,0.345679,0.067556,0.220899,0.336435,-0.141439,0.221229,-0.020335,0.083586,0.120018,-0.029579,-0.125410,0.120348,0.281583,0.115561,0.015879,0.195903,-0.180996,0.045108,-0.025324,0.129240,0.081378,-0.004226,-0.172190,0.015938
0.167512,-0.027824,0.182583,0.351782,0.069311,0.243002,0.342519,-0.139674,0.245061,-0.007495,0.084025,0.120105,-0.016758,-0.124960,0.122164,0.282940,0.115622,0.015879,0.219622,-0.181657,0.048816,-0.010662,0.129332,0.086584,-0.002573,-0.172132,0.015880
0.176052,-0.026760,0.194140,0.357127,0.071062,0.262578,0.347843,-0.137902,0.266086,0.004260,0.084382,0.122194,-0.005023,-0.124582,0.125702,0.284267,0.115660,0.015981,0.248365,-0.182610,0.050115,0.002219,0.129469,0.092149,-0.001215,-0.172098,0.015801
0.183792,-0.025669,0.204951,0.362340,0.072806,0.278871,0.353032,-0.136131,0.283673,0.014552,0.084793,0.126230,0.005243,-0.124144,0.131031,0.285638,0.115688,0.015952,0.281355,-0.183787,0.051237,0.013274,0.129715,0.098303,-0.000231,-0.172055,0.015847
0.191124,-0.024452,0.214683,0.368106,0.074614,0.291524,0.358752,-0.134288,0.297616,0.023496,0.085384,0.131749,0.014142,-0.123518,0.137842,0.287027,0.115717,0.015792,0.316507,-0.185043,0.053095,0.022714,0.130111,0.103552,0.000378,-0.171975,0.015840
0.198461,-0.023064,0.223182,0.374920,0.076545,0.300523,0.365529,-0.132310,0.308003,0.031393,0.086183,0.138361,0.022002,-0.122672,0.145842,0.288374,0.115767,0.015903,0.352018,-0.186260,0.055835,0.030903,0.130548,0.105356,0.000668,-0.171894,0.015823
0.206124,-0.021492,0.230371,0.383078,0.078574,0.305970,0.373654,-0.130221,0.314947,0.038594,0.087237,0.145796,0.029169,-0.121558,0.154773,0.289666,0.115862,0.016005,0.386073,-0.187310,0.059328,0.038720,0.130862,0.101433,0.000723,-0.171787,0.015802
0.214315,-0.019871,0.236319,0.392610,0.080488,0.308295,0.383114,-0.128232,0.318819,0.045517,0.088490,0.153820,0.036021,-0.120229,0.164344,0.290768,0.115937,0.016010,0.417417,-0.188231,0.063311,0.048226,0.130711,0.090143,0.000614,-0.171664,0.015781
0.223139,-0.018311,0.241175,0.403349,0.082178,0.308015,0.393813,-0.126460,0.320012,0.052466,0.089839,0.162338,0.042929,-0.118799,0.174334,0.291819,0.116054,0.015943,0.444810,-0.188918,0.066895,0.062898,0.129723,0.071708,0.000400,-0.171546,0.015758
0.232644,-0.016872,0.244924,0.415200,0.083489,0.305274,0.405533,-0.125054,0.318729,0.059755,0.091309,0.171118,0.050088,-0.117234,0.184573,0.292693,0.116085,0.015806,0.466809,-0.189587,0.069191,0.086726,0.127837,0.049988,0.000103,-0.171405,0.015713
0.242823,-0.015602,0.247339,0.427966,0.084394,0.299911,0.418120,-0.124042,0.314814,0.067526,0.092838,0.179865,0.057679,-0.115598,0.194767,0.293325,0.116059,0.015822,0.482753,-0.190279,0.069115,0.119872,0.125420,0.032145,-0.000237,-0.171283,0.015676
0.253542,-0.014557,0.248075,0.441205,0.084954,0.291908,0.431301,-0.123386,0.308069,0.075783,0.094272,0.188081,0.065879,-0.114067,0.204242,0.293836,0.116186,0.015873,0.492829,-0.190738,0.065847,0.158503,0.123137,0.022548,-0.000566,-0.171174,0.015665
0.264755,-0.013954,0.246862,0.454767,0.084799,0.281274,0.444696,-0.123440,0.298585,0.084814,0.095532,0.195139,0.074742,-0.112707,0.212449,0.294969,0.116129,0.015920,0.497400,-0.191485,0.059966,0.195173,0.121377,0.020987,-0.000826,-0.171065,0.015724
0.276480,-0.014042,0.243789,0.468326,0.083983,0.268839,0.458317,-0.124216,0.286662,0.094643,0.096133,0.200916,0.084634,-0.112066,0.218739,0.297635,0.116211,0.015977,0.497326,-0.191914,0.051239,0.224992,0.120229,0.022127,-0.000958,-0.170998,0.015733
0.288379,-0.014736,0.237983,0.481652,0.082504,0.253181,0.471758,-0.125682,0.271218,0.105001,0.096210,0.204749,0.095106,-0.111976,0.222785,0.301022,0.116211,0.015985,0.493317,-0.192424,0.039837,0.246245,0.119286,0.021429,-0.000834,-0.171021,0.015796
0.300240,-0.016190,0.229157,0.494565,0.079974,0.234774,0.484471,-0.128222,0.252584,0.116009,0.095843,0.205731,0.105915,-0.112353,0.223541,0.306130,0.116062,0.015971,0.484355,-0.193372,0.024793,0.259879,0.118391,0.016990,0.001826,-0.170669,0.016713
0.311647,-0.018116,0.218106,0.506222,0.077670,0.215455,0.496515,-0.130580,0.232838,0.126780,0.094348,0.203374,0.117073,-0.113902,0.220758,0.313354,0.115663,0.015941,0.480564,-0.193586,0.016101,0.260870,0.118112,0.015973,0.007412,-0.170811,0.024732
0.322121,-0.019695,0.206616,0.516791,0.075606,0.198731,0.507037,-0.132650,0.216014,0.137205,0.093260,0.197219,0.127450,-0.114997,0.214501,0.327409,0.115019,0.016614,0.480454,-0.193655,0.016054,0.261867,0.118026,0.015849,0.022244,-0.169916,0.043499
0.332391,-0.021179,0.194629,0.527084,0.073869,0.184553,0.517252,-0.134390,0.201771,0.147530,0.092031,0.187487,0.137697,-0.116227,0.204705,0.345150,0.114550,0.020492,0.480599,-0.193667,0.016078,0.262989,0.118051,0.015915,0.048858,-0.169626,0.060315
0.342894,-0.022736,0.182469,0.537566,0.072469,0.173529,0.527802,-0.135793,0.190740,0.157987,0.090322,0.174198,0.148222,-0.117940,0.191409,0.366842,0.114152,0.028602,0.481079,-0.193695,0.016027,0.263981,0.117938,0.016054,0.083649,-0.170584,0.070206
0.353870,-0.024395,0.170767,0.548485,0.071263,0.166817,0.538767,-0.137017,0.183830,0.168973,0.088227,0.157704,0.159255,-0.120053,0.174717,0.395026,0.113431,0.036511,0.481833,-0.193726,0.015918,0.264988,0.117829,0.016074,0.121304,-0.172144,0.074196
0.365571,-0.026058,0.160169,0.559886,0.070174,0.164899,0.550031,-0.138134,0.181492,0.181112,0.086018,0.138845,0.171257,-0.122290,0.155438,0.430415,0.112010,0.040186,0.482786,-0.193797,0.015786,0.266141,0.117854,0.015995,0.156409,-0.173709,0.074131
0.378021,-0.027611,0.151740,0.571324,0.069488,0.167454,0.561454,-0.138849,0.183676,0.194589,0.083627,0.119804,0.184718,-0.124709,0.136027,0.472717,0.109929,0.040709,0.483853,-0.193891,0.015689,0.267270,0.117726,0.015827,0.186307,-0.175510,0.070695
0.390880,-0.028721,0.146743,0.582454,0.069287,0.173854,0.572544,-0.139059,0.189925,0.209215,0.081618,0.103560,0.199306,-0.126729,0.119632,0.518123,0.107894,0.043059,0.484945,-0.193955,0.015875,0.268590,0.117638,0.015507,0.211691,-0.177242,0.064041
0.403573,-0.029301,0.145684,0.593063,0.069621,0.182415,0.583186,-0.138711,0.198689,0.223959,0.080110,0.092679,0.214082,-0.128222,0.108954,0.558867,0.106398,0.048216,0.486036,-0.194013,0.016042,0.270218,0.117543,0.015702,0.235145,-0.179037,0.055490
0.415859,-0.029629,0.147773,0.603701,0.069942,0.190695,0.593873,-0.138378,0.207152,0.237846,0.079121,0.088393,0.228017,-0.129199,0.104851,0.589908,0.105051,0.049126,0.487097,-0.194078,0.016071,0.272196,0.117424,0.016007,0.258024,-0.180916,0.045877
0.428109,-0.030006,0.151375,0.615277,0.069776,0.196678,0.605484,-0.138557,0.212985,0.250733,0.078544,0.089764,0.240940,-0.129789,0.106072,0.610254,0.103439,0.040655,0.488231,-0.194102,0.016020,0.274423,0.117295,0.015992,0.277374,-0.182573,0.036675
0.440803,-0.030281,0.154782,0.628158,0.069462,0.199396,0.618367,-0.138865,0.215785,0.263238,0.078303,0.093778,0.253447,-0.130024,0.110167,0.617761,0.101552,0.020941,0.489410,-0.194174,0.015850,0.276608,0.117182,0.015820,0.294869,-0.184501,0.022581
0.453700,-0.030231,0.157776,0.641229,0.069703,0.201215,0.631681,-0.138610,0.217925,0.275718,0.078147,0.097627,0.266170,-0.130166,0.114336,0.619026,0.101510,0.016028,0.490684,-0.193991,0.015968,0.278673,0.117082,0.015682,0.301704,-0.185327,0.015992
0.465499,-0.030266,0.162735,0.652570,0.069894,0.207610,0.643075,-0.138408,0.224484,0.287923,0.077877,0.100985,0.278428,-0.130425,0.117859,0.620171,0.101505,0.016134,0.500102,-0.194313,0.017409,0.282511,0.118009,0.029875,0.303247,-0.185453,0.016017
0.476287,-0.030315,0.170122,0.662404,0.070158,0.218149,0.652987,-0.138163,0.234829,0.299587,0.077533,0.105415,0.290169,-0.130789,0.122095,0.621398,0.101468,0.016012,0.525486,-0.195053,0.022369,0.292654,0.119705,0.058171,0.304640,-0.185587,0.015909
0.486675,-0.030289,0.179310,0.671724,0.070467,0.230752,0.662363,-0.137881,0.247124,0.310987,0.077304,0.111496,0.301626,-0.131044,0.127868,0.622699,0.101409,0.015729,0.554897,-0.195813,0.029203,0.307479,0.121173,0.087003,0.305854,-0.185673,0.015845
0.496877,-0.030193,0.189535,0.680937,0.070783,0.244002,0.671579,-0.137582,0.260160,0.322174,0.077196,0.118910,0.312816,-0.131169,0.135068,0.624006,0.101271,0.015740,0.587479,-0.196873,0.035311,0.322661,0.122110,0.109931,0.306803,-0.185792,0.015647
0.507004,-0.030045,0.200372,0.690221,0.071094,0.257325,0.680865,-0.137288,0.273259,0.333144,0.077199,0.127485,0.323787,-0.131183,0.143419,0.625330,0.101184,0.016013,0.625456,-0.198200,0.040860,0.335177,0.122472,0.124024,0.307489,-0.185847,0.015687
0.517183,-0.029892,0.211066,0.699816,0.071351,0.269685,0.690466,-0.137044,0.285446,0.343899,0.077261,0.136686,0.334550,-0.131135,0.152448,0.626669,0.101078,0.016077,0.666763,-0.199665,0.046680,0.345932,0.122536,0.133268,0.307937,-0.185910,0.015694
0.527510,-0.029697,0.220913,0.710009,0.071565,0.279914,0.700674,-0.136838,0.295587,0.354346,0.077444,0.146239,0.345010,-0.130959,0.161911,0.628084,0.101012,0.016011,0.709308,-0.201077,0.053195,0.355991,0.122592,0.140893,0.308172,-0.185928,0.015708
0.538108,-0.029541,0.229433,0.721094,0.071609,0.287104,0.711782,-0.136797,0.302746,0.364435,0.077715,0.156120,0.355122,-0.130691,0.171762,0.629488,0.100964,0.015817,0.751038,-0.202354,0.060533,0.364670,0.122192,0.140985,0.308207,-0.185930,0.015717
0.549124,-0.029419,0.236310,0.733223,0.071457,0.290832,0.723895,-0.136942,0.306561,0.374353,0.078104,0.166060,0.365024,-0.130295,0.181789,0.630779,0.100926,0.016006,0.788799,-0.203534,0.067241,0.373867,0.121109,0.131063,0.308090,-0.185905,0.015719
0.560693,-0.029308,0.241365,0.746410,0.071177,0.290893,0.737079,-0.137206,0.306842,0.384307,0.078589,0.175888,0.374976,-0.129793,0.191837,0.631958,0.100895,0.016058,0.818781,-0.204553,0.070871,0.388087,0.119065,0.110780,0.307864,-0.185896,0.015724
0.572820,-0.029263,0.244547,0.760508,0.070653,0.287342,0.751128,-0.137702,0.303609,0.394513,0.079177,0.185484,0.385133,-0.129178,0.201751,0.632932,0.100850,0.016051,0.838731,-0.205581,0.069211,0.414198,0.115843,0.081969,0.307553,-0.185845,0.015713
0.585322,-0.029366,0.245688,0.775089,0.069857,0.280108,0.765698,-0.138473,0.296692,0.404947,0.079742,0.194684,0.395556,-0.128588,0.211268,0.633723,0.100845,0.015998,0.848535,-0.206574,0.061436,0.457066,0.111770,0.053209,0.307178,-0.185813,0.015688
0.597986,-0.029732,0.244444,0.789688,0.068659,0.269157,0.780296,-0.139656,0.285930,0.415677,0.080192,0.202958,0.406284,-0.128123,0.219730,0.634400,0.100915,0.015930,0.849103,-0.207583,0.047695,0.510300,0.108190,0.036798,0.306817,-0.185711,0.015674
0.610755,-0.030506,0.240544,0.804005,0.066997,0.254288,0.794679,-0.141317,0.271108,0.426832,0.080305,0.209980,0.417506,-0.128009,0.226800,0.634956,0.100956,0.015839,0.842466,-0.208574,0.029914,0.555873,0.106023,0.034754,0.306500,-0.185718,0.015816
0.623565,-0.031963,0.234100,0.817898,0.064325,0.236188,0.808350,-0.144018,0.252525,0.438780,0.080091,0.215675,0.429232,-0.128251,0.232013,0.635410,0.101046,0.015836,0.834095,-0.209371,0.016141,0.586607,0.104927,0.036808,0.307175,-0.185250,0.015785
0.635665,-0.033409,0.225977,0.830234,0.062081,0.217854,0.820699,-0.146285,0.233903,0.450632,0.079466,0.218051,0.441097,-0.128899,0.234100,0.637113,0.100997,0.015926,0.833450,-0.209288,0.015943,0.606568,0.103926,0.035804,0.312220,-0.185446,0.015810
0.646807,-0.034527,0.216292,0.841149,0.060356,0.199873,0.831645,-0.148000,0.216069,0.461969,0.078946,0.216514,0.452465,-0.129409,0.232711,0.637828,0.100972,0.016000,0.833060,-0.209254,0.015955,0.612873,0.103447,0.033197,0.321817,-0.185849,0.017042
0.657096,-0.035465,0.205682,0.851146,0.058968,0.184046,0.841600,-0.149364,0.200516,0.472592,0.078433,0.210847,0.463046,-0.129899,0.227318,0.644980,0.100771,0.016026,0.832918,-0.209195,0.015983,0.609825,0.102938,0.023062,0.334144,-0.185031,0.032526
0.667334,-0.036171,0.193193,0.861312,0.057969,0.169713,0.851660,-0.150300,0.186900,0.483008,0.077958,0.199486,0.473356,-0.130311,0.216674,0.658967,0.100312,0.015967,0.833076,-0.209194,0.016013,0.609775,0.102578,0.015805,0.356242,-0.184306,0.049821
0.677665,-0.037323,0.179801,0.871678,0.056979,0.157279,0.862162,-0.151249,0.175028,0.493168,0.076603,0.184574,0.483652,-0.131625,0.202323,0.676053,0.100070,0.022229,0.833475,-0.209150,0.016067,0.610839,0.102511,0.015906,0.390438,-0.184857,0.063535
0.688315,-0.038807,0.166774,0.882666,0.055834,0.149104,0.873089,-0.152384,0.166943,0.503542,0.074770,0.166604,0.493965,-0.133448,0.184444,0.699373,0.099866,0.031661,0.834137,-0.209175,0.016170,0.611883,0.102548,0.016004,0.430931,-0.186090,0.069163
0.699515,-0.040646,0.155072,0.894106,0.054753,0.146439,0.884523,-0.153501,0.163846,0.514507,0.072210,0.146299,0.504924,-0.136044,0.163706,0.727755,0.099125,0.039486,0.835125,-0.209232,0.016124,0.612822,0.102455,0.016059,0.470874,-0.187907,0.070709
0.711502,-0.042622,0.145626,0.905753,0.053769,0.149699,0.896132,-0.154557,0.166206,0.526872,0.069313,0.125046,0.517251,-0.139012,0.141553,0.760769,0.097560,0.041854,0.836262,-0.209340,0.015933,0.613717,0.102306,0.016036,0.505481,-0.189823,0.069446
0.724176,-0.044296,0.139573,0.917038,0.053117,0.158449,0.907310,-0.155275,0.174027,0.541043,0.066682,0.105120,0.531315,-0.141710,0.120698,0.799497,0.095358,0.039763,0.837454,-0.209469,0.015786,0.614695,0.102203,0.015930,0.533568,-0.191658,0.064291
0.736914,-0.045502,0.138053,0.927232,0.052933,0.171683,0.917448,-0.155512,0.186493,0.556380,0.064509,0.089614,0.546597,-0.143937,0.104424,0.842767,0.093092,0.039097,0.838611,-0.209559,0.015731,0.615953,0.102074,0.015680,0.557164,-0.193451,0.056514
0.748946,-0.046127,0.141116,0.936073,0.053252,0.187464,0.926270,-0.155217,0.201915,0.571621,0.062963,0.080316,0.561818,-0.145507,0.094767,0.884628,0.091267,0.043003,0.839741,-0.209650,0.015938,0.617674,0.101933,0.015781,0.578509,-0.195126,0.048244
0.759996,-0.046436,0.147622,0.944241,0.053635,0.203126,0.934454,-0.154856,0.217269,0.585538,0.061984,0.077974,0.575751,-0.146508,0.092118,0.917661,0.089759,0.044981,0.840836,-0.209717,0.016040,0.619869,0.101772,0.015989,0.598869,-0.196809,0.038886
0.770589,-0.046913,0.155580,0.953187,0.053329,0.215998,0.943363,-0.155204,0.229495,0.597815,0.061377,0.081664,0.587990,-0.147155,0.095161,0.939938,0.088178,0.040315,0.841944,-0.209836,0.016044,0.622286,0.101576,0.016093,0.616453,-0.198418,0.028318
0.781443,-0.047657,0.162835,0.963673,0.052368,0.224708,0.953812,-0.156220,0.237294,0.609074,0.060906,0.088376,0.599213,-0.147682,0.100962,0.950674,0.086723,0.028438,0.843056,-0.209922,0.015972,0.624435,0.101389,0.015880,0.628922,-0.199789,0.016112
0.792841,-0.047607,0.168668,0.975873,0.052241,0.228425,0.965822,-0.156308,0.241488,0.619860,0.061093,0.095847,0.609810,-0.147456,0.108910,0.949516,0.085798,0.016011,0.848976,-0.210371,0.016348,0.626234,0.101377,0.016005,0.630378,-0.199862,0.015941
0.803774,-0.047409,0.174851,0.987257,0.052432,0.233223,0.977177,-0.156091,0.246693,0.630372,0.061273,0.103010,0.620292,-0.147250,0.116480,0.950589,0.085767,0.015952,0.870385,-0.211372,0.016874,0.627516,0.102421,0.031991,0.631658,-0.199896,0.015880
0.814242,-0.047485,0.182211,0.997632,0.052378,0.240832,0.987572,-0.156149,0.254253,0.640912,0.061178,0.110168,0.630851,-0.147348,0.123589,0.951747,0.085698,0.015690,0.898357,-0.212456,0.020958,0.634862,0.103808,0.059535,0.632737,-0.199979,0.015701
0.824569,-0.047596,0.190938,1.007781,0.052272,0.250107,0.997750,-0.156269,0.263323,0.651388,0.061078,0.118554,0.641356,-0.147463,0.131770,0.952956,0.085650,0.015758,0.928351,-0.213507,0.026916,0.647061,0.104914,0.087539,0.633595,-0.200039,0.015708
0.834946,-0.047722,0.200751,1.018055,0.052100,0.260315,1.008021,-0.156455,0.273298,0.661870,0.061011,0.128205,0.651837,-0.147544,0.141188,0.954215,0.085553,0.016002,0.963469,-0.214819,0.033690,0.660570,0.105630,0.111583,0.634182,-0.200096,0.015716
0.845534,-0.047840,0.210948,1.028741,0.051879,0.270381,1.018689,-0.156690,0.283130,0.672379,0.061010,0.138766,0.662326,-0.147559,0.151515,0.955533,0.085448,0.016055,1.003606,-0.216340,0.041193,0.673062,0.106019,0.129845,0.634526,-0.200106,0.015742
0.856391,-0.047962,0.220511,1.040084,0.051618,0.278664,1.030049,-0.156962,0.291243,0.682733,0.061038,0.149778,0.672698,-0.147543,0.162358,0.956916,0.085363,0.015984,1.046355,-0.217933,0.049134,0.683463,0.106008,0.140172,0.634653,-0.200138,0.015762
0.867596,-0.048138,0.228710,1.052276,0.051207,0.284073,1.042264,-0.157382,0.296518,0.692928,0.061107,0.160901,0.682916,-0.147482,0.173347,0.958273,0.085295,0.015793,1.088502,-0.219460,0.057260,0.692414,0.105483,0.140262,0.634606,-0.200149,0.015765
0.879299,-0.048328,0.235034,1.065444,0.050673,0.285926,1.055425,-0.157916,0.298370,0.703173,0.061259,0.171699,0.693154,-0.147330,0.184143,0.959505,0.085240,0.015984,1.125460,-0.220884,0.063362,0.703057,0.104283,0.128716,0.634441,-0.200138,0.015770
0.891596,-0.048542,0.239275,1.079530,0.050033,0.284052,1.069509,-0.158550,0.296603,0.713684,0.061466,0.181946,0.703662,-0.147117,0.194497,0.960589,0.085205,0.016037,1.152967,-0.222088,0.064868,0.721103,0.102136,0.106190,0.634205,-0.200118,0.015774
0.904402,-0.048859,0.241348,1.094300,0.049163,0.278382,1.084254,-0.159409,0.291078,0.724550,0.061692,0.191619,0.714504,-0.146881,0.204315,0.961504,0.085178,0.016038,1.169172,-0.223167,0.059742,0.753667,0.098867,0.076466,0.633914,-0.200063,0.015752
0.917474,-0.049351,0.241113,1.109264,0.048071,0.268806,1.099262,-0.160496,0.281625,0.735687,0.061795,0.200600,0.725685,-0.146772,0.213419,0.962237,0.085171,0.015994,1.174114,-0.224086,0.047132,0.803810,0.094867,0.050119,0.633582,-0.200093,0.015751
0.930737,-0.050087,0.238401,1.124099,0.046680,0.255392,1.114187,-0.161893,0.268182,0.747288,0.061719,0.208619,0.737376,-0.146854,0.221409,0.962925,0.085242,0.015936,1.169312,-0.224791,0.028612,0.857146,0.091716,0.039538,0.633252,-0.200105,0.015739
0.944165,-0.051361,0.233232,1.138611,0.044580,0.238460,1.128656,-0.164007,0.250990,0.759675,0.061285,0.215475,0.749720,-0.147302,0.228004,0.963582,0.085146,0.015870,1.163538,-0.225363,0.016131,0.897717,0.089720,0.039676,0.633121,-0.200072,0.015729
0.956809,-0.052479,0.226492,1.151558,0.042839,0.221167,1.141631,-0.165756,0.233589,0.771987,0.060798,0.219395,0.762059,-0.147797,0.231817,0.964254,0.085106,0.015818,1.162976,-0.225317,0.015904,0.924433,0.088454,0.040214,0.635509,-0.200229,0.015651
0.968678,-0.053345,0.218347,1.163258,0.041485,0.204671,1.153339,-0.167100,0.217275,0.784017,0.060410,0.219420,0.774098,-0.148174,0.232023,0.965009,0.085092,0.015935,1.162650,-0.225295,0.015896,0.938616,0.087487,0.034810,0.641828,-0.200542,0.015666
0.979443,-0.054356,0.208672,1.173607,0.040059,0.188004,1.163681,-0.168520,0.200678,0.795204,0.059809,0.216666,0.785278,-0.148771,0.229339,0.965803,0.085084,0.016013,1.162423,-0.225274,0.015874,0.942419,0.087239,0.033173,0.652814,-0.200833,0.018991
0.989359,-0.055225,0.198347,1.183166,0.038967,0.173690,1.173266,-0.169600,0.186593,0.805453,0.059149,0.210100,0.795553,-0.149418,0.223004,0.976051,0.084631,0.016010,1.162454,-0.225234,0.015912,0.937643,0.086829,0.022062,0.667945,-0.200518,0.035992
0.999389,-0.055790,0.186135,1.193181,0.038353,0.161176,1.183324,-0.170166,0.174866,0.815453,0.058586,0.197405,0.805597,-0.149933,0.211095,0.991698,0.084005,0.016933,1.162805,-0.225229,0.015932,0.937048,0.086517,0.015840,0.694195,-0.200716,0.051924
1.009631,-0.056747,0.173105,1.203662,0.037623,0.151032,1.193903,-0.170866,0.165235,0.825359,0.057371,0.180976,0.815600,-0.151118,0.195179,1.011525,0.083494,0.022917,1.163381,-0.225206,0.016038,0.938092,0.086456,0.015937,0.731499,-0.201876,0.061742
1.020297,-0.058086,0.160553,1.214801,0.036681,0.145431,1.204981,-0.171807,0.159617,0.835614,0.055634,0.161490,0.825793,-0.152853,0.175676,1.035486,0.083049,0.032520,1.164228,-0.225252,0.016188,0.939134,0.086465,0.016016,0.772894,-0.203502,0.064942
1.031615,-0.059795,0.149601,1.226311,0.035695,0.145577,1.216473,-0.172832,0.159157,0.846756,0.053241,0.140046,0.836919,-0.155286,0.153626,1.064001,0.082058,0.039757,1.165351,-0.225333,0.016098,0.940058,0.086360,0.016041,0.811703,-0.205433,0.065486
1.043746,-0.061493,0.141371,1.237783,0.034848,0.151815,1.227890,-0.173734,0.164475,0.859601,0.050748,0.118267,0.849708,-0.157834,0.130927,1.097670,0.080359,0.041110,1.166573,-0.225428,0.015902,0.940970,0.086264,0.015966,0.844163,-0.207275,0.063056
1.056377,-0.062927,0.137213,1.248466,0.034284,0.163539,1.238517,-0.174347,0.175320,0.874238,0.048492,0.099106,0.864289,-0.160139,0.110887,1.137319,0.078133,0.039117,1.167744,-0.225556,0.015759,0.942033,0.086129,0.015811,0.870578,-0.209090,0.056402
1.068721,-0.063923,0.137989,1.257734,0.034084,0.179338,1.247728,-0.174581,0.190453,0.889714,0.046735,0.085525,0.879707,-0.161930,0.096640,1.180673,0.075928,0.040083,1.168871,-0.225670,0.015786,0.943467,0.086003,0.015666,0.893275,-0.210734,0.048068
1.080057,-0.064487,0.143250,1.265594,0.034222,0.196854,1.255591,-0.174465,0.207544,0.904522,0.045490,0.078955,0.894519,-0.163197,0.089645,1.220333,0.074149,0.044488,1.169954,-0.225738,0.015909,0.945401,0.085861,0.015874,0.914198,-0.212278,0.039356
1.090421,-0.065002,0.151431,1.273140,0.034094,0.213358,1.263147,-0.174622,0.223476,0.917695,0.044617,0.079386,0.907702,-0.164099,0.089505,1.250181,0.072574,0.044746,1.171042,-0.225825,0.016014,0.947711,0.085664,0.016035,0.933152,-0.213760,0.029944
1.100581,-0.065784,0.160346,1.281860,0.033213,0.226516,1.271792,-0.175542,0.235719,0.929369,0.043973,0.084973,0.919301,-0.164782,0.094175,1.269119,0.071072,0.038183,1.172138,-0.225968,0.016014,0.950034,0.085483,0.016000,0.949378,-0.215169,0.017277
1.111168,-0.066422,0.168167,1.292722,0.032141,0.234232,1.282350,-0.176619,0.242963,0.939987,0.043776,0.093370,0.929614,-0.164984,0.102101,1.275336,0.069788,0.024710,1.174492,-0.226287,0.016239,0.951876,0.085487,0.015808,0.951269,-0.215208,0.015965
1.122054,-0.066437,0.174790,1.304409,0.032056,0.238718,1.294018,-0.176694,0.247679,0.950089,0.043820,0.101900,0.939698,-0.164929,0.110861,1.275336,0.069485,0.015864,1.191025,-0.227059,0.016035,0.953450,0.085611,0.018273,0.952670,-0.215200,0.015898
1.132714,-0.066494,0.181561,1.315425,0.032011,0.244449,1.305039,-0.176730,0.253626,0.960390,0.043742,0.109496,0.950004,-0.164999,0.118673,1.276438,0.069445,0.015731,1.216194,-0.228182,0.018826,0.956050,0.086368,0.038073,0.953807,-0.215265,0.015708
1.143090,-0.066689,0.189545,1.325906,0.031801,0.252149,1.315537,-0.176941,0.261290,0.970642,0.043564,0.117800,0.960274,-0.165179,0.126941,1.277601,0.069400,0.015793,1.243204,-0.229301,0.023723,0.963966,0.087137,0.065081,0.954722,-0.215320,0.015774
1.153426,-0.066956,0.198807,1.336366,0.031478,0.261137,1.326005,-0.177271,0.270138,0.980847,0.043360,0.127476,0.970486,-0.165389,0.136477,1.278825,0.069309,0.015921,1.274782,-0.230636,0.029895,0.975650,0.087626,0.091759,0.955347,-0.215390,0.015781
1.163951,-0.067200,0.208763,1.347157,0.031140,0.270456,1.336790,-0.177615,0.279306,0.991112,0.043216,0.138220,0.980745,-0.165540,0.147069,1.280115,0.069231,0.016020,1.312167,-0.232207,0.037085,0.988250,0.087882,0.114089,0.955724,-0.215409,0.015789
1.174757,-0.067451,0.218439,1.358524,0.030781,0.278615,1.348182,-0.177980,0.287347,1.001333,0.043077,0.149530,0.990991,-0.165684,0.158262,1.281475,0.069159,0.015988,1.353600,-0.233940,0.044768,0.999704,0.087850,0.129111,0.955874,-0.215448,0.015800
1.185925,-0.067684,0.226968,1.370717,0.030369,0.284225,1.360383,-0.178395,0.292912,1.011466,0.043026,0.161025,1.001132,-0.165738,0.169712,1.282821,0.069097,0.015831,1.396234,-0.235706,0.052784,1.009776,0.087537,0.134152,0.955835,-0.215444,0.015818
1.197593,-0.067928,0.233711,1.383867,0.029883,0.286398,1.373542,-0.178879,0.295135,1.021643,0.043022,0.172288,1.011319,-0.165740,0.181024,1.284051,0.069045,0.015886,1.435419,-0.237338,0.059667,1.020794,0.086737,0.127548,0.955666,-0.215446,0.015826
