-0.006241,-0.004496,0.329780,0.184876,0.098049,0.329850,0.182556,-0.111015,0.322676,-0.195038,0.102024,0.336884,-0.197358,-0.107040,0.329709,0.191050,0.149418,0.156222,0.168285,-0.149926,0.135890,-0.168605,0.153579,0.151305,-0.191954,-0.145893,0.134888
-0.008682,-0.005995,0.311780,0.182029,0.097242,0.308223,0.180451,-0.111925,0.304812,-0.197816,0.099935,0.318747,-0.199393,-0.109231,0.315337,0.135872,0.146178,0.116207,0.169305,-0.154364,0.124858,-0.163457,0.148329,0.122760,-0.194515,-0.151346,0.108093
-0.010544,-0.007595,0.290442,0.178931,0.097771,0.284254,0.179745,-0.111426,0.283332,-0.200833,0.096235,0.297553,-0.200019,-0.112961,0.296631,0.100868,0.143795,0.085453,0.147666,-0.156187,0.098797,-0.169795,0.142699,0.095246,-0.208480,-0.157468,0.075081
-0.013161,-0.009321,0.266336,0.175107,0.098084,0.258541,0.178214,-0.111093,0.258627,-0.204535,0.092451,0.274045,-0.201428,-0.116726,0.274130,0.093287,0.142240,0.053981,0.121437,-0.157474,0.056317,-0.181616,0.138159,0.060568,-0.214660,-0.162474,0.038104
-0.017273,-0.010780,0.238880,0.170495,0.097343,0.229205,0.174398,-0.111820,0.229167,-0.208944,0.090260,0.248593,-0.205041,-0.118904,0.248555,0.090042,0.141338,0.015290,0.114805,-0.158352,0.015354,-0.185688,0.136192,0.022630,-0.210411,-0.164420,0.015925
-0.018677,-0.011667,0.217829,0.168723,0.096638,0.203950,0.172764,-0.112521,0.202996,-0.210118,0.089187,0.232663,-0.206076,-0.119972,0.231709,0.088956,0.141413,0.015912,0.113556,-0.158270,0.015781,-0.185282,0.136115,0.015773,-0.209400,-0.164511,0.015913
-0.015266,-0.012344,0.207114,0.172102,0.096024,0.193306,0.176154,-0.113130,0.191563,-0.206687,0.088441,0.222665,-0.202635,-0.120713,0.220921,0.089002,0.141353,0.015924,0.113521,-0.158338,0.015859,-0.184565,0.136053,0.015965,-0.208491,-0.164577,0.015856
-0.008751,-0.012136,0.199315,0.178706,0.096249,0.186919,0.182790,-0.112904,0.185208,-0.200292,0.088631,0.213421,-0.196208,-0.120522,0.211711,0.092052,0.141415,0.015931,0.114008,-0.158323,0.015883,-0.183669,0.136030,0.015975,-0.207447,-0.164601,0.015905
-0.001526,-0.011723,0.190616,0.185945,0.096652,0.178342,0.190034,-0.112502,0.176852,-0.193086,0.089057,0.204380,-0.188997,-0.120098,0.202890,0.096478,0.141520,0.015925,0.114537,-0.158292,0.015898,-0.182656,0.136063,0.015936,-0.206458,-0.164567,0.015834
0.005402,-0.011297,0.180713,0.192827,0.097051,0.167533,0.196898,-0.112106,0.166299,-0.186095,0.089511,0.195128,-0.182023,-0.119645,0.193893,0.098814,0.141575,0.015903,0.115090,-0.158270,0.015886,-0.181605,0.136116,0.015880,-0.205385,-0.164508,0.015753
0.011986,-0.010630,0.171013,0.199328,0.097676,0.156379,0.203393,-0.111484,0.155753,-0.179421,0.090225,0.186272,-0.175356,-0.118935,0.185646,0.101061,0.141645,0.015861,0.115681,-0.158229,0.015904,-0.180594,0.136171,0.015855,-0.204376,-0.164450,0.015836
0.018532,-0.009613,0.162985,0.205829,0.098594,0.147105,0.209877,-0.110566,0.147598,-0.172813,0.091340,0.178372,-0.168765,-0.117820,0.178865,0.105733,0.141806,0.015928,0.116333,-0.158146,0.015847,-0.179604,0.136284,0.015787,-0.199515,-0.164259,0.015721
0.025528,-0.008333,0.157385,0.212878,0.099753,0.141301,0.216916,-0.109398,0.143329,-0.165860,0.092732,0.171441,-0.161822,-0.116419,0.173468,0.125942,0.142325,0.016539,0.117052,-0.158022,0.015912,-0.178607,0.136437,0.015748,-0.185590,-0.163868,0.015706
0.033203,-0.007107,0.153259,0.220599,0.100924,0.137341,0.224691,-0.108206,0.140904,-0.158284,0.093992,0.165615,-0.154193,-0.115137,0.169177,0.162185,0.143258,0.020610,0.117820,-0.157891,0.015946,-0.177615,0.136529,0.015866,-0.161705,-0.163294,0.019823
0.041443,-0.005922,0.149137,0.228854,0.102022,0.132827,0.232971,-0.107076,0.137898,-0.150085,0.095231,0.160375,-0.145969,-0.113867,0.165446,0.191644,0.144088,0.022569,0.118652,-0.157756,0.015940,-0.176594,0.136676,0.015849,-0.128323,-0.162407,0.024642
0.049477,-0.004578,0.144554,0.236633,0.103531,0.126496,0.241142,-0.105500,0.133583,-0.142188,0.096345,0.155524,-0.137680,-0.112686,0.162611,0.195799,0.144391,0.016010,0.119511,-0.157603,0.015831,-0.175464,0.136376,0.015787,-0.083188,-0.161665,0.024964
0.056816,-0.004234,0.140823,0.243922,0.103828,0.121977,0.248448,-0.105186,0.129547,-0.134816,0.096717,0.152098,-0.130290,-0.112297,0.159668,0.196699,0.144458,0.016020,0.120301,-0.157572,0.015773,-0.174592,0.136412,0.015847,-0.034334,-0.160677,0.022512
0.063530,-0.005186,0.136802,0.250825,0.102750,0.119147,0.255019,-0.106331,0.124842,-0.127959,0.095958,0.148762,-0.123765,-0.113122,0.154457,0.197610,0.144348,0.015976,0.132726,-0.157172,0.017926,-0.167828,0.137013,0.015790,-0.005608,-0.159964,0.017289
0.069847,-0.006332,0.132342,0.257178,0.101747,0.115994,0.261357,-0.107375,0.119869,-0.121663,0.094710,0.144814,-0.117483,-0.114412,0.148689,0.198437,0.144185,0.015884,0.155834,-0.156763,0.022112,-0.154167,0.137135,0.015722,-0.005063,-0.160094,0.015864
0.076340,-0.006601,0.129330,0.263712,0.101521,0.113759,0.267879,-0.107611,0.117051,-0.115200,0.094409,0.141608,-0.111032,-0.114724,0.144900,0.199290,0.144160,0.015779,0.176205,-0.156292,0.028803,-0.138773,0.137424,0.015801,-0.004495,-0.160096,0.015891
0.083267,-0.006250,0.128241,0.270712,0.101877,0.113612,0.274894,-0.107248,0.117300,-0.108360,0.094748,0.139182,-0.104178,-0.114378,0.142870,0.200167,0.144207,0.015788,0.188297,-0.155896,0.035104,-0.123517,0.137735,0.015811,-0.003843,-0.160077,0.015878
0.090378,-0.005632,0.128471,0.277916,0.102479,0.114964,0.282102,-0.106632,0.119416,-0.101347,0.095367,0.137527,-0.097160,-0.113744,0.141978,0.200996,0.144298,0.015819,0.196513,-0.155502,0.040135,-0.109464,0.138082,0.015775,-0.003128,-0.160014,0.015941
0.097496,-0.004898,0.129282,0.285133,0.103184,0.116961,0.289305,-0.105905,0.122345,-0.094313,0.096109,0.136219,-0.090141,-0.112980,0.141603,0.201757,0.144390,0.015827,0.204769,-0.155084,0.043982,-0.096745,0.138432,0.015737,-0.002405,-0.159940,0.015904
0.104584,-0.004108,0.130215,0.292307,0.103951,0.119077,0.296462,-0.105110,0.125464,-0.087295,0.096893,0.134966,-0.083140,-0.112168,0.141352,0.202481,0.144495,0.015905,0.214967,-0.154606,0.047011,-0.084997,0.138776,0.015723,-0.001668,-0.159865,0.015790
0.111595,-0.003342,0.131126,0.299394,0.104698,0.121122,0.303520,-0.104332,0.128476,-0.080330,0.097649,0.133776,-0.076204,-0.111381,0.141129,0.203128,0.144585,0.015965,0.227801,-0.154082,0.049779,-0.074738,0.139159,0.017606,-0.000945,-0.159797,0.015674
0.118660,-0.002621,0.132010,0.306517,0.105411,0.123063,0.310615,-0.103587,0.131299,-0.073295,0.098345,0.132721,-0.069197,-0.110652,0.140957,0.203826,0.144673,0.015996,0.243058,-0.153503,0.052679,-0.065303,0.139614,0.021528,-0.000178,-0.159733,0.015595
0.125847,-0.001955,0.132998,0.313744,0.106081,0.124991,0.317819,-0.102885,0.134008,-0.066125,0.098975,0.131988,-0.062050,-0.109991,0.141005,0.204512,0.144748,0.015996,0.259796,-0.152896,0.055720,-0.055893,0.140143,0.026947,0.000598,-0.159678,0.015671
0.133209,-0.001350,0.134267,0.321131,0.106700,0.127066,0.325191,-0.102237,0.136736,-0.058772,0.099536,0.131797,-0.054712,-0.109401,0.141468,0.205173,0.144811,0.015950,0.277199,-0.152295,0.058561,-0.045916,0.140732,0.033260,0.001361,-0.159635,0.015801
0.140854,-0.000860,0.135967,0.328779,0.107228,0.129468,0.332848,-0.101689,0.139539,-0.051141,0.099969,0.132394,-0.047071,-0.108949,0.142465,0.205828,0.144866,0.015817,0.295336,-0.151723,0.060879,-0.034698,0.141324,0.039525,0.002162,-0.159606,0.015826
0.148788,-0.000534,0.137777,0.336702,0.107606,0.131832,0.340799,-0.101305,0.142045,-0.043222,0.100237,0.133508,-0.039125,-0.108674,0.143721,0.206525,0.144892,0.015767,0.313512,-0.151301,0.061294,-0.021077,0.141828,0.044406,0.002981,-0.159611,0.015865
0.156921,-0.000553,0.139023,0.344799,0.107674,0.133559,0.348967,-0.101252,0.143403,-0.035125,0.100146,0.134644,-0.030957,-0.108781,0.144488,0.207230,0.144892,0.015836,0.330801,-0.151129,0.058401,-0.003346,0.142121,0.046178,0.003793,-0.159654,0.015946
0.165199,-0.001068,0.139094,0.353040,0.107239,0.133918,0.357279,-0.101733,0.142717,-0.026880,0.099597,0.135470,-0.022641,-0.109375,0.144270,0.208008,0.144826,0.015896,0.345908,-0.151363,0.050108,0.020714,0.142221,0.044263,0.004734,-0.159721,0.015982
0.173653,-0.002094,0.137531,0.361442,0.106299,0.132306,0.365769,-0.102738,0.139326,-0.018464,0.098550,0.135737,-0.014136,-0.110488,0.142757,0.208793,0.144718,0.015976,0.356748,-0.151990,0.032722,0.053375,0.142321,0.040414,0.005781,-0.159819,0.015964
0.181953,-0.003429,0.134100,0.369596,0.105183,0.128184,0.374157,-0.103915,0.132880,-0.010250,0.097056,0.135321,-0.005689,-0.112041,0.140017,0.209599,0.144644,0.015969,0.357153,-0.152386,0.015887,0.092187,0.142573,0.037809,0.006812,-0.160029,0.015881
0.189491,-0.004036,0.129899,0.376547,0.105536,0.123184,0.382207,-0.103528,0.128160,-0.003225,0.095456,0.131639,0.002435,-0.113608,0.136614,0.225887,0.144385,0.015954,0.358055,-0.152336,0.015766,0.122021,0.141887,0.029119,0.007927,-0.161816,0.015737
0.197060,-0.003672,0.125105,0.383766,0.106501,0.118465,0.390120,-0.102508,0.124751,0.003999,0.095165,0.125458,0.010354,-0.113844,0.131744,0.253533,0.144965,0.016468,0.358968,-0.152221,0.015877,0.127769,0.141122,0.015828,0.009210,-0.162857,0.015802
0.204887,-0.003071,0.121520,0.391605,0.107072,0.114719,0.397946,-0.101911,0.121812,0.011829,0.095770,0.121227,0.018170,-0.113214,0.128320,0.288227,0.146177,0.018796,0.359874,-0.152154,0.016022,0.128348,0.141222,0.015729,0.010254,-0.162769,0.015831
0.212631,-0.002674,0.119692,0.399351,0.107452,0.112673,0.405687,-0.101519,0.120135,0.019575,0.096171,0.119248,0.025912,-0.112800,0.126711,0.319648,0.147419,0.025427,0.360857,-0.152097,0.015991,0.129062,0.141296,0.015786,0.012857,-0.162660,0.015711
0.220245,-0.002525,0.119027,0.406987,0.107598,0.112585,0.413295,-0.101380,0.119879,0.027196,0.096329,0.118175,0.033503,-0.112648,0.125469,0.344887,0.148474,0.033853,0.361790,-0.152060,0.015963,0.129781,0.141353,0.015855,0.019133,-0.162411,0.015706
0.227676,-0.002571,0.119201,0.414457,0.107543,0.113813,0.420709,-0.101454,0.120584,0.034644,0.096312,0.117818,0.040896,-0.112685,0.124589,0.363484,0.149157,0.041112,0.362699,-0.152076,0.015850,0.130582,0.141375,0.015942,0.027490,-0.162107,0.015736
0.234970,-0.002781,0.119946,0.421782,0.107336,0.115871,0.427986,-0.101687,0.121845,0.041954,0.096125,0.118047,0.048158,-0.112898,0.124021,0.377442,0.149526,0.046520,0.363549,-0.152120,0.015749,0.131395,0.141350,0.015946,0.036876,-0.161815,0.015783
0.242096,-0.003056,0.121030,0.428930,0.107070,0.118450,0.435097,-0.101978,0.123527,0.049095,0.095867,0.118534,0.055262,-0.113181,0.123611,0.388544,0.149708,0.050351,0.364332,-0.152166,0.015759,0.132187,0.141309,0.015920,0.046616,-0.161537,0.015829
0.249069,-0.003365,0.122285,0.435922,0.106754,0.121253,0.442047,-0.102315,0.125399,0.056092,0.095586,0.119171,0.062217,-0.113484,0.123316,0.398163,0.149777,0.053208,0.365070,-0.152221,0.015820,0.132999,0.141267,0.015790,0.056193,-0.161254,0.016609
0.255936,-0.003685,0.123594,0.442797,0.106423,0.123977,0.448890,-0.102663,0.127194,0.062981,0.095293,0.119993,0.069074,-0.113793,0.123211,0.407138,0.149805,0.055515,0.365769,-0.152274,0.015860,0.133819,0.141227,0.015660,0.065322,-0.160982,0.018946
0.262764,-0.004005,0.124849,0.449628,0.106087,0.126389,0.455699,-0.103012,0.128708,0.069829,0.095001,0.120990,0.075899,-0.114098,0.123310,0.415877,0.149812,0.057182,0.366443,-0.152327,0.015844,0.134647,0.141186,0.015659,0.074484,-0.160732,0.022330
0.269562,-0.004261,0.125962,0.456426,0.105816,0.128379,0.462483,-0.103290,0.129933,0.076641,0.094768,0.121992,0.082697,-0.114338,0.123545,0.424617,0.149842,0.057973,0.367100,-0.152371,0.015904,0.135464,0.141154,0.015783,0.084370,-0.160484,0.026110
0.276413,-0.004391,0.126898,0.463277,0.105671,0.129931,0.469323,-0.103439,0.130931,0.083503,0.094657,0.122866,0.089549,-0.114453,0.123865,0.433705,0.149941,0.057666,0.367756,-0.152395,0.015931,0.136287,0.141142,0.015920,0.095653,-0.160196,0.029674
0.283394,-0.004347,0.127597,0.470259,0.105702,0.131022,0.476294,-0.103410,0.131751,0.090494,0.094716,0.123443,0.096528,-0.114396,0.124171,0.443260,0.150129,0.055628,0.368419,-0.152396,0.015917,0.137099,0.141156,0.015961,0.109022,-0.159824,0.032279
0.290680,-0.004091,0.127974,0.477552,0.105939,0.131586,0.483565,-0.103173,0.132396,0.097795,0.094990,0.123551,0.103807,-0.114122,0.124362,0.453368,0.150400,0.050852,0.369127,-0.152384,0.015882,0.137969,0.141197,0.015951,0.125617,-0.159317,0.033273
0.298317,-0.003540,0.127965,0.485209,0.106461,0.131471,0.491177,-0.102649,0.132817,0.105457,0.095569,0.123112,0.111425,-0.113541,0.124459,0.463945,0.150750,0.042418,0.369812,-0.152336,0.015792,0.138857,0.141301,0.015872,0.147001,-0.158587,0.032593
0.306358,-0.002493,0.127529,0.493265,0.107505,0.130262,0.499208,-0.101593,0.132951,0.113509,0.096607,0.122107,0.119452,-0.112491,0.124796,0.473950,0.151134,0.029630,0.370541,-0.152228,0.015831,0.139893,0.141463,0.015892,0.174884,-0.157584,0.031748
0.314781,-0.000717,0.126518,0.501647,0.109383,0.127009,0.507702,-0.099665,0.132196,0.121861,0.098231,0.120840,0.127915,-0.110817,0.126027,0.479568,0.151462,0.015609,0.371400,-0.151982,0.015880,0.141043,0.141663,0.015813,0.209506,-0.156251,0.032781
0.322845,0.000746,0.125723,0.509723,0.110811,0.123839,0.515787,-0.098171,0.131221,0.129904,0.099662,0.120225,0.135968,-0.109320,0.127607,0.480526,0.151644,0.015783,0.372113,-0.151910,0.015916,0.142130,0.141826,0.015822,0.247058,-0.154901,0.033969
0.330627,0.001036,0.124845,0.517535,0.111030,0.122010,0.523556,-0.097947,0.129556,0.137699,0.100018,0.120133,0.143720,-0.108959,0.127679,0.481495,0.151659,0.015920,0.376623,-0.151781,0.015967,0.143145,0.141905,0.015782,0.273954,-0.154179,0.031469
0.338058,0.000484,0.122741,0.525042,0.110350,0.119963,0.530923,-0.098677,0.126102,0.145194,0.099646,0.119381,0.151075,-0.109381,0.125519,0.482386,0.151586,0.016049,0.387712,-0.151429,0.015925,0.144607,0.142076,0.015842,0.283724,-0.154237,0.019963
0.345230,-0.000261,0.119704,0.532252,0.109546,0.117183,0.538062,-0.099525,0.121660,0.152398,0.099002,0.117747,0.158208,-0.110069,0.122224,0.483329,0.151499,0.016036,0.406554,-0.150922,0.015893,0.147127,0.142151,0.015814,0.284442,-0.154318,0.015807
0.352234,-0.000408,0.117510,0.539230,0.109437,0.114770,0.545087,-0.099642,0.118772,0.159381,0.098826,0.116248,0.165238,-0.110254,0.120249,0.484238,0.151482,0.015960,0.438275,-0.150020,0.019003,0.151645,0.142161,0.015712,0.284983,-0.154376,0.015745
0.359322,0.000017,0.116934,0.546359,0.109787,0.113962,0.552137,-0.099289,0.118293,0.166507,0.099323,0.115575,0.172284,-0.109752,0.119907,0.485152,0.151540,0.015853,0.462372,-0.149168,0.025573,0.159288,0.142532,0.015720,0.285688,-0.154252,0.015813
0.366318,0.000704,0.118105,0.553346,0.110482,0.114866,0.559142,-0.098573,0.120089,0.173493,0.099980,0.116122,0.179290,-0.109074,0.121345,0.486012,0.151619,0.015720,0.475772,-0.148535,0.033258,0.168421,0.142813,0.015732,0.286521,-0.154218,0.015861
0.373260,0.001575,0.120549,0.560293,0.111346,0.117315,0.566083,-0.097678,0.123627,0.180438,0.100829,0.117472,0.186228,-0.108195,0.123783,0.486759,0.151731,0.015770,0.483512,-0.147975,0.040133,0.178050,0.143179,0.015716,0.287291,-0.154140,0.015938
0.380135,0.002556,0.123612,0.567161,0.112343,0.120593,0.572958,-0.096640,0.128137,0.187311,0.101752,0.119087,0.193108,-0.107232,0.126630,0.487470,0.151847,0.015791,0.489870,-0.147413,0.045842,0.187714,0.143528,0.015688,0.288129,-0.154087,0.015977
0.386963,0.003607,0.126690,0.574007,0.113374,0.124084,0.579754,-0.095562,0.132890,0.194172,0.102776,0.120491,0.199918,-0.106160,0.129296,0.488126,0.151957,0.015837,0.496877,-0.146828,0.050348,0.197354,0.143953,0.015662,0.288954,-0.153996,0.015955
0.393715,0.004646,0.129399,0.580784,0.114384,0.127368,0.586452,-0.094499,0.137390,0.200978,0.103792,0.121407,0.206646,-0.105091,0.131430,0.488786,0.152060,0.015936,0.505615,-0.146221,0.053832,0.206862,0.144396,0.015655,0.289750,-0.153901,0.015855
0.400368,0.005663,0.131627,0.587455,0.115380,0.130255,0.593039,-0.093446,0.141444,0.207697,0.104772,0.121810,0.213281,-0.104054,0.132999,0.489388,0.152166,0.015995,0.516497,-0.145562,0.056756,0.216246,0.144864,0.016020,0.290460,-0.153800,0.015811
0.407005,0.006599,0.133422,0.594106,0.116300,0.132753,0.599599,-0.092469,0.145001,0.214411,0.105668,0.121843,0.219905,-0.103101,0.134090,0.490027,0.152257,0.016033,0.529578,-0.144877,0.059416,0.224875,0.145428,0.018559,0.291225,-0.153716,0.015664
0.413673,0.007442,0.134940,0.600770,0.117152,0.134969,0.606197,-0.091563,0.148123,0.221150,0.106448,0.121757,0.226577,-0.102267,0.134911,0.490627,0.152348,0.016029,0.544603,-0.144149,0.061995,0.233323,0.146079,0.022720,0.291955,-0.153640,0.015630
0.420441,0.008207,0.136449,0.607512,0.117957,0.137111,0.612909,-0.090710,0.151030,0.227973,0.107124,0.121869,0.233369,-0.101542,0.135788,0.491264,0.152439,0.016009,0.561026,-0.143392,0.064463,0.242145,0.146787,0.027873,0.292711,-0.153583,0.015712
0.427361,0.008860,0.138160,0.614406,0.118649,0.139338,0.619784,-0.089981,0.153804,0.234937,0.107700,0.122515,0.240315,-0.100930,0.136981,0.491894,0.152507,0.015913,0.578637,-0.142644,0.066866,0.251846,0.147530,0.033378,0.293456,-0.153540,0.015743
0.434525,0.009382,0.139968,0.621541,0.119217,0.141478,0.626930,-0.089391,0.156258,0.242119,0.108155,0.123678,0.247508,-0.100453,0.138458,0.492526,0.152561,0.015826,0.596932,-0.141968,0.068411,0.263148,0.148244,0.038513,0.294228,-0.153514,0.015806
0.441879,0.009630,0.141388,0.628876,0.119497,0.143083,0.634289,-0.089115,0.157797,0.249470,0.108375,0.124979,0.254883,-0.100236,0.139693,0.493164,0.152573,0.015765,0.614657,-0.141561,0.067654,0.277501,0.148804,0.041660,0.294992,-0.153505,0.015907
0.449402,0.009392,0.141891,0.636374,0.119299,0.143678,0.641858,-0.089358,0.157708,0.256946,0.108142,0.126074,0.262430,-0.100515,0.140103,0.493857,0.152531,0.015921,0.630505,-0.141600,0.062888,0.296468,0.149086,0.041855,0.295778,-0.153553,0.015974
0.457138,0.008617,0.141035,0.644091,0.118558,0.142739,0.649683,-0.090186,0.155363,0.264593,0.107421,0.126707,0.270185,-0.101323,0.139331,0.494600,0.152438,0.016001,0.643196,-0.142182,0.051639,0.322426,0.149237,0.039344,0.296673,-0.153620,0.016007
0.465103,0.007349,0.138376,0.651993,0.117404,0.139568,0.657827,-0.091449,0.150106,0.272379,0.106147,0.126645,0.278214,-0.102706,0.137183,0.495355,0.152319,0.016011,0.649387,-0.143268,0.030052,0.355771,0.149475,0.036927,0.297679,-0.153803,0.015988
0.472847,0.005909,0.133865,0.659666,0.116090,0.133775,0.665769,-0.092856,0.142085,0.279925,0.104674,0.125645,0.286028,-0.104272,0.133955,0.496192,0.152136,0.015998,0.647349,-0.143926,0.015706,0.391565,0.149789,0.033841,0.298710,-0.154101,0.015922
0.480087,0.005497,0.128953,0.666479,0.116395,0.128011,0.673416,-0.092510,0.136687,0.286759,0.103504,0.121218,0.293695,-0.105401,0.129894,0.518550,0.152343,0.015956,0.648069,-0.143882,0.015904,0.412161,0.148946,0.019227,0.299971,-0.155447,0.015761
0.487648,0.005768,0.124662,0.673966,0.116788,0.123512,0.681049,-0.092111,0.132197,0.294247,0.103647,0.117128,0.301330,-0.105253,0.125813,0.546914,0.153584,0.017397,0.648728,-0.143557,0.015924,0.412853,0.148972,0.015810,0.301082,-0.155351,0.015792
0.495293,0.005905,0.122504,0.681611,0.116918,0.120789,0.688712,-0.091982,0.129458,0.301873,0.103792,0.115549,0.308975,-0.105108,0.124219,0.581214,0.154912,0.021787,0.649568,-0.143536,0.016014,0.413517,0.148962,0.015786,0.302194,-0.155353,0.015813
0.502884,0.006062,0.121738,0.689213,0.117053,0.119892,0.696298,-0.091853,0.128431,0.309469,0.103976,0.115045,0.316554,-0.104930,0.123583,0.610922,0.156211,0.029343,0.650494,-0.143512,0.016085,0.414248,0.148988,0.015828,0.304841,-0.155251,0.015691
0.510323,0.006048,0.121643,0.696673,0.117012,0.120255,0.703713,-0.091914,0.128314,0.316932,0.104011,0.114973,0.323973,-0.104915,0.123032,0.633655,0.157182,0.036891,0.651376,-0.143522,0.015964,0.415104,0.149009,0.015938,0.310802,-0.155009,0.015701
0.517632,0.005877,0.122005,0.703979,0.116852,0.121415,0.711012,-0.092101,0.128738,0.324251,0.103855,0.115272,0.331284,-0.105099,0.122594,0.650542,0.157804,0.042867,0.652229,-0.143539,0.015875,0.415934,0.148964,0.015962,0.318925,-0.154763,0.015735
0.524780,0.005611,0.122698,0.711133,0.116578,0.123139,0.718136,-0.092407,0.129554,0.331424,0.103630,0.115842,0.338427,-0.105355,0.122256,0.663592,0.158149,0.047158,0.653041,-0.143578,0.015755,0.416760,0.148920,0.015961,0.328103,-0.154466,0.015782
0.531784,0.005295,0.123588,0.718146,0.116235,0.125220,0.725105,-0.092778,0.130662,0.338464,0.103368,0.116513,0.345422,-0.105646,0.121955,0.674418,0.158316,0.050166,0.653792,-0.143635,0.015759,0.417576,0.148872,0.015890,0.337880,-0.154151,0.015829
0.538651,0.004969,0.124603,0.725014,0.115881,0.127443,0.731936,-0.093157,0.131900,0.345365,0.103094,0.117306,0.352287,-0.105944,0.121763,0.684235,0.158420,0.052575,0.654504,-0.143681,0.015823,0.418392,0.148832,0.015737,0.347564,-0.153818,0.017045
0.545479,0.004637,0.125661,0.731839,0.115524,0.129565,0.738738,-0.093533,0.133067,0.352220,0.102807,0.118255,0.359119,-0.106250,0.121756,0.693646,0.158489,0.054585,0.655250,-0.143733,0.015861,0.419268,0.148782,0.015637,0.357137,-0.153506,0.019727
0.552269,0.004345,0.126672,0.738626,0.115204,0.131397,0.745509,-0.093866,0.134019,0.359029,0.102556,0.119325,0.365912,-0.106515,0.121947,0.702815,0.158556,0.055860,0.655913,-0.143776,0.015834,0.420085,0.148745,0.015714,0.367053,-0.153194,0.023202
0.559044,0.004145,0.127564,0.745405,0.114972,0.132857,0.752269,-0.094107,0.134772,0.365819,0.102396,0.120356,0.372683,-0.106682,0.122272,0.712021,0.158649,0.056060,0.656589,-0.143813,0.015906,0.420914,0.148724,0.015839,0.377935,-0.152860,0.026849
0.565933,0.004099,0.128303,0.752293,0.114910,0.133962,0.759151,-0.094172,0.135426,0.372715,0.102370,0.121181,0.379573,-0.106712,0.122645,0.721721,0.158830,0.054991,0.657274,-0.143826,0.015931,0.421760,0.148717,0.015941,0.390462,-0.152479,0.030077
0.573059,0.004250,0.128799,0.759422,0.115046,0.134656,0.766267,-0.094038,0.135971,0.379851,0.102537,0.121627,0.386696,-0.106547,0.122943,0.731957,0.159100,0.051799,0.657951,-0.143815,0.015926,0.422632,0.148748,0.015944,0.405539,-0.151977,0.032019
0.580498,0.004642,0.128959,0.766865,0.115433,0.134788,0.773695,-0.093650,0.136355,0.387301,0.102935,0.121563,0.394131,-0.106148,0.123130,0.742676,0.159449,0.045553,0.658682,-0.143785,0.015890,0.423532,0.148802,0.015867,0.424564,-0.151311,0.032237
0.588318,0.005384,0.128726,0.774712,0.116152,0.134113,0.781493,-0.092925,0.136450,0.395142,0.103694,0.121002,0.401924,-0.105383,0.123339,0.753487,0.159838,0.035481,0.659403,-0.143711,0.015805,0.424522,0.148948,0.015894,0.449262,-0.150351,0.031497
0.596611,0.006720,0.128030,0.783046,0.117480,0.131937,0.789784,-0.091570,0.136066,0.403438,0.105010,0.119993,0.410176,-0.104041,0.124122,0.762306,0.160106,0.021144,0.660174,-0.143606,0.015801,0.425637,0.149151,0.015885,0.480577,-0.149076,0.031896
0.604790,0.008429,0.127073,0.791194,0.119302,0.128350,0.798061,-0.089682,0.134913,0.411518,0.106539,0.119232,0.418385,-0.102445,0.125795,0.763459,0.160350,0.015718,0.660933,-0.143424,0.015879,0.426634,0.149285,0.015824,0.516806,-0.147575,0.034492
0.612602,0.009224,0.126502,0.799058,0.120018,0.126079,0.805877,-0.088935,0.133622,0.419327,0.107383,0.119381,0.426147,-0.101570,0.126924,0.764385,0.160412,0.015889,0.661737,-0.143392,0.015928,0.427685,0.149419,0.015764,0.549309,-0.146376,0.034899
0.620079,0.009115,0.125003,0.806591,0.119810,0.123924,0.813334,-0.089166,0.130875,0.426824,0.107396,0.119131,0.433567,-0.101579,0.126082,0.765227,0.160386,0.016055,0.670409,-0.143100,0.015921,0.428841,0.149524,0.015828,0.566180,-0.146070,0.027736
0.627296,0.008381,0.122123,0.813907,0.118913,0.121410,0.820477,-0.090121,0.126559,0.434115,0.106882,0.117687,0.440686,-0.102151,0.122836,0.766121,0.160301,0.016024,0.686766,-0.142529,0.016187,0.430841,0.149757,0.015855,0.569440,-0.146225,0.015841
0.634499,0.007935,0.119259,0.821038,0.118587,0.118697,0.827748,-0.090462,0.122963,0.441249,0.106331,0.115555,0.447959,-0.102717,0.119820,0.766983,0.160238,0.015979,0.717501,-0.141631,0.017746,0.435116,0.149580,0.015713,0.570002,-0.146406,0.015746
0.641663,0.008179,0.117747,0.828227,0.118787,0.116890,0.834895,-0.090262,0.121172,0.448430,0.106620,0.114322,0.455099,-0.102430,0.118604,0.767903,0.160277,0.015889,0.744750,-0.140626,0.023260,0.442164,0.149882,0.015697,0.570669,-0.146332,0.015788
0.648720,0.008816,0.118067,0.835289,0.119411,0.116744,0.841949,-0.089623,0.121764,0.455491,0.107254,0.114370,0.462151,-0.101780,0.119390,0.768799,0.160354,0.015752,0.760735,-0.139872,0.031160,0.451131,0.150233,0.015724,0.571447,-0.146270,0.015841
0.655716,0.009668,0.119958,0.842260,0.120303,0.118415,0.848962,-0.088700,0.124524,0.462470,0.108037,0.115392,0.469172,-0.100966,0.121501,0.769594,0.160465,0.015763,0.769597,-0.139248,0.038646,0.460860,0.150564,0.015707,0.572291,-0.146240,0.015889
0.662659,0.010677,0.122761,0.849192,0.121331,0.121274,0.855900,-0.087632,0.128619,0.469418,0.108987,0.116903,0.476125,-0.099977,0.124248,0.770312,0.160593,0.015790,0.775872,-0.138646,0.044890,0.470578,0.150967,0.015672,0.573146,-0.146170,0.015976
0.669518,0.011784,0.125818,0.856055,0.122433,0.124587,0.862727,-0.086481,0.133252,0.476308,0.110048,0.118384,0.482980,-0.098866,0.127048,0.770976,0.160717,0.015819,0.782243,-0.138022,0.049859,0.480097,0.151420,0.015648,0.573966,-0.146079,0.015972
0.676315,0.012877,0.128647,0.862876,0.123491,0.127891,0.869460,-0.085371,0.137800,0.483171,0.111124,0.119494,0.489754,-0.097738,0.129402,0.771640,0.160827,0.015921,0.790065,-0.137388,0.053663,0.489425,0.151917,0.015634,0.574755,-0.145966,0.015922
0.682983,0.013931,0.131039,0.869559,0.124525,0.130880,0.876054,-0.084280,0.141970,0.489913,0.112143,0.120107,0.496408,-0.096662,0.131198,0.772262,0.160932,0.015985,0.800016,-0.136710,0.056718,0.498661,0.152410,0.015788,0.575521,-0.145866,0.015800
0.689621,0.014898,0.132988,0.876205,0.125475,0.133492,0.882606,-0.083274,0.145643,0.496636,0.113070,0.120334,0.503037,-0.095678,0.132485,0.772861,0.161017,0.016021,0.812216,-0.136001,0.059395,0.507293,0.152976,0.017780,0.576280,-0.145778,0.015714
0.696266,0.015781,0.134630,0.882840,0.126371,0.135815,0.889174,-0.082325,0.148873,0.503358,0.113888,0.120386,0.509693,-0.094808,0.133445,0.773479,0.161116,0.016029,0.826632,-0.135221,0.061972,0.515644,0.153635,0.021534,0.577024,-0.145700,0.015574
0.702995,0.016577,0.136199,0.889549,0.127192,0.137980,0.895834,-0.081455,0.151826,0.510157,0.114609,0.120573,0.516441,-0.094038,0.134418,0.774049,0.161190,0.016022,0.842660,-0.134425,0.064457,0.524229,0.154361,0.026515,0.577757,-0.145641,0.015683
0.709892,0.017281,0.137921,0.896407,0.127953,0.140193,0.902690,-0.080655,0.154621,0.517095,0.115216,0.121220,0.523378,-0.093391,0.135648,0.774666,0.161273,0.015957,0.860018,-0.133587,0.066880,0.533598,0.155121,0.031988,0.578523,-0.145602,0.015754
0.716957,0.017862,0.139780,0.903438,0.128583,0.142385,0.909731,-0.079999,0.157170,0.524183,0.115723,0.122389,0.530476,-0.092859,0.137174,0.775267,0.161331,0.015836,0.878207,-0.132812,0.068611,0.544404,0.155881,0.037215,0.579260,-0.145576,0.015782
0.724243,0.018206,0.141331,0.910693,0.128975,0.144098,0.917026,-0.079603,0.158917,0.531460,0.116014,0.123745,0.537793,-0.092564,0.138564,0.775943,0.161353,0.015782,0.896185,-0.132251,0.068413,0.557969,0.156514,0.040824,0.580028,-0.145584,0.015867
0.731712,0.018103,0.142037,0.918118,0.128944,0.144885,0.924558,-0.079671,0.159133,0.538867,0.115876,0.124942,0.545306,-0.092739,0.139189,0.776613,0.161345,0.015901,0.912522,-0.132078,0.064571,0.575805,0.156905,0.041645,0.580805,-0.145635,0.015993
0.739372,0.017439,0.141481,0.925738,0.128349,0.144305,0.932326,-0.080348,0.157227,0.546419,0.115225,0.125734,0.553007,-0.093471,0.138657,0.777289,0.161277,0.015990,0.925941,-0.132449,0.054834,0.600079,0.157148,0.039647,0.581704,-0.145720,0.015999
0.747276,0.016272,0.139220,0.933616,0.127234,0.141657,0.940381,-0.081571,0.152584,0.554172,0.114114,0.125855,0.560936,-0.094690,0.136783,0.778039,0.161154,0.016008,0.933832,-0.133442,0.035595,0.632168,0.157530,0.037065,0.582692,-0.145843,0.015994
0.755089,0.014727,0.134891,0.941390,0.125776,0.135947,0.948414,-0.083138,0.144329,0.561763,0.112591,0.125454,0.568788,-0.096323,0.133836,0.778827,0.161010,0.015999,0.930714,-0.134403,0.015772,0.668240,0.158042,0.034694,0.583677,-0.146065,0.015939
0.762390,0.013924,0.129826,0.948139,0.125898,0.129547,0.956261,-0.082975,0.137943,0.568519,0.110823,0.121710,0.576641,-0.098051,0.130106,0.800526,0.161116,0.016013,0.931426,-0.134368,0.015902,0.691569,0.157158,0.022934,0.584826,-0.147850,0.015760
0.769951,0.014076,0.124714,0.955476,0.126421,0.124178,0.964012,-0.082412,0.133175,0.575890,0.110564,0.116254,0.584426,-0.098268,0.125251,0.833442,0.162349,0.017107,0.932212,-0.134293,0.015926,0.694466,0.156614,0.015833,0.586155,-0.148445,0.015761
0.777718,0.014326,0.121576,0.963274,0.126615,0.120466,0.971772,-0.082213,0.129576,0.583663,0.110866,0.113576,0.592162,-0.097963,0.122686,0.867899,0.163942,0.021383,0.933034,-0.134272,0.016089,0.695157,0.156668,0.015784,0.587246,-0.148357,0.015793
0.785378,0.014481,0.120269,0.970995,0.126666,0.118912,0.979394,-0.082178,0.127748,0.591361,0.111139,0.112789,0.599760,-0.097705,0.121625,0.897371,0.165432,0.029087,0.933929,-0.134262,0.016013,0.695888,0.156768,0.015817,0.590162,-0.148101,0.015686
0.792870,0.014418,0.120080,0.978475,0.126627,0.119160,0.986891,-0.082240,0.127434,0.598848,0.111075,0.112727,0.607264,-0.097792,0.121000,0.919968,0.166543,0.037135,0.934821,-0.134276,0.015959,0.696718,0.156707,0.015931,0.596462,-0.147921,0.015702
0.800186,0.014231,0.120609,0.985810,0.126413,0.120543,0.994178,-0.082488,0.127939,0.606194,0.110950,0.113279,0.614562,-0.097952,0.120676,0.936574,0.167226,0.043427,0.935666,-0.134315,0.015868,0.697517,0.156677,0.015965,0.604505,-0.147585,0.015741
0.807297,0.013988,0.121541,0.992939,0.126136,0.122516,1.001252,-0.082800,0.128926,0.613342,0.110777,0.114156,0.621654,-0.098159,0.120566,0.949198,0.167611,0.047814,0.936468,-0.134357,0.015750,0.698335,0.156654,0.015961,0.613400,-0.147209,0.015788
