-0.007658,0.016857,0.336146,0.184604,0.117233,0.337321,0.179945,-0.091749,0.328985,-0.195260,0.125463,0.343308,-0.199919,-0.083519,0.334971,0.190733,0.169543,0.163110,0.169527,-0.129226,0.133755,-0.182211,0.177849,0.163337,-0.197328,-0.121509,0.145331
-0.011930,0.025898,0.321199,0.180979,0.125031,0.320785,0.174924,-0.083955,0.313505,-0.198784,0.135751,0.328892,-0.204838,-0.073235,0.321612,0.166950,0.176875,0.150229,0.164663,-0.123638,0.155147,-0.168754,0.186838,0.143446,-0.205325,-0.112157,0.133287
-0.015832,0.034859,0.304048,0.177562,0.133018,0.301824,0.170419,-0.075974,0.295795,-0.202082,0.145691,0.312302,-0.209225,-0.063300,0.306273,0.164532,0.183404,0.147713,0.159464,-0.117170,0.159740,-0.173556,0.195835,0.117349,-0.229080,-0.102737,0.119771
-0.019877,0.043795,0.284307,0.174251,0.140446,0.280565,0.165480,-0.068519,0.275967,-0.205234,0.156108,0.292647,-0.214005,-0.052857,0.288049,0.157424,0.189947,0.130914,0.152146,-0.110479,0.140470,-0.175708,0.205143,0.075766,-0.243905,-0.092779,0.091557
-0.024590,0.052725,0.260174,0.170527,0.147329,0.255629,0.159578,-0.061557,0.252234,-0.208757,0.167007,0.268115,-0.219707,-0.041879,0.264720,0.145913,0.196629,0.102329,0.140786,-0.103803,0.111495,-0.178524,0.214666,0.038915,-0.241851,-0.082835,0.055457
-0.029748,0.061338,0.232005,0.166022,0.154509,0.226128,0.153605,-0.054321,0.225245,-0.213101,0.176998,0.238766,-0.225518,-0.031832,0.237883,0.134822,0.202565,0.067408,0.129436,-0.097801,0.080251,-0.182029,0.221623,0.015825,-0.235119,-0.075871,0.020240
-0.032799,0.067949,0.205181,0.162063,0.162252,0.191871,0.151143,-0.046618,0.196179,-0.216740,0.182517,0.214183,-0.227660,-0.026354,0.218490,0.110693,0.206969,0.022607,0.104466,-0.093113,0.030667,-0.180991,0.222080,0.015878,-0.234466,-0.075699,0.015841
-0.031207,0.072788,0.184609,0.162692,0.166893,0.160355,0.152377,-0.041814,0.170322,-0.214792,0.187391,0.198896,-0.225107,-0.021317,0.208863,0.104409,0.208434,0.015932,0.096966,-0.092006,0.015931,-0.180111,0.222498,0.015971,-0.234396,-0.075623,0.016062
-0.023976,0.075569,0.174991,0.169320,0.169158,0.144680,0.159287,-0.039314,0.158937,-0.207239,0.190452,0.191046,-0.217272,-0.018020,0.205303,0.103839,0.209114,0.015935,0.097473,-0.091722,0.016010,-0.179129,0.222728,0.015866,-0.233779,-0.075780,0.016002
-0.011815,0.077337,0.173802,0.181182,0.170672,0.140910,0.171436,-0.037601,0.157999,-0.195065,0.192275,0.189604,-0.204812,-0.015998,0.206693,0.109867,0.209469,0.016684,0.098685,-0.091510,0.015867,-0.178095,0.222877,0.015854,-0.239630,-0.075556,0.017361
0.003665,0.078369,0.176851,0.196839,0.171701,0.145004,0.187223,-0.036427,0.163840,-0.179894,0.193166,0.189862,-0.189509,-0.014963,0.208698,0.146653,0.209375,0.030881,0.100246,-0.091477,0.015952,-0.176915,0.222962,0.015832,-0.240560,-0.075257,0.021197
0.021050,0.078274,0.181389,0.214560,0.171805,0.152279,0.204948,-0.036290,0.171491,-0.162847,0.192837,0.191286,-0.172459,-0.015257,0.210498,0.192116,0.209420,0.053569,0.101908,-0.091572,0.016059,-0.175611,0.222930,0.015948,-0.222164,-0.075757,0.025231
0.038728,0.077110,0.184422,0.232427,0.170820,0.157210,0.222761,-0.037335,0.175724,-0.145304,0.191555,0.193120,-0.154970,-0.016599,0.211634,0.224745,0.208732,0.065887,0.103524,-0.091677,0.016057,-0.174428,0.222817,0.015820,-0.183667,-0.077257,0.028233
0.056287,0.075665,0.184617,0.250106,0.169499,0.158722,0.240386,-0.038716,0.176516,-0.127812,0.190045,0.192718,-0.137532,-0.018170,0.210513,0.246236,0.206896,0.059870,0.105118,-0.091795,0.015885,-0.173236,0.222700,0.015675,-0.121870,-0.080401,0.025226
0.073723,0.074186,0.181141,0.267466,0.168286,0.155643,0.257965,-0.039969,0.173090,-0.110518,0.188341,0.189192,-0.120019,-0.019913,0.206639,0.255709,0.204551,0.037135,0.106655,-0.091881,0.016019,-0.170098,0.222177,0.015650,-0.042257,-0.083946,0.029633
0.090773,0.072721,0.173825,0.283753,0.167827,0.146355,0.275503,-0.040482,0.163787,-0.093958,0.185925,0.183862,-0.102208,-0.022384,0.201294,0.250717,0.203875,0.016045,0.126999,-0.092561,0.016611,-0.156916,0.219986,0.015647,0.028616,-0.086181,0.046287
0.106962,0.070145,0.164958,0.299420,0.165838,0.135907,0.291814,-0.042587,0.152212,-0.077890,0.182876,0.177704,-0.085496,-0.025548,0.194009,0.252158,0.203809,0.016104,0.169237,-0.093674,0.025137,-0.131086,0.217755,0.015603,0.068844,-0.087645,0.055376
0.122851,0.067068,0.155534,0.315040,0.163369,0.126717,0.307815,-0.045233,0.140771,-0.062113,0.179369,0.170297,-0.069339,-0.029233,0.184351,0.253927,0.203600,0.015892,0.210682,-0.094448,0.036875,-0.096310,0.215709,0.015564,0.075155,-0.089645,0.038495
0.138782,0.063812,0.146105,0.331075,0.160736,0.120212,0.323987,-0.048060,0.131106,-0.046423,0.175685,0.161104,-0.053511,-0.033111,0.171998,0.255864,0.203379,0.015790,0.254835,-0.095774,0.044420,-0.059099,0.214055,0.015469,0.074285,-0.091136,0.015819
0.154930,0.061737,0.139199,0.347422,0.159170,0.116959,0.340532,-0.049716,0.126108,-0.030672,0.173190,0.152290,-0.037563,-0.035696,0.161438,0.257728,0.203225,0.015984,0.295330,-0.097071,0.050126,-0.021825,0.212431,0.015624,0.075746,-0.091328,0.015852
0.171583,0.061239,0.135593,0.364322,0.158786,0.116167,0.357457,-0.050086,0.125657,-0.014291,0.172564,0.145529,-0.021157,-0.036307,0.155019,0.259493,0.203202,0.016008,0.329365,-0.097801,0.057048,0.015989,0.211205,0.015990,0.077283,-0.091382,0.015968
0.188769,0.061447,0.134118,0.381771,0.158944,0.117210,0.374817,-0.049862,0.127991,0.002721,0.172756,0.140246,-0.004232,-0.036050,0.151027,0.261184,0.203260,0.015802,0.360086,-0.098189,0.064428,0.052451,0.210474,0.020904,0.078960,-0.091331,0.015938
0.206313,0.061628,0.133674,0.399591,0.158990,0.119340,0.392413,-0.049740,0.131383,0.020213,0.172996,0.135966,0.013035,-0.035733,0.148009,0.262815,0.203279,0.015915,0.388915,-0.098801,0.068488,0.093332,0.209705,0.026276,0.080757,-0.091253,0.015625
0.224173,0.061258,0.133484,0.417623,0.158608,0.121586,0.410297,-0.050092,0.134058,0.038050,0.172608,0.132911,0.030724,-0.036091,0.145383,0.264399,0.203238,0.016049,0.416174,-0.099974,0.065174,0.142739,0.208486,0.032407,0.082602,-0.091216,0.015785
0.242224,0.060196,0.132538,0.435606,0.157850,0.122143,0.428496,-0.050898,0.133901,0.055952,0.171290,0.131176,0.048842,-0.037458,0.142934,0.265875,0.203199,0.015957,0.439418,-0.101669,0.047781,0.195779,0.207001,0.041076,0.084513,-0.091379,0.015866
0.260199,0.058903,0.129378,0.452893,0.157859,0.118520,0.447149,-0.051047,0.128007,0.073249,0.168852,0.130749,0.067505,-0.040054,0.140236,0.277069,0.203537,0.015698,0.448810,-0.101719,0.015434,0.236953,0.206011,0.045874,0.086660,-0.091736,0.016007
0.277577,0.057901,0.124923,0.469575,0.157869,0.111340,0.465120,-0.051006,0.122106,0.090034,0.166809,0.127739,0.085580,-0.042067,0.138505,0.325847,0.201539,0.015950,0.450746,-0.101695,0.015886,0.250854,0.203735,0.027535,0.088412,-0.093970,0.015835
0.295411,0.057987,0.121260,0.487200,0.158264,0.107025,0.483188,-0.050535,0.119344,0.107633,0.166509,0.123175,0.103621,-0.042289,0.135494,0.386565,0.200633,0.020555,0.452914,-0.101592,0.015925,0.250297,0.202985,0.016044,0.091656,-0.094658,0.015817
0.313233,0.057882,0.120044,0.505058,0.158075,0.105695,0.500985,-0.050691,0.118539,0.125481,0.166455,0.121550,0.121409,-0.042310,0.134394,0.444920,0.200322,0.033038,0.455032,-0.101637,0.016170,0.251879,0.203036,0.015927,0.097369,-0.094697,0.015564
0.330911,0.057262,0.120475,0.522789,0.157494,0.107145,0.518669,-0.051305,0.119425,0.143153,0.165830,0.121526,0.139033,-0.042969,0.133805,0.488648,0.200256,0.048500,0.457225,-0.101717,0.015923,0.253624,0.202973,0.015860,0.113875,-0.094956,0.015699
0.348425,0.056257,0.121805,0.540403,0.156537,0.110421,0.536174,-0.052330,0.121431,0.160676,0.164845,0.122179,0.156447,-0.044023,0.133189,0.519626,0.199849,0.060495,0.459234,-0.101865,0.015765,0.255467,0.202852,0.016025,0.138394,-0.095372,0.015708
0.365823,0.055010,0.123555,0.557932,0.155290,0.114675,0.553527,-0.053654,0.124027,0.178118,0.163674,0.123084,0.173713,-0.045271,0.132435,0.543996,0.199027,0.068594,0.461045,-0.102047,0.015949,0.257441,0.202710,0.015897,0.166023,-0.095766,0.017339
0.383236,0.053734,0.125586,0.575448,0.153998,0.119031,0.570891,-0.055012,0.126695,0.195582,0.162479,0.124478,0.191025,-0.046531,0.132142,0.565608,0.198050,0.073910,0.462727,-0.102204,0.016008,0.259474,0.202589,0.015687,0.193220,-0.096119,0.021706
0.400789,0.052563,0.127969,0.593052,0.152822,0.123053,0.588413,-0.056234,0.129289,0.213165,0.161359,0.126649,0.208526,-0.047696,0.132886,0.586035,0.197031,0.075186,0.464373,-0.102347,0.015837,0.261566,0.202464,0.015931,0.221987,-0.096685,0.025325
0.418625,0.051699,0.130673,0.610940,0.151906,0.126836,0.606205,-0.057172,0.132204,0.231046,0.160569,0.129143,0.226310,-0.048509,0.134511,0.605740,0.195994,0.068165,0.465989,-0.102459,0.015900,0.263669,0.202401,0.015962,0.258479,-0.097511,0.025581
0.437039,0.051483,0.133406,0.629424,0.151563,0.129726,0.624546,-0.057506,0.135298,0.249532,0.160473,0.131515,0.244655,-0.048596,0.137087,0.623452,0.195058,0.050065,0.467570,-0.102503,0.015974,0.265873,0.202489,0.015911,0.308863,-0.098556,0.025135
0.456177,0.052132,0.135321,0.648632,0.151968,0.129407,0.643581,-0.057043,0.136743,0.268773,0.161306,0.133900,0.263722,-0.047704,0.141236,0.630436,0.194086,0.020787,0.469055,-0.102555,0.015958,0.268076,0.202669,0.015801,0.370609,-0.099626,0.031628
0.474859,0.052750,0.136031,0.667366,0.152240,0.126886,0.662097,-0.056716,0.135514,0.287620,0.162215,0.136549,0.282351,-0.046740,0.145177,0.632736,0.194036,0.015956,0.476940,-0.102491,0.015839,0.270676,0.203158,0.015755,0.421756,-0.099952,0.043630
0.492254,0.052488,0.135705,0.685234,0.150946,0.125408,0.678866,-0.058013,0.133169,0.305642,0.162990,0.138240,0.299274,-0.045969,0.146001,0.634720,0.193926,0.016031,0.529053,-0.103307,0.015855,0.283505,0.204614,0.015664,0.447030,-0.099825,0.042303
0.509061,0.051676,0.133694,0.702660,0.148899,0.123293,0.694895,-0.060071,0.129289,0.323226,0.163422,0.138098,0.315462,-0.045548,0.144094,0.636805,0.193761,0.015760,0.581437,-0.104372,0.024150,0.306055,0.206050,0.015736,0.453859,-0.099677,0.022543
0.525743,0.050636,0.130687,0.719407,0.147742,0.120395,0.711489,-0.061238,0.125805,0.339997,0.162510,0.135568,0.332079,-0.046470,0.140979,0.638715,0.193590,0.015829,0.635783,-0.106205,0.035497,0.334031,0.205131,0.015709,0.455554,-0.099888,0.015758
0.542607,0.050276,0.128904,0.736321,0.147345,0.119231,0.728367,-0.061619,0.125173,0.356848,0.162171,0.132635,0.348893,-0.046793,0.138578,0.640526,0.193557,0.015986,0.679111,-0.107425,0.048520,0.367155,0.203954,0.015674,0.457135,-0.099904,0.015864
0.559868,0.050411,0.128599,0.753667,0.147443,0.120357,0.745667,-0.061478,0.127616,0.374070,0.162300,0.129582,0.366069,-0.046621,0.136841,0.642235,0.193594,0.015968,0.713147,-0.108126,0.059044,0.404047,0.202765,0.017400,0.458828,-0.099883,0.015979
0.577447,0.050730,0.129511,0.771353,0.147669,0.122853,0.763218,-0.061187,0.131660,0.391675,0.162647,0.127361,0.383540,-0.046209,0.136168,0.643864,0.193645,0.015812,0.744185,-0.108668,0.067710,0.440572,0.201850,0.022600,0.460665,-0.099814,0.015791
0.595314,0.050867,0.131111,0.789312,0.147724,0.126121,0.781017,-0.061069,0.136199,0.409611,0.162803,0.126023,0.401317,-0.045990,0.136101,0.645449,0.193662,0.015985,0.773637,-0.109418,0.071891,0.480876,0.200789,0.028198,0.462594,-0.099776,0.015658
0.613354,0.050407,0.132489,0.807382,0.147271,0.129055,0.799012,-0.061502,0.139472,0.427697,0.162317,0.125505,0.419326,-0.046456,0.135922,0.647000,0.193605,0.016023,0.801469,-0.110749,0.067213,0.531507,0.199130,0.033951,0.464567,-0.099803,0.015855
0.631300,0.049301,0.132294,0.825196,0.146441,0.129253,0.817109,-0.062379,0.138912,0.445492,0.160982,0.125676,0.437404,-0.047839,0.135335,0.648765,0.193563,0.015889,0.824105,-0.112443,0.046804,0.584996,0.197273,0.042692,0.466664,-0.100024,0.016006
0.648847,0.047831,0.129347,0.842254,0.145884,0.124818,0.835221,-0.063059,0.132409,0.462473,0.158721,0.126285,0.455441,-0.050223,0.133876,0.664542,0.193413,0.015862,0.827558,-0.112546,0.015727,0.624938,0.195777,0.044221,0.468750,-0.100461,0.015962
0.666120,0.046906,0.125855,0.858955,0.145943,0.118971,0.853097,-0.062992,0.127716,0.479143,0.156803,0.123995,0.473285,-0.052132,0.132740,0.721442,0.191017,0.016489,0.829129,-0.112511,0.015816,0.630390,0.193551,0.016033,0.471058,-0.102474,0.015757
0.684091,0.046803,0.123549,0.876914,0.145799,0.115786,0.871066,-0.063099,0.125386,0.497117,0.156704,0.121711,0.491268,-0.052194,0.131312,0.784557,0.189605,0.022332,0.831211,-0.112525,0.016026,0.631938,0.193586,0.015989,0.473696,-0.102528,0.015775
0.701698,0.046268,0.123363,0.894561,0.145161,0.115285,0.888613,-0.063740,0.124750,0.514783,0.156277,0.121975,0.508835,-0.052624,0.131440,0.841804,0.188703,0.038585,0.833309,-0.112607,0.016036,0.633620,0.193596,0.015766,0.483792,-0.102670,0.015697
0.719293,0.045389,0.124207,0.912198,0.144278,0.117168,0.906186,-0.064653,0.125903,0.532400,0.155431,0.122512,0.526387,-0.053500,0.131247,0.882807,0.188054,0.055482,0.835362,-0.112729,0.015744,0.635407,0.193521,0.015964,0.504465,-0.103209,0.015681
0.736761,0.044182,0.125441,0.929724,0.143079,0.120355,0.923625,-0.065898,0.127837,0.549898,0.154261,0.123044,0.543799,-0.054716,0.130527,0.912131,0.187199,0.067509,0.837248,-0.112886,0.015822,0.637319,0.193373,0.015923,0.531564,-0.103964,0.015819
0.754188,0.042803,0.126890,0.947218,0.141657,0.124003,0.940989,-0.067365,0.129959,0.567386,0.152971,0.123821,0.561157,-0.056051,0.129777,0.935636,0.186085,0.074664,0.838962,-0.113061,0.015993,0.639352,0.193233,0.015653,0.559385,-0.104638,0.019198
0.771688,0.041428,0.128660,0.964753,0.140249,0.127500,0.958446,-0.068807,0.132005,0.584931,0.151662,0.125314,0.578623,-0.057394,0.129819,0.956955,0.184899,0.077969,0.840634,-0.113234,0.015948,0.641401,0.193081,0.015850,0.587652,-0.105443,0.023285
0.789392,0.040274,0.130895,0.982497,0.139024,0.130920,0.976096,-0.070050,0.134347,0.602689,0.150597,0.127443,0.596288,-0.058477,0.130870,0.977313,0.183738,0.074654,0.842265,-0.113372,0.015835,0.643468,0.192999,0.015983,0.620751,-0.106438,0.025033
0.807541,0.039637,0.133422,1.000685,0.138310,0.133896,0.994193,-0.070764,0.137152,0.620889,0.150037,0.129692,0.614397,-0.059037,0.132948,0.996517,0.182780,0.060915,0.843864,-0.113461,0.015968,0.645723,0.192971,0.015888,0.665518,-0.107793,0.024327
0.826465,0.039865,0.135683,1.019663,0.138431,0.134879,1.013070,-0.070616,0.139369,0.639861,0.150347,0.131998,0.633268,-0.058700,0.136488,1.009614,0.182117,0.036444,0.845418,-0.113462,0.015971,0.647977,0.193078,0.015772,0.724356,-0.109391,0.027786
0.845498,0.040569,0.136551,1.038767,0.138878,0.131667,1.032016,-0.070105,0.138385,0.658980,0.151244,0.134716,0.652230,-0.057739,0.141434,1.008554,0.181633,0.016002,0.848467,-0.113615,0.015759,0.650094,0.193208,0.015875,0.781598,-0.110678,0.039924
0.863362,0.040659,0.136290,1.056999,0.138081,0.128864,1.049379,-0.070869,0.135687,0.677345,0.152187,0.136892,0.669726,-0.056763,0.143715,1.010621,0.181593,0.016063,0.886131,-0.114332,0.015916,0.659593,0.194382,0.015725,0.816552,-0.110846,0.044965
0.880459,0.040144,0.134671,1.074736,0.136208,0.126369,1.065649,-0.072720,0.131948,0.695268,0.153008,0.137395,0.686181,-0.055920,0.142973,1.012698,0.181465,0.015849,0.939597,-0.115675,0.022259,0.679095,0.195974,0.015807,0.829265,-0.110640,0.031103
0.897376,0.039034,0.131388,1.092057,0.134301,0.123345,1.082071,-0.074614,0.127746,0.712682,0.152682,0.135031,0.702695,-0.056233,0.139432,1.014748,0.181244,0.015852,0.994378,-0.117950,0.032048,0.706117,0.195994,0.015697,0.830898,-0.110477,0.015836
0.914368,0.038174,0.128658,1.109040,0.133517,0.121320,1.099121,-0.075401,0.125779,0.729615,0.151748,0.131538,0.719696,-0.057169,0.135997,1.016607,0.181167,0.015950,1.040846,-0.119882,0.044427,0.737894,0.194390,0.015523,0.832426,-0.110597,0.015837
0.931608,0.037970,0.127681,1.126343,0.133269,0.121586,1.116373,-0.075621,0.127088,0.746843,0.151560,0.128273,0.736872,-0.057330,0.133775,1.018340,0.181160,0.015965,1.077854,-0.121169,0.056096,0.774454,0.192804,0.016079,0.834117,-0.110593,0.015909
0.949201,0.038065,0.128274,1.144017,0.133280,0.123596,1.133932,-0.075559,0.130593,0.764471,0.151689,0.125954,0.754385,-0.057150,0.132952,1.019997,0.181186,0.015777,1.110211,-0.122118,0.065659,0.810262,0.191496,0.021190,0.835983,-0.110541,0.015922
0.967085,0.038094,0.129919,1.161961,0.133247,0.126694,1.151755,-0.075536,0.135062,0.782415,0.151723,0.124776,0.772210,-0.057060,0.133144,1.021597,0.181209,0.015914,1.140342,-0.123081,0.071135,0.848176,0.190134,0.027083,0.837946,-0.110525,0.015608
0.985185,0.037642,0.131660,1.180074,0.132808,0.129888,1.169812,-0.075947,0.138867,0.800559,0.151230,0.124453,0.790297,-0.057525,0.133432,1.023149,0.181171,0.016019,1.169040,-0.124467,0.068856,0.895926,0.188131,0.032432,0.839960,-0.110570,0.015855
1.003245,0.036524,0.132158,1.198038,0.131894,0.131007,1.187974,-0.076893,0.139436,0.818516,0.149941,0.124880,0.808452,-0.058847,0.133309,1.024620,0.181147,0.015918,1.193860,-0.126230,0.052403,0.950114,0.185737,0.040645,0.842017,-0.110744,0.015896
1.021073,0.035040,0.130004,1.215236,0.131670,0.127845,1.206583,-0.077263,0.133923,0.835563,0.147343,0.126085,0.826911,-0.061590,0.132163,1.036188,0.181336,0.015873,1.202776,-0.126065,0.015274,0.993514,0.183978,0.045968,0.844147,-0.111193,0.015943
1.038321,0.033777,0.126657,1.231816,0.131628,0.121552,1.224583,-0.077321,0.128809,0.852059,0.144876,0.124506,0.844826,-0.064073,0.131762,1.080774,0.178695,0.016011,1.204697,-0.126058,0.015930,1.010346,0.181536,0.027606,0.846066,-0.113651,0.015711
1.055984,0.033659,0.124129,1.249230,0.131946,0.118062,1.242523,-0.076962,0.126826,0.869446,0.144280,0.121432,0.862739,-0.064628,0.130196,1.143802,0.176801,0.021686,1.206681,-0.125976,0.015968,1.010371,0.180847,0.016010,0.850680,-0.114558,0.015692
1.073687,0.033297,0.123595,1.266943,0.131535,0.117086,1.260208,-0.077355,0.126251,0.887165,0.143949,0.120939,0.880430,-0.064942,0.130104,1.203866,0.175514,0.035668,1.208734,-0.126048,0.016046,1.012007,0.180831,0.015871,0.857966,-0.114759,0.015591
1.091308,0.032494,0.124152,1.284588,0.130721,0.118215,1.277810,-0.078188,0.126919,0.904805,0.143175,0.121384,0.898027,-0.065734,0.130088,1.248750,0.174639,0.052003,1.210813,-0.126155,0.015833,1.013776,0.180756,0.015858,0.875199,-0.115273,0.015682
1.108788,0.031303,0.125224,1.302098,0.129553,0.120789,1.295273,-0.079397,0.128387,0.922304,0.142004,0.122062,0.915479,-0.066946,0.129660,1.280875,0.173712,0.064728,1.212741,-0.126299,0.015818,1.015644,0.180603,0.015996,0.900150,-0.116091,0.015772
1.126199,0.029894,0.126544,1.319553,0.128127,0.124197,1.312636,-0.080868,0.130326,0.939763,0.140656,0.122763,0.932845,-0.068339,0.128892,1.306026,0.172571,0.073088,1.214499,-0.126469,0.015960,1.017628,0.180436,0.015789,0.928024,-0.116924,0.018088
1.143664,0.028439,0.128124,1.337060,0.126617,0.127682,1.330039,-0.082415,0.132271,0.957290,0.139292,0.123978,0.950268,-0.069739,0.128567,1.328100,0.171307,0.077718,1.216179,-0.126630,0.015964,1.019704,0.180307,0.015751,0.956061,-0.117753,0.022323
1.161292,0.027128,0.130163,1.354710,0.125260,0.131029,1.347625,-0.083793,0.134388,0.974960,0.138049,0.125937,0.967874,-0.071004,0.129296,1.348772,0.170069,0.076585,1.217817,-0.126781,0.015804,1.021778,0.180178,0.015983,0.987091,-0.118815,0.024880
1.179252,0.026241,0.132588,1.372704,0.124298,0.134151,1.365533,-0.084759,0.137016,0.992972,0.137242,0.128160,0.985800,-0.071815,0.131026,1.368634,0.168986,0.066108,1.219426,-0.126888,0.015945,1.023849,0.180125,0.015910,1.027563,-0.120190,0.024468
1.197929,0.026134,0.135004,1.391435,0.124092,0.135925,1.384157,-0.084949,0.139572,1.011702,0.137218,0.130435,1.004423,-0.071823,0.134082,1.384721,0.168220,0.044750,1.221026,-0.126910,0.015966,1.026097,0.180202,0.015853,1.082280,-0.121907,0.025871
1.217139,0.026854,0.136239,1.410792,0.124482,0.133397,1.403237,-0.084496,0.139381,1.031040,0.138203,0.133097,1.023485,-0.070775,0.139081,1.385725,0.167500,0.015112,1.222584,-0.126998,0.015906,1.028321,0.180440,0.015783,1.142399,-0.123523,0.036039
1.235412,0.027288,0.136447,1.429265,0.124350,0.130005,1.421229,-0.084571,0.137240,1.049595,0.139148,0.135654,1.041560,-0.069773,0.142889,1.387824,0.167509,0.016072,1.244250,-0.127477,0.015888,1.033564,0.181123,0.015744,1.184959,-0.124209,0.044430
1.252703,0.026892,0.135653,1.447135,0.122699,0.128018,1.437772,-0.086197,0.134314,1.067635,0.139980,0.136992,1.058271,-0.068915,0.143288,1.389956,0.167400,0.015949,1.297616,-0.128903,0.019101,1.049292,0.182663,0.015689,1.203701,-0.124176,0.036249
1.269583,0.025869,0.132868,1.464551,0.120587,0.125295,1.453981,-0.088287,0.130243,1.085185,0.140026,0.135493,1.074616,-0.068849,0.140441,1.392035,0.167185,0.015839,1.355912,-0.131262,0.028209,1.075208,0.183214,0.015721,1.206809,-0.124014,0.015687
1.286530,0.024658,0.129764,1.481482,0.119459,0.122851,1.470978,-0.089425,0.127492,1.102083,0.138742,0.132036,1.091579,-0.070143,0.136678,1.393894,0.167006,0.015896,1.403828,-0.133508,0.040160,1.105725,0.181492,0.015705,1.208313,-0.124218,0.015799
1.303596,0.024149,0.128285,1.498587,0.118933,0.122325,1.488055,-0.089936,0.127569,1.119137,0.138234,0.129000,1.108605,-0.070635,0.134245,1.395656,0.166975,0.015992,1.442655,-0.135060,0.052259,1.140573,0.179837,0.015988,1.209933,-0.124238,0.015888
1.321025,0.024055,0.128481,1.516050,0.118836,0.123690,1.505498,-0.089996,0.130220,1.136551,0.138107,0.126742,1.126000,-0.070725,0.133272,1.397333,0.166992,0.015821,1.476618,-0.136170,0.062947,1.175601,0.178348,0.020709,1.211730,-0.124255,0.015963
1.338804,0.024050,0.129884,1.533880,0.118783,0.126363,1.523237,-0.089997,0.134266,1.154372,0.138096,0.125501,1.143729,-0.070683,0.133404,1.398954,0.167020,0.015887,1.507659,-0.137171,0.070152,1.211861,0.176970,0.026760,1.213650,-0.124244,0.015718
1.356875,0.023691,0.131688,1.551975,0.118416,0.129594,1.541258,-0.090326,0.138334,1.172492,0.137709,0.125042,1.161775,-0.071034,0.133782,1.400533,0.166985,0.016013,1.537049,-0.138497,0.070578,1.256400,0.175047,0.031818,1.215659,-0.124289,0.015819
1.374994,0.022650,0.132682,1.570025,0.117533,0.131581,1.559437,-0.091229,0.139997,1.190551,0.136529,0.125367,1.179963,-0.072234,0.133783,1.402021,0.166938,0.015969,1.563699,-0.140256,0.059010,1.310640,0.172490,0.038714,1.217689,-0.124444,0.015912
1.392918,0.021214,0.131361,1.587435,0.117138,0.129718,1.578005,-0.091749,0.136201,1.207831,0.134176,0.126520,1.198401,-0.074711,0.133004,1.407428,0.167244,0.015702,1.579783,-0.140706,0.027979,1.358939,0.170395,0.046722,1.219866,-0.124830,0.016007
1.410285,0.020010,0.128346,1.603973,0.117532,0.124408,1.596343,-0.091395,0.131903,1.224227,0.131415,0.124789,1.216597,-0.077512,0.132284,1.442665,0.165042,0.015947,1.581954,-0.140539,0.015929,1.388580,0.167803,0.037851,1.222887,-0.127429,0.015821
1.427774,0.019949,0.125628,1.621029,0.118278,0.120640,1.614322,-0.090603,0.130026,1.241226,0.130501,0.121231,1.234519,-0.078380,0.130617,1.502147,0.163081,0.019727,1.583256,-0.140251,0.015938,1.387252,0.166604,0.016018,1.227176,-0.128819,0.015895
1.445582,0.019987,0.124492,1.638855,0.118222,0.118443,1.632104,-0.090606,0.128920,1.259059,0.130581,0.120065,1.252309,-0.078248,0.130541,1.563329,0.161775,0.030351,1.585199,-0.140282,0.016086,1.388825,0.166694,0.015948,1.231122,-0.128857,0.015655
1.463229,0.019394,0.124604,1.656520,0.117588,0.118444,1.649730,-0.091245,0.128810,1.276728,0.130033,0.120397,1.269939,-0.078800,0.130763,1.613344,0.160946,0.046410,1.587262,-0.140348,0.015914,1.390548,0.166672,0.015835,1.245732,-0.129255,0.015701
1.480802,0.018291,0.125368,1.674125,0.116491,0.120438,1.667274,-0.092385,0.129834,1.294330,0.128968,0.120902,1.287479,-0.079908,0.130298,1.649325,0.160136,0.060663,1.589233,-0.140477,0.015785,1.392380,0.166554,0.016001,1.269974,-0.130008,0.015731
1.498285,0.016848,0.126480,1.691654,0.115037,0.123564,1.684704,-0.093898,0.131462,1.311867,0.127593,0.121498,1.304917,-0.081342,0.129396,1.676308,0.159043,0.070333,1.591039,-0.140657,0.015929,1.394361,0.166366,0.015928,1.298127,-0.130861,0.017323
1.515767,0.015316,0.127885,1.709181,0.113455,0.126964,1.702115,-0.095532,0.133216,1.329419,0.126164,0.122553,1.322353,-0.082823,0.128805,1.699095,0.157765,0.075910,1.592733,-0.140836,0.016008,1.396461,0.166194,0.015585,1.326004,-0.131642,0.021856
1.533381,0.013899,0.129776,1.726825,0.111983,0.130252,1.719676,-0.097039,0.135093,1.347087,0.124837,0.124460,1.339938,-0.084185,0.129301,1.720156,0.156457,0.076590,1.594391,-0.141005,0.015822,1.398555,0.166052,0.015941,1.355542,-0.132610,0.025576
1.551255,0.012836,0.132166,1.744730,0.110852,0.133462,1.737500,-0.098184,0.137504,1.365010,0.123857,0.126828,1.357781,-0.085179,0.130871,1.740361,0.155234,0.068543,1.596022,-0.141128,0.015904,1.400635,0.165965,0.015893,1.392943,-0.133912,0.025829
1.569751,0.012474,0.134699,1.763250,0.110445,0.135764,1.755971,-0.098582,0.140166,1.383532,0.123531,0.129232,1.376252,-0.085496,0.133634,1.758083,0.154300,0.049710,1.597653,-0.141173,0.015954,1.402957,0.165955,0.015922,1.443935,-0.135606,0.026087
1.588974,0.013021,0.136470,1.782626,0.110678,0.134676,1.775066,-0.098285,0.141137,1.402882,0.124328,0.131804,1.395322,-0.084635,0.138265,1.763925,0.153326,0.020512,1.599144,-0.141293,0.015949,1.405185,0.166161,0.015825,1.504751,-0.137325,0.033809
1.607762,0.013580,0.137132,1.801564,0.110801,0.131645,1.793673,-0.098100,0.139563,1.421852,0.125261,0.134701,1.413960,-0.083640,0.142619,1.766176,0.153269,0.015981,1.608497,-0.141313,0.015754,1.407851,0.166798,0.015795,1.553636,-0.138113,0.045497
1.625279,0.013262,0.136595,1.819573,0.109389,0.129477,1.810558,-0.099489,0.136782,1.440000,0.126013,0.136409,1.430985,-0.082865,0.143713,1.768091,0.153163,0.016023,1.665392,-0.142970,0.015932,1.421136,0.168125,0.015680,1.578262,-0.138236,0.043766
1.642225,0.012417,0.133963,1.837041,0.107435,0.126268,1.826828,-0.101426,0.132364,1.457622,0.126260,0.135562,1.447408,-0.082602,0.141657,1.770108,0.153006,0.015735,1.726630,-0.145143,0.026401,1.445782,0.168865,0.015713,1.584618,-0.138246,0.024787
1.659175,0.011211,0.130153,1.854135,0.105962,0.122810,1.843608,-0.102902,0.128225,1.474742,0.125325,0.132080,1.464215,-0.083540,0.137495,1.772083,0.152848,0.015844,1.777305,-0.147401,0.038838,1.475298,0.167800,0.015581,1.587377,-0.138426,0.015777
1.676286,0.010653,0.127894,1.871313,0.105329,0.121398,1.860695,-0.103516,0.127379,1.491878,0.124821,0.128409,1.481260,-0.084024,0.134389,1.773897,0.152791,0.015993,1.817159,-0.149012,0.051166,1.508821,0.166260,0.015733,1.588977,-0.138422,0.015855
1.693716,0.010611,0.127610,1.888820,0.105215,0.122549,1.878097,-0.103580,0.129908,1.509335,0.124801,0.125313,1.498612,-0.083994,0.132672,1.775607,0.152810,0.015934,1.849464,-0.150080,0.060896,1.545505,0.164675,0.017315,1.590745,-0.138377,0.015975
1.711406,0.010681,0.128764,1.906564,0.105242,0.125211,1.895738,-0.103488,0.134103,1.527075,0.124850,0.123425,1.516248,-0.083880,0.132317,1.777234,0.152843,0.015830,1.879522,-0.150993,0.068529,1.581633,0.163279,0.022641,1.592641,-0.138358,0.015796
1.729326,0.010496,0.130588,1.924538,0.104994,0.128616,1.913557,-0.103678,0.138617,1.545096,0.124670,0.122560,1.534115,-0.084002,0.132561,1.778813,0.152830,0.015995,1.908609,-0.152192,0.071663,1.623412,0.161590,0.028166,1.594612,-0.138352,0.015667
1.747380,0.009666,0.132078,1.942547,0.104273,0.131440,1.931612,-0.104397,0.141519,1.563148,0.123730,0.122637,1.552212,-0.084941,0.132716,1.780327,0.152765,0.016014,1.935955,-0.153868,0.065366,1.675198,0.159187,0.034928,1.596632,-0.138477,0.015873
1.765306,0.008310,0.131807,1.960239,0.103397,0.131131,1.949841,-0.105351,0.140120,1.580770,0.121971,0.123494,1.570372,-0.086776,0.132484,1.782175,0.152852,0.015869,1.956607,-0.155450,0.042273,1.726292,0.156858,0.044243,1.598697,-0.138755,0.015948
1.782732,0.006721,0.129070,1.977042,0.103045,0.126504,1.968066,-0.105811,0.134463,1.597398,0.119254,0.123677,1.588422,-0.089602,0.131635,1.802489,0.151854,0.015823,1.958154,-0.155426,0.015950,1.762634,0.154571,0.042166,1.601028,-0.140078,0.015932
1.800107,0.005985,0.125939,1.993913,0.103250,0.121488,1.986030,-0.105587,0.130944,1.614183,0.117558,0.120935,1.606300,-0.091280,0.130390,1.860449,0.149042,0.016035,1.959856,-0.155341,0.015808,1.765155,0.152635,0.015957,1.603397,-0.141891,0.015721
1.818175,0.006073,0.124024,2.011995,0.103256,0.118472,2.004083,-0.105513,0.129322,1.632268,0.117659,0.118725,1.624356,-0.091110,0.129575,1.924277,0.147193,0.023588,1.961899,-0.155343,0.016087,1.766634,0.152774,0.016025,1.605900,-0.141870,0.015734
1.835943,0.005573,0.123909,2.029750,0.102750,0.117863,2.021861,-0.106004,0.129003,1.650024,0.117151,0.118815,1.642135,-0.091604,0.129954,1.979714,0.146032,0.039978,1.963985,-0.155394,0.016015,1.768323,0.152729,0.015787,1.617675,-0.142323,0.015699
1.853613,0.004475,0.124727,2.047445,0.101657,0.119619,2.039508,-0.107137,0.129933,1.667719,0.116087,0.119521,1.659782,-0.092708,0.129835,2.019650,0.145127,0.056348,1.965997,-0.155524,0.015698,1.770149,0.152617,0.015981,1.640199,-0.143140,0.015692
1.871168,0.002974,0.125917,2.065047,0.100142,0.122728,2.057003,-0.108716,0.131574,1.685333,0.114663,0.120261,1.677288,-0.094195,0.129106,2.048593,0.143975,0.067827,1.967855,-0.155707,0.015861,1.772121,0.152428,0.015982,1.668322,-0.144173,0.015803
1.888666,0.001312,0.127358,2.082603,0.098413,0.126278,2.074412,-0.110505,0.133405,1.702920,0.113130,0.121312,1.694729,-0.095788,0.128439,2.072130,0.142573,0.074621,1.969555,-0.155910,0.016007,1.774171,0.152245,0.015711,1.696130,-0.145048,0.020175
1.906230,-0.000286,0.129219,2.100195,0.096763,0.129678,2.091920,-0.112199,0.135238,1.720541,0.111627,0.123200,1.712266,-0.097336,0.128759,2.093447,0.141124,0.076748,1.971225,-0.156095,0.015926,1.776300,0.152064,0.015856,1.724539,-0.146096,0.024564
1.923991,-0.001593,0.131572,2.117973,0.095413,0.132995,2.109642,-0.113572,0.137522,1.738339,0.110386,0.125623,1.730009,-0.098599,0.130150,2.113816,0.139736,0.071133,1.972864,-0.156252,0.015851,1.778404,0.151910,0.015948,1.759119,-0.147516,0.025803
