0.007481,0.003157,0.328351,0.195155,0.111517,0.337162,0.199706,-0.097146,0.322894,-0.184745,0.103461,0.333808,-0.180194,-0.105202,0.319540,0.168759,0.168833,0.156919,0.194158,-0.130536,0.143035,-0.183001,0.160965,0.159789,-0.167997,-0.136739,0.118247
0.013084,0.005243,0.311362,0.199288,0.116001,0.321459,0.206636,-0.092435,0.305183,-0.180467,0.102920,0.317540,-0.173119,-0.105516,0.301264,0.187603,0.174274,0.154107,0.164509,-0.123025,0.093730,-0.155943,0.164757,0.120882,-0.156560,-0.134987,0.101970
0.019348,0.007441,0.291312,0.204283,0.120249,0.302008,0.213990,-0.088054,0.285261,-0.175294,0.102935,0.297363,-0.165587,-0.105368,0.280616,0.180692,0.179197,0.122884,0.138586,-0.118545,0.053062,-0.129304,0.167974,0.082795,-0.145521,-0.132786,0.065523
0.025345,0.009504,0.268618,0.209148,0.124081,0.279995,0.220919,-0.084086,0.262890,-0.170230,0.103093,0.274346,-0.158459,-0.105074,0.257242,0.176867,0.184547,0.077785,0.131142,-0.114472,0.015031,-0.115499,0.170462,0.047992,-0.134432,-0.129667,0.017196
0.031742,0.014299,0.248461,0.215726,0.128641,0.259270,0.227145,-0.079758,0.244980,-0.163661,0.108355,0.251943,-0.152242,-0.100043,0.237653,0.192792,0.188208,0.037617,0.130094,-0.114976,0.015662,-0.108975,0.173162,0.015913,-0.133336,-0.129431,0.015976
0.039665,0.021332,0.232461,0.223875,0.135617,0.239312,0.234910,-0.073083,0.229971,-0.155580,0.115748,0.234951,-0.144545,-0.092952,0.225611,0.200794,0.189951,0.015964,0.130154,-0.114595,0.015788,-0.107425,0.173669,0.015615,-0.132257,-0.128484,0.016076
0.048622,0.026610,0.219469,0.232839,0.141031,0.223095,0.243874,-0.067807,0.217665,-0.146629,0.121028,0.221273,-0.135595,-0.087810,0.215843,0.200573,0.190243,0.015847,0.130696,-0.114067,0.015800,-0.106014,0.174047,0.015744,-0.129457,-0.127820,0.016045
0.057568,0.030042,0.209021,0.241811,0.144465,0.210680,0.252799,-0.064428,0.207938,-0.137664,0.124512,0.210105,-0.126676,-0.084382,0.207362,0.200666,0.190374,0.015901,0.131259,-0.113816,0.015771,-0.104810,0.174305,0.015956,-0.123158,-0.127199,0.015865
0.066391,0.032503,0.200215,0.250637,0.146934,0.200111,0.261619,-0.061976,0.199361,-0.128837,0.126982,0.201069,-0.117855,-0.081928,0.200320,0.201522,0.190526,0.015841,0.131906,-0.113650,0.015852,-0.103698,0.174481,0.015963,-0.110523,-0.126396,0.016390
0.075031,0.034430,0.192766,0.259284,0.148839,0.191182,0.270249,-0.060072,0.192010,-0.120187,0.128931,0.193522,-0.109222,-0.079980,0.194349,0.204082,0.190760,0.015816,0.132591,-0.113508,0.015888,-0.102701,0.174658,0.015919,-0.092190,-0.125294,0.018949
0.083492,0.035900,0.186758,0.267743,0.150294,0.184176,0.278707,-0.058609,0.186173,-0.111723,0.130409,0.187343,-0.100759,-0.078494,0.189341,0.204662,0.190888,0.015758,0.133304,-0.113382,0.015939,-0.101711,0.174810,0.015879,-0.069004,-0.123949,0.021253
0.091869,0.036885,0.182291,0.276105,0.151299,0.179431,0.287099,-0.057595,0.182112,-0.103360,0.131366,0.182471,-0.092366,-0.077528,0.185152,0.205324,0.190989,0.015753,0.134056,-0.113299,0.015966,-0.100746,0.174882,0.015888,-0.042902,-0.122544,0.021286
0.100285,0.037373,0.179337,0.284507,0.151816,0.176905,0.295530,-0.057075,0.179684,-0.094960,0.131821,0.178989,-0.083938,-0.077070,0.181768,0.206048,0.191051,0.015825,0.134795,-0.113251,0.015947,-0.099850,0.174910,0.015842,-0.018734,-0.121324,0.018037
0.108650,0.037438,0.177552,0.292876,0.151885,0.175617,0.303895,-0.057011,0.177976,-0.086594,0.131887,0.177128,-0.075576,-0.077010,0.179486,0.206810,0.191058,0.015883,0.135537,-0.113237,0.015926,-0.099054,0.174924,0.015807,-0.011862,-0.121014,0.015713
0.116722,0.037419,0.176843,0.300929,0.151898,0.175030,0.311981,-0.057001,0.176883,-0.078537,0.131839,0.176803,-0.067485,-0.077060,0.178656,0.207558,0.191062,0.015869,0.142250,-0.112924,0.015914,-0.098654,0.174897,0.019735,-0.011089,-0.121037,0.015797
0.124748,0.037668,0.177594,0.308939,0.152174,0.175773,0.320020,-0.056726,0.177417,-0.070523,0.132062,0.177771,-0.059442,-0.076838,0.179416,0.208284,0.191091,0.015813,0.167144,-0.111604,0.018204,-0.094518,0.175170,0.033754,-0.010375,-0.121039,0.015850
0.133034,0.038074,0.179462,0.317203,0.152616,0.177752,0.328324,-0.056282,0.179353,-0.062256,0.132430,0.179572,-0.051136,-0.076468,0.181172,0.209034,0.191134,0.015937,0.203133,-0.109658,0.023215,-0.081668,0.175905,0.048056,-0.009684,-0.121043,0.015942
0.141739,0.038304,0.181549,0.325894,0.152873,0.180126,0.337041,-0.056026,0.181442,-0.053563,0.132634,0.181656,-0.042416,-0.076264,0.182972,0.209831,0.191161,0.015930,0.237796,-0.107780,0.031826,-0.062420,0.176883,0.055529,-0.008974,-0.121048,0.015952
0.150913,0.038269,0.183572,0.335058,0.152859,0.182637,0.346225,-0.056042,0.183338,-0.044398,0.132579,0.183807,-0.033232,-0.076321,0.184508,0.210669,0.191165,0.015868,0.269455,-0.106145,0.039199,-0.039262,0.177943,0.056961,-0.008241,-0.121067,0.015904
0.160469,0.037904,0.185467,0.344606,0.152511,0.185257,0.355788,-0.056389,0.184963,-0.034850,0.132198,0.185970,-0.023668,-0.076703,0.185676,0.211530,0.191142,0.015750,0.300207,-0.104678,0.042270,-0.012225,0.179109,0.054526,-0.007435,-0.121110,0.015893
0.170334,0.037100,0.186837,0.354472,0.151702,0.187502,0.365652,-0.057191,0.185721,-0.024984,0.131391,0.187954,-0.013805,-0.077502,0.186173,0.212440,0.191081,0.015894,0.329362,-0.103414,0.040805,0.019750,0.180474,0.050507,-0.006583,-0.121180,0.015879
0.180588,0.035815,0.187390,0.364739,0.150389,0.188928,0.375894,-0.058479,0.185118,-0.014719,0.130109,0.189663,-0.003564,-0.078758,0.185853,0.213389,0.190983,0.015973,0.353389,-0.102394,0.031097,0.056229,0.182016,0.047370,-0.005683,-0.121292,0.015815
0.191235,0.034122,0.186837,0.375331,0.148785,0.188274,0.386566,-0.060013,0.181797,-0.004097,0.128257,0.191877,0.007138,-0.080540,0.185400,0.214178,0.190994,0.016037,0.361447,-0.101759,0.016010,0.091051,0.183493,0.044292,-0.004775,-0.121455,0.015722
0.201283,0.033495,0.186221,0.384880,0.148961,0.187006,0.396995,-0.059765,0.179856,0.005570,0.126754,0.192585,0.017685,-0.081972,0.185436,0.218181,0.190696,0.016026,0.362360,-0.101711,0.015853,0.114100,0.183904,0.037948,-0.003184,-0.122929,0.015881
0.210682,0.034446,0.185145,0.393954,0.150429,0.185742,0.406666,-0.058294,0.179592,0.014698,0.127186,0.190699,0.027410,-0.081537,0.184549,0.236226,0.191379,0.015996,0.363247,-0.101667,0.015841,0.126832,0.184469,0.024410,-0.001530,-0.123884,0.015920
0.219757,0.036300,0.182898,0.402961,0.152391,0.183600,0.415817,-0.056363,0.178999,0.023697,0.128964,0.186797,0.036553,-0.079790,0.182196,0.252098,0.192293,0.018189,0.364107,-0.101499,0.015841,0.129317,0.184781,0.015934,0.000001,-0.123924,0.015947
0.228588,0.037688,0.180731,0.411837,0.153708,0.181491,0.424620,-0.055069,0.177799,0.032556,0.130445,0.183663,0.045339,-0.078331,0.179971,0.271099,0.193406,0.024610,0.364939,-0.101400,0.015743,0.130165,0.184930,0.015932,0.004764,-0.123457,0.015923
0.237286,0.037996,0.179939,0.420541,0.153991,0.181798,0.433320,-0.054781,0.177845,0.041252,0.130772,0.182032,0.054030,-0.078000,0.178080,0.295589,0.194812,0.027306,0.365764,-0.101392,0.015855,0.130996,0.184953,0.015901,0.014445,-0.122901,0.016207
0.245937,0.037737,0.179931,0.429177,0.153722,0.183368,0.441982,-0.055030,0.178512,0.049893,0.130504,0.181350,0.062697,-0.078248,0.176493,0.318433,0.195991,0.032317,0.366585,-0.101419,0.015895,0.131813,0.184927,0.015820,0.027108,-0.122300,0.018374
0.254555,0.037205,0.180336,0.437767,0.153171,0.185465,0.450609,-0.055546,0.179392,0.058500,0.129957,0.181281,0.071342,-0.078760,0.175208,0.336947,0.196825,0.037603,0.367387,-0.101466,0.015923,0.132611,0.184890,0.015704,0.040571,-0.121739,0.021597
0.263103,0.036695,0.180857,0.446281,0.152635,0.187579,0.459167,-0.056042,0.180320,0.067040,0.129432,0.181393,0.079926,-0.079245,0.174135,0.352789,0.197472,0.042486,0.368170,-0.101506,0.015907,0.133396,0.184859,0.015646,0.053527,-0.121270,0.025519
0.271564,0.036368,0.181368,0.454710,0.152271,0.189447,0.467629,-0.056368,0.181221,0.075500,0.129103,0.181516,0.088419,-0.079536,0.173290,0.367489,0.198056,0.047066,0.368928,-0.101533,0.015873,0.134160,0.184843,0.015762,0.065917,-0.120854,0.030067
0.279907,0.036234,0.181927,0.463036,0.152083,0.191095,0.475960,-0.056526,0.182147,0.083854,0.128994,0.181707,0.096778,-0.079615,0.172759,0.383097,0.198728,0.050790,0.369682,-0.101552,0.015761,0.134912,0.184848,0.015908,0.078218,-0.120436,0.035043
0.288227,0.036263,0.182597,0.471341,0.152056,0.192727,0.484263,-0.056529,0.183250,0.092191,0.129056,0.181944,0.105113,-0.079529,0.172467,0.402439,0.199716,0.053090,0.370427,-0.101556,0.015766,0.135651,0.184871,0.016015,0.091443,-0.119944,0.040048
0.296585,0.036474,0.183291,0.479675,0.152220,0.194352,0.492603,-0.056350,0.184558,0.100567,0.129299,0.182025,0.113496,-0.079271,0.172231,0.425962,0.201054,0.054306,0.371186,-0.101538,0.015768,0.136397,0.184902,0.016032,0.106819,-0.119265,0.044293
0.305084,0.036885,0.183693,0.488156,0.152585,0.195497,0.501078,-0.055980,0.185586,0.109090,0.129750,0.181799,0.122012,-0.078815,0.171888,0.452324,0.202649,0.054611,0.371953,-0.101504,0.015890,0.137144,0.184953,0.016054,0.125218,-0.118237,0.046299
0.313732,0.037671,0.183584,0.496799,0.153338,0.195786,0.509696,-0.055242,0.186151,0.117769,0.130584,0.181017,0.130665,-0.077995,0.171382,0.478697,0.204424,0.052455,0.372739,-0.101434,0.015971,0.137941,0.185039,0.016005,0.146975,-0.116748,0.045305
0.322659,0.039095,0.182879,0.505749,0.154741,0.194920,0.518578,-0.053885,0.186256,0.126739,0.132075,0.179501,0.139568,-0.076552,0.170837,0.502091,0.206317,0.044995,0.373541,-0.101309,0.016008,0.138826,0.185187,0.015913,0.172252,-0.114779,0.042308
0.331989,0.041329,0.181367,0.515144,0.156984,0.192292,0.527862,-0.051719,0.185509,0.136117,0.134377,0.177225,0.148835,-0.074326,0.170443,0.519044,0.208058,0.029867,0.374389,-0.101121,0.015997,0.139796,0.185404,0.015839,0.200087,-0.112531,0.040265
0.341671,0.044149,0.179181,0.524847,0.159977,0.187632,0.537593,-0.048791,0.183391,0.145748,0.137089,0.174970,0.158495,-0.071680,0.170729,0.521774,0.208823,0.015874,0.375258,-0.100845,0.015973,0.140819,0.185565,0.015791,0.229278,-0.110225,0.038971
0.351173,0.045936,0.178224,0.534365,0.161831,0.185316,0.547116,-0.046960,0.182450,0.155231,0.138832,0.173997,0.167982,-0.069959,0.171131,0.522425,0.208967,0.015811,0.376040,-0.100661,0.015897,0.141680,0.185716,0.015731,0.256347,-0.108210,0.033334
0.360348,0.046296,0.177844,0.543549,0.162194,0.184643,0.556304,-0.046594,0.181545,0.164391,0.139186,0.174144,0.177147,-0.069602,0.171045,0.523163,0.208993,0.015868,0.377033,-0.100626,0.015766,0.142416,0.185732,0.015850,0.273430,-0.107037,0.021305
0.369038,0.045932,0.177134,0.552272,0.161781,0.183888,0.564997,-0.046990,0.179708,0.173078,0.138854,0.174559,0.185804,-0.069916,0.170379,0.523900,0.208958,0.015904,0.383695,-0.100302,0.015764,0.143387,0.185764,0.015916,0.277131,-0.106799,0.015823
0.377300,0.046275,0.177333,0.560544,0.162137,0.183562,0.573276,-0.046630,0.179206,0.181325,0.139180,0.175460,0.194056,-0.069587,0.171104,0.524622,0.208990,0.015856,0.398514,-0.099424,0.015880,0.148208,0.186001,0.017481,0.277907,-0.106776,0.015753
0.385281,0.047698,0.178483,0.568493,0.163663,0.183650,0.581296,-0.045120,0.180444,0.189265,0.140516,0.176523,0.202069,-0.068267,0.173317,0.525327,0.209132,0.015906,0.422986,-0.097856,0.016758,0.158324,0.186541,0.021402,0.278669,-0.106689,0.015649
0.393414,0.049675,0.179623,0.576597,0.165719,0.183956,0.589448,-0.043081,0.182502,0.197380,0.142430,0.176743,0.210230,-0.066370,0.175289,0.526071,0.209317,0.015907,0.451789,-0.095960,0.020306,0.172384,0.187486,0.024961,0.279451,-0.106535,0.015694
0.401672,0.051981,0.180447,0.584835,0.168083,0.184001,0.597709,-0.040719,0.184639,0.205636,0.144681,0.176254,0.218509,-0.064122,0.176893,0.526816,0.209529,0.015824,0.476676,-0.094204,0.025571,0.187753,0.188660,0.027527,0.280190,-0.106348,0.015822
0.409966,0.054468,0.181022,0.593121,0.170608,0.183611,0.605997,-0.038175,0.186531,0.213934,0.147110,0.175513,0.226810,-0.061673,0.178433,0.527575,0.209759,0.015746,0.497555,-0.092575,0.031236,0.202302,0.189900,0.030074,0.280913,-0.106151,0.015845
0.418198,0.056940,0.181543,0.601363,0.173083,0.183073,0.614213,-0.035657,0.188254,0.222183,0.149537,0.174831,0.235033,-0.059204,0.180012,0.528318,0.209985,0.015767,0.515580,-0.091036,0.036862,0.215558,0.191162,0.033134,0.281594,-0.105962,0.015855
0.426353,0.059210,0.182192,0.609540,0.175329,0.182739,0.622346,-0.033355,0.189942,0.230361,0.151774,0.174442,0.243167,-0.056910,0.181644,0.529058,0.210191,0.015800,0.531873,-0.089560,0.042427,0.228338,0.192449,0.036434,0.282260,-0.105794,0.015882
0.434452,0.061138,0.183066,0.617663,0.177220,0.182839,0.630419,-0.031405,0.191655,0.238485,0.153681,0.174476,0.251241,-0.054944,0.183293,0.529792,0.210363,0.015803,0.546871,-0.088167,0.047841,0.241660,0.193745,0.039470,0.282896,-0.105659,0.015876
0.442589,0.062622,0.184210,0.625814,0.178679,0.183537,0.638538,-0.029898,0.193444,0.246640,0.155142,0.174976,0.259364,-0.053436,0.184883,0.530513,0.210491,0.015935,0.561169,-0.086880,0.052869,0.256210,0.194987,0.041833,0.283504,-0.105573,0.015939
0.450821,0.063660,0.185746,0.634045,0.179718,0.185083,0.646756,-0.028834,0.195528,0.254886,0.156154,0.175963,0.267597,-0.052399,0.186408,0.531248,0.210576,0.016000,0.576674,-0.085663,0.056421,0.272329,0.196176,0.043540,0.284101,-0.105520,0.015969
0.459251,0.064280,0.187603,0.642455,0.180372,0.187382,0.655180,-0.028179,0.197834,0.263323,0.156739,0.177371,0.276047,-0.051812,0.187823,0.532000,0.210637,0.016035,0.594796,-0.084467,0.057901,0.290674,0.197340,0.044502,0.284739,-0.105484,0.016015
0.467960,0.064441,0.189546,0.651120,0.180601,0.190136,0.663895,-0.027972,0.200063,0.272026,0.156854,0.179029,0.284800,-0.051720,0.188956,0.532813,0.210654,0.016010,0.615217,-0.083323,0.057550,0.312151,0.198503,0.044665,0.285405,-0.105503,0.015959
0.477036,0.064128,0.191267,0.660126,0.180387,0.192964,0.672994,-0.028228,0.201830,0.281077,0.156485,0.180704,0.293945,-0.052131,0.189571,0.533638,0.210635,0.015854,0.636555,-0.082300,0.054854,0.337883,0.199761,0.044126,0.286082,-0.105572,0.015964
0.486591,0.063340,0.192415,0.669612,0.179684,0.195337,0.682583,-0.028986,0.202628,0.290599,0.155665,0.182202,0.303571,-0.053005,0.189493,0.534521,0.210578,0.015774,0.656705,-0.081570,0.047813,0.367964,0.201189,0.043392,0.286837,-0.105677,0.015873
0.496620,0.062016,0.192640,0.679619,0.178374,0.196299,0.692658,-0.030356,0.201452,0.300582,0.154388,0.183827,0.313621,-0.054341,0.188981,0.535451,0.210466,0.015881,0.671434,-0.081386,0.033269,0.396328,0.202377,0.040242,0.287636,-0.105794,0.015734
0.506992,0.060504,0.190893,0.690029,0.176819,0.193955,0.703100,-0.031953,0.196768,0.310884,0.152961,0.185018,0.323955,-0.055811,0.187830,0.536347,0.210342,0.015959,0.672508,-0.081846,0.016066,0.418737,0.203247,0.035820,0.288462,-0.105893,0.015846
0.516918,0.060184,0.188186,0.699777,0.176802,0.190211,0.713220,-0.031955,0.192316,0.320616,0.152323,0.184057,0.334059,-0.056434,0.186162,0.545430,0.210652,0.015980,0.673228,-0.081855,0.015976,0.434194,0.203584,0.025442,0.290277,-0.106517,0.015891
0.526314,0.061212,0.184846,0.709093,0.177962,0.186383,0.722683,-0.030778,0.189105,0.329945,0.153202,0.180588,0.343535,-0.055538,0.183309,0.560605,0.211674,0.019845,0.673985,-0.081757,0.015899,0.438512,0.203674,0.015883,0.293308,-0.106541,0.015870
0.535290,0.061790,0.182319,0.718086,0.178513,0.183851,0.731645,-0.030230,0.186578,0.338934,0.153810,0.178059,0.352493,-0.054933,0.180786,0.582852,0.213179,0.023176,0.674738,-0.081707,0.015792,0.439344,0.203763,0.015901,0.301029,-0.105980,0.015850
0.544052,0.061491,0.181071,0.726857,0.178189,0.183329,0.740396,-0.030565,0.185078,0.347709,0.153547,0.177064,0.361247,-0.055207,0.178812,0.608272,0.214732,0.026488,0.675501,-0.081739,0.015786,0.440178,0.203742,0.015946,0.314109,-0.105172,0.016335
0.552738,0.060746,0.180612,0.735547,0.177407,0.184131,0.749065,-0.031356,0.184374,0.356412,0.152849,0.176850,0.369929,-0.055914,0.177093,0.628684,0.215854,0.031063,0.676270,-0.081811,0.015858,0.440989,0.203683,0.015879,0.329353,-0.104271,0.018032
0.561375,0.059874,0.180616,0.744175,0.176496,0.185562,0.757690,-0.032262,0.184150,0.365060,0.152011,0.177081,0.378574,-0.056748,0.175669,0.644965,0.216635,0.035463,0.677034,-0.081892,0.015943,0.441801,0.203616,0.015772,0.343958,-0.103486,0.020580
0.569931,0.059120,0.180815,0.752713,0.175705,0.187135,0.766239,-0.033036,0.184214,0.373623,0.151277,0.177416,0.387149,-0.057465,0.174495,0.659144,0.217259,0.039460,0.677805,-0.081961,0.015926,0.442614,0.203562,0.015610,0.357023,-0.102861,0.024053
0.578369,0.058609,0.181093,0.761130,0.175158,0.188587,0.774671,-0.033563,0.184444,0.382068,0.150782,0.177743,0.395608,-0.057939,0.173599,0.672766,0.217863,0.043363,0.678548,-0.082006,0.015863,0.443389,0.203531,0.015708,0.369006,-0.102338,0.028468
0.586708,0.058359,0.181486,0.769454,0.174868,0.189892,0.783001,-0.033832,0.184844,0.390416,0.150550,0.178129,0.403962,-0.058150,0.173080,0.687349,0.218555,0.046997,0.679293,-0.082034,0.015854,0.444159,0.203522,0.015891,0.380878,-0.101835,0.033665
0.594978,0.058323,0.182096,0.777711,0.174795,0.191272,0.791259,-0.033889,0.185583,0.398698,0.150535,0.178608,0.412245,-0.058149,0.172919,0.705591,0.219541,0.049477,0.680030,-0.082045,0.015860,0.444922,0.203533,0.015941,0.393703,-0.101268,0.039141
0.603268,0.058452,0.182851,0.785987,0.174887,0.192734,0.799532,-0.033784,0.186604,0.407004,0.150688,0.179098,0.420548,-0.057983,0.172968,0.728667,0.220898,0.050917,0.680777,-0.082039,0.015786,0.445653,0.203553,0.016016,0.408651,-0.100538,0.044199
0.611691,0.058755,0.183366,0.794399,0.175157,0.193811,0.807937,-0.033507,0.187423,0.415444,0.151016,0.179310,0.428982,-0.057648,0.172922,0.755104,0.222534,0.051409,0.681532,-0.082021,0.015812,0.446388,0.203588,0.016029,0.426615,-0.099515,0.047032
0.620285,0.059391,0.183359,0.802993,0.175769,0.194083,0.816510,-0.032899,0.187791,0.424060,0.151681,0.178928,0.437577,-0.056987,0.172635,0.782268,0.224334,0.050111,0.682295,-0.081976,0.015952,0.447139,0.203655,0.015985,0.448158,-0.098066,0.046571
0.629166,0.060596,0.182703,0.811897,0.176957,0.193212,0.825359,-0.031735,0.187636,0.432972,0.152926,0.177771,0.446434,-0.055766,0.172195,0.806711,0.226171,0.043949,0.683092,-0.081886,0.015958,0.448014,0.203782,0.015915,0.473454,-0.096149,0.043647
0.638447,0.062579,0.181219,0.821229,0.178952,0.190656,0.834613,-0.029781,0.186667,0.442281,0.154940,0.175770,0.455664,-0.053793,0.171781,0.824862,0.227801,0.030322,0.683888,-0.081735,0.015987,0.448958,0.203975,0.015874,0.501552,-0.093911,0.041383
0.648140,0.065283,0.178950,0.830938,0.181809,0.185858,0.844367,-0.026954,0.184291,0.451913,0.157519,0.173609,0.465342,-0.051243,0.172042,0.829135,0.228514,0.015919,0.684755,-0.081503,0.015986,0.449988,0.204125,0.015836,0.531184,-0.091564,0.040214
0.657677,0.067043,0.177800,0.840489,0.183622,0.183279,0.853928,-0.025145,0.183066,0.461425,0.159232,0.172533,0.474864,-0.049536,0.172320,0.829790,0.228649,0.015766,0.685574,-0.081356,0.015910,0.450883,0.204257,0.015785,0.560413,-0.089434,0.035946
0.666943,0.067410,0.177612,0.849761,0.183987,0.182947,0.863204,-0.024780,0.182465,0.470681,0.159601,0.172759,0.484124,-0.049166,0.172277,0.830551,0.228680,0.015839,0.686394,-0.081325,0.015822,0.451648,0.204282,0.015806,0.581507,-0.088102,0.025997
0.675808,0.066728,0.176959,0.858635,0.183259,0.182947,0.872071,-0.025500,0.180970,0.479545,0.158956,0.172947,0.492981,-0.049803,0.170971,0.831302,0.228628,0.015910,0.691177,-0.081124,0.015772,0.452340,0.204238,0.015879,0.589009,-0.087700,0.015868
0.684277,0.066410,0.176554,0.867077,0.182960,0.182975,0.880566,-0.025783,0.180009,0.487987,0.158603,0.173099,0.501476,-0.050141,0.170133,0.832061,0.228621,0.015886,0.706713,-0.080235,0.015860,0.456549,0.204354,0.015914,0.589841,-0.087787,0.015817
0.692379,0.067396,0.177278,0.875167,0.183996,0.183112,0.888690,-0.024753,0.180722,0.496068,0.159545,0.173835,0.509591,-0.049204,0.171444,0.832817,0.228716,0.015914,0.728250,-0.078811,0.016327,0.466246,0.204941,0.018405,0.590636,-0.087719,0.015728
0.700481,0.069150,0.178322,0.883245,0.185823,0.183423,0.896808,-0.022935,0.182497,0.504155,0.161234,0.174148,0.517718,-0.047523,0.173221,0.833527,0.228882,0.015939,0.757040,-0.076838,0.019266,0.479808,0.205873,0.022245,0.591392,-0.087584,0.015609
0.708755,0.071328,0.179200,0.891497,0.188065,0.183549,0.905085,-0.020691,0.184550,0.512426,0.163346,0.173850,0.526013,-0.045410,0.174851,0.834282,0.229084,0.015861,0.782605,-0.074977,0.024354,0.495104,0.207053,0.025198,0.592169,-0.087413,0.015750
0.717064,0.073734,0.179919,0.899796,0.190518,0.183326,0.913388,-0.018216,0.186496,0.520740,0.165684,0.173342,0.534332,-0.043050,0.176512,0.835044,0.229308,0.015761,0.804186,-0.073253,0.030153,0.509761,0.208315,0.028111,0.592925,-0.087227,0.015781
0.725327,0.076187,0.180647,0.908065,0.192987,0.182967,0.921638,-0.015703,0.188349,0.529015,0.168076,0.172944,0.542588,-0.040614,0.178326,0.835807,0.229536,0.015753,0.822655,-0.071630,0.036026,0.523101,0.209602,0.031423,0.593649,-0.087046,0.015807
0.733498,0.078488,0.181522,0.916257,0.195272,0.182801,0.929788,-0.013358,0.190209,0.537207,0.170334,0.172834,0.550738,-0.038296,0.180243,0.836540,0.229746,0.015792,0.838998,-0.070091,0.041790,0.535811,0.210917,0.034829,0.594312,-0.086880,0.015899
0.741615,0.080490,0.182611,0.924402,0.197238,0.183044,0.937880,-0.011330,0.192112,0.545350,0.172310,0.173110,0.558829,-0.036258,0.182179,0.837283,0.229924,0.015796,0.853888,-0.068640,0.047349,0.548891,0.212250,0.037950,0.594960,-0.086742,0.015883
0.749710,0.082078,0.183926,0.932523,0.198786,0.183809,0.945949,-0.009732,0.194046,0.553471,0.173888,0.173806,0.566898,-0.034630,0.184043,0.838004,0.230057,0.015931,0.867654,-0.067317,0.052577,0.562994,0.213551,0.040407,0.595556,-0.086640,0.015851
0.757904,0.083243,0.185563,0.940726,0.199936,0.185299,0.954125,-0.008550,0.196179,0.561684,0.175036,0.174947,0.575083,-0.033451,0.185827,0.838723,0.230152,0.016012,0.882135,-0.066073,0.056477,0.578490,0.214797,0.042258,0.596153,-0.086567,0.015974
0.766281,0.083993,0.187539,0.949090,0.200707,0.187597,0.962489,-0.007773,0.198610,0.570073,0.175758,0.176467,0.583472,-0.032721,0.187480,0.839474,0.230206,0.016039,0.899309,-0.064838,0.058587,0.595860,0.216010,0.043711,0.596793,-0.086530,0.016011
0.774914,0.084313,0.189634,0.957673,0.201101,0.190397,0.971131,-0.007395,0.201020,0.578696,0.176020,0.178248,0.592154,-0.032476,0.188871,0.840255,0.230241,0.016019,0.918936,-0.063612,0.058820,0.616032,0.217213,0.044379,0.597456,-0.086543,0.016022
0.783875,0.084176,0.191529,0.966575,0.201046,0.193298,0.980106,-0.007490,0.203012,0.587643,0.175843,0.180046,0.601174,-0.032693,0.189760,0.841064,0.230233,0.015887,0.939913,-0.062493,0.057015,0.640204,0.218517,0.044140,0.598134,-0.086581,0.015956
0.793297,0.083570,0.192917,0.975938,0.200507,0.195908,0.989545,-0.008085,0.204203,0.597049,0.175224,0.181631,0.610656,-0.033368,0.189926,0.841952,0.230187,0.015788,0.960565,-0.061621,0.051714,0.668753,0.219995,0.043592,0.598892,-0.086637,0.015931
0.803150,0.082483,0.193423,0.985748,0.199460,0.197374,0.999440,-0.009195,0.203748,0.606860,0.174160,0.183098,0.620552,-0.034494,0.189471,0.842834,0.230105,0.015862,0.977629,-0.061198,0.039977,0.699095,0.221456,0.041499,0.599683,-0.086737,0.015829
0.813446,0.080983,0.192350,0.996064,0.197929,0.196296,1.009805,-0.010781,0.200320,0.617087,0.172748,0.184380,0.630828,-0.035962,0.188404,0.843758,0.229980,0.015939,0.985667,-0.061414,0.019485,0.723083,0.222439,0.036864,0.600515,-0.086842,0.015805
0.823662,0.080381,0.189639,1.006271,0.197360,0.192925,1.020101,-0.011365,0.195612,0.627223,0.172126,0.183667,0.641053,-0.036599,0.186353,0.844954,0.229947,0.015960,0.986475,-0.061458,0.016018,0.743322,0.223413,0.031444,0.601469,-0.086969,0.015875
0.833256,0.081374,0.186431,1.015806,0.198461,0.189083,1.029755,-0.010248,0.192317,0.636756,0.172995,0.180545,0.650706,-0.035714,0.183779,0.862462,0.231116,0.017859,0.987184,-0.061384,0.015914,0.753481,0.223800,0.015744,0.602780,-0.087076,0.015900
0.842480,0.082443,0.183080,1.025097,0.199435,0.185301,1.038933,-0.009274,0.189031,0.646027,0.174159,0.177130,0.659862,-0.034549,0.180860,0.883327,0.232683,0.022421,0.987915,-0.061307,0.015881,0.754416,0.224020,0.015883,0.607636,-0.086518,0.015815
0.851376,0.082316,0.181358,1.034026,0.199250,0.183907,1.047808,-0.009475,0.186825,0.654943,0.174107,0.175891,0.668725,-0.034618,0.178810,0.908502,0.234283,0.024255,0.988662,-0.061326,0.015753,0.755284,0.224049,0.015904,0.619357,-0.085710,0.015861
0.860172,0.081625,0.180618,1.042846,0.198497,0.184130,1.056580,-0.010247,0.185579,0.663764,0.173496,0.175657,0.677498,-0.035247,0.177107,0.929991,0.235538,0.028192,0.989422,-0.061394,0.015811,0.756111,0.224013,0.015948,0.634160,-0.084767,0.015996
0.868881,0.080702,0.180415,1.051561,0.197514,0.185313,1.065267,-0.011236,0.185025,0.672496,0.172640,0.175805,0.686201,-0.036110,0.175517,0.946901,0.236401,0.032278,0.990187,-0.061480,0.015874,0.756931,0.223952,0.015874,0.649218,-0.083868,0.016923
0.877495,0.079790,0.180499,1.060165,0.196546,0.186891,1.073863,-0.012196,0.184887,0.681127,0.171776,0.176112,0.694824,-0.036965,0.174107,0.961117,0.237045,0.036044,0.990944,-0.061564,0.015902,0.757748,0.223894,0.015761,0.662732,-0.083129,0.018806
0.885979,0.079046,0.180713,1.068627,0.195750,0.188513,1.082335,-0.012971,0.184997,0.689623,0.171063,0.176428,0.703330,-0.037658,0.172913,0.974324,0.237619,0.039643,0.991685,-0.061631,0.015911,0.758550,0.223853,0.015603,0.674653,-0.082552,0.021949
0.894352,0.078547,0.180995,1.076983,0.195193,0.189981,1.090693,-0.013504,0.185251,0.698011,0.170598,0.176739,0.711721,-0.038099,0.172009,0.987675,0.238208,0.043406,0.992420,-0.061679,0.015842,0.759344,0.223836,0.015716,0.685793,-0.082063,0.026481
0.902588,0.078294,0.181431,1.085204,0.194888,0.191348,1.098915,-0.013786,0.185706,0.706261,0.170373,0.177156,0.719972,-0.038301,0.171514,1.002615,0.238931,0.046917,0.993148,-0.061707,0.015848,0.760106,0.223837,0.015852,0.697122,-0.081595,0.032046
0.910751,0.078243,0.182145,1.093360,0.194777,0.192865,1.107055,-0.013879,0.186561,0.714447,0.170365,0.177729,0.728142,-0.038291,0.171425,1.021831,0.239986,0.049387,0.993876,-0.061718,0.015842,0.760842,0.223866,0.015973,0.709704,-0.081039,0.038027
0.918953,0.078361,0.182960,1.101551,0.194842,0.194421,1.115231,-0.013801,0.187660,0.722674,0.170523,0.178259,0.736355,-0.038120,0.171499,1.045748,0.241405,0.050865,0.994614,-0.061711,0.015755,0.761585,0.223902,0.016024,0.724768,-0.080297,0.043293
0.927273,0.078652,0.183514,1.109867,0.195082,0.195536,1.123524,-0.013553,0.188499,0.731021,0.170857,0.178529,0.744679,-0.037779,0.171492,1.072792,0.243086,0.051505,0.995358,-0.061693,0.015864,0.762311,0.223960,0.015994,0.742981,-0.079229,0.045986
0.935776,0.079285,0.183519,1.118378,0.195677,0.195790,1.131998,-0.012964,0.188838,0.739554,0.171533,0.178200,0.753174,-0.037107,0.171248,1.100194,0.244908,0.050323,0.996112,-0.061646,0.015975,0.763067,0.224045,0.015988,0.764844,-0.077718,0.045222
0.944595,0.080501,0.182830,1.127227,0.196875,0.194831,1.140784,-0.011792,0.188596,0.748407,0.172794,0.177064,0.761964,-0.035873,0.170830,1.124377,0.246758,0.044150,0.996897,-0.061549,0.015976,0.763927,0.224183,0.015918,0.790360,-0.075753,0.042266
0.953869,0.082505,0.181297,1.136575,0.198876,0.192142,1.150019,-0.009840,0.187506,0.757718,0.174851,0.175089,0.771163,-0.033865,0.170453,1.141883,0.248367,0.030375,0.997701,-0.061397,0.015991,0.764881,0.224404,0.015868,0.818483,-0.073479,0.040177
0.963573,0.085206,0.179003,1.146339,0.201696,0.187243,1.159768,-0.007061,0.184995,0.767379,0.177472,0.173012,0.780808,-0.031284,0.170764,1.145423,0.249029,0.015910,0.998570,-0.061156,0.015968,0.765916,0.224617,0.015826,0.847990,-0.071091,0.039049
0.973099,0.086970,0.177813,1.155882,0.203529,0.184554,1.169326,-0.005236,0.183650,0.776872,0.179177,0.171976,0.790316,-0.029589,0.171071,1.146043,0.249172,0.015835,0.999387,-0.060997,0.015897,0.766811,0.224751,0.015774,0.876755,-0.068976,0.034720
0.982365,0.087330,0.177524,1.165161,0.203883,0.184033,1.178604,-0.004882,0.182851,0.786126,0.179542,0.172196,0.799569,-0.029222,0.171014,1.146812,0.249198,0.015853,1.000228,-0.060967,0.015793,0.767595,0.224779,0.015811,0.897272,-0.067647,0.024592
0.991173,0.086804,0.177029,1.173986,0.203325,0.183625,1.187431,-0.005428,0.181159,0.794915,0.179037,0.172899,0.808360,-0.029716,0.170433,1.147567,0.249152,0.015865,1.005610,-0.060732,0.015753,0.768232,0.224720,0.015904,0.902604,-0.067368,0.015863
0.999603,0.086688,0.176996,1.182435,0.203178,0.183625,1.195866,-0.005565,0.180367,0.803341,0.178942,0.173625,0.816771,-0.029801,0.170367,1.148305,0.249148,0.015952,1.022219,-0.059720,0.015874,0.772468,0.224965,0.016010,0.903423,-0.067363,0.015793
1.007839,0.087684,0.177694,1.190650,0.204229,0.183899,1.204123,-0.004520,0.181218,0.811555,0.179887,0.174170,0.825028,-0.028862,0.171490,1.149048,0.249249,0.015902,1.047428,-0.058067,0.016546,0.782385,0.225546,0.018917,0.904208,-0.067299,0.015694
1.016151,0.089451,0.178571,1.198933,0.206076,0.184102,1.212452,-0.002683,0.182888,0.819851,0.181585,0.174253,0.833370,-0.027174,0.173040,1.149797,0.249418,0.015898,1.075265,-0.056164,0.019666,0.796276,0.226486,0.022562,0.905003,-0.067167,0.015660
1.024574,0.091628,0.179330,1.207337,0.208318,0.184064,1.220877,-0.000442,0.184761,0.828271,0.183698,0.173898,0.841812,-0.025063,0.174596,1.150577,0.249620,0.015838,1.100428,-0.054335,0.024775,0.811543,0.227664,0.025863,0.905801,-0.066989,0.015730
1.032978,0.094019,0.179997,1.215734,0.210757,0.183700,1.229278,0.002015,0.186541,0.836678,0.186022,0.173453,0.850222,-0.022720,0.176294,1.151335,0.249843,0.015763,1.121857,-0.052627,0.030591,0.826118,0.228924,0.029222,0.906546,-0.066798,0.015877
1.041344,0.096417,0.180721,1.224110,0.213170,0.183281,1.237633,0.004467,0.188264,0.845055,0.188367,0.173179,0.858578,-0.020336,0.178161,1.152108,0.250063,0.015746,1.140374,-0.051016,0.036511,0.839627,0.230221,0.032754,0.907269,-0.066614,0.015846
