-0.009258,0.003422,0.341189,0.180499,0.108317,0.335685,0.180686,-0.100844,0.331643,-0.199202,0.107687,0.350734,-0.199016,-0.101473,0.346692,0.153286,0.157517,0.140834,0.162385,-0.142596,0.139016,-0.185373,0.156764,0.164130,-0.208068,-0.143524,0.169914
-0.013447,0.005375,0.328745,0.176179,0.110512,0.323331,0.176639,-0.098651,0.319406,-0.203533,0.109400,0.338084,-0.203073,-0.099762,0.334159,0.147760,0.159410,0.136680,0.156042,-0.140833,0.142396,-0.170752,0.158561,0.144616,-0.208271,-0.141676,0.144655
-0.016247,0.007309,0.312958,0.173228,0.112747,0.308153,0.174033,-0.096414,0.304216,-0.206526,0.111032,0.321701,-0.205722,-0.098129,0.317763,0.136451,0.161474,0.127044,0.136550,-0.138827,0.134809,-0.177597,0.160287,0.125912,-0.221490,-0.139808,0.113753
-0.019245,0.009125,0.294728,0.170243,0.114590,0.291218,0.171085,-0.094558,0.286626,-0.209575,0.112807,0.302831,-0.208734,-0.096341,0.298239,0.138439,0.163777,0.115706,0.118675,-0.136350,0.109924,-0.190989,0.162906,0.095008,-0.233885,-0.137070,0.078107
-0.023552,0.010967,0.273074,0.166332,0.115762,0.271182,0.166464,-0.093380,0.266232,-0.213568,0.115314,0.279916,-0.213435,-0.093827,0.274966,0.143199,0.165376,0.095139,0.114404,-0.134345,0.074798,-0.197284,0.166032,0.058316,-0.233169,-0.133806,0.042748
-0.028816,0.012928,0.247359,0.161710,0.116559,0.246177,0.160596,-0.092596,0.241982,-0.218228,0.118452,0.252737,-0.219343,-0.090703,0.248542,0.136063,0.165948,0.057081,0.123179,-0.133806,0.040044,-0.193526,0.168401,0.022337,-0.226374,-0.131459,0.015893
-0.031788,0.015491,0.222128,0.158981,0.118416,0.214712,0.157074,-0.090769,0.213122,-0.220650,0.121752,0.231135,-0.222557,-0.087433,0.229545,0.118350,0.165752,0.015804,0.122239,-0.134401,0.015300,-0.192888,0.168589,0.015811,-0.225339,-0.131236,0.015733
-0.029808,0.017067,0.205615,0.160693,0.119935,0.192632,0.158780,-0.089256,0.192538,-0.218396,0.123390,0.218693,-0.220309,-0.085801,0.218599,0.117454,0.165862,0.015921,0.121548,-0.134288,0.015940,-0.192082,0.168692,0.015900,-0.224579,-0.131123,0.015754
-0.023582,0.018078,0.196396,0.166855,0.120883,0.182051,0.164955,-0.088306,0.183087,-0.212120,0.124462,0.209704,-0.214020,-0.084727,0.210740,0.117699,0.165959,0.015906,0.121799,-0.134194,0.015968,-0.191178,0.168765,0.015919,-0.223669,-0.131057,0.015854
-0.015926,0.018673,0.187716,0.174494,0.121422,0.172753,0.172598,-0.087761,0.174613,-0.204450,0.125107,0.200819,-0.206347,-0.084076,0.202680,0.127417,0.165919,0.017162,0.122265,-0.134170,0.015955,-0.190218,0.168787,0.015925,-0.223955,-0.131026,0.016537
-0.008385,0.019100,0.177110,0.182007,0.121803,0.161486,0.180118,-0.087373,0.164026,-0.196888,0.125573,0.190194,-0.198777,-0.083603,0.192735,0.144166,0.165863,0.018454,0.122797,-0.134110,0.015872,-0.189058,0.168841,0.015916,-0.220109,-0.131014,0.015836
-0.000900,0.019482,0.166178,0.189466,0.122120,0.149828,0.187572,-0.087046,0.153096,-0.189373,0.126009,0.179259,-0.191266,-0.083157,0.182528,0.161047,0.165795,0.019312,0.123441,-0.134068,0.015810,-0.187862,0.168900,0.015855,-0.208760,-0.131062,0.015704
0.006729,0.020119,0.157019,0.197064,0.122662,0.139737,0.195171,-0.086484,0.144113,-0.181713,0.126721,0.169926,-0.183606,-0.082424,0.174302,0.175464,0.165798,0.019259,0.124210,-0.133989,0.015781,-0.186712,0.169003,0.015788,-0.189763,-0.131101,0.017980
0.014580,0.021214,0.150246,0.204850,0.123602,0.131405,0.202976,-0.085498,0.137578,-0.173817,0.127925,0.162914,-0.175690,-0.081175,0.169088,0.185852,0.165834,0.015898,0.125071,-0.133867,0.015794,-0.185620,0.169159,0.015781,-0.162829,-0.131114,0.021694
0.022133,0.022442,0.145620,0.212303,0.124630,0.124782,0.210461,-0.084399,0.133032,-0.166196,0.129283,0.158208,-0.168037,-0.079746,0.166459,0.186704,0.166037,0.015694,0.125906,-0.133768,0.015826,-0.184647,0.169313,0.015821,-0.127863,-0.131214,0.023904
0.029613,0.022850,0.142873,0.219711,0.124955,0.120989,0.217904,-0.084038,0.130114,-0.158677,0.129738,0.155632,-0.160484,-0.079255,0.164757,0.187565,0.166136,0.015833,0.126728,-0.133731,0.015928,-0.183803,0.169346,0.015819,-0.088114,-0.131643,0.021211
0.036961,0.022129,0.140332,0.227050,0.124315,0.118762,0.225245,-0.084711,0.127088,-0.151323,0.128969,0.153576,-0.153129,-0.080057,0.161901,0.188473,0.166041,0.015947,0.127464,-0.133780,0.015984,-0.183025,0.169243,0.015787,-0.055884,-0.132165,0.016781
0.043709,0.021111,0.137493,0.233704,0.123382,0.115501,0.231879,-0.085695,0.122462,-0.144461,0.127916,0.152524,-0.146286,-0.081160,0.159486,0.189309,0.165934,0.016021,0.127343,-0.133798,0.016181,-0.179364,0.169141,0.015671,-0.053923,-0.132223,0.015951
0.050308,0.020432,0.134984,0.240242,0.122770,0.112782,0.238412,-0.086333,0.118877,-0.137796,0.127196,0.151091,-0.139626,-0.081907,0.157186,0.190159,0.165861,0.016073,0.135016,-0.133738,0.021473,-0.168807,0.168994,0.015761,-0.053291,-0.132252,0.015909
0.057476,0.020203,0.133567,0.247477,0.122575,0.112106,0.245640,-0.086534,0.117981,-0.130687,0.126940,0.149152,-0.132525,-0.082170,0.155027,0.191129,0.165838,0.015920,0.145227,-0.133628,0.028766,-0.154794,0.168874,0.015794,-0.052564,-0.132255,0.015785
0.065006,0.020306,0.133037,0.255120,0.122697,0.112687,0.253296,-0.086404,0.118859,-0.123284,0.127015,0.147216,-0.125107,-0.082086,0.153388,0.192088,0.165857,0.015771,0.155150,-0.133493,0.035080,-0.140341,0.168757,0.015798,-0.051809,-0.132262,0.015655
0.072670,0.020588,0.132978,0.262907,0.122981,0.113833,0.261095,-0.086103,0.120560,-0.115755,0.127278,0.145397,-0.117567,-0.081806,0.152123,0.193002,0.165907,0.015747,0.165852,-0.133357,0.039589,-0.126641,0.168679,0.015795,-0.051046,-0.132248,0.015640
0.080326,0.020943,0.133177,0.270700,0.123300,0.115236,0.268859,-0.085760,0.122646,-0.108207,0.127646,0.143708,-0.110048,-0.081415,0.151118,0.193884,0.165932,0.015793,0.178586,-0.133280,0.042695,-0.114045,0.168667,0.016450,-0.050264,-0.132220,0.015724
0.087917,0.021332,0.133556,0.278411,0.123662,0.116769,0.276544,-0.085373,0.124876,-0.100709,0.128037,0.142235,-0.102577,-0.080998,0.150342,0.194704,0.165982,0.015854,0.193665,-0.133211,0.045134,-0.102937,0.168778,0.019382,-0.049483,-0.132174,0.015844
0.095463,0.021667,0.134149,0.286045,0.124002,0.118422,0.284176,-0.085007,0.127149,-0.093250,0.128342,0.141150,-0.095119,-0.080667,0.149876,0.195469,0.166025,0.015953,0.210972,-0.133165,0.047605,-0.092718,0.168959,0.024521,-0.048715,-0.132168,0.015879
0.103119,0.021908,0.135067,0.293760,0.124281,0.120337,0.291912,-0.084710,0.129495,-0.085674,0.128526,0.140640,-0.087522,-0.080466,0.149797,0.196222,0.166067,0.015997,0.230063,-0.133120,0.050496,-0.082338,0.169203,0.031353,-0.047935,-0.132179,0.015870
0.111008,0.022038,0.136426,0.301694,0.124454,0.122609,0.299859,-0.084529,0.131962,-0.077844,0.128604,0.140891,-0.079678,-0.080379,0.150244,0.196959,0.166099,0.016000,0.249884,-0.133103,0.053414,-0.070980,0.169484,0.039072,-0.047167,-0.132174,0.015914
0.119202,0.022030,0.138134,0.309897,0.124520,0.125004,0.308109,-0.084464,0.134353,-0.069706,0.128523,0.141915,-0.071493,-0.080460,0.151263,0.197680,0.166098,0.015946,0.269435,-0.133174,0.055128,-0.058052,0.169650,0.046441,-0.046364,-0.132225,0.015946
0.127670,0.021748,0.139691,0.318356,0.124318,0.127072,0.316614,-0.084685,0.135990,-0.061273,0.128180,0.143392,-0.063016,-0.080823,0.152309,0.198448,0.166065,0.015838,0.287811,-0.133427,0.054194,-0.042289,0.169584,0.051272,-0.045490,-0.132279,0.015962
0.136261,0.021057,0.140300,0.326916,0.123708,0.127867,0.325210,-0.085335,0.135803,-0.052688,0.127449,0.144798,-0.054394,-0.081593,0.152734,0.199243,0.165978,0.015764,0.303501,-0.133972,0.048076,-0.022094,0.169150,0.051733,-0.044603,-0.132351,0.015935
0.144901,0.019894,0.139341,0.335481,0.122646,0.126592,0.333822,-0.086451,0.132933,-0.044019,0.126238,0.145749,-0.045678,-0.082859,0.152089,0.200089,0.165835,0.015875,0.314849,-0.134787,0.033547,0.004617,0.168353,0.047766,-0.043686,-0.132479,0.015837
0.153328,0.018299,0.136382,0.343833,0.121038,0.122472,0.342060,-0.088115,0.126520,-0.035404,0.124713,0.146244,-0.037178,-0.084440,0.150292,0.201030,0.165647,0.015950,0.315448,-0.135492,0.015854,0.036992,0.167540,0.041921,-0.042631,-0.132457,0.015797
0.160881,0.017559,0.132412,0.350811,0.121214,0.117462,0.350080,-0.087942,0.121706,-0.028317,0.123060,0.143118,-0.029049,-0.086096,0.147362,0.213050,0.165095,0.015940,0.316391,-0.135430,0.015920,0.069874,0.165888,0.030352,-0.040249,-0.134185,0.015824
0.168217,0.017853,0.127729,0.357668,0.122430,0.113141,0.358061,-0.086682,0.119191,-0.021627,0.122388,0.136268,-0.021235,-0.086725,0.142318,0.240000,0.164903,0.017200,0.317405,-0.135213,0.016015,0.080295,0.164565,0.015894,-0.037256,-0.135883,0.015828
0.175705,0.018379,0.124021,0.365202,0.122938,0.109903,0.365619,-0.086141,0.116998,-0.014209,0.122899,0.131044,-0.013792,-0.086180,0.138139,0.273105,0.165199,0.020562,0.318366,-0.135137,0.016043,0.080933,0.164659,0.015941,-0.035924,-0.135853,0.015773
0.183113,0.018414,0.122015,0.372652,0.123000,0.108684,0.373079,-0.086073,0.115955,-0.006853,0.122900,0.128076,-0.006426,-0.086173,0.135347,0.303302,0.165522,0.027770,0.319309,-0.135139,0.015943,0.081671,0.164659,0.015954,-0.029574,-0.135858,0.015716
0.190559,0.018230,0.121289,0.380160,0.122892,0.109513,0.380595,-0.086193,0.116462,0.000523,0.122653,0.126116,0.000958,-0.086431,0.133065,0.326623,0.165812,0.036004,0.320246,-0.135137,0.015846,0.082434,0.164636,0.015892,-0.018662,-0.135845,0.015754
0.197971,0.017937,0.121458,0.387646,0.122655,0.111513,0.388058,-0.086446,0.117931,0.007885,0.122320,0.124985,0.008297,-0.086781,0.131403,0.343403,0.165921,0.042502,0.321109,-0.135187,0.015715,0.083237,0.164587,0.015740,-0.006567,-0.135830,0.015806
0.205322,0.017582,0.122215,0.395058,0.122341,0.114024,0.395438,-0.086780,0.119767,0.015207,0.121943,0.124663,0.015587,-0.087177,0.130406,0.356242,0.165898,0.047012,0.321937,-0.135236,0.015777,0.084092,0.164541,0.015626,0.004761,-0.135771,0.017267
0.212566,0.017220,0.123332,0.402346,0.122003,0.116598,0.402693,-0.087136,0.121647,0.022439,0.121575,0.125018,0.022787,-0.087564,0.130067,0.367182,0.165806,0.050228,0.322708,-0.135287,0.015827,0.084939,0.164503,0.015704,0.014969,-0.135679,0.020739
0.219696,0.016930,0.124596,0.409499,0.121730,0.118864,0.409829,-0.087421,0.123370,0.029563,0.121280,0.125822,0.029893,-0.087871,0.130327,0.377248,0.165708,0.052388,0.323443,-0.135334,0.015834,0.085790,0.164461,0.015875,0.024906,-0.135601,0.025334
0.226780,0.016766,0.125820,0.416598,0.121570,0.120691,0.416913,-0.087588,0.124861,0.036647,0.121119,0.126779,0.036962,-0.088039,0.130949,0.386926,0.165639,0.053176,0.324146,-0.135359,0.015909,0.086624,0.164444,0.015925,0.035710,-0.135515,0.029885
0.233944,0.016735,0.126885,0.423767,0.121545,0.122071,0.424080,-0.087615,0.126148,0.043808,0.121085,0.127622,0.044121,-0.088075,0.131699,0.396885,0.165607,0.052459,0.324823,-0.135370,0.015954,0.087450,0.164432,0.015936,0.048461,-0.135440,0.033560
0.241337,0.016850,0.127667,0.431165,0.121656,0.122959,0.431473,-0.087501,0.127189,0.051200,0.121200,0.128146,0.051509,-0.087957,0.132375,0.407385,0.165596,0.049567,0.325543,-0.135366,0.015962,0.088314,0.164443,0.015849,0.064329,-0.135357,0.035495
0.249031,0.017197,0.128023,0.438866,0.121984,0.123178,0.439164,-0.087161,0.127941,0.058898,0.121555,0.128105,0.059196,-0.087591,0.132868,0.418154,0.165592,0.043057,0.326265,-0.135335,0.015938,0.089264,0.164505,0.015919,0.084700,-0.135236,0.035388
0.257114,0.017902,0.127825,0.446948,0.122664,0.122405,0.447249,-0.086452,0.128313,0.066980,0.122257,0.127337,0.067281,-0.086859,0.133245,0.428437,0.165542,0.031671,0.327019,-0.135271,0.015830,0.090307,0.164611,0.015918,0.111576,-0.135066,0.034069
0.265614,0.019257,0.126968,0.455405,0.123995,0.119869,0.455774,-0.085045,0.128041,0.075453,0.123559,0.125895,0.075822,-0.085481,0.134067,0.435271,0.165352,0.015205,0.327803,-0.135145,0.015785,0.091434,0.164769,0.015841,0.145886,-0.134769,0.033633
0.273552,0.020382,0.126256,0.463314,0.125046,0.117474,0.463717,-0.083908,0.127604,0.083387,0.124672,0.124907,0.083790,-0.084282,0.135037,0.436291,0.165563,0.015689,0.328572,-0.135091,0.015835,0.092468,0.164903,0.015776,0.185527,-0.134495,0.033831
0.281139,0.020332,0.125747,0.470910,0.124954,0.116660,0.471282,-0.084003,0.126722,0.090997,0.124668,0.124771,0.091369,-0.084290,0.134833,0.437272,0.165545,0.015911,0.329809,-0.135092,0.015947,0.093433,0.164926,0.015764,0.216014,-0.134535,0.031725
0.288380,0.019447,0.124010,0.478204,0.124013,0.115414,0.478456,-0.085014,0.123912,0.098303,0.123909,0.124108,0.098555,-0.085118,0.132605,0.438169,0.165414,0.016067,0.338413,-0.135060,0.015926,0.094735,0.164991,0.015850,0.228228,-0.134968,0.021475
0.295403,0.018147,0.121134,0.485304,0.122655,0.113630,0.485398,-0.086453,0.119822,0.105407,0.122746,0.122447,0.105501,-0.086362,0.128639,0.439069,0.165215,0.016041,0.355646,-0.135045,0.016329,0.097013,0.165055,0.015822,0.229886,-0.135118,0.015781
0.302311,0.017441,0.118985,0.492132,0.122120,0.111814,0.492380,-0.087015,0.117012,0.112242,0.121897,0.120958,0.112490,-0.087238,0.126155,0.439919,0.165141,0.016008,0.382131,-0.135011,0.020415,0.101142,0.164732,0.015715,0.230465,-0.135306,0.015772
0.309341,0.017445,0.118492,0.499183,0.122097,0.111467,0.499398,-0.087038,0.116686,0.119285,0.121927,0.120298,0.119500,-0.087208,0.125517,0.440848,0.165116,0.015890,0.404537,-0.134841,0.026844,0.108649,0.164770,0.015716,0.231141,-0.135295,0.015830
0.316402,0.017853,0.119644,0.506276,0.122455,0.112733,0.506445,-0.086664,0.118562,0.126360,0.122370,0.120727,0.126529,-0.086749,0.126555,0.441708,0.165167,0.015764,0.417610,-0.134559,0.034047,0.118175,0.164905,0.015746,0.231862,-0.135217,0.015865
0.323414,0.018456,0.121964,0.513299,0.123052,0.115300,0.513472,-0.086039,0.122047,0.133356,0.122950,0.121881,0.133529,-0.086141,0.128628,0.442491,0.165255,0.015765,0.425586,-0.134219,0.040436,0.128360,0.164994,0.015746,0.232657,-0.135168,0.015963
0.330433,0.019203,0.124849,0.520337,0.123791,0.118586,0.520501,-0.085262,0.126445,0.140365,0.123668,0.123252,0.140529,-0.085384,0.131112,0.443241,0.165348,0.015798,0.432459,-0.133847,0.045728,0.138777,0.165106,0.015726,0.233502,-0.135122,0.015982
0.337383,0.020008,0.127694,0.527331,0.124550,0.122024,0.527429,-0.084457,0.131008,0.147338,0.124473,0.124381,0.147436,-0.084534,0.133365,0.443922,0.165436,0.015784,0.440150,-0.133479,0.049826,0.149033,0.165295,0.015699,0.234274,-0.135032,0.015947
0.344250,0.020805,0.130143,0.534233,0.125319,0.125195,0.534267,-0.083636,0.135316,0.154233,0.125247,0.124971,0.154267,-0.083708,0.135091,0.444592,0.165516,0.015932,0.449682,-0.133138,0.053024,0.159157,0.165458,0.015687,0.235048,-0.134974,0.015834
0.351051,0.021580,0.132119,0.541055,0.126091,0.127963,0.541037,-0.082809,0.139171,0.161066,0.125968,0.125067,0.161048,-0.082931,0.136275,0.445240,0.165607,0.015993,0.461443,-0.132791,0.055797,0.168866,0.165663,0.016593,0.235801,-0.134918,0.015777
0.357811,0.022278,0.133677,0.547838,0.126775,0.130339,0.547744,-0.082071,0.142507,0.167878,0.126627,0.124848,0.167784,-0.082219,0.137016,0.445853,0.165688,0.016026,0.475180,-0.132467,0.058373,0.177858,0.166004,0.019381,0.236522,-0.134850,0.015632
0.364594,0.022911,0.135006,0.554631,0.127411,0.132420,0.554474,-0.081381,0.145485,0.174713,0.127203,0.124526,0.174556,-0.081589,0.137591,0.446475,0.165748,0.016028,0.490860,-0.132157,0.061017,0.186675,0.166430,0.023801,0.237241,-0.134804,0.015665
0.371487,0.023476,0.136365,0.561508,0.128019,0.134443,0.561334,-0.080724,0.148268,0.181639,0.127675,0.124463,0.181465,-0.081067,0.138288,0.447107,0.165821,0.016014,0.507758,-0.131838,0.063571,0.195853,0.166901,0.029153,0.237997,-0.134781,0.015731
0.378582,0.023941,0.137986,0.568587,0.128523,0.136618,0.568398,-0.080182,0.151003,0.188766,0.128064,0.124968,0.188577,-0.080641,0.139353,0.447729,0.165871,0.015917,0.525721,-0.131560,0.065999,0.205936,0.167392,0.034806,0.238733,-0.134762,0.015770
0.385899,0.024273,0.139761,0.575889,0.128885,0.138775,0.575694,-0.079797,0.153488,0.196103,0.128342,0.126035,0.195908,-0.080339,0.140747,0.448369,0.165899,0.015827,0.544201,-0.131393,0.067488,0.217656,0.167817,0.039966,0.239488,-0.134752,0.015804
0.393436,0.024311,0.141145,0.583396,0.128982,0.140390,0.583249,-0.079704,0.155044,0.203624,0.128326,0.127247,0.203477,-0.080360,0.141901,0.449037,0.165887,0.015765,0.562016,-0.131466,0.066528,0.232517,0.167947,0.042928,0.240271,-0.134793,0.015932
0.401134,0.023861,0.141572,0.591065,0.128586,0.140945,0.590991,-0.080148,0.154903,0.211278,0.127870,0.128242,0.211204,-0.080864,0.142200,0.449747,0.165828,0.015943,0.577862,-0.131946,0.061427,0.252157,0.167692,0.042776,0.241105,-0.134865,0.015996
0.408985,0.022869,0.140594,0.598893,0.127633,0.139909,0.598913,-0.081192,0.152427,0.219058,0.126930,0.128760,0.219077,-0.081895,0.141278,0.450486,0.165723,0.015991,0.590389,-0.132895,0.049487,0.279128,0.167134,0.039794,0.242043,-0.134934,0.016009
0.417057,0.021366,0.137770,0.606905,0.126234,0.136566,0.607124,-0.082707,0.146965,0.226990,0.125439,0.128574,0.227209,-0.083502,0.138973,0.451287,0.165578,0.016014,0.595998,-0.134206,0.026802,0.313506,0.166485,0.037142,0.243072,-0.135113,0.015975
0.424763,0.019928,0.133294,0.614543,0.124903,0.131095,0.614960,-0.084124,0.139572,0.234566,0.123980,0.127016,0.234983,-0.085047,0.135493,0.452095,0.165399,0.015996,0.594489,-0.134675,0.015724,0.349589,0.165912,0.033685,0.244079,-0.135367,0.015894
0.432007,0.019566,0.128468,0.621435,0.125163,0.125758,0.622556,-0.083840,0.134749,0.241458,0.122972,0.122187,0.242579,-0.086032,0.131178,0.474925,0.165147,0.015965,0.595240,-0.134593,0.015897,0.368921,0.164657,0.017797,0.245083,-0.136478,0.015736
0.439636,0.019768,0.124257,0.629062,0.125363,0.121302,0.630188,-0.083620,0.130751,0.249085,0.123156,0.117764,0.250211,-0.085828,0.127212,0.502320,0.165488,0.017577,0.596015,-0.134493,0.015928,0.369566,0.164693,0.015827,0.246110,-0.136384,0.015794
0.447277,0.019745,0.122237,0.636706,0.125319,0.118758,0.637833,-0.083661,0.128283,0.256721,0.123151,0.116191,0.257848,-0.085829,0.125716,0.536840,0.165860,0.021840,0.596871,-0.134496,0.016036,0.370232,0.164686,0.015791,0.247341,-0.136394,0.015781
0.454853,0.019657,0.121553,0.644291,0.125216,0.118098,0.645402,-0.083772,0.127453,0.264304,0.123086,0.115654,0.265416,-0.085902,0.125008,0.566862,0.166326,0.029306,0.597766,-0.134509,0.016033,0.370945,0.164681,0.015831,0.250519,-0.136371,0.015674
0.462292,0.019398,0.121508,0.651741,0.124954,0.118672,0.652823,-0.084057,0.127509,0.271760,0.122852,0.115506,0.272842,-0.086158,0.124343,0.589592,0.166660,0.036766,0.598646,-0.134545,0.015963,0.371753,0.164652,0.015947,0.257116,-0.136325,0.015692
0.469601,0.019005,0.121899,0.659072,0.124542,0.119989,0.660100,-0.084500,0.128055,0.279101,0.122510,0.115743,0.280129,-0.086532,0.123809,0.606206,0.166777,0.042505,0.599510,-0.134611,0.015866,0.372573,0.164604,0.015975,0.265486,-0.136259,0.015729
0.476761,0.018505,0.122593,0.666239,0.124045,0.121825,0.667237,-0.085033,0.128908,0.286285,0.122043,0.116279,0.287283,-0.087034,0.123362,0.619093,0.166749,0.046641,0.600338,-0.134662,0.015755,0.373396,0.164538,0.015966,0.274820,-0.136215,0.015775
0.483757,0.017960,0.123471,0.673249,0.123477,0.123994,0.674194,-0.085633,0.130049,0.293320,0.121553,0.116894,0.294266,-0.087558,0.122949,0.629849,0.166596,0.049607,0.601085,-0.134743,0.015757,0.374194,0.164464,0.015903,0.284645,-0.136173,0.015823
0.490643,0.017399,0.124484,0.680139,0.122893,0.126309,0.681044,-0.086245,0.131306,0.300241,0.121043,0.117662,0.301147,-0.088096,0.122659,0.639640,0.166406,0.051987,0.601824,-0.134811,0.015814,0.375030,0.164395,0.015755,0.294275,-0.136112,0.017071
0.497429,0.016853,0.125543,0.686928,0.122317,0.128498,0.687797,-0.086843,0.132491,0.307061,0.120550,0.118595,0.307930,-0.088610,0.122588,0.648965,0.166195,0.053965,0.602506,-0.134883,0.015854,0.375868,0.164329,0.015652,0.303675,-0.136049,0.019780
0.504234,0.016335,0.126550,0.693733,0.121770,0.130387,0.694580,-0.087406,0.133447,0.313888,0.120075,0.119653,0.314736,-0.089101,0.122714,0.658100,0.165982,0.055276,0.603213,-0.134952,0.015834,0.376722,0.164264,0.015700,0.313470,-0.136015,0.023344
0.511028,0.015923,0.127448,0.700533,0.121323,0.131899,0.701354,-0.087862,0.134231,0.320702,0.119707,0.120665,0.321524,-0.089478,0.122996,0.667265,0.165796,0.055599,0.603878,-0.135017,0.015917,0.377552,0.164215,0.015827,0.324230,-0.135990,0.027076
0.517918,0.015659,0.128198,0.707422,0.121042,0.133054,0.708234,-0.088148,0.134902,0.327601,0.119467,0.121494,0.328413,-0.089724,0.123342,0.676923,0.165684,0.054732,0.604540,-0.135053,0.015940,0.378375,0.164183,0.015934,0.336614,-0.135965,0.030428
0.525021,0.015591,0.128721,0.714525,0.120962,0.133808,0.715328,-0.088229,0.135483,0.334713,0.119411,0.121959,0.335516,-0.089781,0.123634,0.687121,0.165653,0.051846,0.605215,-0.135060,0.015928,0.379231,0.164185,0.015955,0.351466,-0.135901,0.032502
0.532478,0.015759,0.128933,0.721984,0.121129,0.134035,0.722777,-0.088061,0.135932,0.342180,0.119578,0.121934,0.342973,-0.089612,0.123831,0.697861,0.165690,0.045904,0.605916,-0.135045,0.015892,0.380133,0.164213,0.015872,0.370163,-0.135786,0.032872
0.540382,0.016243,0.128758,0.729913,0.121585,0.133497,0.730656,-0.087597,0.136125,0.350109,0.120083,0.121390,0.350852,-0.089099,0.124018,0.708924,0.165741,0.036150,0.606653,-0.135003,0.015799,0.381154,0.164322,0.015900,0.394498,-0.135553,0.032053
0.548717,0.017288,0.128113,0.738285,0.122615,0.131527,0.738984,-0.086539,0.135851,0.358451,0.121116,0.120374,0.359150,-0.088039,0.124699,0.718288,0.165746,0.022112,0.607407,-0.134920,0.015828,0.382267,0.164495,0.015897,0.425564,-0.135191,0.032121
0.556999,0.018780,0.127080,0.746556,0.124179,0.127767,0.747350,-0.084909,0.134583,0.366648,0.122468,0.119578,0.367442,-0.086619,0.126394,0.719556,0.165898,0.015723,0.608199,-0.134782,0.015883,0.383380,0.164624,0.015820,0.461890,-0.134729,0.034554
0.564880,0.019428,0.126523,0.754482,0.124743,0.125424,0.755233,-0.084306,0.133338,0.374528,0.123162,0.119708,0.375279,-0.085887,0.127622,0.720492,0.165957,0.015888,0.608919,-0.134759,0.015920,0.384421,0.164746,0.015778,0.495253,-0.134441,0.035096
0.572433,0.019157,0.125132,0.762082,0.124379,0.123350,0.762763,-0.084688,0.130775,0.382104,0.123003,0.119489,0.382785,-0.086064,0.126914,0.721406,0.165914,0.016048,0.617237,-0.134720,0.015936,0.385556,0.164811,0.015807,0.513316,-0.134610,0.028584
0.579659,0.018181,0.122259,0.769397,0.123247,0.120935,0.769907,-0.085877,0.126569,0.389410,0.122239,0.117949,0.389920,-0.086885,0.123582,0.722297,0.165772,0.016022,0.633611,-0.134653,0.016049,0.387579,0.164950,0.015847,0.516881,-0.134944,0.015840
0.586922,0.017326,0.119146,0.776585,0.122533,0.118350,0.777246,-0.086621,0.122716,0.396597,0.121273,0.115575,0.397259,-0.087880,0.119941,0.723179,0.165686,0.015938,0.665277,-0.134644,0.016899,0.391845,0.164634,0.015728,0.517526,-0.135135,0.015739
0.594135,0.017273,0.117438,0.783792,0.122489,0.116416,0.784469,-0.086665,0.120771,0.403801,0.121211,0.114105,0.404478,-0.087943,0.118460,0.724113,0.165662,0.015872,0.694458,-0.134469,0.022152,0.398986,0.164607,0.015711,0.518219,-0.135172,0.015798
0.601284,0.017704,0.117678,0.790969,0.122864,0.116251,0.791591,-0.086274,0.121307,0.410977,0.121682,0.114049,0.411599,-0.087456,0.119105,0.725011,0.165702,0.015738,0.711762,-0.134176,0.030247,0.408197,0.164760,0.015727,0.518967,-0.135097,0.015847
0.608322,0.018353,0.119563,0.798001,0.123521,0.117984,0.798629,-0.085589,0.124092,0.418015,0.122294,0.115035,0.418643,-0.086816,0.121143,0.725798,0.165788,0.015774,0.721084,-0.133806,0.038006,0.418198,0.164863,0.015710,0.519760,-0.135056,0.015895
0.615349,0.019154,0.122393,0.805021,0.124337,0.120929,0.805650,-0.084734,0.128228,0.425048,0.123042,0.116557,0.425677,-0.086030,0.123857,0.726560,0.165908,0.015791,0.727370,-0.133374,0.044411,0.428207,0.165006,0.015668,0.520588,-0.134989,0.015977
0.622269,0.020020,0.125472,0.811934,0.125218,0.124316,0.812549,-0.083805,0.132896,0.431988,0.123844,0.118049,0.432603,-0.085179,0.126629,0.727215,0.166004,0.015833,0.733505,-0.132949,0.049499,0.437822,0.165146,0.015644,0.521395,-0.134949,0.015970
0.629116,0.020885,0.128341,0.818800,0.126055,0.127688,0.819335,-0.082915,0.137468,0.438897,0.124686,0.119213,0.439432,-0.084284,0.128994,0.727879,0.166092,0.015930,0.741087,-0.132551,0.053379,0.447126,0.165361,0.015664,0.522208,-0.134865,0.015919
0.635868,0.021744,0.130784,0.825558,0.126905,0.130720,0.826022,-0.082008,0.141661,0.445714,0.125495,0.119906,0.446178,-0.083418,0.130847,0.728502,0.166194,0.015993,0.750998,-0.132143,0.056574,0.456380,0.165580,0.015812,0.522978,-0.134783,0.015829
0.642567,0.022533,0.132792,0.832266,0.127676,0.133345,0.832637,-0.081178,0.145372,0.452496,0.126245,0.120212,0.452867,-0.082609,0.132238,0.729103,0.166262,0.016025,0.763314,-0.131775,0.059438,0.464843,0.165920,0.018240,0.523731,-0.134720,0.015694
0.649303,0.023224,0.134510,0.838998,0.128370,0.135694,0.839298,-0.080429,0.148630,0.459309,0.126877,0.120391,0.459609,-0.081923,0.133327,0.729718,0.166337,0.016033,0.777779,-0.131415,0.062115,0.473128,0.166362,0.022389,0.524487,-0.134659,0.015612
0.656090,0.023838,0.136167,0.845774,0.128996,0.137922,0.846013,-0.079756,0.151610,0.466166,0.127432,0.120723,0.466406,-0.081320,0.134412,0.730324,0.166417,0.016012,0.793606,-0.131075,0.064506,0.481820,0.166880,0.027425,0.525220,-0.134584,0.015709
0.663055,0.024323,0.137976,0.852713,0.129519,0.140193,0.852935,-0.079196,0.154435,0.473176,0.127841,0.121517,0.473398,-0.080874,0.135758,0.730942,0.166465,0.015914,0.810929,-0.130772,0.066848,0.491444,0.167368,0.032886,0.525972,-0.134563,0.015738
0.670238,0.024681,0.139853,0.859871,0.129916,0.142353,0.860097,-0.078777,0.156921,0.480380,0.128139,0.122784,0.480606,-0.080553,0.137353,0.731579,0.166505,0.015827,0.829182,-0.130545,0.068468,0.502720,0.167807,0.038032,0.526769,-0.134549,0.015809
0.677578,0.024757,0.141310,0.867179,0.130046,0.143947,0.867456,-0.078649,0.158481,0.487700,0.128163,0.124139,0.487977,-0.080531,0.138673,0.732205,0.166500,0.015765,0.846916,-0.130551,0.067807,0.517027,0.167989,0.041245,0.527515,-0.134588,0.015912
0.685112,0.024345,0.141842,0.874673,0.129704,0.144569,0.875056,-0.079038,0.158401,0.495168,0.127729,0.125283,0.495551,-0.081013,0.139114,0.732886,0.166468,0.015917,0.862811,-0.130924,0.063120,0.536002,0.167802,0.041504,0.528351,-0.134660,0.016013
0.692829,0.023376,0.141035,0.882342,0.128823,0.143684,0.882898,-0.080009,0.156085,0.502760,0.126762,0.125984,0.503316,-0.082070,0.138385,0.733588,0.166374,0.015983,0.875514,-0.131749,0.051838,0.561953,0.167288,0.039071,0.529256,-0.134798,0.016004
0.700768,0.021900,0.138423,0.890213,0.127479,0.140567,0.891036,-0.081466,0.150854,0.510499,0.125267,0.125991,0.511322,-0.083678,0.136279,0.734334,0.166238,0.016010,0.881690,-0.132945,0.030282,0.595277,0.166713,0.036766,0.530227,-0.135032,0.015988
0.708469,0.020275,0.133952,0.897861,0.125969,0.134802,0.898946,-0.083073,0.142837,0.517993,0.123624,0.125066,0.519078,-0.085419,0.133102,0.735123,0.166042,0.015997,0.879630,-0.133544,0.015711,0.630888,0.166185,0.033788,0.531224,-0.135344,0.015930
0.715721,0.019699,0.129071,0.904717,0.126102,0.129036,0.906615,-0.082921,0.137423,0.524827,0.122320,0.120719,0.526725,-0.086704,0.129106,0.757741,0.165718,0.015951,0.880346,-0.133525,0.015892,0.651398,0.164885,0.019231,0.532442,-0.136688,0.015765
0.723331,0.019794,0.124803,0.912259,0.126319,0.124513,0.914302,-0.082702,0.132907,0.532360,0.122291,0.116700,0.534404,-0.086730,0.125094,0.786395,0.166276,0.017394,0.880976,-0.133215,0.015921,0.652091,0.164899,0.015814,0.533568,-0.136616,0.015797
0.730999,0.019775,0.122642,0.919934,0.126283,0.121734,0.921986,-0.082738,0.130135,0.540012,0.122289,0.115149,0.542064,-0.086732,0.123551,0.820755,0.166784,0.021868,0.881821,-0.133209,0.015999,0.652749,0.164890,0.015777,0.534667,-0.136624,0.015818
0.738602,0.019772,0.121867,0.927555,0.126245,0.120756,0.929579,-0.082779,0.129080,0.547624,0.122322,0.114654,0.549649,-0.086702,0.122978,0.850413,0.167351,0.029462,0.882725,-0.133221,0.016085,0.653480,0.164900,0.015824,0.537230,-0.136583,0.015701
0.746078,0.019596,0.121766,0.935042,0.126054,0.121033,0.937041,-0.082987,0.128918,0.555116,0.122180,0.114614,0.557115,-0.086862,0.122499,0.873224,0.167780,0.037056,0.883616,-0.133243,0.015969,0.654318,0.164891,0.015938,0.543158,-0.136508,0.015706
0.753376,0.019249,0.122122,0.942334,0.125720,0.122140,0.944330,-0.083348,0.129293,0.562422,0.121846,0.114950,0.564418,-0.087222,0.122103,0.890219,0.167996,0.043093,0.884469,-0.133279,0.015869,0.655133,0.164823,0.015965,0.551280,-0.136465,0.015741
0.760540,0.018810,0.122806,0.949498,0.125277,0.123810,0.951473,-0.083820,0.130055,0.569607,0.121441,0.115557,0.571582,-0.087657,0.121803,0.903346,0.168031,0.047393,0.885267,-0.133332,0.015767,0.655950,0.164754,0.015958,0.560487,-0.136400,0.015787
0.767563,0.018311,0.123681,0.956535,0.124734,0.125842,0.958451,-0.084390,0.131111,0.576674,0.121011,0.116250,0.578591,-0.088113,0.121520,0.914318,0.167914,0.050443,0.886037,-0.133427,0.015763,0.656773,0.164683,0.015892,0.570359,-0.136318,0.015836
0.774456,0.017811,0.124684,0.963427,0.124206,0.128031,0.965309,-0.084942,0.132303,0.583603,0.120564,0.117065,0.585485,-0.088584,0.121337,0.924205,0.167779,0.052853,0.886751,-0.133489,0.015825,0.657630,0.164621,0.015732,0.580130,-0.136225,0.017001
0.781292,0.017326,0.125729,0.970262,0.123686,0.130107,0.972114,-0.085479,0.133431,0.590470,0.120132,0.118026,0.592322,-0.089034,0.121351,0.933622,0.167623,0.054792,0.887460,-0.133555,0.015868,0.658474,0.164564,0.015634,0.589731,-0.136131,0.019639
0.788105,0.016872,0.126724,0.977070,0.123205,0.131893,0.978909,-0.085973,0.134341,0.597301,0.119718,0.119107,0.599140,-0.089460,0.121555,0.942837,0.167471,0.056038,0.888147,-0.133612,0.015848,0.659330,0.164508,0.015716,0.599703,-0.136062,0.023117
0.794895,0.016514,0.127598,0.983863,0.122813,0.133315,0.985683,-0.086372,0.135068,0.604108,0.119399,0.120128,0.605927,-0.089785,0.121881,0.952072,0.167344,0.056219,0.888826,-0.133666,0.015904,0.660156,0.164466,0.015840,0.610658,-0.135995,0.026736
