1.246589,0.007575,1.578775,-0.013475,-0.014229,1.347150,-0.732880,0.047435,1.336854,0.758533,0.158546,0.034530,0.253982,-0.157938,-0.003000,-0.505337,0.211488,-0.010108,-1.136265,-0.124146,0.029512
1.259270,0.006494,1.582518,0.000069,-0.014179,1.346757,-0.720232,0.047659,1.339259,0.802438,0.166187,0.031948,0.253308,-0.157655,-0.003052,-0.505764,0.211879,-0.010163,-1.110279,-0.123742,0.035637
1.271952,0.005463,1.586239,0.013636,-0.014086,1.346491,-0.707395,0.047862,1.341799,0.841394,0.172666,0.029399,0.252717,-0.157480,-0.003118,-0.506111,0.212137,-0.010151,-1.079263,-0.123277,0.039359
1.284590,0.004626,1.589906,0.027271,-0.013908,1.346362,-0.694240,0.048044,1.344457,0.873259,0.177366,0.025705,0.252242,-0.157469,-0.003144,-0.506456,0.212128,-0.010066,-1.044363,-0.123305,0.040874
1.297050,0.004152,1.593469,0.040984,-0.013654,1.346372,-0.680720,0.048180,1.347184,0.897075,0.180728,0.020623,0.251884,-0.157637,-0.003121,-0.506793,0.211812,-0.009951,-1.006754,-0.124013,0.040642
1.309124,0.004194,1.596870,0.054740,-0.013388,1.346523,-0.666907,0.048192,1.349907,0.913175,0.183318,0.014992,0.251637,-0.157991,-0.003076,-0.507065,0.211261,-0.009855,-0.966926,-0.125237,0.039125
1.320654,0.004828,1.600068,0.068502,-0.013177,1.346814,-0.652936,0.047981,1.352540,0.922825,0.185086,0.010149,0.251470,-0.158533,-0.003052,-0.507231,0.210561,-0.009779,-0.924836,-0.126781,0.036772
1.331669,0.005980,1.603061,0.082270,-0.013052,1.347251,-0.638924,0.047492,1.355018,0.928036,0.185747,0.007019,0.251324,-0.159269,-0.003065,-0.507307,0.209766,-0.009662,-0.880429,-0.128624,0.034098
1.342390,0.007483,1.605866,0.096082,-0.012985,1.347843,-0.624913,0.046750,1.357307,0.931005,0.185444,0.005645,0.251156,-0.160215,-0.003080,-0.507390,0.208897,-0.009493,-0.833872,-0.130867,0.031632
1.353020,0.009273,1.608472,0.109972,-0.012918,1.348602,-0.610918,0.045855,1.359401,0.933012,0.184625,0.005480,0.250957,-0.161352,-0.003060,-0.507601,0.207968,-0.009360,-0.785423,-0.133458,0.029699
1.363527,0.011536,1.610821,0.123928,-0.012813,1.349539,-0.596969,0.044919,1.361311,0.934149,0.183593,0.005796,0.250743,-0.162586,-0.002992,-0.507963,0.207009,-0.009326,-0.735367,-0.136187,0.028442
1.373591,0.014727,1.612818,0.137904,-0.012659,1.350656,-0.583117,0.044007,1.363053,0.934272,0.182444,0.005949,0.250522,-0.163778,-0.002906,-0.508425,0.206008,-0.009367,-0.684144,-0.138971,0.027937
1.382680,0.019504,1.614354,0.151860,-0.012464,1.351950,-0.569398,0.043116,1.364631,0.933691,0.181265,0.005717,0.250290,-0.164805,-0.002856,-0.508923,0.204906,-0.009432,-0.632325,-0.141913,0.028088
1.390205,0.026567,1.615302,0.165776,-0.012250,1.353413,-0.555826,0.042183,1.366030,0.932926,0.180212,0.005333,0.250028,-0.165647,-0.002843,-0.509388,0.203692,-0.009485,-0.580443,-0.145135,0.028614
1.395531,0.036618,1.615487,0.179640,-0.012060,1.355030,-0.542405,0.041106,1.367227,0.932305,0.179374,0.005064,0.249709,-0.166421,-0.002804,-0.509757,0.202474,-0.009476,-0.529005,-0.148762,0.029232
1.397811,0.050518,1.614715,0.193431,-0.011934,1.356783,-0.529166,0.039778,1.368202,0.931896,0.178620,0.004910,0.249386,-0.167298,-0.002682,-0.510035,0.201436,-0.009347,-0.478498,-0.152942,0.029815
1.396839,0.068374,1.612997,0.207116,-0.011880,1.358648,-0.516157,0.038154,1.368945,0.931611,0.177796,0.004759,0.249255,-0.168392,-0.002433,-0.510314,0.200676,-0.009106,-0.429045,-0.157572,0.030434
1.395368,0.087067,1.610972,0.220635,-0.011818,1.360600,-0.503439,0.036336,1.369456,0.931295,0.177014,0.004604,0.249550,-0.169633,-0.001943,-0.510709,0.200153,-0.008843,-0.380425,-0.162161,0.031264
1.399694,0.099579,1.609917,0.233946,-0.011700,1.362598,-0.491018,0.034479,1.369738,0.930856,0.176368,0.004462,0.250418,-0.170858,-0.001037,-0.511231,0.199779,-0.008631,-0.332650,-0.166267,0.032384
1.414964,0.100199,1.610803,0.247015,-0.011522,1.364583,-0.478859,0.032750,1.369800,0.930288,0.175811,0.004283,0.251884,-0.171896,0.000398,-0.511845,0.199579,-0.008451,-0.286228,-0.169773,0.033615
1.439379,0.090910,1.613241,0.259818,-0.011315,1.366479,-0.466924,0.031276,1.369656,0.929628,0.175425,0.004077,0.253999,-0.172673,0.002349,-0.512573,0.199523,-0.008272,-0.241762,-0.172969,0.034510
1.465589,0.079864,1.615805,0.272362,-0.011123,1.368217,-0.455153,0.030129,1.369312,0.928897,0.175437,0.003944,0.256995,-0.173226,0.004760,-0.513449,0.199456,-0.008146,-0.199454,-0.176395,0.034629
1.487916,0.073561,1.617382,0.284831,-0.010968,1.369754,-0.443313,0.029346,1.368771,0.928226,0.175834,0.003916,0.261373,-0.173621,0.007613,-0.514298,0.199327,-0.008130,-0.158781,-0.180419,0.033871
1.506077,0.073310,1.617752,0.298135,-0.010906,1.371083,-0.430468,0.028877,1.368041,0.928479,0.176289,0.003902,0.268343,-0.173886,0.010973,-0.514174,0.199238,-0.008183,-0.118131,-0.185015,0.032554
1.520352,0.078233,1.617064,0.311695,-0.010873,1.372210,-0.417205,0.028725,1.367138,0.929087,0.176656,0.003827,0.277623,-0.173883,0.015079,-0.513619,0.199383,-0.008260,-0.077479,-0.189729,0.031217
1.531215,0.087525,1.615391,0.325307,-0.010890,1.373145,-0.403764,0.028745,1.366065,0.929888,0.176926,0.003720,0.289472,-0.173632,0.020372,-0.512860,0.199808,-0.008350,-0.036943,-0.194096,0.030298
1.540402,0.099062,1.612987,0.338914,-0.010996,1.373892,-0.390250,0.028712,1.364799,0.930823,0.177159,0.003651,0.304538,-0.173341,0.027216,-0.512032,0.200513,-0.008406,0.002934,-0.197744,0.029883
1.552498,0.107667,1.610644,0.352509,-0.011158,1.374448,-0.376724,0.028469,1.363304,0.931815,0.177422,0.003631,0.323553,-0.173269,0.035448,-0.511164,0.201350,-0.008399,0.041391,-0.200447,0.029702
1.572087,0.108262,1.609216,0.366102,-0.011272,1.374804,-0.363196,0.028009,1.361559,0.932775,0.177744,0.003607,0.346889,-0.173529,0.044227,-0.510209,0.202042,-0.008365,0.077698,-0.202151,0.029327
1.599000,0.101044,1.608733,0.379721,-0.011268,1.374953,-0.349622,0.027382,1.359573,0.933675,0.178096,0.003542,0.374363,-0.174045,0.052443,-0.509177,0.202462,-0.008300,0.111250,-0.202887,0.028413
1.628753,0.090941,1.608458,0.393397,-0.011176,1.374898,-0.335944,0.026594,1.357371,0.934567,0.178436,0.003477,0.405385,-0.174609,0.059285,-0.508174,0.202706,-0.008194,0.141624,-0.202536,0.026837
1.656918,0.082776,1.607708,0.407138,-0.011059,1.374655,-0.322132,0.025642,1.354965,0.935514,0.178730,0.003467,0.439219,-0.174955,0.064466,-0.507284,0.202927,-0.008127,0.168692,-0.200761,0.024662
1.681302,0.078874,1.606250,0.420913,-0.010950,1.374249,-0.308198,0.024586,1.352360,0.936503,0.178931,0.003487,0.475184,-0.174813,0.068063,-0.506453,0.203189,-0.008160,0.192529,-0.197279,0.021960
1.701501,0.079576,1.604114,0.434670,-0.010852,1.373710,-0.294160,0.023517,1.349576,0.937468,0.179021,0.003470,0.512768,-0.173987,0.070318,-0.505555,0.203437,-0.008220,0.213121,-0.192176,0.018741
1.718197,0.084049,1.601378,0.448379,-0.010779,1.373068,-0.280034,0.022476,1.346657,0.938378,0.179052,0.003422,0.551638,-0.172382,0.071504,-0.504567,0.203608,-0.008201,0.230113,-0.186188,0.015161
1.732641,0.090870,1.598123,0.462042,-0.010752,1.372347,-0.265844,0.021422,1.343667,0.939249,0.179054,0.003401,0.591539,-0.170001,0.071897,-0.503576,0.203764,-0.008083,0.242792,-0.180763,0.011745
1.746157,0.098602,1.594516,0.475682,-0.010747,1.371564,-0.251632,0.020300,1.340687,0.940070,0.178994,0.003400,0.632221,-0.166952,0.071773,-0.502664,0.203997,-0.007905,0.250595,-0.177267,0.009220
1.759704,0.106218,1.590862,0.489328,-0.010686,1.370731,-0.237431,0.019081,1.337823,0.940797,0.178901,0.003371,0.673509,-0.163358,0.071354,-0.501892,0.204228,-0.007751,0.253991,-0.175914,0.007939
1.773596,0.113321,1.587482,0.502995,-0.010522,1.369847,-0.223268,0.017714,1.335201,0.941394,0.178906,0.003312,0.715366,-0.159263,0.070751,-0.501314,0.204305,-0.007706,0.254626,-0.175820,0.007592
1.787601,0.119997,1.584524,0.516662,-0.010276,1.368900,-0.209167,0.016104,1.332952,0.941828,0.179079,0.003256,0.757798,-0.154718,0.069991,-0.500912,0.204270,-0.007733,0.254312,-0.176009,0.007568
1.801387,0.126429,1.581932,0.530299,-0.009990,1.367878,-0.195139,0.014196,1.331195,0.942027,0.179333,0.003199,0.800767,-0.149872,0.069070,-0.500627,0.204314,-0.007630,0.254060,-0.176039,0.007473
1.814808,0.132657,1.579581,0.543882,-0.009664,1.366772,-0.181168,0.012062,1.330009,0.941916,0.179583,0.003110,0.844249,-0.144897,0.067992,-0.500456,0.204503,-0.007200,0.254024,-0.175862,0.007235
1.827857,0.138582,1.577391,0.557355,-0.009286,1.365580,-0.167273,0.009893,1.329411,0.941469,0.179890,0.003000,0.888244,-0.139885,0.066755,-0.500431,0.204735,-0.006325,0.253925,-0.175521,0.006919
1.840510,0.144045,1.575368,0.570598,-0.008896,1.364305,-0.153560,0.007887,1.329371,0.940698,0.180397,0.002926,0.932670,-0.134882,0.065314,-0.500464,0.204992,-0.004862,0.253415,-0.175055,0.006606
1.852707,0.148913,1.573584,0.583478,-0.008566,1.362954,-0.140170,0.006212,1.329840,0.939599,0.181189,0.002924,0.977385,-0.129960,0.063596,-0.500349,0.205415,-0.002615,0.252319,-0.174525,0.006345
1.864420,0.153181,1.572147,0.595949,-0.008303,1.361534,-0.127155,0.005060,1.330766,0.938142,0.182192,0.002962,1.022349,-0.125174,0.061544,-0.499902,0.206124,0.000536,0.250687,-0.173930,0.006159
1.875687,0.156979,1.571162,0.608105,-0.008050,1.360057,-0.114418,0.004629,1.332088,0.936333,0.183200,0.002965,1.067728,-0.120513,0.059123,-0.498972,0.207156,0.004601,0.248738,-0.173200,0.006058
1.886654,0.160505,1.570697,0.620226,-0.007763,1.358543,-0.101695,0.004989,1.333724,0.934404,0.184116,0.002901,1.113884,-0.116006,0.056324,-0.497251,0.208547,0.009606,0.246835,-0.172298,0.006016
1.897883,0.164042,1.570767,0.633069,-0.007393,1.357026,-0.088287,0.006064,1.335580,0.933168,0.185147,0.002827,1.161648,-0.111718,0.053182,-0.493757,0.210266,0.015581,0.245730,-0.171208,0.005970
1.908788,0.167724,1.571340,0.646253,-0.007047,1.355548,-0.074653,0.007508,1.337571,0.932300,0.186364,0.002809,1.210706,-0.107890,0.049798,-0.488297,0.211858,0.022398,0.244953,-0.170078,0.005869
1.919070,0.171681,1.572361,0.659617,-0.006738,1.354163,-0.060979,0.009077,1.339630,0.931629,0.187623,0.002823,1.260924,-0.104685,0.046315,-0.480233,0.213065,0.029902,0.244282,-0.168957,0.005729
1.928642,0.175935,1.573773,0.673101,-0.006424,1.352926,-0.047286,0.010639,1.341706,0.931063,0.188687,0.002821,1.312189,-0.102230,0.042897,-0.468905,0.214338,0.038234,0.243676,-0.167894,0.005626
1.937575,0.180340,1.575529,0.686682,-0.006115,1.351878,-0.033522,0.012084,1.343771,0.930567,0.189490,0.002807,1.364322,-0.100684,0.039804,-0.453895,0.216062,0.047595,0.243188,-0.167021,0.005610
1.946048,0.184630,1.577593,0.700337,-0.005865,1.351035,-0.019655,0.013280,1.345824,0.930138,0.190129,0.002804,1.417035,-0.100207,0.037465,-0.435187,0.217243,0.057518,0.242881,-0.166449,0.005639
1.954316,0.188514,1.579935,0.714045,-0.005700,1.350383,-0.005721,0.014110,1.347856,0.929779,0.190678,0.002812,1.469924,-0.100819,0.036345,-0.413361,0.216273,0.066814,0.242746,-0.166155,0.005623
1.962667,0.191752,1.582518,0.727780,-0.005584,1.349898,0.008195,0.014537,1.349838,0.929500,0.191121,0.002809,1.522376,-0.102251,0.036637,-0.389434,0.213143,0.074511,0.242691,-0.166003,0.005520
1.971307,0.194262,1.585292,0.741527,-0.005454,1.349553,0.022032,0.014643,1.351742,0.929311,0.191428,0.002753,1.573326,-0.103989,0.037964,-0.364157,0.209547,0.080551,0.242616,-0.165836,0.005391
1.980238,0.196195,1.588196,0.755289,-0.005288,1.349332,0.035785,0.014574,1.353563,0.929187,0.191658,0.002654,1.621145,-0.105591,0.039378,-0.337520,0.206764,0.085492,0.242489,-0.165556,0.005322
1.989304,0.197843,1.591180,0.769081,-0.005123,1.349224,0.049486,0.014457,1.355306,0.929088,0.191999,0.002595,1.663974,-0.107033,0.039787,-0.309165,0.204471,0.089797,0.242325,-0.165129,0.005335
1.998363,0.199456,1.594220,0.782919,-0.005002,1.349225,0.063166,0.014392,1.356966,0.928987,0.192619,0.002613,1.700405,-0.108556,0.038377,-0.278999,0.201642,0.093456,0.242174,-0.164514,0.005397
2.007314,0.201217,1.597321,0.796814,-0.004917,1.349327,0.076841,0.014454,1.358522,0.928859,0.193547,0.002648,1.730033,-0.110248,0.034806,-0.247129,0.197879,0.096103,0.242093,-0.163677,0.005460
2.016063,0.203275,1.600494,0.810772,-0.004821,1.349526,0.090496,0.014685,1.359939,0.928674,0.194728,0.002651,1.753471,-0.111955,0.029346,-0.213472,0.193726,0.097367,0.242044,-0.162622,0.005470
2.024602,0.205675,1.603729,0.824782,-0.004663,1.349821,0.104076,0.015101,1.361184,0.928392,0.196083,0.002629,1.771767,-0.113441,0.022928,-0.177759,0.190019,0.097093,0.241880,-0.161328,0.005396
2.033031,0.208330,1.606977,0.838825,-0.004428,1.350208,0.117507,0.015713,1.362226,0.927967,0.197547,0.002607,1.785725,-0.114509,0.016763,-0.139800,0.187208,0.095426,0.241508,-0.159725,0.005258
2.041426,0.211108,1.610168,0.852867,-0.004177,1.350680,0.130723,0.016500,1.363047,0.927367,0.199155,0.002614,1.795705,-0.115002,0.011687,-0.099619,0.185257,0.092737,0.240919,-0.157802,0.005128
2.049787,0.213900,1.613233,0.866874,-0.004001,1.351236,0.143710,0.017415,1.363651,0.926570,0.200977,0.002661,1.802011,-0.114705,0.007854,-0.057397,0.183867,0.089402,0.240087,-0.155662,0.005057
2.058139,0.216623,1.616135,0.880823,-0.003952,1.351894,0.156511,0.018409,1.364061,0.925539,0.202972,0.002721,1.805314,-0.113412,0.005064,-0.013388,0.182711,0.085666,0.238944,-0.153501,0.005029
2.066565,0.219209,1.618870,0.894679,-0.004035,1.352684,0.169165,0.019403,1.364297,0.924231,0.205017,0.002791,1.806487,-0.111245,0.003207,0.032107,0.181723,0.081771,0.237431,-0.151555,0.005006
2.075164,0.221581,1.621449,0.908352,-0.004242,1.353633,0.181643,0.020254,1.364368,0.922578,0.206968,0.002891,1.806131,-0.108781,0.002197,0.078744,0.181167,0.078044,0.235523,-0.149988,0.004998
2.084540,0.223943,1.623866,0.922252,-0.004316,1.354752,0.194408,0.021084,1.364265,0.921018,0.208918,0.002992,1.805102,-0.106385,0.001728,0.126726,0.181527,0.074764,0.233828,-0.148519,0.005037
2.094734,0.226263,1.626096,0.936287,-0.004274,1.356041,0.207410,0.021820,1.363969,0.919499,0.210697,0.003014,1.803737,-0.104343,0.001440,0.175741,0.182763,0.072095,0.232490,-0.147014,0.005106
2.105727,0.228617,1.628098,0.950364,-0.004052,1.357495,0.220583,0.022579,1.363459,0.918053,0.212346,0.002967,1.802368,-0.102542,0.001169,0.225405,0.184839,0.070170,0.231505,-0.145328,0.005143
2.117346,0.231002,1.629830,0.964335,-0.003711,1.359097,0.233786,0.023419,1.362731,0.916786,0.213940,0.003097,1.801136,-0.100891,0.000893,0.275292,0.187584,0.069050,0.230607,-0.143585,0.005148
2.129355,0.233447,1.631247,0.978088,-0.003336,1.360811,0.246909,0.024378,1.361799,0.915910,0.215509,0.003863,1.800038,-0.099328,0.000620,0.325127,0.190796,0.068635,0.229550,-0.141943,0.005199
2.141632,0.236013,1.632309,0.991643,-0.002966,1.362583,0.259961,0.025474,1.360690,0.915728,0.216973,0.005734,1.799056,-0.097807,0.000359,0.374848,0.194370,0.068692,0.228335,-0.140415,0.005320
2.154403,0.238705,1.632990,1.005310,-0.002623,1.364345,0.273225,0.026654,1.359417,0.916745,0.218223,0.008972,1.798393,-0.096365,0.000097,0.424640,0.198235,0.068852,0.227338,-0.138988,0.005408
2.167633,0.241474,1.633276,1.019052,-0.002286,1.366036,0.286616,0.027814,1.357968,0.919131,0.219207,0.013603,1.797944,-0.095061,-0.000205,0.474153,0.202279,0.068658,0.226624,-0.137683,0.005361
2.181365,0.244199,1.633165,1.032830,-0.001945,1.367610,0.300042,0.028795,1.356298,0.923257,0.219963,0.019585,1.797733,-0.093953,-0.000533,0.522796,0.206387,0.067744,0.226251,-0.136529,0.005184
2.195680,0.246764,1.632657,1.046595,-0.001610,1.369042,0.313445,0.029483,1.354374,0.929812,0.220675,0.026945,1.797858,-0.093052,-0.000807,0.569946,0.210523,0.065920,0.226239,-0.135519,0.004967
2.210664,0.249138,1.631753,1.060338,-0.001307,1.370325,0.326870,0.029894,1.352216,0.939748,0.221474,0.035665,1.798381,-0.092334,-0.000977,0.615363,0.214665,0.063135,0.226596,-0.134694,0.004817
2.226322,0.251431,1.630451,1.074048,-0.001023,1.371450,0.340404,0.030205,1.349891,0.953968,0.222370,0.045520,1.799233,-0.091721,-0.001087,0.659298,0.218807,0.059489,0.227283,-0.134081,0.004801
2.242637,0.253742,1.628735,1.087746,-0.000761,1.372397,0.354139,0.030602,1.347461,0.972999,0.223428,0.056029,1.800319,-0.091166,-0.001213,0.702294,0.223026,0.055255,0.228248,-0.133651,0.004876
2.259569,0.256073,1.626580,1.101443,-0.000532,1.373143,0.368095,0.031213,1.344951,0.996647,0.224951,0.066543,1.801557,-0.090661,-0.001384,0.744778,0.227503,0.050728,0.229430,-0.133311,0.004931
2.277043,0.258405,1.623970,1.115138,-0.000326,1.373675,0.382217,0.032094,1.342353,1.023986,0.227375,0.076460,1.802876,-0.090216,-0.001573,0.786687,0.232341,0.046000,0.230793,-0.132993,0.004916
2.294987,0.260755,1.620923,1.128845,-0.000109,1.373992,0.396430,0.033236,1.339638,1.053919,0.230834,0.085316,1.804238,-0.089819,-0.001730,0.827298,0.237446,0.040889,0.232261,-0.132685,0.004881
2.313366,0.263139,1.617487,1.142594,0.000149,1.374102,0.410675,0.034576,1.336769,1.085894,0.234818,0.092664,1.805623,-0.089453,-0.001831,0.865462,0.242567,0.035026,0.233692,-0.132403,0.004869
2.332108,0.265545,1.613725,1.156379,0.000442,1.374021,0.424921,0.036028,1.333738,1.119880,0.238368,0.098088,1.806997,-0.089133,-0.001880,0.900033,0.247425,0.028048,0.234983,-0.132156,0.004855
2.351043,0.267907,1.609692,1.170099,0.000717,1.373767,0.439123,0.037510,1.330573,1.155664,0.240719,0.101564,1.808289,-0.088875,-0.001888,0.930138,0.251765,0.019895,0.236135,-0.131929,0.004785
2.369924,0.270108,1.605424,1.183542,0.000912,1.373363,0.453165,0.038985,1.327318,1.192602,0.241786,0.103648,1.809336,-0.088672,-0.001878,0.955103,0.255290,0.011087,0.237128,-0.131690,0.004677
2.388290,0.272071,1.600943,1.196264,0.000991,1.372828,0.466690,0.040486,1.324020,1.229807,0.241884,0.105076,1.809683,-0.088536,-0.001876,0.974099,0.257727,0.002876,0.237504,-0.131498,0.004599
2.404799,0.273737,1.596285,1.206991,0.000874,1.372180,0.478472,0.042000,1.320726,1.265726,0.241040,0.106248,1.807977,-0.088586,-0.001894,0.985474,0.258972,-0.003183,0.235788,-0.131545,0.004590
2.422088,0.275463,1.591513,1.218476,0.000879,1.371437,0.491253,0.043889,1.317491,1.303009,0.239393,0.107198,1.806912,-0.088525,-0.001930,0.991981,0.259555,-0.006374,0.234637,-0.131522,0.004643
2.440462,0.277238,1.586713,1.231145,0.000983,1.370614,0.505400,0.046142,1.314391,1.342138,0.236837,0.107868,1.806911,-0.088356,-0.001999,0.994981,0.259810,-0.007352,0.234525,-0.131367,0.004747
2.459431,0.278983,1.581969,1.244643,0.001099,1.369720,0.520472,0.048655,1.311519,1.382875,0.233469,0.108250,1.807633,-0.088144,-0.002098,0.995961,0.260033,-0.007300,0.235158,-0.131151,0.004903
2.478379,0.280645,1.577356,1.258472,0.001182,1.368760,0.535879,0.051348,1.308975,1.424771,0.229557,0.108348,1.808578,-0.087954,-0.002169,0.996267,0.260373,-0.007041,0.236113,-0.130964,0.005132
2.496972,0.282129,1.572965,1.272341,0.001244,1.367739,0.551252,0.054163,1.306857,1.467449,0.225287,0.108151,1.809423,-0.087858,-0.002155,0.996605,0.260732,-0.006959,0.237115,-0.130844,0.005439
2.515077,0.283299,1.568911,1.286107,0.001318,1.366677,0.566387,0.057031,1.305242,1.510578,0.220710,0.107685,1.809975,-0.087886,-0.002082,0.997024,0.260949,-0.007165,0.237916,-0.130753,0.005754
2.532676,0.284000,1.565301,1.299767,0.001376,1.365610,0.581233,0.059800,1.304171,1.553973,0.215815,0.107011,1.810201,-0.088046,-0.002044,0.997373,0.260931,-0.007574,0.238490,-0.130703,0.005997
2.549755,0.284099,1.562215,1.313362,0.001351,1.364575,0.595777,0.062234,1.303630,1.597525,0.210503,0.106096,1.810144,-0.088359,-0.002100,0.997511,0.260693,-0.007983,0.239117,-0.130836,0.006204
2.566258,0.283531,1.559710,1.326918,0.001207,1.363594,0.609984,0.064094,1.303561,1.641126,0.204644,0.104793,1.809859,-0.088877,-0.002216,0.997382,0.260283,-0.008222,0.240163,-0.131351,0.006519
2.582081,0.282366,1.557833,1.340446,0.000997,1.362664,0.623819,0.065280,1.303882,1.684710,0.198439,0.103055,1.809393,-0.089643,-0.002307,0.996988,0.259615,-0.008305,0.241812,-0.132327,0.007088
2.597109,0.280789,1.556607,1.353943,0.000807,1.361769,0.637299,0.065868,1.304529,1.728307,0.192404,0.100949,1.808765,-0.090665,-0.002333,0.996383,0.258559,-0.008348,0.244038,-0.133688,0.007934
2.611268,0.278964,1.556025,1.367406,0.000653,1.360883,0.650493,0.065974,1.305468,1.772024,0.186769,0.098388,1.807984,-0.091932,-0.002351,0.995667,0.257210,-0.008379,0.246708,-0.135378,0.008866
2.624591,0.277001,1.556054,1.380846,0.000508,1.359984,0.663513,0.065697,1.306688,1.816025,0.181437,0.095115,1.807087,-0.093408,-0.002452,0.994910,0.255744,-0.008394,0.249736,-0.137419,0.009514
2.637209,0.274993,1.556651,1.394289,0.000377,1.359059,0.676480,0.065157,1.308183,1.860530,0.176826,0.091135,1.806154,-0.095012,-0.002658,0.994107,0.254170,-0.008448,0.253262,-0.139854,0.009536
2.649269,0.272983,1.557771,1.407747,0.000272,1.358105,0.689474,0.064485,1.309949,1.905761,0.173929,0.086871,1.805273,-0.096672,-0.002903,0.993255,0.252493,-0.008565,0.257664,-0.142615,0.008849
2.660897,0.270927,1.559361,1.421196,0.000187,1.357133,0.702512,0.063789,1.311972,1.951942,0.172899,0.082531,1.804504,-0.098367,-0.003089,0.992414,0.250864,-0.008685,0.263356,-0.145315,0.007741
2.672221,0.268761,1.561370,1.434611,0.000130,1.356160,0.715580,0.063157,1.314219,1.999266,0.171919,0.077479,1.803848,-0.100096,-0.003147,0.991653,0.249396,-0.008750,0.270770,-0.147248,0.006891
2.683330,0.266509,1.563747,1.447999,0.000154,1.355211,0.728675,0.062657,1.316650,2.047446,0.168398,0.070693,1.803257,-0.101817,-0.003077,0.990979,0.247995,-0.008770,0.280503,-0.147693,0.007273
2.694177,0.264319,1.566444,1.461390,0.000304,1.354319,0.741805,0.062303,1.319219,2.095539,0.162297,0.062230,1.802679,-0.103454,-0.002971,0.990371,0.246456,-0.008781,0.293181,-0.146400,0.009748
2.704707,0.262271,1.569403,1.474817,0.000559,1.353519,0.754984,0.062021,1.321875,2.142759,0.157355,0.053900,1.802096,-0.104980,-0.002949,0.989807,0.244690,-0.008809,0.309158,-0.143852,0.014444
2.715030,0.260210,1.572553,1.488315,0.000840,1.352838,0.768237,0.061672,1.324565,2.189080,0.157765,0.047932,1.801521,-0.106490,-0.003028,0.989235,0.242789,-0.008839,0.328818,-0.140745,0.020410
2.725356,0.257874,1.575830,1.501917,0.001073,1.352299,0.781599,0.061130,1.327245,2.234609,0.163933,0.044890,1.800971,-0.108134,-0.003118,0.988614,0.240861,-0.008834,0.352967,-0.137395,0.026106
2.735849,0.255129,1.579186,1.515631,0.001246,1.351921,0.795101,0.060369,1.329884,2.278924,0.172309,0.043274,1.800441,-0.109979,-0.003134,0.987972,0.238904,-0.008801,0.382176,-0.134126,0.030463
2.746572,0.252037,1.582583,1.529438,0.001389,1.351713,0.808767,0.059467,1.332453,2.321239,0.179594,0.041436,1.799914,-0.111989,-0.003073,0.987362,0.236846,-0.008813,0.416020,-0.131622,0.033329
2.757453,0.248800,1.585973,1.543291,0.001536,1.351668,0.822588,0.058521,1.334923,2.360549,0.185506,0.038988,1.799406,-0.114129,-0.002989,0.986805,0.234682,-0.008904,0.453513,-0.130345,0.034916
2.768267,0.245687,1.589298,1.557116,0.001699,1.351772,0.836479,0.057554,1.337262,2.395559,0.191101,0.036045,1.798958,-0.116433,-0.002936,0.986334,0.232508,-0.009007,0.493861,-0.129984,0.035299
2.778744,0.242963,1.592494,1.570858,0.001888,1.352009,0.850314,0.056523,1.339447,2.424926,0.196670,0.032350,1.798606,-0.118924,-0.002920,0.985977,0.230372,-0.009003,0.536620,-0.129753,0.034564
2.788830,0.240759,1.595513,1.584539,0.002125,1.352359,0.864017,0.055396,1.341464,2.447790,0.201767,0.027506,1.798353,-0.121524,-0.002884,0.985662,0.228167,-0.008856,0.581531,-0.129195,0.033059
2.798792,0.238951,1.598339,1.598256,0.002414,1.352807,0.877622,0.054188,1.343311,2.464148,0.206067,0.021606,1.798130,-0.124107,-0.002780,0.985261,0.225751,-0.008662,0.628376,-0.128615,0.031286
2.809025,0.237198,1.600985,1.612095,0.002696,1.353352,0.891215,0.052910,1.344998,2.474702,0.209529,0.015432,1.797786,-0.126596,-0.002652,0.984735,0.223148,-0.008554,0.676989,-0.128526,0.029622
2.819793,0.235135,1.603469,1.626060,0.002879,1.354007,0.904826,0.051540,1.346538,2.480547,0.211940,0.010111,1.797199,-0.129008,-0.002606,0.984143,0.220528,-0.008610,0.727264,-0.128935,0.028211
2.831147,0.232610,1.605791,1.640069,0.002926,1.354798,0.918398,0.050082,1.347938,2.483123,0.212957,0.006555,1.796384,-0.131435,-0.002664,0.983500,0.218018,-0.008765,0.778984,-0.129523,0.027125
2.842997,0.229723,1.607926,1.654012,0.002868,1.355739,0.931830,0.048577,1.349196,2.484013,0.212497,0.004948,1.795415,-0.133960,-0.002742,0.982687,0.215608,-0.008851,0.831753,-0.130128,0.026463
2.855163,0.226630,1.609836,1.667731,0.002710,1.356821,0.944957,0.047012,1.350302,2.484154,0.210726,0.004686,1.794201,-0.136582,-0.002769,0.981474,0.213140,-0.008776,0.885033,-0.130843,0.026262
2.867870,0.223746,1.611495,1.681483,0.002733,1.358014,0.958045,0.045641,1.351241,2.483925,0.208340,0.004937,1.792967,-0.138962,-0.002751,0.980105,0.210767,-0.008617,0.938622,-0.131606,0.026436
2.881090,0.221220,1.612881,1.695349,0.002893,1.359289,0.971214,0.044429,1.352007,2.483195,0.205845,0.005158,1.791829,-0.141170,-0.002712,0.978766,0.208481,-0.008506,0.992072,-0.132742,0.026824
2.894523,0.219235,1.613979,1.709265,0.003072,1.360618,0.984473,0.043320,1.352606,2.482031,0.203466,0.005186,1.790808,-0.143358,-0.002655,0.977551,0.206268,-0.008474,1.044883,-0.134475,0.027300
2.907857,0.218018,1.614791,1.723130,0.003243,1.361974,0.997812,0.042381,1.353050,2.480709,0.201233,0.005075,1.789847,-0.145495,-0.002546,0.976434,0.204177,-0.008427,1.096782,-0.136587,0.027854
2.921084,0.217496,1.615302,1.736909,0.003372,1.363327,1.011261,0.041663,1.353338,2.479464,0.199136,0.004901,1.789026,-0.147582,-0.002299,0.975343,0.202267,-0.008287,1.147786,-0.138727,0.028528
2.934399,0.217383,1.615488,1.750577,0.003464,1.364651,1.024804,0.041190,1.353452,2.478372,0.197220,0.004673,1.788593,-0.149671,-0.001796,0.974227,0.200537,-0.008143,1.197950,-0.140658,0.029319
2.947906,0.217400,1.615322,1.764038,0.003525,1.365927,1.038271,0.040893,1.353375,2.477317,0.195472,0.004392,1.788685,-0.151757,-0.000935,0.973021,0.198862,-0.008129,1.247053,-0.142313,0.030114
2.961706,0.217361,1.614786,1.777268,0.003554,1.367143,1.051522,0.040639,1.353094,2.476213,0.193867,0.004125,1.789328,-0.153733,0.000365,0.971748,0.197173,-0.008243,1.294725,-0.143688,0.030682
2.975926,0.217153,1.613850,1.790269,0.003543,1.368280,1.064479,0.040329,1.352604,2.475016,0.192401,0.003966,1.790547,-0.155507,0.002163,0.970429,0.195480,-0.008385,1.340665,-0.144756,0.030757
2.990667,0.216802,1.612483,1.803064,0.003507,1.369312,1.077152,0.039968,1.351900,2.473723,0.191020,0.003908,1.792519,-0.157038,0.004500,0.969075,0.193844,-0.008448,1.384943,-0.145475,0.030228
3.006012,0.216471,1.610679,1.815806,0.003459,1.370213,1.089720,0.039595,1.350976,2.472476,0.189612,0.003836,1.795662,-0.158329,0.007408,0.967810,0.192436,-0.008351,1.428154,-0.145820,0.029269
3.022496,0.216386,1.608459,1.829237,0.003402,1.370962,1.102947,0.039239,1.349817,2.472068,0.188181,0.003654,1.800975,-0.159366,0.010963,0.967380,0.191384,-0.008129,1.471569,-0.145720,0.028274
3.039380,0.216693,1.605852,1.842836,0.003313,1.371538,1.116330,0.038902,1.348416,2.472062,0.186883,0.003408,1.808204,-0.160109,0.015380,0.967322,0.190500,-0.007923,1.514919,-0.145021,0.027690
3.056407,0.217434,1.602879,1.856438,0.003204,1.371930,1.129730,0.038656,1.346787,2.472296,0.185877,0.003224,1.817671,-0.160518,0.021050,0.967487,0.189517,-0.007834,1.557881,-0.143447,0.027864
3.073626,0.218511,1.599546,1.870040,0.003098,1.372145,1.143171,0.038582,1.344953,2.472640,0.185065,0.003155,1.830199,-0.160723,0.028329,0.967819,0.188448,-0.007872,1.599959,-0.140683,0.028907
3.091194,0.219743,1.595856,1.883687,0.003001,1.372199,1.156712,0.038705,1.342932,2.473013,0.184224,0.003151,1.846734,-0.161034,0.037113,0.968262,0.187541,-0.008017,1.640516,-0.136501,0.030587
3.109240,0.220943,1.591817,1.897400,0.002914,1.372108,1.170379,0.038981,1.340734,2.473443,0.183342,0.003177,1.867805,-0.161708,0.046654,0.968731,0.186846,-0.008216,1.678779,-0.130920,0.032342
3.127832,0.221963,1.587451,1.911151,0.002869,1.371880,1.184145,0.039340,1.338371,2.473984,0.182596,0.003251,1.893266,-0.162740,0.055878,0.969193,0.186118,-0.008379,1.713872,-0.124296,0.033462
3.146969,0.222738,1.582799,1.924901,0.002906,1.371524,1.197979,0.039708,1.335849,2.474607,0.181999,0.003363,1.922468,-0.163896,0.063888,0.969704,0.185230,-0.008431,1.745003,-0.117212,0.033286
3.166535,0.223338,1.577911,1.938640,0.003047,1.371059,1.211880,0.040012,1.333178,2.475225,0.181328,0.003442,1.954612,-0.164891,0.070245,0.970303,0.184319,-0.008388,1.771733,-0.110220,0.031335
3.186186,0.224053,1.572809,1.952381,0.003275,1.370512,1.225874,0.040195,1.330376,2.475803,0.180410,0.003429,1.988958,-0.165486,0.074937,0.970964,0.183518,-0.008353,1.794023,-0.103741,0.027478
3.205292,0.225426,1.567461,1.966133,0.003533,1.369910,1.239983,0.040223,1.327474,2.476360,0.179329,0.003350,2.024920,-0.165485,0.078192,0.971623,0.182782,-0.008409,1.812009,-0.098159,0.022110
3.223265,0.227943,1.561828,1.979900,0.003765,1.369279,1.254225,0.040085,1.324499,2.476905,0.178265,0.003273,2.062131,-0.164729,0.080310,0.972209,0.181983,-0.008512,1.825695,-0.093919,0.016262
3.240083,0.231461,1.555981,1.993683,0.003945,1.368634,1.268603,0.039780,1.321485,2.477387,0.177254,0.003222,2.100410,-0.163187,0.081567,0.972675,0.181073,-0.008507,1.834970,-0.091416,0.011346
3.256257,0.235215,1.550112,2.007449,0.004066,1.367977,1.283075,0.039297,1.318487,2.477708,0.176197,0.003170,2.139614,-0.161022,0.082216,0.973031,0.180140,-0.008323,1.839957,-0.090647,0.008392
3.272241,0.238469,1.544427,2.021137,0.004102,1.367290,1.297533,0.038571,1.315593,2.477770,0.175061,0.003117,2.179546,-0.158474,0.082452,0.973355,0.179312,-0.008018,1.841420,-0.091054,0.007370
3.288135,0.240945,1.539060,2.034691,0.004028,1.366545,1.311869,0.037546,1.312920,2.477523,0.173939,0.003114,2.220010,-0.155675,0.082364,0.973718,0.178730,-0.007585,1.840783,-0.091942,0.007414
3.303845,0.242824,1.534090,2.048145,0.003913,1.365707,1.326094,0.036327,1.310599,2.477005,0.172976,0.003194,2.260931,-0.152545,0.081951,0.973974,0.178377,-0.006970,1.839528,-0.092857,0.007639
3.319245,0.244563,1.529565,2.061599,0.003935,1.364748,1.340323,0.035220,1.308765,2.476283,0.172294,0.003281,2.302376,-0.148853,0.081175,0.973770,0.177931,-0.006244,1.838493,-0.093523,0.007646
3.334158,0.246492,1.525522,2.075069,0.004177,1.363658,1.354580,0.034498,1.307515,2.475302,0.171905,0.003248,2.344402,-0.144472,0.079990,0.973036,0.177230,-0.005399,1.837715,-0.093829,0.007442
3.348358,0.248511,1.521996,2.088397,0.004481,1.362451,1.368676,0.034192,1.306884,2.473887,0.171693,0.003061,2.386944,-0.139560,0.078367,0.972223,0.176671,-0.004084,1.836747,-0.093924,0.007138
3.361682,0.250300,1.519028,2.101393,0.004613,1.361150,1.382371,0.034243,1.306838,2.471942,0.171543,0.002827,2.429898,-0.134462,0.076314,0.971811,0.176719,-0.001917,1.835143,-0.094042,0.006787
3.374126,0.251720,1.516663,2.114022,0.004488,1.359780,1.395590,0.034746,1.307301,2.469566,0.171422,0.002669,2.473260,-0.129452,0.073848,0.971970,0.177488,0.001180,1.832811,-0.094251,0.006411
3.385893,0.252958,1.514943,2.126504,0.004251,1.358367,1.408523,0.035955,1.308182,2.467071,0.171375,0.002584,2.517278,-0.124535,0.070974,0.972872,0.178943,0.005103,1.830112,-0.094410,0.006053
3.397650,0.254502,1.513887,2.139559,0.004306,1.356943,1.421867,0.038258,1.309391,2.465232,0.171682,0.002488,2.562764,-0.119340,0.067668,0.975272,0.181028,0.009703,1.828013,-0.094158,0.005781
3.409049,0.256215,1.513477,2.152859,0.004496,1.355545,1.435306,0.041351,1.310847,2.463728,0.172145,0.002361,2.609499,-0.114049,0.063927,0.979087,0.182902,0.014790,1.826397,-0.093752,0.005631
3.420061,0.257885,1.513668,2.166281,0.004722,1.354210,1.448748,0.044888,1.312499,2.462409,0.172651,0.002260,2.657451,-0.108901,0.059817,0.984684,0.184077,0.020139,1.825168,-0.093397,0.005569
3.430845,0.259238,1.514397,2.179781,0.004936,1.352970,1.462185,0.048494,1.314324,2.461226,0.173101,0.002228,2.706620,-0.104185,0.055476,0.992704,0.184927,0.025643,1.824174,-0.093209,0.005532
3.441547,0.260075,1.515617,2.193325,0.005131,1.351850,1.475598,0.051805,1.316303,2.460199,0.173411,0.002261,2.756933,-0.100127,0.051044,1.003795,0.186476,0.031642,1.823299,-0.093218,0.005488
3.452186,0.260370,1.517297,2.206897,0.005331,1.350860,1.488946,0.054511,1.318409,2.459340,0.173509,0.002314,2.808201,-0.096823,0.046658,1.018478,0.189367,0.038852,1.822493,-0.093417,0.005432
3.462693,0.260205,1.519409,2.220493,0.005568,1.350001,1.502188,0.056430,1.320609,2.458613,0.173328,0.002334,2.860190,-0.094339,0.042542,1.037080,0.193103,0.047596,1.821760,-0.093774,0.005371
3.473008,0.259674,1.521913,2.234124,0.005845,1.349265,1.515308,0.057527,1.322888,2.457974,0.172851,0.002308,2.912658,-0.092830,0.039066,1.059485,0.196568,0.057168,1.821129,-0.094243,0.005320
3.483138,0.258806,1.524761,2.247804,0.006115,1.348643,1.528320,0.057883,1.325234,2.457396,0.172171,0.002264,2.965290,-0.092418,0.036652,1.085012,0.199076,0.066163,1.820590,-0.094806,0.005286
3.493161,0.257594,1.527902,2.261537,0.006317,1.348127,1.541276,0.057678,1.327641,2.456876,0.171441,0.002221,3.017615,-0.092983,0.035587,1.112919,0.200590,0.073337,1.820105,-0.095442,0.005275
3.503174,0.256071,1.531298,2.275315,0.006431,1.347716,1.554263,0.057195,1.330123,2.456461,0.170766,0.002176,3.068860,-0.094146,0.035758,1.143003,0.201246,0.078152,1.819707,-0.096091,0.005294
3.513242,0.254371,1.534917,2.289120,0.006499,1.347418,1.567384,0.056759,1.332692,2.456237,0.170159,0.002117,3.117703,-0.095442,0.036436,1.175516,0.201192,0.080767,1.819507,-0.096698,0.005314
3.523409,0.252674,1.538724,2.302947,0.006581,1.347245,1.580740,0.056624,1.335329,2.456250,0.169593,0.002042,3.162270,-0.096546,0.036423,1.210633,0.200638,0.081686,1.819576,-0.097227,0.005299
3.533703,0.251098,1.542669,2.316803,0.006700,1.347207,1.594400,0.056897,1.337999,2.456481,0.169090,0.001981,3.200721,-0.097426,0.034591,1.248195,0.199766,0.081364,1.819864,-0.097652,0.005261
3.544126,0.249646,1.546694,2.330691,0.006827,1.347313,1.608379,0.057546,1.340680,2.456899,0.168739,0.001966,3.232103,-0.098255,0.030420,1.287892,0.198703,0.080059,1.820275,-0.097984,0.005254
3.554664,0.248245,1.550747,2.344603,0.006918,1.347564,1.622613,0.058467,1.343365,2.457452,0.168606,0.002002,3.256653,-0.099158,0.024222,1.329489,0.197648,0.077916,1.820733,-0.098286,0.005278
3.565286,0.246856,1.554784,2.358526,0.006959,1.347962,1.636966,0.059554,1.346041,2.458035,0.168693,0.002081,3.275302,-0.100069,0.017041,1.372878,0.196792,0.075080,1.821166,-0.098564,0.005260
3.575909,0.245532,1.558753,2.372441,0.006976,1.348513,1.651257,0.060741,1.348661,2.458504,0.168954,0.002191,3.288968,-0.100810,0.010289,1.417999,0.196122,0.071728,1.821510,-0.098667,0.005163
3.586391,0.244401,1.562605,2.386295,0.007016,1.349230,1.665290,0.062014,1.351150,2.458713,0.169298,0.002284,3.298311,-0.101192,0.005125,1.464723,0.195501,0.068080,1.821705,-0.098440,0.005043
3.596551,0.243557,1.566303,2.399966,0.007091,1.350130,1.678874,0.063365,1.353420,2.458510,0.169625,0.002304,3.303932,-0.101035,0.001979,1.512759,0.194920,0.064429,1.821621,-0.097929,0.004977
3.606150,0.242951,1.569818,2.413193,0.007123,1.351225,1.691758,0.064692,1.355413,2.457668,0.169925,0.002281,3.306354,-0.100314,0.000590,1.561595,0.194555,0.061177,1.820981,-0.097347,0.004986
3.615984,0.242487,1.573131,2.426667,0.007048,1.352519,1.704697,0.065889,1.357113,2.456941,0.170347,0.002312,3.306991,-0.099234,0.000328,1.611620,0.194672,0.058765,1.820453,-0.096798,0.005030
3.626269,0.242096,1.576235,2.440430,0.006887,1.354015,1.717815,0.066935,1.358542,2.456420,0.170955,0.002408,3.306628,-0.098141,0.000489,1.662563,0.195452,0.057540,1.820030,-0.096230,0.005056
3.637109,0.241837,1.579120,2.454392,0.006784,1.355714,1.731083,0.067947,1.359728,2.456011,0.171690,0.002466,3.305926,-0.097217,0.000589,1.714044,0.197062,0.057620,1.819580,-0.095549,0.005056
3.648515,0.241755,1.581766,2.468421,0.006812,1.357621,1.744395,0.068993,1.360682,2.455557,0.172446,0.002450,3.305276,-0.096464,0.000495,1.765693,0.199492,0.058791,1.819040,-0.094828,0.005048
3.660430,0.241838,1.584140,2.482409,0.006945,1.359725,1.757631,0.070017,1.361387,2.455018,0.173202,0.002506,3.304793,-0.095824,0.000292,1.817146,0.202475,0.060503,1.818465,-0.094213,0.005056
3.672723,0.242049,1.586202,2.496252,0.007112,1.361991,1.770650,0.070909,1.361809,2.454556,0.173968,0.002897,3.304410,-0.095274,0.000051,1.867876,0.205633,0.062085,1.817855,-0.093799,0.005131
3.685262,0.242334,1.587924,2.509856,0.007253,1.364350,1.783336,0.071615,1.361924,2.454522,0.174804,0.003940,3.303997,-0.094834,-0.000225,1.917185,0.208692,0.063021,1.817145,-0.093588,0.005312
3.698083,0.242629,1.589296,2.523254,0.007358,1.366721,1.795738,0.072214,1.361725,2.455430,0.175890,0.005947,3.303534,-0.094508,-0.000517,1.964527,0.211555,0.063041,1.816385,-0.093387,0.005521
3.711645,0.243022,1.590317,2.536892,0.007602,1.369026,1.808375,0.073026,1.361248,2.458101,0.177487,0.009106,3.303420,-0.094144,-0.000775,2.010109,0.214454,0.062095,1.816055,-0.092866,0.005612
3.725806,0.243391,1.590975,2.550660,0.007902,1.371205,1.821254,0.074094,1.360565,2.462682,0.179427,0.013465,3.303548,-0.093837,-0.000967,2.054097,0.217514,0.060292,1.816113,-0.092308,0.005546
3.740423,0.243699,1.591250,2.564482,0.008203,1.373215,1.834433,0.075405,1.359740,2.469434,0.181713,0.019112,3.303923,-0.093618,-0.001105,2.097083,0.220941,0.057800,1.816550,-0.092068,0.005428
3.755396,0.243946,1.591130,2.578306,0.008470,1.375028,1.847959,0.076895,1.358788,2.478841,0.184721,0.026209,3.304588,-0.093498,-0.001226,2.139741,0.224918,0.054776,1.817304,-0.092186,0.005370
3.770701,0.244142,1.590608,2.592120,0.008692,1.376620,1.861839,0.078494,1.357686,2.491432,0.188976,0.034847,3.305535,-0.093507,-0.001363,2.182531,0.229665,0.051433,1.818310,-0.092510,0.005377
3.786362,0.244289,1.589681,2.605939,0.008869,1.377973,1.876034,0.080155,1.356410,2.507486,0.194614,0.044862,3.306706,-0.093654,-0.001524,2.225508,0.235463,0.048036,1.819528,-0.092949,0.005388
3.802410,0.244372,1.588348,2.619773,0.009010,1.379067,1.890450,0.081841,1.354937,2.527009,0.200866,0.055709,3.308050,-0.093929,-0.001696,2.268256,0.242475,0.044744,1.820896,-0.093430,0.005379
3.818875,0.244371,1.586596,2.633614,0.009146,1.379893,1.904955,0.083523,1.353233,2.549843,0.206404,0.066568,3.309539,-0.094347,-0.001845,2.310028,0.250624,0.041505,1.822342,-0.093871,0.005348
3.835792,0.244279,1.584421,2.647446,0.009312,1.380465,1.919429,0.085194,1.351268,2.575627,0.210430,0.076661,3.311155,-0.094918,-0.001953,2.350015,0.259762,0.038151,1.823876,-0.094310,0.005274
3.853180,0.244109,1.581829,2.661262,0.009522,1.380814,1.933818,0.086864,1.349046,2.603869,0.213127,0.085493,3.312866,-0.095609,-0.002027,2.387507,0.269708,0.034457,1.825534,-0.094922,0.005154
3.870996,0.243915,1.578838,2.675073,0.009767,1.380968,1.948144,0.088574,1.346601,2.634172,0.215206,0.092870,3.314637,-0.096369,-0.002089,2.421883,0.280083,0.030172,1.827216,-0.095797,0.005034
3.889162,0.243754,1.575475,2.688901,0.010035,1.380946,1.962477,0.090390,1.343985,2.666281,0.217268,0.098806,3.316460,-0.097161,-0.002149,2.452658,0.290299,0.025123,1.828772,-0.096825,0.004934
3.907630,0.243639,1.571767,2.702787,0.010323,1.380755,1.976915,0.092355,1.341233,2.699962,0.219416,0.103388,3.318343,-0.097941,-0.002208,2.479566,0.299656,0.019287,1.830240,-0.097832,0.004820
3.926247,0.243454,1.567726,2.716620,0.010538,1.380402,1.991385,0.094364,1.338356,2.734816,0.221201,0.106715,3.320146,-0.098771,-0.002262,2.502276,0.307336,0.012838,1.831695,-0.098766,0.004712
3.944853,0.243117,1.563376,2.730245,0.010623,1.379900,2.005770,0.096340,1.335341,2.770459,0.222144,0.108942,3.321689,-0.099708,-0.002291,2.520394,0.312813,0.006295,1.833204,-0.099542,0.004735
3.963197,0.242552,1.558758,2.743405,0.010532,1.379266,2.019845,0.098254,1.332197,2.806527,0.222009,0.110347,3.322686,-0.100803,-0.002276,2.533473,0.315997,0.000563,1.834553,-0.100189,0.004993
3.980559,0.241592,1.553923,2.755397,0.010111,1.378517,2.032930,0.100004,1.328992,2.842247,0.220633,0.111276,3.322440,-0.102159,-0.002234,2.540893,0.317048,-0.003462,1.834756,-0.101129,0.005364
3.998411,0.240765,1.548919,2.767780,0.009849,1.377665,2.046580,0.102133,1.325865,2.879023,0.218537,0.112006,3.322540,-0.103224,-0.002215,2.544756,0.317042,-0.005512,1.834986,-0.102201,0.005542
4.017059,0.240184,1.543801,2.780993,0.009768,1.376709,2.061202,0.104695,1.322964,2.917181,0.215946,0.112791,3.323432,-0.103973,-0.002242,2.546631,0.316700,-0.006109,1.835669,-0.103299,0.005404
4.036082,0.239801,1.538645,2.794755,0.009751,1.375646,2.076459,0.107582,1.320382,2.956413,0.213027,0.113808,3.324795,-0.104561,-0.002289,2.547704,0.316391,-0.006076,1.836799,-0.104143,0.005163
4.054998,0.239518,1.533533,2.808686,0.009731,1.374472,2.091904,0.110723,1.318161,2.996244,0.209708,0.114974,3.326195,-0.105078,-0.002322,2.548738,0.316133,-0.006011,1.838121,-0.104662,0.005086
4.073512,0.239221,1.528530,2.822576,0.009695,1.373202,2.107256,0.114052,1.316335,3.036366,0.205985,0.116098,3.327390,-0.105548,-0.002344,2.549919,0.315775,-0.006146,1.839343,-0.105072,0.005237
4.091504,0.238797,1.523696,2.836390,0.009635,1.371870,2.122413,0.117431,1.314951,3.076819,0.202258,0.117114,3.328335,-0.106010,-0.002376,2.551072,0.315222,-0.006450,1.840336,-0.105583,0.005509
4.108934,0.238127,1.519106,2.850162,0.009540,1.370525,2.137358,0.120681,1.314034,3.117705,0.198817,0.117888,3.329059,-0.106564,-0.002430,2.551979,0.314480,-0.006809,1.841132,-0.106270,0.005761
4.125779,0.237084,1.514853,2.863914,0.009408,1.369223,2.152070,0.123640,1.313572,3.158943,0.195403,0.118047,3.329571,-0.107350,-0.002506,2.552543,0.313604,-0.007131,1.841823,-0.107138,0.005948
4.142003,0.235584,1.511031,2.877638,0.009245,1.367998,2.166493,0.126166,1.313515,3.200433,0.191568,0.117191,3.329836,-0.108457,-0.002590,2.552803,0.312612,-0.007358,1.842498,-0.108187,0.006180
4.157584,0.233620,1.507697,2.891319,0.009073,1.366856,2.180568,0.128164,1.313790,3.242223,0.186936,0.115033,3.329826,-0.109839,-0.002669,2.552835,0.311426,-0.007483,1.843268,-0.109397,0.006657
4.172546,0.231229,1.504865,2.904950,0.008924,1.365781,2.194292,0.129636,1.314323,3.284399,0.181180,0.111361,3.329566,-0.111404,-0.002729,2.552683,0.309965,-0.007538,1.844301,-0.110688,0.007501
4.186964,0.228483,1.502517,2.918544,0.008835,1.364749,2.207730,0.130670,1.315062,3.327014,0.174879,0.106436,3.329122,-0.113119,-0.002765,2.552373,0.308253,-0.007573,1.845820,-0.111957,0.008660
4.200928,0.225496,1.500623,2.932118,0.008829,1.363745,2.220990,0.131393,1.315989,3.370137,0.169830,0.101128,3.328562,-0.114963,-0.002802,2.551931,0.306366,-0.007647,1.848031,-0.113181,0.009959
4.214506,0.222398,1.499148,2.945677,0.008883,1.362768,2.234177,0.131945,1.317133,3.413788,0.166283,0.095568,3.327963,-0.116881,-0.002873,2.551395,0.304384,-0.007773,1.851012,-0.114508,0.011199
4.227741,0.219276,1.498048,2.959215,0.008939,1.361818,2.247367,0.132466,1.318538,3.457878,0.161921,0.088644,3.327390,-0.118815,-0.002981,2.550815,0.302412,-0.007904,1.854660,-0.116194,0.012219
4.240685,0.216175,1.497279,2.972727,0.008953,1.360902,2.260622,0.133055,1.320205,3.502406,0.156262,0.080159,3.326858,-0.120725,-0.003092,2.550251,0.300539,-0.007990,1.858888,-0.118348,0.012880
4.253399,0.213126,1.496798,2.986217,0.008923,1.360025,2.273971,0.133724,1.322071,3.547556,0.152267,0.071617,3.326353,-0.122581,-0.003155,2.549764,0.298790,-0.008011,1.863913,-0.120604,0.013203
4.265944,0.210150,1.496571,2.999692,0.008884,1.359199,2.287384,0.134413,1.324053,3.593468,0.152147,0.064164,3.325883,-0.124362,-0.003144,2.549378,0.297133,-0.007975,1.870295,-0.122021,0.013572
4.278368,0.207258,1.496582,3.013161,0.008874,1.358440,2.300797,0.135033,1.326099,3.640057,0.155631,0.057830,3.325463,-0.126090,-0.003084,2.549106,0.295522,-0.007907,1.878719,-0.121358,0.014644
4.290722,0.204445,1.496821,3.026657,0.008902,1.357759,2.314182,0.135503,1.328194,3.687030,0.161754,0.052569,3.325076,-0.127795,-0.003026,2.548934,0.293940,-0.007852,1.889931,-0.117580,0.016901
4.303066,0.201706,1.497255,3.040237,0.008960,1.357168,2.327568,0.135769,1.330334,3.733923,0.169562,0.048550,3.324691,-0.129490,-0.003008,2.548778,0.292358,-0.007845,1.904705,-0.110485,0.020317
4.315440,0.199046,1.497822,3.053934,0.009057,1.356668,2.340987,0.135807,1.332500,3.780144,0.178182,0.045891,3.324298,-0.131180,-0.003014,2.548587,0.290693,-0.007889,1.923439,-0.101231,0.024535
4.327869,0.196410,1.498465,3.067728,0.009205,1.356251,2.354440,0.135628,1.334672,3.824897,0.187078,0.044485,3.323915,-0.132894,-0.002991,2.548383,0.288867,-0.007952,1.945849,-0.092079,0.029266
4.340390,0.193662,1.499154,3.081591,0.009393,1.355912,2.367929,0.135247,1.336842,3.866762,0.195636,0.043558,3.323593,-0.134689,-0.002914,2.548146,0.286877,-0.007999,1.971351,-0.085175,0.034388
4.353014,0.190699,1.499854,3.095504,0.009592,1.355655,2.381458,0.134663,1.339011,3.903462,0.202870,0.041597,3.323366,-0.136646,-0.002829,2.547831,0.284741,-0.008023,1.999783,-0.081138,0.039532
4.365702,0.187529,1.500506,3.109450,0.009768,1.355484,2.395011,0.133859,1.341172,3.932675,0.208055,0.037324,3.323206,-0.138840,-0.002797,2.547463,0.282486,-0.008059,2.031447,-0.078902,0.043854
4.378436,0.184193,1.501062,3.123418,0.009894,1.355407,2.408572,0.132812,1.343290,3.953422,0.211230,0.030666,3.323045,-0.141289,-0.002822,2.547084,0.280142,-0.008157,2.066430,-0.077211,0.046549
4.391272,0.180681,1.501514,3.137402,0.009973,1.355423,2.422126,0.131518,1.345303,3.966510,0.212863,0.022752,3.322819,-0.143943,-0.002850,2.546717,0.277706,-0.008339,2.104367,-0.075727,0.047417
4.404303,0.176963,1.501874,3.151393,0.010033,1.355526,2.435666,0.130023,1.347154,3.973775,0.213313,0.015372,3.322485,-0.146698,-0.002835,2.546393,0.275159,-0.008535,2.144910,-0.074597,0.046788
4.417616,0.173043,1.502141,3.165406,0.010109,1.355706,2.449211,0.128432,1.348837,3.977230,0.212702,0.010176,3.322050,-0.149431,-0.002778,2.546087,0.272511,-0.008621,2.187989,-0.073881,0.045173
4.431269,0.168962,1.502300,3.179472,0.010206,1.355959,2.462815,0.126828,1.350395,3.978651,0.211167,0.007664,3.321565,-0.152037,-0.002706,2.545694,0.269822,-0.008520,2.233529,-0.073639,0.043060
4.445249,0.164771,1.502345,3.193607,0.010280,1.356288,2.476514,0.125200,1.351872,3.979141,0.209006,0.006956,3.321065,-0.154478,-0.002643,2.545176,0.267235,-0.008240,2.281144,-0.074015,0.040841
4.459490,0.160551,1.502275,3.207794,0.010290,1.356706,2.490304,0.123524,1.353279,3.978994,0.206582,0.006808,3.320536,-0.156785,-0.002595,2.544610,0.264905,-0.007875,2.330258,-0.075083,0.038797
4.473946,0.156433,1.502078,3.222011,0.010258,1.357230,2.504173,0.121872,1.354598,3.978309,0.204203,0.006583,3.319950,-0.158992,-0.002550,2.544057,0.262837,-0.007583,2.380453,-0.076773,0.037105
4.488631,0.152525,1.501730,3.236244,0.010255,1.357878,2.518112,0.120367,1.355803,3.977431,0.202043,0.006237,3.319324,-0.161088,-0.002483,2.543477,0.260905,-0.007507,2.431471,-0.078951,0.035838
4.503557,0.148775,1.501226,3.250454,0.010320,1.358669,2.532076,0.119052,1.356873,3.976673,0.200109,0.005904,3.318730,-0.163054,-0.002355,2.542819,0.259003,-0.007664,2.483020,-0.081487,0.034968
4.518710,0.144974,1.500587,3.264566,0.010431,1.359612,2.545967,0.117851,1.357800,3.976053,0.198296,0.005632,3.318246,-0.164927,-0.002121,2.542118,0.257092,-0.007885,2.534815,-0.084285,0.034392
4.534095,0.140879,1.499832,3.278519,0.010523,1.360695,2.559704,0.116651,1.358581,3.975435,0.196491,0.005378,3.317949,-0.166785,-0.001721,2.541397,0.255226,-0.007938,2.586648,-0.087303,0.034000
4.549715,0.136411,1.498931,3.292293,0.010540,1.361890,2.573259,0.115411,1.359213,3.974750,0.194684,0.005128,3.317943,-0.168665,-0.001043,2.540616,0.253494,-0.007787,2.638313,-0.090503,0.033719
4.565485,0.131739,1.497829,3.305898,0.010476,1.363154,2.586634,0.114201,1.359688,3.974023,0.192943,0.004933,3.318330,-0.170503,0.000060,2.539795,0.251896,-0.007605,2.689640,-0.093769,0.033536
4.581335,0.127103,1.496497,3.319398,0.010357,1.364443,2.599880,0.113131,1.359996,3.973353,0.191271,0.004836,3.319254,-0.172163,0.001715,2.539075,0.250356,-0.007507,2.740524,-0.096844,0.033476
4.597157,0.122568,1.494944,3.332704,0.010209,1.365709,2.612885,0.112235,1.360115,3.972679,0.189670,0.004828,3.320781,-0.173583,0.003990,2.538414,0.248810,-0.007446,2.790535,-0.099382,0.033497
4.613073,0.118061,1.493178,3.345868,0.010050,1.366901,2.625685,0.111447,1.360000,3.972076,0.188211,0.004859,3.323260,-0.174828,0.006930,2.537881,0.247258,-0.007329,2.839187,-0.101079,0.033415
4.629623,0.113626,1.491189,3.359434,0.009943,1.367969,2.638830,0.110738,1.359614,3.972071,0.186896,0.004844,3.327665,-0.175917,0.010598,2.537997,0.245776,-0.007123,2.886556,-0.101784,0.032915
4.646389,0.109333,1.488965,3.373094,0.009880,1.368886,2.652032,0.110066,1.358971,3.972319,0.185544,0.004729,3.334247,-0.176795,0.015162,2.538364,0.244400,-0.006876,2.932218,-0.101671,0.031709
4.663193,0.105167,1.486526,3.386754,0.009822,1.369639,2.665228,0.109416,1.358116,3.972742,0.184157,0.004592,3.343634,-0.177400,0.020947,2.538785,0.243191,-0.006710,2.976401,-0.101070,0.029784
4.680041,0.100988,1.483933,3.400378,0.009735,1.370233,2.678413,0.108775,1.357094,3.973336,0.182918,0.004578,3.356650,-0.177849,0.028225,2.539197,0.242083,-0.006735,3.019606,-0.100197,0.027525
4.697018,0.096721,1.481233,3.413954,0.009661,1.370680,2.691604,0.108181,1.355932,3.974037,0.181867,0.004680,3.374054,-0.178381,0.036802,2.539655,0.240976,-0.006926,3.062162,-0.098973,0.025543
4.714174,0.092449,1.478440,3.427491,0.009669,1.370996,2.704829,0.107690,1.354650,3.974755,0.180849,0.004734,3.396191,-0.179206,0.045861,2.540249,0.239941,-0.007137,3.103988,-0.097127,0.024373
4.731480,0.088300,1.475550,3.441002,0.009766,1.371189,2.718125,0.107303,1.353254,3.975480,0.179805,0.004653,3.422836,-0.180385,0.054307,2.541013,0.239096,-0.007249,3.144541,-0.094420,0.024214
4.748879,0.084343,1.472575,3.454508,0.009888,1.371267,2.731534,0.106968,1.351730,3.976276,0.178859,0.004520,3.453355,-0.181824,0.061313,2.541888,0.238454,-0.007249,3.182904,-0.090790,0.024723
4.766322,0.080602,1.469549,3.468040,0.009970,1.371240,2.745077,0.106624,1.350048,3.977180,0.178131,0.004455,3.486972,-0.183359,0.066618,2.542780,0.237957,-0.007216,3.218096,-0.086436,0.025046
4.783772,0.077082,1.466536,3.481608,0.010015,1.371125,2.758728,0.106247,1.348166,3.978152,0.177597,0.004482,3.522945,-0.184786,0.070420,2.543648,0.237517,-0.007229,3.249337,-0.081801,0.024222
4.801199,0.073747,1.463632,3.495183,0.010080,1.370942,2.772424,0.105827,1.346060,3.979136,0.177132,0.004521,3.560686,-0.185857,0.073075,2.544512,0.237043,-0.007288,3.276028,-0.077424,0.021712
4.818563,0.070502,1.460931,3.508718,0.010209,1.370713,2.786098,0.105314,1.343741,3.980102,0.176651,0.004494,3.599828,-0.186368,0.074866,2.545406,0.236479,-0.007344,3.297650,-0.073820,0.017733
4.835789,0.067253,1.458486,3.522194,0.010382,1.370459,2.799722,0.104616,1.341265,3.981032,0.176162,0.004404,3.640203,-0.186244,0.075912,2.546330,0.235825,-0.007355,3.313778,-0.071432,0.013259
4.852766,0.063995,1.456304,3.535650,0.010560,1.370190,2.813318,0.103672,1.338711,3.981878,0.175681,0.004281,3.681747,-0.185507,0.076227,2.547199,0.235127,-0.007303,3.324266,-0.070446,0.009606
4.869390,0.060821,1.454396,3.549142,0.010733,1.369905,2.826938,0.102507,1.336184,3.982582,0.175174,0.004116,3.724389,-0.184234,0.075816,2.547893,0.234439,-0.007186,3.329621,-0.070507,0.007618
4.885593,0.057791,1.452805,3.562682,0.010916,1.369581,2.840616,0.101200,1.333802,3.983093,0.174594,0.003908,3.767986,-0.182542,0.074732,2.548358,0.233778,-0.007004,3.331249,-0.070907,0.007136
4.901323,0.054831,1.451607,3.576203,0.011077,1.369183,2.854340,0.099786,1.331695,3.983357,0.173964,0.003723,3.812330,-0.180595,0.073055,2.548660,0.233165,-0.006709,3.331016,-0.071202,0.007362
4.916473,0.051803,1.450877,3.589592,0.011117,1.368678,2.868041,0.098219,1.329982,3.983299,0.173381,0.003646,3.857211,-0.178632,0.070875,2.548947,0.232724,-0.006125,3.330324,-0.071440,0.007583
4.930880,0.048685,1.450681,3.602736,0.010978,1.368042,2.881618,0.096492,1.328749,3.982821,0.172913,0.003667,3.902485,-0.176868,0.068306,2.549381,0.232598,-0.005027,3.329647,-0.071799,0.007513
4.944414,0.045653,1.451072,3.615558,0.010772,1.367268,2.894974,0.094791,1.328032,3.981841,0.172555,0.003672,3.948123,-0.175350,0.065500,2.550084,0.232735,-0.003350,3.328846,-0.072257,0.007190
4.957018,0.043017,1.452088,3.628037,0.010732,1.366364,2.908058,0.093473,1.327821,3.980360,0.172315,0.003553,3.994194,-0.173969,0.062584,2.551093,0.232816,-0.001227,3.327675,-0.072615,0.006759
4.968687,0.041009,1.453741,3.640207,0.011001,1.365346,2.920885,0.092849,1.328077,3.978480,0.172229,0.003322,4.040842,-0.172652,0.059597,2.552380,0.232477,0.001185,3.326037,-0.072698,0.006339
4.979503,0.039466,1.456026,3.652170,0.011381,1.364227,2.933539,0.092878,1.328753,3.976375,0.172255,0.003109,4.088258,-0.171597,0.056490,2.553964,0.232007,0.004072,3.324029,-0.072615,0.006021
4.989788,0.037862,1.458936,3.664175,0.011475,1.363021,2.946231,0.093234,1.329787,3.974352,0.172265,0.003041,4.136716,-0.171167,0.053196,2.556203,0.232853,0.008067,3.321928,-0.072666,0.005852
5.000526,0.036178,1.462447,3.677008,0.011560,1.361758,2.959688,0.094148,1.331105,3.973216,0.172624,0.003133,4.186932,-0.171067,0.049690,2.560371,0.236582,0.013513,3.320530,-0.072516,0.005785
5.011576,0.034040,1.466505,3.690240,0.011659,1.360481,2.973414,0.095497,1.332630,3.972484,0.173115,0.003292,4.238309,-0.171335,0.046023,2.566830,0.242091,0.019855,3.319457,-0.072218,0.005695
5.023091,0.031147,1.471031,3.703702,0.011857,1.359241,2.987194,0.097179,1.334286,3.971919,0.173469,0.003407,4.290478,-0.172032,0.042343,2.576260,0.247399,0.026442,3.318677,-0.071890,0.005520
5.035253,0.027245,1.475953,3.717311,0.012176,1.358080,3.000930,0.099029,1.336002,3.971446,0.173568,0.003424,4.343203,-0.173323,0.038928,2.589351,0.251773,0.033532,3.318231,-0.071709,0.005330
5.048070,0.022233,1.481229,3.731006,0.012543,1.357027,3.014567,0.100813,1.337724,3.971072,0.173480,0.003357,4.396262,-0.175406,0.036181,2.606599,0.255769,0.042107,3.318041,-0.071815,0.005230
5.061189,0.016418,1.486858,3.744739,0.012861,1.356088,3.028074,0.102315,1.339434,3.970817,0.173290,0.003247,4.449321,-0.178332,0.034483,2.628068,0.260038,0.052745,3.317976,-0.072205,0.005245
5.073807,0.010683,1.492840,3.758484,0.013084,1.355259,3.041450,0.103419,1.341142,3.970700,0.173018,0.003166,4.501805,-0.181929,0.033949,2.653163,0.264357,0.064615,3.317976,-0.072755,0.005319
5.084916,0.006249,1.499117,3.772236,0.013223,1.354531,3.054733,0.104121,1.342879,3.970718,0.172668,0.003177,4.552737,-0.185806,0.034240,2.680811,0.267840,0.075755,3.318032,-0.073321,0.005385
5.093900,0.003988,1.505549,3.786011,0.013319,1.353898,3.067992,0.104504,1.344681,3.970836,0.172272,0.003245,4.600652,-0.189475,0.034549,2.710194,0.269837,0.084318,3.318152,-0.073804,0.005412
5.100919,0.003907,1.511971,3.799817,0.013410,1.353356,3.081301,0.104679,1.346576,3.971021,0.171887,0.003267,4.643856,-0.192569,0.033921,2.741278,0.270404,0.089508,3.318376,-0.074159,0.005407
5.106671,0.005336,1.518298,3.813646,0.013513,1.352903,3.094686,0.104724,1.348567,3.971265,0.171601,0.003202,4.681064,-0.194973,0.031727,2.774502,0.270038,0.091618,3.318727,-0.074374,0.005370
5.112025,0.007341,1.524524,3.827481,0.013629,1.352544,3.108110,0.104685,1.350624,3.971556,0.171518,0.003121,4.712006,-0.196704,0.027927,2.810129,0.269134,0.091475,3.319130,-0.074425,0.005298
5.117942,0.008882,1.530651,3.841319,0.013764,1.352292,3.121540,0.104665,1.352696,3.971838,0.171688,0.003089,4.737408,-0.197723,0.023003,2.847991,0.267764,0.089835,3.319434,-0.074267,0.005207
5.125215,0.009112,1.536714,3.855164,0.013925,1.352168,3.135000,0.104852,1.354725,3.972039,0.172115,0.003087,4.758306,-0.197915,0.017761,2.887675,0.265838,0.087142,3.319539,-0.073844,0.005142
5.133999,0.007883,1.542798,3.869012,0.014090,1.352194,3.148524,0.105404,1.356665,3.972095,0.172823,0.003090,4.775296,-0.197194,0.013017,2.928809,0.263358,0.083660,3.319485,-0.073129,0.005148
5.143802,0.005731,1.548950,3.882834,0.014217,1.352388,3.162082,0.106345,1.358488,3.971962,0.173850,0.003116,4.788364,-0.195604,0.009253,2.971182,0.260476,0.079616,3.319327,-0.072127,0.005224
5.154070,0.003227,1.555103,3.896560,0.014257,1.352760,3.175575,0.107604,1.360180,3.971601,0.175203,0.003193,4.797356,-0.193354,0.006419,3.014672,0.257317,0.075175,3.318983,-0.070866,0.005324
5.164583,0.000500,1.561132,3.910059,0.014177,1.353317,3.188843,0.109057,1.361724,3.970892,0.176784,0.003317,4.802506,-0.190758,0.004215,3.059156,0.253888,0.070454,3.318254,-0.069425,0.005399
5.175033,-0.002455,1.566915,3.923052,0.013919,1.354066,3.201601,0.110519,1.363101,3.969516,0.178344,0.003422,4.804329,-0.188234,0.002565,3.104389,0.250200,0.065652,3.316818,-0.067972,0.005426
5.185811,-0.004882,1.572333,3.936397,0.013749,1.355007,3.214709,0.112132,1.364291,3.968305,0.179976,0.003448,4.804549,-0.185875,0.001558,3.151192,0.246797,0.061153,3.315515,-0.066336,0.005405
5.196436,-0.006102,1.577277,3.950148,0.013759,1.356132,3.228224,0.113878,1.365274,3.967333,0.181711,0.003397,4.803997,-0.183764,0.001084,3.199404,0.244139,0.057489,3.314489,-0.064461,0.005363
5.206817,-0.006160,1.581695,3.964135,0.013927,1.357429,3.241980,0.115653,1.366034,3.966492,0.183540,0.003307,4.803165,-0.181878,0.000885,3.248496,0.242374,0.055145,3.313779,-0.062443,0.005356
5.217324,-0.005646,1.585593,3.978174,0.014184,1.358886,3.255795,0.117338,1.366550,3.965695,0.185416,0.003258,4.802318,-0.180138,0.000746,3.297970,0.241435,0.054385,3.313291,-0.060570,0.005434
5.228289,-0.005093,1.589014,3.992126,0.014459,1.360479,3.269518,0.118872,1.366806,3.964977,0.187292,0.003426,4.801527,-0.178482,0.000519,3.347509,0.241322,0.055098,3.312800,-0.059143,0.005617
5.239821,-0.004755,1.592015,4.005898,0.014711,1.362177,3.283038,0.120270,1.366790,3.964554,0.189186,0.004161,4.800748,-0.176907,0.000172,3.396846,0.242022,0.056644,3.312146,-0.058156,0.005890
5.251938,-0.004658,1.594642,4.019496,0.014960,1.363936,3.296362,0.121633,1.366504,3.964847,0.191142,0.005912,4.799969,-0.175430,-0.000181,3.445581,0.243289,0.058037,3.311328,-0.057213,0.006164
5.264879,-0.004659,1.596907,4.033252,0.015310,1.365707,3.309842,0.123150,1.365963,3.966575,0.193153,0.008974,4.799499,-0.173969,-0.000420,3.493367,0.244822,0.058474,3.310674,-0.055877,0.006305
5.278454,-0.004786,1.598790,4.047081,0.015701,1.367444,3.323427,0.124815,1.365189,3.969978,0.195070,0.013413,4.799267,-0.172579,-0.000554,3.539448,0.246361,0.057680,3.310175,-0.054251,0.006256
5.292538,-0.005074,1.600265,4.060937,0.016090,1.369098,3.337108,0.126588,1.364207,3.975461,0.197029,0.019249,4.799268,-0.171301,-0.000674,3.583492,0.247908,0.055751,3.309901,-0.052638,0.006104
5.307050,-0.005554,1.601322,4.074795,0.016447,1.370617,3.350887,0.128378,1.363033,3.983680,0.199276,0.026550,4.799499,-0.170175,-0.000835,3.625817,0.249572,0.052856,3.309880,-0.051267,0.005977
5.321935,-0.006227,1.601974,4.088641,0.016758,1.371950,3.364764,0.130069,1.361677,3.995400,0.201934,0.035359,4.799942,-0.169246,-0.001027,3.667250,0.251638,0.049261,3.310152,-0.050241,0.005929
5.337164,-0.007083,1.602242,4.102462,0.017023,1.373048,3.378732,0.131555,1.360149,4.011262,0.205061,0.045647,4.800581,-0.168558,-0.001216,3.708607,0.254561,0.045497,3.310806,-0.049524,0.005952
5.352763,-0.008170,1.602146,4.116245,0.017243,1.373867,3.392779,0.132783,1.358457,4.031558,0.208469,0.057080,4.801405,-0.168131,-0.001378,3.750178,0.258651,0.042103,3.311853,-0.048984,0.006026
5.368802,-0.009570,1.601695,4.129989,0.017421,1.374378,3.406881,0.133797,1.356601,4.056053,0.211335,0.068693,4.802377,-0.167938,-0.001503,3.791595,0.263822,0.039121,3.313163,-0.048582,0.006119
5.385316,-0.011270,1.600891,4.143707,0.017572,1.374574,3.421012,0.134751,1.354571,4.084088,0.212794,0.079221,4.803414,-0.167938,-0.001595,3.832068,0.269770,0.036077,3.314507,-0.048439,0.006179
5.402250,-0.013118,1.599727,4.157407,0.017718,1.374479,3.435133,0.135820,1.352353,4.114851,0.212888,0.087895,4.804434,-0.168087,-0.001675,3.870770,0.276345,0.032395,3.315633,-0.048657,0.006184
5.419468,-0.014925,1.598203,4.171064,0.017867,1.374139,3.449190,0.137099,1.349936,4.147632,0.212289,0.094667,4.805384,-0.168323,-0.001758,3.907099,0.283597,0.027649,3.316357,-0.049219,0.006141
5.436775,-0.016586,1.596324,4.184603,0.018004,1.373609,3.463115,0.138563,1.347306,4.181894,0.211404,0.099847,4.806200,-0.168621,-0.001834,3.940611,0.291520,0.021637,3.316699,-0.050016,0.006053
5.453876,-0.018088,1.594101,4.197870,0.018092,1.372943,3.476787,0.140079,1.344448,4.217136,0.210114,0.103773,4.806742,-0.169061,-0.001870,3.970717,0.299733,0.014560,3.316857,-0.050818,0.005956
5.470271,-0.019481,1.591561,4.210542,0.018044,1.372185,3.489922,0.141426,1.341350,4.252782,0.208135,0.106743,4.806711,-0.169785,-0.001853,3.996393,0.307299,0.007247,3.316833,-0.051472,0.005949
5.485124,-0.020937,1.588761,4.221935,0.017659,1.371356,3.501865,0.142308,1.338024,4.288063,0.205273,0.109039,4.805441,-0.170976,-0.001811,4.016039,0.312891,0.000971,3.315883,-0.052296,0.006089
5.496896,-0.022931,1.585809,4.230563,0.016505,1.370462,3.511155,0.142298,1.334528,4.321531,0.201139,0.110853,4.801407,-0.173014,-0.001808,4.027346,0.315313,-0.003267,3.312149,-0.054090,0.006276
5.509247,-0.024424,1.582855,4.240065,0.015697,1.369500,3.521451,0.142585,1.330979,4.356856,0.196723,0.112215,4.798161,-0.174737,-0.001888,4.033619,0.315806,-0.005378,3.309000,-0.055902,0.006343
5.523087,-0.025335,1.580042,4.251327,0.015343,1.368469,3.533664,0.143387,1.327548,4.394859,0.191920,0.113057,4.796541,-0.175967,-0.002022,4.036375,0.315337,-0.006061,3.307356,-0.057396,0.006235
5.538114,-0.025823,1.577447,4.264063,0.015246,1.367372,3.547527,0.144590,1.324414,4.435059,0.186388,0.113295,4.796269,-0.176838,-0.002120,4.037048,0.314616,-0.006145,3.307055,-0.058452,0.006068
5.553603,-0.026016,1.575049,4.277599,0.015214,1.366217,3.562353,0.146046,1.321738,4.476602,0.180100,0.112953,4.796689,-0.177499,-0.002113,4.037018,0.314003,-0.006147,3.307460,-0.059112,0.006038
5.568934,-0.025960,1.572750,4.291378,0.015149,1.365020,3.577540,0.147662,1.319635,4.518936,0.173526,0.112248,4.797236,-0.178020,-0.002036,4.037065,0.313602,-0.006273,3.308068,-0.059485,0.006240
5.583797,-0.025662,1.570426,4.305144,0.015037,1.363805,3.592764,0.149404,1.318165,4.561865,0.167212,0.111417,4.797602,-0.178424,-0.002001,4.037310,0.313380,-0.006578,3.308677,-0.059712,0.006534
5.598123,-0.025162,1.567987,4.318847,0.014899,1.362603,3.607918,0.151245,1.317317,4.605312,0.161382,0.110518,4.797708,-0.178728,-0.002081,4.037586,0.313276,-0.006999,3.309206,-0.059932,0.006726
5.611956,-0.024573,1.565454,4.332512,0.014763,1.361445,3.622973,0.153115,1.317037,4.649190,0.156024,0.109485,4.797612,-0.178963,-0.002241,4.037712,0.313226,-0.007402,3.309698,-0.060222,0.006850
5.625393,-0.024095,1.563001,4.346162,0.014645,1.360352,3.637902,0.154887,1.317253,4.693380,0.151059,0.108220,4.797388,-0.179161,-0.002380,4.037591,0.313165,-0.007682,3.310387,-0.060596,0.007116
5.638549,-0.024003,1.560961,4.359801,0.014549,1.359335,3.652658,0.156410,1.317897,4.737823,0.146357,0.106565,4.797046,-0.179342,-0.002434,4.037255,0.313056,-0.007813,3.311571,-0.061068,0.007694
5.651546,-0.024565,1.559755,4.373422,0.014484,1.358400,3.667162,0.157554,1.318899,4.782588,0.141540,0.104175,4.796561,-0.179527,-0.002418,4.036794,0.312858,-0.007860,3.313440,-0.061598,0.008569
5.664471,-0.025947,1.559759,4.387019,0.014471,1.357548,3.681334,0.158249,1.320186,4.827788,0.135629,0.100373,4.795941,-0.179753,-0.002404,4.036256,0.312511,-0.007934,3.315975,-0.062018,0.009511
5.677345,-0.028164,1.561142,4.400595,0.014499,1.356776,3.695140,0.158491,1.321688,4.873484,0.127500,0.094458,4.795227,-0.180058,-0.002457,4.035649,0.312044,-0.008078,3.319042,-0.062373,0.010260
5.690094,-0.031027,1.563716,4.414162,0.014508,1.356081,3.708629,0.158339,1.323363,4.919739,0.117843,0.086740,4.794457,-0.180455,-0.002590,4.034995,0.311615,-0.008227,3.322576,-0.063158,0.010724
5.702564,-0.034073,1.566905,4.427741,0.014462,1.355460,3.721918,0.157936,1.325195,4.966666,0.110223,0.079025,4.793652,-0.180916,-0.002745,4.034335,0.311350,-0.008301,3.326716,-0.064665,0.010936
5.714624,-0.036704,1.569964,4.441364,0.014394,1.354914,3.735148,0.157497,1.327180,5.014321,0.107798,0.072925,4.792839,-0.181363,-0.002838,4.033657,0.311214,-0.008304,3.331862,-0.066322,0.011067
5.726308,-0.038569,1.572419,4.455048,0.014363,1.354448,3.748420,0.157204,1.329327,5.062579,0.108914,0.067739,4.792066,-0.181672,-0.002828,4.032913,0.311114,-0.008294,3.338488,-0.067085,0.011557
5.737868,-0.039865,1.574396,4.468780,0.014383,1.354064,3.761766,0.157101,1.331648,5.111194,0.109292,0.061617,4.791359,-0.181747,-0.002742,4.032102,0.311073,-0.008293,3.346908,-0.066127,0.013005
5.749661,-0.041173,1.576467,4.482534,0.014427,1.353758,3.775169,0.157112,1.334145,5.159937,0.108325,0.054608,4.790689,-0.181607,-0.002650,4.031282,0.311200,-0.008268,3.357512,-0.062984,0.015824
5.761925,-0.042995,1.579169,4.496302,0.014488,1.353525,3.788607,0.157148,1.336798,5.208585,0.108984,0.048604,4.789984,-0.181317,-0.002608,4.030505,0.311486,-0.008213,3.371046,-0.057566,0.019906
5.774643,-0.045457,1.582663,4.510099,0.014575,1.353364,3.802068,0.157149,1.339576,5.256852,0.112850,0.044929,4.789197,-0.180948,-0.002619,4.029773,0.311790,-0.008171,3.388317,-0.050385,0.024631
5.787581,-0.048358,1.586727,4.523932,0.014683,1.353282,3.815546,0.157058,1.342443,5.304256,0.118903,0.043545,4.788345,-0.180617,-0.002631,4.029070,0.312038,-0.008157,3.409656,-0.042628,0.029350
5.800430,-0.051358,1.590970,4.537795,0.014787,1.353292,3.829032,0.156805,1.345355,5.349736,0.125262,0.043482,4.787472,-0.180461,-0.002591,4.028383,0.312223,-0.008141,3.434812,-0.035774,0.033738
5.812950,-0.054155,1.595056,4.551675,0.014876,1.353409,3.842514,0.156347,1.348259,5.391298,0.130359,0.043218,4.786620,-0.180563,-0.002503,4.027703,0.312281,-0.008085,3.463218,-0.030969,0.037684
5.825022,-0.056563,1.598807,4.565561,0.014969,1.353644,3.855967,0.155683,1.351101,5.426477,0.133792,0.041376,4.785814,-0.180938,-0.002423,4.027019,0.312109,-0.007984,3.494339,-0.028504,0.041056
5.836651,-0.058534,1.602195,4.579455,0.015082,1.354006,3.869372,0.154839,1.353842,5.453500,0.136354,0.037278,4.785043,-0.181541,-0.002391,4.026328,0.311643,-0.007891,3.527887,-0.027843,0.043581
5.847945,-0.060134,1.605246,4.593368,0.015208,1.354510,3.882725,0.153826,1.356459,5.472063,0.138935,0.030966,4.784287,-0.182299,-0.002392,4.025622,0.310884,-0.007867,3.563817,-0.028166,0.044940
5.859100,-0.061519,1.607980,4.607314,0.015327,1.355175,3.896030,0.152647,1.358939,5.483183,0.141667,0.023191,4.783538,-0.183182,-0.002371,4.024878,0.309911,-0.007867,3.602166,-0.028912,0.045025
5.870397,-0.062909,1.610397,4.621294,0.015415,1.356007,3.909303,0.151332,1.361273,5.488642,0.144155,0.015457,4.782795,-0.184184,-0.002308,4.024086,0.308835,-0.007804,3.642950,-0.029993,0.044081
5.882176,-0.064571,1.612504,4.635289,0.015460,1.356990,3.922564,0.149948,1.363450,5.490562,0.146045,0.009512,4.782064,-0.185247,-0.002244,4.023277,0.307741,-0.007689,3.686114,-0.031658,0.042565
5.894794,-0.066782,1.614320,4.649284,0.015465,1.358087,3.935839,0.148562,1.365464,5.490977,0.147182,0.006245,4.781358,-0.186269,-0.002227,4.022475,0.306680,-0.007591,3.731428,-0.034143,0.040906
5.908516,-0.069728,1.615862,4.663281,0.015460,1.359258,3.949161,0.147220,1.367314,5.491217,0.147512,0.005158,4.780685,-0.187180,-0.002242,4.021660,0.305649,-0.007495,3.778392,-0.037413,0.039367
5.923351,-0.073364,1.617142,4.677293,0.015495,1.360473,3.962564,0.145932,1.369007,5.491547,0.147138,0.005133,4.780027,-0.187998,-0.002226,4.020807,0.304623,-0.007337,3.826380,-0.041280,0.038031
5.938985,-0.077366,1.618156,4.691329,0.015597,1.361712,3.976074,0.144679,1.370540,5.491623,0.146403,0.005376,4.779344,-0.188809,-0.002147,4.019915,0.303626,-0.007130,3.874941,-0.045710,0.036874
5.954898,-0.081261,1.618891,4.705373,0.015751,1.362966,3.989683,0.143426,1.371890,5.491268,0.145745,0.005595,4.778610,-0.189679,-0.002027,4.019003,0.302721,-0.006946,3.923833,-0.050849,0.035827
5.970599,-0.084639,1.619331,4.719379,0.015936,1.364233,4.003337,0.142151,1.373022,5.490624,0.145372,0.005749,4.777862,-0.190602,-0.001884,4.018102,0.301930,-0.006808,3.972893,-0.056756,0.034834
5.985789,-0.087272,1.619451,4.733280,0.016151,1.365505,4.016950,0.140853,1.373910,5.489835,0.145070,0.005775,4.777198,-0.191514,-0.001662,4.017211,0.301177,-0.006706,4.022029,-0.063300,0.033914
6.000309,-0.089027,1.619194,4.747014,0.016414,1.366773,4.030417,0.139541,1.374547,5.488891,0.144457,0.005548,4.776737,-0.192334,-0.001219,4.016322,0.300282,-0.006663,4.071228,-0.070344,0.033199
6.013956,-0.089718,1.618469,4.760551,0.016691,1.368021,4.043651,0.138177,1.374939,5.487804,0.143502,0.005126,4.776583,-0.193026,-0.000349,4.015431,0.299176,-0.006649,4.120494,-0.077826,0.032863
6.026486,-0.089109,1.617167,4.773921,0.016875,1.369235,4.056630,0.136650,1.375104,5.486735,0.142528,0.004749,4.776837,-0.193617,0.001116,4.014511,0.298084,-0.006541,4.169780,-0.085581,0.032984
6.037970,-0.087158,1.615218,4.787242,0.016919,1.370398,4.069447,0.134934,1.375053,5.485894,0.141693,0.004529,4.777658,-0.194137,0.003245,4.013653,0.297179,-0.006346,4.218919,-0.093220,0.033499
6.048924,-0.084324,1.612621,4.800494,0.016901,1.371495,4.082088,0.133180,1.374776,5.485237,0.140877,0.004366,4.779178,-0.194536,0.006044,4.012939,0.296365,-0.006209,4.267381,-0.100300,0.034203
6.060600,-0.081385,1.609412,4.814047,0.016957,1.372506,4.094952,0.131608,1.374235,5.485097,0.140111,0.004183,4.782107,-0.194629,0.009535,4.012787,0.295695,-0.006185,4.314899,-0.106526,0.034751
6.073236,-0.078908,1.605606,4.827678,0.016985,1.373402,4.107858,0.130161,1.373367,5.485259,0.139513,0.004039,4.786707,-0.194383,0.013826,4.012895,0.295189,-0.006235,4.360698,-0.112026,0.034681
6.086523,-0.076696,1.601207,4.841321,0.016906,1.374146,4.120780,0.128765,1.372127,5.485656,0.139188,0.003977,4.793518,-0.193793,0.019163,4.013167,0.294814,-0.006329,4.404560,-0.117021,0.033617
6.100135,-0.074433,1.596276,4.854951,0.016699,1.374710,4.133739,0.127390,1.370519,5.486247,0.139045,0.003949,4.803300,-0.192914,0.025812,4.013620,0.294615,-0.006402,4.446873,-0.121706,0.031611
6.114278,-0.072307,1.590955,4.868560,0.016387,1.375076,4.146780,0.126040,1.368583,5.487022,0.138946,0.003928,4.816918,-0.191890,0.033742,4.014263,0.294741,-0.006369,4.488332,-0.126200,0.029217
6.129604,-0.070891,1.585441,4.882161,0.016079,1.375236,4.159961,0.124764,1.366367,5.487956,0.138812,0.003900,4.834995,-0.190919,0.042399,4.015093,0.295214,-0.006215,4.529401,-0.130458,0.027167
6.146843,-0.070822,1.579938,4.895777,0.015924,1.375192,4.173316,0.123615,1.363897,5.488995,0.138647,0.003825,4.857634,-0.190216,0.050894,4.016082,0.295852,-0.006050,4.569965,-0.134257,0.025986
6.166510,-0.072669,1.574628,4.909400,0.015985,1.374953,4.186798,0.122551,1.361198,5.490127,0.138623,0.003736,4.884449,-0.189992,0.058459,4.017189,0.296399,-0.006052,4.609299,-0.137375,0.025784
6.188764,-0.076854,1.569632,4.922996,0.016171,1.374541,4.200316,0.121444,1.358298,5.491384,0.138936,0.003731,4.914802,-0.190429,0.064729,4.018392,0.296766,-0.006270,4.646332,-0.139766,0.026175
6.213400,-0.083462,1.564997,4.936561,0.016332,1.373982,4.213829,0.120173,1.355224,5.492735,0.139517,0.003826,4.948017,-0.191542,0.069704,4.019680,0.297136,-0.006518,4.680075,-0.141439,0.026384
6.239887,-0.092091,1.560678,4.950156,0.016380,1.373306,4.227388,0.118701,1.351990,5.494084,0.140104,0.003928,4.983508,-0.193101,0.073566,4.020986,0.297721,-0.006574,4.709964,-0.142235,0.025583
6.267363,-0.101870,1.556555,4.963839,0.016317,1.372543,4.241050,0.117050,1.348598,5.495382,0.140617,0.003984,5.020801,-0.194740,0.076498,4.022189,0.298464,-0.006423,4.735836,-0.141909,0.023243
6.294660,-0.111595,1.552451,4.977593,0.016200,1.371725,4.254808,0.115293,1.345065,5.496638,0.141190,0.004016,5.059541,-0.196129,0.078578,4.023276,0.299142,-0.006192,4.757510,-0.140466,0.019357
6.320456,-0.119899,1.548167,4.991342,0.016116,1.370872,4.268607,0.113526,1.341445,5.497840,0.141842,0.004004,5.099517,-0.197079,0.079814,4.024364,0.299679,-0.005996,4.774363,-0.138408,0.014637
6.343531,-0.125484,1.543528,5.005043,0.016149,1.369997,4.282423,0.111815,1.337828,5.498938,0.142441,0.003889,5.140633,-0.197532,0.080231,4.025504,0.300145,-0.005940,4.785584,-0.136469,0.010440
6.362993,-0.127412,1.538432,5.018713,0.016334,1.369101,4.296275,0.110144,1.334327,5.499880,0.142938,0.003688,5.182831,-0.197504,0.079907,4.026617,0.300557,-0.006106,4.791224,-0.134997,0.007944
6.378490,-0.125433,1.532922,5.032371,0.016624,1.368181,4.310181,0.108425,1.331079,5.500645,0.143415,0.003481,5.225998,-0.197042,0.078940,4.027586,0.300897,-0.006396,4.792841,-0.133847,0.007233
6.390421,-0.120219,1.527232,5.046010,0.016914,1.367222,4.324139,0.106540,1.328245,5.501224,0.143922,0.003336,5.269949,-0.196245,0.077442,4.028309,0.301261,-0.006513,4.792682,-0.132898,0.007446
6.399989,-0.113357,1.521785,5.059584,0.017113,1.366207,4.338108,0.104406,1.325971,5.501580,0.144450,0.003267,5.314469,-0.195259,0.075534,4.028735,0.301794,-0.006188,4.792297,-0.132229,0.007690
6.408825,-0.106836,1.517066,5.073022,0.017198,1.365126,4.352010,0.102060,1.324356,5.501638,0.145042,0.003246,5.359370,-0.194256,0.073329,4.028916,0.302521,-0.005340,4.792088,-0.131823,0.007588
6.418216,-0.102149,1.513397,5.086252,0.017222,1.363978,4.365775,0.099703,1.323450,5.501263,0.145740,0.003204,5.404533,-0.193350,0.070886,4.028991,0.303387,-0.004006,4.791809,-0.131484,0.007187
6.428559,-0.099695,1.510821,5.099221,0.017268,1.362758,4.379359,0.097654,1.323251,5.500306,0.146495,0.003070,5.449891,-0.192544,0.068228,4.029148,0.304437,-0.002156,4.791115,-0.131031,0.006688
6.439505,-0.098994,1.509179,5.111892,0.017393,1.361470,4.392737,0.096230,1.323711,5.498715,0.147277,0.002848,5.495406,-0.191779,0.065396,4.029580,0.305758,0.000289,4.789790,-0.130399,0.006264
6.450524,-0.099300,1.508280,5.124293,0.017612,1.360121,4.405919,0.095614,1.324736,5.496617,0.148185,0.002627,5.541108,-0.191018,0.062459,4.030460,0.307299,0.003307,4.787854,-0.129566,0.005987
6.461400,-0.100052,1.507973,5.136645,0.017903,1.358722,4.419066,0.095800,1.326194,5.494369,0.149364,0.002499,5.587257,-0.190317,0.059454,4.032006,0.308902,0.006848,4.785690,-0.128488,0.005843
6.472621,-0.100971,1.508161,5.149663,0.018221,1.357284,4.432814,0.096628,1.327947,5.492818,0.150855,0.002472,5.634656,-0.189845,0.056357,4.034898,0.310510,0.011013,4.784207,-0.127176,0.005798
6.483677,-0.101913,1.508768,5.162930,0.018523,1.355827,4.446680,0.097893,1.329873,5.491671,0.152503,0.002475,5.682977,-0.189750,0.053104,4.039021,0.312484,0.016096,4.783077,-0.125729,0.005808
6.494290,-0.102658,1.509718,5.176282,0.018828,1.354379,4.460443,0.099455,1.331862,5.490809,0.154131,0.002445,5.732056,-0.189996,0.049635,4.044932,0.315395,0.022344,4.782107,-0.124197,0.005806
6.504218,-0.102953,1.510952,5.189685,0.019134,1.352980,4.474026,0.101147,1.333802,5.490139,0.155686,0.002407,5.781768,-0.190528,0.045958,4.053494,0.318926,0.029627,4.781250,-0.122648,0.005749
6.513173,-0.102519,1.512429,5.203149,0.019405,1.351673,4.487406,0.102752,1.335602,5.489615,0.157202,0.002416,5.832049,-0.191415,0.042200,4.065607,0.321957,0.037685,4.780566,-0.121204,0.005650
6.520843,-0.101049,1.514129,5.216683,0.019618,1.350496,4.500591,0.104105,1.337237,5.489252,0.158669,0.002471,5.882914,-0.192773,0.038629,4.081935,0.324034,0.046618,4.780100,-0.119933,0.005564
6.527065,-0.098348,1.516059,5.230297,0.019776,1.349475,4.513632,0.105148,1.338756,5.489051,0.160041,0.002541,5.934360,-0.194605,0.035601,4.102530,0.325491,0.056512,4.779860,-0.118783,0.005535
6.532019,-0.094532,1.518257,5.244004,0.019899,1.348620,4.526614,0.105887,1.340237,5.488974,0.161297,0.002595,5.986180,-0.196749,0.033431,4.126634,0.326319,0.066759,4.779850,-0.117646,0.005545
6.536290,-0.090097,1.520782,5.257806,0.020019,1.347929,4.539624,0.106332,1.341763,5.488991,0.162437,0.002597,6.037707,-0.198900,0.032251,4.153004,0.326096,0.076297,4.780042,-0.116455,0.005534
6.540796,-0.085849,1.523698,5.271686,0.020163,1.347392,4.552744,0.106506,1.343425,5.489090,0.163496,0.002517,6.087639,-0.200680,0.031907,4.180694,0.324581,0.084324,4.780365,-0.115191,0.005476
6.546601,-0.082754,1.527059,5.285615,0.020331,1.346999,4.566037,0.106472,1.345284,5.489259,0.164568,0.002392,6.134223,-0.201818,0.031945,4.209588,0.321907,0.090553,4.780748,-0.113840,0.005410
6.554671,-0.081715,1.530900,5.299556,0.020497,1.346745,4.579549,0.106334,1.347350,5.489479,0.165779,0.002304,6.175774,-0.202240,0.031655,4.240134,0.318454,0.094995,4.781161,-0.112389,0.005392
6.565564,-0.083278,1.535215,5.313460,0.020630,1.346631,4.593284,0.106206,1.349595,5.489725,0.167220,0.002296,6.211228,-0.201942,0.030265,4.272688,0.314543,0.097637,4.781577,-0.110853,0.005435
6.579122,-0.087297,1.539926,5.327268,0.020728,1.346661,4.607197,0.106182,1.351970,5.489934,0.168894,0.002328,6.240317,-0.200918,0.027336,4.307217,0.310242,0.098379,4.781890,-0.109274,0.005480
6.594259,-0.092714,1.544844,5.340890,0.020818,1.346842,4.621172,0.106334,1.354411,5.489955,0.170724,0.002339,6.263269,-0.199228,0.023067,4.343483,0.305529,0.097218,4.781907,-0.107655,0.005473
6.609078,-0.097769,1.549672,5.354129,0.020927,1.347170,4.634934,0.106684,1.356827,5.489505,0.172632,0.002324,6.280385,-0.196982,0.018173,4.381235,0.300483,0.094398,4.781386,-0.105941,0.005424
6.621588,-0.100938,1.554129,5.366533,0.021059,1.347633,4.647882,0.107189,1.359091,5.488030,0.174580,0.002322,6.291743,-0.194233,0.013425,4.420034,0.295245,0.090367,4.779883,-0.104079,0.005387
6.630595,-0.102262,1.558219,5.377061,0.021190,1.348209,4.658791,0.107756,1.361092,5.484418,0.176569,0.002361,6.296990,-0.191019,0.009294,4.458756,0.289906,0.085661,4.776292,-0.102075,0.005400
